1.0,0.10384275105698956,0.006944165317659905,-0.0942843222350111,-0.03289736829235513,-0.04817807430239704,0.02436550978534104,0.007791217390127351,0.0016352598334375534,-0.09501815233227763,0.2345328910148898,0.07639147375966913,0.009001619248720285,-0.07633317411092157,0.14373984759707764,-0.05083749691114212,0.1557460185478659,0.009692194366355591,0.20942354410251413,0.04354555879262652,-0.27680313632530706,-0.022320676439682954,0.1677744430584567,0.11899695429196347,-0.13022464797356584,-0.18669445057489742,0.14910609690554846,0.02967142999299068,0.16098358374709787,0.06780356364812723,-0.007979083022809894,0.042042328845320893,0.07276394739725947,0.14082328216916862,-0.07280678008898782,-0.2387982372076304,-0.17467850159629497,-0.11526514775962851,-0.2887091329418105,-0.07745903457919696,0.0013092484752373014,-0.14941633735204024,-0.2851679296734406,-0.25039129759209233,-0.262924998945152,-0.3375542621290581,-0.33795406294829483,-0.28919651650278894,-0.06455071571634545,-0.2137978226108138,-0.21084191599037527,-0.18436577220403919,0.06404015786625483,-0.1298241539794249,-0.10955839768684815,-0.14642189770576922,0.27089685737522085,0.0885503965767843,0.32354341088428606,0.18716162290856247,0.32554780638988196,0.3783415030041675,0.023313109891183313,0.150025522317978,-0.1562194577567492,0.03748321153097296,-0.0007728664319728598,-0.15909444696162692,-0.0981217897035822,-0.055730293553576865,0.044579838231589904,-0.10836858652352271,0.04733507196841065,-0.1557716656979733,-0.1845475814287491,-0.0618261416639178,0.056763948629835304,0.14047836029845442,0.04504308614493556,-0.04908965245957407,-0.05897829708503282,-0.08396920347128943,0.2207561823147113,0.023556601862115806,-0.1538067799599993,-0.06937203566983266,0.0760232711667343,0.18762933609422142,0.2363944949752076,-0.09886491375227344,0.05202425044302517,0.05029731681423466,0.11288970257615276,0.4014999794724838,0.0859984151765538,0.14742475632375301,-0.2078703985459206,0.1590165101095743,-0.006688708978180831,0.12130655766895357,0.3401588228560637,0.2683175665085101,0.33939408230471985,0.04153939648053181,0.0493829043413952,-0.1592850839072376,0.2736789545351571,0.17581919369988394,0.25647856470567704,0.21566103365307632,-0.30809938994332503,-0.3158775729198933,-0.06548230816636724,0.12042235994162842,0.1208131646169988,0.05390734833800995
0.10384275105698956,1.0,-0.11873817435391067,-0.1419394941983495,-0.42030063233632076,-0.3462836248161476,-0.21123212147838652,0.10445962230635998,-0.3718673879128845,-0.32238224410741484,-0.14140422201506103,0.028777583569893076,-0.09146091193686617,0.11430446303243248,-0.29453107398064776,-0.16342654768202053,-0.0934908535212976,0.08141062542605382,0.007431591780972956,0.2805122448153878,-0.04282264764481211,-0.17692549191474924,-0.1676393552844233,-0.18452305354950702,-0.3960175390585064,-0.3982341069820204,-0.2922960560724581,-0.38519808628930685,-0.44061936856348655,-0.2771189123858283,-0.25425528336383557,-0.3439053003147255,0.08321748028678484,-0.1610929169255261,-0.10904283917786717,0.18727130777589515,-0.21162848835968523,-0.29657167871236517,-0.16572664120849417,-0.006588140869015079,-0.07819807349765955,-0.2990331282975282,-0.23215324770575252,-0.12278404962289322,0.06599559446311896,0.10684634151700012,-0.08769498471518206,-0.12558580371894867,0.1484858605697087,0.032723451647559146,0.25896490320308735,0.046836788428997675,0.30317438288724785,0.15043770155494163,0.11050325072641658,-0.031080609311267667,0.20553368611580464,0.5039718908424683,0.3148332641358349,0.4254454349174638,0.01445061687837203,0.366643966208041,-0.02379278214192932,0.21186169718312592,-0.17554881447351214,0.04959817342707932,0.28187275659864997,0.2555157695107232,0.4813772407216208,0.401912379155541,-0.2198611284934418,-0.3464137113717255,-0.2749688766498298,-0.5533473629173338,-0.08479833349599236,-0.3273322582945655,-0.3921267287236284,-0.395021370337092,-0.0652669334467077,-0.16425851128088378,0.0175863761595964,-0.05145173566758383,-0.0906865499401298,-0.1562388495547358,-0.28437627416048034,-0.052119514971168034,0.39086229613407053,0.027221156080803024,0.08324574935391163,0.17594589694612986,0.3073424678460424,0.33618337410602706,-0.03502068955734504,-0.0829289992532472,-0.14933472861071972,-0.02989681420835395,0.03796251784577201,0.07089806273142571,0.15848547686221418,0.09338393797881134,-0.15060825718340012,-0.0969217958647945,-0.12882150282122876,0.0149379498475651,-0.0525590968923163,-0.06198658093072069,0.14113638536975637,0.04259349032770337,-0.17034199323838747,-0.0686457677155446,0.08549776176324266,0.1253461966011104,0.1638674624007716,0.09972881057362293,0.12300343781125624,0.0017159650628225222
0.006944165317659905,-0.11873817435391067,1.0,0.2603633786185544,0.38662116436546035,0.022771109380062285,0.6280885631691574,0.45990595967484493,0.2166184805300072,0.04976062606012567,0.27470110448808976,-0.22993901950842707,0.1837797606964787,-0.08867760005459956,0.2018827433645904,0.03866887652333122,-0.48537578914675095,-0.3931929157215898,0.25765974797777846,-0.15944710160006223,-0.019011084620931804,0.2468893287423987,0.44606659267905885,0.33541131705234095,0.3257234319683703,0.0985528392006246,0.23010178389530433,0.2370347699508607,0.010117600710231609,-0.3867914591304483,0.1299360883002816,0.08811557414968152,-0.19927682937533214,-0.09204052013312392,0.06082022655799699,-0.013692571764762542,0.11563055487582322,-0.14969280019324058,-0.05110765105014198,0.0448069150755472,-0.05119679741787068,0.04232160439005676,-0.25269280343835115,-0.29770473630124333,-0.26346119275300284,-0.24876560492014227,-0.1886140931794765,-0.2476101158662899,-0.07406449234060174,-0.3567875025285917,0.06715966906074738,-0.1297212945055462,-0.025055235502200863,-0.1362519718137703,-0.11808760897604478,-0.4696643749714637,-0.5146213700578487,-0.3039102807438779,0.2223455976949748,0.05810488005345711,0.10405592742733512,-0.1990008109963397,-0.024875167902560228,-0.2938940046490592,0.23625875901496107,0.1760739674910442,0.3464528376967344,0.15944113505398627,-0.027985209960575623,-0.09636408150840484,0.05467700415108084,-0.013737662853074721,-0.14985128487124338,-0.01541166797371158,-0.18589952199432774,-0.17318128890646406,0.07750342868527732,0.033870777727557214,-0.5314882823121834,-0.5040681169626846,-0.44554814298280115,-0.3665763264064252,0.0837020122937745,-0.061326667858632194,-0.07106325759878894,-0.03880729213670864,0.08231383090469355,-0.14374332440626858,0.23444639512839296,-0.031051761500550244,-0.08060496762776383,-0.02431107691460572,0.017827733003719076,0.24491941578294932,0.08543505227092744,-0.26723186264534055,-0.24755479839452216,-0.28856657522317974,-0.2682338385805372,-0.5119552004468404,-0.1874989808721497,0.05999848836738654,-0.16156549578124285,0.0891887185712523,0.19663760860952,0.030861596465502524,-0.11841895157707107,0.06421212906279337,-0.13799277904306245,-0.14697333542076962,-0.001089128016999205,-0.4050963307574021,-0.05844029903641893,-0.10350281499089935,0.05568226292262076,-0.24416952332106712
-0.0942843222350111,-0.1419394941983495,0.2603633786185544,1.0,0.07658221077839744,0.3421650979492715,0.15606142827710248,0.5119230806863517,-0.06079877245506872,0.12491239584918559,0.02318451636533129,0.0736810153141904,-0.07313282840837707,0.056812272641061194,0.018594584214047166,0.15945430945976002,0.012448088247467846,-0.17592084287249884,0.3277063488829241,0.19255996926595054,-0.12875033258473884,0.09156951983931688,0.08953274960077155,0.26261068577074853,0.08338934666703644,0.2983365397734466,0.2650347003694195,0.2455139088109387,0.04050634355656085,-0.020447913772006818,0.16971716743916615,0.20319617038587903,-0.024421802801519094,0.2707130901786374,0.11832871908794797,-0.2088286158392502,-0.14943707805611933,-0.3649342765567612,-0.1906659078039854,-0.06891191235135066,0.0205355906655332,0.1881907995605562,-0.11267332017921283,-0.11705490639397645,-0.3896387520398912,-0.2799375453260592,-0.1974375374990678,-0.13845292725990022,-0.48913305643299526,-0.27646153766838094,-0.31690732993986465,-0.30337690115838734,-0.33280316930932047,-0.34708870018567256,-0.2229637530710281,-0.32204944028652516,-0.13412946735229891,-0.15078922433741787,-0.27417851657613707,-0.3472498328127315,0.07584619382346246,-0.03086127386032076,-0.16288014086030986,-0.4930133892498911,0.47494811090363304,0.3382863370508978,-0.3247884562016045,-0.18552703481033905,-0.06631357114730906,-0.1127525487883128,0.06838959058329719,-0.04291926402597257,-0.07764580024315924,-0.11260280502711562,0.015189059249951823,-0.048737075674677034,0.08699952006820635,0.10001603323323745,-0.09511346161045288,-0.2635889078756492,0.03888417315084116,0.04354979883096974,-0.009321798012706571,0.2798476361160728,0.10792520389729918,0.2859781958544501,-0.07710733421251628,-0.012528481324914176,-0.00250882874072516,0.16500406846981813,-0.18228600262732692,-0.23826351660775025,0.19862429238316076,0.0038111609654214343,0.08763520267482887,0.21138399842849984,-0.0894303087804326,0.04440152527165878,-0.2701993733141224,-0.10669768188857044,0.1257397190549402,0.17270977761807565,0.12324276858795806,-0.05029218297973748,0.005344711153766456,-0.05124475828104612,0.10187850513043283,-0.07546122998658898,0.06488380643962671,0.1327877340087219,-0.10000905624951928,-0.25926987207796315,-0.27927579469350033,0.07321454354859315,0.031763568018105336,-0.2878590592287168
-0.03289736829235513,-0.42030063233632076,0.38662116436546035,0.07658221077839744,1.0,0.40008136375023934,0.4104867027600477,0.11721651179491807,0.7972906029651665,0.47024603751518146,0.18135706862773926,-0.1672988749530345,-0.019265272432081162,-0.10526161369207503,0.598100078607461,0.34395820450913894,-0.27648464189182254,-0.36420972875045493,0.26499268194379366,-0.2532104351370615,0.034793977950181236,-0.013476118272647983,0.2581377625054051,0.2869596125953601,0.5474638294115292,0.2961023029496411,0.4559010410653866,0.4299489016955946,0.4072308886510854,-0.12629679249647258,0.035132235690531796,0.1676410883137175,-0.24458589144386284,0.06587392013132978,0.19419496567469996,-0.1857798934733357,0.17723743639125827,0.1364682610671757,-0.11420092352114151,-0.20608460399120573,-0.05419736023791347,-0.07817054569200846,0.2693140871040191,0.18351858356968873,-0.15672767239703922,-0.17762351081583339,0.028347404680818804,0.11730446285729759,-0.06152340487044556,-0.10203825749089922,-0.05626267567790986,-0.13417683218008755,-0.1279987061236957,-0.08059519300439459,-0.12119497070811584,-0.12855399747052088,-0.488851045391921,-0.5508539260739764,0.026056777020610804,-0.2984686201099468,0.22170549929511577,-0.12029843032597527,0.08080890637947447,-0.2674234220905214,-0.01181687898716773,-0.022834086683449946,-0.11591508389034015,-0.18997229392193718,-0.20944104202908012,-0.40650282534255777,0.3260099440847503,0.23884440249349095,0.25641864720984103,0.33026314307075755,-0.12960049602649296,0.2515124793931104,0.37582624709620255,0.32754236351765437,-0.3904939023084767,-0.017713227666695485,-0.3350622300741425,-0.35800686641677104,0.46722696089972743,0.2221176743527773,0.10806022924028365,0.024714565356152473,-0.10286287692374334,-0.03359198717780075,0.16277615551674277,0.12450983822800192,-0.09754379578669452,-0.08138775991377253,0.07036972120256262,0.18875105492852817,0.17495985569716804,-0.2214664448927852,-0.24932402413830665,-0.1993921443628984,-0.1732928503795513,-0.11072354329734176,-0.03394233459994458,0.1979772373012907,0.03716059759880876,-0.07380775978916121,0.07946634338899418,-0.09506225600988168,-0.013472448417703401,-0.10838581773968221,0.1868005500057702,-0.24617559510777406,-0.17992258788646784,-0.22379321136653516,0.19250140255926423,-0.014981659777726503,0.036602717979534995,-0.1455066220759904
-0.04817807430239704,-0.3462836248161476,0.022771109380062285,0.3421650979492715,0.40008136375023934,1.0,-0.15082569013840008,-0.10083822077363849,0.33777077580351045,0.36061720252452956,0.17959496839743838,0.07979656263740498,-0.13910527700819764,-0.251701742910764,0.4527368313456985,0.3343112705108223,0.060016654968978726,-0.10196937077482009,0.17977041682403164,0.10127802299451895,0.09051286823557086,0.15467925960020062,0.29975454416579933,0.27105895795739854,0.3664758731625661,0.7266063738212869,0.7799330828609351,0.7978468854628299,0.2245732161604555,0.1918011224852414,0.04830173445122106,0.20656569657485255,-0.2197486907394664,0.047859679076229907,0.21345107898119903,-0.07588584623951779,-0.0538137523026766,0.06194310959846336,-0.050720328392808385,-0.025714091518520988,0.044456645078381624,0.13959201179201078,0.14865588175534514,0.10620446980941381,-0.32484407957999756,-0.13127664517312235,-0.013771352593020557,0.05993760115194998,-0.39224799469135074,-0.20766212381744867,-0.32191434087842435,-0.25120769037592217,-0.2143103795145446,-0.1733237180716674,-0.015127415443151982,0.026737156161746996,-0.042338304673447055,-0.20129573137974185,-0.2107820589668941,-0.40691101498348137,-0.14976767874945215,-0.19494303358296036,-0.15086326934591116,-0.3182767715904175,-0.02452120653598112,-0.15218198357031043,-0.35351780832737756,-0.2115083784461857,-0.06826605392569851,-0.0055063744788289215,0.3446985966803808,0.20383545029853076,-0.009553309411205886,0.3233719101602818,-0.2073369221812946,0.30902177322676444,0.2437306585145884,0.37115780743868027,0.0026983794821530405,0.17142176304633505,-0.029506543861867827,0.046075982116525666,0.361023110699998,0.3571213947117004,0.14924049202765732,0.08882357125066534,0.013395024323803196,0.17922568271994876,0.26351736767764533,0.2957648825809472,-0.24681810607876722,-0.24537781352485027,-0.03249511962215149,-0.06029260860426666,0.013069902349864049,0.31347470593193694,-0.002806132635153479,0.10487624412951325,-0.16049344816715866,0.2038647262987876,0.07815738728380957,-0.05106341962315573,0.07615563913141973,-0.15791642413998647,-0.08860217682897359,-0.19050379972117226,0.0885286640783729,-0.1569331838883726,0.337819139761315,0.12776725485226845,0.048146703930317336,-0.17407122484936,-0.21238318139723775,0.009007554299270575,-0.005623284355428524,-0.14480213689804977
0.02436550978534104,-0.21123212147838652,0.6280885631691574,0.15606142827710248,0.4104867027600477,-0.15082569013840008,1.0,0.6018975001408928,0.312541071877917,0.07835546578224248,0.10248483851155796,-0.117034146700753,0.1995654829138652,0.11513039223338745,0.15221701995081896,0.12230018706832192,-0.39418604534005897,-0.3998003220751748,0.07857959887091177,-0.38839666876190315,-0.1338186671626649,0.10044982449118306,0.13315012356753142,0.19865858516547372,0.05648999929957128,-0.18703878603854504,0.14254685501123485,0.05434566220256217,0.027966823303352605,-0.28320806728990855,0.1151116410638756,0.14652396365663364,-0.14003052821472786,0.04645630667686789,-0.06909137580310255,-0.31471539695243467,0.13625251272219457,-0.15695089701321163,-0.1311611076562757,0.10397582709662252,-0.10129203101563411,0.030387983686325566,0.04919290927168749,-0.10973502165847204,-0.06883657628765884,-0.1821102267935505,-0.023305862253964506,0.0036407844641519,0.08138109618929344,-0.06137508673135433,-0.14812770553594545,0.018087176518312837,-0.1658349816902047,-0.05760724811175529,-0.31261276317148196,-0.33144382613095263,-0.4300360276651032,-0.394822672343039,0.03523458548093948,-0.08425479092306438,0.2875342671154521,-0.1295220470113068,0.038213611155978114,-0.21753229511324088,0.105682019570133,0.11079248012921508,0.08463967896793335,-0.08283615147185287,-0.18541906863435104,-0.3816643804725009,-0.00466102867242698,-0.12306854429103153,-0.08225664725124128,-0.0588634955899151,-0.17310229132053226,-0.28671075749232827,0.00784327652029047,-0.036330363507339744,-0.4792755272219688,-0.4689289803449645,-0.34902245066060017,-0.3511158644247833,0.14728236844411935,0.1708203627242606,-0.09769287494145523,-0.006895511436119245,-0.11934496378927328,-0.08733445404884459,0.025545513277343723,-0.11014663424791162,0.01921990942816743,0.028941619701057342,0.13961595715399464,0.2718387513774833,0.17967059130690552,-0.30566744638672255,-0.31598331720992484,-0.33964329694145307,-0.1613263721781395,-0.38626010189853205,-0.17511272676455997,0.21223168328314973,-0.04497763831577984,0.11162672708779588,0.25502011973385874,0.09927186198333195,-0.11787911968306546,0.1156640019817346,-0.11354158033081059,-0.22168960927418427,-0.21660639747838675,-0.3715865561812845,0.14980137013881115,-0.12254225552376422,0.042617259360823785,-0.17469974393575036
0.007791217390127351,0.10445962230635998,0.45990595967484493,0.5119230806863517,0.11721651179491807,-0.10083822077363849,0.6018975001408928,1.0,0.06070483198207588,0.18882494980297768,-0.05684316165871603,0.11884585474588119,0.06290004156385183,0.26269522138882845,-0.18265706161298417,0.12854520262291214,-0.19206417161050438,-0.3135342816935853,0.07213117335407233,-0.12687801071776086,-0.17914318283580566,0.08279195569545418,-0.16308871788241577,-0.09575873043146294,-0.23285376992223242,-0.282521457630273,0.027503754153149103,-0.14148843453729473,-0.18064492009055766,-0.22032148370749496,-0.011027258257219865,-0.07991823690639126,0.1084913186804669,0.17534843098035005,-0.12561069270983824,-0.29416064900151767,-0.14226642410112425,-0.3846854360561369,-0.2467051362953647,0.10713694265858424,-0.04280130859757584,-0.15032315001865912,-0.12259821181330965,-0.18137567596599022,-0.1273119976164901,-0.21021838568710852,-0.11428165472685742,-0.19123896245558436,-0.10785564441645261,-0.044848784924632144,-0.20737714917421785,-0.12434382213364956,-0.253433543570461,-0.3400955963402484,-0.24781953724267808,-0.36041593328520927,-0.21686126411443055,-0.13411017623439705,-0.01916597336144652,-0.06468682638768787,0.4005120627248229,0.15579436550802664,0.019170776197049575,-0.3077615283065792,0.3429428858338576,0.4911761907953615,-0.027005637290082943,-0.1225591179411827,-0.15444594540429685,-0.1669473587256351,0.03260361174013462,-0.09419450707195409,-0.2864711752711086,-0.26947677010001236,-0.3016443951343141,-0.3692891023339194,-0.09826182951216142,-0.12019425475382725,-0.236199024957169,-0.3538576306505572,-0.06437714944291124,-0.1086445441832405,-0.0292073270496699,0.05661080431849231,-0.32905790714506594,-0.010609764654912954,-0.02548416032690301,-0.17237236662177285,-0.015325271565747164,-0.15805693820767114,0.10640274681799461,0.026514201841347465,0.2847590581350684,0.13335355213504088,0.3986616109627284,-0.0016559306173670294,-0.10979231229352451,0.07886548757950818,-0.10611257924438548,-0.1546151324440467,0.042105552852350875,0.2360583991604839,0.08020443370759324,0.16540879221770097,0.12950920994551784,-0.001707030559709344,0.020450051354966223,0.012957584126599876,-0.048639874678431894,0.05806580505365849,-0.27043071755816156,-0.30084250005554963,-0.014101960491180447,-0.1025976848185543,0.045977475555443945,-0.039641475350990475
0.0016352598334375534,-0.3718673879128845,0.2166184805300072,-0.06079877245506872,0.7972906029651665,0.33777077580351045,0.312541071877917,0.06070483198207588,1.0,0.6210112959096066,0.26094284135289686,0.022523702867603187,0.24721999987348417,0.15367623183344675,0.5852195790420945,0.4515984494049054,-0.14371620042669575,-0.2913460101848408,0.09829359478750851,-0.2687236083781186,0.01691898166953939,-0.02173562903652123,0.02977625395612576,-0.041245988758354675,0.2793286327480176,0.1267326689924467,0.28302978866954404,0.29183534393868704,0.5024592307972903,0.014542123671098096,-0.1340025584547463,-0.005237581844531684,0.05202789051822618,0.1763163449720342,0.18100669543321346,-0.16097835701448182,0.2672980607075936,0.22983166375000202,-0.0807230402773198,-0.12700853604591744,-0.013024259115897231,-0.05921582765505502,0.36687435419521996,0.3118646937646811,-0.11486523597443643,-0.14264028777620472,0.2852327974904292,0.2845620727363581,-0.1337941389527667,-0.03816876332511734,-0.11264898676024614,-0.2315239252421749,-0.003528808711422274,-0.03555537024464259,0.07739647827298834,0.05702118614579395,-0.3949845813342936,-0.49120582496807624,-0.005034922838325371,-0.40108822805695155,0.39125716328702537,0.057315612890874126,0.17380283456044515,-0.11107724977362105,-0.08595682833066978,0.07185040637784425,-0.23595579833171898,-0.39907424919274914,-0.28277233602993845,-0.39423647649170523,0.3129728321177212,0.27024356663568844,0.4010255015103433,0.31022451623287284,-0.08557584896475064,0.21201658137058643,0.29163760921637755,0.32520784657690865,-0.12654995651877915,0.21455180572782626,-0.13580675139439852,-0.1599693214096209,0.2899437693569032,0.10458399389715575,0.08274860671349812,0.004091566442598189,-0.07249907544294443,-0.11907498373052787,0.06325211373970303,0.05211787887009981,-0.11869776871861266,-0.1221177725255961,-0.0445028251064715,0.06593201510506307,0.2058317431492236,-0.13785584807256276,-0.009155328850921456,-0.11717888679682771,-0.1140646767787359,-0.0119506447065582,-0.1563179640587049,0.01135444276697107,-0.09954334252496357,-0.14397821894467858,-0.037526076008091366,-0.14064031518278652,-0.022248895403268795,-0.11294628615649781,0.18441009176170506,-0.21574989152378063,-0.20178187420198182,-0.08385628149422936,0.09368397364892488,-0.029827888248769866,-0.05140237508601032,-0.09715844739535787
-0.09501815233227763,-0.32238224410741484,0.04976062606012567,0.12491239584918559,0.47024603751518146,0.36061720252452956,0.07835546578224248,0.18882494980297768,0.6210112959096066,1.0,0.050498865440381895,0.3751030799355553,0.3326344886791012,0.37772581846706854,0.26142944337572743,0.6739024875124221,0.03136966923261995,-0.09304239343423645,-0.19380059678771155,-0.021746361727962404,0.020437663510680083,-0.0021571064492279576,-0.32072720078828315,-0.393969512779767,0.011807093812946302,0.04612183140132191,0.052496762758674244,0.06024456358221115,0.3922823949430259,0.29624091439896877,-0.17673451894177097,-0.20924748725125522,0.22299271494393494,0.26572587482307736,0.07957283737065718,-0.040716224388208676,0.15505154827231984,0.2767127177672946,0.10680127928817225,0.007462131464075853,-0.05471791405520028,0.07399292759944745,0.3564590079216419,0.3480258080085713,0.0032796902050532596,-0.03424216397955018,0.2699401280017468,0.23708492871209663,-0.11961889233943133,0.14398082325961434,-0.12175867108921024,-0.16792042951855876,-0.06784984714198171,-0.11347948603836802,0.1646358504771224,0.2098399458889194,-0.14634850433197938,-0.3264139692584563,-0.2569015674150877,-0.4240863233254925,0.2858753242116383,0.12272992694762598,0.02512234111643404,-0.2003055974096659,0.01838556406636412,0.41624542194785547,-0.4092700583352319,-0.29436156735052316,-0.17889301882282382,-0.07641034308781948,0.2280639140325819,0.24622760189228776,0.21992102044317097,0.21867042033389783,-0.16796779694935018,0.17260951079118372,0.12675062492377862,0.1836915073238115,0.09660104870748203,0.39386016049640243,0.05857385172266651,0.11081085042841637,-0.07671451508955565,-0.002390451768592083,-0.11885637567772189,-0.12225251448043153,0.006047866365685064,-0.12659378606617422,-0.14863227536986176,-0.1317550573476085,-0.040514645785163554,-0.15440388519070838,0.10917954017027254,-0.14344801364358936,0.23455222697455524,0.11379079975423258,0.16145448423627246,0.13491017590329812,-0.09544512683461501,0.14497391628302456,-0.006071352357423717,-0.1277370442364673,-0.12101434784963805,-0.2296216266725978,-0.32722303569226047,-0.2868491481339735,-0.06845319625595778,-0.29518714505087823,0.0773562830420547,-0.03597867946861552,-0.05885617613215755,0.09050043110668465,0.018623527233415114,-0.059752908332771054,-0.12355397890781432,-0.09778078679027695
0.2345328910148898,-0.14140422201506103,0.27470110448808976,0.02318451636533129,0.18135706862773926,0.17959496839743838,0.10248483851155796,-0.05684316165871603,0.26094284135289686,0.050498865440381895,1.0,0.26728323251391706,0.4935932762165223,0.18366211468203184,0.4246186594440845,0.24721395289214396,-0.15276005873440215,-0.11629495744351505,0.2471617796821323,-0.10411304958965964,-0.05537441528302942,-0.13390019843505838,0.4322253910062003,0.31969499904220783,0.17127921941662197,0.28672214340155505,0.2624667520740191,0.30575196807450067,0.3521885218676877,-0.10659591304022424,0.14929906802227733,0.1752543249924956,-0.024354916227816353,-0.0036199849436065056,0.06563056081670028,0.027490325270416987,-0.09566755265429723,-0.1365067003953004,-0.09678764481339523,-0.19862121751862866,-0.10155423386284758,0.09976559089737352,-0.11018349008570238,-0.012905099456039354,-0.10950229417309337,-0.04838171505264258,-0.19145031021368847,-0.03225687299457455,-0.0469987265255056,-0.18033610667289235,0.08337890000730647,-0.11760073080188824,-0.027647430248752075,-0.0631171537771449,0.06957673967099313,-0.20412758574596704,-0.3477769660872436,-0.4477707239447581,0.020072891840608093,-0.3273139463906655,0.07359063761258056,-0.27612257083541164,0.012513340760247378,-0.31838523326957135,-0.028751013227713642,-0.04139196771309585,-0.13902514260670404,0.017538534690314134,-0.0998759668808025,-0.20011540852521967,0.018175282448783685,0.010347646619000327,0.11758731110749057,0.04089683471530683,-0.059303342008533017,0.1206754560609708,-0.010508963409319467,0.14303313394294695,-0.1652100826247389,-0.07015609583741657,-0.312792302149085,-0.21212083821824726,0.21485643485853514,0.07917222585858336,0.12318387111896408,0.04670253120364046,0.21855398044248864,0.05704299243712628,0.19667985249477665,0.1639836282984582,-0.04193244420871686,0.05102096820339746,-0.07652322671526973,-0.07897776580652167,-0.08915501784290819,-0.08300371881339275,-0.14840285603790784,-0.2703327943802859,-0.04383683373809532,-0.16276631851502515,-0.24630529603379647,-0.0004658041322244198,-0.11404589340309369,-0.18508527815757367,-0.07479787344403434,-0.18272919846372787,-0.06608935741016708,0.026809441056334184,0.07092024013072679,-0.13375380621010896,0.025808221338612543,-0.2237754579911241,-0.2354397558907043,-0.07910878468182576,0.018665833332685133,-0.13474198228050632
0.07639147375966913,0.028777583569893076,-0.22993901950842707,0.0736810153141904,-0.1672988749530345,0.07979656263740498,-0.117034146700753,0.11884585474588119,0.022523702867603187,0.3751030799355553,0.26728323251391706,1.0,0.5033820533128955,0.5882733803647094,-0.18565255347593182,0.36173625925635217,0.31149817376592814,0.3286973709248718,-0.2966587586065266,0.0405334012188432,-0.02752251329346656,-0.1480547223906616,-0.3813877781811125,-0.42063030179696625,-0.3253762577723018,-0.12339090402453695,-0.16942410601591815,-0.16654905820995486,0.0508097166876961,0.42599032045277213,-0.08617106324538955,-0.2151244544212656,0.22453533005057108,0.16869105992793088,-0.0646563650841171,0.08315603586641705,-0.06900800494767913,0.007618685166446666,0.15099917617861536,-0.01328813440275612,0.05693119862602467,0.17437986264679473,-0.03799588537990961,0.04934251648279919,0.024072493787973468,-0.006689847809184506,0.026825134128938995,0.021736169954472532,-0.06104731020097156,0.1128952116662642,-0.16271723193536167,-0.08125028405156755,-0.03522468994836865,-0.09691810369233267,0.248434210302147,0.0885786339106077,0.09328681499366931,-0.07829708683181837,-0.2994315258390705,-0.3979968512548171,0.14136490559064835,0.11223367486256797,0.0002025697169329914,-0.16779819649057873,-0.05781750217044197,0.3266688504408663,-0.3659316642990016,-0.14106604850991708,-0.2031923296556617,0.01757202382465018,0.0721723435204825,0.05165254563813718,0.13971008823637593,0.0017223423631585876,-0.14135919221858811,0.07183495728359278,-0.16922580381309896,-0.008906655356850951,0.3007005347803927,0.25902817733810957,0.17218245952693934,0.2275242210806369,-0.2001550339141888,0.11512362776030721,-0.2135238940602385,0.0824431321353182,0.28064136114716887,0.06100225569468761,-0.17142332817785916,-0.0289298705030316,0.19711050711389025,0.04867784469719424,0.20840642328376988,-0.013218014340073888,-0.10936698605528818,0.24446794521270002,0.1518834195121599,0.0624523151190651,0.08441763575093988,0.16703601400760354,0.07822581174177293,-0.11059962445000689,0.06147047668238206,-0.12136036526995257,-0.2519630119732441,-0.19282773136993595,-0.03960290449705123,-0.18471455028160869,0.04099023792798798,0.07413645034919844,0.02795755003450712,0.1340691033402835,-0.10361566060777704,-0.18462636615494513,-0.17755693460084726,-0.037041108146488845
0.009001619248720285,-0.09146091193686617,0.1837797606964787,-0.07313282840837707,-0.019265272432081162,-0.13910527700819764,0.1995654829138652,0.06290004156385183,0.24721999987348417,0.3326344886791012,0.4935932762165223,0.5033820533128955,1.0,0.7031347681456328,-0.02872272582946471,0.3174985732860122,0.09382824749742394,0.1745900974660156,-0.08951104575519477,-0.11273633117124014,-0.017845886774465365,0.041152471629322514,-0.22710594715182053,-0.4267911210801954,-0.23629733812818668,-0.20332984330453685,-0.2316024993228161,-0.2385379800815142,0.12917884701055332,0.19624961882487035,-0.09934359802719586,-0.3006915549171728,0.3049764398643354,0.07497102359026873,-0.16344824631570776,0.08039814507508691,0.1478703353924205,0.1957207546965203,0.2441929060985681,0.11815657544151326,-0.007192532791036472,0.3708598149529673,-0.16238261231750487,-0.107774506778525,-0.07002248848476648,-0.11946301560398628,0.023888045012583983,-0.04840726421909798,-0.016043579847596995,-0.1176509337374637,0.06589122492513129,-0.12698976449338178,0.18438189384485335,-0.05692384729493584,0.3116592956868895,0.025186546099911635,-0.16531422688204297,-0.17121482257569554,-0.006602665302515627,-0.3008723397678109,0.2736153640087113,-0.0540998408710376,0.2888373384416252,-0.07993969489314941,-0.09827756798652237,0.3466413125643486,-0.050602819414504396,-0.03811239041204897,-0.09041736531844771,0.07129073909702292,-0.10560796088665984,0.022250048915546102,0.19700445519775675,0.043346637834227396,0.016061736950591904,-0.039948012804211314,-0.162805020082684,-0.037880665278771125,0.10735238390275588,0.10160075054794927,0.034570858535340594,0.17201938404319106,-0.35581873391424335,-0.114784806789338,-0.10707945748693198,-0.024895382569409062,0.3043484067992823,-0.10727236115046253,-0.09887446145435912,-0.08512181885706874,0.10811031047993148,0.041055565956109236,-0.13302888977003133,-0.11022455266338334,-0.12030768543147115,-0.04510942832121344,0.14042983252321328,-0.11140082077816692,0.018394644440975643,-0.146893350608775,-0.26238903422221993,-0.19160385353132825,-0.22232803007204574,-0.04886897386078134,-0.18218207552771135,-0.08169979565962067,-0.2552340925397231,-0.1718563946832416,-0.21216540805714926,-0.008009418815936132,0.16387907146448863,0.013391999643293137,-0.001205479932081949,-0.31908848707825826,-0.22410219423671923,-0.12396910441822666
-0.07633317411092157,0.11430446303243248,-0.08867760005459956,0.056812272641061194,-0.10526161369207503,-0.251701742910764,0.11513039223338745,0.26269522138882845,0.15367623183344675,0.37772581846706854,0.18366211468203184,0.5882733803647094,0.7031347681456328,1.0,-0.24246805055110435,0.3657247268919124,0.18313534261113634,0.21903471546704242,-0.19163843946116835,-0.12984043506720244,-0.020772035877033784,-0.05400189054939809,-0.5444754323609549,-0.5934225619563908,-0.45024751752715125,-0.39004202613154343,-0.44702888962400544,-0.46641698747723137,0.061814708454236374,0.18482671191805178,-0.21311233839715385,-0.35118603243654556,0.4752709572820427,0.23608807282765695,-0.1444157539365711,0.020091791584906253,0.1299907860668633,0.10030667174921556,0.265856098708828,0.18781638055178665,0.016608268466644018,0.25807547085260774,-0.12487235429508367,-0.09884828639654783,-0.09152408280811518,-0.2007610077901682,0.05791298138527898,-0.07888074890121174,-0.04721317571986975,-0.01828463571520521,0.015366802160442583,-0.14843361422214268,0.26772289046605524,-0.061229549591315616,0.32103765819748287,0.17606791005080394,-0.061455988546744125,-0.09880501169721305,-0.047916112968486774,-0.3145693143774494,0.4682422189482915,0.25923174118588743,0.34285144603793055,0.06852234764931232,0.08873907499121886,0.6103509735421213,-0.1474894813673529,-0.2083617961160266,-0.10376672476660216,0.05764354660056902,-0.09331158059517379,0.04461050842376371,0.13883727495133819,-0.09428112976997897,0.12361582363174517,-0.0363977508108894,-0.10093130132935653,-0.0693190504265272,0.2143374333982353,0.19234948753685033,0.15371600877335642,0.2194378666927698,-0.42365708948425057,-0.1482100781730077,-0.2491693053749637,-0.10269899173613378,0.15569344100069102,-0.2867051850501465,-0.22432907558598567,-0.0900370531287831,0.17582581324080732,0.0522185126157834,-0.039796682723595454,-0.22520719651024032,0.04920939682676823,-0.031778497539950025,0.203427092096595,-0.03430582775126266,0.03340024917621764,-0.14711252200415106,-0.15668779721815035,-0.10682614810164488,-0.17212371089609801,0.08749769334979833,-0.1782760828048282,0.007575972083816363,-0.16462406901215512,-0.08170840005057277,-0.26795212729346146,-0.033491626093169455,-0.019447012913729314,-0.01564340343445723,-0.04644534913997956,-0.28372538029960137,-0.2719275846722156,-0.07642245762315308
0.14373984759707764,-0.29453107398064776,0.2018827433645904,0.018594584214047166,0.598100078607461,0.4527368313456985,0.15221701995081896,-0.18265706161298417,0.5852195790420945,0.26142944337572743,0.4246186594440845,-0.18565255347593182,-0.02872272582946471,-0.24246805055110435,1.0,0.4269676747715899,-0.24622265447223937,-0.3468920117039233,0.24205911533039257,-0.06013998487784572,-0.052391140039452735,-0.00033281842240755227,0.5509264510683335,0.49801529269628547,0.4098433951102786,0.43499208187536076,0.5228655207532731,0.5847604922065494,0.7090905939146892,-0.05919948382741783,0.09230752983127521,0.2703689853315407,-0.2227117038180068,0.13574550650604145,0.3861302211219923,-0.021559304620528776,0.27057385972156917,0.1638795893680596,-0.23889499528380415,-0.2719198043173718,-0.0052301918681860226,-0.03823868460198647,0.25759340269261466,0.2198191001310024,-0.24374656424454053,-0.13444827949279944,-0.024882649496495872,0.20568238590489793,-0.2806359884330043,-0.1690357121962396,-0.11983445852580837,-0.25925421484860545,-0.14516605650738923,-0.042042060083399946,-0.16321577641922597,-0.09463279085224637,-0.3003300940827551,-0.37340008756821014,-0.036468444016858156,-0.24347451599733935,0.07308886084738016,-0.05741673676921303,-0.2179237716885952,-0.14839972037124144,-0.13685599709980548,-0.23874219927482565,-0.21790521878566305,-0.23473110847660386,-0.08734620232823542,-0.41214101207486004,0.21017617271917932,0.04675766080892516,0.2750897896906511,0.19267456625626941,-0.08509479918144107,0.3570608850431819,0.3744949072748194,0.43342715516976116,-0.2388530876229137,-0.03671143306708585,-0.28360509727875133,-0.2956162647576209,0.6365401266310703,0.30168827079270494,0.3851838709808794,0.08792519852479007,-0.08491441966925628,0.15188400259600746,0.2582328343876799,0.21149072722150963,-0.37236711494990976,-0.19978824085194197,-0.190985100775653,0.030855384200745295,0.05998297523526999,-0.14108231622493375,-0.2801071231485839,-0.20250393873509817,-0.29951473970499765,-0.0484326930910328,-0.08257733662840887,0.08486116246973896,-0.00815805964797744,-0.31327137476816136,0.04592283236820476,-0.22177394130420736,0.13127498956456776,0.05761503110779656,0.38473305688324505,-0.20180336401379836,-0.18857550719749752,-0.29344664012171356,-0.03177707913234509,0.3180532792762112,0.19709569526480994,-0.17364235950230802
-0.05083749691114212,-0.16342654768202053,0.03866887652333122,0.15945430945976002,0.34395820450913894,0.3343112705108223,0.12230018706832192,0.12854520262291214,0.4515984494049054,0.6739024875124221,0.24721395289214396,0.36173625925635217,0.3174985732860122,0.3657247268919124,0.4269676747715899,1.0,0.16524585124558402,-0.14044792775178652,-0.0529067846926195,0.04744379778820081,0.0019378885485799768,0.11595160182436971,-0.24839981221807692,-0.14477466683972298,-0.12287187251450753,0.026475074034502086,0.22480559765975727,0.19615893867460396,0.47239686639859557,0.18730422138388736,-0.2654068123463539,-0.26594678273089933,0.14038920808473465,0.29702265916482534,0.07535670853453576,-0.0331709332787695,0.27394707828671944,0.19541120475440885,-0.057691297424137526,-0.052667192350982356,-0.0027569326077456625,0.21365328859845156,0.2012691193350515,0.1796907685348516,-0.2286766621981073,-0.220174473892265,0.06353803092040647,0.1461348669420967,-0.2742868967945918,-0.09231667644897301,-0.15944424757478295,-0.2432645185953915,-0.07391355235693006,-0.11394793976445959,0.03250442331759635,0.04437313819909223,-0.11051424774015588,-0.2547124559790306,-0.3106655408232258,-0.4103631953674299,0.23148036279571094,0.1911304199219314,-0.06420089929290368,-0.1482878851773937,-0.2219678124472356,0.24441228021539116,-0.39978458120197385,-0.3463698616546709,-0.06478088079301844,-0.19601507686436037,0.23308265033621436,0.14925757007897686,0.18850028358671134,0.12334052844237622,-0.13573071795884317,0.19856035757696258,0.1962043165757963,0.35199841556901995,0.007951417516607323,0.1617854469882255,0.11790360381022941,0.15859880730495182,0.10407437559286273,0.3787320330977359,-0.03900382243452002,0.25766637883998234,0.04526554634128941,0.1393597376694425,-0.1716886011516461,0.03381203884394522,-0.10839347663565028,-0.2355419006803825,0.016822324531725448,-0.19438077915125052,0.1409904062413603,0.022222114894317326,-0.051107279969542965,0.014159635403462446,-0.1790437816638475,0.05046369715294457,0.020363455748472547,-0.041589063031883,-0.023964179328350047,-0.22357950663665394,-0.16636347557711129,-0.22653611504005755,0.10395047752684321,-0.06584577053128515,0.21546837952392586,-0.09787813169619416,-0.053175693133375244,-0.10940401903881046,-0.13158467815895347,0.10425471831631555,0.03450394679535368,-0.22542852112980963
0.1557460185478659,-0.0934908535212976,-0.48537578914675095,0.012448088247467846,-0.27648464189182254,0.060016654968978726,-0.39418604534005897,-0.19206417161050438,-0.14371620042669575,0.03136966923261995,-0.15276005873440215,0.31149817376592814,0.09382824749742394,0.18313534261113634,-0.24622265447223937,0.16524585124558402,1.0,0.4656545041385525,-0.06230040740724177,0.20735949023384045,-0.11148206715235962,0.0841511368016172,-0.45291411376937146,-0.3353110100787613,-0.33951443706476553,-0.2061226185947785,-0.017105458752018483,-0.10602071188215191,0.024804417029482544,0.397338085845806,-0.21894002650771224,-0.33157845808883024,0.27690428360776975,0.22471758462804386,-0.2048988601857035,-0.14430778734042052,0.08609212179225234,0.16926554159784693,0.041506348492577096,0.054209159540908936,0.22351021463447637,0.1385599214455477,-0.2029453048998826,-0.21050804306462065,-0.20394616322230344,-0.23686063414007447,-0.10370981223734857,-0.1664845776025135,-0.20975061872603695,-0.09055724292008013,-0.27307454989401936,-0.22261873916516955,-0.033307450150357965,-0.16931730373066728,0.06350449577774356,0.11889396593522719,0.6665314099790162,0.4201827429442775,-0.22113302021686637,-0.17938072607287378,0.1182531943456549,0.1712601568083261,0.28736535546789405,0.2056301404925998,-0.27579261727294413,0.002803639648894619,-0.2087432443835856,-0.23935442772398827,0.012306448357290141,0.10540658408343972,0.07312710426721615,0.10485113073613378,0.20746232156157265,0.20782163688392252,0.1101917047892988,0.1521536975055076,0.13411323014326906,0.14346739515432733,0.5386288402331347,0.4303220730909695,0.5861454948027457,0.6131629081147051,-0.2221799693093123,0.14619185325528952,-0.08469464084561786,0.1823071551044244,0.0013229412546206746,0.11858316087297115,-0.21426001070914055,-0.17885469021503603,-0.005869157107804895,-0.1483555871494954,0.027495434270944603,-0.029096452320868865,-0.06174406147455715,0.3670616905130623,0.09864192296514189,0.2727588534503995,0.12233327447846694,0.30677668346212067,0.3304896626023431,0.1460500139949221,0.35799971342002757,0.24926014972663307,-0.00528936238208862,0.04855045757503501,0.10171293280250521,-0.044142115748482494,0.25558324211114153,0.3754318070364917,0.008110047068153435,0.13181520429449295,-0.17928035544048432,0.08021514811589901,-0.03750130272299713,0.16781378810721947
