1.0,0.662186692702326,-0.2037704045440413,-0.4819284807169195,-0.211766406944936,-0.23218198380553015,0.028817983657167878,-0.4676518449799696,-0.14773353245085655,-0.2016541158293343,0.3916171839634588,0.03652789229582101,-0.2222873349213663,-0.16958016562741646,-0.14210108105320143,-0.2147979572967738,0.3916133086140968,-0.000556411304456162,0.21216726660805535,0.18291845925712544,-0.30031598568438683,-0.2959536777466527,-0.5337297600311666,-0.4274502231273042,-0.30804773347203157,-0.44795296733845513,-0.17978471534670826,-0.392182989900269,0.3533664129648377,0.14801609727743745,-0.1774547263774541,-0.4415493598332417,0.1712096066307232,-0.15292486938126443,-0.25162961604770034,-0.3810155033295555,0.24424844679845648,-0.2398570312318368,0.012384500541494032,-0.15877923050754872,0.19131559268946263,-0.06175219179828141,0.330763383754642,0.3591774112151935,0.09966996745789244,0.07598085776867661,0.3303283413722014,0.3334016126850193,0.10243477760758017,0.3361765041610281,0.08145835556746492,0.44931403182265045,0.37384678460483567,0.25315000102890756,0.05126530706368522,0.41091991489136154,0.5374345381833044,0.38368366308385654,0.2241921581316455,0.2790254876137557,0.3999438676917167,0.3796008046276461,0.4001430842156996,0.41054641272984055,-0.5421571318776293,-0.47222513547183537,0.2195497559441174,-0.30879975767171314,0.13588980941582396,0.31001266637411,-0.1695685235736957,-0.30900398754524155,0.23840282922305636,-0.1459347481141946,0.13961680451682829,-0.22249721679481507,0.0914527281143919,0.07311374808958943,0.174617808389695,0.18898384715899366,0.45821051327799517,0.3613302090841775,0.11549882682873108,-0.024460982022608553,-0.3825106804197066,-0.2722155397605116,-0.08314862955507821,0.05090227491535326,-0.29438752528680073,-0.06612446525306111,0.027069720802865942,0.02809372821815024,-0.4199134692757335,-0.20032067534609793,0.0826306890507156,0.010845524705046886,0.17041364247107463,0.07619167348523603,0.3039949244401571,0.34230514673339146,-0.24297760295562482,0.5255785374256633,-0.15670724799502297,-0.11634602418166562,-0.31604527348566713,-0.3566273313924394,-0.16121546301230222,0.02434267484424199,-0.03577061656933501,0.05554553511043274,-0.032438367197068045,0.35306506486209577,0.40450503848369385,-0.1550623882460405,-0.0671604487212278,-0.012126546161158984
0.662186692702326,1.0,-0.31222874948871226,-0.12337581828952278,-0.3234848455377574,-0.23783814503586348,-0.08594735199514252,-0.11352561781063866,-0.253106802682257,-0.33639852984809404,0.2603861221620134,0.03199741250659653,-0.40115790132766616,-0.06225308784853345,-0.26783995985006104,-0.25018505859647505,0.13814646118451576,-0.11648205734548459,0.20692254844127206,0.29179666458907505,-0.3759627727816522,-0.2048072038396256,-0.5561085154215355,-0.3206668317392708,-0.4075291475864615,-0.5124823611502748,-0.15290015053469372,-0.2948160512763125,-0.01828307471590745,0.05226918211053053,-0.3536859204270878,-0.5528527055985578,0.13197273637437534,-0.052813862933459556,-0.2825673128507868,-0.31005148204701494,-0.11282514981153052,-0.26831421404652417,-0.15349586481827582,-0.09357242604293162,-0.024952752570112008,-0.10043340861282139,0.21341752399228656,0.19849636042625005,0.09034726746626856,0.07403260851398881,0.29633347075940747,0.1641873186590439,0.25318439560753847,0.2935138333119447,0.17486568254851945,0.44572090447867857,0.30586416951239287,0.13837180024348106,0.11794304198829485,0.25427927235800957,0.37534466857777604,0.40293131149975125,0.3533195204974926,0.5953969223996495,0.37658776791459553,0.5413039967108144,0.17890480306158577,0.35317054739382664,-0.48499244684711135,-0.1862080964280872,0.4151724369028612,-0.029668245398598407,0.14737681299843752,0.3231888753289764,-0.24382722376258986,-0.40276284348400243,-0.13281384305252383,-0.20646541125237272,0.03591136253955674,-0.2543391941339181,-0.14374999315670353,-0.024943317513560236,-0.005938911816437809,0.0067274438017881875,0.17201294133474027,0.16912065375118063,-0.09018451433608948,-0.10338261850873605,-0.3626311348659141,-0.1538261038754887,-0.2183497821486306,0.058369084457334325,-0.27536726359771013,0.08320411469614081,0.10706830792781949,-0.05767461033027716,-0.19397374892168637,-0.22373981794653489,0.18679699063295616,0.07803518645349372,0.22208356438377158,0.1574258800063764,0.40401416443760635,0.4185493812420252,0.01228766768273681,0.4629803018452271,0.06979419430310783,-0.011343407591343559,-0.0628408327928505,-0.27166294467023694,-0.13367582723636162,0.08518564613420425,0.058723573657831256,0.14268203775074256,-0.06638559177505228,0.33726616197189135,0.3780944197807788,-0.11882254870381502,-0.15779240665057248,-0.01365500419421687
-0.2037704045440413,-0.31222874948871226,1.0,0.416004475445792,0.3274898396504781,0.19463191990573164,0.6564301133826254,0.570113294050455,0.17719001145800123,0.22368951027001477,0.06005028491690075,0.12307704137304275,0.0911234999283395,-0.1679563810191833,0.23631812260161297,0.20084821162809713,-0.42471807663443495,-0.36854448811619334,-0.002602790702421424,-0.1234203913731301,0.14074775565351608,0.13398882860516884,0.33483704051734914,0.15351781230371797,0.13081395515913258,0.21541350641004528,0.15813783019274744,0.037206573715947065,-0.25448696399145704,-0.30336898213886476,-0.002090540307996044,0.14170745220558095,-0.21001100016447832,-0.2928478114010708,0.06985099676782833,0.031859807578636344,-0.07506111843287959,-0.15397641139136578,-0.05236800148166376,0.08432048590847839,0.009285891381475073,-0.09872629521936113,-0.3591678751764142,-0.30864724306118807,-0.10031479943124648,-0.035977156085635495,-0.29082312050576065,-0.11791216851841278,0.019665569093757985,-0.16837687740700885,-0.026403524063906593,-0.06412261675548207,0.027064220450926206,0.002020709810697055,0.007389787329270004,-0.2808497160027731,-0.37356533602816233,-0.4301131109795311,-0.012906621574412105,-0.10404465491461337,-0.14146913672624542,-0.294148172862158,-0.40665393357106405,-0.48109563018793894,0.2509567868853179,0.22666045793412998,-0.01695834631200215,0.38339039349269644,-0.21896948058195886,-0.011851230371074079,0.12383951536571662,0.22507604294417333,-0.2289999196767971,-0.0005036002029445776,-0.3101339114819476,0.04540120800206828,-0.21406545282109724,-0.12104545803592452,-0.375854390300027,-0.2546077558088779,-0.40094482562745776,-0.47653922719162567,0.16370170646954238,0.15602947155870484,0.013797871953461665,-0.010148709501392785,-0.05535357050340743,-0.10439767126234362,0.08978922920875657,0.07060297055397113,0.10959265899286935,0.151230130888973,0.24014109625071983,0.21768413419588084,-0.11000952089424641,0.1426974784126797,-0.165823880756653,0.02416823861242356,-0.2030858743209482,-0.12292342137759234,-0.1919577382115739,-0.06767495565697154,-0.020315098134525096,0.0404337452328827,0.14421084773922066,0.057000537332640336,-0.019070625506885475,0.02981022363850942,0.12090328140551676,0.13203322471213697,-0.004430578437367368,-0.29087843539742103,-0.17683607889668404,-0.06619286063439882,0.0638327666714936,0.10355762704776984
-0.4819284807169195,-0.12337581828952278,0.416004475445792,1.0,0.19003271856268125,0.31763656802247686,0.11000004309635034,0.6411791555083023,0.05366166178473953,0.045345511247376985,-0.4420990275412552,-0.05612874522425992,0.1835600758207127,0.04183239878527346,0.2106469154434062,0.24718378805066943,-0.652536130612199,-0.41826801752027226,0.2286289963358608,0.11891099298433763,0.22677359861756052,0.36948253033773276,0.4611108594690888,0.5244903179100833,0.2510266267251457,0.3975278246531657,0.251286744920935,0.44205773288591044,-0.6907966991726312,-0.5513164551141474,-0.2447160553208614,0.12843129661180952,-0.3881311395709452,-0.15509113796583798,-0.03997731428467605,0.06156885406872196,-0.5153994824133943,0.008587553753395698,0.1419901262252371,0.40582126498664867,-0.24357720861576687,0.06356764166731019,-0.5251396578675348,-0.48000986939254986,-0.3040457581607388,-0.2017138518577409,-0.3337504468542195,-0.31192731461512624,-0.08607669503178522,-0.5164764616383214,-0.11627750916608089,-0.3197875648567609,-0.23694624622700314,-0.22616402625103296,0.12512111907259169,-0.2500272555256805,-0.39879595007187146,-0.22006203044703562,0.02818056770707375,-0.014825583092506917,-0.3396131491024722,-0.33094046920373205,-0.7032292664732424,-0.5737769965373795,0.3513696221356493,0.4456633144146583,-0.09494745110750995,0.4340545279398205,0.15112146276975444,-0.2840952140322883,0.23689444893688588,0.17250991406633231,-0.5388343226075796,0.13474751813691377,-0.1967759363039107,0.04380431224792642,-0.47938616467508344,-0.08719845103639856,-0.5302212530988959,-0.2652948086594985,-0.6128475011208745,-0.5356092676323411,0.13548567974466214,0.09389865204510568,0.3154313585935657,0.46893804071289324,0.11487023327182802,0.09535633503791273,0.47436300528495107,0.4348574437709247,0.1411975945119255,0.08099835201368348,0.6076002524645234,0.28018454067169113,-0.17229253141629883,0.11521815461795938,-0.01525629445598735,0.011374331348833297,-0.16601091308046173,-0.10152288312651625,0.020157096636416454,-0.23539832694256713,0.0730033507503701,0.07907389341182007,0.2802135609407247,0.2145175406292541,-0.02566287697111968,0.022296344261553483,0.21667030988201658,0.16175583832703913,0.07531282220671211,-0.47035612548320904,-0.336615519878957,0.11392445279684489,-0.04519603936563717,-0.049122458448320826
-0.211766406944936,-0.3234848455377574,0.3274898396504781,0.19003271856268125,1.0,0.8998180242082476,0.10009868295369925,0.3865100750904445,0.859687323707964,0.8451088636390073,-0.285314104926293,-0.016949224528781923,-0.14419353423238704,-0.021475143247742988,0.7595524647215822,0.8046252656049349,-0.26690959901546346,0.2082522031489722,-0.0769599103646719,-0.0030428001130064315,0.7977463703496968,0.6331106616494386,0.3410770337069393,0.17245510471818531,0.8544785178387845,0.638955213516558,0.884532921119238,0.7183151066957061,-0.22871037460111499,-0.09296087757507407,-0.280200200831064,0.13471619983443262,0.0021036772913594977,-0.2505323785090831,-0.06047407725635793,-0.24013287162124333,-0.19108661026683219,-0.009111416581862535,0.2648615924053283,0.3136972663349432,0.06020930532442429,0.5050825475159305,-0.4131591999745749,-0.2865649552667814,-0.39171172935044873,-0.31072347666291655,-0.22884044555435823,-0.3430359230879321,-0.3881439406805248,-0.3749066465896777,-0.45563312570856634,-0.3339674249644925,-0.22235458836331695,-0.18836653656258245,0.2683650492825872,-0.1567038748112566,-0.17698359122404622,-0.13111864298718975,-0.4285700461768902,-0.3151760864438632,-0.4197535851036907,-0.32577405804999143,-0.13094814260070006,-0.08163504986118546,-0.08754185036809962,-0.18737113020704896,-0.3584184071990421,-0.1676343077650264,0.044466096858944704,-0.15574130001016875,0.2490083334454601,0.16311214177496966,-0.22191486480657552,0.45984997893866697,-0.4774242559486106,0.4278243257686232,-0.1594292920888654,-0.3955699585842649,-0.1634913532307675,0.20837605625504385,-0.06866256154409162,-0.0025824292707806317,0.41248416840865987,0.400163242880086,0.2032849524520961,0.09933918122397624,0.26594237477713445,-0.2334518970266406,0.37527850911330296,0.3165525467898337,0.061872626852938234,-0.328624559097043,-0.04776789245256272,-0.15832667034762948,-0.20135009313400706,0.09127482624453788,-0.028999886896278904,0.06659016711844587,-0.03133438460395243,0.06585774358742974,-0.0060210181117651045,-0.00420729555007937,0.00217527868761314,0.10794341795937058,0.027518894276415514,0.1426283712510686,0.1457304819346575,-0.07734784410673785,0.29766001586273166,0.11438642567643514,-0.06624051552832835,-0.07210403898090074,-0.08278426413001136,0.15164274766245872,0.02581113355060477,0.050418828323320355
-0.23218198380553015,-0.23783814503586348,0.19463191990573164,0.31763656802247686,0.8998180242082476,1.0,-0.031164344719188625,0.4137683349953426,0.7345240470389561,0.780696249501591,-0.39946970912399465,-0.168364313068597,-0.07877945931219937,0.07069467221421064,0.6628112662281873,0.8309744359965305,-0.30958386899161555,0.1675994908559642,-0.05149940623482412,0.023654069967525972,0.7851545477724495,0.7507761931227064,0.33060066953077477,0.18675230804751627,0.8720589015040484,0.6543223598474557,0.9239399640006923,0.8316830412834826,-0.3914925198118083,-0.221967868949117,-0.33932030781539535,0.06452448727828895,-0.03623660159280728,-0.1993040912377486,-0.23213790420041486,-0.2516695825446481,-0.31298349735938175,0.08673768064341192,0.22635019522419078,0.3668842333188456,-0.020450963738029047,0.6069494679186069,-0.4190164371672432,-0.3019013010055774,-0.3768512788265561,-0.31176222444788615,-0.17658343729801318,-0.3239277475055231,-0.2999123307492369,-0.41080838521638596,-0.4097446973880973,-0.29612416672750375,-0.20911674508611824,-0.16658466865164842,0.3648800853742938,-0.1334202013161973,-0.1505943954179594,-0.07737330134266443,-0.3469198460001651,-0.2119327838179495,-0.3640458688794563,-0.24904518808964055,-0.2545012946959845,-0.1146271528456036,-0.06678160829599473,-0.08194735070423334,-0.38308306756846927,-0.19106018305453298,0.15483524095452197,-0.11918266198961999,0.31008627686661233,0.19593322744872135,-0.3352400438338836,0.5162411592462461,-0.49583074979691893,0.5023944818765802,-0.2266441758236125,-0.3801559162046039,-0.27434847963414355,0.13535905567131118,-0.19023813838734024,-0.051395240359552105,0.30431466264518886,0.3368495005640099,0.14080199401701327,0.0862488528673635,0.2406526067500534,-0.2706212852547285,0.4337358414458938,0.40891876438239555,0.13706829966965073,-0.3157951862034883,0.08660211740498977,-0.1434084566285648,-0.2762845448334831,0.07769643441125909,-0.05065510444785611,-0.005030293204223988,0.01730593841643403,0.07109199028632539,0.10480423090687123,0.018669790043054357,0.06718337356236011,0.12601995600373775,0.1275322322350934,0.2227438271293802,0.18193780697386014,-0.10044615394623917,0.3322907091299104,0.09121394806904692,-0.050169158767459546,-0.09291909046908957,-0.028638976362730776,0.0871733850819157,-0.11425084749585819,-0.04447801997094414
0.028817983657167878,-0.08594735199514252,0.6564301133826254,0.11000004309635034,0.10009868295369925,-0.031164344719188625,1.0,0.5070078442598382,0.06335206456105688,0.01848837258476739,0.3394322689906071,0.40197674179780274,0.07641793701563263,-0.0761300995126961,0.027180777243590807,0.029278496081018165,-0.14649684908695387,-0.16422625274752461,-0.1578716234569222,-0.18235547264306146,-0.0972662712878421,-0.20334796869271016,0.0928054660020597,0.015774502782191894,-0.19531691077145402,-0.17553926702479544,-0.017941118384477806,-0.17632372121754608,-0.03190334300156225,-0.09385769062570284,-0.0298948859294828,0.04599888752286287,-0.20773861979529623,-0.1982013594468182,-0.050484474156687664,-0.06469621630461884,0.027011058651956018,-0.1338787400570138,-0.22003460786157544,-0.24572091028617252,0.18562285889904334,-0.15230903699486123,-0.11935590472180747,-0.0706143277519107,0.08427721562887096,0.06589194031238568,-0.08779680370611298,-0.02103468933413045,0.14403877381336,0.14624844020730562,0.032475505424794424,0.14881831443219692,0.07534626402808894,0.18313534847117904,-0.1604713261229455,-0.049084353364898754,-0.15912599942740455,-0.3256290115901319,0.07594021439748623,-0.14504334586226178,0.06790306932692422,-0.06477928373728235,-0.14041891971330697,-0.2897869789627682,0.3643400853867366,0.17653415375680717,-0.11964792986242084,0.2448206972028843,-0.3637556666057083,0.05530570662882615,-0.07446618464458275,-0.08762068608054308,-0.0940935041873361,-0.10919455803970683,-0.17220640660114098,-0.09348671796055755,-0.0809949162710546,-0.12968094807978703,-0.24757715094030572,-0.3096977453630466,-0.19850001008236237,-0.34712764417036057,0.018176723584551746,0.1116353411371661,-0.060096641663662985,-0.09606103430225973,-0.28248434381899035,-0.07760277903556226,-0.0874074905091505,-0.05867098332642668,-0.19505801134188613,0.09432900954099183,-0.01757043798443788,-0.020179793363728327,-0.14226968014242464,-0.13170332577496363,-0.4104198381314218,-0.20078012169279583,-0.1311776454890486,-0.10472110413249051,-0.21384430419352082,-0.11376383941797345,-0.01060392122463048,-0.13296969436831224,0.15107799210855466,0.01796481425952784,0.011506927604089117,0.06269189793279938,-0.06603993543499807,-0.176184641977973,-0.41975140734468364,-0.15764384618790211,-0.053965817710587116,-0.2472237710042641,-0.0640980850912571,-0.10304750326928003
-0.4676518449799696,-0.11352561781063866,0.570113294050455,0.6411791555083023,0.3865100750904445,0.4137683349953426,0.5070078442598382,1.0,0.27400151206808404,0.31760618232843124,-0.086401701267484,0.19305444921193976,0.08533069192656395,0.19448905605318595,0.25366338811640843,0.4261337163961252,-0.5733887869124559,-0.09795617538415466,-0.1317932632620347,-0.1253809236052311,0.2919147323768534,0.2839262361272702,0.26560438081157406,0.1878925847440579,0.20809061111553262,0.18694927233355677,0.366800751518735,0.25382218742123136,-0.5173126773300301,-0.28407636009593684,-0.3224474538200709,0.004696346045987379,-0.22241252307134296,-0.1308540144146835,-0.15284402235550845,0.008986243537475201,-0.39766132870139037,-0.03844687263980875,-0.21231318679445635,0.17949550527780017,-0.19435451089053268,0.052573438895002725,-0.49258074053836154,-0.44931901257516405,-0.1703285694645884,-0.0783079981535978,-0.28119892494778637,-0.28615932185114007,-0.0005578709993167655,-0.23370489433577318,-0.1596841644599532,-0.19348560587531952,-0.1753867796204894,-0.07709574478116146,0.13765904256840522,-0.26568999894908063,-0.4725371841554666,-0.39892602623561435,-0.08501130348166358,-0.018968390509743575,-0.24547812262283736,-0.1325741733768466,-0.4792829505664254,-0.4844231238217575,0.33181990569196707,0.4849541026961174,-0.16141901461328637,0.3356972650576789,-0.15889729872978003,-0.09787156885785367,0.07168745870813782,0.1692093496140154,-0.522449110185087,0.16545775388246464,-0.3925925129161893,0.2195070279888339,-0.2932797345048093,-0.29244452946283916,-0.45881967786441796,-0.3355083671816935,-0.5371009413182454,-0.5047239437718998,-0.017719027911581073,0.22000618924907075,0.05168336112800561,0.0844020331019841,-0.1403176532902144,-0.11740585756732212,0.1918335531607154,0.2612152522951048,0.1159618634994112,-0.024907351473500962,0.41601190230894186,0.10347662321331325,-0.20815124468040994,0.05791919772630661,-0.24896647881179665,-0.04902978228271757,-0.09060987901455612,-0.07384837914850705,0.12858028831227336,-0.15641489224763214,0.20996445534816155,0.21691373779154494,0.40966706760236,0.2563578880324732,0.1243584562459402,-0.07896414429203905,0.22794585558215713,0.05878561624616902,-0.17915687647206083,-0.2766161124090804,-0.19171295007167877,0.020349073251663366,-0.03431433472451178,-0.02753708081893595
-0.14773353245085655,-0.253106802682257,0.17719001145800123,0.05366166178473953,0.859687323707964,0.7345240470389561,0.06335206456105688,0.27400151206808404,1.0,0.880713053796716,-0.17404570062062405,0.01154547612953648,-0.16817130439326033,0.12242674221403695,0.6568095483533066,0.606900058143553,-0.0944020274941029,0.3757064681206136,-0.1798200893137869,-0.14485607962949065,0.7194666260896202,0.3477683558347018,0.125500377315846,-0.04444996410454345,0.7420064122544673,0.4071258158243397,0.7413074503120852,0.553222860761298,-0.17062324339678256,-0.036492432137424036,-0.4204592142790098,-0.08792520002550583,0.15736672304974625,-0.28230727193054894,-0.037301710088572575,-0.223912637933187,-0.217452910799119,-0.014732162695039793,0.13747861394105837,0.18188314721112506,0.05646210417467656,0.4226066443791633,-0.3428035436076786,-0.19831532472952113,-0.2994653678734159,-0.22623995462727506,-0.17543487400742533,-0.26071034985778335,-0.25930494797225156,-0.15266774464354022,-0.3346842780741443,-0.19881634876692816,-0.09973618075628858,-0.17032617419322157,0.15677233135595744,-0.08698989544831232,-0.14738551355067134,-0.08960742583445606,-0.36135143512206086,-0.15096969472464106,-0.3768375596420718,-0.16172554598344244,0.031201080482525,0.1515586618032928,-0.18600395568975162,-0.12349558922090849,-0.20821751527909638,-0.1696624059509138,-0.08158559235595879,-0.1334829198576721,0.22357739614734098,0.14864108836724424,-0.23003790236136923,0.5138257654483446,-0.33981909206602545,0.44845612691157977,-0.0020503561095491793,-0.42362485020654234,-0.01171441626023282,0.2719656015158711,0.09140828033697405,0.14145005937767435,0.22759955691133227,0.1857074574426545,0.08028140984044459,-0.020418444482413974,0.06743042494079177,-0.15951525377264308,0.2759246311958048,0.14901797784888676,-0.03131503039334929,-0.25280722380346454,-0.14787962674542576,-0.19412294183776665,-0.26918382355660714,-0.06378599770081858,-0.12932624465005021,-0.09773005150015693,-0.15456956011764753,-0.07544198104793404,0.07926891769585183,0.013296464884027774,0.06576835766198279,0.09790045620156551,0.0013997966015664059,0.18662351667364502,0.15676782514584994,-0.11128626051327063,0.2359704694564314,-0.07090477589756641,-0.1366570342924241,-0.1345121201914838,-0.10208802072222775,0.037985433453888676,-0.06406271704805773,-0.0957841798412888
-0.2016541158293343,-0.33639852984809404,0.22368951027001477,0.045345511247376985,0.8451088636390073,0.780696249501591,0.01848837258476739,0.31760618232843124,0.880713053796716,1.0,-0.2300495160830363,-0.018851905529886574,-0.05233771021976798,0.27228412314249056,0.5430939297535342,0.7416475707656052,-0.1492315893107848,0.42851590404639184,-0.2541714624173253,-0.2348090502784214,0.7481947072289264,0.41896548237551384,0.19288909813781058,-0.11979623506554891,0.7954857188077784,0.5196645902796672,0.7400568200201292,0.5395083504489714,-0.1598819084636245,0.010399567709908016,-0.3324138593416729,-0.08401358738244744,0.16018688293184016,-0.252093136823393,-0.09922598983759687,-0.0948803830599112,-0.17477497881180537,0.09022042779176692,0.03999804155999882,0.14593120204865836,0.07297687086034782,0.5179203164347401,-0.2608675822821544,-0.11895948405864888,-0.24994134030139928,-0.15597016659513396,-0.10101309464624594,-0.1979656275038116,-0.2428179370596936,-0.1406841359516029,-0.2710575255513121,-0.18310187553083215,-0.013281761086869542,-0.07546223435564597,0.15123840696042587,-0.11817236616513022,-0.24231071734400852,-0.18158079690241155,-0.37910048468402846,-0.1768340145314704,-0.38955832873302665,-0.14692851744066507,-0.03883028774527276,0.06264822796530557,-0.235331416441213,-0.024310546559819096,-0.258191750060319,-0.23484043333378543,-0.04086785736711024,-0.080749625059229,0.25856115918118344,0.32431867791078334,-0.23209594426104646,0.6755371996817949,-0.3188109073604436,0.5840248689037283,0.15687949677243945,-0.36143258827389385,-0.1054284124564522,0.20973860003596778,-0.010898810573225781,0.02544711490092103,0.10673604873302683,0.18153506538543526,-0.08281821517416207,-0.16256890307678587,0.03486632830180434,-0.37120019524827935,0.22782278873738437,0.059344533135384306,0.045622715022821086,-0.2603177699624225,-0.09196337687041073,-0.20818206326251304,-0.2667752229727768,-0.09664635234250134,-0.16051432471989752,-0.11079452169050534,-0.2055036139059001,-0.1721181389191159,0.035231041174883335,-0.03485240109529064,0.02394366770321891,0.14818837645889998,0.1077072362466879,0.24615235287517415,0.17746550573801165,-0.17920957760732403,0.13321681335597274,-0.08480242642782004,-0.10602456515092358,-0.11279325371821476,-0.04315251978280583,0.01146747391808134,-0.03856744922514526,-0.07184832400790006
0.3916171839634588,0.2603861221620134,0.06005028491690075,-0.4420990275412552,-0.285314104926293,-0.39946970912399465,0.3394322689906071,-0.086401701267484,-0.17404570062062405,-0.2300495160830363,1.0,0.50990100514347,0.1520939464393978,0.0784000807358976,-0.23600613583079827,-0.29088104554531174,0.2927750680010145,-0.009427013631269932,-0.3223817513876968,-0.26928424663065825,-0.39088654009952745,-0.450429075285577,-0.49684680607241327,-0.4302231051396257,-0.4730709712150443,-0.5092470344860156,-0.30946467623667206,-0.5591851958748472,0.4384210206890272,0.31262188431,0.10671681620562407,-0.1926388655612462,0.18042537810711576,-0.04937684282063306,-0.10374644472756117,-0.08824994204888195,0.2537728401739573,-0.17468849601725284,-0.22297516048958246,-0.331134832441156,0.25918517626495796,-0.22567383606805475,0.24747208076647126,0.19378261097817776,0.34529726916448505,0.34096963242957495,0.126519353972724,0.14913789805859,0.3157107664236127,0.4345183843680414,0.2194775223018323,0.4204202763425167,0.20519456568053243,0.16191113839348573,-0.0820181097416365,0.08896142191915368,-0.061174221743845375,-0.23162274019800613,0.2892214781128446,0.19519694570089505,0.4025700288650084,0.27005191653297744,0.29820202996706824,0.23951954035811915,-0.19670366744196083,-0.13245340082107265,0.23619794459851584,0.058193591457999405,-0.5213032946546714,0.19754088510839496,-0.3964486634373264,-0.24688659194160198,0.3096947550706636,-0.28938722526978217,0.0886994906711947,-0.12240687291465632,0.2440103434006196,0.10602239610337139,0.1442864866126858,-0.13285102274098215,0.19268995526730323,0.03834140296203174,-0.09053206209005356,0.09013322069824085,-0.29813400082679525,-0.31764702976204806,-0.21619823918753425,0.09558953834876037,-0.5715484718084518,-0.3155409247028233,-0.212031322622968,0.07201755471492607,-0.17932241803582694,0.015442271049003437,0.19113281481707062,0.038877037148295525,0.07291134772840509,0.03171271311354548,0.20534081950712121,-0.03348646812863408,-0.0636737795751526,0.29814747919527596,0.012017845051752235,-0.14332146064925955,-0.1315394770039249,-0.3357523310595421,-0.09674669172705182,0.10764790852247554,-0.13247617219100633,-0.02515979660620608,-0.15786941972913665,0.1202000530767091,0.23393672732155005,-0.03233083004015399,0.0743768179719165,0.13223531566390304
0.03652789229582101,0.03199741250659653,0.12307704137304275,-0.05612874522425992,-0.016949224528781923,-0.168364313068597,0.40197674179780274,0.19305444921193976,0.01154547612953648,-0.018851905529886574,0.50990100514347,1.0,0.2773283316399605,0.2653010849499704,-0.09518886109408434,0.06772598215097843,0.15092802788670695,0.1386269414670504,-0.23347071663120939,-0.15093712555354222,-0.061068689568077324,-0.3309686460312006,-0.19363523379779318,-0.08102373984928164,-0.17769764363991442,-0.148039892658078,-0.12206717105225363,-0.2393974340207278,0.27050772169921844,0.3384138183019126,0.012540111596609609,-0.03821735651293269,0.17284513718570838,0.06994154788387075,0.2906028278869496,0.23643922567709763,0.1861797927996463,-0.13235723292833565,-0.17093743782568102,-0.24150468547992543,0.1749173758055954,-0.09232547995979673,0.04391387979204406,0.02299310835278339,0.048668092191176085,0.1345841010739998,-0.06543385520620797,-0.1504869906159688,-0.13324568585490817,0.08231061750032102,-0.10658275266405413,0.006028913856042066,-0.18979714806033987,0.05986695460372576,-0.4127160059251873,0.003726011127859162,-0.0341466397162474,-0.08618494647810081,0.03128064992522631,-0.2527372250860948,-0.17671762892747908,-0.05338024029602663,-0.0136121999675417,-0.036394997416849595,0.060679709128012405,0.18580529368065013,-0.0516536972270213,0.22974187144211344,-0.3063335074559927,-0.044343634479707905,-0.15844932734242564,-0.09174160925780635,0.16562631479903567,-0.06969496819891928,0.14970463100948841,0.01110221777075227,0.20126883582571967,0.15375525082895544,0.04988232493812954,-0.18659055888279394,0.11934554722400946,-0.0723325799078257,-0.012768318713955128,0.23751358993378102,0.037352942721162144,0.08066243258400939,-0.06085595046257649,0.10212912868708507,-0.3300141672720513,-0.40912418364597136,-0.4021337848901006,-0.12333400179449414,-0.07390925004109404,-0.0962494045020832,0.05479515077562371,-0.1710079774152604,-0.10182582441317255,-0.030712618999689266,-0.0885354611210908,-0.3645099580971908,-0.10369646838613757,-0.07771788314281396,-0.07169408574093,-0.2783742776715495,-0.09462558907826991,-0.24808565935803134,-0.17351745729379628,0.09137190025282688,-0.2797322582628048,-0.19070050898541882,-0.21809541501931867,-0.18483327597981047,-0.0988978622397001,0.023920514778588167,0.0663994052480487,-0.04735559108495452
-0.2222873349213663,-0.40115790132766616,0.0911234999283395,0.1835600758207127,-0.14419353423238704,-0.07877945931219937,0.07641793701563263,0.08533069192656395,-0.16817130439326033,-0.05233771021976798,0.1520939464393978,0.2773283316399605,1.0,0.4161498867859517,-0.09586130394991399,0.05857206356302122,-0.1678975248440387,-0.05866598364981119,-0.026194402586030424,-0.12444640289417529,0.003615488977332405,-0.0732309828569466,0.15660173563051757,0.03824867748158763,-0.03741485113454565,0.14738622087343967,-0.17500325643138648,-0.03009389135475144,0.03911261062282961,-0.11530057438498549,0.09182158289220646,0.15079422892939404,-0.17728984966216366,0.06762451137224355,0.0369498584889414,0.17281426991720816,0.013046006776896036,0.07706396073634414,0.03136751750584953,0.06786214394118048,-0.12625312607710246,-0.20847088732484928,-0.14840132952589832,-0.20966200677654953,-0.09063921089422144,-0.022577526640906013,-0.2766470715443158,-0.12718678983432,-0.05532441454613093,-0.20735953567845244,0.003254537801475866,-0.27268734364464675,-0.18084204229829487,-0.15321491117798375,-0.20724620696832854,-0.26071082493284603,-0.38663009343698573,-0.3908485106268239,0.1332528745839492,-0.1618253084194945,-0.012355715571187373,-0.136575142188723,-0.2072420073472867,-0.373409611529896,0.4032124995684714,0.40776510328857085,-0.10172938436118044,0.28566934649604064,-0.0882266305106465,-0.19790813074527994,-0.11108794277230423,0.09208512614552221,-0.00044164534378799536,-0.017908421406524964,0.15023632690628133,-0.11210917325382376,0.006453951405427509,0.14863137045463654,-0.22656970098738619,-0.3081700643493831,-0.2418703777276629,-0.3715918654296593,-0.04215856283173712,0.07911093159295657,0.19244899632420573,0.10373160141337508,0.11483477586133138,0.11946102402234854,0.1320088320997634,-0.14205852037262862,-0.10588516074952635,0.22007175065162235,0.4300529847223562,0.4085455969733164,0.04086102270099218,-0.11270765837496562,-0.11297879512366091,-0.05299432907434293,-0.32622303211596526,-0.3755672232107932,-0.09173713571047122,-0.22823753438764624,-0.038074166348334174,0.039958466610375894,0.09129434985415234,0.05769526801726905,-0.17039759025624557,0.01676123055213726,-0.1598797149668129,-0.08794913392658034,0.0990264667478138,-0.22303660714263207,-0.2622203479845127,0.16792279552369066,0.260421933737629,0.14568713179444295
-0.16958016562741646,-0.06225308784853345,-0.1679563810191833,0.04183239878527346,-0.021475143247742988,0.07069467221421064,-0.0761300995126961,0.19448905605318595,0.12242674221403695,0.27228412314249056,0.0784000807358976,0.2653010849499704,0.4161498867859517,1.0,-0.2948637853853212,0.22997686997595107,-0.006104881168540216,0.27545839666788696,-0.32051750395125567,-0.43693044181354174,0.13705109775766638,-0.14967214983859703,-0.3138110039398532,-0.41490605265374764,0.012653276152279928,-0.07620867376604236,-0.006417016123358104,-0.04282226454385829,-0.1259188929677143,0.06547407409921727,-0.33286496194519666,-0.39921597820858384,0.12497320619892725,-0.012603248130171394,-0.22688684428400416,0.21066992658143383,-0.019782886807181533,0.34832250109254104,-0.18403490786247054,-0.04679378188587544,0.08034571632198086,0.2377117220641199,0.034025522369290656,0.05617708873417823,0.08369115125827128,0.2009673299719344,0.07757345056247883,0.14533270564923015,0.1436937233064383,0.1360053639896957,0.15719239481998068,0.09225705971307599,0.16735194722328076,0.020809786592707664,-0.10180284271407591,0.014772314304874096,-0.21344882050810618,-0.2186921497200098,0.21934638995357675,0.10302295759097917,-0.15056162498557582,0.23011439531697514,-0.15468888664236569,-0.010409719117998678,-0.06769703233498053,0.4653174978191564,0.001609405218226721,0.03995503324705585,-0.1004269685474332,-0.06705225258275903,-0.03243426717014628,0.24813694249486914,-0.14648346690690028,0.3166907105446789,0.1191561131072716,0.31197276398287266,0.32182487868095466,0.10943090796268305,-0.10995868480219946,-0.21776781727635022,-0.10531166770545485,-0.18599325822092536,-0.49855745608215224,-0.24259451629367798,-0.2850375018305,-0.283823951171149,-0.3431343589191163,-0.16981191715412172,-0.10672039441514601,-0.28488537775005984,0.04633123189758332,0.059729936936736776,0.2363485183441246,-0.005046361624620532,-0.07604852999773315,-0.19476053132779167,-0.08776942827349687,-0.15273323792398388,-0.19379279502517835,-0.31271648322653095,0.0362935756645342,-0.19695475942567237,0.05993634265612556,0.13686265961918573,0.2383445471022234,0.16316964752581667,-0.02716322256374397,-0.12826743558090786,-0.20606006375600822,-0.22706005784512773,0.0453863621302968,-0.10433813041889822,-0.1405015277526275,-0.07580337164401715,-0.03478670265339399,-0.19139928007327656
-0.14210108105320143,-0.26783995985006104,0.23631812260161297,0.2106469154434062,0.7595524647215822,0.6628112662281873,0.027180777243590807,0.25366338811640843,0.6568095483533066,0.5430939297535342,-0.23600613583079827,-0.09518886109408434,-0.09586130394991399,-0.2948637853853212,1.0,0.5673278970788187,-0.2070083269330102,0.11315510910833747,0.15236426425143956,0.2548443689831323,0.6369678787861358,0.5106935508168496,0.4143826306377045,0.36250048730291795,0.6381840862798329,0.4701747991912387,0.6423669162570741,0.6102100080905017,-0.07843767519680286,-0.18808862265019638,-0.16589176643600173,0.2315978248142189,-0.0807197737043648,-0.18311120672190292,0.14799296097312556,-0.21478076858298434,-0.17331924021066697,-0.12600765197265684,0.3967542016548997,0.30787614073598385,0.002472810945262478,0.22378085746624182,-0.4501749206628743,-0.4265159045370986,-0.519615277106672,-0.5228662188656614,-0.33518111455485117,-0.5088977746695681,-0.47926049825299577,-0.4863749411052075,-0.48695475896389334,-0.3967742068041462,-0.27370277767362794,-0.13976871645866568,0.32096217483938394,-0.27052474112739666,-0.08162578559545947,0.011707882273669411,-0.40734904584429615,-0.3275578904948261,-0.2920853720852794,-0.390087608033215,-0.10096548187171078,-0.055349543792567554,-9.456292915145655e-05,-0.2885964453349588,-0.31653587676270145,-0.0946290240267807,0.19682183543873408,-0.23464222857275643,0.1537711682095664,0.06642501842152715,-0.12448622320921145,0.2284892934259448,-0.36597876087447817,0.1499643945773475,-0.24542778281091226,-0.36034571080544386,0.017153484121823128,0.2894153069269811,0.008818541629843015,0.08078589498711522,0.7496499466569739,0.5358445331207016,0.4507803297884943,0.33909820146714115,0.360890253648948,0.01498819749736715,0.5473057980812496,0.4395544176598612,0.04916101612177199,-0.2705200279026463,-0.037861081284103516,-0.04542505911868351,-0.10521180886747446,0.17090627988743806,-0.11454355091256997,0.1239645866991299,-0.106331502868647,-0.0023723967604501644,0.013203312509723522,0.04153004483361508,-0.11170466906672848,-0.02937551763119027,-0.1470187613111273,-0.04153795982007189,0.009209128125972306,-0.04811089333469655,0.30276180948084397,0.12878895785962824,-0.14365062517956873,-0.24915791126262687,-0.20835558817249017,0.1080874608469469,0.06502758845150507,0.0896027731378932
-0.2147979572967738,-0.25018505859647505,0.20084821162809713,0.24718378805066943,0.8046252656049349,0.8309744359965305,0.029278496081018165,0.4261337163961252,0.606900058143553,0.7416475707656052,-0.29088104554531174,0.06772598215097843,0.05857206356302122,0.22997686997595107,0.5673278970788187,1.0,-0.26528650161800693,0.229542209731617,-0.050962593606696305,0.03323444674638721,0.777260789950883,0.5123613521693128,0.26195489014672235,0.09634062093659013,0.7263906061040905,0.63185367041815,0.7902645523267963,0.6375592199090157,-0.192447545536309,-0.02977790870585581,-0.2684444631260685,0.0254670599726309,-0.04325402610158849,-0.2142730679619869,-0.1758358871297434,-0.10634513129744981,-0.11708945618673346,0.12997006343367323,0.17948434301162708,0.3093076462337688,0.07536152047372359,0.5679690206862935,-0.353007692751185,-0.2940857836793031,-0.3972364640447835,-0.3120638682024261,-0.12875841891673345,-0.2561279671287113,-0.43154887358091387,-0.40995660603152606,-0.4630714418134785,-0.2674724850486665,-0.09683591493309172,0.04709223151894201,0.16247451033344484,-0.1860803618697202,-0.15892850318323237,-0.07161969142357674,-0.320700148542255,-0.28963264133813105,-0.387474229412075,-0.1638363842660454,-0.267116131866915,-0.15004571034898054,-0.09507970870906352,-0.05339159234426573,-0.4432176183515261,-0.1913541101417903,0.1987959158291778,-0.17915021695611502,0.3102613788048011,0.2846618246418598,-0.1744707043404538,0.47079433274714505,-0.3960771198324672,0.44303655738868253,-0.11816522558220403,-0.22210687109961388,-0.21944599380700772,0.04945773877417492,-0.0791787696607805,-0.0406973728607995,0.2795726741949701,0.5418294913463475,0.10741021803929658,0.0551613807322709,0.11363312939723598,-0.26380494480089683,0.3048448886377982,0.22529226273374092,0.1593725679308907,-0.20865002449315168,0.10843348581333008,-0.03851472169870334,-0.2360102002838837,-0.04491575856509177,-0.1923454259334726,0.0074549264549447465,-0.12488393539942787,-0.07736760615027918,-0.07050492686893256,-0.05934927114970259,-0.20619211752791597,0.013059959223649309,-0.04696384809804558,0.025766782776978473,0.01935568766076642,-0.20962290987773,0.14085608877613218,0.03625344609541894,-0.10904475414093169,-0.1032142839864896,-0.1410532231475088,0.08141744111425699,0.0032719292938365907,-0.060562313868707404
0.3916133086140968,0.13814646118451576,-0.42471807663443495,-0.652536130612199,-0.26690959901546346,-0.30958386899161555,-0.14649684908695387,-0.5733887869124559,-0.0944020274941029,-0.1492315893107848,0.2927750680010145,0.15092802788670695,-0.1678975248440387,-0.006104881168540216,-0.2070083269330102,-0.26528650161800693,1.0,0.5309225513982387,-0.14042904921445043,-0.02488367792155905,-0.229183125189131,-0.4767705417501573,-0.41549668338662693,-0.31507234479480006,-0.20689464472644498,-0.30356997903185096,-0.22621483546306514,-0.28086820819798197,0.650176960219812,0.5317616313629783,0.21996319133849973,-0.04044761044635533,0.4003925536922405,0.1690469144575855,0.16725315502814,0.07507067001680726,0.5652116544326062,0.26930658006215163,0.07959435694807981,-0.1264049323480762,0.3441065489190334,0.13706590386901454,0.2398240769509958,0.21610492461828204,0.012357835415727563,-0.06945131708332763,0.09732208072210387,0.15621024710930928,-0.14007384537929138,0.15478983001409155,-0.14966983167400355,0.09017182679764828,0.05233161247668491,0.20348948810340983,-0.17047344739304385,0.19029132467818527,0.6614911665940517,0.5464578862926863,-0.14650152109965883,-0.18475604626646672,0.08867967959279004,0.05135193359389754,0.5287338207222417,0.6226390238806818,-0.263588851608509,-0.46066793160213154,-0.08211762232765162,-0.46229065020022364,0.08005129463586642,0.1117823357501976,-0.017410102873958187,-0.035443648680580364,0.5534038414132654,-0.03879444978066905,0.4756749425601365,0.17817732151179613,0.5360385662358088,0.3144562546854568,0.7492108209016879,0.463333533087519,0.75464824782879,0.7594169617147749,-0.12187462285458184,-0.11166835771188202,-0.1033300374079345,-0.1683126633177258,-0.08024773349350356,0.05827302610852428,-0.2517104122062804,-0.39390738469489195,-0.18498053396492367,-0.017864793570340928,-0.4942458453230255,-0.3016666576220682,-0.1233806084762431,-0.18762259720648158,-0.08894591973757458,-0.20710628489431435,-0.044446816459640194,-0.10638390938905269,0.06419059634564846,0.07516912752109121,-0.13791501290498542,-0.23278473819197723,-0.3317894067296865,-0.15396717557732564,0.019159142781348528,-0.19119980817196522,-0.06949952090498653,-0.19940263393187976,-0.016608873171647078,0.1476749287714648,0.12256041716308039,-0.3283300337689156,-0.24531823172510803,-0.2827969114647823
