1.0,0.29018412984418945,0.5651006472291119,-0.04883237050073967,-0.06945603015092598,-0.4342401667780329,0.451558192677985,0.2631353407600519,-0.13767435531161734,-0.40951958838566416,0.3374910160817262,-0.02573840763283716,0.3005644812589424,0.04413573695934041,-0.14439483355567895,-0.29483317989097974,-0.061114886477403645,-0.0671879083697302,0.4116942700528379,0.06860880896600559,-0.22616513463800822,0.15314965300884736,0.36588336925773324,0.24785061174063133,-0.4637595734077332,-0.30346187334031566,-0.27343513821542326,-0.23124892221211782,-0.002907632560881228,-0.3430759120580225,-0.038300086425595625,0.06200563325068643,0.16124539097597212,0.2041572446729739,0.05222555473375826,-0.11781015907328281,-0.34950463192695636,-0.5756322557603273,-0.42917759359139757,-0.27620424160109025,-0.23332067208909782,-0.3441352051407027,-0.21982464215186556,-0.12606831200577046,-0.0010658751650257506,-0.25791799780495517,-0.2993858265231744,-0.3656395420679847,-0.1970954798377137,-0.2737706732243537,-0.33732383209480227,-0.42349975252717553,-0.34614121505905054,-0.5075696875853718,-0.10847667861053138,-0.3571797336752417,0.01700518496506795,0.20238082968901286,0.4181178653067406,0.20051722526679996,0.29340474599977295,0.39349986199401615,-0.04941744541677379,-0.005744779093396528,0.17528379061901647,-0.050746861603591716,0.22769326708099957,0.07053486592799234,-0.0491751106135304,-0.14603968735534933,0.05602150617058745,-0.06685166432641404,0.056431898212361414,-0.156844182636784,-0.1130607900248135,-0.2843137940482428,-0.2679904390947274,-0.044273254666651475,0.06594775285914442,-0.1261364616375224,-0.09454810332204298,-0.018210737142521534,-0.3230857514031881,-0.18783060743171717,-0.1801448557795793,-0.20585102780057715,0.1392854849453792,-0.2518720098206182,0.3806774045892771,0.06321503645133338,0.0691149320770143,-0.11283792565407504,0.19561616010607388,0.2338461969743682,0.15073351543064362,0.17068511776440418,-0.13638271395510218,-0.30630873123063074,-0.050258478502104284,-0.21163616456892692,0.15157641300153502,0.1779327373510803,0.11299174639774358,0.2967636713612655,0.1936714175918931,0.0991700235585805,-0.31469738686623505,-0.2217244828527998,0.2198203150589542,0.07118145466975777,-0.2658359795698162,-0.09013341302904294,-0.175707431569358,-0.15756469378170979,-0.21942063512634533,-0.34690946203810535
0.29018412984418945,1.0,0.26550903591712205,0.498679141640171,0.3449269108648572,0.15096414026972044,0.15764244680438963,0.3974078396968953,0.09302785469308932,-0.024840582707044503,-0.11359772796994644,0.04166742957476101,-0.050559446548043,0.27478145588934266,0.2914042154285867,0.2013335905751215,-0.4206953460423065,-0.19555349249916054,0.33510323713253054,0.450449525855273,-0.378088194293958,-0.2377232084867623,-0.015392434508966593,-0.05115872387550764,-0.03713331938833696,-0.4474892640341201,0.28945108466120484,0.10333592747211945,-0.3865585046044011,-0.19558009975063878,-0.5325007571023068,-0.4852592937874438,-0.3564444366352527,-0.3123433713461789,-0.3329491900042841,-0.13184513327684716,0.0007367741225905386,-0.22010268480620132,0.00225372199008042,0.19825373446480993,-0.20276329432604231,-0.33102156380550535,0.04634035579328815,-0.05923658365376192,-0.10403835774507574,-0.08852482594287843,0.09053749897532865,0.0554429229417214,0.010838789630449546,0.06728545948549455,-0.24565565624521604,0.134687565301292,0.3167027278943667,0.09371218336541402,0.23988972976939246,0.27939771846272554,-0.36209437713835896,0.1957353914611041,0.3094106444037403,0.2548935284397462,-0.1476764595483824,0.1252654682998142,-0.47092922057725095,-0.29726918932991864,-0.19683818136001696,0.055719783418538824,-0.16940132676134492,-0.3118176917722922,0.45879156360748735,0.23624797828489982,-0.12087930812849196,-0.28510485389463286,-0.29556731993974666,-0.4926815615555335,-0.2281659942767783,-0.11235264797322858,-0.2879121194135435,-0.18458427200721253,-0.23851672087060594,-0.2878760253411743,-0.38931894137554723,-0.3516393734247449,0.22574189233872727,0.2226657082395007,-0.23683465597732,-0.19280005417820914,0.0780740646601648,0.4024016513220961,0.32295611230240334,0.577778650930573,0.5075560819350325,0.3626245376371637,0.28952535831169773,0.12282386364269088,0.2306663423109173,0.08825834063071912,0.17439004952577072,0.15631584628060635,0.2999229244008782,0.23794035166074037,-0.18491294643337466,-0.3618723767618833,-0.2641605234376992,-0.2103558454655102,-0.08652395433508134,-0.07133493590179006,-0.029356092329373546,-0.009851021677318406,0.051058647109979746,0.2048244525123179,-0.16450545476500922,0.029054166737957264,0.1448073872717044,0.03327874946878167,-0.04109450730088091,-0.041609792017251956
0.5651006472291119,0.26550903591712205,1.0,0.2921426606630769,0.0980026058908264,-0.1755115062163937,0.8182174038752527,0.610760325751689,-0.17173672263213122,-0.37028436749118665,0.06321504389368122,-0.10784156562521136,0.0015594900310193511,-0.08693481084801255,-0.12105179359976645,-0.27023711076347495,-0.37376922720340955,-0.15182621208091426,0.7069639677709266,0.44052225512905874,-0.16295633125008482,0.12930673633372403,0.5024780991725184,0.4240680375110741,-0.42214535677640574,-0.4101644015781887,0.10355398132204773,-0.0715116525663655,-0.26396181724791973,-0.2748375698819834,0.07272294228495566,0.13955324854603116,0.0075843448330298,0.038093356149882025,0.012547851764307241,-0.22257910864706007,-0.4774426981908718,-0.608366168118062,-0.20398363410895756,-0.020912299515394677,-0.18139331656633073,-0.24401933835431042,-0.29385575825163895,-0.27543654127516376,-0.11998759027454495,-0.30991573896448704,-0.4263030531497025,-0.4235508388050842,-0.18196615673257321,-0.10967862978756734,-0.5157627919816132,-0.4138687087216673,-0.38165602244308394,-0.5162171576182607,-0.011293625531220769,-0.36259286554658937,-0.08078423592823153,-0.0033956375497527108,0.302619503387368,0.23643703419601186,0.02957638886073108,0.24212130739883067,-0.29410013076490304,-0.22085942662275565,0.19514953815352748,-0.0008673044068020453,0.19997958257904727,0.04621956156565867,-0.1373164437625002,-0.0647476931365554,0.13825107216552676,-0.05575258400698895,-0.12405102370890408,-0.2293069860923261,-0.2841130373898867,-0.2476737764321055,-0.4987663087167449,-0.2547105820892553,-0.2138574560286699,-0.29145611694938833,-0.49956371769435937,-0.2998277462643146,0.014614088342515721,0.08327231444986873,-0.17266911121508138,-0.2166647543237196,0.3222672340384262,-0.010116968552991186,0.5166211464025976,0.2846486983230155,0.14424437619958558,-0.1049209195436645,0.40426376536011777,0.4764570876604621,0.05926631697851087,0.164064404695465,-0.20406645471937465,-0.16144611017152477,-0.13597745710246772,-0.20989793440175578,0.38278120845663,0.240817748524106,0.3121681256891851,0.3814410373829063,0.4236417453930113,0.22408049500460944,-0.1153967995464527,-0.020115316733055586,0.19017451607459707,0.040356533488252674,-0.3757052430480947,-0.24816536797182734,-0.011805969037597161,0.03716649712680765,-0.15270882817337278,-0.11226950353340326
-0.04883237050073967,0.498679141640171,0.2921426606630769,1.0,0.379910116555804,0.5663442326327864,0.18559313815874023,0.572017855061355,0.14688352523433973,0.1909621407169742,-0.3912434952407011,-0.10865199883363688,-0.458421937173934,-0.3032349258267684,0.2685061915663953,0.23385823161304461,-0.5392462498421848,-0.43910902805614355,0.37155944152777154,0.44536084256176456,-0.12119669649074835,-0.07999290774487379,0.30793949753518385,0.09875783099870714,0.19176217529206183,-0.20960913847883864,0.5473791255454865,0.4135276452100645,-0.5516697508752655,-0.3172540506518618,-0.40290476835573236,-0.4096748960028544,-0.5318360426158735,-0.5557441575887511,-0.21592968508383817,-0.19887776938592244,-0.21218929701981015,-0.17206251778491136,0.24770163827982525,0.3494463968173233,-0.2117193132326745,-0.1315661403490147,0.04922282403614974,-0.019223405712583356,-0.08827194360825723,-0.04364030115855817,0.03437149029783108,0.1138417499340567,-0.05297007358690694,0.17558363874629976,-0.1873027317919562,0.05179080943301825,0.031494932518080714,0.043508642274036814,0.16600946430114596,0.13880929253134933,-0.183394764227276,0.013569428873649602,-0.01253880352291954,0.25421714330515505,-0.4898073607635246,-0.2825698106130652,-0.492245552001809,-0.5690256384300268,-0.28166993309211896,-0.08008229390122902,-0.08089690580092755,-0.02308377237960862,0.5323967124936972,0.1693564025483388,-0.17383187285669782,-0.3497617852272888,-0.5801055575200869,-0.48048482697840655,-0.44676197715624094,-0.2511697470257508,-0.5087995362918916,-0.3484490048948223,-0.29251597786556743,-0.39080754177123267,-0.5091646155409723,-0.4525941970729411,0.4576415352454638,0.44520930584079443,0.13783476443405093,0.1064228765209359,0.40052936706361797,0.4398808263222088,0.5245038351945189,0.5668378349359369,0.44911072744332636,0.29414016290746586,0.35145122317501093,0.2000338844888793,0.17378619621294922,0.07111426433223406,0.09703375082812775,0.020875219062902035,0.2142565287026782,0.20110275643053493,-0.11002985268058975,-0.3041661589827789,-0.146053782627651,-0.10136992636840467,0.07295345607170418,-0.02011314324089097,-0.07973730737010801,-0.05747000078169089,0.099831688719421,0.20469434617194557,-0.13290244123816844,0.06412544197186572,0.3319060782693494,0.09271650718562609,-0.10835844991186618,0.06141354350618474
-0.06945603015092598,0.3449269108648572,0.0980026058908264,0.379910116555804,1.0,0.6783626803846616,-0.022776260041920748,0.19559433386575908,0.7429114258271962,0.5310498099894285,-0.1670183619291707,-0.12197373094415163,-0.039677809679670516,0.23764355898957587,0.7318476706271101,0.6668502675618586,-0.34082551049283827,-0.4384828265940615,0.15512850004521206,0.21938173184328147,-0.15064003202354545,-0.27373459718138055,-0.08435872365925542,-0.1214249732223101,0.4690637787786824,0.12189792222020067,0.6974567724679032,0.4068484126409184,-0.22079966190760483,-0.11835731664267862,-0.48901516765420167,-0.5525831524058926,-0.4089746919827613,-0.2529714816486266,-0.09180781245709528,0.05821437446033313,0.017304741512353883,-0.06340187439692581,0.19181457465319623,0.02975901290370747,-0.2048985862427761,-0.09856062873332996,0.13452511169805903,0.09539398479028817,-0.07322339086959731,-0.07542824386658147,0.23885206751670704,0.18812673617784023,-0.010447485908400594,0.08914452716142511,-0.1555168598536007,0.22581883572671088,0.21498865142543405,0.16316769474951145,0.4273691580096531,0.12688951391678957,-0.2057321911878523,-0.2075841853515446,0.03902803730042671,0.07731880290226313,-0.3177924441090128,-0.12412316895347061,-0.507791599658117,-0.4338206497417377,-0.2373435393808245,-0.0027215464106196104,-0.2177557245744928,-0.1643440535906455,0.2032270126149871,-0.008574515030941561,0.003065166446732511,-0.28505082682563826,-0.4428368328942201,-0.24480004597059002,-0.37176527546841787,-0.15096213784842263,-0.19650108157071164,-0.15295224599781482,-0.3401852947098424,-0.3731307218895094,-0.33603436588572577,-0.4491139910070716,0.4595295770471142,0.41548501162997364,0.14215214546036975,-0.19474000488264295,-0.02613826364517355,0.2695748920908585,0.20308252183753941,0.2631598229415148,0.38974193986671163,0.43667477639213315,0.19736259739207138,0.10659501736505625,-0.19420884531455512,0.053665242031735214,0.06194727780940255,-0.025334380221111306,0.15799196834524987,0.14746676189527666,-0.13842499189432683,-0.24079695885713548,-0.2867476346191156,-0.2547933788876931,-0.18051937104163757,-0.11402024134124275,-0.062313965402232226,-0.16709505691529727,0.07120161976711487,0.09181957979575991,0.09025389994185888,0.18198563251641045,0.21602707311459896,-0.05476480344242739,-0.10949849061768963,0.023857221804062637
-0.4342401667780329,0.15096414026972044,-0.1755115062163937,0.5663442326327864,0.6783626803846616,1.0,-0.20060251424414208,0.1343377659680136,0.45262536615618965,0.7185287274569546,-0.4137470169148623,-0.32509596962533793,-0.4459260153110411,-0.1676871920428269,0.4186509372386903,0.6273934413587751,-0.30904104034685115,-0.5102472102709988,-0.0006797949003338814,0.2475085106381296,0.0010513010281327738,-0.20443229958757111,-0.09874513350261407,-0.134301131213033,0.7051980580137748,0.3369012085983248,0.7960341516430232,0.6811995616305483,-0.3743578975082432,-0.06775357965285134,-0.4269754620097913,-0.5318440167820967,-0.5563244257308644,-0.5026356384036815,-0.14343992745002498,0.05167345324058511,0.051395060103711414,0.1594104006684078,0.4129803890618612,0.3191514348717794,-0.0697053169290444,0.027946732572174355,0.3172062298999294,0.17944089703235705,-0.01591601967878604,0.19192400286538552,0.3640533263101985,0.4051916191435635,0.013523511634502128,0.26638277996646104,-0.04245149393048227,0.33626147466030015,0.20924062436930851,0.31807685807291614,0.2532931883745134,0.26991553665132256,-0.12145331065883729,-0.1318287453137668,-0.2353306603303011,0.06991162669446208,-0.47802125665661754,-0.3414262222310876,-0.3942789186679752,-0.4640733552955114,-0.46430053205480015,-0.0868659043514208,-0.23179807012725648,-0.02557437361445235,0.40096788013079226,0.26085671809693933,-0.2788290992438133,-0.3569435725391985,-0.5224763455118573,-0.31578453301550546,-0.3630448867001125,-0.09252564683287437,-0.20647161697731353,-0.23975427343381342,-0.31450197068284885,-0.3257075500770168,-0.2109744420092015,-0.3805421034236782,0.5081548031829415,0.44699883524704864,0.17546446894951098,-0.08019149094404014,0.02213384097790668,0.3367716961394362,0.1000828613474889,0.2385610651759656,0.40953423214654755,0.4729431586603186,0.11214734435814981,0.04895921650188878,0.03020844978232741,0.12054026957120845,0.20428089079687828,0.23983579120248322,0.17373331647916937,0.23827368756936645,-0.16772392215319418,-0.2779339395854333,-0.22222568168807352,-0.26119046346954566,-0.12014065650911668,-0.07711833444716003,0.10730658658852796,0.01494515303481123,0.0711780221995572,0.26412668869897826,0.16517968695496107,0.28094574900957636,0.39302338484927807,0.1074265203064893,0.004272556406324318,0.18093443801611123
0.451558192677985,0.15764244680438963,0.8182174038752527,0.18559313815874023,-0.022776260041920748,-0.20060251424414208,1.0,0.6014399440722469,-0.18944710672416876,-0.3406249489256339,0.0998422059035635,-0.20998176738220015,0.08784531327978934,-0.09040122756135835,-0.10854784572308898,-0.2242653761852788,-0.2962887936048319,-0.03881354834014283,0.5942062607896714,0.39211740657051114,0.047380127265881665,0.07017085758825337,0.5516490570817216,0.4148540266602133,-0.5254440787217375,-0.46853053616482354,0.12378806778630809,-0.026532359066945996,-0.3756504479137931,-0.19080027854710638,0.2632744212414293,0.31830253554721294,-0.06506299604210555,0.006841917044439127,0.0019263598785683202,-0.09675187144206124,-0.4721362612582799,-0.4679414634736186,-0.17908860267228727,0.09789221467686496,-0.060811349911266195,-0.04145665879406216,-0.35728878019643356,-0.40243513145532733,-0.2865240969719927,-0.3279378979825843,-0.5146823892881831,-0.48455217811073786,-0.15038891826972842,-0.2499935487058724,-0.4995512759960981,-0.501398287130943,-0.4294961867230154,-0.5684370521474564,-0.11303169108378056,-0.4811152346794124,0.07588348199257029,0.022835660144454244,0.19811027053372213,0.004983264583712139,0.02574295886234525,0.028016444631867192,-0.17125117491389205,-0.21066568376717096,0.19183432803439893,0.026648814341358174,0.06277649230865157,0.022621821350191546,-0.18888993405038712,-0.004729239626025459,0.08429068717225285,0.0009729653781503488,-0.013064538721299451,-0.20658047883965838,-0.15626771166335585,-0.08598279250275079,-0.3716808585839558,-0.2039065185548175,-0.22791531223979522,-0.1664832731507302,-0.45984582475781677,-0.2853714078193003,-0.03694372086640377,-0.13575828941041687,-0.2595968219203069,-0.2832455369593649,0.1804430181938619,-0.2069015709795148,0.48052338203654577,0.18506710837391216,0.11780680606985493,-0.1190038209732614,0.4889249127914523,0.6864301291541838,0.14530604118584584,0.2699916969084229,-0.20822818107481134,-0.008835204619830847,-0.20683257927327628,-0.12661624586470607,0.5750234779370665,0.45159684406299266,0.5585234021319364,0.5105359908284723,0.5754956258359669,0.4352587485537868,0.08833706028516689,0.1674691189016102,0.13627967843100175,0.07246341784336836,-0.32380940204564945,-0.32493596776452793,-0.0022437743161076618,0.17797347516526382,-0.08907332743318684,0.024852603197893418
0.2631353407600519,0.3974078396968953,0.610760325751689,0.572017855061355,0.19559433386575908,0.1343377659680136,0.6014399440722469,1.0,0.08347822792830001,-0.0041643292654201395,-0.23324130265938925,-0.12595745033831413,-0.22995903789452868,0.017338565771004323,-0.006177656234914743,0.03168475558832881,-0.33752786288297665,-0.2686525935425344,0.42845032138044314,0.4601188871740524,-0.11548964357961211,-0.19524829556074946,0.34028398932986104,0.4381992994634963,-0.23219881028565476,-0.34744672110627167,0.2462584355088346,-0.030200137978918965,-0.5281880017704547,-0.2881495363069409,-0.1679179064444047,0.018677211980553957,-0.33459046296914596,-0.17753836198816564,-0.08352841655070833,0.0006894141240458148,-0.3128084023900001,-0.3712714493151498,-0.0931276210904495,0.21025643348253525,-0.179416418995495,-0.07954878947289598,-0.25947961029575667,-0.2947555168049349,-0.32765337922090054,-0.1794664678603613,-0.32354332278713416,-0.2311833533825949,-0.16052884690761346,-0.10622751385967766,-0.44401267903457836,-0.25584595752498923,-0.21672797056454865,-0.33058583740639824,-0.058348809172550586,-0.30886118107542093,0.013464216377201963,0.01088337997786928,0.08273553493276975,0.06534282351097043,-0.06636221722698633,0.046838431922516625,-0.2080703346814719,-0.4038097708597905,0.15747941300306742,0.3476392695282657,-0.027041478325424632,0.07815817842022388,0.012064832725094538,0.15212953288121955,-0.05017004319737497,-0.1420876692209737,-0.3781693395932225,-0.28468451497731356,-0.2631997538081718,-0.14646067199152032,-0.44374140943062124,-0.19597266807337937,-0.2904563473220916,-0.4129102543711595,-0.41705852437708335,-0.4573204936052775,0.09259241315705823,0.05626738020566474,-0.1304264390556512,-0.11130581452398298,0.23024726043332622,0.11972765570106021,0.5731163423891973,0.5825361111381494,0.26766421780794664,-0.04276520854110422,0.5545857927463412,0.3811063901826263,0.17529098606157595,0.10712612339081555,-0.25441771200346813,-0.023630010070958992,-0.2578920802688351,-0.1263957182773811,0.23871949742971268,-0.061273844472131994,0.10291537786710737,0.09241482627777291,0.2048821328949717,0.1669398637578506,-0.004940570593388338,0.11074438857313001,0.16415163240551323,-0.042585415325882454,-0.28690659895295045,-0.35468015184459567,0.027369448292443015,0.02025576853584079,0.06802494231818491,0.06934256133949163
-0.13767435531161734,0.09302785469308932,-0.17173672263213122,0.14688352523433973,0.7429114258271962,0.45262536615618965,-0.18944710672416876,0.08347822792830001,1.0,0.5762491424763302,-0.12054852958848986,-0.15265246587790285,-0.002069015560377495,0.12760684164679365,0.705078798040462,0.5599950630465398,-0.1484436750773716,-0.36510398941917244,-0.013636624195015535,-0.05707080614499023,0.050949035151168734,-0.20486898122430516,-0.08217946279548083,-0.20935477414458994,0.3739058386219968,0.21849738077522354,0.41009538487853925,0.2059532530112393,-0.08508145212576677,-0.14699696392906275,-0.3443271946148431,-0.3552607375524889,-0.3135388846227811,-0.19321722543310127,-0.004858092176918217,0.16341599266444654,0.2181965347430129,0.07318130148938495,0.14689769041696107,-0.057058209801237304,-0.08947333298533838,0.018660925353766823,0.1777946938098236,0.1718870278420368,-0.08257536975241922,-0.05610097000453406,0.29946081217378917,0.24142022328079443,-0.044298299906557814,0.0008798549680153689,0.0351258600343295,0.23223302122636139,0.1936315430699958,0.21606442287109093,0.264574213266464,0.13157278805845185,0.0004411232331663632,-0.21518611559570378,-0.024376532109643672,-0.04362835718973765,-0.16749842057777103,-0.1337845030220896,-0.245792129953338,-0.28914245011358747,-0.1415348974404512,0.011930178253406747,-0.23841546426230106,-0.21404753971669044,0.10067297868776912,-0.13170908264640363,-0.010241315233350118,-0.24371245125299232,-0.3349371081112802,-0.08775904620470955,-0.17628270513119268,-0.12686793936604285,-0.008454547157490418,-0.10666368710614935,-0.24124842793480003,-0.28308170442809605,-0.12234854589175002,-0.35005892709746494,0.29708927617831016,0.1670764981810179,0.2614684990629406,-0.0846128817686922,-0.05264763340488393,0.13449928330739894,0.0585220820801994,0.05044703647017951,0.1492750533782365,0.31404202142393123,0.08475513491932785,0.0384305946544246,-0.27834805925209416,9.303749975666326e-05,0.057387544126985914,-0.042469316293957046,0.04321479081098748,0.17444698339745274,-0.1504805014123549,-0.23277174244380253,-0.2882583295628653,-0.28626839168526924,-0.26474761345999404,-0.158826860891151,-0.0313212301033224,-0.20140243789557857,-0.044068764473601904,-0.004453193893924858,0.18727542329754154,0.06175636778914022,-0.0008062004480134408,-0.10337074995192544,-0.10043974603812544,-0.012536593777857232
-0.40951958838566416,-0.024840582707044503,-0.37028436749118665,0.1909621407169742,0.5310498099894285,0.7185287274569546,-0.3406249489256339,-0.0041643292654201395,0.5762491424763302,1.0,-0.1746427567926246,-0.08850157908703098,-0.09716492440892424,0.13223161830686792,0.3790562113247906,0.7154276543545967,-0.06653064828652536,-0.3598709438459386,-0.24621802171280865,0.022895120799804516,0.16833070838388825,-0.24820001885350113,-0.18139250597933237,-0.1983186066036955,0.7330857473398212,0.5720181386166451,0.44447243856622265,0.3104534933371453,-0.1883433943840631,0.07582127657616387,-0.45453324283181623,-0.47708895756431535,-0.46209309082135686,-0.4094531901150121,0.05496360071129513,0.2119686173524024,0.11730990719397526,0.193278204845057,0.288606010094767,0.21430437370683295,-0.12417653835517878,0.08674730171399049,0.27737096410978224,0.17377957156865617,-0.009406017007008624,0.21051353050103042,0.33170760473744726,0.36815789726766374,0.15850458147608515,0.21039692045617492,0.13919595682017855,0.36152866193608646,0.18681600603081697,0.3705158885739814,0.04049923562201687,0.08050081782873982,-0.030344266393245552,-0.13434604606474176,-0.34334708295906735,-0.21367853921708976,-0.31946345300838724,-0.2513515719667787,-0.13725697723432612,-0.3656525989774457,-0.1783912139220602,0.048393239860289754,-0.35804381134709506,-0.009294186926481266,0.24522156731411915,0.288269508749249,-0.030187946780928853,-0.14501070748415668,-0.43920444138351417,-0.06361264344626748,-0.2064365000635585,-0.03943803167564599,-0.04082674583036291,-0.002595868054436146,-0.1889532427982475,-0.1852530582946719,-0.06964554696923247,-0.2867424982502066,0.15682606755398848,0.0949113284580887,0.2178676918184709,-0.09046894243831756,-0.2288613925048322,0.08834875150528768,-0.045823587733576004,-0.02373468333437181,0.19581626163518573,0.3857903785665394,0.10439664466439137,0.0002911229608685859,0.0909975324022946,-0.032438216456927536,0.09265825195508895,0.15820005359290748,-0.04299476391449078,0.10925344074415072,-0.12877043003401933,-0.252254153844618,-0.26142394844359745,-0.3700254544541307,-0.2776049470472807,-0.16332421788131277,0.010596991393975366,-0.026617994773123228,0.046089128050899,0.03226602929970133,0.2710456436719982,0.2721617696741031,0.2547007778594969,0.04669982257674308,0.1368595916860835,0.2496466175536117
0.3374910160817262,-0.11359772796994644,0.06321504389368122,-0.3912434952407011,-0.1670183619291707,-0.4137470169148623,0.0998422059035635,-0.23324130265938925,-0.12054852958848986,-0.1746427567926246,1.0,0.20309380172170458,0.7265747590557596,0.3071543238796554,-0.018775576376552205,-0.11373848201650504,0.30639565180327105,0.36257119822272366,0.12375396390709888,-0.2330167059900661,-0.001027006694485206,0.22238039259438813,0.3077049598916665,0.16293661594157774,-0.21141713475792542,0.0509266108950437,-0.28472804914077876,-0.14089270238368654,0.2776331742493153,0.05879346956537529,0.223341100328483,0.2711536651627692,0.3615786142824128,0.2604777360171915,0.3491646446789099,0.2560278485471715,0.003990133439087196,-0.04863014033381392,-0.06754217376135566,-0.08070434199388757,-0.011102007449236884,0.17759553593624972,-0.212545548651365,-0.17683969060232843,-0.04627669468678014,-0.10866910054411315,-0.1825227853936879,-0.23606750311352076,0.08497834089987348,-0.21347878344374424,0.0007071023080782555,-0.2627099624976578,-0.2199693168600996,-0.17244104357725415,-0.0310540625669685,-0.21536270170913738,-0.09918519018606775,-0.20712953871051917,-0.1042537486510053,-0.32674944835627345,0.16082481290956563,0.026457481754835987,0.17011346168152183,0.19298417599867748,0.37914911458371436,-0.07758659572463952,-0.336302425300523,-0.20704279968889036,-0.3278732204205544,-0.14617894668679907,0.3294750341554243,0.10650767174535591,0.29976700720934446,0.29224643626931224,0.28029175913349746,0.1776153418053975,0.19110841689050967,0.1692726684234764,0.10885930925191918,0.2554715892627307,0.005981344915753017,0.14684946368537846,-0.21545518277792244,-0.42214046436808966,0.3065934355477004,-0.11621813240242816,-0.0669589396890179,-0.19287465926052832,-0.054001046592484024,-0.2706983058707328,-0.36214071084046767,-0.28133142692946445,-0.11735744316632923,0.08552960981433416,-0.1112372507181414,-0.16951237853329904,-0.07813433782495555,-0.09219145528895249,-0.11418146837354395,-0.24759141507426136,0.17579462108635796,0.18524379752988726,0.17864923732683635,0.0716258377215583,-0.005363737009920518,0.1241404075243005,-0.19920833303243624,-0.1686487868323439,-0.2487620168406282,-0.16558124641771027,-0.047880038428190955,-0.12088444727907913,-0.3993989622206635,0.011912012224203643,-0.08536738657031558,-0.10239388580757598
-0.02573840763283716,0.04166742957476101,-0.10784156562521136,-0.10865199883363688,-0.12197373094415163,-0.32509596962533793,-0.20998176738220015,-0.12595745033831413,-0.15265246587790285,-0.08850157908703098,0.20309380172170458,1.0,0.3240942344853197,0.4794901607737454,-0.03268920416352299,-0.04422067993770019,0.185162322034363,0.42544069556735664,-0.10087945201864348,0.06584354278074679,-0.21871513250515925,-0.2857277001515879,-0.2733188611475795,-0.18153668848148646,-0.11933442626977954,-0.12801906940945776,-0.4437423276229611,-0.47030987142021813,0.35424287487735373,0.2731134099020199,-0.10330185426558179,-0.06892954670813009,0.3678079651149967,0.2979566358440647,-0.008570295382915476,0.01699192829888099,0.1622969156015667,0.0695441004147814,-0.187276810718187,-0.23617594960693486,0.0174248563284505,-0.09069091084646247,-0.15444993237313645,-0.04719031115563145,0.07572020497076358,0.04318680791651082,-0.23022884463567286,-0.08194684697689411,0.12958357493050224,0.017588971564482466,0.11952004710909392,-0.02545433795754283,0.07980052730863402,-0.031400945858579374,0.030514602667110983,-0.09186134109596321,-0.1320613023942792,-0.0502005703624179,-0.057082230794911946,-0.24077389095239485,-0.006772970785562195,0.0888789003327345,0.042690679219423815,0.12773122816392513,0.3198585460511034,0.3573130105923969,-0.1222701820403889,0.046951449017075736,-0.14579688178357525,-0.054452959552858594,0.2619080734064946,0.06897957749119371,0.20058207228657354,0.2380941650486952,0.2138256640329671,0.09995369120681857,0.2196430402480246,0.20357356693780704,0.1239562915294454,0.1865938541735696,0.12863152727857113,0.22273546938241248,-0.19289225932300927,0.1875777799531446,0.054343157238880335,0.4986711922405926,-0.14900124808163898,0.14382040131866664,-0.17768578110007266,0.017953104994266195,-0.1736518172300002,-0.16611380979903737,-0.019051574742525817,-0.2714183899769173,-0.2233339679423871,-0.3093433118666419,-0.2844556283007327,-0.24284071928604933,-0.17816018582081,-0.22713422118946608,-0.12700057078247295,-0.22313328523175974,-0.2085157676230665,-0.21239322547392758,-0.23792377687036845,-0.07170064273338715,-0.12730269540489664,-0.10566081046260074,-0.21472904621553543,-0.30080994878117373,-0.01840797064312677,0.038045274756812276,-0.010399067544052589,-0.0956582232083526,0.07952592952517638,0.002115360547757347
0.3005644812589424,-0.050559446548043,0.0015594900310193511,-0.458421937173934,-0.039677809679670516,-0.4459260153110411,0.08784531327978934,-0.22995903789452868,-0.002069015560377495,-0.09716492440892424,0.7265747590557596,0.3240942344853197,1.0,0.6096009049110749,0.15103013438849855,0.07086722416557613,0.2854238475294971,0.3454371983016644,-0.07919078010920329,-0.30834017448863615,0.04722682004541451,0.02650876117205036,0.1557311987401044,-0.0015885588354592375,-0.22761400797017547,-0.026446233332647725,-0.3205454863952993,-0.2913556046311548,0.2679145924327877,0.04829862501023404,0.0178080816718971,0.0896629604259432,0.2711551021083556,0.265423373967017,0.24176534609920594,0.1665885722072499,0.000740981700494449,-0.037518026920166196,-0.12046522470204021,-0.22370952507952704,-0.0053205506551425984,0.067649982023323,-0.20773747908582957,-0.24480959231299262,-0.058417787182554234,-0.12107308374216932,-0.22803283601056146,-0.2969715714609885,0.25621699417150756,-0.20909439190804868,0.18851530357205085,-0.10297493225297494,-0.04879904143653397,-0.1587738419575737,0.09478665646140759,-0.26425535146680273,-0.09781248659239752,-0.2210243117412026,-0.05786069084471152,-0.41198979762434895,0.1586635334261439,-0.051899088845739544,0.13480776543114187,0.09535596790739836,0.41709598116256086,0.08714777407091372,-0.25551879932579125,-0.16134968719706927,-0.326150216395036,-0.160639257355038,0.4634844614111381,0.2042685655234591,0.3855540532673949,0.2645543733081499,0.3054104406374865,0.1227860574131206,0.25572450253806567,0.23134093398267197,0.09349543231041964,0.23980279424579518,0.010309745204192517,0.08546258737976481,-0.31714034026892685,-0.46389213453466127,0.016535639563135057,-0.1631183215017214,-0.15791532676296097,-0.26029137284447457,-0.02734981707837253,-0.22192440731640273,-0.22949029841877994,-0.16722303069474279,-0.0026409141677733484,0.15949349200455926,-0.13848874468288466,-0.07372754193789809,-0.08790750725418016,-0.1845072868263957,-0.09855850669178359,-0.2610881681917415,0.10664398829035732,0.16283363197811984,0.06986119835048367,-0.03285295601074433,-0.10040462333683958,0.056163185869013796,-0.14887159340349415,-0.1357495039416534,-0.0854386309614021,-0.19924600123577274,0.07405181852088948,-0.1209012192149542,-0.363161954389537,-0.04351635051450747,-0.07337684928843345,-0.11851561181329895
0.04413573695934041,0.27478145588934266,-0.08693481084801255,-0.3032349258267684,0.23764355898957587,-0.1676871920428269,-0.09040122756135835,0.017338565771004323,0.12760684164679365,0.13223161830686792,0.3071543238796554,0.4794901607737454,0.6096009049110749,1.0,0.25016203428395156,0.38048110806207025,0.18037345652932107,0.2716173199048523,-0.1952010950492711,0.02847172733019343,-0.18754418100446438,-0.28350494924291153,-0.35308953950282007,-0.008993328031629158,-0.060938602650202844,-0.06254311297225053,-0.1103927741777054,-0.266241311701097,0.24233010705705574,0.2575708745182237,-0.2439747298292091,-0.15595910960798012,0.1514632757317389,0.309829197183486,0.057242147855179865,0.20703236765020142,0.2836401582375448,0.11094197102082898,-0.1010264375400499,-0.1487837939833541,0.08994400124074442,0.0280539077899868,-0.1680647800698721,-0.17755992022563338,-0.1812460294546765,-0.10922837397653075,-0.10393732204490308,-0.12861894441927163,0.1372001560220467,-0.15138032399099077,0.07393472609946007,0.0796660952013672,0.2761061435130102,0.009896365156860739,0.1785116845916004,-0.05950272258626447,-0.1460709700899505,-0.13807320321888664,0.01431007841420934,-0.3280563136348466,0.1771873613763378,0.14689116071241817,0.06253756923398802,0.11083667569195083,0.2879208636272498,0.41693504906874834,-0.291632894421979,-0.24243246345363603,-0.3080914752900694,-0.005198380941847828,0.3449086571166025,0.1771877220353439,0.22769864213098615,0.19760509001112914,0.2006876497389908,0.1944343217879242,0.2749080484855773,0.2705495770481363,0.024213254571410117,0.11702517703641792,0.08639642373242142,0.012452087483662907,-0.1404829383142335,-0.08482298006195339,-0.12967158201810772,-0.07548642617738568,-0.35006622053098624,0.07543415050903028,-0.10314859255015159,0.1647041655555566,-0.02817956839243543,-0.06217988552750454,0.009929158801567976,-0.19016040948945964,-0.14308271507805412,-0.10768497613523156,-0.15223076427931997,-0.028288219301132067,-0.13609008426357017,-0.21223511329847275,-0.15417076570390048,-0.22207356171469825,-0.31090855015268387,-0.34099267078509576,-0.37648980442341523,-0.14086148164729326,-0.07786421153790755,-0.10553567871018804,-0.030999862003883657,-0.2736044210642864,-0.05151464139474446,-0.1264250641374178,-0.2068380275285318,-0.14752392365667566,0.10580163282469403,-0.04136293736427238
-0.14439483355567895,0.2914042154285867,-0.12105179359976645,0.2685061915663953,0.7318476706271101,0.4186509372386903,-0.10854784572308898,-0.006177656234914743,0.705078798040462,0.3790562113247906,-0.018775576376552205,-0.03268920416352299,0.15103013438849855,0.25016203428395156,1.0,0.6154222928811642,-0.30343859341376994,-0.3632128234718768,-0.00821411821873163,-0.01992410455138857,-0.02518396099541077,-0.09307242439543867,0.020200978000153476,-0.1718599339134785,0.21242886028592717,-0.0498359638827367,0.46116559254337725,0.417865969031917,-0.1333717661520319,-0.09707098007467284,-0.4543830474567228,-0.44470305365094503,-0.33563055114177986,-0.2840394279708643,-0.07741846915914884,0.008877841920826982,0.23166692494556906,0.1819727166021194,0.3068424494398308,0.0015512137212341233,-0.1000332689120424,0.024986309827413386,0.153808632634566,0.1437315660192666,-0.14109855242895553,-0.07390284878497769,0.33928159704095906,0.2735889798926948,-0.00027206239989702483,0.013894074201501603,0.05127777007372678,0.28581146607298424,0.2887213471620882,0.2823856287434772,0.45093293899350545,0.31121979829770036,-0.2364281227704672,-0.2982247137842081,-0.061923189471068604,-0.09292478315240162,-0.32942591535113475,-0.38470333478058644,-0.40358452777531795,-0.36400596674663577,-0.369644865374003,-0.18872407901015312,-0.40402835003772164,-0.3533599582037244,0.22950976251145733,-0.22055864831990132,-0.018078700301032143,-0.2581393580617156,-0.2546972984390653,-0.20432564433673203,-0.18613237099757746,-0.03177793928924456,-0.011570951534491922,-0.019782093522923684,-0.20518463701134687,-0.1854605214447594,-0.23481318142919425,-0.34407836572742534,0.5246260932332224,0.3242018683800538,0.2286467141116557,0.010827630794400387,0.11773110727180006,0.269734563805074,0.1197226497607885,0.15960042599031624,0.16822455502920577,0.4428949655918015,0.0557124470260237,0.08731490051048,-0.26716282162962385,0.0385099731043286,0.26409934590080747,0.0402344511276361,0.251871508200639,0.27323698921874084,-0.2094345418791993,-0.18832321193673018,-0.3181061910522251,-0.20601041867355258,-0.21013376764870045,-0.13031027177060506,-0.07174920335235123,-0.20318343141781342,-0.015301986565184311,0.05183401851242949,0.19747524789315743,0.1766792051050089,-0.03522448958252098,-0.015031020863942498,-0.2880469915995255,-0.14007872038887842
-0.29483317989097974,0.2013335905751215,-0.27023711076347495,0.23385823161304461,0.6668502675618586,0.6273934413587751,-0.2242653761852788,0.03168475558832881,0.5599950630465398,0.7154276543545967,-0.11373848201650504,-0.04422067993770019,0.07086722416557613,0.38048110806207025,0.6154222928811642,1.0,-0.02870540289773077,-0.19041786948631334,-0.20300402927839603,0.07376918590520519,0.14465237587718952,-0.1266555480740192,-0.2314961300067276,-0.16038775582295295,0.4339569922360253,0.2314258705528924,0.5407442728100901,0.38092179725763897,-0.0917157806768436,0.19109505898175724,-0.45353384272989394,-0.4551225334579899,-0.4114401615784872,-0.23067101040286847,-0.012804137413894348,0.06991553836695108,0.2790683168441575,0.2617263558143672,0.2898473092301889,0.13676835897760053,0.041753755386021996,0.06271593704910877,0.19975579502278495,0.12054439598979173,-0.15816975474710382,-0.032766514506000134,0.3154030677351455,0.31387892884716206,-0.1022804578645942,-0.0629232546708377,-0.026348118529544846,0.15512284617327454,0.20081726232595706,0.20296717656681035,0.25875330347616043,0.12277396822790677,-0.024784137486944992,-0.11306325553893182,-0.3619699244362067,-0.34360132230580004,-0.2958906697104606,-0.2685907232268099,-0.22838336784675478,-0.3494003488344041,-0.30212950051745324,-0.0005371842156685156,-0.486232269640801,-0.20644786804984186,0.23485221059760003,0.06923041699295901,-0.07967084265084765,-0.12867542603497706,-0.23094694752895667,-0.07822323846129739,-0.17020736497250627,0.03936072881800023,0.08605364953202854,0.20284142785033654,-0.017074028050408765,-0.0331572633001376,0.018172184002203346,-0.17017576484802185,0.32988823748341173,0.34592246804450144,0.10704367559550437,-0.06813478660231626,-0.18818045605251277,0.2480545957182363,0.03391283766398493,0.15846902141004793,0.23819003239973077,0.35630167585393535,0.17416602978793536,-0.05168720841428792,-0.044622312522264264,0.0985591374474068,0.14962942873833487,0.16258662835881804,0.09778892157780693,0.1647614070378337,-0.18536169299228153,-0.22893796789590382,-0.31905976009393633,-0.34687237970215895,-0.308794402794552,-0.2059666704452729,-0.05726073687827156,-0.11958970077061591,0.18128640255768327,0.0009341835365488402,0.16372304380649177,0.23661725955455148,0.14143232154417462,-0.15707919468702183,-0.10837389296297585,-0.03173951287547942
-0.061114886477403645,-0.4206953460423065,-0.37376922720340955,-0.5392462498421848,-0.34082551049283827,-0.30904104034685115,-0.2962887936048319,-0.33752786288297665,-0.1484436750773716,-0.06653064828652536,0.30639565180327105,0.185162322034363,0.2854238475294971,0.18037345652932107,-0.30343859341376994,-0.02870540289773077,1.0,0.6520503230088898,-0.3174367888105058,-0.23539527264844207,0.1641994890701798,0.13630233125498822,-0.238860697320774,-0.039741829617128986,-0.1428574048401263,0.11074873828111248,-0.3118560781751918,-0.3123402320078977,0.6052643683391639,0.386147634717535,0.30141400291683573,0.34456807488560387,0.4441183888819876,0.46895783160209376,0.07579438328610053,0.06590517224373442,0.3564792456827205,0.31311713366460625,-0.1048449956581431,-0.1475437860641794,0.36807203630735835,0.07794260328249197,-0.13670023798616138,-0.09618252049803985,-0.07655399650203715,-0.1202147742602782,-0.10615348649501814,-0.04052150285167963,-0.23970430157950814,-0.3754385915519829,-0.04746212105012694,-0.2843746411922842,-0.20178604568105826,-0.10277182238952695,-0.07174678718946241,-0.11879204142044697,0.4975212279868285,0.23967508893643255,-0.32160743496710753,-0.43416155502380555,0.35674683860338446,0.08515075213745936,0.6184283348397014,0.5206624371580526,0.2012627996384963,0.016907064972112622,-0.2146982630111636,-0.08772651840985983,-0.34075026377304174,-0.09830117476687274,0.12636496782557646,0.2593870104518914,0.5563167359670176,0.5935066025426416,0.5086719078129457,0.36735162746421607,0.676538316971542,0.39531368611550916,0.5839311923580147,0.6243652144109688,0.7298189207341993,0.6866950742585426,-0.1677983835260056,-0.21326677949874676,0.0028060746442955687,0.0874098870242525,-0.17675532155534232,-0.07395268565221681,-0.32518289605781747,-0.2693117672919393,-0.34921253007584524,-0.3658226662517021,-0.23502233091422067,-0.24456565690058926,-0.12866314137315146,-0.004826766442590262,-0.1501549094844187,-0.09706482398727923,-0.141870538175631,-0.035037541429946875,0.062238093693737305,0.20892561105550692,0.18704464473018115,0.011082247104623312,-0.08813458474687248,-0.11295082306842291,0.05402483588224984,-0.04159631140863184,-0.14910262037478406,-0.15845365346576207,-0.06883473680439865,-0.08846849287779182,-0.13862221413730044,-0.017750093843975388,0.0060373045197276085,-0.00020206494773354486
