1.0,0.48559044220239594,0.022057845035053678,-0.06427681473762838,-0.28797587227531163,-0.39727226337293836,0.15636249032701532,-0.1551890671522558,-0.17622116080817174,-0.4557635937122408,0.29786377356806726,0.08767822838507347,0.1207475476533154,0.021448390727248075,-0.012736465818054836,-0.1870836642316035,0.4377420268720041,0.20925083119188106,0.5428142646932526,0.32942377293294367,-0.17870098824550382,0.06475078916369444,-0.01374902202330498,-0.1725605844732768,-0.34654437642424213,-0.395101561139577,-0.027488994406038286,-0.152731044953887,0.42782943819362385,0.0009096322560035578,0.022462906206475654,-0.15134247573068157,0.40034307485464743,0.013349610052776005,-0.11086482157710834,-0.26877763169348795,-0.04989030289783366,-0.293818213119314,-0.07436258579639997,-0.025357712512314792,0.02833190298786323,-0.03170206715537228,0.10963905842454248,0.10336553058792466,-0.08109311965935384,-0.34950645901094957,-0.04418039301743494,-0.01826661865145783,-0.10887451224883321,-0.2764031906999119,-0.17488932141045388,-0.25291419439883256,-0.04011550708815079,-0.022435854906550597,0.10485507895847233,0.242778045645919,0.46817502936724137,0.40286827557954213,0.2176213485756614,0.18546908923095845,0.31894942656834163,0.1103939670460901,0.3207689448010253,0.3025732346057001,0.0037772682377063484,-0.08010807321790339,-0.10962438977810257,-0.4996419655821804,0.24545289826839498,0.038305811202388115,-0.23837119779453966,-0.41166413758369336,0.18548700344447544,0.029850820388546407,-0.05750045117755437,0.0674578492986987,0.07512260701828109,-0.07543688707234762,0.20023338586830716,0.11846226494450289,0.3489432679714254,0.21425456773309765,0.21005665800801998,0.10642461044724985,0.002933871624956539,-0.24020102547190336,-0.00855003577093492,0.0815228996723734,0.1918455624013786,-0.015965213521131463,0.007858448518745852,-0.03882702487021888,-0.14720208790252248,-0.010751367118596334,-0.000559306741098555,0.2634467015928347,-0.007656360673730282,0.30193171756603726,0.10922645148012271,0.08907292218226937,0.12987121895330875,0.09535872556849014,0.08028858492016704,-0.057402749982515676,-0.1355158088323073,-0.25921554646747225,-0.19757731765879394,-0.3212552035594895,0.29757752475085536,0.42147407093608075,-0.22752812085297905,-0.2663371345983311,0.23544613165333522,0.21033366103777276,-0.044976100136568636,0.009668398366649008
0.48559044220239594,1.0,-0.1285010480165649,0.34695585043834826,-0.3406347063049316,-0.1354747648635691,0.05170276129170868,0.34460343928805454,-0.2577712800343134,-0.15581073020796107,0.07708182822582495,0.44467046773659413,0.12332591464309217,0.33631897565744834,-0.03818132390104341,0.04485587006370341,0.16545743966319446,0.14211684813507314,0.3780816221843959,0.2955983781370518,-0.080684622143381,0.01669453605890074,-0.3271300234420947,0.10901293310843657,-0.5003206735854446,-0.41444276440086064,-0.09027416504170493,-0.0925913663335011,0.26403597047182575,0.17737201278713827,-0.10493013963779384,-0.16628934774961712,0.3083359247566406,-0.08901808995281274,-0.12544293036615395,-0.30174430354560555,-0.18997244949587289,-0.28335577431441816,-0.31978722438122364,0.002609793168237519,-0.10590793922735155,-0.06047032641896317,0.09751066092131402,0.06618701827305963,-0.30665527390611413,-0.3825398584250106,0.10549300913806949,0.048596397032565956,-0.022016978325641475,-0.12567887562569952,-0.2853282893834707,-0.10846115248475711,-0.045384222570654185,-0.01308943397144387,0.014587296277902612,-0.0125175181341561,0.3275677308041283,0.37300793743838023,0.20263705627515452,0.38230148601240865,0.1992240469456877,0.40697292484144726,0.11912173443793063,0.21836511047631,-0.17084743674831376,0.2921774057326479,-0.10892071683563423,-0.3829536370820267,0.203335376942294,0.0328411144877719,-0.3145118745420047,-0.4942128433726606,-0.018344273185088595,-0.0032504736964720444,-0.1041051741643182,0.07939328994259459,-0.08095223154450326,-0.20436303815985749,-0.04274770771905008,0.037506391089313064,0.16153016841499993,-0.07643500023001351,0.018961435169435707,0.09095051688224845,-0.13140149701843973,-0.1495925168615263,0.02639637731469043,0.18492803274606526,0.06805592402008322,0.13573097406850007,0.06491815665510839,-0.004826880092864822,0.09514591563132102,-0.30759085207714976,-0.0113109239297193,0.17831476030008148,-0.2248049973676399,0.2678405409644873,-0.010992798855808126,0.04537190056248726,0.1322456077728128,-0.18392591244418507,0.005463947078816774,-0.2743012310569737,-0.21800757721495836,-0.20262653992327537,-0.03829209033817427,-0.17990097792954984,0.1491796591729453,0.26468450343620054,-0.40660613722795275,-0.28726159330646805,0.22107911472719705,0.05829661551808133,0.1881567552095173,0.09956861726870661
0.022057845035053678,-0.1285010480165649,1.0,0.0038093511285878495,0.4242083176074024,0.13360259643174258,0.6286136015656236,0.05161870979052648,0.3894561097888319,0.10582978966628308,0.13872556133021272,-0.09120620248989572,-0.04779243046126254,-0.26007510306192855,0.34759760499883735,-0.13583214117379974,-0.40357825816950416,-0.3579357798900967,0.13490806663583962,-0.05912617245139983,-0.1484075173420207,0.05608803598682595,0.6712877200510821,0.30217359103379376,0.4123334227424483,0.4224178045848989,0.1689971975860151,0.2251513755369429,-0.34738134604621146,-0.6164157461112718,0.2814164247969591,0.06591707112469489,-0.23338607490015129,-0.1375292639003108,0.07784198526713354,0.048115284276800764,-0.17781778914353202,-0.27398761075675226,-0.07360168897976865,-0.162526488850467,-0.24610483971497008,-0.40998731071003075,-0.17933909903656353,-0.24318345046326703,0.13359773017637636,-0.005194312017920122,-0.33380449213730723,-0.3757482237979654,0.19625224318752116,-0.07710358757186286,0.3511473571655458,-0.12780632256911456,0.17890141572584806,0.012123755289896912,-0.1379530839841673,-0.329227695268544,-0.29693423938224334,-0.21697051073125997,-0.0015028400863346303,-0.092391866961409,-0.1494763710938401,-0.12296396752872145,-0.22808721783606428,-0.3319594828914191,0.59635611710384,-0.0970539082948399,0.23775742751819154,0.13905348399296577,-0.0432493989860898,0.005644479386906901,0.17491334868343789,0.12490789191680056,-0.5061495724848758,-0.4205989494092222,-0.4291705766658999,-0.2263011454803681,-0.3738039550497317,-0.27054768146777175,-0.3750266305089517,-0.25532414836874584,-0.3695775607802841,-0.27479760750724136,0.1690832648513855,-0.22593129306586626,0.3376106988593958,0.10764852537418919,0.03448041034589628,-0.10119820670012798,0.3215588643248047,0.011558518458162153,0.08474146463496951,-0.012002762673518982,0.06288368079007091,0.3760192266401083,0.00359958131551371,0.281059598563438,-0.19121058891738993,-0.04327083710011487,-0.1777366941795524,-0.3594080669392177,-0.004084621893259538,0.0366903558860213,-0.1361524565034054,-0.00598407640947868,-0.06965675730361189,-0.16379994024601474,-0.10964552567162325,-0.11562701619832103,0.13101180210865465,0.17083087928183158,-0.018922357596654695,-0.009035776801415242,-0.06582470852525238,-0.19618138169988,-0.020793650226572147,-0.014692055102416154
-0.06427681473762838,0.34695585043834826,0.0038093511285878495,1.0,-0.12835007265130396,0.43796344951518273,-0.14356274679579362,0.4218119171436741,-0.2219391762108278,0.0027063362736596,-0.22747918065197537,0.16431383788057002,-0.22014400061739184,0.04771125828002171,0.017825478649073474,0.2893609807404034,-0.1621624829426268,-0.17867841981012006,0.13560591636408792,0.22909290965594395,0.09022525396237818,0.25345993723517257,0.04028340468483958,0.5545111764905768,-0.04114364687977138,0.2559879516582693,0.2982768878264404,0.49032179996197145,-0.17305325608862665,-0.01270785326054054,0.10995299491077003,0.07049654480236107,0.14379392491813225,-0.21253859225332308,-0.21680969135738826,-0.2372050506090675,-0.28097742519824237,-0.1572695326513259,-0.2822232807046199,-0.025037655762253527,-0.24152747299306732,-0.16844596916704027,0.26410395695538236,0.3585546448211061,-0.07056348648516542,0.17081599332265207,0.22169264059110788,0.29084930015341826,0.044664848898620234,-0.04270191517097142,-0.035875903888670735,-0.042609284182140016,-0.07857902589761027,0.26134206302038376,-0.10939050992710826,-0.0025290343821951235,0.1270718133800631,-0.001599095888071901,-0.05120257674767707,-0.13236753546507432,-0.33626545310899825,-0.24637480802463546,-0.35993834793357476,-0.36452103765360466,-0.2839669751626438,-0.08882502451582189,-0.07667279057241075,-0.2161875840938363,0.19463267831804104,0.17036671746374882,-0.09148047633656656,-0.14400486438239313,-0.21464663249501442,0.08243691863146364,-0.008117210422212761,0.003321778342207532,-0.31375052469750986,-0.30236377233638795,-0.13982070153661205,-0.2603619172096687,-0.052848969088728964,-0.14650601604382546,-0.08436704676080456,0.03611606935883011,-0.056994105980684925,0.22557606406872427,0.08671819001374972,0.14245903295641285,-0.060125476156187255,0.109270426673498,0.16305320542552304,-0.07899663682351073,0.2476895481006835,-0.3181197204169071,-0.21225844752952133,0.07270991113538013,-0.08401691585856526,0.0463152723071652,-0.1337586753498036,0.016754267022136574,-0.017039231003626195,-0.2427184204161135,-0.15079724475750803,-0.13498606703345345,-0.19830666278829004,-0.1893242346557863,-0.027078359029474464,-0.25269342798906186,0.19665159076592983,0.13659188195994867,0.0421611119323948,-0.10666543061558943,0.050430479847621903,-0.07946219566200788,0.03362393991700824,-0.15484183595582288
-0.28797587227531163,-0.3406347063049316,0.4242083176074024,-0.12835007265130396,1.0,0.2592270881315798,0.1056125107712738,-0.05690259534765741,0.7653362928731641,0.4817583738826816,0.09582368240263453,-0.0395309127400647,0.22858030887211378,-0.17287485141064632,0.41713698908288527,-0.08435305933105876,-0.44616393597604637,-0.4909770942951131,0.010267421969539338,-0.01528239122604059,0.04592774306385374,0.0986458009717152,0.4145769279516941,0.3725974191625627,0.5082831495027705,0.36948692939731426,0.2161824366552137,0.2075746627840788,-0.36407184177108154,-0.5158805524346641,-0.036734501887728234,-0.34201684227436735,-0.46296568186054404,-0.32980422753884236,-0.02644296406371763,-0.022095569164467532,-0.12158930740895627,-0.139573429159095,-0.1531385810195945,-0.3013578191200124,-0.19522927061401485,-0.37411911371678586,-0.18773886579458446,-0.17836906052971133,-0.07989591505786942,0.19184557683837383,-0.35892500235351715,-0.2841529493176338,0.20280881998981848,0.09477542719847347,0.14972236956574445,-0.01774837911901864,0.04605683223957861,-0.12326911092377885,-0.15171131930060383,-0.48350261156799773,-0.4976130058716096,-0.420811633449297,0.21492538425487617,0.14657281608614658,0.05153910414467142,0.013382031742848003,-0.24804797840822437,-0.37741146235820067,0.31263899489240243,0.06645546697965125,0.24934580636809522,0.2845870156584635,-0.21916401336186836,0.259170097034738,0.22304189174968994,0.054875751953379785,-0.4265605462565866,-0.3901704042651222,-0.27246454372622586,-0.17915451211376582,-0.27706644256866814,-0.15295979525717732,-0.40621387723972024,-0.09188396349180776,-0.4157056661016417,-0.18505090929372853,-0.0064361976751875615,-0.19055848860566474,0.12036944968490793,0.10132959347813321,0.003842698463543262,-0.26453360113665203,0.2030699909493777,0.18424287485079907,0.2567014705708308,0.06581145118949036,0.23442237923829176,0.4014539519633641,0.07515532012880874,0.13998417242174674,-0.12353496882830356,-0.05164187085583496,-0.1359648079971863,-0.288150896974068,0.013821021169787534,0.05588645699144903,0.1766534338245358,0.20374345498801194,-0.07467540581017737,-0.1896704767102656,-0.18562449695704014,-0.03641954550345364,-0.02303259501968204,0.03172995777851294,0.10662647027342724,0.36295537670057465,-0.12752460402936755,-0.3070526945934051,-0.12290621119221468,0.0824798407556301
-0.39727226337293836,-0.1354747648635691,0.13360259643174258,0.43796344951518273,0.2592270881315798,1.0,-0.276654761996229,0.012247537634758407,-0.008204799462471686,0.2957978859811502,-0.2049206854998638,-0.24245886758220153,-0.2495168777863127,-0.18155380650243857,0.05638936076203021,0.03673854462948257,-0.48897063207174324,-0.5215728159042347,-0.15666067883545645,-0.01768787936657716,0.22484719782665502,0.3466054381542423,0.24088044776094958,0.43231955882136647,0.371959971639748,0.5853114147041893,0.602783368809875,0.72354741799465,-0.5535835226406253,-0.2629758491900383,-0.028201596324850347,-0.1430115549275192,-0.25293124701421654,-0.39079742526463224,-0.20017372858238985,-0.07616847736354032,-0.28775667258382615,9.835875614098162e-05,-0.18190250408285147,0.07919385166193316,-0.26892126979443237,-0.2549684258285001,0.08732628119534576,0.17353258593229554,0.2029794855324816,0.32931419051134575,0.18369567294660422,0.22098566547008502,0.1790893460607928,0.13426793545484894,0.2131170363709397,0.14859285644617548,0.22201706577934724,0.3199965905743612,0.04513117074234865,-0.0700526696656794,-0.13669798549014323,-0.26294526968281723,0.15777983078370875,0.031213748572668922,-0.27685052367445584,-0.17498153310907638,-0.42228955547083913,-0.4804838039710425,-0.15115041453237044,-0.09326192047604209,0.21273129256296916,0.16573620402691425,0.21866179196410457,0.341424430087602,0.04500905077981911,0.13037169601009474,-0.40693300693732687,-0.1014335882191318,-0.23842593799187745,-0.26065446082910354,-0.4796924673600564,-0.41686696993073297,-0.4107507568705963,-0.35783818679333873,-0.41219551931850956,-0.3880705140975673,-0.1289106454045508,-0.2623168572796523,0.048738791755285865,0.15822708647171113,0.12180228073615532,0.1706514174543458,0.1824558299381296,0.2173878795260623,0.24756950028533953,0.028201228169252298,0.09253750713961587,-0.037578190553276325,-0.07382209924496806,-0.051635383670503424,0.07244564565715869,-0.141782099601075,0.03478371171167198,0.0712674629432236,-0.18354335282263345,-0.23704246896399753,-0.1121321753077641,0.04069602346494118,-0.12856429350241974,-0.11217530738552585,-0.024931247887436954,-0.01829815364929054,-0.11691160650142211,-0.021049750334695035,0.2599655174655043,0.27780844229218493,0.08512300385107181,-0.42605925746789164,-0.16821970712579498,-0.03699253740947784
0.15636249032701532,0.05170276129170868,0.6286136015656236,-0.14356274679579362,0.1056125107712738,-0.276654761996229,1.0,0.34590133133675816,0.11503020814296656,2.7214016202035946e-05,0.1296085198355369,0.2200798667938899,0.14295517637325944,0.036629707128560264,0.04759023906590251,-0.06560863422941345,0.02929300148927271,0.013349008463254805,0.24259268077676818,-0.033250921786517076,-0.11130838666281423,-0.1526021832978145,0.15752528163643154,-0.0321226099543738,-0.08425053073700953,-0.0968365775353459,-0.2615993911615013,-0.24680706262735982,0.037468472380389375,-0.20155493243698686,0.1396428955798298,0.10447118278211458,-0.03230775073663697,0.04857136290490636,-0.0008935526863345187,0.10092489944531904,0.06556574943408,-0.17062812252141546,0.07208830358854156,0.026430690535668513,-0.18040448927863909,0.00907211423317509,-0.156420669082575,-0.3192018132399046,-0.07321088401005416,-0.2862273941219368,-0.2921197121765855,-0.37827082683139124,0.02085787315215529,-0.08190806762439422,-0.0017482734855737323,-0.0732381497165736,-0.015157354859290212,-0.1578262762973281,-0.21619274741499833,-0.24020405815835164,-0.15187495356009198,-0.047432977586344204,-0.08609923599790664,-0.1237524427935198,0.02320618141168613,-0.015281217288460457,-0.032148415879361104,-0.08385983820067258,0.5141304863358314,0.09510087133492333,-0.0049654111213673375,0.017993792217476434,-0.17561146747045533,-0.31067700201749576,-0.019109130927917328,1.3936986096532114e-05,-0.034610318285633664,-0.165652843971492,-0.15569279489523136,0.02413137335333025,0.0448746214465476,-0.009717337261731867,-0.20737287307217092,-0.20405611412632493,-0.14179581901701951,-0.19803623745500706,0.2717505367028883,0.06157154756475336,0.15966766463143792,-0.0248939165534022,-0.019890085816403853,0.047431851831182495,0.09946935104066411,-0.07558274015183919,-0.08514366885789479,0.05273641151241548,0.08285682934758741,0.23373115966624364,-0.0633293731024501,0.11971777513462853,-0.4863290628483251,-0.020492335913966958,-0.14581013482885402,-0.16245511723564096,0.21195684226626849,0.20935300596218057,-0.0697393541018276,-0.1182415717916903,0.020235662261140173,-0.009695588242013503,-0.011394379997998597,0.022303439735484997,0.013783743725075525,0.06880669695068306,-0.31048902877745393,-0.20592041256050297,0.07247493331611017,0.16147761995417376,0.21879422099090415,0.1617238176611464
-0.1551890671522558,0.34460343928805454,0.05161870979052648,0.4218119171436741,-0.05690259534765741,0.012247537634758407,0.34590133133675816,1.0,0.007041401756117017,0.39577982081711033,0.016913128819402875,0.6044745515067396,0.33885939988392705,0.5805183022075981,0.07802265657978115,0.5521967522480313,-0.029118681494322833,0.1290257038938708,-0.06143729604315086,0.14082482384314737,-0.056548310811982506,-0.10359847518635852,-0.3778752940277635,0.2662241472069907,-0.43766975583695017,-0.21701149173786835,-0.3768238414702771,-0.22326779897046276,0.07487221432548158,0.15180083907398514,-0.049821075097991524,0.01951240472541636,-0.0017024207717772704,0.11926223495781896,0.06535190737390849,0.08401354016626388,-0.29664669950540207,-0.3268879189793784,-0.40896206174613997,-0.04975903062014238,-0.16768480431409388,-0.10062782166354192,0.11060498253182804,0.014029711119409856,-0.15930581187339732,0.006637648176345132,-0.16649101867113503,-0.06806237385414282,-0.06517886842587926,0.17378664459021725,-0.12676092082391227,-0.057507899663272764,-0.32916440323870033,-0.17856707775562664,-0.41473451207188666,-0.21995575062103628,-0.15652280691121648,-0.23294091169874367,-0.1488351584711413,-0.22491490346992699,0.05156454419567711,0.09444678896842877,-0.08120066797064876,-0.1405199065595403,0.14823095594843794,0.444403925763339,-0.024450609926509444,-0.0756347540129609,-0.26842191443835034,-0.33497318363244444,-0.2583416967818071,-0.08173967299470881,-0.10893893275576053,-0.07269042955224819,-0.17262657854006827,0.10946674654721367,-0.18276738442203466,-0.0425991058034117,-0.19823316619769074,-0.08363441201720515,-0.025921142948105616,-0.22098827063143778,-0.20272189184038122,0.21206035104341697,-0.19418557884952536,0.16347856857503204,-0.29669929085978924,-0.03736224516870689,-0.2792517275333511,-0.09240766329856684,-0.026371463726240437,-0.018539578449279056,0.4619282347252554,-0.31864646687113907,-0.021309940640604097,0.11416359862763616,-0.4348408180939514,0.1489258185524265,-0.2614206599022619,-0.05516037733393375,0.2092222835147543,-0.15861923005840214,-0.12645606940926762,-0.3569258969794681,-0.32134399542097475,-0.2609678783860007,0.011397549463989652,-0.18147981731054863,0.03884903122302224,0.01624715921343285,-0.3760156043340656,-0.2045899075785265,-0.1077153508001828,0.14922803224888545,0.4035906321454468,0.05434159092091662
-0.17622116080817174,-0.2577712800343134,0.3894561097888319,-0.2219391762108278,0.7653362928731641,-0.008204799462471686,0.11503020814296656,0.007041401756117017,1.0,0.5699202195998784,0.304159915392647,0.16344810673203813,0.29069541970471424,0.06826293635281286,0.5832843378805591,0.11717483460308813,-0.37814308069904745,-0.30191259466861925,-0.0961978115596325,-0.06684534855543425,-0.14800873940436352,-0.0204003109316444,0.34737346033770294,0.2662152276066938,0.3435812998150426,0.1869290172771119,-0.09337237571065402,-0.04135859825622966,-0.19461323921469462,-0.48960373266288343,0.01918642518786145,-0.2997297716979419,-0.4271918637494586,-0.20971106082816626,0.1408919296108918,-0.0508752676919958,-0.14332850129435698,-0.25729113019956223,-0.3053876729947039,-0.499391775615399,-0.06980339691755195,-0.39863149733566783,-0.15290735881888223,-0.1307368828846695,-0.0705532545648089,0.1713340672857802,-0.4728111163624675,-0.49611864383408943,0.2864360089251436,0.2261839333799469,0.3652768711032028,0.05973755812248804,-0.05316547647079089,-0.3452930757489818,-0.17945790004319265,-0.4848662610658902,-0.4754507465429996,-0.4251334301663055,0.07029432615365169,0.005395961137245186,0.06602021614130583,0.017015261159640173,-0.1130431469371975,-0.28340751491439015,0.4689036304212972,0.20681899072216872,0.17386019282353435,0.13454921676323622,-0.24647437972019962,0.15884981852787206,0.1513272749273771,0.05800803103023589,-0.3654419772490522,-0.4529554297660124,-0.3215856595939529,-0.15374778210137174,-0.2965837342882413,-0.1022252078918881,-0.25756149881836055,0.014140897184946094,-0.26719277559345567,-0.06375689343968462,-0.0978739003328432,-0.14201868814629495,0.2567967590388151,0.16116317072240888,-0.11245320139028268,-0.4046859766077629,0.17742859422111507,0.06745318066680393,0.08392043006083233,-0.05821972252531247,0.25717687927167,0.42383631520062665,0.07712254067659458,0.27197628029667437,-0.14063828465574513,0.07454844095346642,-0.1684230678831342,-0.29959673061213077,0.06916913567743595,0.04617880682098671,0.19222184842470305,0.21586551717634814,-0.02227885266918566,-0.22827919754730128,-0.25426341499719834,-0.15425474728240232,0.1657528690633495,0.0967971799623708,-0.08472688550183842,0.20528318248432242,-0.22798011578203445,-0.11646424524194368,-0.08646630251226153,0.1468569166617815
-0.4557635937122408,-0.15581073020796107,0.10582978966628308,0.0027063362736596,0.4817583738826816,0.2957978859811502,2.7214016202035946e-05,0.39577982081711033,0.5699202195998784,1.0,-0.12633546437327337,0.18134954480666524,0.29707154279956705,0.4016914736885267,0.33550529450245253,0.42299557012419375,-0.350686180592998,-0.14539738695992438,-0.29296843703522496,0.11124521167795079,0.008904450211373774,-0.05472848547862651,-0.15496372627856023,0.32989777054997543,0.0480411778359926,0.16547580304979617,-0.2911100675179455,-0.12435503967751378,-0.24398257957590175,-0.13615896215547973,-0.3520435318457426,-0.39282380975082937,-0.4394569776276036,-0.3077271844916582,0.0650121964794325,0.06772870078423739,-0.2589962464369856,-0.18300355261433177,-0.4728946604920183,-0.4115200234256703,-0.07378332862976193,-0.44327565199278174,0.07038659253196687,0.04525365164783682,0.11967106538916594,0.366889839250314,-0.33133479499996366,-0.2317581920432978,0.37121380460764014,0.6036086569653515,0.3546881749078445,0.37979368780495143,-0.12263918912085028,-0.11028939488962594,-0.3435083513601778,-0.40935343155087245,-0.6057973578629465,-0.6463649396252683,0.015416190206474945,-0.1116195274369609,0.08131152422998182,0.024608251972666625,-0.09761180217218292,-0.27913463972276825,0.18655971765847637,0.4565749257257193,0.25729649390693793,0.06446468718126641,-0.2823873849683967,0.09843269369827351,0.12499550651925516,0.23302064295595157,-0.3054873687852774,-0.3264754904043927,-0.2892408046345511,-0.21402619316892812,-0.4689550088909028,-0.11920228637799739,-0.3992943306278196,-0.03880686298567026,-0.18000249384165634,-0.1842330825963891,-0.4807021214885891,-0.1812825111360279,-0.0505128836537757,0.23034633790726536,-0.2985247843741448,-0.43701254717316546,-0.20909515989492636,-0.031842052260387756,0.27786414454011205,0.09799028051768933,0.5111996253708455,0.014517850258494561,0.023753035926500788,0.2258991458997793,-0.3213626520172302,0.04763966346802173,-0.28593663577198336,-0.14658429895258748,0.12163304834805598,-0.2632451921142368,0.12256578821995727,0.06709279667957999,-0.14042605065070632,-0.32955879425921186,-0.23687107817581854,-0.21161433754767886,0.07889798603708693,0.15423755465761665,-0.08645551445700157,0.19242590248784175,-0.0781210993074697,-0.10918003732950525,-0.034957375249869076,0.1291028164019369
0.29786377356806726,0.07708182822582495,0.13872556133021272,-0.22747918065197537,0.09582368240263453,-0.2049206854998638,0.1296085198355369,0.016913128819402875,0.304159915392647,-0.12633546437327337,1.0,0.3807143172505962,0.5233201851339936,0.2790769793962675,0.3862789249682896,-0.01344831197647554,-0.03325137270944437,-0.030166452151694074,0.055760388407292756,-0.2028170886858279,-0.2083317642883596,-0.12471077958957127,0.22216178591839972,-0.0027990713189846883,0.02250821526992296,-0.17232774142045995,-0.04042338839580996,-0.08376142626197658,0.08491872602726683,-0.19823610518898757,0.4120811180259619,0.07338688965266986,0.0020477269902681116,0.04069595217002402,0.05936192634225203,-0.09252430323403489,-0.13337843598518942,-0.26411063643427724,-0.11971176771854604,-0.05598920258713477,-0.12302766668894542,-0.035083529747304866,-0.2134260127338856,-0.20165868883569713,-0.06920202243920967,-0.10156554815045146,-0.3151497592104831,-0.37120161743658797,0.06726006438565367,-0.1610127222330594,0.13789453164412055,-0.28343486342017177,-0.1587572456278885,-0.5171014247288714,-0.023973816261458954,-0.1792928336050502,-0.057584519956072604,0.02292415313733004,0.05367726215886509,-0.0088425996795106,0.2523888432261464,0.18975002040895053,0.166733030079699,0.039674879121987215,0.5326229542991677,0.2004250595151137,0.0130962885473187,-0.021243156295738242,-0.19058769476387816,-0.25730930684280806,-0.20159050804237125,-0.1367789135067575,-0.06759398924161276,-0.06170628031265423,-0.14553076007958246,0.17570089277957465,0.035313207584653374,0.003290678172179545,-0.019124836177330327,0.04190616085474956,-0.26032028615362607,-0.18831268726201808,0.28858762012460476,-0.02618465581355065,0.1529287837344902,-0.11930750790908808,0.04762684354236711,0.11805492775467757,0.3473587659552877,-0.05681600501660008,-0.491221474705471,-0.2082720833612269,-0.1674572979790921,0.20036753761835288,0.005267176484697526,-0.06215106807092257,-0.10872700222786379,-0.03985644875189871,-0.13492171862886737,-0.33961486103698646,-0.10853011402218628,0.20170323682641703,0.006965520413218593,0.005978135708187224,-0.07521708845501304,0.000909870323777747,0.16253361004903447,0.06132953932217864,-0.0654483343791818,-0.17236955657016545,-0.37089424823158,-0.34808996640459827,-0.4349982491271878,-0.0868588776176757,0.14824610097557775,-0.11308827451181551
0.08767822838507347,0.44467046773659413,-0.09120620248989572,0.16431383788057002,-0.0395309127400647,-0.24245886758220153,0.2200798667938899,0.6044745515067396,0.16344810673203813,0.18134954480666524,0.3807143172505962,1.0,0.4276447689826424,0.7341757436141919,0.20702565876307027,0.3394110244738557,0.004353774294247031,0.08020852752023828,-0.021886429176574157,-0.014456668285613747,-0.1592985270157815,-0.2398627889933226,-0.2830165262714931,0.1494980080635601,-0.40038032113989164,-0.4388136710559388,-0.37926983539830483,-0.3633707268823702,0.1523053230906085,0.0725146914770639,0.05046724529408828,-0.06616514594232756,0.0038801882939068786,0.0011604761680190556,-0.006478996191187657,-0.12967360398028285,-0.045097844910525736,-0.28348888052673016,-0.27954260840556694,-0.13111146556013178,-0.15482584280803222,0.03997970473461582,-0.07098102259280092,-0.10556691471430207,-0.4047323097125272,-0.2013506851992311,-0.18169789141447754,-0.22895657311210413,-0.021691768306076907,0.027110899599895048,-0.21794797302900484,-0.0990706289934543,-0.22526335939016082,-0.30293496450564367,-0.23556769805561945,-0.2522253386126623,-0.008681635090360256,-0.021399119524218777,-0.039069159473908724,0.010057171596320021,0.19641123193202076,0.2996359828705859,0.035114280197745394,0.08969911418645754,0.18801536546874775,0.57767732221467,-0.24855555700002435,-0.058197800332173616,-0.27415833872157275,-0.28462111033609705,-0.22768376674359544,-0.2297622931509172,-0.04901687343531733,-0.05806134280147903,-0.1875013815896363,0.18446564236547366,0.006708368164159503,0.04229936695116954,-0.08131433518096091,-0.0531511380957464,-0.017484069117402152,-0.13032661842805163,0.05717578477178132,0.28442542969357937,-0.019579305352909568,0.008631463779018854,-0.1330471689065299,0.07025732886468639,-0.0606727285178827,0.06532476151123198,-0.17061078670671587,-0.17985012502367265,0.30164776168322327,-0.12603453975751036,-0.09073799215702603,0.041200003631571856,-0.358099753108602,0.1560264402697603,-0.21516715476719736,-0.16799495591485022,0.1645803997765238,-0.05865350895351834,0.024158090303372824,-0.23819491167210108,-0.2792537630207551,-0.09466733498756501,-0.020439814693484742,-0.1074658219678286,0.03379234816325233,-0.12350753423273987,-0.44050168676070994,-0.287080349311834,-0.11254587041078733,0.14178462052345664,0.3416521295364627,0.0990863028347326
0.1207475476533154,0.12332591464309217,-0.04779243046126254,-0.22014400061739184,0.22858030887211378,-0.2495168777863127,0.14295517637325944,0.33885939988392705,0.29069541970471424,0.29707154279956705,0.5233201851339936,0.4276447689826424,1.0,0.5103097256643798,0.3833734389801386,0.27419600468148975,0.1039159151121836,0.10577466984986375,0.12135270996567891,-0.05361713625600367,0.023994460542522508,-0.24303576391156884,-0.25629586170948876,-0.07061166890995611,-0.26384437577694925,-0.44232460285860603,-0.38041958209659404,-0.39828415248499105,0.13967807846927865,-0.028933984496145943,-0.04868760673336843,-0.1870054531238773,0.15137328637708106,0.08028760255992216,-0.022717362540126303,-0.05592095358387039,-0.1710249237722111,-0.14873261446950406,-0.1750717774410035,-0.00039916585662878434,-0.1770871245875851,0.005717293424455312,-0.06921378986116329,-0.11812549297688821,-0.21542064071997308,0.017630382003524795,-0.22278192479423214,-0.14234097161796141,0.0359974853850302,0.12748410706708463,-0.08565325621685764,-0.12388807267603429,-0.2516454666021257,-0.3329618729476403,-0.19732946314323235,-0.2047109798373602,-0.29534723725074147,-0.21793991948256114,0.06099565641409581,0.026634960951902244,0.39253230799206407,0.33263402624668653,0.1951785948471194,0.10531816481162173,0.25830507726285745,0.46335609197127364,0.04275503900414669,0.01993774271517725,-0.32603991295090884,-0.31278420206929947,-0.10335674081582236,-0.09418060764574712,0.026792046075622897,-0.11639965130679293,-0.07992396749128713,0.16623523619572791,-0.08846169676150602,-0.044438033063379706,-0.16220822721297992,0.09586372314010391,-0.1663399546405973,-0.22911126214543054,-0.10140804519595858,-0.10704431230579013,-0.244822754147809,-0.2147434428080955,-0.10083885475743698,-0.14341126533551354,-0.06697294748267127,-0.0768147566944155,-0.2288073965449509,0.0039215427707781254,0.19943776935401103,0.014363460133267923,0.07655114361867427,-0.04070504891318434,-0.3122498901857323,0.07966505893664536,-0.2829914935257142,-0.3624757846173469,0.0361690381133264,0.04859896182888847,-0.030588426777541488,-0.12749874934377214,-0.125803846332997,0.002030322880918255,0.011513591136963501,-0.07030507420033438,-0.07852250253863989,-0.0594475966782431,-0.32549752168737495,-0.2383815375444803,-0.30676213784267237,-0.005080569157784594,0.20864349492298792,-0.11863931755242334
0.021448390727248075,0.33631897565744834,-0.26007510306192855,0.04771125828002171,-0.17287485141064632,-0.18155380650243857,0.036629707128560264,0.5805183022075981,0.06826293635281286,0.4016914736885267,0.2790769793962675,0.7341757436141919,0.5103097256643798,1.0,0.10136050291704397,0.4403586344580231,0.01937406185932333,0.20044790455482037,-0.2781913258461477,-0.022402349320493925,-0.06406104962704616,-0.28990951663643794,-0.5058033998735297,-0.007673934184003911,-0.4870956758016143,-0.5272187584127737,-0.5553457885149232,-0.45336140404872943,0.09812034125965645,0.22490035825489763,-0.170395910804733,-0.22082568837778693,0.027004982123012066,0.06501858679986573,0.10174305631328785,0.1455625812094991,-0.1478543204758822,-0.21777386449801264,-0.3341541400273033,-0.06989522069308156,-0.059295692242921805,-0.0037577991689605053,-0.031233300790785228,-0.031825345003816535,-0.015945203663429698,0.10844016699087765,-0.2195878763299561,-0.23622553489995676,0.14109579723572754,0.4163202057025304,-0.0007028590717035372,0.14716358076712602,-0.22940659940475994,-0.37408848278013446,-0.2977549472908722,-0.23254005651758866,-0.21609660426729205,-0.3206255829415268,0.008537994999529971,-0.08351074695262252,0.35533313803337435,0.26710352480503985,0.20765109331371143,0.15943233397260145,0.11886415084341288,0.6661160668401682,0.07875648623030594,-0.07508580488104345,-0.2586969904565932,-0.3144236587878234,-0.20517860920700837,-0.012596006624978453,0.06847831525782844,-0.015192867089111797,-0.12968502731022402,0.074226251791439,-0.08015992777034685,0.06209653955195188,-0.14809495392166452,0.032152792970716014,0.02093385538949419,-0.1628428873127072,-0.33758805959940513,0.08405725893332637,-0.3378737655729173,-0.165736600753931,-0.2867874477671361,-0.09168470807028892,-0.19681834596952635,-0.12378489410889773,-0.1241477505340392,-0.039739321823165995,0.41005595043834053,-0.1369709206392437,0.010641579497595028,0.09684791671095551,-0.28098761275354284,0.17549751881996453,-0.3126988133233903,-0.043566056978256176,0.22472804359636023,-0.03219657508997653,0.10918565716820958,-0.09427171910306718,-0.12965876483902514,-0.12618586355818323,0.08739018263008652,-0.0781182833227102,0.0934433205985617,-0.033102267497462416,-0.4116701664492017,-0.2584552260941471,-0.12451554794783833,0.191909762120633,0.32804280907565175,0.11956568799170615
-0.012736465818054836,-0.03818132390104341,0.34759760499883735,0.017825478649073474,0.41713698908288527,0.05638936076203021,0.04759023906590251,0.07802265657978115,0.5832843378805591,0.33550529450245253,0.3862789249682896,0.20702565876307027,0.3833734389801386,0.10136050291704397,1.0,0.414461516883387,-0.3078819699244367,-0.23997269736598711,0.0746888191769057,0.07911205782859625,-0.2172058522621341,0.014272936244939602,0.34760742844183606,0.3209682985470282,0.19536887171899675,0.08376886894245776,0.09403298794860365,0.0898223856798796,-0.09845841910277663,-0.33645219221309275,-0.019531388035542958,-0.22413018915780616,-0.23844159619133284,-0.21940980228123344,0.08918060689701929,-0.1776981117617187,-0.23638738726685082,-0.23162081684331112,-0.3158753630590827,-0.2702188500556212,-0.09623698804286819,-0.3591497597507035,0.0037830636764526566,0.013534956990437311,-0.17521828840753798,0.05462124623282702,-0.1664106358942219,-0.25869537287454686,0.11911522576634764,-0.04002889824171562,0.2661118444109288,-0.12416617914416864,-0.11065243189742455,-0.14024236881069316,-0.14186510206049655,-0.33654866341910167,-0.3506112299100799,-0.16563118580536518,-0.07423214765485601,-0.04873969321185135,-0.061380681583067996,-0.023392331259963133,-0.17864852323842448,-0.32626183904446415,0.453615921358276,0.08514683466037495,0.044752429173124636,-0.08991804408544006,-0.01059859539458299,0.15862285590519076,0.10675068847134038,0.05088795772417752,-0.40094462624209243,-0.4990626114785651,-0.3962123990133156,-0.14179589025370878,-0.3649626988640248,-0.13611875654008568,-0.22944397814987466,-0.051140748828412484,-0.2979766056226753,-0.058850168792382945,0.07138905732944177,0.0646843355169553,0.28601714257666805,0.1492088768203289,-0.0755065017851658,-0.22570253634303475,0.2779463353977899,-0.09858809234040068,0.032655799678948425,-0.08213026537538323,0.20122887156146727,0.22092112476232542,0.18866728677324743,0.2929598407863633,-0.18741481409583202,0.20261418358566888,-0.21861593834531845,-0.37760587147848335,-0.11547973500971428,-0.14657562638684357,-0.07706760601998548,-0.09260531996237208,-0.2756555180273179,-0.3054441803381535,-0.28067602701460337,-0.2547381828973452,0.21726093168767593,0.1736785416939468,-0.2693710629672982,-0.06271898727096906,-0.2044807368291589,-0.11866787580352903,0.06779319430207856,-0.017355042886251438
-0.1870836642316035,0.04485587006370341,-0.13583214117379974,0.2893609807404034,-0.08435305933105876,0.03673854462948257,-0.06560863422941345,0.5521967522480313,0.11717483460308813,0.42299557012419375,-0.01344831197647554,0.3394110244738557,0.27419600468148975,0.4403586344580231,0.414461516883387,1.0,0.035061504678405075,0.14452202341556258,-0.1630323810175655,0.07862531574047589,-0.04302423300483849,-0.07759433183409595,-0.3563975902991693,0.07955789108018742,-0.30320305294894356,-0.16093445197549552,-0.27237350549317757,-0.1952487762370957,0.15571562195961888,0.2676015311474406,-0.16440230961294375,-0.010755134994112951,-0.0768472395084781,0.08712575513182624,0.16157340115135094,0.001299221794082227,-0.15248985064367004,-0.09837649599398952,-0.28021543629813817,-0.19172488831781545,0.15862733771722404,-0.0411727762252008,0.20578685847448103,0.2314123425031947,-0.14342139588369401,0.07462465447881887,0.01824864774073817,0.06261325395009307,-0.11070908351837427,0.18003779744854823,-0.00958090423276901,-0.006657255439781732,-0.28134891744978957,-0.00039104042356652853,-0.28011851578151287,-0.03760267997016272,-0.13762550371395774,-0.21825469263738737,-0.3702697427848451,-0.39656288887759095,-0.08459380880206671,-0.09529638242319673,-0.10294819463042217,-0.1751841514790873,-0.030853448819271052,0.24335852949554015,-0.09247898871796269,-0.18479285825313166,-0.29185293700405135,-0.1954106119759804,0.02442084609129601,0.1627488192959,-0.014341989244860904,0.04129477506451001,-0.013574938263223275,0.23052430436271718,-0.10906381984443297,0.17635759452783575,0.05112194919124643,0.06651604114140279,0.10737339469180453,0.054376061657680864,-0.2601593716875323,0.34389048653025844,-0.13715029630929637,0.2975312194176305,-0.462374707267565,-0.2435005403602861,-0.3379637920414646,-0.24388775081839145,0.00877763089790747,-0.060264553833922485,0.3722897625538334,-0.2792327045921433,0.07484164287008255,0.21627280290955248,-0.23853668151035054,0.24075493113420623,-0.2569976048214009,-0.060434646011047095,0.14192422029711585,-0.16574999524394002,-0.13008715331196782,-0.24850116630869454,-0.2229337911673408,-0.20722643146274677,-0.12273987999597194,-0.25717909481126555,0.20171648910787143,0.0472746738919242,-0.2693894748778735,-0.11543249568232969,-0.11470036541834175,0.32191410162852685,0.3159234714757105,0.10500512762588907
0.4377420268720041,0.16545743966319446,-0.40357825816950416,-0.1621624829426268,-0.44616393597604637,-0.48897063207174324,0.02929300148927271,-0.029118681494322833,-0.37814308069904745,-0.350686180592998,-0.03325137270944437,0.004353774294247031,0.1039159151121836,0.01937406185932333,-0.3078819699244367,0.035061504678405075,1.0,0.7519609861902846,0.3525238864772731,0.2550394579428519,0.03977860006833923,-0.0944063195349047,-0.3884768235706731,-0.39365152077147614,-0.4505672785068419,-0.34919301467347347,-0.29069819977045547,-0.35539791877881766,0.8222630607206739,0.6058524965357154,0.02785043836336113,0.25320016621751873,0.42169886301260606,0.40617462441083213,-0.12621993785916155,-0.21154452837222612,0.31839946887385373,-0.0035488920633553953,0.06379803534261964,0.03201064772566827,0.44721428580370237,0.39494822636641114,0.04464778492191829,0.022572492096759968,-0.2551570328150461,-0.27047751267905296,-0.09115880335333663,0.01997017774513645,-0.5424631752251177,-0.35173881742502233,-0.39972826899858094,-0.40046461245696224,-0.43710076101645384,-0.1838506495011156,-0.05579210868391958,0.2286724606494939,0.4364234815478056,0.36482328793840313,-0.20457220261522358,-0.07474918409399949,0.2984162525616904,0.0401144745458873,0.6186090061608227,0.5416121215315906,-0.22552951699711274,-0.19121330659961017,-0.4311487306152192,-0.4300886858441275,-0.005397041815000282,-0.11540046447081377,-0.18616532602815136,-0.26272851124263924,0.7362073089806361,0.38712258326020815,0.5339613725174642,0.3586631595422498,0.4373182643334245,0.27750300139940254,0.6483721216390799,0.5102179008275958,0.7579169846250101,0.5683273269743828,0.10984061402750325,0.399918105918385,-0.12286666119220951,-0.06539028237093022,-0.07504093089623629,0.06958241396135603,-0.3126470286225101,-0.3243301471235446,-0.1105530040891871,-0.19431656233258815,-0.12208889545369433,-0.29012586478408375,-0.09547261535430406,-0.018787298617351195,0.0002159109482128088,0.15720669889442704,0.010850588905338271,0.03137255172411756,0.17569823210875735,0.10004045666050154,0.10799813257145612,-0.09575403180990794,0.02360500991213439,0.04932467754214818,-0.052372553107752004,-0.12102788127573867,0.03148981078650621,0.20441539400549794,-0.048261392511461755,-0.15069960916177577,0.0878180062860445,0.33022192550848545,0.05477220133523835,-0.14436927160808266
