1.0,0.4449009334475266,-0.2605746157953806,-0.5194618550442679,0.17583635762759436,-0.3409868572639184,0.22265433166529414,-0.033042545624877136,0.0612994850853505,-0.1098781156683803,0.5139380903446392,0.15577957490517177,0.4019091292311298,0.24683649813518127,0.16337761746792948,0.03797245353352651,0.26891151347818015,0.17946968521187923,0.17483709749391663,0.06108799936820027,-0.22198639688153898,-0.19944533351077015,-0.6111562309929621,-0.6108083188415984,-0.39641877923227764,-0.5598738096454757,-0.09868350949090259,-0.40818052627980717,0.2131296832161387,0.29096595506146916,-0.35447920685122297,-0.2990336565945585,-0.25133113392784695,-0.24221040973716512,-0.2506124659947018,-0.13671819500442128,0.17318711035980175,-0.14116669762414608,-0.20523129352552955,-0.3160301411339928,0.20079576749331224,-0.07063237605141695,0.20700365252422073,0.20232271880739067,0.2757092973625371,0.26275079399073464,0.10506919534395687,0.07478543507980263,0.05254420178140733,0.09585635464765609,-0.4659095277715159,-0.13534373288146148,0.14117633114255532,0.2718510880142236,-0.09457936767374339,0.07470123512943469,0.30640400597158296,0.20281925739719214,0.40781402071588174,0.006048878553742942,0.4093715523856513,0.15944364933322355,0.29075743091114536,0.018401488771584,-0.08889368381095336,-0.07842548597268709,0.10680007480943353,-0.1454718979149508,0.24788304605957515,-0.1860440585621429,-0.08479186134261192,0.09576073272677026,0.03040930174977856,-0.04390181414301146,0.18722808741379457,0.3590452599748969,0.23833618996059375,0.07856152381068782,-0.01146574401645432,-0.047362387227574444,0.20479050399404766,0.16341094217028587,0.08016816723581119,0.1110245535111534,-0.25571221328821603,-0.04463573211612618,-0.13173932278542944,0.06362969779779466,-0.11342569472142233,-0.07114881506560368,0.17572183587003012,0.30936212011503583,-0.4374644491929554,-0.18017294428768477,-0.1500287769743644,0.12480088675284617,0.04561297001783786,0.04538216380691928,0.3330560365469904,0.4124792491581881,-0.1578752310179091,0.1646004811776603,0.08013480693172079,-0.23314763887537776,-0.04409531510141764,-0.2615047302452279,0.07713595659619915,-0.14639831503223893,0.17263687202902903,0.00905327270028434,-0.2616528986242845,0.220186333688166,0.15965523444133736,0.17176307115576786,0.07054129075580562,0.21451986442604545
0.4449009334475266,1.0,-0.07206352635043875,-0.17102881804237177,0.236505432523968,-0.09913339792335314,0.12945012512889803,0.04819876653430777,0.2236454495846794,-0.11677936158821102,0.416674132867757,0.5899329846314103,0.28788792874103447,0.43713784698468855,0.2926041030625127,0.11227491766522206,0.11743263605764294,0.11418271449270741,0.11813160259484971,0.16825286563741285,-0.32057739431971966,0.07179178013878972,-0.2840453691131277,-0.20962669545712967,-0.21310567422096655,-0.23789823688069586,-0.08144998386562206,-0.19587508879526538,0.22650295233579373,0.13156995248561332,-0.029012503635582748,0.07786027792194088,-0.08301523116199865,0.05473755353631035,-0.22565884174022344,0.16965039579356603,0.032695999790265905,-0.052397553862389604,-0.2831526287589287,-0.11564504181023384,0.057017965874819984,-0.08564531474586347,-0.17921767548999054,-0.0971271889579394,-0.2010933376492248,0.07745768177653402,-0.11681583899589981,-0.06926514266221906,-0.180922120329283,-0.22083028889390968,-0.3201838812523787,-0.12035054994472519,0.15668170558076905,0.043395219668220644,0.0052346636393925654,-0.24682271292903143,0.2189521026650369,0.25186338536317077,0.21696285553555925,-0.23469688464923905,0.18982707721350847,0.10478766105878559,0.2476500223174794,0.17842177375639903,0.05896171148618991,-0.011811799805862591,-0.16562346192751393,-0.16949720630847,0.0859592220875266,-0.11005182168262002,0.014486752952855873,0.042075409803097555,-0.05863529988366049,-0.16743259320676487,0.24469036832310553,0.23488457643942987,0.03707625032833661,-0.10330641970389218,-0.006263146369745978,0.010665941892721988,0.3113403279101742,0.21998742443139296,0.2021162647183772,0.2383448727925595,0.09198138779931435,0.20030509371345342,-0.049161123685109206,-0.06694154638402587,-0.06385850368863906,0.11610993762523543,0.028025766329549746,0.04837118770495118,-0.314264713804672,-0.12920368202710272,-0.12032376965145376,-0.024886227174038367,-0.21728560213154854,0.03268254065601729,0.10730239997408152,0.14159476137227942,-0.21039013605030188,-0.15970017357759797,0.04272567090799581,-0.534884831307274,-0.0653101468185509,-0.40807312178125366,-0.02720295943801194,-0.30511599750007556,0.013413848750304803,0.09015955045250552,-0.1774244477103776,-0.01570973781815149,0.09211927695033746,0.06497569199071612,-0.13555383306226035,-0.04654499441812764
-0.2605746157953806,-0.07206352635043875,1.0,0.3501395488892557,0.240957205165202,0.1680078907044777,0.49796489363072866,0.5330447292825516,0.27365248223178396,0.48974112504838807,-0.2713446090273726,0.018316507220831904,-0.3182199409152704,-0.2648125635061091,0.48079095129246835,0.3495832794057212,-0.29213605744912136,-0.35141187448806604,0.5892957066748118,0.47089442341884236,-0.010923047598779025,0.18300080746526606,0.479709041120945,0.3250697491308133,-0.03454382496512105,0.2659278196783653,0.5032228540441666,0.15983813282820555,-0.1256463859385564,-0.1728978470495525,0.2751490062672453,0.17025331392772255,-0.1304590402159475,-0.06980400810151223,-0.30533413540046306,-0.10423083690436769,-0.30509735345568545,-0.28017774305331133,-0.1792155255550947,-0.0533004210260762,-0.06749341959159304,-0.2435526645314571,-0.25376187762993596,-0.0808537888197146,-0.3278504158745633,-0.1420701738225818,-0.22590178964611468,-0.05259873769537186,-0.22906179348045433,-0.2288763892152148,-0.004228714952382404,-0.0759427217724084,-0.019077879378532756,-0.15822911174014884,-0.22237777115279905,-0.3450976581734601,-0.3891382818177566,-0.12694902711456058,-0.42342536928615865,-0.023327726946815692,-0.36956540107737146,-0.464988045431475,-0.3855986052449814,-0.45025989995029825,0.4071424014914106,0.08683822233966221,-0.4605065148680675,0.02336553870375695,-0.04164526899859986,0.3535580976744556,-0.40556029599024757,-0.27310999425759125,-0.3036587617283365,-0.5417563557650247,-0.32658843448304087,-0.3152196563191217,-0.6456125437286309,-0.38576842199656336,-0.2920192187063257,-0.14121534275870695,-0.31106883803548047,-0.22539956520044685,0.3367287654448824,0.4508826302818991,0.31860144244094996,0.25323998938585796,0.1530263563032212,-0.16063526227044783,0.5400712239723516,0.1160128150955074,0.2144511331790247,0.01820344260218645,0.675739110907432,0.4284157813715294,-0.37345619305526917,-0.1641938359615595,-0.46595001153475696,-0.23665997914409867,-0.3190956528056358,-0.2215412694621659,0.08123536574026034,0.012823390026854627,-0.10577093491568489,-0.18989669916732424,-0.2857751008887986,-0.2516004456734785,0.017383672307792676,-0.22202011407894942,-0.14597540194836886,0.002164287126162069,0.09982748354066474,-0.03713625403609051,-0.11068264321803957,-0.22558793158927212,-0.1186120087133674,-0.20825608433155904
-0.5194618550442679,-0.17102881804237177,0.3501395488892557,1.0,-0.0835940166662634,0.6626928779322755,-0.23566714693389118,0.18941730869590856,-0.07127967892379615,0.3387522256340475,-0.40522360746837416,-0.1720745054899155,-0.46312705062845977,-0.33881580308430675,0.13116546273046586,0.49087005342530576,-0.7539067608984118,-0.555666297203366,0.0912451268424354,0.18149748852677391,-0.16016689805852763,-0.13254207527070092,0.7900624434037723,0.7215619668369107,0.31315755578270915,0.6233476227640612,0.31912151233048713,0.5254609298432925,-0.6858885155517073,-0.5781618220624934,-0.21944296033933783,-0.08138786721529552,-0.049223521461004435,-0.24821106473678659,-0.01760922589748341,-0.016388544931375874,-0.3912548365884889,-0.18067331038415824,-0.19148422726660502,0.16615814581991753,-0.4420893809875614,-0.36452615791058035,0.05125962343652774,-0.0020563493894224906,-0.12098359109575704,-0.10837149815746498,0.15090733688848332,0.32025846103395533,0.2332826471754004,0.2535637637999941,0.5657901651108603,0.5666083551077634,0.35952880740703297,0.15922598019246584,0.42874980211477426,0.14173351756491392,-0.5810972793316969,-0.5132616052181759,-0.19122656222703782,0.3155807497879436,-0.5831329352086674,-0.10098538931444903,-0.7254197971847917,-0.3304120633100089,-0.17749816849413116,0.31307829822653516,0.13031667772478886,0.4924633296768942,0.05314269856544641,0.2776702617494517,-0.19575900625294732,-0.26621682910487854,-0.5477002817598833,-0.39147738822958505,-0.6186994632858375,-0.52543238514839,-0.48444924282177726,-0.26684327943052605,-0.5503143870595949,-0.5142227457852793,-0.6538028403408566,-0.6480331902485684,0.11483615865655847,0.19327976472976272,-0.13672943946663732,-0.05769910414461811,0.4291440391879814,0.2726338892240866,0.49792843285272353,0.5657397670798762,0.4160751835969943,0.10916863597576355,0.4396025313714075,-0.12937244046213633,-0.06497319029360976,-0.04665504994148299,0.12459987429329704,0.09815634276226508,-0.002590619171424779,-0.03009256543437747,-0.06052757865570798,-0.4323876381760114,-0.42642214123860356,-0.285128489504718,-0.2954130818899444,-0.17627987991688787,-0.2033668971087975,-0.09433068559537441,-0.21119183422243218,0.007290944354761864,0.45062456708510523,-0.18229987147152973,-0.26385776121729504,-0.2905744938667793,-0.23225704278950884,-0.20133429581274417
0.17583635762759436,0.236505432523968,0.240957205165202,-0.0835940166662634,1.0,-0.027525333453000334,0.45491908933144704,0.34228853461482617,0.6479064554556518,0.49603566479111677,0.19710963239395246,0.2326319769035303,0.41203864087565945,0.4828540884709793,0.5026871036825016,0.23268139471391125,0.18787286212058008,0.02466128483722337,0.2698594809888032,0.1899539884516992,-0.2597112620034922,-0.09839076544744405,-0.12024521681197563,-0.1981752807688838,-0.17563820132030264,-0.2276619448595195,0.02595486142817627,-0.3274116694097118,0.16331844957063957,-0.12120442165073743,-0.1440269144958151,-0.08039652133476625,-0.29475264457504086,-0.14266798715522044,-0.04383860063970979,0.04754556059186266,-0.05276605506669407,-0.2236713492354155,-0.4092122126802569,-0.15590038550241345,-0.27004250080250225,-0.23198760711034921,-0.2546207679386822,-0.37245074782382065,-0.10356922549628353,0.07250899177336322,-0.39025815490679056,-0.2788185699638143,0.057049962720874585,0.05996794531120078,-0.08626909836433452,0.04876225920766844,0.18128542591372857,0.09334644947420714,-0.06708857515349233,-0.30838312494506814,-0.16481001233290307,-0.1937698970290919,0.015021908640521896,0.06282324500178292,0.13383030953803304,0.015651357659255575,0.046321045634422076,-0.2448237642811799,0.31506200361556047,0.29076393645799414,-0.20133997858070032,0.06662857747314543,-0.04125069469067498,0.03278393662111367,-0.07665401895618984,-0.1899062054095963,-0.1215272173774603,-0.29269874628900133,0.09529673520863496,-0.028098645323881483,-0.18605866950919572,-0.4058214730114794,0.015599187441370971,-0.210697844140016,-0.018979784947058265,-0.05493444498311546,0.05777857331967192,0.22373974631767496,-0.005293263947768127,-0.14418309426341588,0.0095158952472955,-0.22474227855886897,0.13882670326369503,0.11195072468310387,0.24071869322736755,0.03582920236527463,0.30124883993606827,0.17995563181308227,-0.2047505621148591,-0.17259324153847946,-0.4553118854182623,0.07715718532020208,-0.15860094618932916,-0.14967899024882672,-0.007627240437167422,-0.05072671740220964,0.08823558421271145,-0.2108436568709201,-0.3043151372093946,-0.1488021882360384,-0.2186986631589756,-0.4150029589911843,-0.17950236508074535,0.09251334385633424,-0.0766989629435829,-0.28257831403749534,-0.09696176020362939,-0.20820765295333976,-0.273010085871171,-0.1329128343221295
-0.3409868572639184,-0.09913339792335314,0.1680078907044777,0.6626928779322755,-0.027525333453000334,1.0,-0.43701954729927295,-0.14830234708500864,0.03964437555033796,0.33943838661245496,-0.20449176991244708,-0.05097345259114757,-0.35435107571851915,-0.28377983957170977,0.029058528295571324,0.5174854009520364,-0.5692940833685156,-0.43906960357936836,-0.1966789479597294,-0.012670481018771825,-0.25440899616505,-0.1366192885296656,0.5869587028610763,0.32182107422412914,0.5322865760636395,0.5025378083948597,0.5646357374720579,0.6541389548605072,-0.6464490591332012,-0.4182222998850156,-0.36139423126402787,-0.445006908396836,0.18742012883704365,-0.085341672437816,-0.28279580346169225,-0.11131551672875302,-0.22475992764770825,-0.004867358327930198,-0.1050021065698559,0.31214765252174637,-0.1739543300841874,-0.31259471719837917,0.23907554443271864,0.1629332993118105,0.028980873906594755,0.07256269061069402,0.19890955631317014,0.4311827635801602,0.35541708315784704,0.32123467263674577,0.47389588130231425,0.5533118919565296,0.29757495022770686,0.218817862779509,0.42369606950599276,0.2776318789372318,-0.2262840525875183,-0.368420115716255,-0.04012262207718527,0.30245120830492866,-0.4448149056916666,-0.06851138307672011,-0.5230065427777669,-0.305189035162085,-0.3523501509494968,0.273576137609287,0.24661875563523408,0.4345604118078112,0.07842276558185725,0.2348007339413389,-0.013630209324105167,-0.5459462463852074,-0.1565128295590041,-0.2656707967491209,-0.580445583353046,-0.3688738322034159,-0.34217093155619066,-0.21989218550929704,-0.4269622686093282,-0.40880332727259844,-0.5313874595108776,-0.5380094121068993,-0.08552264821821971,0.008472749332536797,-0.2496503070502361,-0.1304696881086356,0.17520975912131243,0.12242713672889802,0.23196137183124835,0.4006125889030411,0.3252349491835648,0.33530125712650233,0.22349357582080298,-0.00940823655668446,0.0759922547583319,0.037387173154735893,0.28496481546853064,0.31227165729413314,0.2854877371476602,0.2841112173945417,-0.00797495253200647,-0.18600857003393453,-0.15543818662777764,-0.15541831643670725,-0.06549029923416769,-0.17985699694739676,-0.1347196289672384,-0.1586315096293679,-0.1094246755164651,0.15451775907643434,0.2951519452254843,-0.13639058100252607,0.09480154259753243,-0.220070575013285,-0.1920036096687423,-0.2541428390490581
0.22265433166529414,0.12945012512889803,0.49796489363072866,-0.23566714693389118,0.45491908933144704,-0.43701954729927295,1.0,0.7620752715155045,0.3158105976355422,0.3321855099664396,0.06901075400011761,0.31713658112367954,0.4261571272827341,0.30916301922526224,0.49290135487103615,0.06320085202043453,0.29533055621869275,0.1686364357889979,0.48320070421474937,0.2705375628744855,-0.013295754211098649,-0.03492979604340132,-0.19409144408514364,-0.19534043528029768,-0.4819575473022037,-0.3644753595432012,0.11325227117763163,-0.3701258845506361,0.3406082483696056,0.19950205464657733,0.18109554312313988,0.3009029343683406,-0.40247845098523105,-0.05964465683459442,-0.035085667635864126,-0.01899248460535785,-0.23296293435394197,-0.42303991223927057,-0.2412571843144293,-0.27066505013407227,-0.012175167226242777,-0.08366440193731337,-0.3907975725616728,-0.22213971653615677,-0.24507083775765118,-0.1108673013117355,-0.4107309406835308,-0.4046569163159793,-0.36887052945298054,-0.32169550890215654,-0.4440051482231268,-0.42541671325840263,-0.14411417994314807,-0.1903295306969645,-0.3326202640639565,-0.45021058984897505,-0.26446711637338816,-0.04503414908686539,-0.20276080250981307,-0.17021153142443024,0.2501743797859983,-0.2607424503086281,0.18970081346550008,-0.35357790199597083,0.6685416119625512,0.09216542179605582,-0.3682721278860496,-0.21672414005461238,-0.16827076106288946,-0.07337571184182484,-0.43303563688893554,0.11409810497055503,-0.26239513590956587,-0.2405515182004535,0.18574017431720385,0.0992557274699004,-0.14247802585437677,-0.026639887423091726,-0.02164358198794012,-0.01778341786546563,0.028730177402543657,0.08185785176027881,0.39105273767681253,0.46812343638666365,0.26006334283091687,0.14138591652953186,-0.008329976920674506,-0.13764947069820638,0.39660041171385413,0.019062160958628085,0.00543535780751771,-0.20296349326478735,0.3166621688097144,0.24830061237345533,-0.3655676248113775,-0.1287128339204879,-0.4822035787857488,-0.29100958990010445,-0.3999727005634295,-0.31859701597136064,0.009280167870227783,-0.03828568429821966,0.058758379295474214,-0.2349938244471013,-0.17404261173666372,-0.17873836330116935,0.06612081831146475,-0.08166595617617763,-0.12978011736913114,-0.030599597874255934,-0.30436844765659843,-0.0752126834235749,-0.19000359140430675,0.08505562512169929,0.04023033670684407,0.1875158115373944
-0.033042545624877136,0.04819876653430777,0.5330447292825516,0.18941730869590856,0.34228853461482617,-0.14830234708500864,0.7620752715155045,1.0,0.182984680283368,0.5104051917661557,-0.21059234504095575,0.25273774420115197,0.1317772317637204,0.15175084172277514,0.35033051541064314,0.29158681214931065,0.01125902861732981,0.0759412233815784,0.371966598952367,0.35198842802462393,-0.04085640849783844,-0.17551850153621792,0.005247923988491624,0.06522301161269635,-0.3281803045005712,-0.1175720066791165,0.15727853115750312,-0.22032203784382717,0.010744077819948189,-0.019582393461657542,0.05932974919438777,0.25258727575336265,-0.4185951664269129,-0.20630120813330213,0.014927635045171136,0.12668029999124145,-0.3899043319921757,-0.46010769340459134,-0.26433807975592644,-0.15042908795464646,-0.2123344809405948,-0.1848840007020366,-0.43036473769043115,-0.23169646532338606,-0.2908961429025792,-0.1000142586461715,-0.392642351562394,-0.4720836491242795,-0.23009281991846695,-0.18451002576953396,-0.09450359191829547,-0.18122318381048988,-0.059610114896659544,-0.23194987945605405,-0.2511724943575402,-0.44573370725953376,-0.49210944767229037,-0.23220441320296223,-0.23383212250520588,0.0789658898877527,0.014799320955843116,-0.17345900116882557,-0.02642474487273009,-0.34406285907717277,0.6000135090921561,0.2847323592603978,-0.21123801849733848,0.04589312768051587,-0.3535196999694121,0.09657048449993585,-0.6056447642156061,0.03568363027127833,-0.5141595763240255,-0.4024432559119493,-0.08984194467852863,-0.19529827535169933,-0.36528658739924397,-0.10544154826041671,-0.14907815487072593,-0.09693921830892997,-0.2123871339433151,-0.10952196782368002,0.23752790713996552,0.46405075611930646,0.22850491127774458,0.15394064044335246,0.14006896839815727,0.08981370207629912,0.505837592382637,0.2593658138246707,0.02187909059193652,-0.2963097367214491,0.5119375648631405,0.13770616720087936,-0.3140674776057882,-0.19212379208742936,-0.426766189001619,-0.2570716543903281,-0.44908712629281833,-0.41113410735057093,0.2031780582816672,-0.137329882921669,0.04206766943887577,-0.2579504487568871,-0.2319975040919931,-0.15558465724315856,-0.08763854942462758,-0.12712804724918697,-0.16855136548253652,-0.14639766227938814,-0.17431673910434403,-0.19142270658103955,-0.2530096781448294,0.002470450737286219,-0.04708898793323889,0.09522134886488283
0.0612994850853505,0.2236454495846794,0.27365248223178396,-0.07127967892379615,0.6479064554556518,0.03964437555033796,0.3158105976355422,0.182984680283368,1.0,0.48352663672780366,0.20568954379791426,0.16147040908233604,0.36077973400312835,0.412627545149723,0.452756421300733,0.17116811348439076,0.22921294120145427,-0.07068398845013643,0.087349612807918,0.11691660194580807,-0.35018496394610005,0.06022880687939241,-0.05618679128492414,-0.2004413663229771,-0.16615765282894868,-0.3120437768898465,-0.07311223356911596,-0.3220881142209184,0.045635892191540864,-0.08513246637053842,-0.1291623047560099,-0.15691458768863692,-0.04459435890194318,-0.04912505262715648,-0.09341375532844064,-0.1018461392468309,-0.11355576473822607,0.022107710442839268,-0.03130204592157441,0.13643964637086253,-0.22761022336208125,-0.2005029619867459,-0.1455884931219545,-0.54137587126559,-0.17568868106557214,-0.16375162748419583,-0.27316018081853666,-0.18042465752035858,0.04634590957778931,0.032270649701144474,-0.16883578569156907,0.13142841478335118,0.3255627012620183,0.1452959246330922,-0.08607324538003445,-0.24041803054048946,-0.03729861245696979,-0.016005061701962107,0.17211725887230925,0.1881149732633472,0.12535003193083769,0.10489368116049276,0.07704254065682771,-0.17023275830368417,0.1677690359247973,0.2950757248884475,-0.11798381393457677,0.1284290783457931,-0.05476690445026343,0.1028343367028452,-0.034729125678493136,-0.522233430988613,0.04690901840388857,-0.3667195331489544,-0.04205718353141872,-0.07881061084078975,-0.33200167072584946,-0.46518397192115385,0.0025863769276574643,-0.20164647781792433,0.00789437063178191,-0.05954323824352881,-0.007059232790411837,0.11180542986627366,-0.07519627253108943,-0.145104741373289,-0.11423524990355052,-0.31285971261139933,0.04969925415166628,0.12874484935409866,0.2842634998168582,0.1675565015092836,0.30886407661463194,0.008660466728941933,0.03243735568736128,-0.34066735582771224,-0.43749391679247684,0.10798144681642831,-0.11548761364532548,-0.04994173900819144,-0.08970155751551719,-0.10661212295436111,-0.06473103648177249,-0.1702445024501308,-0.2625670499660574,-0.260396043478463,-0.23591886088074732,-0.3429863657934354,-0.37204474472780213,0.19536718239116915,-0.036258849307720074,-0.460448419837901,-0.020877214245812712,-0.17243608330348117,-0.29752515401587937,-0.1741212550745402
-0.1098781156683803,-0.11677936158821102,0.48974112504838807,0.3387522256340475,0.49603566479111677,0.33943838661245496,0.3321855099664396,0.5104051917661557,0.48352663672780366,1.0,-0.0046149107314072246,0.005689346251350674,0.06577656786163216,0.12892147302226578,0.44753983927477914,0.5509676973309887,-0.19163771796001572,-0.16795638859971684,0.31832878327139796,0.2903090501608429,-0.3466162041482843,-0.2723506560668043,0.28207475141903193,-0.021942387883548898,-0.08656301430853956,0.08493057740523344,0.2947551992908857,-0.14821724966872235,-0.26030530260558754,-0.29773716947793044,-0.22891966790681387,-0.25972537869579,-0.1348451111584517,-0.17696158163182646,-0.04200919677914844,-0.09538871797519005,-0.3817734150136918,-0.3828354255075932,-0.31033000553228673,0.07492269298143156,-0.40609796932693265,-0.28822845771555694,-0.03768432252325269,-0.29785823475683776,-0.09154438118275862,-0.0676990323129136,-0.1354706785534261,-0.09268134928142745,0.19417292806878497,0.1842773649266046,0.16235205708429895,0.2701522795393419,0.35082285205578,0.17063925530826674,0.05599135254116346,-0.16760335793588008,-0.4049698702607292,-0.3541496429212247,-0.08946658333901931,0.26812133030758434,-0.12606210813085356,-0.007121834282449328,-0.3106557142601901,-0.3658104880784802,0.2548067150924832,0.46639525532378723,-0.04837272504642039,0.27178206682481454,-0.0054296559679036325,0.2858299690168465,-0.4040058832336726,-0.344805456450878,-0.38126806586947376,-0.5088585300305395,-0.34172973870978407,-0.2818840956394333,-0.48285019230223414,-0.37422213795115467,-0.3091344573941291,-0.36599923900697795,-0.4172329121589768,-0.4165286881003287,0.010358322088132116,0.19506691497313505,-0.18672764903583874,-0.28100393076308594,0.11467829370699664,-0.12762125327899837,0.31936229242710723,0.22293655628109857,0.2999915857105808,0.05658850306391983,0.5616916893573801,0.15408011174513322,-0.09608239056815118,-0.27289424203860235,-0.20747187669656536,0.022586296188188165,-0.08021262346961065,-0.1468411041379936,0.16652621736810905,-0.08193878858850577,-0.028382599338394036,-0.1321212929590162,-0.2923795942151317,-0.09293975856507083,-0.18515411697605796,-0.27502715479775525,-0.3598646537114823,0.055304631864643836,0.06728898053037552,-0.3417972303950414,-0.12662003906994876,-0.2821247810447963,-0.29017959197465815,-0.1914056287100045
0.5139380903446392,0.416674132867757,-0.2713446090273726,-0.40522360746837416,0.19710963239395246,-0.20449176991244708,0.06901075400011761,-0.21059234504095575,0.20568954379791426,-0.0046149107314072246,1.0,0.43953947479139555,0.6094085934257031,0.6190188293774924,0.22256740909646153,-0.0611300462018476,0.38733736621666204,0.35683271811592954,-0.006877093862982821,-0.048067787915163404,-0.2235290274060643,-0.08642945309617925,-0.2903711848619744,-0.4349228926263984,-0.016742205384392066,-0.1899573334588743,-0.05327105517353989,-0.21004775895046143,0.39775955941211527,0.3496099742832831,-0.07032501613144088,-0.0631937040457285,0.07333874636099028,0.12115518557247092,-0.015516335308237582,0.20542939304056188,0.18479973071834768,-0.09180485872968688,-0.07769660187865084,-0.0796025996984048,0.09117823159298961,0.016199224391077374,0.16938584008082683,-0.12012790994795887,0.09550118776315529,0.07660004117472045,-0.07500239742955608,0.07421709877248642,0.0102691167866438,-0.07948229854245403,-0.161055443552087,-0.13543305172524184,-0.022069270709941993,0.12051257119142657,-0.0963900723144675,-0.08197862809934314,0.3753795322062423,0.11466659727587268,0.0919470066217065,-0.38839298891636687,0.31457963896210783,-0.00399237057053383,0.1939433039566613,0.12659347357740308,0.15987944146809974,0.07628367573976112,-0.19370006614190152,-0.24947925125649673,0.08757012104831584,-0.20001536506478806,0.12251920440181449,0.029596386819831535,0.1989111357093901,0.14483016314331695,0.3593149626086113,0.3849365081602966,0.3306244450298867,-0.07655171782263395,0.30193295836576495,0.07212377996991902,0.31723844083552644,0.18125176543074747,-0.0023084931529162517,-0.03685836983784255,-0.09654845327983545,-0.2115114102846713,-0.28573384518294764,-0.13071618239040866,-0.29029284038363384,-0.23252000999993186,-0.2015827055924116,0.09501390609240962,-0.40975899084919293,-0.06523365147120501,0.19612333483983982,-0.13793961025447565,-0.04537636055381375,0.2231329944965518,0.18772605384172833,0.31627234214908456,-0.1196078099077777,-0.05363415834997538,0.07122329436615996,-0.26557445831613297,-0.054399268290323405,-0.20055529105129638,-0.06917833142822971,-0.23092890143842104,-0.06785106678230297,0.18059771058553484,-0.1644711967126557,0.004671775331396666,0.09396091036859246,0.16913361398245633,-0.0756795520125435,0.007788804073448295
0.15577957490517177,0.5899329846314103,0.018316507220831904,-0.1720745054899155,0.2326319769035303,-0.05097345259114757,0.31713658112367954,0.25273774420115197,0.16147040908233604,0.005689346251350674,0.43953947479139555,1.0,0.38691170693465565,0.5255538428815549,0.1865406185498988,0.0995442487464318,0.19081384762390227,0.25111687519653586,-0.06390838310344905,-0.13805247296546952,-0.08071139947003811,0.09353881129763941,-0.15595987864658087,-0.1942286177495698,-0.08841123389471048,-0.05401858268464654,0.1326881388519599,-0.025229589261650687,0.25360839409224234,0.2119138712185254,0.11401436675571647,0.20084037215014286,-0.10681276091209775,0.12065964538471212,-0.03451004488976025,0.4424918642427449,-0.12762475492416625,-0.13520778592576133,-0.1375102461913173,0.01604630126697248,0.06636472749636398,-0.002664148007834793,-0.15841484047061005,-0.03376310987442308,-0.2355160296368105,0.15408183095082276,-0.29112379863678056,-0.12499587281571466,-0.2193035505057361,-0.3328624038238104,-0.11429169440768988,-0.1960386979341097,-0.12136179476135509,-0.15414627777802714,-0.045975273572753154,-0.29702076883928197,0.1333315053423326,-0.11395739907527204,0.02167997878875722,-0.3647340446953812,0.24379676137450557,-0.17038123553896284,0.14175416810647593,-0.06946396985035767,0.4206366348721982,0.27001531765071785,-0.35781910223062957,-0.21249234192306643,-0.2761407992687858,-0.38670910875077424,-0.06309686762689168,-0.013287354197426611,-0.02905651421868948,0.019971036459131307,0.29508113128038166,0.2709704177322028,0.13577274611672982,-0.11283425041220263,0.11326047157059126,0.09106903789645798,0.11808840520299115,0.05930723918800613,0.11513279999947618,0.18620742244485136,0.1519079415235484,0.12325489382702687,-0.03182584617457854,0.0401259645603232,0.12176532258017311,0.11682063656050753,-0.37988922375092865,-0.25199179070334626,-0.162402503730583,0.159507517927115,0.012231994410854539,-0.09467137909466752,-0.2644933167104032,-0.007683740696945852,-0.14533044134461476,-0.06028513087381916,-0.015189131592416697,-0.23707716790570033,0.12725802315684487,-0.3733246497104294,0.032737541953130056,-0.26394220109824684,-0.053707067223700444,-0.13764982385718924,-0.06667575073346867,-0.002183163835781399,-0.1643197753455934,-0.17350424847274426,-0.14739611679430617,0.20690280726929144,0.009847889844232304,0.17407676980873926
0.4019091292311298,0.28788792874103447,-0.3182199409152704,-0.46312705062845977,0.41203864087565945,-0.35435107571851915,0.4261571272827341,0.1317772317637204,0.36077973400312835,0.06577656786163216,0.6094085934257031,0.38691170693465565,1.0,0.8264333417061951,0.2591923823276289,-0.12094116536688325,0.607198569305398,0.5737530806048455,-0.14149903804742928,-0.034524867187785704,-0.20650629416896094,-0.1718644311455849,-0.3913432891179751,-0.4922326102503403,-0.2054802008716373,-0.43097785070871614,-0.22948496236746269,-0.43608343367913804,0.48157975849663376,0.3290042829920542,-0.013497179282771108,0.05115170388530812,-0.12270984567928787,0.11086831602866414,0.12413576023507955,0.08174869039148398,-0.0016409053272258272,-0.24659138744097753,-0.11100598663676378,-0.062263726993143094,-0.07321273203201704,0.026211450517279255,-0.1132543932514657,-0.32216516075580726,0.049804946735510114,0.01358858324136931,-0.3289837227523525,-0.28022841842685353,-0.028314829278064092,-0.03027056709003471,-0.41257613569131124,-0.19650732686425057,-0.04935687342030194,0.014745352891194776,-0.1440893337498766,-0.1729708702031696,0.06470061674476063,-0.012194299702418797,0.03924069555897729,-0.24490658857371073,0.5776657974293077,0.1661216397473392,0.4845637264432197,0.012302547091900037,0.27760503733861785,0.1467838828999806,-0.14427848142294866,-0.2794577302627329,-0.17561784862285112,-0.34585261115264393,0.1110775546850152,0.09564605415246141,0.11636080862828563,0.14763365042851267,0.33640430535358073,0.3259363739947219,0.2681819212166611,0.0931001442335858,0.3251501706934004,0.0441659064918242,0.28591812015461615,0.22697048856126503,0.01983781063689311,0.0711493967168891,-0.19073281355363103,-0.31580593102175913,-0.2503108529114408,-0.13197786299550845,-0.2029708846127893,-0.052392116386657674,-0.050119837692642506,-0.018951806613776063,-0.22436910778450567,-0.1554944702403204,0.16269757562347337,-0.1760295280883705,-0.11581939137449745,0.1406978424233718,-0.006970211337118944,-0.007810933357042219,-0.08681564701885221,-0.12906449507729806,0.1263444550348695,-0.2749070736741234,-0.06208083710250712,-0.11896754997491679,-0.06473873859934696,-0.13232994233576942,-0.16834941459441302,0.20511882721086752,-0.39756506777359474,-0.2343789643273511,-0.004657597704907424,0.24649709570767556,-0.02387812935035728,0.1404029290200394
0.24683649813518127,0.43713784698468855,-0.2648125635061091,-0.33881580308430675,0.4828540884709793,-0.28377983957170977,0.30916301922526224,0.15175084172277514,0.412627545149723,0.12892147302226578,0.6190188293774924,0.5255538428815549,0.8264333417061951,1.0,0.3090101113016387,-0.11026115846430526,0.55929478536618,0.5467751691307956,-0.11529563404550423,-0.05171060051086917,-0.2167178363543374,-0.006633499118732145,-0.30282508561787674,-0.3351610072832473,-0.2018943994039195,-0.31605591014828727,-0.25009399697888984,-0.38036478703403986,0.48677114356978535,0.20777144739431241,0.0769523109495513,0.16848412608050972,-0.14459257006742396,0.12121716635699503,0.11056897668567574,0.17626951609972966,0.055701762883229165,-0.18660322151638434,-0.09885273718505697,0.03686728276832334,-0.16913630840944568,0.08718439454370619,-0.2530380996472568,-0.5156410209872245,-0.17432561996762977,-0.12107964686826263,-0.38794739783592214,-0.3960843927578255,-0.11908788733840252,-0.165478882621436,-0.22765780241322436,-0.17416523926539876,-0.0023351448862438348,-0.07697178555214487,-0.14393123804875357,-0.27834172991894973,0.14984449023102184,0.029034715396888445,0.08518095077136263,-0.35415681229998336,0.48509397740095456,0.18910874747027204,0.4311464480447591,0.23350230665277705,0.31755584848300966,0.18468655094762457,-0.21991093718009264,-0.2377981553868723,-0.13953767066042572,-0.2911605997671495,0.06672610494383202,0.027589963563340068,0.0801396889839251,0.0567787467708805,0.4561028814788013,0.2450332537921329,0.16480199951697097,-0.09989916855857654,0.36299130896043547,0.16802151142529434,0.35501780253800785,0.24848549981249513,-0.03442262689907693,0.01947509510963116,-0.0049605484282412605,-0.18459392532756388,-0.2707898765510935,-0.2168777830533817,-0.1778146148248426,-0.023359843276771833,-0.20146026015771415,-0.18495379693475048,-0.2350498508402217,-0.17830589986886944,0.20482488650219327,-0.24901303328479663,-0.22998797803370852,0.13725614957361493,-0.10301992684321114,-0.10938954762003218,-0.1368123360088862,-0.2663382390284991,0.06078667423992601,-0.28018140404437136,-0.11288995715940646,-0.1085093751211991,-0.19803050018706458,-0.2324932048985745,-0.22877000404500733,0.08042776559090631,-0.335825290148898,-0.3737246635005764,-0.14739403523956868,0.18964405394393855,-0.09108593741560995,-0.006902267411583075
0.16337761746792948,0.2926041030625127,0.48079095129246835,0.13116546273046586,0.5026871036825016,0.029058528295571324,0.49290135487103615,0.35033051541064314,0.452756421300733,0.44753983927477914,0.22256740909646153,0.1865406185498988,0.2591923823276289,0.3090101113016387,1.0,0.49949895422880636,0.1285820895109828,-0.02517431763016809,0.5389690102127359,0.49681091772113056,-0.30328271837157256,0.008752823376929519,0.17185225481391747,0.0542045533432666,-0.306865054681482,-0.009493933645380957,0.28965466810121265,-0.06023125141983222,0.2922515254995863,0.0736285299347895,0.0674465914364831,0.18496390935021026,-0.4190116519223682,-0.12740141812744926,-0.1554810553753247,-0.15233802728799437,-0.015179755693429348,-0.34921864882932496,-0.389512279094041,-0.2736065010914742,-0.14809411580554138,-0.24902754772455876,-0.29783272268820965,-0.3289715548358498,-0.306354544645665,-0.2316919340589357,-0.2460304444900606,-0.24177889407170391,-0.2990371546221927,-0.21482094711351526,-0.37083302916174193,-0.16296576344984132,0.08239307922358975,-0.004107544559245691,-0.23670123252624534,-0.38867694797870395,-0.22715607675440241,0.008086382192613782,-0.2986583635393566,-0.19573788660430075,-0.0747303840512464,-0.2521587747932351,-0.07262471575995809,-0.3249996796651215,0.2719105020851598,-0.007899089378718832,-0.30007736542902663,-0.1871937030492865,0.2681906874333568,0.1748661065689557,-0.12387456059565048,-0.058729557477948405,-0.13269689300325382,-0.37320103803621474,0.03460585626056681,0.006107571072717693,-0.26650485204120705,-0.1886988056905807,-0.20373228651471448,-0.11642347898872282,0.059094132996879434,0.06590647005667134,0.5120477467908854,0.7107049895456465,0.2572308873561658,0.25714302408680734,-0.003906056197601308,-0.1917789622088334,0.2050279006879303,-0.005054114227477434,0.22114145745183558,0.10707358827389425,0.22756437622267692,0.10310609172648805,-0.39251658485435775,0.06289662091815196,-0.4513571111900338,-0.1784375387674631,-0.11607662287671129,-0.09225214677338094,-0.12873895037319658,-0.17742584166441247,-0.14677441573725694,-0.5191010892945184,-0.37283541533154757,-0.45883581874409946,-0.014880519730980528,-0.29958958155327436,0.020432130585769696,-0.0976377518401863,-0.2396002080434911,0.014628673471819674,-0.2454641570509257,-0.21645169808367742,-0.11746178806152004,-0.04426660784552443
0.03797245353352651,0.11227491766522206,0.3495832794057212,0.49087005342530576,0.23268139471391125,0.5174854009520364,0.06320085202043453,0.29158681214931065,0.17116811348439076,0.5509676973309887,-0.0611300462018476,0.0995442487464318,-0.12094116536688325,-0.11026115846430526,0.49949895422880636,1.0,-0.3426253801818799,-0.2447110500335002,0.2494402425963388,0.44305751055958864,-0.4272756302550862,-0.381922814546039,0.22125948065192733,0.07833540779533646,-0.05204407495759408,0.18220891822117793,0.321836342869965,0.0982686429805659,-0.37547429857712045,-0.0806093710024202,-0.47920469534902893,-0.38273925146106524,-0.32020052834057017,-0.43357217400751896,-0.3007373784032446,-0.20662403374750887,-0.25948384470575175,-0.1668175378522035,-0.4352958884809798,0.08552458358843454,-0.1594308444367881,-0.4298559027988429,0.2381541939007374,0.15453632774661633,0.18662027138993406,0.22952331755635494,0.22366242316073642,0.20712358450870302,0.26958519621544125,0.34593613681833446,0.07195363331363117,0.3960537527557889,0.319945553351489,0.3387350235980075,0.2198331854960692,0.16570923521504569,-0.4416539228483945,-0.38680596218501295,-0.20647898208025547,0.30181722126492444,-0.4850473405769818,-0.24351911728602058,-0.4319397269730883,-0.6297607254467412,-0.09975955103642624,0.30469695715070283,0.2092678492986702,0.266608312392354,0.18944167560058844,0.10902962535441628,-0.2865457952365295,-0.26876170372177177,-0.28506081091796065,-0.40150412332044283,-0.39679267022363307,-0.12331711878527699,-0.3323533845321267,-0.23825373578943926,-0.5026954704914546,-0.41953634204215806,-0.4257933356171992,-0.3688501844135391,0.19453176853185838,0.5761324175201308,-0.1543077590807435,0.14707201489035043,0.1665060660635793,0.3233798213168415,0.28147636083115246,0.3545959836563181,0.33468941742622826,0.3471415988069876,0.2594170067325731,-0.0759971654149798,-0.14562992989631598,0.12786372886293987,0.10198631343325451,0.0771487056523553,0.3180947260562161,0.2724130033459685,-0.06476710582508581,-0.21772610821378438,-0.20835057399727527,-0.4899622926070198,-0.3825673849676626,-0.49332729228650396,-0.15397410405399395,-0.34146274110771074,0.02446312871311967,-0.08349871406412279,-0.07320846430852579,-0.06573427278716489,-0.04936565175131905,-0.28272266470658175,-0.276683296538328,-0.13972420212498987
0.26891151347818015,0.11743263605764294,-0.29213605744912136,-0.7539067608984118,0.18787286212058008,-0.5692940833685156,0.29533055621869275,0.01125902861732981,0.22921294120145427,-0.19163771796001572,0.38733736621666204,0.19081384762390227,0.607198569305398,0.55929478536618,0.1285820895109828,-0.3426253801818799,1.0,0.7845989034344857,-0.1513313952286197,0.045989418758544384,0.04965648488231376,0.15834311551070407,-0.6410598018578839,-0.49299302781648335,-0.375317351472975,-0.5222467297610225,-0.2733688092650389,-0.45726651826767173,0.7999421663681633,0.6043782997415575,0.3171200270178957,0.27995978944121536,-0.09590797734775855,0.24723729825009566,0.09643893307531107,0.06906370900810717,0.3365147453421314,0.20199428098439698,0.19466043594788557,-0.03843529626460083,0.3540026937609076,0.40178303626169165,-0.2669577219558333,-0.30886502266325533,-0.07697443023273953,-0.08415414880058462,-0.3187277884930492,-0.5930355564449912,-0.35592068038687175,-0.3159965715937238,-0.581600383744855,-0.5627194457346634,-0.42933884599657085,-0.3211546844483438,-0.5305025473623717,-0.31622432090974856,0.43931999586027276,0.47237336406535546,-0.11083954595501012,-0.44577579217876095,0.4690449182752439,-0.016789216067488635,0.7872833598656475,0.3151253091617904,0.28513531885078436,-0.30689235808632354,-0.2546587165090867,-0.5158130239692525,-0.21278427698431934,-0.1541906898089423,0.2413622898310479,0.23427624395572713,0.5067459672431553,0.38093044839381535,0.7023393526346233,0.43940717965503934,0.3776850097035292,0.19588544140380965,0.7259863050244992,0.6296169591351333,0.7334742324605711,0.7544143677165824,-0.0364302830353455,0.060765879816812605,0.2965948432458709,0.16603078744135294,-0.5516924975015467,-0.2751937052399742,-0.4584187821785672,-0.46631810767384374,-0.5396145159316937,-0.22567801013861802,-0.3217816896238363,-0.026700218947833587,0.1461295488274974,-0.09527800909580308,-0.24967322634796857,-0.08440426259387057,-0.1297339162659372,-0.13258072156114623,0.01817108434765914,0.16399883208902963,0.38577011427235863,0.10256604433437345,0.10548786379570338,0.11344607956877002,-0.09269528375042273,-0.12817501773604523,0.10345492855054346,-0.1016715830670768,-0.6913987668734619,0.009371534907580246,0.18246207054709082,0.2989254678889983,0.07772508068707432,0.13106174319639768
