1.0,0.5066282946438456,0.36833368470009964,0.10573325545770175,0.3684187725739545,0.1371918811232123,0.2884266243062764,-0.07104080997149967,0.12125820830149538,-0.21603158408081016,0.0012854486413863364,-0.09394022778121423,-0.22436941744610375,-0.3669693108989826,0.09263466960179405,-0.05498277297428175,-0.09137050984615863,-0.1411582035492588,0.4207215397456969,0.5238862240637782,-0.14227264941248666,0.24372433063128407,0.07678956991425265,-0.009908812097481965,-0.07810934568883697,-0.4100642590028254,0.29481587816767063,0.336630757747526,-0.03683086007388319,-0.3493883588640111,-0.4316462886547816,-0.3031323981954542,-0.03956590972918213,-0.186466082576806,-0.19026037961970357,-0.25557257649571746,0.11952613866448424,-0.0765879526028438,-0.3182974907169351,0.10917774356720515,-0.31825397301143776,-0.16101455538374496,-0.47876165459851894,-0.43774624824834146,-0.48233241652264797,-0.4952106672729936,-0.37629762351972795,-0.30628404583340774,-0.32772649853663505,-0.429764054850131,-0.45443169776572423,-0.2849752114865427,-0.08779484213554109,-0.277999488786037,0.2144533936432705,-0.14620935637960863,0.675543472228127,0.2825470458654126,0.5703427111144578,0.3972899127578363,0.370469463299514,0.2134182154588565,0.048269172755442166,-0.007013714126009596,0.034078328409399006,-0.19286659592579947,0.17568339927899404,-0.1609600998214999,0.369366380458012,0.2508116582382197,-0.09044362186871988,-0.22504114048502552,-0.16854654552101314,0.004983885209453818,-0.21981535638544336,0.03377232333097301,0.08285596888337209,0.11012047533672008,-0.22933287648729367,-0.23050930758743057,-0.1453304591631135,-0.25080873230038275,0.419047369948568,0.3518746235309096,-0.13592927200329702,-0.10955852062931955,0.31041210940053193,0.1739183561472855,0.4853011824010583,0.5822713553895557,-0.23060451697308762,0.03639288450113078,-0.11112002667890854,0.25524668240192894,-0.0476843410297522,0.11573253325047693,0.07563809688258288,0.20082848231359957,-0.004825726881849018,0.32537712889275977,0.022769495915651403,0.09103747814097901,0.1308322793789329,0.15688346669827496,0.15798749097548634,-0.08305446894557252,0.4730281708368943,0.1645745393709526,0.20021298871951304,0.26020991642349073,-0.13859587460960318,-0.20866036455646295,0.15512338526934413,0.21535554842193033,0.02079372737621241,0.006251154775044095
0.5066282946438456,1.0,0.2702366840661185,0.021869435457633944,0.052479359270676956,-0.13183860716271964,0.21736869706944242,0.043789299345820765,-0.003016801917033173,-0.2610715321715534,0.08565006750650246,0.08739227389435521,-0.2021487886631508,-0.05073042504428254,0.04280628690258143,-0.1806716561922318,-0.0911797546893322,-0.08930091638404647,0.3764308558019639,0.23864934209613337,-0.21943750373227833,0.05625613323956002,-0.09374488627298658,-0.2345110731662832,-0.15399476950663257,-0.4065087626427703,0.006584505697179349,0.06273113887202793,-0.006575439857427341,-0.2033940234761279,-0.424805466185842,-0.4355804857818257,-0.08860557469135294,-0.24072086525841216,-0.20690712500047936,-0.36198973236249793,-0.0497237528691212,-0.014392131538608702,-0.2015714556648971,0.1573365470815203,-0.3040759000666462,-0.19585421960188099,-0.3780540872186805,-0.37278008618458636,-0.3349151591774232,-0.35741641587960293,-0.3428981198419535,-0.2666806590590963,-0.14172566491926675,-0.24774903626934897,-0.2502349117842043,-0.14454054754500972,-0.1201983744762179,-0.2098201364192554,-0.020459103159205554,-0.2014372219412382,0.44357323293060513,0.5740163246346419,0.42800472661612704,0.44377690468743286,0.23272219853476708,0.2548773698440087,0.07594057376501882,0.023850356091344636,0.08519025442886882,-0.10155692312886419,0.26266541209597155,-0.06797351328042775,0.34469139326748827,0.5148535213456263,0.050645858381268255,-0.12591350591604253,-0.20331294278663922,-0.06664648922766697,-0.047822439914546995,-0.004523298799320636,-0.017766276961383606,-0.09067102355040989,-0.061153823310002624,0.026366794268926016,-0.1625847571930842,-0.12676264915325045,0.08820265626344438,0.11503475226335397,-0.142218384069207,-0.2812281874401292,0.07472951247603132,-0.07237279590806982,0.1313735553142717,0.28023978845381453,-0.1618009971455901,0.1324162970752119,-0.10234673744549931,0.3784250870434772,-0.0992798051283318,0.04317600641724811,0.15547380250204076,0.12107972481594692,0.08377354286512946,0.14483508613046425,0.07293478068109661,0.24238815561572724,0.2104438971760717,0.24163132283829045,0.32018739004597363,0.14982427822603467,0.36661320244233675,0.14774091212261817,0.10352420469861008,0.24516587907402146,-0.044959127999401965,-0.05244843827307285,0.15688284896498414,0.04211876040232364,-0.1463391254032513,-0.1475941685557088
0.36833368470009964,0.2702366840661185,1.0,0.5309901001898596,0.47770633572810123,0.3764014871180892,0.5876245961423016,0.3320139651903291,0.29587586403593163,0.4014226346789556,-0.23735562302881508,-0.22340791345415884,-0.2945799109359054,-0.3275963092573971,0.12740966184972477,0.3220126721529216,-0.35777898989882817,-0.5233982719680172,0.6850031906575021,0.5859264936003028,0.07204786290238173,0.3094465563232975,0.22243439309496532,0.11988040164498905,0.10025633691337205,0.0652610420043902,0.3600247601871861,0.2174594208807431,-0.45969869859350104,-0.41358685018758906,-0.2741798152243304,-0.31470189883724853,-0.1038270007298659,-0.27282617563413125,-0.3008453988762547,0.11064364743604674,-0.09696088808873193,-0.06827942849531098,-0.24093291044978746,0.376935290829077,-0.5089676952517058,-0.09361976452629722,-0.22513744583623657,-0.024660828995863034,0.023935217493125764,-0.026251257540480105,-0.11107300937118116,0.02777088448384871,-0.14257584282636934,-0.22719515537083398,-0.38376863069444617,-0.12572842291039366,-0.03883338788266137,-0.11914951521753882,-0.10136861238624073,-0.09983775249586295,0.1459157343567408,0.036319464064210875,0.16668132228344465,0.3106551990998489,-0.21449727054344084,-0.13653343640852636,-0.45080845570005784,-0.5612846074758404,-0.013314447496770455,-0.14746779485233197,0.37460166024915603,0.19426064846956548,0.49378397106059113,0.4315296431261168,-0.0997059307398532,-0.47437889968119934,-0.5012272422065109,-0.02424919164471289,-0.5248112647175672,-0.26932360067401945,-0.18621312155766798,-0.1370310889781482,-0.1723685333411089,-0.37321598492894725,-0.4724060756218974,-0.4918723780673412,0.3765770697310234,0.47807093818712504,-0.3878866816825144,-0.13797356499906183,0.08195613405219511,0.32863953859724615,0.5120657166161336,0.35028436158751614,0.18674783510051662,0.27198683921408634,0.26532704856449696,0.18342181813968964,-0.021315098179293748,0.20480703218281873,0.10965635199742836,0.19691475605345515,-0.054552250407440335,0.12359909057103667,0.09177738064219332,-0.12243361067480472,-0.08630589113423216,0.006863302185184396,0.1372256203918085,-0.140596363493145,0.10072596084675794,-0.056931271141875274,0.12357200049901515,0.34517643223696814,0.05177904515073147,-0.01432900485881811,0.15433164952684866,0.06837716474432748,-0.04749664838009656,-0.1341968857662738
0.10573325545770175,0.021869435457633944,0.5309901001898596,1.0,0.37722004299807044,0.4674806671340107,0.2850213548867478,0.09432595620626173,0.4318215741594403,0.44415200184629455,0.04432950316554085,0.044757668605026085,-0.12902974254057667,-0.22308700100922313,0.3389849512297475,0.3363086184792396,-0.1035187155823393,-0.31398898904039646,0.5148703750847465,0.43663465757821085,0.12516310255957167,0.2721736124241568,0.5218297844605463,0.6433326069344949,0.28803918107362,0.35351372524662,0.45295236035381015,0.4633157997184378,-0.3388045629338231,-0.2114786090713672,-0.054372855270731456,0.004719853306397329,-0.020929259476648542,-0.20996983296999672,0.21098745339300598,0.3218357132647704,-0.054592404891717655,-0.14128184614149814,-0.17630173168507732,0.21175562100325487,-0.35639557076818523,-0.09976720469827394,-0.259239726163185,-0.11416285402101448,-0.266954509811269,-0.21504164666075376,-0.22953737595620427,-0.08016798748699062,-0.2314640343493005,-0.393538242468059,-0.08773617605833542,-0.09753171845741182,-0.08777698619502512,0.034973320867242884,-0.27647281604871526,-0.2724046558565539,-0.08639548379204384,-0.052532173766962356,-0.20868099145904007,-0.0515132805688019,-0.3739433102563649,-0.2974729536613234,-0.4020315701067825,-0.3773195838791415,-0.004152091841888628,-0.18700331620252886,0.04101664836130916,0.29970833952560627,0.3614424404189815,0.20063036173983267,0.07723473452906922,-0.5818329865469634,-0.47865996676584316,0.2922023224485054,-0.46729437714475497,-0.3874049480474668,-0.3657837394846433,-0.25362788079473053,-0.10683118332167531,-0.21379012965097038,-0.3314065946682096,-0.5330067586508275,0.3902994198979272,0.2674795675183534,0.08931203985432032,0.20923890479778334,0.07660105327394295,0.20603066894088387,0.49328502344090797,0.29352908628692587,0.25317794233494517,0.24926749760900999,0.4763499682468859,0.10079426527948533,-0.14983134547536328,-0.1328423287979759,-0.1120658018119856,-0.027817714461046368,-0.20069187872531,-0.007452580606148068,-0.09221882293881546,-0.2160701456959729,-0.18799874013104284,-0.07558085003009768,0.06318781777440587,-0.15648107593426552,0.19106415921819306,0.17167681246163022,-0.0059297409685881855,-0.03639526129253127,0.1421718672796839,-0.23374958374760033,-0.1984095847285281,-0.105166295994541,0.06982649658274215,-0.19489575046110166
0.3684187725739545,0.052479359270676956,0.47770633572810123,0.37722004299807044,1.0,0.7700762247922067,0.2934620297314174,-0.01861987899205795,0.7536597352121551,0.3588737870619991,-0.3291633316047218,-0.2502544670048165,-0.20388818215467264,-0.5327908325330573,0.47032621942214514,0.4322766872783535,-0.5001383313827304,-0.4417882203097027,0.42490986245171675,0.3301751643435109,0.3196638409141749,0.5787698189250694,0.3347796058584017,0.32489470254270925,0.4119493861127332,0.31425478209490487,0.7318683288480332,0.5730707681202569,-0.44168145919802804,-0.3338255264466014,-0.35994161212693165,-0.10063811400919695,-0.288086565131324,-0.28372856463666174,-0.014879023614680876,0.05309710607190717,0.1445367277096076,0.07614065484992667,-0.09141070953256603,0.2358901466098192,-0.09017922087036097,0.03099337159775073,-0.2907986065842319,-0.18912582913569767,-0.23859925945124716,-0.1902363838448478,-0.1618320481666794,-0.06170087487386048,-0.42583700501233973,-0.5723568654605901,-0.3494464962640161,-0.2455566646919312,-0.05076186061305603,-0.3021105691279453,0.2734067825920809,0.053284781053877114,0.021511460961796444,-0.11597366061506811,0.2047149352962875,0.16639468697022972,-0.09411099450221955,-0.1751072201671843,-0.3981682635170154,-0.41477653331030934,-0.14413242313376692,-0.251561921645656,0.30115069614215123,0.1647700617933664,0.30680180741215507,0.21311349233978508,0.1802589796227843,-0.5184147172962384,-0.44098049108457954,0.3521184109907039,-0.520320470981523,-0.07485729303377212,-0.07676903436148706,0.07051178356988612,-0.4003067251449295,-0.3011732895176572,-0.4258027435781291,-0.3967565004351895,0.6407613596208527,0.48927619910749387,-0.08887035493335939,0.15002861182416546,0.12177234186328995,0.14452490128152268,0.6059890829059067,0.5513775346168134,0.15661937350439184,0.2847204663787096,0.2705139394644982,0.2666093512022318,0.08604021803163979,0.33275377793720384,0.17685231914170313,0.38748711082550635,0.2321920380328495,0.5011528471528703,0.042792131440634026,-0.0515187674731277,-0.08569026114588173,-0.0490471885609644,0.09593277823590322,-0.09832126716758609,0.13740497175666344,-0.09531589715666615,0.2793124009480064,0.38702450828422513,0.30024078031205287,0.10226080515234076,0.20661976917162317,0.28628653461505393,0.04815720026525544,-0.0812527504498127
0.1371918811232123,-0.13183860716271964,0.3764014871180892,0.4674806671340107,0.7700762247922067,1.0,0.05856310870885541,-0.13436137542438628,0.7559493544847822,0.5885657065919583,-0.2841216893010276,-0.12932873405232614,-0.24006928597334812,-0.39606541113020427,0.5579644345555904,0.5205474194132462,-0.344886156999951,-0.41409164938197657,0.34148091843915757,0.3159688122957993,0.417999280584775,0.5296729324094154,0.47609881621860717,0.4436588401133247,0.4941657814028807,0.5390382210239051,0.8412453034924764,0.7288903332657811,-0.34530302752254843,-0.15368249370038542,-0.2064591873694142,-0.030673449028934936,-0.2636518489121936,-0.1998261022194803,0.06961895231160548,0.10866749189972616,0.18589958994051198,0.11648922352398078,0.10064140340042896,0.31241349636446347,0.005472273068474269,0.16180580959967336,-0.12773755596919137,0.012477428789207205,-0.1195043985536006,-0.05816167799305793,-0.05624137424531836,0.0782355511593752,-0.4672957795018338,-0.48119530583152936,-0.3621551789496432,-0.31102477240345433,-0.14729048308528842,-0.20954656270578176,0.06574658898696102,-0.007391904956877095,-0.06672124905373758,-0.08923176877885312,-0.03696848057688885,-0.0539474556554937,-0.2970134744093972,-0.3552799527414123,-0.4502812549522398,-0.44049250400281065,-0.18207112447945265,-0.23818220635926834,0.0608796532973788,0.14507879852939154,0.20274549587727198,0.1625384534154253,0.1665039990134285,-0.5598369169574446,-0.44545636919511833,0.37171123632118935,-0.41955338350443644,-0.08841984213292343,-0.13951819008599048,0.06909382559382203,-0.25412641710108996,-0.18563118343360502,-0.344855996486517,-0.3533459901419057,0.622010355542815,0.45054953987296004,0.05400714787580557,0.26349753562409395,0.22982006523864806,0.23725567215646237,0.5660521351546569,0.42677954921001415,0.12218929571290318,0.16706396198889845,0.43837178636051505,0.21620440418549192,0.07145145931991723,0.3175327034744465,0.21076818832799882,0.2615965075868558,0.15881822873060122,0.3327834366372985,-0.00470160098563332,-0.08041901567858137,-0.16654555814000688,-0.027068453895537123,0.03340892656934967,-0.07805950642633218,0.011787872917377042,-0.1706441359910469,0.28103633557246277,0.2527178074278695,0.29505233838326045,0.03426189466636477,-0.00036697381172357766,0.11705503861183561,0.03630663739421105,-0.006255832522554498
0.2884266243062764,0.21736869706944242,0.5876245961423016,0.2850213548867478,0.2934620297314174,0.05856310870885541,1.0,0.5198196753790654,0.16097413096976496,0.22757117646879957,0.018740181756588235,-0.25379014812565526,0.10636981637939695,-0.20855358250389505,-0.11138371758309486,0.05905346441316261,-0.38551290128814814,-0.2179624557479272,0.36246709988538783,0.25111966357720905,-0.2330862097161454,0.06422205286841569,0.21005959071013416,0.09415537979999279,-0.05792811061245109,-0.17604712443331116,-0.025448505246484975,-0.03723709351136448,-0.35473668067447045,-0.5553857318187714,-0.3523282167607392,-0.40816293364616846,0.12102242652644624,-0.18244320658720642,0.04717979345875723,0.17683239759423267,-0.4219954158207425,-0.30990983583734555,-0.41452832014036667,0.09673800435977009,-0.5473393700370675,-0.448543390909302,-0.41044189206637033,-0.36959295403591275,-0.08570765120676403,-0.12375951004143196,-0.33844389274686526,-0.22066529678537591,0.16360531761152008,-0.07201051264009578,-0.11413319189270366,0.03650070376432663,-0.00981772129031508,-0.137539062177107,0.09507220289984399,-0.14511753170534386,0.07379344177720464,-0.08342605449242195,0.3045134618969956,0.400872150646747,0.08696575200831272,0.26090032808017904,-0.15610121404847402,-0.17549038669363196,0.27448084913442417,0.18463717190607,0.4462894159254761,0.3100293537421168,0.19899476958431578,0.3095194383631625,-0.14504421068733162,-0.2308619901698313,-0.3444803956759265,-0.18132174147093133,-0.4157068651497702,-0.17470798490011138,-0.20693899242544458,-0.22658500555838434,-0.12176405004193754,-0.2225081373057236,-0.5456895234357798,-0.4552515984934997,0.011971829635676301,-0.0031917358477753666,-0.5211170004358784,-0.3552170307892113,-0.14925565164349364,-0.03524794144456913,0.32954438817121345,0.40101557662966236,0.12341066494400267,0.1424663521350484,0.2629427258631199,0.3288463335208068,-0.03444803946051186,-0.01831592428905777,-0.09268167035283172,0.06721876352156546,-0.18358521287753374,-0.029207677954309577,0.27440990363713075,-0.07686627002331603,0.1408962593868629,0.08334878783775529,0.1849450537873146,-0.05050168285251233,0.2460222090016113,0.09102214768650939,0.019973614514771604,0.02683771631797437,-0.0720761685897639,-0.16680807013113416,0.013263243055981169,0.04925356908984352,0.08619976464113228,-0.11183705230988601
-0.07104080997149967,0.043789299345820765,0.3320139651903291,0.09432595620626173,-0.01861987899205795,-0.13436137542438628,0.5198196753790654,1.0,-0.1438816678919487,0.40010342075385724,-0.01188177550987365,-0.06334219628714266,0.21724095518626854,0.2908777212162325,-0.42753360059021395,0.16121145787175095,-0.08685798639469794,0.11359034692123628,-0.10053197628711469,-0.06720704531787741,-0.32775411602788856,-0.36328976967834187,-0.22742289467131752,-0.1254347511126703,-0.13627212097727873,-0.08992771436121252,-0.2920197281933662,-0.5363379971032343,-0.12003011104995373,-0.1211019956139719,0.045641022482320576,-0.24642996872609665,0.28442559606830237,0.27286834434560486,-0.16044610223496775,0.2024611856517312,-0.46088534700295997,-0.3394960305045641,-0.3982760766819606,-0.1273681826514034,-0.1851494076215297,-0.3523758755856996,-0.22891823428236183,-0.1944353425603763,0.1481594840974909,0.08765258042609728,-0.27322653085468884,-0.1952494740225459,0.39470335010988067,0.21361483523811847,-0.08636827881232076,0.14496346721259515,-0.06630644353991617,-0.11624959704385869,-0.21659918627028285,-0.26273403869671674,0.026766411867162686,-0.043818295694132356,0.12090620509666733,0.4395316068048411,0.12794497843817412,0.4294394682348105,0.08891898944282924,0.15778424586434908,0.2962081274637525,0.45450307875954443,0.36385168322286254,0.37401312748931403,-0.13284167298981975,-0.08744588917611322,-0.24218126136149679,0.02841122180926065,-0.10721123093065185,-0.21211044897091913,-0.24588657900587552,-0.28649712689463336,-0.14323369884445433,-0.23662365078233014,-0.046213272793140504,-0.05842072440559658,-0.15386167192879016,-0.18704809599254293,-0.30541837804346106,-0.1589426248455465,-0.49651690235686985,-0.5459111478758212,-0.37960337566028235,-0.13242027260818998,-0.15538315833732083,-0.05227913732418878,0.09384644688610178,-0.07167123409562232,0.2428305108441845,0.12562272918171605,-0.04160121492749662,-0.12791583506613374,-0.19283219620302205,-0.01340069779493472,-0.43004585677514723,-0.32766096885644624,0.45248897771263596,0.024080249154933828,0.3371630594773807,0.150564047092196,0.1905484102903875,-0.26919996477853314,0.05071252931196576,-0.025800809490010748,0.042760273903245945,-0.22899991879800347,-0.2713679794023689,-0.2667822788132112,-0.13829253630426774,-0.18518099582541875,-0.13591457488105851,0.09713244890361619
0.12125820830149538,-0.003016801917033173,0.29587586403593163,0.4318215741594403,0.7536597352121551,0.7559493544847822,0.16097413096976496,-0.1438816678919487,1.0,0.4289944724722493,-0.12522219445707466,-0.125939177606411,0.0824752120422525,-0.31987866128967934,0.7206472351746903,0.4029226079366017,-0.3266268957177622,-0.13383108267554045,0.2519609365465497,0.10373506854974548,0.3811944414409406,0.4419092230210317,0.4788061386864469,0.5085343400547954,0.20155105178156454,0.4477967081376634,0.693601652777688,0.5874737197956946,-0.26245381244335175,-0.15335022366404963,-0.33411770844276295,-0.03472806438104919,-0.18956324965400695,-0.2727044477734709,0.31784153728704434,0.08243136233465745,0.0374659312232616,-0.00045248908176570096,-0.016264526446054216,0.20650565673966242,-0.04355491261133441,0.035837389260743764,-0.3428570320189474,-0.24547431432819228,-0.2363825396660822,-0.18723253916325747,-0.24733710603365291,-0.11973979310657916,-0.21597423861479603,-0.43688838026027826,-0.14851898980907516,-0.1817904279376744,-0.11978095881650944,-0.30515789268816645,0.210375481597758,0.008165465945217559,-0.1305149779658416,-0.03300457013659056,0.11448492577256511,0.04779169323837235,-0.08343698111532681,-0.11685249124792875,-0.23463931841691774,-0.22526983455135433,0.009054489639615786,-0.2615784762146941,0.15579131551094064,0.06170041747073277,0.11225297502144892,0.12143332935810851,0.35626575854245346,-0.522322663024217,-0.36575207511741836,0.5820107145882742,-0.47828525933847077,-0.1407615642425228,-0.31192201984444334,-0.16479000333041138,-0.13819356659819199,-0.048840725001371314,-0.32606136130078994,-0.3350001939756237,0.46420909038141694,0.19586796734004377,-0.032507091179496336,0.1036148749337909,0.002930937738727382,-0.11627307531163791,0.45248130982285467,0.529133639966413,-0.009341136087792462,0.11608097952513013,0.3175856604635949,0.294342215954455,-0.10635205684886787,0.2333152113526588,0.1620905807187332,0.16183353389754204,0.13984143164297566,0.23254002969672763,0.07842525326942493,-0.015367524765687765,0.007541154266994631,0.10887286489480812,0.1531903678629294,-0.00462474265467181,0.15949998778758057,-0.08605217406397622,0.26673176247644764,0.18644214016477223,0.2973984521477509,-0.10108278268298117,0.034181374055140754,0.10758548770237265,-0.026549962091176237,-0.20370913114322087
-0.21603158408081016,-0.2610715321715534,0.4014226346789556,0.44415200184629455,0.3588737870619991,0.5885657065919583,0.22757117646879957,0.40010342075385724,0.4289944724722493,1.0,-0.08997981061640868,-0.027015905206393593,-0.055494898716570776,0.023955355632823114,0.2704255699366456,0.5851249309308109,-0.1462245095317747,-0.1895916191586787,0.03220237474702154,0.09924569143369659,0.13211909880643957,0.1439139240107366,0.2732796058643179,0.2103745847003377,0.17411713528907524,0.39399653764850845,0.3136001031359848,0.12440145323371692,-0.2709673729465017,-0.11945903734253766,0.006994985983590966,-0.06151015535109139,0.03723126796240133,0.12181445811151716,0.1485505205467512,0.33298287113235775,-0.14235876874619494,-0.16451715691157642,-0.15279112909031786,-0.011651818393140485,-0.051273480526104996,-0.041645242727177775,-0.04448071564220007,0.059860589569247946,0.1078446940029353,0.10774367970166172,-0.035595940752463015,0.007998525737821765,-0.061466728525881156,-0.11326639294107839,-0.05289490282422669,-0.03185970377896492,-0.10542815607470306,-0.0668350358365819,-0.3092584701746788,-0.12774291183500022,-0.1828661504118059,-0.15492100792509914,-0.2224358088903946,-0.10835720669570945,-0.28190039375356607,-0.1878303416738821,-0.24819755068000324,-0.20411790426471074,0.11049733580147388,0.21324610954823983,0.05960462267771851,0.3367088667724584,-0.029567018072004826,-0.04961654924450366,0.11371939721749898,-0.4563133253603417,-0.3206249312793522,0.22139553447395932,-0.40337739279999013,-0.2747156804498372,-0.2673483233433476,-0.15571470120816613,-0.03268527433971292,-0.03526601096377079,-0.23092431923857418,-0.2744560086970273,0.12918660829041317,0.16330906583291183,-0.11012708076347566,0.07883378374547018,-0.2112192896822652,0.03692630635240423,0.13953266839184905,-0.02808119695604008,0.255774975594737,-0.009363173493380995,0.5493380757214618,-0.00550811443499947,0.06452718760496519,0.1767239109308761,-0.10226854973292945,0.09331841194627838,-0.25520252657185016,-0.10276769422689176,0.15422255042151498,-0.23124414859129314,-0.03130607195615146,-0.0833818558848792,-0.02709944607774649,-0.3002475857433045,-0.15128817113647736,-0.11570385442819821,0.16141436077204954,-0.15174234889562288,0.11190984189389178,-0.028640020452023393,-0.07526393098941511,-0.10504388038534311,-0.014291200363169878,-0.007621383002905083
0.0012854486413863364,0.08565006750650246,-0.23735562302881508,0.04432950316554085,-0.3291633316047218,-0.2841216893010276,0.018740181756588235,-0.01188177550987365,-0.12522219445707466,-0.08997981061640868,1.0,0.6063948021985783,0.2811025702893243,0.5238242266405477,-0.033488743271909295,-0.1649793410920836,0.4425361026833423,0.3921404539754004,-0.21605358194821025,-0.2555164972037801,-0.19067802507756842,-0.12822475131929142,-0.015228359272215056,0.21853521165601794,-0.19580899564297238,-0.1210589752756839,-0.2846329564511439,-0.14866168967802992,0.5394993292096537,0.22413037438586286,0.31988458730919384,0.27687760776583753,0.24602994089528554,0.22521748171983694,0.36177349420049937,-0.13630061983876093,-0.2758601474262678,-0.4337164756050921,-0.2611313163250759,-0.33049840506373934,-0.22616647593378428,-0.4329396443613943,-0.21080286826065525,-0.3271588333617904,-0.2221138807198572,-0.15088711736632457,-0.44261448658151786,-0.44884336480551973,0.10412040302727274,0.0712432471806514,0.0705070901261785,-0.17633923827116402,-0.2707024712878924,-0.13512461181768862,-0.2606962339172624,-0.3527247723085995,0.1532439226722303,0.3083515919308911,-0.02794702214916237,-0.17815072954488118,0.18001927748689148,0.2332641064479666,0.45655670012873223,0.3404752839994845,0.46640064803288517,0.20101237802754893,-0.2918892969367704,-0.011315797705686184,-0.3450340025725316,-0.1875924501111985,-0.16215482998105238,0.12693764047029896,0.16753415959356274,0.11493082700058722,0.10240781822155048,-0.10518847905510459,-0.21494695691340887,-0.28705027592137683,0.43928645121508436,0.010685841744385085,0.05379841669698806,-0.2346497510461361,-0.020827330092185542,-0.18791482380115718,0.2636585885785289,0.028247782741251913,-0.05134299835655713,-0.15768695386703488,-0.012109818761911457,0.011093923096104363,-0.495509665511129,-0.4907944686658908,0.03563939132731703,0.17321381400811736,-0.19314474338215984,-0.3490868153451683,-0.19706768627331525,-0.21149379081475994,-0.43164647353811264,-0.3491463287724128,0.3309733996520565,0.17371405947547197,0.42140745374911814,0.27411946012271576,0.2997415537701281,0.11067044821936996,0.302066068339967,0.17478823868006138,-0.25504827615979697,-0.33559779327551936,-0.12697101044987988,-0.4380070501942996,-0.2405308949511255,-0.09568899876402241,-0.07249728825635886,-0.08458303117637211
-0.09394022778121423,0.08739227389435521,-0.22340791345415884,0.044757668605026085,-0.2502544670048165,-0.12932873405232614,-0.25379014812565526,-0.06334219628714266,-0.125939177606411,-0.027015905206393593,0.6063948021985783,1.0,0.02173630675620271,0.5617613504731311,0.10482057628062225,0.07207580142919869,0.44743157311098164,0.18682350109659912,-0.17307706752705068,-0.06851446439749768,0.12384329185437036,-0.08014479203843138,-0.10232063900168925,0.1558909147193392,0.07233739057333029,-0.006418748576205914,-0.11883524487843322,-0.11977640357550613,0.4336591294686868,0.3104969739199811,0.3795366745254182,0.21011626581605394,0.1054540758157683,0.24206219211189742,0.15345358450160537,-0.1269618399886123,0.010091279087750586,-0.19446526832840152,-0.11302320521669659,-0.2688097057586379,0.04102617274729624,-0.15097859101161157,-0.07729185465149384,-0.15402815936221698,-0.20429404681739197,-0.1769561572598804,-0.18019057628631752,-0.2523578577842028,-0.07501908186409421,-0.03648946476763387,-0.025230012233442657,-0.1647496685050156,-0.23280732533372234,0.017749598488198345,-0.35243055109227167,-0.23412459394433024,0.19120544685182697,0.26797428624592257,-0.15454246931156146,-0.3134354293776798,-0.018920803406453093,0.058543612345182745,0.24636705432524972,0.24867295673239478,0.17775088422063903,0.2109712757597879,-0.377607367057271,-0.12599226721653023,-0.2880262242662627,-0.15993092201352826,-0.0168667611371322,0.1683094906794473,0.13165099231301822,-0.06138482941522057,0.228431551403653,-0.1299015054151126,-0.049603601867961436,-0.03101798257684921,0.26515527637423053,-0.00442076500220895,0.13294279895392874,-0.19374966659363324,0.09174724164508036,0.0875788315613688,0.3842398877593671,0.24936543652851764,0.027184219233488374,0.13891632769497234,-0.10961766076391027,-0.1301700665708263,-0.29677575503499504,-0.3475325659417491,0.17216100485192246,0.05029821558626801,-0.15287091471801356,-0.3096794539831914,-0.2431432924798556,-0.1783864460572449,-0.36676025816141583,-0.2209711410052588,0.1540984195566567,-0.020206371825553307,0.14185557811222513,0.0556247932074228,0.05355580342790249,-0.14080674215132194,0.08763786307944889,-0.15694641114689742,-0.23546607455733576,-0.16390435741097933,-0.05607199232259568,-0.21986415081947605,-0.21727795988904366,0.018829216935794205,-0.0035905050543125496,0.06305905226511549
-0.22436941744610375,-0.2021487886631508,-0.2945799109359054,-0.12902974254057667,-0.20388818215467264,-0.24006928597334812,0.10636981637939695,0.21724095518626854,0.0824752120422525,-0.055494898716570776,0.2811025702893243,0.02173630675620271,1.0,0.3637488381398715,0.000898469426983844,-0.013639506742121063,0.19633669784152905,0.654613938360281,-0.46088386695415073,-0.5834121053106877,-0.16941440621490148,-0.3387707491942228,-0.1256053558110442,0.15185686962922343,-0.3145233869269227,-0.026393363496563092,-0.3018641241006207,-0.36119277372775105,0.1734973422258646,0.15320450802451385,0.08720915867541262,0.08030060598928505,0.30723015170680223,0.11133072741374016,0.27487349617001644,-0.002699764871514434,-0.4467630693509679,-0.23737916947089582,-0.17967500695336208,-0.11211755895981099,0.1280937397416957,-0.26827021542970086,-0.3650971416755424,-0.4654184556246321,-0.09485566770558725,-0.16553060002995088,-0.4213997067355614,-0.42734140709176305,0.5625511382941236,0.303643612240652,0.21447783002531437,0.14586565830152148,0.023601012080329633,-0.0493288263859453,0.25160419988916594,-0.15420519951089146,-0.03640974050155824,0.03041083038527751,0.20365328748085604,0.07717581933159753,0.5884845150410295,0.5364365667590495,0.5865690072654964,0.5818100594089228,0.4701173963607981,0.23371838337127268,-0.06736704368762403,-0.1282837685536183,-0.5689636609037465,-0.30555214151196064,0.16075476554568743,0.1514116724983376,0.3515542278274021,0.15883351561929104,-0.06580540968845516,-0.26098912170557564,-0.3785348566471455,-0.4400743178942425,0.23664288087269506,0.28982829446821234,0.14974860011911884,0.1230443258238396,-0.38375535362419766,-0.538826493558168,-0.28936443203174683,-0.43582650910613396,-0.1877172092094227,-0.45849658657209863,-0.18506971097884348,0.1141381155394307,-0.31992646359594873,-0.305932319430182,-0.13021308158104702,0.1407447071279202,-0.3538295039931365,-0.35266799658814096,-0.15786500975358014,-0.3347543131226239,-0.21026980379211946,-0.38731210213970696,0.3992842355391534,0.2246765655273823,0.4558745700264161,0.2994040271341851,0.2630035621324768,0.18621690557406015,0.27435050481356604,0.17652606396516152,-0.21586482539177915,-0.34998778310622874,-0.2055729823072034,-0.5063701701126353,-0.19654591711142477,-0.12489171900830165,-0.08160191008375295,-0.13517556245940254
-0.3669693108989826,-0.05073042504428254,-0.3275963092573971,-0.22308700100922313,-0.5327908325330573,-0.39606541113020427,-0.20855358250389505,0.2908777212162325,-0.31987866128967934,0.023955355632823114,0.5238242266405477,0.5617613504731311,0.3637488381398715,1.0,-0.2576490583443676,-0.0074512069490356055,0.5866190166086052,0.5384208086351429,-0.4933767317660096,-0.48499423315209667,-0.10175975700292338,-0.42320546576512813,-0.2894559749682847,0.02448385586538781,-0.1597825071883543,0.05235839869888085,-0.4463061168094273,-0.502444001372702,0.5356199112789082,0.540968224638233,0.4809129358505182,0.34668983855282104,0.31805127150300433,0.4448708824949152,0.21732394778277347,-0.039498434022863085,-0.2687652292267076,-0.3213157675230203,-0.11524602403717589,-0.38135269033149577,0.12705467768427717,-0.25656614495650965,-0.06991032453156457,-0.1322797331547859,-0.00750381872975018,-0.03377561894828948,-0.24914909291687365,-0.3625267431326225,0.36275347108651945,0.23782745016832968,0.2178967677357233,0.03677163362521708,-0.13808060790858484,0.04198432879847943,-0.3482241356995687,-0.3523923486273001,0.04145589666697585,0.21023915093178472,-0.18429977521005045,-0.16676539676194188,0.13899679239744728,0.2999440119943299,0.4804343251426259,0.49953507871654457,0.3859614925671678,0.36330080364008766,-0.23185261201249838,0.04666756777219744,-0.4825097189681269,-0.32577283033417803,-0.09697222392779846,0.3083030377373601,0.3886581292212542,-0.12195508075181626,0.2731341572162192,-0.19139877126453306,-0.09814799894984111,-0.25579567048844293,0.46517566418524925,0.3210565638423182,0.36367801711098446,0.2097630938649679,-0.36525982340381263,-0.2738541733129014,0.17029624794652193,-0.13172115258658204,-0.3014115454107262,-0.2018275431971919,-0.5114752150125885,-0.3928301535021264,-0.3377189150756962,-0.4964044550660064,-0.04580133414730241,-0.054639781278009204,-0.20627916120848458,-0.47918767827069497,-0.3638661388463741,-0.34006873459119713,-0.5779631493667431,-0.6454549107640641,0.28075347682630714,0.1577069502505811,0.3483849927722474,0.18266343057596449,0.13228463590916628,-0.021480107370886497,-0.052282907747917245,0.015028976413320008,-0.24333391504797652,-0.44928603563903524,-0.18967143293961258,-0.3438595817705436,-0.34155568370637535,-0.25087670133390233,-0.19223928393628018,-0.007413362236733548
0.09263466960179405,0.04280628690258143,0.12740966184972477,0.3389849512297475,0.47032621942214514,0.5579644345555904,-0.11138371758309486,-0.42753360059021395,0.7206472351746903,0.2704255699366456,-0.033488743271909295,0.10482057628062225,0.000898469426983844,-0.2576490583443676,1.0,0.44189137279063817,-0.16322312058454855,-0.12362433591926829,0.19887427244046393,0.23715797125585186,0.32508773040851013,0.43976278157778387,0.5018381364432325,0.391724284288467,0.06767581825455589,0.23341585297851716,0.6114446709328504,0.5819350955766971,-0.20064223842479276,-0.05702578291636968,-0.2570520556457199,-0.09334005002827159,-0.19125551332933916,-0.2621397876095336,0.2021399335859451,0.013662752176121595,0.18351956983507786,0.1954268946222175,0.07491668595967825,0.15825859624187882,0.00037573377903646023,0.13140160074799057,-0.1868810419297379,-0.12619247087754393,-0.2829779309388712,-0.29507238749837633,-0.031678815103267866,-0.07240877523916217,-0.32971307152247953,-0.3528492401120135,-0.057950980286962994,-0.04027955284135957,0.01875864294988873,0.0006088219322530463,0.23860232978612178,0.10685370908050677,-0.03967364181317718,-0.003840000884466251,0.048067581986115326,-0.12458463043691048,-0.10531457679495179,-0.18283861721958716,-0.26455606793461534,-0.18800874991565053,-0.06759916714485388,-0.2655264081684099,-0.14365230273384158,-0.23821350228705873,0.13006909821028734,0.17873419408645363,0.4867087811907694,-0.5143265044643567,-0.2469569257787459,0.42791105595036916,-0.28892787917145774,-0.24319942292872265,-0.14887154149415344,-0.045672591611026415,-0.15673916465987428,0.023837331619759143,-0.2206413845432416,-0.21079130708728996,0.47916798518702275,0.2831066666685703,0.20903805023767358,0.21832993222893993,0.14925725496883085,0.03133669597678649,0.44853339322644853,0.27512455439417843,-0.05647748757216588,0.04983609388332949,0.13850847884391757,0.060041930105937766,0.0071802870716909046,0.19131952054697368,0.040910829872805275,0.12140025127734282,0.18164743152522217,0.24746847199082536,-0.22719249177136103,-0.1620314079885045,-0.20764298884988408,-0.04230580263509168,0.059944393719458845,-0.04099027275585421,0.0029692898269341518,-0.12840669999121546,0.0927027519483943,0.19941444151303178,0.1841943674585493,0.04453505477102999,0.06447028006196638,0.1258590717831576,0.05798947053087044,-0.15212887720032583
-0.05498277297428175,-0.1806716561922318,0.3220126721529216,0.3363086184792396,0.4322766872783535,0.5205474194132462,0.05905346441316261,0.16121145787175095,0.4029226079366017,0.5851249309308109,-0.1649793410920836,0.07207580142919869,-0.013639506742121063,-0.0074512069490356055,0.44189137279063817,1.0,-0.2892505621132275,-0.21600359765445412,0.16016391311725636,0.21905655280456462,0.1845805800594333,0.21659370787066254,0.31041394526121274,0.22781755805019901,0.14103291967681,0.33852975467201335,0.3919224134552474,0.1976155404588505,-0.25291803818718356,0.036168161774648315,-0.023875422464270785,-0.07062064891856067,0.027265497119560233,-0.015172321436098625,-0.016839721808470962,0.17334269727197482,0.03915656315093481,0.05572436601483799,-0.07206747506643794,0.07234318386741709,-0.03167386154309892,0.11131690267238918,-0.2281276420896293,-0.07970029774605389,-0.13063471601557797,-0.17364057228289773,-0.0382085752124837,-0.12700147677618065,-0.18026998220919566,-0.2527920958952045,-0.11970843130100145,0.054976983401347455,0.18131319159812578,0.09929463503787445,0.03112452575881765,-0.030473399680891772,-0.003128526916931539,-0.19030187914319424,-0.03242741691629101,-0.0019072132039328826,-0.15397549887778875,-0.10762271478359392,-0.40511316123257207,-0.19979141035118314,-0.08331528803163363,-0.03504001020264227,0.037231516110269966,0.036615596948285256,0.11781928647020072,0.0471177795855001,0.3454887619711291,-0.487209694953183,-0.23163352979897792,0.2253317155149683,-0.3561111897754755,-0.3907626973182252,-0.11646796755345487,-0.11507197893051914,-0.16457894942596585,-0.020677718119482408,-0.17759754868564206,-0.18252412294916742,0.3308122695697207,0.5225666054151772,0.02841576988296647,0.10192840990904047,-0.10404555645086536,0.17129443868819583,0.3048204950505902,0.04280896850022096,0.07744137796717433,0.004590025986377839,0.3417691621822593,0.020325362274479047,0.12692846956093873,0.17739169393006188,-0.12432511623726397,0.2581611602556003,-0.09515151539060919,0.15421615985461984,0.043129661106069354,-0.23746570700801398,-0.2052547742757242,-0.23810059955580995,-0.12862653671453034,-0.20768801237487514,-0.04590150629302035,-0.2025984215048955,0.1208192943841821,-0.013446722212481346,0.02038340083736259,0.01635019097616174,-0.01653218246130999,0.03203807842100737,0.02254056736371938,0.09490270111489085
-0.09137050984615863,-0.0911797546893322,-0.35777898989882817,-0.1035187155823393,-0.5001383313827304,-0.344886156999951,-0.38551290128814814,-0.08685798639469794,-0.3266268957177622,-0.1462245095317747,0.4425361026833423,0.44743157311098164,0.19633669784152905,0.5866190166086052,-0.16322312058454855,-0.2892505621132275,1.0,0.513074772814012,-0.3674167807151637,-0.1828752866162996,0.004844484577848711,-0.3080475991265399,-0.2663369072855262,0.05370492405448549,-0.03585656956017015,-0.016798170378941702,-0.2558383986534165,-0.24832611285011644,0.55722097897161,0.5159259044232563,0.5202495628253831,0.4174408593357059,0.3444868901669482,0.4095660515681335,0.11565067431558447,0.010039880155611377,0.06399894073469693,-0.1711238308668446,0.03498920676782711,-0.21618862548764933,0.14705002304193573,0.04229143821304922,-0.036692297907442266,-0.0559526278315335,-0.13598392522359437,-0.15595523571444897,-0.18274007938156867,-0.19287711879340988,0.002089322050269288,0.02794341924391887,0.01159127481582694,-0.2155814028925759,-0.21975938169622075,0.0017893374081631508,-0.34091887813215255,-0.36340099639803836,0.1873642047299055,0.3269300054358734,-0.2710084724435167,-0.36952523429884393,0.117177517558202,0.034343756105241895,0.5597675720753335,0.5108117686549557,0.21369665290107695,0.09679839203954523,-0.3487694294708633,-0.07372737799009316,-0.24759263974975163,-0.2885346989114203,-0.060533509773543694,0.30760308873711384,0.4472880642301988,0.05035438875828066,0.31864555652359483,0.03906712759899866,0.013763556608340437,0.041067482651063615,0.42274185184427293,0.2164742927389083,0.5229212726207844,0.2863685988407775,-0.20517329448151206,-0.19576579215853668,0.325578623312049,0.08882724302705915,-0.037836990170136336,-0.01386344945909386,-0.36171427306879844,-0.26390049985201075,-0.20499392675762648,-0.3345402724702638,-0.15568521316082665,-0.13787941250641603,-0.30850712511653605,-0.3894230648069993,-0.3164635486114704,-0.5279025535042341,-0.44189616786116254,-0.49074722567489076,0.02743276101807419,0.1140602681124537,0.22428487999884417,0.04960652110047769,0.04075868227632404,-0.022346102064471303,0.0029866921150911675,0.18145743200645661,-0.2046935239616359,-0.3271223146260663,-0.06923752836941356,-0.3022023046089051,-0.19428100815109145,-0.11137094090234663,-0.041818702204111324,-0.004004611026922639
