1.0,0.6985258816566525,0.4409418148670879,0.34992951930828636,-0.1802787998589396,-0.1961231486041159,0.502241856935621,0.09085289103667353,-0.2611616673769388,-0.25638299775908635,0.13000907137623366,-0.1532072993175778,-0.06550253996676032,-0.274761796076692,-0.14030709915089631,0.03051685721787298,-0.05469680636840481,-0.04100163965484092,0.6422349433406006,0.6365758788153055,-0.05161730125490046,-0.03796386388592851,0.1860328574882529,-0.010854983394297411,-0.45380741143181524,-0.45390637633940617,-0.06362793338002737,-0.15947944914688647,-0.09059750238943988,-0.10770192967100821,0.06515211947793262,-0.20448717093246113,-0.1113420082327822,-0.18139584857275093,-0.25638585095703714,-0.22091388049127206,0.16593174148460432,-0.10554126870524426,-0.037432277222567346,0.11374970655655979,-0.24856221591738162,0.04240869402658971,-0.2323891011687237,-0.31028413902663954,-0.5532590204687501,-0.5229584218973081,-0.11307524747077469,-0.2730453488819708,-0.2644196481432528,-0.4179468599058554,-0.3405555840530055,-0.21621144764493266,0.37825132966947717,0.08433423797497373,-0.02765245332523406,-0.2291396316683229,0.5425387985766823,0.7235625801208403,0.6607284366451517,0.5368787936764694,0.4289753784448725,0.45608718535857806,-0.0099787854618266,0.12402281270544331,-0.16636006723999858,-0.010814135764775598,0.3046366129209966,-0.09887671040914003,0.504687416697232,0.37092575719772086,-0.35854156456486647,-0.39779093079602806,-0.03881299466058633,-0.3108146222386032,0.13699003360427403,0.07837028549333971,0.05990129207269326,-0.2866183596512824,-0.20020427934404086,-0.2645363597883381,-0.197160401722149,-0.12763249236834034,0.1973612420658076,0.08349692571400061,-0.4521612842992822,-0.41628899393253926,-0.3090472037437186,-0.11444077626095225,0.15601941628717692,0.19096051830819433,0.08333671783195117,-0.03908252679554729,-0.2339449216905789,0.1282647553913184,0.07181168875959112,0.05980077493148014,-0.2295512729967251,0.2882861337869379,-0.1450241648818662,0.15897205063043546,0.06014127959656232,0.11378808422715835,0.27624963773847006,0.16448990110487915,0.1419565401132385,0.026666749813083725,-0.02043621436210231,0.0975993828343303,0.01542168153055587,0.17338217217970803,-0.22164803183094325,-0.45812774999571354,-0.13224509005362847,0.336846350577056,0.16431776484246627,0.4106337499789685
0.6985258816566525,1.0,0.5059165867578922,0.4180168210215106,-0.038282403191950115,-0.053731121826595916,0.37557274492909387,0.32960626107965985,-0.07744895670971097,-0.0457055386916009,-0.1344746514108086,-0.004243514710052909,-0.13870127435766005,-0.06108817729230742,-0.11458294042170189,0.06070225811450526,-0.2589093118999175,-0.19506619338787706,0.6796180654843579,0.6136963229088355,0.02531162805591983,-0.1038274210493577,-0.042039734231549664,-0.18449189773349683,-0.3706258697887727,-0.4046304760641633,0.015007491166267714,-0.13948313049454053,-0.3141772404434944,-0.19037386041561538,-0.14146252156489722,-0.30319755731724374,-0.06085949060248095,-0.1944346127492143,-0.30587202778163075,-0.22160837610738704,0.176329647620073,-0.17483937393881768,-0.05156029477485319,0.17411446656703003,-0.31691804259460304,0.07738075232767355,-0.13975911293621143,-0.13339939130630998,-0.3840528837822404,-0.3285546009234386,-0.0395240837934069,-0.034748887582053724,-0.33831915690633985,-0.39315142393417307,-0.437705498530183,-0.16104924149106647,0.2179554239091268,0.030300854747754197,-0.10489903315807293,-0.16306738304526452,0.2663320278997381,0.695280248452896,0.5697997100953835,0.5162588158227259,0.26015200617811035,0.38930165589403304,-0.12441752903978477,-0.07436668608370775,-0.2219581287556533,0.3327104542524895,0.33231882184782313,-0.020549689692315368,0.5862085455598833,0.33435655175915163,-0.23939762820550745,-0.30827270069438306,-0.14920906309679116,-0.26460905585936473,0.06060160772852885,0.27694060245909363,0.0028906006303445813,-0.20045004655815515,-0.3968822520213075,-0.40640598735102224,-0.29486926635111815,-0.2881544732876039,0.14234776416313563,0.032948586388850426,-0.46197524897264397,-0.266616257932202,-0.42790926666395035,-0.16176536785085907,0.20482176871051233,0.20354728141004505,0.13699065523319298,-0.03789620922658946,-0.09449706115164087,-0.04868039578387059,0.14969683642921208,-0.04528273228722661,-0.03606449791150536,0.26234826091447333,-0.08351236657095655,-0.00032937279865114633,0.043975463570885207,-0.05808105838993697,0.17198053520679135,-0.008493749794249657,0.04973544015297225,-0.11900524171821326,-0.03162456864951959,-0.005685375782360859,-0.13088312994788306,0.17993153600684822,-0.11506337637117223,-0.34427940511853594,0.09430568301045708,0.35917779514974524,0.2102610993594764,0.2639312672974848
0.4409418148670879,0.5059165867578922,1.0,0.6011017280532018,0.038170377492310496,-0.01473245477572499,0.7119885225282749,0.6570194000521405,0.04499796680367474,-0.04360850835980719,-0.05363702326184771,-0.10268482090738697,-0.021317726529219223,-0.1686905892037776,-0.17615328314899623,-0.030342690358433743,-0.22945387534186043,-0.14316105332652393,0.5144309687534491,0.45858253700216434,0.19175331281870428,0.1408189553713442,0.3767863591727581,0.18212598147874132,-0.20097206954181115,-0.20014558596460807,0.1716492644052559,0.09525081969425588,-0.4034856821652069,-0.3980450554526293,-0.022729817597736797,-0.05945625952846634,0.009884167993476573,-0.023599324199457587,-0.29995461887903446,-0.0005351076546199581,-0.145005476944036,-0.28774592002001814,-0.07004618251772683,0.1670613739385853,-0.32401417041636627,0.06981602835613562,-0.28351200464940013,-0.3234305730097112,-0.3368145166547878,-0.2425063999815601,-0.28623509745032644,-0.2691942083099029,-0.3601760981535242,-0.3890004851425356,-0.3247411757250514,-0.2887508712929138,-0.015581842587887373,0.01795180700715589,-0.16905760459707866,-0.29998742931652383,0.17751272536133963,0.26702240179899556,0.2511458195110368,0.1685571434852152,0.09674362784540365,-0.019983158264948845,-0.2986559323185192,-0.2736608190444002,-0.02522193064667677,-0.03022712298579993,0.2804148690148087,0.13799177086930767,0.40478373248016203,0.4737083342784955,-0.02779907558074375,-0.16165519136603174,-0.3580785130868614,-0.09906037992204078,0.19324623777109948,0.0441219950884008,-0.2867139359553513,-0.30482676847754625,-0.23792905126615957,-0.22937693415590032,-0.37292534377493847,-0.363936761421535,-0.07134867030945564,-0.1916587269108837,-0.5576186639299962,-0.32779663175199886,-0.1172601955359628,-0.17417651194707462,0.2438259534962879,0.1304026896550993,0.018650950990137267,0.028950027071972417,0.2157576357654015,0.27059661088678416,0.14091568374667576,0.020985583817209462,-0.1141791482820372,0.15588534250484223,-0.30080862586870516,-0.08223353343258333,0.23247760517578672,0.1521034062375095,0.2039024631042422,0.15956640311816103,0.09914114961332138,0.11641045721503265,0.012123665424619927,0.12938571467875537,0.10308565039212417,0.02768365504084518,-0.13564421971956717,-0.36102027094734246,-0.003456941789479187,0.17310287930202603,-0.14587940379663203,0.06939712203178398
0.34992951930828636,0.4180168210215106,0.6011017280532018,1.0,-0.06686983491165628,0.07254809097393437,0.400225053708056,0.6681379950527885,-0.06332605133309886,-0.18188268622705406,-0.163316300588559,-0.2095142740704613,-0.3420522087779413,-0.38411570588785243,-0.16737158050822407,-0.12763591828800208,-0.3081648158379453,-0.14999147420282724,0.6079673915198135,0.5442709811159049,0.2861293938577871,0.33848229588168605,0.3896440850156736,0.4791427484719891,-0.3669711633921759,-0.2122659072057895,0.19468471795025358,0.2134373481372389,-0.4753748433804339,-0.37642134251692155,0.15707848403027536,0.092434961629102,-0.07315069704145853,-0.11475939706547429,-0.3025466996201617,0.1297300021483737,-0.060044127062104456,-0.06601324057010445,-0.06127696700500287,0.30350624269394855,-0.3469746932636004,0.13066056124179898,-0.1429039977092446,-0.16108912319096932,-0.301830137872405,-0.21901407814317556,-0.10482549189529511,-0.04011071481796916,-0.41705644366175426,-0.30935617469758325,-0.3359954659573979,-0.18172829229218235,0.0498894279610102,0.13638641266433285,0.018156793679101158,-0.11167610745600275,0.08921650717614674,0.2840444472808007,0.14457799023099563,0.2586991544396062,-0.18270518990170673,-0.23458933045747501,-0.43894599272091755,-0.41359700700014507,-0.15090131020428893,-0.2024001867934097,0.14242267786604632,0.0286842745378141,0.5418001990591532,0.3946668739331452,-0.2988684620025723,-0.18371962045832513,-0.3939011646008926,-0.37262964052213265,0.124408034930724,-0.016707778325074727,-0.28403256103972385,-0.32255550390578125,-0.38932397445314926,-0.3232902772895862,-0.32228781559322073,-0.35042202789222043,0.1843609943110233,0.052116350911841414,-0.44253172247937705,-0.1271256893929719,-0.05810911033643994,0.12005600610028162,0.27084852068126786,0.3518750037911571,0.17782886237101084,0.09453649646173842,0.23795702368168886,0.17858341027819105,0.07617245125766746,0.03190830013565034,0.027452721138902462,0.06508019876764168,-0.09540052126749156,0.020192969373037745,0.16727926507253177,0.05428414388318695,0.29931755237185004,0.09962087438849275,0.003654892083653884,-0.017990905234256702,0.08465871799693697,0.11231493740054402,-0.030972539094658805,0.10355855705459202,0.06378197042251905,-0.19302702297606314,0.2041199662949082,0.3368395694577804,0.032932353721336,0.12055965039658911
-0.1802787998589396,-0.038282403191950115,0.038170377492310496,-0.06686983491165628,1.0,0.8100204127519619,-0.2351448714629734,-0.09707916540412713,0.904228196473519,0.8728996657307265,-0.1824073418954747,0.011006913305672045,0.05247214990681113,0.1357749450344947,0.792889684733761,0.6836177645117016,-0.19908766728700503,-0.4760215501821176,0.12075572895342758,0.11687399964639347,-0.1634475164051606,-0.28190852586651916,0.004241781127632648,0.06956245382434537,0.7039148656297102,0.3328062328934338,0.7858014287979963,0.5610379622456743,-0.27602247672146635,-0.2966555734620284,-0.43851777570603817,-0.23194996089609735,-0.21389006062218346,-0.10446654483614802,0.02058482395969947,0.11079788066212949,0.22011753773262038,0.08934760091868925,-0.14272024851539453,0.09285472156275043,0.28510194794641375,0.1145008376051751,-0.20499171240428557,-0.1576853585325981,-0.23054087094029146,-0.2937599771856804,-0.07664917409436138,-0.06568784879993925,-0.41147325062059226,-0.39312899554455527,-0.2868651964058823,-0.16455358140995516,-0.08971904295899616,-0.10402530776243295,0.1810741091597281,0.012982782634729673,0.03571609970015923,-0.01506630524143546,-0.1564225747586834,-0.15371531793642715,-0.12162777472425973,-0.03047160136673949,-0.17155433143927562,-0.12949871543117222,-0.19379258317883297,0.038228975862601544,-0.1710404781331751,-0.048143246126192245,0.0662654613623097,0.04133542370428002,0.17116629076730694,-0.37453634150186155,-0.22893412713901876,0.08381000181205608,-0.3368333935258094,0.019896442559613023,-0.04592790561467275,0.05322553819072358,-0.09751292361360228,-0.23313189121173916,0.00815921141035284,-0.024391147145761436,0.5239023871625548,0.6430171752771087,-0.013314521923751663,0.07577939498628922,0.15960092850220284,-0.030460359531836564,0.5549050976294839,0.45252861162553243,0.26124536310121027,0.030112763474833736,0.265688395014745,0.1358474850016486,0.043239933061312553,0.08856998740598929,0.29740064044731773,0.1725938116587589,0.12316437159330858,0.12931431566566434,0.1031296456340503,-0.03388978847978246,-0.1763355047442659,-0.08592655977491039,0.09484396913813625,0.013660547745086023,-0.09909977393193226,0.04875023394282774,0.2683339986367427,0.15673358942484608,0.22344762130615636,-0.02580195691973103,-0.035445725700622446,0.17485818253423258,-0.052281121065556005,0.06979089425419331
-0.1961231486041159,-0.053731121826595916,-0.01473245477572499,0.07254809097393437,0.8100204127519619,1.0,-0.2563521389054562,-0.05477820723986238,0.6224488142457076,0.7898684013038294,-0.2514967316317322,0.05093130626004545,0.029233726010942773,0.019449248509521514,0.6090565235558589,0.7196040965288178,-0.2970476258992391,-0.6036748487901049,0.08724379906511137,0.0843676666687437,-0.12790535892333493,-0.15322424416762434,-0.04600313085032657,0.18416530656619634,0.5425965427981119,0.5183640716241888,0.8265523288079498,0.7576658978753558,-0.3419745712641267,-0.2989584914716227,-0.2950329798114641,-0.21821289085703938,-0.24552057752540113,-0.15099702704973345,-0.0420945239743047,0.23460750840539224,0.2577534740582521,0.07079934047142139,-0.06807945470509591,0.11130518523158403,0.2965406939752446,0.11517112073859663,-0.15919068416200685,-0.1488884106212611,-0.17531027808814098,-0.2508105711306077,-0.06823039135451882,0.009260035203131917,-0.3941602883488922,-0.3721018462879979,-0.15320728314060883,-0.14682725967819454,-0.05959674966021522,-0.032052289352842184,0.2487510514809523,-0.017354702021938433,0.061754917537630495,0.009064660456324935,-0.1686095092427736,-0.143339667130466,-0.1960479458162554,-0.08732290585759822,-0.22656783499917818,-0.22445663116802922,-0.13923674862454494,0.0013632145780346086,-0.15609799886634998,-0.05403863962618316,0.07999887096549062,0.030722444442340374,0.08009101407324036,-0.21478053587396406,-0.2914150126112263,0.10239906881250223,-0.2827243830084032,0.1566521185767713,-0.07541295798451353,0.0881432403217795,-0.17594095657107,-0.3186425880858754,-0.0434772205915698,-0.08610684577214321,0.5839862194141373,0.6449181989478813,0.0037341080912768948,0.18154771582062887,0.12695731715428288,0.027075122711038284,0.570965503473378,0.48956907238320424,0.22910055588256004,0.01943184356856308,0.31664769152973155,0.06092501178207536,-0.006866325034656751,0.06104515815082274,0.334369079328432,0.14255765538410978,0.05074172383782006,0.04376829591673659,0.1537595193480599,-0.08957201435499193,-0.1324307918392925,-0.14242472995072628,0.07266723187388312,-0.04986783574231866,-0.15206092871298252,-0.05451095392020318,0.18509937373321736,0.18451876393896327,0.3203463888883249,-0.0008729648078009695,0.09233835618901687,0.21941433357703122,-0.10884295896589831,-0.10037705249417041
0.502241856935621,0.37557274492909387,0.7119885225282749,0.400225053708056,-0.2351448714629734,-0.2563521389054562,1.0,0.5717590446813912,-0.219146205599965,-0.2467984803961983,0.2814614500254651,-0.004996177679799526,0.07005099794698877,-0.15245735428664522,-0.29830439556965266,-0.1770419125016375,-0.13482964966253966,0.10359264507354166,0.27069027506939575,0.317745957392846,-0.01651537860359206,0.02716385341608551,0.24673422584745433,0.06907916713868047,-0.4285565824791605,-0.45715024978061863,-0.1359716375699483,-0.19376235315181498,-0.19020396544461,-0.17811002917279636,0.20475831734649153,0.0422426079861508,0.04088635052692388,0.2474410447989186,-0.31192163157814473,-0.27621258088954614,-0.2697050972039704,-0.4657441648704947,-0.13722680993206465,-0.046602143981967985,-0.3555205288939251,-0.1377565646381771,-0.32280163366942494,-0.4587559025895405,-0.37656492981294903,-0.30905955248150535,-0.4116262369223886,-0.44054335259476407,-0.06476835766488229,-0.2249071889847115,-0.25914053573983337,-0.31101206096262096,-0.041768530803402835,-0.014422438744046728,-0.16944079324608585,-0.4397445854522347,0.35762453417910833,0.24382429946402415,0.3716680283244988,0.20642289053076923,0.4536825733489922,0.23641851161941152,-0.09162507333344505,0.011320537298776391,0.31265510749725717,0.04612634060321657,0.23650051974317987,0.08787331203892443,0.11404851380463624,0.41534850970016846,0.00867209968162576,0.04054912330570768,-0.22638043397725066,-0.12261902249339125,0.19565458161270935,-0.010921714692349028,-0.1818740150037194,-0.26756370004388896,-0.16226189138950742,-0.10627993261648845,-0.3549802646193834,-0.2846239047467162,-0.13868118373648158,-0.24281878861362677,-0.5089865522603115,-0.4489529614585487,-0.04410832721696057,-0.229367485301373,0.0918177971289676,0.007671512071076223,-0.08041358025607424,-0.08431390595958284,0.12764941821821127,0.34290524736066763,-0.015095144925057345,-0.016780424291045783,-0.4417955465389083,0.16203642534829077,-0.40439512495802016,-0.03619047216969965,0.1513984278863249,0.30746552827758233,0.3112936756003395,0.303633121607454,0.16354488242187495,0.16992753452520948,0.1663090444446209,0.2658063055743607,-0.033653728776303855,-0.02453211483992265,-0.4291097348188425,-0.5189119117560789,-0.1875004082782514,0.09705163173667884,-0.02243833681288121,0.18761157083604163
0.09085289103667353,0.32960626107965985,0.6570194000521405,0.6681379950527885,-0.09707916540412713,-0.05477820723986238,0.5717590446813912,1.0,-0.030291700187527276,-0.12845846554381501,-0.004334734258451915,0.08223801638141724,-0.16273886095509194,-0.06654224931196867,-0.2362008802976404,-0.23496323792905635,-0.23738708003683445,0.061997087624702865,0.16189153297777176,0.1840322260703827,0.24959891904525075,0.3650034383557694,0.2838664097623735,0.3399211906853667,-0.2934040374023095,-0.22103863055187162,0.12442127707922165,0.11509949370685976,-0.4425524051405968,-0.4027039844844022,0.1711401144065989,0.21762705275100433,0.15630244878619232,0.3178505250220527,-0.10308241491559499,0.09156184500587333,-0.46080731019149757,-0.3717814342387392,-0.2244772962364001,0.13898959914206713,-0.4551723161341036,-0.06874569937271349,-0.25534517368100995,-0.30936884058822994,-0.1918905201591218,-0.01601177247852545,-0.4251575559732482,-0.3009539561055159,-0.24179546050067124,-0.15804504589911794,-0.28525006695009913,-0.31397236609723084,-0.3730943283452091,-0.20005530535141758,-0.11502662500048436,-0.33759957503022026,0.012956012274895904,0.03004347327550347,0.03738350008594399,0.04440397467239319,0.072117862851869,-0.07444456170631947,-0.26099474023838565,-0.3222876445119211,0.2790592743088406,0.08630425655072378,0.13328625273037623,0.37543836368146016,0.02300951066152489,0.39651283363136125,0.011577686458309863,0.12947333771727196,-0.47942837017645856,-0.23037332029498586,0.033671200339964236,-0.1752364231121768,-0.3635466823897029,-0.2529959344406085,-0.26163731917872307,-0.15482820575669307,-0.3845126817606424,-0.42890309810312394,-0.20157028871740526,-0.28680986885727316,-0.40381532603107806,-0.1110319448600592,-0.02010492312178738,-0.2282123501077929,0.20534095073248027,0.13301405860216892,-0.14406091295877044,-0.12751270818747598,0.44633749892972957,0.32777180776416953,0.08717585610604227,-0.01896136525520155,-0.12243170194572918,0.035548066646654365,-0.4373944194469144,-0.21347074003430255,0.2010845933983123,0.23190705306942827,0.30902364249304143,0.2680708212744221,0.09795905196419102,0.09662121398510547,0.15960504875754972,0.23177362174577398,-0.14031573401988637,-0.04900408048728655,-0.30740175215832855,-0.3695271683124407,0.07558468572777106,0.16712827365478686,-0.03692636716791581,-0.03274904084637359
-0.2611616673769388,-0.07744895670971097,0.04499796680367474,-0.06332605133309886,0.904228196473519,0.6224488142457076,-0.219146205599965,-0.030291700187527276,1.0,0.7917341840982215,-0.12288557768808664,0.11526680393801242,0.060143988231515524,0.18943742355159404,0.7089063926837379,0.5426535305858593,-0.09369208571419037,-0.25223788192049096,0.049572154687270754,0.04669365009314619,-0.06905057846292718,-0.24514342651260548,0.03602064485027347,0.0015831355603344868,0.6801884461786016,0.23514944354825584,0.6804731664586349,0.46490055824273085,-0.21761233360491605,-0.2604279730035883,-0.4401343735162418,-0.15277836014201668,-0.05249592535028538,0.013873550396502246,0.016865442835706432,0.043476817396208,0.17415549122912316,0.10290361381456223,-0.08267829018725803,0.13417058469396465,0.2066780839985334,0.1689667674516492,-0.27323363333140704,-0.22621627114650691,-0.2598265202782649,-0.26423447317207915,-0.12335075855430631,-0.13594607538826003,-0.3716464589440119,-0.3924247655013659,-0.27649331821141565,-0.21157179031374937,-0.11211625229181345,-0.16131540494769658,0.1363229910118255,0.03960351315345682,-0.05713289126655808,-0.10883441974965129,-0.18090237189923172,-0.19771215358206376,-0.09666470719298183,-0.027680202718147865,-0.0510252451189479,-0.07659558092038032,-0.13122578008836516,0.06391190279472905,-0.15001222663018574,-0.030757572428175912,-0.02572141678813599,0.04490258504957194,0.26553753420504805,-0.31656234083706225,-0.1896886793607698,0.14586245408603793,-0.3577171638495587,-0.061990344973792265,-0.0044594373366702396,0.10790395586535677,-0.03287319064446382,-0.07614507801069538,0.045309472261359784,0.008650965039504256,0.3574782290054405,0.49435938241907434,-0.013303763667287824,0.1352129335767675,0.19310261326043496,-0.08332425888161707,0.4171807176730216,0.4511714581397375,0.09856617959629202,-0.06805814706731929,0.18762440890151713,0.12553424673429897,0.054354748736461275,-0.0169017857331697,0.28164569638382125,0.07732098757426616,0.09274713333701805,0.10810253172355837,0.13276952295249514,0.036554077688147474,-0.12143347160398581,0.013961354294619848,0.1453587305005737,0.13524887969909932,-0.0792932346468079,0.07545244520433007,0.0987278687761296,0.008714941685938298,0.18071043801482856,-0.004137964022392683,-0.0934161699982918,0.07211343494075173,-0.05170907525159938,0.04508388132728613
-0.25638299775908635,-0.0457055386916009,-0.04360850835980719,-0.18188268622705406,0.8728996657307265,0.7898684013038294,-0.2467984803961983,-0.12845846554381501,0.7917341840982215,1.0,-0.12803949800933578,0.2019413591053199,0.2628130011366799,0.34927784520285954,0.7344787600161655,0.7768126836217625,-0.17656818718764622,-0.5163554337152482,-0.0582731581508482,-0.07073617926147163,-0.2022344712479664,-0.33355479269590266,-0.14880782868433487,-0.06161579474745479,0.6553633980583673,0.40613592283667604,0.6538082666504905,0.4567304848288143,-0.17780772695048874,-0.22344954216995383,-0.5353246746880006,-0.3363852065146705,-0.28854618413155564,-0.14056713782946645,-0.04091833805493743,0.048319334143470415,0.18828250873302546,0.1048720466331838,-0.11518217397650113,0.005313991269452474,0.296591585056939,0.08067360923779417,-0.1466295353561942,-0.13877166633411392,-0.12454540108097319,-0.18707109139580383,-0.06703981041499511,-0.03290932970701618,-0.3023088831525579,-0.3123219816541994,-0.13006730692461638,-0.08110584493680176,-0.03816952714182376,-0.0866240257354735,0.13868114418054742,-0.038469351512566696,0.028463633359491772,-0.1026918737527901,-0.22779255688425232,-0.21897415823402736,-0.06765964789102188,0.06119824342534595,-0.06912708196311218,-0.07919125637394021,-0.14197902233275747,0.1898463808725296,-0.2174387611768232,-0.07056796174783193,-0.061817155535639115,-0.06577740062063771,0.26929227249464144,-0.26388413577821757,-0.1371781821285255,0.20429810743248622,-0.3272148734045395,0.09071979308721326,-0.00397630089419723,0.08062128366398641,-0.06405256437177737,-0.180121620901832,0.06497565307679301,0.03374296924942577,0.38400974104153635,0.580923378839093,0.0529257717692897,0.1318170734183938,0.0708123174185272,-0.07249727603792179,0.43458306700651794,0.4048802842778705,0.19765186234785434,-0.03739066366299028,0.27462359097902744,-0.03920585367834148,-0.025647534876906755,0.05382177164080954,0.26510836730190906,0.1455373289694781,0.06777092870894007,-0.006902826851281229,0.1091162866051277,-0.16338681644187678,-0.30463129373577924,-0.21317601673025446,0.01896208555246278,-0.08080620186165798,-0.15569944878314398,-0.11252766605602026,0.18833634567850244,0.15589524441390779,0.19405560856803536,-0.0007139681747084471,-0.15165978710602138,0.0836133900303759,-0.13032227232900073,-0.09470091350652499
0.13000907137623366,-0.1344746514108086,-0.05363702326184771,-0.163316300588559,-0.1824073418954747,-0.2514967316317322,0.2814614500254651,-0.004334734258451915,-0.12288557768808664,-0.12803949800933578,1.0,0.34109795991658126,0.5501829356006307,0.11316602991851152,0.1084885922964126,-0.009359511140905184,0.07934696685021728,0.24711972604470303,-0.24542424164447957,-0.21163991167685156,0.01227731642646777,-0.09259042184454562,0.2430081111615954,0.07136129909296039,-0.06246169029192565,-0.10599462387405845,-0.1492678909579739,-0.16599776006934142,0.14104088747098956,0.12437433066477056,0.27380900054105245,0.34409159385304383,0.21114270570307125,0.5065017552566947,0.07750392429337503,-0.1241182675876449,-0.22433959695380548,-0.35033211938743336,-0.015643163496807777,-0.08372261239222534,-0.2085348011765343,-0.1572141779940008,-0.24651552100534097,-0.35459556707667267,-0.05040552284834444,-0.06963632173070367,-0.27159013247104197,-0.34265885560804976,0.21133206790787049,0.0652416386670008,0.21466388430887537,-0.11717083615510487,0.11275095168143674,-0.0561727556327194,-0.04056117785645399,-0.19737175559419287,0.06930589724760175,-0.17228402519739572,-0.0822527754287467,-0.19433790356804925,0.4659836936056796,0.18385346071192638,0.17712774304648687,0.13099105013237725,0.4766424609378124,0.18245022922514356,-0.2507662165384726,0.009019067930145836,-0.4392874422389686,-0.12535245583193447,-0.0774945487275332,0.16363998187628293,0.16699887964618867,0.11897742583442111,0.2060178269598706,0.021631786252506904,0.06756320402879634,0.0035709795172505702,-0.054979781505745715,-0.060656524011354976,-0.2457123914551613,-0.05109827673140235,-0.011939412771772618,-0.10003431544084611,-0.026214393099527427,-0.22052172816940158,0.061278437118957564,-0.0780469682134405,-0.044377448822720995,-0.05663107268378082,-0.4741140325120597,-0.39825791695444746,-0.3369878676036058,0.25382467671659315,-0.11073367526561156,-0.1125076458710985,-0.309262021437342,-0.1255494261168698,-0.4231538041405659,-0.34309175824650023,-0.003565448611150199,0.17362795142346574,0.103843612301601,0.11806274652303074,0.09291286056389585,0.20941692110615365,-0.06632519622775113,0.09593136197611941,-0.16583180722012522,-0.22191558041694995,-0.21461230324395578,-0.33053999673788703,-0.39615290487805765,-0.3057340050344469,-0.2619482721813305,-0.17356414022305033
-0.1532072993175778,-0.004243514710052909,-0.10268482090738697,-0.2095142740704613,0.011006913305672045,0.05093130626004545,-0.004996177679799526,0.08223801638141724,0.11526680393801242,0.2019413591053199,0.34109795991658126,1.0,0.532203446247856,0.6757933317299757,0.07458857552273426,0.081263229734643,0.04594732934264123,0.22116774721231008,-0.3919343859519595,-0.44903053342895044,-0.05532934812439576,0.06013844509662207,0.13138029339413454,-0.012035072444217452,0.26108075045854084,0.3190283000783,-0.02460764035240927,0.052584553673947695,0.15238696022057685,0.1920306175168268,-0.14460023924955556,0.15562677933091804,0.012165736255649639,0.25705360968142243,0.14304018929100423,0.05389776400328383,-0.1732190763603608,-0.18779988266702943,-0.03041317246229926,-0.08210501859719245,-0.049829400717503226,-0.114514945400018,-0.24616972939725829,-0.27725751320942293,0.07868406920772997,0.1698468162033547,-0.31453885694839206,-0.23073122017691824,-0.06214444362186534,-0.08108565531843587,0.17887962626270762,-0.27674779620178275,-0.18646771775258128,-0.2421484382878294,0.016937890237039368,-0.26152242691837824,-0.09536303850284193,-0.3132428982930419,-0.2793848494271547,-0.38488085856455406,0.22426640330455552,0.15326107017728097,0.202953790693605,0.09477006408439477,0.38164868790594375,0.26464158238028623,-0.33462074391319463,0.04596416663804668,-0.4129255398454478,-0.2243671920723564,0.28662824251568864,0.33858772461765335,0.20407532571954726,0.3418082612267722,-0.17375260153493924,0.03964754247098932,-0.03483451473334481,0.10137323835671516,0.09252340126161203,0.052234532066330816,-0.00876312316935825,0.09564458257172122,-0.201050822204815,-0.020891817627199463,0.07058199090938161,0.22014812587088267,0.12474505683732656,-0.14133777510736112,-0.056199729648733335,-0.051420136914771056,-0.37778252313828475,-0.5087663290098942,0.03418329295439306,0.002736085859732093,-0.026561303260688653,-0.09828998114403456,-0.08636248683291885,-0.09973549224191676,-0.3875646911144034,-0.39310335814455794,0.08506267921289622,-0.09580908636571954,-0.07616445687906587,-0.008522871795487209,0.04915046001859358,0.0995816505294964,-0.16109076644350043,-0.11977798581431283,-0.18403852833804032,-0.0842595022071,0.06348785480173778,-0.08962420337624843,-0.32665062609421014,-0.19345290191529066,-0.21141622099224958,-0.31556831416404035
-0.06550253996676032,-0.13870127435766005,-0.021317726529219223,-0.3420522087779413,0.05247214990681113,0.029233726010942773,0.07005099794698877,-0.16273886095509194,0.060143988231515524,0.2628130011366799,0.5501829356006307,0.532203446247856,1.0,0.454283270013849,0.13401922365898014,0.34404085792826994,0.22515554260376097,0.11772618379403507,-0.4424391305137242,-0.4101927899182813,-0.19624059325219248,-0.3033892634548983,0.05950553465257111,-0.2061552815724885,0.18875715293157724,0.2761827298262866,-0.10763666924225672,-0.16097678337181034,0.3228990183881114,0.29162521389991053,-0.12070057022722577,-0.12739354558149685,0.08078443043274652,0.14474075480105017,-0.11967470225685815,-0.19336546894051065,0.00710276374415279,-0.10364105655152614,-0.0056618109028363705,-0.2242567329243726,0.20715738291533864,-0.042798144156677785,-0.18291798671330425,-0.2654048491647552,0.08615227419788553,0.033694891707813306,-0.24410938166135554,-0.26164199415527867,0.11351808105841217,-0.024916288955841578,0.19615813369023483,-0.19356904857803256,0.0701681865357653,-0.16192437548443944,-0.18110914197376918,-0.30161932953933546,0.1536839806466462,-0.1826435898663543,-0.17941596791844855,-0.2537638621845709,0.395181760500085,0.2992770521789938,0.3096518305043873,0.33346885728755243,0.09818950307189374,0.1121456764165884,-0.2650835224267269,-0.10751455573442283,-0.38912019656087843,-0.2621087758982869,0.3206693697447478,0.20152417684026708,0.33813993485877836,0.4501657700395693,0.06476417353637726,0.2753610791655261,0.08000382917704979,0.09729258861729043,0.24100047322324958,0.14073089102105726,0.16453916258585594,0.2877641344444366,-0.20474107804388106,0.0067250461626582264,0.014068875053100753,-0.04948685159021928,0.014549410960312118,-0.25569905035879986,-0.17711070181749236,-0.10667059632576933,-0.38215797428803666,-0.4622445033888721,-0.1941093987413163,0.008560518299502544,-0.1651308836217892,-0.07157405586563889,-0.25587612060057957,-0.09412933050562058,-0.4215393608293324,-0.35011223686557535,0.10819558246703692,-0.09765596384364447,-0.11445821806187599,-0.1343869763402541,0.08856282713139144,0.09061130165169963,-0.27042575306567623,-0.16289061732937501,0.06321342667208539,-0.10076035695791756,-0.030453220103066628,-0.11587597805023882,-0.4748440698649969,-0.3783037661945981,-0.4078947191959048,-0.3529053370279084
-0.274761796076692,-0.06108817729230742,-0.1686905892037776,-0.38411570588785243,0.1357749450344947,0.019449248509521514,-0.15245735428664522,-0.06654224931196867,0.18943742355159404,0.34927784520285954,0.11316602991851152,0.6757933317299757,0.454283270013849,1.0,0.09217196754658853,0.20762742473746304,0.14223467519210495,0.09829671276969258,-0.3887055303381564,-0.4025706234094135,0.02593203449899127,-0.1514251338616484,-0.0607179847047402,-0.14297900168626054,0.3476652654303861,0.2356554666443608,-0.0504701293489766,-0.11044013211512184,0.19211225903248602,0.2717953749793953,-0.18176503172421707,0.11641171264862525,-0.06019661297654816,0.12180102628160033,-0.04150930790324034,-0.044208492208898775,-0.12384764414491584,-0.041493935254232284,-0.08328281779301008,-0.17841040805700312,0.07747190462269164,0.04064947549454119,-0.11778099695822655,-0.07806785567611006,0.2656662290861217,0.36091780484375513,-0.1713592838483397,-0.08578180003208774,0.0392911948242164,0.06780734750669025,0.21187641653556827,-0.015056866010443449,-0.10890785318408992,-0.15693261686452856,-0.20598793587681788,-0.18696575784328887,-0.288835865093525,-0.4056433408758192,-0.40763791578587855,-0.39001894493341627,0.02038802015643299,0.058876636731921894,0.2393008722071472,0.0887539733403042,0.20443978485848407,0.47547273277846575,-0.2787284192705527,0.030807037666604933,-0.3150796081854096,-0.3447136771579738,0.14639730627774347,0.1252616521607864,0.3552417561193617,0.34253387249747363,-0.018836643926476694,0.15302168822586973,0.08279283471381779,0.18700359739158953,0.2840485967783756,0.21022288897056027,0.08100316158648972,0.1727336128133275,-0.3059216615618641,-0.14355167370423638,0.09403779898671646,0.08083440964051405,-0.0023164446065400994,-0.1809343545567135,-0.2331178661929379,-0.19616971578056644,-0.22933939815104837,-0.34744761792425516,-0.007905036265982327,-0.11079923663280718,-0.15377136761843593,0.007291646079060438,-0.08456841469341614,-0.2086783891227217,-0.10251497944030295,-0.402928138906422,0.03669909909028795,-0.1915385641437534,-0.3102494992461395,-0.1702397183951707,-0.1485387299675976,0.013438687292527946,-0.13578452032108038,-0.2131769104119294,0.010801814693035844,-0.1894608367489866,0.046974513149139106,0.1668762031108242,-0.2658059020690237,-0.3340260097500765,-0.22599043012297038,-0.2723735313777511
-0.14030709915089631,-0.11458294042170189,-0.17615328314899623,-0.16737158050822407,0.792889684733761,0.6090565235558589,-0.29830439556965266,-0.2362008802976404,0.7089063926837379,0.7344787600161655,0.1084885922964126,0.07458857552273426,0.13401922365898014,0.09217196754658853,1.0,0.6409953919776954,-0.2526019856045873,-0.4283143784950034,0.025468378144157193,0.07152560260471658,-0.1156956607655983,-0.13471677642996965,0.021667067807136373,0.19248131226613796,0.6219103489669486,0.2944705897788765,0.6344263289623374,0.41108291059062396,-0.13928062447367126,-0.30467670801868457,-0.3865181028966604,-0.08657469441497878,-0.39830371910290296,-0.09773938288343911,0.11399468524072004,0.12392722747617278,0.10323332392081767,0.1114996836275154,-0.024463826528560044,0.11405915383882174,0.26423785875326133,-0.009647117613471378,-0.041067584456154514,-0.0734364526076402,-0.20431516581576364,-0.34472922910275233,0.06998098862849131,0.004556136113094744,-0.2637804550559765,-0.2197806002717911,-0.10683332189653935,-0.03753357761836346,0.059700377787093126,0.004336709196037125,0.3437486912154545,0.16892018011420806,-0.03992349951219322,-0.06747296692481522,-0.1295578048662003,-0.19215331091142923,-0.03492153032137846,0.04377217352801562,-0.26384527601533475,-0.2033803864022952,-0.051080150805269335,0.04575286658533797,-0.4053402723517887,-0.18801164163295578,-0.1256989978618554,0.05324709773645579,0.13762989639150655,-0.27324676490884836,-0.1501086819686165,-0.02247887341799273,-0.29634750596293546,-0.11687036685993953,-0.06255956321221584,-0.02134937871944682,-0.23116071063239965,-0.31290295446025507,-0.13478468705466334,-0.09114222198105063,0.6713873675456096,0.6425410702475115,0.19756292067526732,-0.0267407766115873,0.19620813037794918,0.16971981515703471,0.608379164053985,0.48395235576239903,0.22839425923331735,0.02349113991336303,0.16526458502696237,0.09901226059021276,0.09178898001969515,0.02074982499807678,0.3063063763898139,0.1910533508966485,0.12196418649875529,0.12564792177772796,-0.1185927736882162,-0.1645187761183979,-0.28678162201647667,-0.19920036816768602,-0.028444621162191867,-0.058488462572684384,-0.09363565955010286,0.017275394437836045,0.140156364736951,0.11192284260636819,0.15792256017351547,-0.0715830425698795,-0.1278699058749946,0.12710416096665278,0.08076913652884944,0.07901025581464882
0.03051685721787298,0.06070225811450526,-0.030342690358433743,-0.12763591828800208,0.6836177645117016,0.7196040965288178,-0.1770419125016375,-0.23496323792905635,0.5426535305858593,0.7768126836217625,-0.009359511140905184,0.081263229734643,0.34404085792826994,0.20762742473746304,0.6409953919776954,1.0,-0.19958256116977025,-0.5636095593492766,0.10720745565223382,0.17185066943658137,-0.05781427626304656,-0.293145000062024,-0.20019188665423324,-0.1224054908968048,0.4321020544964974,0.3458834706287256,0.5720639591019696,0.356790131967828,-0.14053636188576724,-0.13223909725661948,-0.3135771800982991,-0.29307908531227245,-0.3172334795137781,-0.17427274160935022,-0.22227160450462563,0.06622523579931448,0.28968965619388015,0.04387549858859567,-0.10485038580317757,0.05761492073409115,0.23703244989764563,0.21786283491898606,-0.1200437091629917,-0.16676801073346703,-0.20472169504059531,-0.326414809478489,0.034880908886028045,-0.03529501564928075,-0.32427174899367434,-0.3289432101230889,-0.25753183694700066,-0.13033558195489106,0.2409751283417961,0.003730186768505394,0.13268942921326643,0.010084643829840657,0.19735881060856653,0.16212248851167207,0.0011832333301996557,-0.07090712173389514,0.020734437978874847,0.19399392978099403,-0.16060516726104435,-0.09104573050767639,-0.3213649012618644,0.12763017142669963,-0.18886621419721997,-0.21744741947791787,0.026358567386544806,0.029790755935596814,0.043188568676460086,-0.28906493393238303,-0.11367608165621251,0.16715161172204843,-0.13823913460089632,0.3163252789183275,0.12763289011651505,0.10531375204158631,-0.13627881427587188,-0.2429031305308078,-0.01731445991051214,-0.025243420508923864,0.5045992107758441,0.6461668734264604,-0.07518207392110338,-0.09967127351996699,-0.13720704389700883,-0.08307013656365889,0.3942971904365231,0.45596021217969385,0.18839488709911648,0.006854920278635479,0.09672751775522574,0.10265578032180663,-0.054106772996771815,-0.03128456949785366,0.26922668687960627,0.22944151216923592,0.08464074219592281,0.13072277645844,0.21807353112262345,-0.06477752888824585,-0.11161907050978903,-0.11457146169662888,0.12085237705111572,-0.03229395868009528,-0.1894483530208357,-0.0683745657210267,0.10822789956025321,0.15675479545696758,0.12410612691540271,-0.10289507677292746,0.03916915576279026,0.18109875021514726,-0.08313857325462476,-0.023225944888283407
-0.05469680636840481,-0.2589093118999175,-0.22945387534186043,-0.3081648158379453,-0.19908766728700503,-0.2970476258992391,-0.13482964966253966,-0.23738708003683445,-0.09369208571419037,-0.17656818718764622,0.07934696685021728,0.04594732934264123,0.22515554260376097,0.14223467519210495,-0.2526019856045873,-0.19958256116977025,1.0,0.5830725132965235,-0.26949329118364235,-0.2058795160280213,-0.0044619677973188965,-0.09520705129379965,0.017915631929540262,-0.2522170426581583,-0.03324074642912297,0.014307416630097141,-0.3049275247765557,-0.19985810617323163,0.6172850825809707,0.4872739092068676,0.07576902085698904,-0.06413832929481696,0.21146598807204592,-0.00022853756547873394,0.16088773419814917,-0.0699528959408679,0.07227723620308557,0.21328564667730143,-0.0689640042045589,-0.2548688322719813,0.18699171221393251,0.22208888179265296,-0.21177871321894368,-0.1207681873586446,0.020358334567124527,0.12381528998930047,-0.27995163036572707,-0.34243854956537984,-0.03573750310885227,-0.03711133886952673,-0.054716660417199595,-0.28003988561265536,-0.21325455250864805,-0.35992411205599295,-0.39151715532775955,-0.2789453453954638,0.1637562639794213,-0.04731945613006127,-0.09835696400155457,0.010332510558273089,0.15177761885379443,0.1116490508139635,0.6699243185180883,0.5772253033882958,0.012861385946796236,-0.244398230837649,0.17263913802346625,0.07112220190769533,-0.1522246307434124,-0.05670782479090582,0.17369409753102102,-0.02079845491464879,0.5536042045796961,0.34415656233058617,0.06752112087439154,-0.067290101415118,0.20295461770846784,0.08039191346502156,0.7016959139750254,0.7179082253520764,0.735578306920618,0.7263990043049269,-0.39666579909948113,-0.21171718942872955,0.33584491343541945,0.33843064490917135,0.07483699530620305,-0.19646361971117712,-0.5048784819798643,-0.36065530779223626,-0.418687367840472,-0.4241087283554362,-0.32098641681166584,-0.16578573107249167,-0.11259264687001873,0.18056959228228395,-0.43505757649687665,-0.21728376207850533,-0.164520204533537,-0.013272987982793588,0.01005087862254749,0.15234170190714147,0.04034388299282108,0.134063175483922,-0.01802551764143706,0.10078726182543209,0.007242033332167323,0.03149419326743996,0.1411505957020398,-0.06393342522825515,-0.1764283387220363,0.1256351816931697,-0.27243206640837,-0.24902355734469328,-0.01003734803227054,0.07423871707825365
