1.0,0.12474927772721442,0.2769936010165279,0.2105419993025888,-0.5671922010276731,-0.3787854059963503,0.41046527911300046,0.20793410999067619,-0.43752284532733865,-0.406648941741155,0.396301285666157,0.4308856271535144,0.02716748039852091,0.1862846200111881,-0.4835489626558142,-0.5143723560401808,-0.34197364112907863,-0.29969559466130036,0.20371851717726958,0.2638288807063572,-0.16295434286012164,-0.07852017000477465,0.40384753042893895,0.37401505532980656,0.1385987001962497,0.091322378545065,-0.2806966185572822,-0.18061154265411605,-0.3850420469373519,-0.2494490146838455,0.2024731361066766,0.22783603816963557,0.49316613079245425,0.3682356524648722,-0.1890024636409253,-0.11575343190950411,-0.5512213585489267,-0.5425273877092861,-0.4954758309852432,-0.4787260812816573,-0.34871747422547344,-0.4052936953132646,-0.07462138013547734,-0.05072978846241803,-0.007792768936472503,-0.04701049714299622,-0.33300552824039553,-0.4547204092952861,0.014363197127251443,-0.11918763474056697,0.2971285430416299,-0.18384950398826688,-0.1264492172459694,0.1815463568316098,0.09767473623660933,-0.32018993087511227,0.5425208707648612,0.22514617855222238,0.29916228094360786,-0.028721769722031713,0.43825221232595957,0.2559203818864654,-0.1710118615793911,0.06939062758555944,0.32443118610586946,0.19436896735325096,0.25685895457079655,0.19758508311618178,0.29353677886271334,0.2866324323695098,0.011612046788035568,-0.07444847081045988,-0.22611709120035633,-0.18454577389731416,-0.18379288989035508,-0.41090171704278267,-0.34392034002721833,-0.2507344142986498,-0.3131306627140323,-0.07449509088265185,-0.3809493690044015,-0.4708049987055472,-0.09472811570341963,-0.3960085932689365,-0.18992639223461716,-0.028001031664460004,0.03978180679780411,-0.23377461020033274,0.3196655214158912,0.2408780930262225,0.11712290865508018,-0.1489651953670898,0.18164990059561034,0.11541379757666265,-0.4059081475933181,-0.3565188010748574,-0.4552457223083217,-0.3919019150052506,-0.21365448442846632,-0.17891738797672677,-0.14735026354937897,-0.050234868853046316,0.27962121623892067,-0.3395899734649928,0.2615377844110349,-0.17113258043691432,0.400386450442933,0.3078314485906214,-0.39728904445139107,-0.019725631719840056,-0.2890896274267376,-0.37645509739819505,-0.07455178686923157,-0.28100128180925305,-0.1744476239391198,-0.03294781764644416
0.12474927772721442,1.0,0.06104826800510401,0.21218727396551745,0.19117374324154043,0.15122538015028522,0.024495554789892817,0.07560517282035192,-0.12991181787095277,-0.012712942634653312,-0.2332529930806535,-0.06362289631090993,-0.24502401783527886,-0.02057317090738438,-0.007291724989444848,0.02800590196811519,-0.2699248572707088,-0.32324551549914043,0.434804512387217,0.4144498436896996,-0.017941593725624455,0.07180128831949392,-0.10991649568202856,0.03715431679588986,-0.13660471787790848,-0.05190364391037228,0.20604481214431694,0.1674656265364939,-0.3276655022417408,-0.224345740308559,0.10481135633149163,-0.1281592482155097,-0.15069103582831858,-0.14342171812046056,-0.13634377951934468,0.021800286283939194,-0.1134923941144016,-0.100175055354056,-0.1253727103102918,0.08470413760119523,0.20374417630110114,0.06808002376719414,-0.3216271498522782,-0.3400174644036233,-0.04367866624364517,-0.10266054919913215,-0.16307172602337988,-0.1427560648421551,-0.004383750276352037,-0.06928340109360878,-0.043751982543031726,0.10761951452991136,-0.029806144969106774,-0.07107866047738176,-0.11390578034061456,-0.03883284455630566,-0.10358944967772295,0.16684990128573934,0.1291094042813303,0.3406119811824434,-0.13645059789165173,0.08072037982035969,-0.10655882917058375,-0.04968065573243295,-0.14161870174571423,0.1907975907038069,0.23141820554016307,0.2536887090853051,0.31190833962647085,0.2926345311486096,0.004313159413969033,0.052172010195928285,-0.06040719687124815,-0.23144155910083616,-0.16532727400812314,-0.22864019094089033,-0.1261153031949725,0.005049530274120134,-0.4683012891012704,-0.627279942795043,-0.1770715283583155,-0.2194548412182439,0.31576021892331385,0.34376388169587385,-0.2022851682183773,-0.25070995639858007,0.25393848775674727,0.2529598620996586,0.028971310247984442,0.11653004317244389,0.32100228433465455,0.16708572059817267,0.05364289828105215,-0.03827491122341639,0.099700670134747,0.003512502530685321,-0.037854268806320736,0.04423247835064354,0.05853983053581661,0.17334128648614813,0.3758566238338298,0.0577445304506943,0.1028176261417187,0.18900805099167972,0.22926267394095104,0.07277233028924908,-0.01823270991421571,0.11557789992980155,0.16529110593164315,-0.0021574535865734883,0.00193046477842173,0.10313770809513911,0.26807137135437764,0.04464001465847659,0.10536808533875486,0.3289324287867423
0.2769936010165279,0.06104826800510401,1.0,0.7279040625659783,-0.2686959568656988,-0.09985253647595521,0.8559902751858683,0.8445313357621073,-0.3916453611733396,-0.4653141279979333,0.49439514228493153,-0.2541571178611599,0.3300104249618006,0.18879959947238495,-0.56642618224577,-0.5992074775156772,-0.6354461605505592,-0.4721513717884021,0.48420152998750365,-0.06541652319556551,0.3119297566019246,0.13354595799588803,0.7136074392947342,0.7200857169441566,0.15158940374854726,0.11702350349940162,0.27694262361435074,0.38839276364864106,-0.3833061201273866,-0.1477384803867814,0.2457572610864701,0.3130007090487411,0.0673740142142047,-0.0481854153684214,-0.4866215973600974,-0.5865608163494846,-0.6975287459553227,-0.718774159387604,-0.6211559630009983,-0.2804038216621034,-0.21457001956227156,-0.10887213440745147,-0.28261200044728063,-0.27148361741879146,0.08099111477971722,-0.13252117594754828,-0.6803579158731831,-0.7636445440316098,0.281127283537155,0.09732562830360535,0.44063454477932884,0.021022994941722897,-0.2336933816811761,-0.30896767260585956,0.27104708040376413,-0.6395265071989329,0.2712771771729591,-0.45094172190808246,0.6189278682404067,0.5121918710911313,0.49195562204792365,0.2897647745439604,-0.11005947871807663,-0.04764408263922896,0.40178272809713733,0.3276193056659262,0.2937858276205506,-0.24162118253883116,0.3592700858259667,0.27670389019270514,0.2299304030277534,0.28324540401174836,-0.020825557540408244,-0.11418626563913357,-0.42689811306867254,-0.5046437683311871,-0.608123441754083,-0.5861318790494389,-0.21087501566240405,0.06421756352080103,-0.6136516040196781,-0.4902362168157262,-0.1332246338205994,-0.41762762795201747,-0.684509333478006,-0.4390869665386151,-0.2900264961239821,-0.47661586563027447,0.5792691651340159,0.2834124432114663,0.3657124448294996,-0.11740230585594413,0.34177307774142673,0.2884753907397062,-0.38007596046897135,-0.42116897797101444,-0.6009358880443351,-0.5767035182002254,-0.17532461033863833,-0.22151124507297196,-0.15367155003343466,0.3827935144841896,0.32874543479801843,-0.14895520415182065,0.4420418205483908,-0.35133999280512496,0.7079787807906129,0.6975872684422386,-0.31838760354484286,-0.4249114973806568,-0.7012567140868108,-0.5947725387457422,-0.1964061753492973,-0.40963967119743894,-0.43357545740560927,-0.046800876471859404
0.2105419993025888,0.21218727396551745,0.7279040625659783,1.0,-0.06395067972290658,0.21497681892936085,0.5323688954398683,0.7098823287151583,-0.32164078358100906,-0.3848816687175541,0.43471705138936395,-0.1367895904237292,0.2112958797607184,0.2043170094029395,-0.27514811856674903,-0.5156064822001661,-0.5589576986038102,-0.352215190460643,0.3686314248112893,-0.04396339689164093,0.04139429006334387,0.2476582625644634,0.5933979739710894,0.6900662512118775,0.13227637425896874,0.1568578346059717,0.3117775572659811,0.4229083134671152,-0.3080406422895011,-0.14261272218898494,0.29568177992627814,0.42584364820450055,-0.31047788595916265,-0.37478615317859343,-0.3927259897586162,-0.4534016938363262,-0.5229824891023083,-0.5448590697705893,-0.42895397914202427,-0.025272792162859995,-0.13048206644561391,-0.18218171997380547,-0.42243119447215716,-0.27759779886417985,-0.04704532620028978,-0.15942025951900152,-0.5705599158527783,-0.6238017023743216,0.002189379866325191,-0.08118980947952803,0.23600802538198773,-0.11343789401878589,-0.4720891204530776,-0.48199742144217433,0.398000972259464,-0.36671987048462357,0.1067228699191541,-0.40744645998350715,0.46416123521370356,0.41309143664034415,0.22978858194852522,-0.04183172223649696,-0.2604238848695372,-0.34590020055123055,0.4568711234598246,0.3561894580152174,0.13705187569928579,-0.11654012177186386,0.5343243532980035,0.1804673128659302,0.25852857490948067,0.21491600825577356,-0.13674298112560157,-0.1977283721095186,-0.39724998712856113,-0.26728112825400835,-0.37867598420923687,-0.38997445362672706,-0.20217021365769153,0.03656211919422716,-0.6105848454668826,-0.4055296130421407,0.10484604114329017,-0.2622995951708291,-0.43701976336690207,-0.20618344558845722,0.08450537223894407,-0.061555289610006815,0.6793148919966423,0.3965232521077003,0.0630281628168501,-0.2837848858617711,0.4861876023448788,0.27772543967561,-0.18498943932046344,-0.3294082782891852,-0.41784302424768566,-0.36838732587682915,-0.1744253053225114,-0.1491412580379861,0.03671522099644614,0.14320480082163584,0.2945395570443675,-0.027562082998917624,0.42058769049661227,-0.2039113453899097,0.5148103047288821,0.4402563960023009,-0.2608505106258238,-0.33505985380662456,-0.5004741756315763,-0.42339010273530847,-0.22856523785736638,-0.23728950279672445,-0.3096818936728428,0.0486843849783118
-0.5671922010276731,0.19117374324154043,-0.2686959568656988,-0.06395067972290658,1.0,0.5966945816693684,-0.4225824018116304,-0.3107975704984125,0.6427463285495847,0.4367853230939776,-0.40219778634876613,-0.24160491272036674,-0.140569842474896,-0.0960599598398389,0.4531924568766284,0.4498380991077651,0.31092565688653756,0.1369296131393799,0.08053923604810471,-0.08323711546048503,-0.0018124555852110631,0.17970202259720727,-0.46181485787604903,-0.4153307070234179,0.1791875774620489,-0.1293601983883148,0.3778843657175036,0.31654385340159646,0.20319107812101983,0.10263581422835036,-0.07923544262661257,-0.30832765282801244,-0.3800864001425121,-0.3083373772197872,0.35548919771944226,0.2624315484944877,0.5143886185548993,0.5028022716831613,0.4531035012173064,0.5007457557663884,0.569628150380819,0.29161035960672455,-0.13579448432006866,-0.13711864354135345,-0.22329985157781776,-0.16379759293371668,0.2820206964915381,0.3694275969130988,-0.31000167201742856,-0.18119754334805308,-0.46255735498815304,-0.07894580659463012,-0.04172570192733333,0.07289447145551708,-0.0575229485529256,0.43184830173690225,-0.577154761095486,0.062165833845197,-0.33472649494740775,-0.14234953196830694,-0.5810551953893776,-0.46927474880963194,-0.2949931255465893,-0.3568077468287472,-0.17856391064436153,-0.008745243407490092,-0.26744114487544973,-0.02438621649859672,0.0015522579832167598,-0.25057002931825245,-0.14201210768593425,-0.022491495358152033,0.19017982034405684,0.0333537906770422,0.2649026958611075,0.3844941347451913,0.29964249908606577,0.35502981962451563,-0.0004303747713901448,-0.20986121651836903,0.34753597562918576,0.3033094078786019,0.43093047971327797,0.5656930734082477,0.2615609319587816,0.06851448742559774,0.14016680734635653,0.30923000148958973,-0.11981062147523254,-0.0905509647241232,-0.14842786031059566,0.16623998498449416,-0.2130042658786953,-0.09822080183371239,0.5956121996059471,0.37759709571192557,0.5242360909319405,0.5695168036878264,0.10532517369671554,0.4200060776902164,0.1573676423153033,-0.23853702735472357,-0.35734750587870323,0.28278136353917416,-0.1483763692780095,0.46108803620179983,-0.47652916657056926,-0.3198731135558435,0.42281453102327937,0.317552593318655,0.39898512223059,0.5439284090715962,0.26930155233595493,0.45581006816507563,0.42376095392975327,0.19249986570964003
-0.3787854059963503,0.15122538015028522,-0.09985253647595521,0.21497681892936085,0.5966945816693684,1.0,-0.2045460617906417,-0.16727868290150547,0.3114844159469126,0.17249402966995758,-0.3819417535093013,-0.15641272330634506,-0.05247547396374761,-0.020716506223782086,0.2912589189099322,0.2987991998324088,0.155495616705746,0.0841291184511192,0.14269529112231177,-0.012329303372003365,0.2137658230259062,0.38827154560284904,-0.1023740818724396,-0.11670743956558596,0.3034703797861071,0.11494700321882084,0.6722684932062526,0.599812086565244,-0.03891843195715534,-0.007326252423713511,0.12453396681432558,-0.03342359027377245,-0.3011263137178881,-0.30939232888145174,0.1281814376641943,0.227070681995882,0.23556931754252444,0.3179196252488406,0.3830547150569519,0.558029669740166,0.3528071010167526,0.2061145284978321,-0.3724060889961171,-0.14521667073491773,-0.2790955958486154,-0.20249663675819116,-0.033055781489706094,0.038088319418325446,-0.22836870920974045,-0.25672707567745706,-0.2304514867692147,-0.09497544354328465,-0.062205425540304754,-0.012383392572301855,0.28093095094773207,0.31697868801864415,-0.46074018461513333,-0.02430013095416892,-0.12477646742511585,-0.08369738847269632,-0.41989725622129037,-0.44341423932447316,-0.41618010439585723,-0.4087220058830648,-0.004127174765618782,-0.020590723037701753,-0.1883894671942875,0.07893842081473247,-0.04558253717751384,-0.14646511972112783,-0.1635525725583689,0.06487156240466666,-0.14194531039594915,-0.04734361577325569,-0.0078096348527311316,0.32949734974633427,0.1843455270496038,0.26039017239938445,-0.0381205275633121,-0.12758932335915504,0.06808201182964997,0.032918093394304855,0.20410602297413744,0.36015146596899894,0.039846675264775,-0.011946652169166232,0.13677591121826774,0.3142990514966407,0.07248580165430947,0.11197713529752627,-0.1479794733603656,-0.12719589180739624,0.012961767459871796,0.09848075071928997,0.4489883111011865,0.2390026380173368,0.3848424049970239,0.3062074442755557,-0.06747608887732683,0.08417143735329481,0.11113681004712805,-0.20655307059029068,-0.2776178062562004,0.24363750058697323,-0.0531062364007936,0.2729950540758057,-0.23336619148753,-0.2840017581376501,0.16586663868732235,0.2605572583397262,0.23795909285969982,0.18606400886492627,-0.03910297026148204,0.1285860005271096,0.13140810663726613,0.1376557017868615
0.41046527911300046,0.024495554789892817,0.8559902751858683,0.5323688954398683,-0.4225824018116304,-0.2045460617906417,1.0,0.8516548342749521,-0.40104921232886726,-0.4434161367584134,0.4762646787165101,-0.10840848466781464,0.27328314139263704,0.20908624569728965,-0.6149377686400412,-0.6170914677857323,-0.625578623521611,-0.48531925967813944,0.4110519461987274,-0.09783477127100286,0.29968003520155195,0.1643882083656423,0.7165262176772018,0.720627769974888,0.09655789194589069,0.18093288675616293,0.17307435294132245,0.27628888613477043,-0.3781688914495407,-0.19414952582343356,0.19878202157622113,0.3455462112582889,0.23469256659436785,0.11483794545241781,-0.5941920811277634,-0.5932048292307925,-0.7673323966222123,-0.7564121831121733,-0.7527679140421049,-0.4150210280870911,-0.36188912957353436,-0.1836248596058268,-0.1826627245677629,-0.16772435574640396,0.06602076570895467,-0.11060882160902247,-0.6678835928025793,-0.7824419361317041,0.293884221204192,0.14053536412772513,0.4437038166681883,0.11046171595002297,-0.1292291364105906,-0.16946486428076282,0.20157217246405792,-0.6563975230664165,0.3515662013097692,-0.42396744022306576,0.6776245326894524,0.5463869719512051,0.6608521305319098,0.50090458477613,-0.02132115872398183,0.10410759876030207,0.4161427599601578,0.3499480349467893,0.3256973206008559,-0.20629267503805332,0.10103936144949177,0.3284216768851559,0.3511778791838363,0.2843082303813417,-0.13131579569418414,-0.1759366000391968,-0.47423417829552816,-0.524385062141448,-0.6556030531380682,-0.5996634616176492,-0.1931109336553552,0.07598730036734429,-0.6198349230485408,-0.5165240254122314,-0.1993201180515728,-0.5160256848065945,-0.7389038554102875,-0.4368461991381579,-0.29076402747919433,-0.4406847798932927,0.47389106059527636,0.3165771105799794,0.31194452270394396,-0.16082924837264628,0.30807180606138185,0.24726655348734966,-0.49540839647116697,-0.5112829497776297,-0.7223340155407476,-0.6650634654847402,-0.3280484143736103,-0.30382916319417025,-0.24693356510916104,0.4343296875305615,0.4628557467081328,-0.28118284973734853,0.448222028504489,-0.39419586320612826,0.7739702939542227,0.7558598218064411,-0.39950462229867045,-0.48364564836873564,-0.7280275375429115,-0.6580612960293307,-0.2009876973083436,-0.5186861324010199,-0.42802009817550335,-0.09137017045539828
0.20793410999067619,0.07560517282035192,0.8445313357621073,0.7098823287151583,-0.3107975704984125,-0.16727868290150547,0.8516548342749521,1.0,-0.3813787040235324,-0.32789390396913304,0.4566701765851097,-0.1016981658093139,0.22090013979950118,0.2836578017212927,-0.5218515454574201,-0.5671229426052395,-0.5776961378800949,-0.3782416709977815,0.33886847056554076,-0.20266726623252246,0.1589697508241339,0.1310192665672187,0.5635029425541569,0.670296259873197,-0.029099783582057462,0.09054303022744137,0.16272638052872565,0.32249395350516613,-0.31116877596056725,-0.1899686875879495,0.11437857865235727,0.36213065255714266,-0.10783622483258852,-0.196086510817506,-0.5466100017943737,-0.5944071219280044,-0.7074751805809306,-0.7219765016519318,-0.7084868425442319,-0.3277508533991848,-0.366377307769135,-0.20264853049558926,-0.29086218298734245,-0.2081757487318879,0.05492931412630806,-0.08729636166352239,-0.6914315993497917,-0.7373998443052322,0.24042779020689126,0.1392993810670302,0.3778832604414578,0.14130660745285045,-0.2666194891963722,-0.4191142887494104,0.22873263325101284,-0.6755004751694133,0.28275343625859223,-0.5186705426935405,0.6707087175470815,0.6370405298289723,0.6209873516509156,0.46128869732033695,0.08680179169470688,-0.0010258802041603176,0.5342363967303858,0.5507799428767743,0.293793043670611,-0.18433481206666952,0.21175456764365602,0.32525431078067524,0.38358916547902655,0.2825332235186216,-0.1047910738106895,-0.19327437735501504,-0.40911904882952,-0.37364045397828016,-0.5221791444433758,-0.5158653773510085,-0.16790063956864051,0.056527393243504385,-0.6787800309289128,-0.46552828527177653,-0.25024290669001914,-0.48686655156272923,-0.706603779483852,-0.4035157328517675,-0.2592651418067187,-0.34746971700226276,0.5541535570407903,0.2987469079343293,0.24528185735968183,-0.25741018393836673,0.45913144110072074,0.22720894408375822,-0.42819193858935256,-0.42877333078429875,-0.6628284579088769,-0.5945401167409594,-0.262123892814253,-0.31779544814928906,-0.10241028256900077,0.44648423656540764,0.49847455793489276,-0.17815022187263138,0.4574473867997001,-0.4420081762993952,0.7226249153093974,0.688787527116785,-0.34093330120695065,-0.5428773414756493,-0.7200739821760187,-0.6094758433743444,-0.22230414131034115,-0.4417667860921522,-0.4691541937295689,-0.0909386210480836
-0.43752284532733865,-0.12991181787095277,-0.3916453611733396,-0.32164078358100906,0.6427463285495847,0.3114844159469126,-0.40104921232886726,-0.3813787040235324,1.0,0.4827272862489954,-0.4435390830471687,-0.12180531245310669,-0.3506301612836853,-0.004383025379827714,0.504406171275876,0.5102834836056903,0.47432868219303076,0.3221183239313583,-0.12897797690049165,-0.043377321751203145,-0.013202758494306998,0.0037958446754236545,-0.48006329643017515,-0.519230422249348,0.3562930571585937,-0.06840705135908713,0.12629432373488683,-0.07969415066960506,0.25665943829334703,0.1031370937996514,-0.04794255207446921,-0.24432201829959874,-0.13836013004419492,0.0839710507936557,0.40853359141757767,0.37460732582126716,0.38538024819808336,0.4779977449637289,0.4321665292162316,0.3148248024133829,0.17148501346319756,0.09517091660010045,0.044675600174082376,-0.025271238672505247,-0.28361008963566886,-0.26215441177972265,0.3805767553725637,0.4150835592486035,-0.35481344395628245,-0.17245991129608224,-0.48348843721741436,-0.17238206141031223,0.1538771357234027,0.31040624930307154,-0.24451884410914398,0.32672891231787526,-0.41833213448394746,0.25681099542274427,-0.5064266276028067,-0.29054786745796474,-0.4756134703326998,-0.18246621673660465,-0.1261902598192145,0.026754335370785788,-0.06388537403008547,-0.015626217190925395,-0.272490757895856,-0.06735521417594834,-0.29866975600120305,-0.2792635507262745,-0.062393375560538054,0.10852286005475036,0.031221000931359048,0.31928679334183246,0.34040595779943855,0.42631719044913036,0.38345860765105383,0.4504045410784847,0.11624999124605628,-0.09331523451421107,0.47054849305326607,0.41981186369578744,0.07126519325678082,0.3692443345729421,0.3112313685841146,0.09868408969148801,0.05475512233677347,0.2710263517995608,-0.2866427630531882,-0.21684825017896747,-0.20518890225529574,0.13996810471685714,-0.23837214263836892,-0.09831795934390415,0.3860195207010931,0.351741802102654,0.45010463995911426,0.4771127942467024,0.11050193499336103,0.23511533859290334,0.05926822344189011,-0.2627254651924025,-0.33905339853563893,0.13480742085330716,-0.35297410641282423,0.43363496860375567,-0.40084653959771066,-0.4710341662490953,0.331531767205158,0.310291540386212,0.36074888054841414,0.47804343337986327,0.25834127086716174,0.406968453471805,0.3890862320859771,0.03201104923340071
-0.406648941741155,-0.012712942634653312,-0.4653141279979333,-0.3848816687175541,0.4367853230939776,0.17249402966995758,-0.4434161367584134,-0.32789390396913304,0.4827272862489954,1.0,-0.3604449877688765,0.08958177142429022,-0.11513241200063053,0.17882045211053407,0.43372158804413885,0.7196445481218794,0.5165955825722676,0.48194780537616466,-0.0049639628101517865,0.25785256396702166,-0.12401684382022696,-0.04924613183720532,-0.5874330924981763,-0.5027134368631403,0.08852041054059474,-0.017030331302807237,-0.2935353925153303,-0.1797646301043022,0.42647775262126947,0.3373323289382251,-0.03741199014636548,-0.13424595974734146,-0.14709542283208416,-0.01376736219981448,0.4453543635207922,0.4786599980673521,0.5825545020483072,0.5436677604528305,0.5523872595476043,0.2743888811732256,0.2372589579247387,0.16929666102894195,-0.23152101774206998,-0.2363279461451172,-0.24873545049295542,-0.14405897185803296,0.34502070986559263,0.4399116167516802,-0.45758032173543967,-0.2510331791002058,-0.4951772624502469,-0.3627714890056457,0.06056776279782104,0.0899746486871403,-0.4262359496842404,0.08809534619232846,-0.6172827965325475,0.14994315859040533,-0.5769734519448044,-0.40064224475935345,-0.436400460257822,-0.1288269048840154,0.11438743374739158,-0.00911220734894196,-0.22322395985098947,-0.12748725896401333,-0.30184805937211984,-0.0064837384690787135,-0.31581021854204416,-0.07847354002087133,0.013654407105906971,0.06573312155313117,0.19999499068491378,0.30149454784286195,0.4809286048412449,0.5176321177835862,0.5834404971386731,0.4472954765649279,0.2588240682783482,-0.22994475268951062,0.6009756797501141,0.45221602131656374,0.07918756141259992,0.4892056770004646,0.3921084829031563,0.10941392842587655,0.12058599933766449,0.09857932388540808,-0.4553298838323971,-0.3820334365850899,-0.10658043416836212,0.0105553337789549,-0.06933239435965804,-0.04756577064369518,0.3570941685196009,0.3426329382343424,0.40797562425875744,0.4443725903330178,-0.18178359992644907,-0.06846071344926105,0.3225721922597628,-0.21717147014736815,-0.2288778278099635,0.17793308071310357,-0.33825975101513683,0.3917276278258146,-0.5080974381496299,-0.46625371509112734,0.3012180204232443,0.17565389491851496,0.48276242281740267,0.31047949414313053,-0.06097764329788648,0.23587875457533952,0.28791321542165355,-0.0560355246192823
0.396301285666157,-0.2332529930806535,0.49439514228493153,0.43471705138936395,-0.40219778634876613,-0.3819417535093013,0.4762646787165101,0.4566701765851097,-0.4435390830471687,-0.3604449877688765,1.0,0.2544950791768543,0.5392477287830434,0.22019328103789612,-0.40448653830039705,-0.5747001150067949,-0.4155315501552322,-0.20954355530992944,0.1003688018387031,-0.09895605852229145,-0.1718720135236132,0.035562194493725705,0.5956771025036794,0.5122040443064715,0.03688152913421185,0.19119107333246912,-0.2135179728714468,-0.036180934566446735,-0.0361197480701401,0.007797858688965113,0.21608573883342647,0.49439931316611996,0.17446381791748752,0.15448639565682445,-0.35339150921642976,-0.5886565573962494,-0.49342827388743327,-0.6099241484043312,-0.4970641666810067,-0.49866310825701166,-0.3402170593338424,-0.24747779813162255,-0.04450723421737344,-0.01467014108010175,0.1875107138841459,0.04616036715135754,-0.46031522824130006,-0.5517181774175254,0.2280570258071921,0.16811999814914827,0.5381784231286404,0.04904920878332247,-0.26964364971146904,-0.2193331782666955,0.18843143006262783,-0.4186310753089624,0.37508920800011225,-0.29162221779442404,0.41757315787655536,0.12289918629818761,0.5632695348606304,0.18883773353929276,0.14108538673917764,0.06627249419720953,0.35341976411950465,0.07600859627265646,0.028943541228880335,-0.3479538255776358,0.2681068879499145,0.03518747263100847,0.19717394769270402,-0.04379384929444554,-0.008953930369413984,-0.1367827638309565,-0.19962717905565439,-0.38889487069015544,-0.43025612760241727,-0.5786738560861016,0.08217065745456129,0.42757014606897203,-0.49364639437184177,-0.35363740525514553,-0.022409119321154983,-0.5413961709740222,-0.37927932516621954,-0.014223060415331478,-0.18358223220627465,-0.36721843022220024,0.4244075110126278,0.21620970436799905,0.013940910432151246,-0.14680672698840008,0.28516929698887805,0.1978935845095549,-0.41585191390572396,-0.38237329622048244,-0.5733617215673228,-0.46161315306473444,-0.25667325749241693,-0.31129040186167006,-0.32081112415645746,0.23723002897111253,0.4299766324830414,-0.24031705543689522,0.23689378673344005,-0.35536734349587057,0.457612426423153,0.49755499516580065,-0.30988241195448885,-0.30910696266846804,-0.5665183925633717,-0.5117552218113537,-0.31424797229252066,-0.4189269713273359,-0.442700903180565,-0.25444110857241975
0.4308856271535144,-0.06362289631090993,-0.2541571178611599,-0.1367895904237292,-0.24160491272036674,-0.15641272330634506,-0.10840848466781464,-0.1016981658093139,-0.12180531245310669,0.08958177142429022,0.2544950791768543,1.0,0.028057008747286623,0.5491576452830326,-0.07510366414581778,-0.04450907460833725,0.16333397850267853,0.29693685083034516,-0.17000889436520594,0.12262507342804406,-0.5090681510535457,-0.190844655023535,-0.06956015810812735,-0.13921253280946563,0.01451413228565622,0.06641366765235562,-0.4404177754386495,-0.3726281349042715,-0.022669611057823755,0.021996254390257913,0.09047523608867049,0.11463199210029335,0.24150250583521574,0.32158609071573513,0.1709615385971695,0.10233046079139065,-0.09739634332663973,-0.11866103596957893,-0.16101333563989645,-0.2756072553354467,-0.22985523083802523,-0.1993165765403828,-0.08588097797510974,0.1007656851351903,-0.051949475714814904,0.03894615933629911,-0.11442887094042631,-0.05062427172863763,-0.125137901370914,-0.06361813850522187,-0.005802652878093581,-0.07980930228172624,-0.30453599763385647,0.21356301644372264,-0.2203902926341787,-0.04142976750843653,0.19129970417213013,0.2702733761021398,-0.11555167138997925,-0.387013657390277,0.16098730873366285,0.07444726213958086,0.07063163947423566,0.16192374719568722,0.24266175691284037,0.2494606225064153,-0.19839250739250966,0.12055678074829226,-0.0434029487926809,-0.18761178166229922,-0.20523391545624278,-0.3129574182894822,-0.26793983407027827,-0.009825982644376341,0.029942275666445212,0.05425415209647745,0.11452318185632224,0.07587348025554848,0.024724148129012618,0.14769313466680875,-0.04783483535910378,-0.09228009789249667,-0.2748759855645656,-0.13765046290447133,0.0643854890905568,0.086060068597283,-0.0628589091769408,0.010341390339052086,-0.12420948881218331,-0.16843007495014223,-0.16896389127181868,-0.23242716680476674,0.20413247832537756,0.020632831588359435,-0.005033963943276102,-0.02228965724285673,-0.06301348649949355,0.04511412344752919,-0.20755893826993393,-0.14247715770455052,0.05604592407499678,-0.13478480131134232,0.1790464106087275,0.010824319356269627,0.13321822342741865,0.0800737687430145,0.03825594489960124,-0.0966314270983082,-0.10970471316048028,0.0714728292775128,-0.020245549840121394,-0.05476895281788449,-0.1478343393697321,-0.07400379660881559,-0.0036102084458605236,-0.04851461407080731
0.02716748039852091,-0.24502401783527886,0.3300104249618006,0.2112958797607184,-0.140569842474896,-0.05247547396374761,0.27328314139263704,0.22090013979950118,-0.3506301612836853,-0.11513241200063053,0.5392477287830434,0.028057008747286623,1.0,0.26594061570782845,0.003903836374915777,-0.0705722427278883,0.020346350389562732,0.0853679382060557,0.07574845069873296,0.05565988709256462,-0.06330325179816007,0.06174526803925244,0.4982966495281206,0.43831444826309485,0.08300245269595191,0.35211163906995585,-0.10998357788412741,0.08921734650711183,0.2495671801457188,0.4608207003076134,0.22263988037790164,0.3525907788218971,-0.05782168587299762,0.06982253524636126,-0.117123282291127,-0.41822001971412465,-0.1991009562725284,-0.2782416326249983,-0.27449221693705755,-0.23339591699841772,-0.22408784829515843,0.12563657490854147,-0.1794765664973292,0.04725938778126803,0.26246074254115137,0.12549841275647303,-0.4398723866292444,-0.2704825464194468,0.30436273789555807,0.24125112451327427,0.36081146989383867,0.1630341964287721,-0.1837896459798148,-0.1447534172358392,-0.031618663263280104,-0.3360547983248382,0.15649563856087026,-0.27691899156331545,0.2705591406501923,0.005398367757075701,0.27507011570905804,0.050184464965685634,0.19423530952855353,0.04032189281390368,-0.02502352572555816,-0.24323666892204063,-0.17731521979756187,-0.4597864756305324,0.16010900015788282,0.05076341063481469,0.17472740913818025,-0.009691285346430474,0.29862385755184817,0.2048923413301565,-0.1496842379248782,-0.20989113981819443,-0.22810888826624404,-0.4774564363942115,0.39002708194374575,0.3713428548818186,-0.08755822066312638,0.06522929033163444,-0.21515302914142187,-0.3027972304432996,-0.3271232182003823,-0.2750554826831929,-0.29582064646468514,-0.3623014881819426,0.03366475665707312,-0.19457197769601486,0.077862446106888,-0.22954855779044708,0.0750270289234687,0.044957935197499854,-0.20755406413445418,-0.07553184921472057,-0.2568374699502086,-0.23719266116586887,-0.22110809270342655,-0.30316927017858836,-0.23261369337719756,0.20179585949410947,0.215916353240138,-0.13435703326660228,0.04119262258098456,-0.39776483757150616,0.30863783942859635,0.25538735765023857,-0.05917414298578337,-0.004102607816704819,-0.33166818512177,-0.4217400990722173,-0.3817713908726536,-0.47569790227836334,-0.5428484207505039,-0.17669292990447072
0.1862846200111881,-0.02057317090738438,0.18879959947238495,0.2043170094029395,-0.0960599598398389,-0.020716506223782086,0.20908624569728965,0.2836578017212927,-0.004383025379827714,0.17882045211053407,0.22019328103789612,0.5491576452830326,0.26594061570782845,1.0,0.061613722369068834,0.1112406869735393,0.21168430467348784,0.3905307832531524,0.20720055693837214,0.23918044935937371,-0.2960176642952723,-0.13166952887642672,0.06888877592767581,0.04297156575199402,0.18495360547338105,0.08437918037810965,-0.21705182135738788,-0.17474298112242134,0.1376018516589994,0.3120060802857076,0.2718318639674032,0.32492660954251606,-0.13126039845772958,0.06547803815754888,0.07539935362731265,0.05014704776554044,-0.17189155281684057,-0.14578741720508268,-0.227852016516206,-0.11182002913880691,-0.22365349893625575,0.002465248043637586,-0.4816398111504646,-0.3300024032754765,-0.10158675388230352,-0.16536520839262706,-0.3514281384766305,-0.21232333851217886,-0.07569292712458807,-0.07471724660965026,-0.1934601913357032,-0.18985571706692736,-0.3816124396277564,0.016556519144289236,-0.3332193314776617,-0.3266337530505476,0.08211581759531959,-0.027910107754639597,-0.08926836772392084,-0.19282656603779813,0.08086953813274891,0.10677681765253966,0.06050908321330457,0.10617493809841957,0.24153205272504985,0.23357688540206176,-0.323065205718621,-0.07525689218298663,0.08379703675245868,-0.09235324247685933,-0.031715883316911934,-0.02969546634459574,-0.10430981759835234,0.3028198601100298,-0.10664494778261964,0.09149904938448437,0.14046331659091973,0.06755490799939444,0.043856101145061235,0.08275313352910955,-0.051016250501567266,0.03318365169519267,-0.2631475939747103,-0.11644473509984049,-0.26110494644392507,-0.47368883502051995,-0.002529661554028434,0.0016861042668217484,-0.07132186352400664,-0.311471739657408,0.11868382381427497,-0.19078100564416542,0.2982524625908538,0.2391445173312049,0.00061574907158024,-0.18031920803457607,-0.1768008958131098,-0.07355312057441002,-0.23356500420237306,-0.12220357718340961,0.3426799713665042,0.17029408708177757,0.3220279662624707,0.20487529789102468,0.2426031513286507,0.06720724743774256,0.2149311201058051,0.09342176958830199,-0.09870724974457046,-0.19719338791135668,-0.15011260084217495,-0.1851854543938771,-0.08392626835579982,-0.0849632620289783,-0.09503590320690312,-0.016853025803728744
-0.4835489626558142,-0.007291724989444848,-0.56642618224577,-0.27514811856674903,0.4531924568766284,0.2912589189099322,-0.6149377686400412,-0.5218515454574201,0.504406171275876,0.43372158804413885,-0.40448653830039705,-0.07510366414581778,0.003903836374915777,0.061613722369068834,1.0,0.7539042263445418,0.6148982744419489,0.5568981688385497,-0.2636963224844983,-0.019191242707320748,-0.20530212398707862,0.07896759105928863,-0.4931108138477428,-0.474759157106847,-0.020621691624971353,-0.04449648153813626,-0.06450290776927825,-0.15297644957746007,0.5457236646167407,0.5030099636399541,-0.07595610615161816,-0.12331355345718381,-0.4234433618039388,-0.12670689315073963,0.42973159366006985,0.3749625974384147,0.6470540586645523,0.6984291879024775,0.5288200960701069,0.5406604323293999,0.23555818997884667,0.4172937171483925,-0.13065628948399913,-0.023791360773629918,-0.28180336733600636,-0.22322243979330642,0.4145068872494195,0.5139198880967966,-0.3967702237916352,-0.19862125500722214,-0.4537450755628251,-0.15069882617162175,0.12984429089948102,0.056781415499547225,-0.21084104327868747,0.5452488359362299,-0.2812175647112166,0.22330401046238524,-0.5716914649295688,-0.4072875213768391,-0.557922253566799,-0.3399426140553217,0.17184171164232692,-0.049272554973704225,-0.21899242634059204,-0.3099615815891955,-0.4459705524689392,-0.17582140640531801,-0.20167599757615953,-0.2977942934126753,0.017907214182536258,0.05870420412644816,0.19919250255743856,0.3344117724728832,0.4257868652306026,0.4631859371655569,0.5762913825767247,0.41319312989487966,0.348902203014743,-0.010758089732652245,0.5814283554301745,0.6487496664025297,0.12167125208029443,0.5019770709469207,0.4690491440251756,0.10086563779437725,0.17198186792052778,0.4937991636496807,-0.5236470282908653,-0.3094281621369573,-0.3489554524031803,-0.07860347236388009,-0.3326054771965282,-0.2930716720149509,0.4597396073836671,0.3633611096174428,0.5498538551071188,0.5161386916563291,0.14214692200045115,0.19092070852178958,0.1684335424589089,-0.3160130330970224,-0.33660256576475944,0.21605990027526648,-0.3258093778451429,0.38334112687984,-0.5128788558893995,-0.6719467633966615,0.40307563222706544,0.23455102086636212,0.529914841150406,0.4624915461826975,0.15895843919247737,0.4479872896149876,0.32878874146335646,0.18099219191404795
-0.5143723560401808,0.02800590196811519,-0.5992074775156772,-0.5156064822001661,0.4498380991077651,0.2987991998324088,-0.6170914677857323,-0.5671229426052395,0.5102834836056903,0.7196445481218794,-0.5747001150067949,-0.04450907460833725,-0.0705722427278883,0.1112406869735393,0.7539042263445418,1.0,0.6979381291821783,0.6421644115026818,-0.0814754221272616,0.2085639958780138,0.006099790556538082,0.04420245696842858,-0.6716562537038498,-0.6276295878459295,0.06463510601880669,-0.0779095125387943,-0.06943962957473836,-0.11556768830583433,0.5916433404405126,0.5031487292760333,-0.03949094118118314,-0.20033951840952147,-0.2291551086100322,0.008301126916073815,0.5538754719043786,0.5663154994191443,0.7562050293302847,0.7530636949937113,0.622789010572606,0.4125542753194684,0.33388805984228265,0.4421791586453264,-0.18320870184181795,-0.14722014424010393,-0.26396406324441346,-0.17153257360957266,0.48176757695749334,0.5834423987808703,-0.3844832737391802,-0.2564979138787247,-0.5323166487801675,-0.24999903691477618,0.19713565384064846,0.1129914628706152,-0.42884300723624497,0.33389473436411243,-0.4355920868352789,0.3197321922462154,-0.6634462261200448,-0.4385477080769977,-0.5778775283451361,-0.25822310704580753,0.20294020660860482,0.05927113315956465,-0.429530696620649,-0.40280188218775054,-0.3781326135139692,-0.009425140800397603,-0.2862113703428097,-0.18832856974954046,-0.1681537056500322,0.06377581298256291,0.3116210145385291,0.40048419704046034,0.5127631143109168,0.5301789072839205,0.6849549523693701,0.5621823751529704,0.3278834081068308,-0.165521053326124,0.7513806825935677,0.6694391868078203,0.050303208372105994,0.6539323330898011,0.46086699582427465,0.04599617489569671,0.05020935033029861,0.26831513132562207,-0.695313745597272,-0.5171260993490506,-0.18957200577605246,-0.06963247138489069,-0.42006853029448266,-0.2903138525702356,0.47889705264479454,0.4928140337263655,0.6395177793900562,0.5732167470528781,0.06413469914913315,0.07765643591796602,0.25133777071128,-0.3238796417377069,-0.4341578423318093,0.19067987320693353,-0.4328194694444751,0.3999372202088789,-0.6228304336699587,-0.6911088730056172,0.4530647882576748,0.40918727073934663,0.6646213709986767,0.48399250434772556,0.08140329590594299,0.3602542127135119,0.3071117525465067,0.04546803705787196
-0.34197364112907863,-0.2699248572707088,-0.6354461605505592,-0.5589576986038102,0.31092565688653756,0.155495616705746,-0.625578623521611,-0.5776961378800949,0.47432868219303076,0.5165955825722676,-0.4155315501552322,0.16333397850267853,0.020346350389562732,0.21168430467348784,0.6148982744419489,0.6979381291821783,1.0,0.8303268995855211,-0.2648201035923549,-0.00260403768863655,-0.18673819356843901,-0.109950700536876,-0.6192881026685416,-0.6739409809224645,0.06913601402045298,-0.22611659395520203,-0.20111894226987484,-0.30534007819393616,0.5560054851376148,0.49847627275632506,-0.11821548718020722,-0.19946770060891222,-0.17817807103723254,0.01572236840811043,0.5976632543803585,0.4943037331374031,0.6146015828871504,0.676119105392947,0.5077274417306877,0.309235594419022,0.1406834771967727,0.3293785513118628,-0.022480209113912925,0.09777925821152203,-0.20644970279636154,-0.09469030169732921,0.4443762004374739,0.5934153261257396,-0.2956678857181619,-0.18599179227514243,-0.53669577189864,-0.14774865331586715,0.04648229688938589,0.28801133740464957,-0.36491868560073054,0.3787322233567555,-0.1510637688392232,0.5006895513274608,-0.6561817703212947,-0.601329929561619,-0.4863993592945521,-0.33297438557203723,0.09972309415121813,0.01257821276515233,-0.22702929238044628,-0.27823476146414,-0.5741647220279027,-0.046712228512997,-0.2116275143549883,-0.2216553447138962,-0.33294908864297984,-0.17360063753369503,0.20396949735203815,0.4481961669290921,0.4236744800101992,0.532242547622087,0.6100988977621927,0.5180266460804218,0.531338013753726,0.11167363948803584,0.7021187589000554,0.6562393160241216,-0.068370854154902,0.40227413790166994,0.437434034804959,0.028782730258118647,0.01427442994563588,0.23253007333749995,-0.5638679089241954,-0.4843738817386049,-0.27021973194033594,-0.06412449239210039,-0.29900891068627433,-0.10737772908365217,0.43621631028845587,0.4797297277108782,0.6052517551437065,0.534838608780957,0.12240124296518487,0.1462001646347789,0.20260665380518414,-0.2504357328594368,-0.34010706314273653,0.23756581845553854,-0.3407169373771727,0.441988454454983,-0.4979498444274905,-0.5952294927845523,0.35068722822133475,0.45784117365220106,0.510368656470452,0.44924127615400716,0.04044310769816163,0.41033942241589677,0.32935497857917156,0.008756532369744273
