1.0,0.6552545020151123,0.15102102219003424,0.09218866184271525,-0.032507332922954574,0.18509088476178553,-0.14228614578812604,-0.11586376359448144,-0.03023074287311437,-0.21344814272854706,-0.07122878884518064,-0.20459114983130433,-0.2820803285807543,-0.288312494911339,0.3144198813480242,-0.11229128327240182,0.1578963987528321,-0.1629034324309608,0.3202271447300791,0.5426532294028333,-0.04096975627344304,0.0207908531577469,-0.04005517236432545,0.045290093705662865,-0.4029366995883994,-0.5560998659102643,-0.06290364065198333,0.16488225965740147,-0.04410306075057857,-0.49644951523882475,-0.4734980391352313,-0.5439457275678454,-0.2306547723644309,-0.04465809279997194,0.18339731285361005,-0.05021389047618209,0.13805843020142672,0.0018860341593539816,0.12333846310591282,0.17415409465502105,-0.06060515973543296,0.1436077332064228,-0.1696002030028687,-0.1708124226663945,-0.4190592612630817,-0.4357761757697264,-0.07480351786140015,-0.14329015894472624,-0.33635102169001413,-0.47037686918274035,-0.16129835125864483,-0.1810910460840229,-0.20888571042355922,-0.208885797366668,0.08778867715641464,-0.08570016496745626,0.6307806028131996,0.6703723559844312,0.40320313683643905,0.41874037658800095,0.00915753602970017,0.267781435212515,-0.5192597858552992,-0.31450230696254994,-0.5087088862024592,-0.1346281098566625,0.32683825491521296,0.06865148932394659,0.6604490399501097,0.2326340353045742,-0.06624386983788638,-0.15671638850782454,-0.219627568301925,0.20633747008787487,-0.028449081636926134,0.16072445256928944,0.23706796281435522,-0.07735690589827426,-0.038476518119329076,0.08116290583765662,0.10443995641470782,0.09813921957903479,0.1231715204976139,-0.018324727524618785,0.24347526414801213,0.16288852817677615,-0.26111054510526077,-0.020271669306810316,0.00478155850566731,-0.0066439947631691965,0.03791802888345491,-0.19587198464605465,-0.1918663972775794,0.15655001066270074,0.23954326972510498,0.0709559629981505,0.14571617614638835,0.45893344855109075,-0.21637504266535795,-0.19411510596492576,-0.11051041235007061,0.11236839342667664,-0.019904382790903924,0.022268915348482524,0.10683811502408895,0.03176887860845959,0.2258617064155902,0.3240649232331428,0.1282225312652592,0.30257219579991573,-0.07153812004742427,0.02965020693474426,-0.10318356241940316,-0.07120514490597474,0.2003993836985294,0.053393487743283743
0.6552545020151123,1.0,-0.060080612127435845,0.17136958250021916,-0.10685609530380814,0.03019781032592346,-0.05859156405416679,-0.09969749716199731,-0.08877802850271418,-0.2384304293368191,-0.029685211014451096,0.008893703291354188,-0.13820582550108243,-0.0871422120680318,0.2395802734794596,-0.08688686661654388,0.20909345817182778,-0.18311391624708304,0.46878255619478143,0.6930925073033622,-0.08112991946875073,-0.1728225222891023,-0.39701716272857945,-0.31285928046186745,-0.4413282302393022,-0.5744686250163921,-0.08149445763983643,-0.08423531008281644,0.033825637152481026,-0.2787145770853537,-0.32314062121255777,-0.4377662584388388,0.11437715292726895,-0.09843360832643672,-0.08588242932899993,-0.31202617135805705,0.2951552057387234,0.0631586814845227,-0.01264684386698119,0.04173538113535423,0.09029348487645954,0.07414811412661995,-0.0643009175081926,-0.09858838167967653,-0.2792011177280267,-0.33562515716588887,-0.05705236961283965,-0.029770116104945673,-0.2411825504107494,-0.2756565865536884,-0.17478192218581523,-0.07369552862529007,-0.0367289597144775,-0.13930616387435057,-0.09461336196695894,-0.05840237455114348,0.44026000296021517,0.7127458863495929,0.35851124453445327,0.4313705225639065,-0.024007712464771867,0.15057406444532817,-0.22723021794316672,0.04669178330549187,-0.5826114236382137,-0.372205853989993,0.2528329594930295,-0.09023792979034737,0.7556938218977052,0.520240005569712,-0.299528919499925,-0.24305385072139918,-0.20807800586685393,0.1995307429360321,-0.054898363055177604,0.21500409313431737,0.030695730698576344,-0.2817284411230013,0.21184785617272534,0.05547360995838126,0.3735373386197712,0.3539026140835954,-0.04280625537357443,0.16351311861213502,0.06447736362779426,0.11491599812973574,-0.24835093682705317,-0.07795920162810945,-0.3345586570415378,-0.27503236909744877,0.1503465993866292,-0.08794249921008457,-0.21771399626294802,-0.076322695708032,0.07067022995164533,-0.004410363373210303,0.19408239854909745,0.24942794941642593,-0.03739406862884411,-0.09481205744435825,-0.11896209528474062,-0.03709403619357026,-0.009569501275366378,0.003586301695793223,0.02821017281871795,-0.11683783799435324,-0.07388803242763872,-0.017975637844158048,-0.0024821280096435656,0.2143751162493269,-0.16223823773440735,0.11028155136524405,-0.15450662673574556,-0.0069284187318947215,-0.06121600834803242,0.0640357994471285
0.15102102219003424,-0.060080612127435845,1.0,0.7394610029400417,0.18813301281829048,0.4713104605397218,0.3486712083421318,0.7070173629146063,0.007550855035313492,0.06889493159578658,-0.5855114483788455,-0.4908059749841696,-0.5364496265847595,-0.44810011934370036,-0.08831432743288489,-0.0647453869007292,-0.43034881282269055,-0.38603497939013665,0.6278679249673441,0.16465774200438504,0.24929859620876157,0.44636592457818336,0.4996754854251159,0.47583883662320037,0.12515776359402975,0.20085861273010652,0.20418154128513724,0.491352039358258,-0.470958401815196,-0.3997159368151362,-0.3260949545585032,-0.22131755550441246,-0.29565650270577143,-0.3492297834750084,0.29452025467415627,0.3469068535665032,-0.0988113384315127,0.14995892058379678,-0.1179936700495247,0.1374236814787137,0.04701301667144995,-0.10887383122909192,-0.2944107632774881,-0.267333039416907,-0.3184928299768233,-0.1461118070162444,-0.12089314622947314,-0.161863231104647,-0.5138535344237427,-0.46524284190569354,-0.08339352662206911,-0.21617391921872176,-0.08049154399536154,-0.10902459100687494,0.03263685464196683,-0.07759784199649575,-0.19950714211259724,-0.2345062428555905,0.05867479541433472,0.27404743515353724,-0.27827867809627016,0.0015084151300966072,-0.3962828923520896,-0.37658376120993103,-0.08174049950291258,0.19020358748198132,0.34462965958836256,0.3425915719421994,0.013336626222904744,-0.03872581782020323,0.06406378021020807,-0.05365463466387281,-0.4307392327469466,-0.07138544009794054,-0.2980390490085271,-0.01615212342301362,-0.08200216612037255,0.0803430985213355,-0.49129213181586723,-0.5255385620593591,-0.32034404422269575,-0.36610707306664536,0.2477058738384088,0.030535407611799563,0.04228435414812628,0.022326552937736516,0.02329349711148417,0.1175776598215613,0.4604011559389306,0.40874949426509155,0.15005585777351635,-0.15432976400667592,0.23900821643930714,0.33693042045102783,0.18917985812245,0.13813870264183015,0.04331423812470677,0.19736828036954096,-0.29023727955637024,0.09908926611371552,0.232351361305492,0.186617901040578,0.26337775211742387,-0.10096124409074446,-0.08493628707607853,-0.18341863572582182,0.11328378229348343,0.18997056100374587,0.18815027554201888,0.3431481445827222,0.05943177223054714,-0.31297256213440955,0.23027094048388622,0.1398337747950758,0.10248747928615512,0.07521859718834645
0.09218866184271525,0.17136958250021916,0.7394610029400417,1.0,0.29682637911387605,0.4994662968312282,0.355718333332778,0.766391512594195,0.15503965059587163,0.2081476731435119,-0.5963607980878457,-0.3527509957091817,-0.547081818713701,-0.2116495154694422,0.06473545906694941,0.14514657378247753,-0.44368878650149113,-0.47774469062310293,0.729941105998583,0.4217302053914819,0.16090055323133295,0.3159920537968334,0.37350415078209254,0.35935757530377693,0.12726399393501286,0.2376320142379515,0.28009949002407664,0.39216400663786904,-0.3304403444372244,-0.23278722361020537,-0.21347978243270777,-0.027867856307768453,-0.21461494212497784,-0.376559789916897,0.18475834700538413,0.2059377161965605,0.06293919196737797,0.15751928217262687,-0.17890141433374748,0.15894569478082943,0.2626102869989374,-0.06235225602774574,-0.27837316037951326,-0.2928793545826986,-0.31264715111420216,-0.20605991390127068,-0.12533466423373316,-0.2168129580896308,-0.5990840679872805,-0.47482370630802645,-0.2893318379433325,-0.24851246285723033,-0.0029119318047034844,0.002317350287732239,-0.2353462265019511,-0.1997122401246634,-0.2587486603595495,-0.14463172430440077,-0.10514930110903116,0.1680733473138554,-0.3688660467736382,0.04171034019127062,-0.272129667931766,-0.22999078408891616,-0.21577039560882136,0.10116901643726539,0.12626922495341414,0.11365433203014855,0.15096081238512707,0.14153426463133822,-0.08710508554214709,-0.21064511609778513,-0.331967324394659,-0.09591709754626335,-0.24750643437338188,0.1291983767695505,0.005522944100731917,0.01747981967107154,-0.354036468593943,-0.5922745128365505,-0.030232173628007935,-0.21976095605075202,0.41487604216836793,0.4136746905994366,-0.0008233391103205819,0.024787532256887377,0.03736448369510285,0.1547468618988039,0.3082235411797083,0.33232973877559246,0.3393001795696474,0.009815760261061068,0.33282016332642117,0.25410118647885654,0.22675168690847222,0.13602623868661753,-0.11327613104265184,0.16685482976190963,-0.27466686914535693,0.1263311694860427,0.20792278279745688,0.13972975839137625,0.2754484930429412,-0.2117177925931566,-0.230129249803885,-0.35682073930847424,-0.09842223238348173,0.0026408657393885,0.2389442468273978,0.3330417006648643,-0.17867697638226776,-0.20928518813405686,0.25663474910539025,0.31333711925147734,0.09414800560239381,0.13166521831705535
-0.032507332922954574,-0.10685609530380814,0.18813301281829048,0.29682637911387605,1.0,0.5798825780956063,0.08054138059412139,0.25877491388372315,0.8698582378009632,0.6994586833622344,-0.4071521465409755,0.017922792518465763,-0.25218025283741097,0.05127793398810581,0.653520224334086,0.5611003045731334,-0.15637625378800002,0.08161251240189556,0.059458434002054764,0.045085871731911406,0.3731066805953293,0.549882610368002,0.15101216042887364,0.17265573072953863,0.5095368857915543,0.4968479517090101,0.6702345829567409,0.5418652908778251,-0.027084594298731127,0.11450523637705173,-0.09258250116783745,0.09060212740079673,-0.3009486370019483,-0.12979600142670292,0.03349860908739785,-0.023270591883653192,0.12323744918820315,0.300142130167065,0.04137084855452032,0.35963393903561547,0.29123751405150894,0.2487770968043827,-0.23693302145499848,-0.21558076933568515,-0.29233202599031033,-0.14635302171188497,-0.25318531934987437,-0.3115782162721485,-0.4041897381550096,-0.3039417183871642,-0.27026614675360006,-0.1676273110259698,-0.18618917132974344,-0.039861500831306164,-0.269960001333172,-0.22690359265206764,-0.1132852376368483,-0.03027242262061273,-0.3510134746700003,-0.1760726502051053,-0.13303030874835522,0.09018384975582684,-0.20108163908168533,-0.09210748230785464,-0.18673564950560204,0.1743868294738055,-0.20713510100531898,-0.056551057271797385,-0.04843913805067474,0.02981873072655775,-0.04995876755436056,-0.1269127243590723,0.10228309394294867,-0.4250070123650965,-0.28173529395030494,0.08510476310756479,0.18331783810051355,0.1331071369943342,-0.14672671516160665,-0.20894959798569207,0.049199435852322934,-0.08872067365455448,0.344759803897042,0.44771347265211114,0.03293564850261622,0.08097071783958079,-0.18203356207988888,0.004988807101674146,0.11225250634433001,0.1846706671954807,0.28406866911039,0.024036963920050766,0.37542479067536955,0.4148601804350353,0.30533992916678354,0.27895979337663407,-0.26718572477339103,0.0534712832964424,-0.4084318465523733,0.10750240889466169,0.35160343355483836,0.2228226550425774,0.3398864610209742,-0.13091546774692966,-0.1827213313092346,-0.25016514201856244,-0.10061582779898114,0.00678561210777425,0.22000894470692314,0.056653246181446223,-0.3017424026717862,-0.18643433845028196,0.1671369576456559,0.46355915697253963,0.2953298701339116,0.26663370887171756
0.18509088476178553,0.03019781032592346,0.4713104605397218,0.4994662968312282,0.5798825780956063,1.0,0.02451328388440186,0.36977405239635935,0.38964820735730976,0.39332908095893265,-0.5572878673348544,-0.34063123739194573,-0.5601981078527316,-0.3304041079887228,0.2550344516308823,0.16476754917838604,-0.22490612079424854,-0.2839287205937307,0.40231324153690373,0.2006389967290671,0.4353159193746973,0.6100885376068792,0.24227619567210062,0.2700686689020065,0.3269710451869983,0.2869910185925543,0.5040540965702925,0.8061755216710772,-0.367358370163149,-0.47284435728123075,-0.25382906904148256,-0.08004269695939291,-0.3951999178673417,-0.5128647375430698,0.13183904908045674,0.1720035624115397,0.20869501391148562,0.45046114235455353,0.2784200854157894,0.41479459418689374,0.32155594738853005,0.1246525982186206,-0.21992355344662523,-0.22174812321810378,-0.48796340573653,-0.3333596574087543,-0.16686687010124676,-0.1297125248884541,-0.5403017915518089,-0.535251939563871,-0.09641490772798192,-0.11311678665243695,0.04759823254641384,0.06223304249160798,-0.02604363774238142,-0.11038625328969139,-0.05653857003906435,-0.05114518983531101,-0.06666795881885175,0.20957912457630132,-0.4335802080175272,-0.05903110246547068,-0.35348888404675144,-0.2733576763218688,-0.39049552792890607,-0.10152652811806723,0.2053001011827797,0.1739460031179863,0.08610570561563927,0.09909665621104968,0.07560954793551505,0.01669547328567623,-0.3466523119336899,-0.054226691451040566,-0.2281832510449804,0.3796988125373735,0.2990499763034564,0.15955866102650074,-0.19434314426784505,-0.4157421287714753,-0.007222710518161606,-0.15091077285284768,0.5405304860861473,0.4098862083083707,0.31543120927363516,0.24261380016487843,0.12056150714577923,0.2906167057252039,0.2671461511998837,0.22496220080973103,0.059971531132401834,-0.16928056515141007,0.150363730531799,0.27770170855606396,0.2719519395948242,0.30452477930193333,0.10667811862664803,0.23963749861739284,-0.31626041631692053,-0.03349678557531289,-0.0003131319106725831,0.1512852084499457,0.16692783945586548,-0.1333805569119923,-0.14070016448535666,-0.11394081820989362,0.06015516579869148,0.04775688632788867,0.26689735584533725,0.3140517477847705,0.0825774231309371,-0.18756388632122856,0.22223851783634938,0.32952753258889084,0.17352549282610777,0.29233733167860215
-0.14228614578812604,-0.05859156405416679,0.3486712083421318,0.355718333332778,0.08054138059412139,0.02451328388440186,1.0,0.56549654502223,8.451489114581762e-05,0.29940292274832386,-0.07418740641901961,0.12543012488257688,0.20293315477805765,0.18009412560138288,-0.1332184582329567,0.21126850675555225,-0.3339216824914571,-0.025515677457558582,0.24163188129164503,-0.10476964090590028,0.0820589819324958,0.1831827409519104,0.005176035194220373,0.1898066628513928,0.07022377046991525,0.16463279520356383,0.09863407566387311,-0.030926674358469818,-0.24742822336279477,0.1152865318175874,0.18549070503290196,0.12526655510731563,0.04935324071298918,-0.011659270039391373,-0.1915157293004272,-0.07990033487838803,-0.26368441860438485,0.01931867040039576,-0.20532257873421567,0.021953766919610266,0.03271884768341272,-0.11693469788163312,-0.3736801061198502,-0.20730113171723563,-0.14571459906734532,-0.040498112976404106,-0.15409819864831822,-0.34455692649196024,-0.1486327208346371,-0.15429818292091302,-0.18061446281844495,-0.10346098549946613,-0.20891661822656402,0.00018486739008030588,-0.10645473101610767,-0.05611566774733004,-0.3742093375406149,-0.31233407580071004,-0.013962110408541471,-0.11237524873839547,0.13421833216093024,0.038028497211796686,-0.12443784417808353,0.04235889328513851,0.20774914995114788,0.20994988886426996,-0.027399228556770867,-0.04629712481220759,-0.20983957792962088,-0.041529288458703184,0.17630866634175024,-0.12036920091966145,-0.25724760713366934,-0.021521576500711462,0.05157375093916051,-0.010185570877653045,0.13963208592913515,0.28471347666777685,-0.2953356811851869,-0.3606385500536618,-0.16498542121437057,-0.30207884790247774,0.12713392716848787,0.1462520243468491,-0.4073971805613326,-0.21828513197379273,0.011459255488653095,-0.05697211007026769,-0.0007323199870228177,0.1090320633990566,0.16277063438071043,-0.025638254797762487,0.3965105703735201,0.37543566924359384,0.056444713285968375,0.1088580292382987,-0.06970664886098366,0.006377394513485597,-0.199066555096304,0.26767618287433975,0.4729331073015417,0.38875993015784166,0.444161849197912,0.04809366657268628,0.004903278618547464,-0.30156376930008366,-0.0045294997446047305,0.029145043016674997,0.1541048192268748,0.1831508292642209,-0.14229233247465342,-0.13455780474837448,0.2267169760710286,0.22636237890885796,0.0770317146543312,0.22566886604708225
-0.11586376359448144,-0.09969749716199731,0.7070173629146063,0.766391512594195,0.25877491388372315,0.36977405239635935,0.56549654502223,1.0,0.07618670087557486,0.21187394768905018,-0.4924396828377149,-0.2094550177529554,-0.31375005595052935,0.05483180633964726,-0.09266094588732432,0.18372517516002926,-0.4553757045750012,-0.28877673102517293,0.4301174627411679,0.0043605090237104375,0.1523009687367683,0.38283473021591413,0.2721297718886724,0.4380830640351196,0.07979915178460059,0.2589067035180317,0.24311191484084915,0.3518157114040573,-0.4543564821386428,-0.13181666462657185,-0.10454710913597055,-0.01110335709900715,-0.20848193308125632,-0.20706566865601742,0.033003124640240966,0.15352234093037506,-0.12604962186906932,0.12091903953277383,-0.10408925592104563,0.1607442797471954,0.0767236869581884,-0.10080411225379525,-0.35359949480800534,-0.3278489011369343,-0.3449596558462933,-0.16542436032119648,-0.1543118913719561,-0.28604755089999423,-0.4101312692598205,-0.3899708944440959,-0.272699324486063,-0.1588656214099416,-0.08867262578421319,-0.05034383671287721,-0.09920742340224105,-0.19071058165323665,-0.3856163618862818,-0.3848298389699669,-0.03304779865231164,0.0788645188499766,-0.01518092902575381,0.2506724664432815,-0.21191589385144013,-0.03732287630746939,0.05537398171343498,0.4546728584297775,0.091378287966594,0.1423134021467578,-0.17119970232579304,-0.15816248078222897,0.06773445817234905,0.01212370158998955,-0.31512884336156494,-0.10437119274114355,-0.15475886792859259,0.1164950635848451,-0.03627948304988476,0.22608409065773735,-0.4953163711004662,-0.4977651317912248,-0.21238012163970268,-0.4444124261318439,0.371306860712389,0.2657632872460344,-0.23053313149992782,-0.12305573429106807,-0.042963126847624655,0.18083628882244554,0.31430646953591707,0.47675646310502384,0.2265594269228411,0.013348852489702336,0.47249753135012557,0.24188517027518475,0.14702028874790085,0.20645511360499166,-0.16274780104026004,0.14762587516523598,-0.24796048085761166,0.20244336587294218,0.36262578643391075,0.16213789732732983,0.3535569907609008,-0.22989969894832127,-0.1943376544963242,-0.3977331331880005,-0.02978543713012994,0.10733660325857523,0.2869814560307795,0.2749799829930375,-0.20768643833705708,-0.35032804672905016,0.2802169987693531,0.2773227075658063,0.07903332078248125,0.13051254440798604
-0.03023074287311437,-0.08877802850271418,0.007550855035313492,0.15503965059587163,0.8698582378009632,0.38964820735730976,8.451489114581762e-05,0.07618670087557486,1.0,0.701722585743175,-0.31617916135681934,0.14625054913559485,-0.2561081255557765,0.09838766152319209,0.6912150111340711,0.6106182549808366,-0.12619989034465404,0.06779692209659512,-0.0888058537030029,0.051999687778449134,0.2543532427221424,0.3026339238031044,0.1544244117427361,0.10424759287943934,0.4207383988268816,0.49451753711229524,0.495427332710859,0.311945358367527,0.18987043127211778,0.2720440902770776,0.03514973347300461,0.24532629710967574,-0.177378399447022,-0.08066133358975199,0.020415158612638044,-0.07778805587527517,0.08048803579361383,0.23055256645634523,0.05167715016220052,0.21233869812013784,0.23190263668407576,0.16006742653074368,-0.23347205275235436,-0.1783275306764822,-0.246117000727123,-0.12738614262012157,-0.2372850839149972,-0.29037648485257656,-0.3243975725480039,-0.21990731932744526,-0.2532141396334326,-0.09679778448699138,-0.11840427469238886,0.081005804016296,-0.26214365304419635,-0.29835278556576794,-0.07129620265868923,0.002121140755761336,-0.39620020438018044,-0.19832246034239212,-0.15431318774318567,0.06209526753150001,-0.11414555688005837,-0.058454737310133856,-0.15341338314091088,0.1706316232127683,-0.33562507872461966,-0.0941639753454076,-0.0629182347059024,0.005311708655420752,-0.07129181741953414,-0.16050414046831335,0.29719637438001306,-0.3985455658989289,-0.052066036961965226,0.052717039561667824,0.23719183385660295,0.13830320906989113,-0.08266419869713831,-0.07540432997401317,0.06496560966847033,-0.03434890717335063,0.20365735491212378,0.3461318753365853,0.06862817757089675,0.13126392197761869,-0.060527088266999485,-0.007234385506962078,0.10965257041512193,0.15115411275888557,0.16724017433141988,0.008299492197450678,0.2890149285095587,0.2985832350836108,0.2276617681555708,0.12298935245478652,-0.29743072307421203,-0.03349362817688788,-0.3624489539526577,-0.021156359623192008,0.2785769263643605,0.16509194553019813,0.1966914141069328,-0.06873214235469917,-0.1046850766849397,-0.12071614856938379,-0.15194842902763828,-0.0012893048515946485,0.13874523133168132,-0.07709729065576998,-0.2674130645020886,-0.20114898664560305,0.12148079009233485,0.33580961105602647,0.32143478943121223,0.14669026387926762
-0.21344814272854706,-0.2384304293368191,0.06889493159578658,0.2081476731435119,0.6994586833622344,0.39332908095893265,0.29940292274832386,0.21187394768905018,0.701722585743175,1.0,-0.15234005904882017,0.19856314108469264,-0.02765550509708495,0.057629906345970296,0.39364590738151733,0.8218870849141781,-0.2875184854744699,0.014236154735967125,-0.11288564548596317,-0.14658001714499966,0.2602710530571138,0.3892078673115433,0.07923348291238606,0.08821064366263627,0.6627907890277747,0.5414599086658479,0.5725044741739462,0.2458351577232692,0.0141264814378377,0.33238906103138616,0.12307966007954584,0.15575771285277273,-0.21837077236189806,-0.1851376174596077,-0.21100757899931852,-0.21615914404291708,-0.02248593321787847,0.19225059468888825,0.001668899710828282,0.23158285101977202,0.2882950243104305,0.1420104081149245,-0.2238571702429702,-0.10154558635475047,-0.19535348202369623,-0.08130289102416928,-0.07322687170102755,-0.16207097772449292,-0.17406975062078547,-0.13425553179238983,-0.24261131716640189,0.049963741422907555,-0.033134774098321114,0.14734157022272024,-0.2076040377162364,-0.09892757578149555,-0.26907112659631166,-0.2441074456103394,-0.37660520167968775,-0.2384825592753059,-0.10406281661013475,0.04936091337573086,-0.12561042278212523,-0.06314864590010393,0.035968617465149615,0.3044433175732236,-0.43331017711230696,-0.1960247193376236,-0.2045075743681621,-0.09312409658548709,-0.04653306643674997,-0.17323674053338514,0.06145133584659767,-0.522645481229233,-0.14315806378613444,0.07381407310895373,0.2186435269379647,0.22545496549344066,-0.2840272721467537,-0.21396977067555298,-0.058679416579283925,-0.2935591103207485,0.39489577913134943,0.4219015516563278,-0.045454230526387314,-0.06155876662454221,0.15237123269118552,0.10040753239858098,0.18004390506658793,0.2541255550195346,0.1209750206986561,0.14169050606756914,0.3738803188900705,0.323394316728359,0.14456066325006,0.28732880079547024,-0.1598155474872341,-0.006574802475540958,-0.19161600614242147,0.20854451700137683,0.3136469276891652,0.21248540348195716,0.20878854497416216,-0.1085055805813962,-0.10713164807915607,-0.1527772295285382,-0.09799565393442103,-0.03407479238573741,0.1816608330840805,0.03232153485963278,-0.19129139259999464,-0.12962049623718266,0.2876048638639132,0.3088069466379128,0.017053059686125548,0.14080374584246658
-0.07122878884518064,-0.029685211014451096,-0.5855114483788455,-0.5963607980878457,-0.4071521465409755,-0.5572878673348544,-0.07418740641901961,-0.4924396828377149,-0.31617916135681934,-0.15234005904882017,1.0,0.5973501887428619,0.8263999750735699,0.4522902047590615,0.02526257661725491,0.03562350880481506,0.3007407586610022,0.2619216804108385,-0.5488325089838898,-0.21006482019247646,-0.28964300126538317,-0.4585750463322089,-0.2536330062910126,-0.19024064582694572,-0.0849752937762216,-0.267865500600456,-0.21982588228844205,-0.477227019970219,0.2899220348016791,0.2914208671934938,0.25856687474264606,0.05296001160211228,0.23411145760702942,0.38619432545875043,-0.39082493486969866,-0.2859749789256299,-0.20403888412192903,-0.3349733788480257,-0.19773827630381763,-0.4371721594737523,-0.2630831902319855,-0.03670095271794704,0.12573025834649593,0.17177075882622972,0.2353196599533569,0.13229959310055622,-0.035065312955935755,0.0496792177205023,0.45771467216441547,0.27238873548314974,0.18929316083807685,0.08515441851475042,-0.09699561225025742,-0.15420743855065,0.3256005368485956,0.0750337442445929,0.11016318428668,-0.027607494688314888,-0.006012851024936434,-0.29680299121216536,0.47580827106363327,-0.07392146689420155,0.3313747917020677,0.24201201204817607,0.3152010218933609,0.005536995995457809,-0.3068095108458175,-0.2038560384279892,-0.045263414802091506,0.13350837863681386,-0.2835994587647576,-0.13893474466141922,0.12253320619305201,0.05581794663771672,0.33628144705326063,-0.16375577932531044,0.01677997921622595,-0.15206747502581214,0.2541555981107784,0.353193346532956,-0.045458415590607947,0.017506559371285615,-0.22999120646410637,-0.26445388820238125,-0.10069424099390212,-0.05015539744866409,0.021927998891539305,-0.2947493338552413,-0.09220208129478287,-0.10887607620074348,-0.22973164606571697,0.06881735173481193,0.021125300461309525,-0.21205844833542722,-0.4479313427141961,-0.27174436458646395,0.12785729494525558,-0.2740136591178391,0.2888120474305647,-0.08391746301689577,-0.11809458509447321,-0.16505448669785125,-0.33725097779586405,0.09622445701314186,0.20668094522635652,0.11970885448405366,-0.0931085877654189,-0.16599087577355004,-0.22016657880320456,-0.3202072197282113,0.16609268752386894,0.09203411595181692,-0.3451833202970093,-0.159406370890485,-0.3837344480088846,-0.27193148350670865
-0.20459114983130433,0.008893703291354188,-0.4908059749841696,-0.3527509957091817,0.017922792518465763,-0.34063123739194573,0.12543012488257688,-0.2094550177529554,0.14625054913559485,0.19856314108469264,0.5973501887428619,1.0,0.5612648374895715,0.6732758499162126,0.24568567277833833,0.3020633652066364,0.028515511319046713,0.20648650640649915,-0.5424273323707252,-0.3125059870439837,-0.048903050374633925,-0.2133323054863706,-0.2746815410335436,-0.09778290113025428,0.18419271273482585,0.0020461768717851174,0.13979678302956366,-0.2665850255001406,0.3348976455093964,0.43475789149226995,0.3393583093512665,0.2838524786335219,0.11270561615308822,0.15667667572117389,-0.4858342358761614,-0.3450738219989708,-0.065298830016901,-0.06628294609375222,-0.026459342902517353,-0.11614334031173745,-0.02554902215970966,0.051003122855505914,-0.11598167108804275,-0.01252205898410084,0.08785091926149123,0.0574904068955617,-0.0614751322361479,-0.1304529241844708,0.290971338715002,0.1766475634236755,0.06058722946964681,0.21908316411788517,-0.02423918603838919,0.10155251942640697,0.10750995753437162,0.04657460900194551,-0.08165180394657039,-0.188631442558591,-0.11503587208381662,-0.2977927623918104,0.306896251318803,-0.042897098056399,0.22727732303473913,0.3417169813294537,0.1518544353095203,0.10692601011754334,-0.4673752134153171,-0.3705867687945199,-0.2204968349202735,-0.056623969263194185,-0.20244148907637713,-0.04883734985531657,0.14920571289370346,-0.19217335265035887,0.07773290672334349,-0.1588419317013249,0.0889696433341427,0.006860065721862569,0.10599889088013922,0.16485049594548362,-0.042159775537110825,-0.06545274656124327,0.024654439782750476,0.20012711571204608,-0.19361663586616343,0.08658272566166622,-0.0075534132728802385,-0.02978576911844191,-0.2156203997696906,-0.11270746282300076,-0.11156694110312979,-0.061703276621787685,0.18741610987291132,-0.09017524752707383,-0.21308241752973514,-0.07164674030524039,0.04755420150179335,-0.1723319895565063,0.05908772025234608,0.05224663765208839,0.11964185896045583,-0.10209117044992295,-0.10480233242606411,-0.009786248255981636,0.06116585482447078,-0.10698258849462051,-0.22728540764788432,-0.104566005346502,-0.06008528031000544,-0.25388570031361574,0.03234080702698239,-0.012201270263472733,-0.20451059639886132,-0.12271897582369401,-0.1548808234600973,-0.09235749264602232
-0.2820803285807543,-0.13820582550108243,-0.5364496265847595,-0.547081818713701,-0.25218025283741097,-0.5601981078527316,0.20293315477805765,-0.31375005595052935,-0.2561081255557765,-0.02765550509708495,0.8263999750735699,0.5612648374895715,1.0,0.6026666255017379,-0.07954343686175587,0.1354897148937052,0.20966460918764396,0.37427348220999196,-0.5162803429142581,-0.32978650287384437,-0.17736302371010176,-0.39288838064647785,-0.39431850755254283,-0.24568756911629575,0.0013858871315507654,-0.11868887468643524,-0.1202802349581608,-0.47652581553952583,0.19021037272729427,0.47334902001850865,0.3925959310035379,0.13104279761338952,0.27444134067784365,0.42990662254185064,-0.5280390653386436,-0.39063464495614586,-0.2649431403741004,-0.27978371744935504,-0.23340713259658066,-0.362952363169058,-0.23050786700130535,0.02313139082951422,0.04625633834683529,0.10708943119647205,0.27487418156953397,0.22040125625022478,-0.13553008763756597,-0.08094973390685223,0.5252919301469942,0.3726227241762192,0.055243551070836935,0.08886537474829624,-0.14986589665547753,-0.15618074330998713,0.145927685928595,0.07381944619170092,-0.012503107942468259,-0.12550923948084916,-0.025710599526226813,-0.41627967343449235,0.6336480459365301,0.022323563298592933,0.4343631502280505,0.4076476609692387,0.4676287067428062,0.10759619877785247,-0.37114138320397827,-0.28261341021168446,-0.17438358420701602,0.06437956223605155,-0.10562105873202512,-0.05152864080370244,0.1994585425829176,0.0723719774916295,0.3016397574210803,-0.1385800576779157,-0.08252345284904344,-0.08761169704470324,0.24677035066720926,0.28898425690703095,-0.00820125489424004,0.03379709415738263,-0.29202558550519553,-0.1995165841365223,-0.37186172278208146,-0.17390806356799393,-0.14399069118825825,-0.3825330108817135,-0.26512542479158535,-0.13169123735333274,-0.1305816764978686,0.13496803111143593,0.0868231291161408,-0.10659532866525227,-0.46299185848989444,-0.22750186100945666,-0.014671414352544564,-0.4032403485366857,0.21126769295041362,0.05414368669425214,0.1576973493104215,0.006019826097872729,-0.0711652729952378,0.1724470726547118,0.14977148676431012,0.033571471085391186,-0.10595314935369761,-0.22482147171141315,-0.2549368909313449,-0.35485492126398,-0.020275126438058875,0.05121580754604309,-0.2497665879891451,-0.09042936430418601,-0.4114124514841575,-0.15842289247986105
-0.288312494911339,-0.0871422120680318,-0.44810011934370036,-0.2116495154694422,0.05127793398810581,-0.3304041079887228,0.18009412560138288,0.05483180633964726,0.09838766152319209,0.057629906345970296,0.4522902047590615,0.6732758499162126,0.6026666255017379,1.0,0.08672334700868166,0.30530596477361066,0.15073227949400306,0.26247430430695196,-0.44761800067607227,-0.280558883145157,-0.0983099858061932,-0.32767638387101106,-0.34007715435081587,-0.12487601875018578,0.05663184867564493,0.02248706990483999,-0.03262152603380614,-0.3398663483867402,0.18607165034941778,0.3653195355255444,0.43847609954443567,0.39185347638933643,0.1122390570645955,0.27606713891700085,-0.33175551291330585,-0.18161171544810273,-0.22086843339429676,-0.18992189399391687,-0.13782632093154457,-0.15071798884036694,-0.23767498384107053,-0.055931165728085354,-0.20823720663673445,-0.13348474751386324,0.01994252622878799,0.028287789607473003,-0.28851769176094855,-0.2942963133342282,0.2231848670995159,0.12700928362177008,-0.04433324223203668,-0.022906734426395,-0.11849875725131069,-0.041227546944245796,-0.11757871496843973,-0.30534526341588597,-0.06396763898608006,-0.1462677000303676,-0.14171983099956473,-0.40210336056479845,0.5449714705393318,0.22518914282519611,0.3618519662088787,0.46965875331508633,0.39072043954890595,0.3248475374129366,-0.4547972628886852,-0.20321152161327177,-0.1990841124105486,0.024489126932089177,0.02421744948412564,-0.010551171564739302,0.2115904277361945,0.05930087150686146,0.26925283552341095,-0.0750804821170492,-0.0950211214883021,-0.029930357290046065,0.23342727696966212,0.040855275769713276,0.009180287717502187,-0.068774980848766,-0.1169567889065722,0.09469147326708689,-0.3571189471211086,-0.09931515131455053,-0.23364472555993288,-0.2662632223921782,-0.19120396177484603,-0.015550815004727271,0.03165571991014251,0.12952209820096908,0.3302281448317913,0.0035361104491031595,-0.26855562002377936,-0.3399389961488988,-0.3439413327301961,-0.3811719915301489,-0.0986917325867232,-0.06020347128279017,0.2088195653821319,0.020434113209623708,-0.00813951257224155,0.03189178880447795,-0.05921350876452463,-0.05461788070331756,-0.2461192944778407,-0.18277514513042376,-0.2641197924267953,-0.38123545925614094,-0.21301917675401225,-0.09503304373986794,-0.20103160594473546,0.14382605684142624,-0.02867688252619158,-0.15833649442212153
0.3144198813480242,0.2395802734794596,-0.08831432743288489,0.06473545906694941,0.653520224334086,0.2550344516308823,-0.1332184582329567,-0.09266094588732432,0.6912150111340711,0.39364590738151733,0.02526257661725491,0.24568567277833833,-0.07954343686175587,0.08672334700868166,1.0,0.44923427015969675,0.007397054347184302,0.07602187448094024,-0.06969527046870251,0.2445111845271472,0.21719778892924343,0.2344846695455317,0.09878083445401742,0.22011283094489414,0.17319232869339835,0.13641194762282566,0.559181499174512,0.37581458903959586,0.349794344131267,0.11087241572188385,-0.10735658743391792,-0.018384739797316196,-0.11480003941402428,0.1451401614169656,0.041321409867788955,-0.10669211556565208,0.26729916157330735,0.18066134692328292,0.020788240455694565,0.18482952153076307,0.19109467107914832,0.2778917470403462,-0.10796231256709587,-0.02606093078814022,-0.24641479440942315,-0.16505774255726874,-0.15176690712324958,-0.21791578622963156,-0.47135554209217767,-0.40019121073804226,-0.276802971298579,-0.2926459002862803,-0.30773509613347705,-0.17018789170442156,-0.13401649843406852,-0.1827629771196539,0.0871873414760496,0.2898750144921769,-0.334445572993319,-0.24787590411497376,-0.04131501751151401,0.14137968621497848,-0.31894685889023583,-0.1942608621309842,-0.3200010525147037,0.030147761211283732,-0.21111351105073278,-0.1281848205830739,0.21291058233870544,0.15210417534297213,-0.35511001868180614,-0.2929364021080026,0.21682448859626094,-0.2965015581372959,-0.11730829277839527,0.025253989024128818,0.3556621142369469,0.08150189430593424,-0.011651156784606346,0.0954188416431302,0.16812682185910816,0.08190436757201175,0.3507404361878618,0.38607882684359013,0.30949339661604297,0.2716182000101708,-0.3601821698868987,-0.16129004396358643,0.1759634617566039,0.039410471809380634,0.09741232170677024,-0.23171287188752196,0.14103023839561277,0.20439035009914863,0.28381321441869717,0.2078008405389574,-0.18047683455842406,0.24602812995107695,-0.38577536800039736,-0.19374801301571154,0.121963704293004,-0.021933934479128742,0.08783547787221802,-0.30001815219754385,-0.19830101779301376,-0.3424794549903525,-0.10276847479844535,0.17553957601794035,0.26328214526028526,0.10779234750488029,-0.16627328675039327,-0.12774722762909782,-0.14929960955847327,0.23574369129171419,0.3320985838149858,0.10583993267301559
-0.11229128327240182,-0.08688686661654388,-0.0647453869007292,0.14514657378247753,0.5611003045731334,0.16476754917838604,0.21126850675555225,0.18372517516002926,0.6106182549808366,0.8218870849141781,0.03562350880481506,0.3020633652066364,0.1354897148937052,0.30530596477361066,0.44923427015969675,1.0,-0.1595964398121957,0.10560941658821432,-0.16207806038407455,-0.03527054985917068,0.14018710727097689,0.11123722174163908,-0.021573598543595012,0.017898156240028808,0.4399919556332309,0.3287651397067602,0.3776927385043917,0.04949715244194246,0.2017167435822994,0.3690483907019989,0.05406311499168483,0.0713520768365452,-0.13793843057303734,0.020745177494215113,-0.2565458560932095,-0.32112107343913365,-0.030712136741077107,0.07424860281987605,-0.16978271451104415,0.0692234595254191,0.16514264880393872,0.08595163297772976,-0.1649506598135954,-0.07641966206287178,-0.19255958204716067,-0.13492678806763736,-0.10119140112608063,-0.17119986509154395,-0.08997938057016494,-0.10780323358047483,-0.3349413743328263,-0.008501738645320589,-0.07348062543388537,0.06177778840419929,-0.19160676160931858,-0.2666222111093822,-0.14963688034224398,-0.12780691086373114,-0.32231898109883084,-0.3329892577715567,0.20856563406235284,0.31980524821059353,-0.06423308647009313,0.02320846363726813,0.09442459670616449,0.4491555728071337,-0.5809324018520664,-0.3180244574817686,-0.07595751378967308,-0.030430762628677544,-0.071351862473141,-0.19903865221808453,0.19522604408430883,-0.39031986394652174,-0.014726838559517738,0.15210084796819498,0.20176217425152645,0.3045269369548835,-0.17620455027622117,-0.14506517923270631,0.06548030983214308,-0.23577338146923665,0.3226112644179146,0.44848057548568776,-0.1603699664607567,-0.15557750201165238,-0.0806272792894855,-0.011346166990431766,0.16123823440060156,0.2942617013158857,0.18083043216973013,0.20865803555100979,0.34798725193684643,0.12905558838233736,-0.07051257041162584,0.109137298972357,-0.33093670893392807,-0.05001163993940268,-0.1785584451318175,0.11317097044607408,0.32780676395343616,0.02998042779849456,0.11761811437713622,-0.2087753472793896,-0.19843389908358783,-0.212945966870681,-0.22244120406178577,-0.06747388207376633,0.029448835237314747,-0.021024960132764142,-0.3832501504673308,-0.12274323592818494,0.09206622779732689,0.26491187988540893,-0.09004729780614264,-0.07408485267772927
0.1578963987528321,0.20909345817182778,-0.43034881282269055,-0.44368878650149113,-0.15637625378800002,-0.22490612079424854,-0.3339216824914571,-0.4553757045750012,-0.12619989034465404,-0.2875184854744699,0.3007407586610022,0.028515511319046713,0.20966460918764396,0.15073227949400306,0.007397054347184302,-0.1595964398121957,1.0,0.5686988697386129,-0.18862617453982577,0.07521110134181126,-0.22303352300232215,-0.45430510488618464,-0.33691110491770826,-0.4341305623385422,-0.3142650388095068,-0.412675808232607,-0.3346279526923458,-0.29845428402750307,0.2909145195340179,-0.05753539266980707,-0.1029598001455631,-0.1461686321277746,0.27126926801427736,0.2327983531131074,-0.031634723292646,-0.08300057864766752,0.26015007265284146,0.0036624429739790594,0.12570025768908302,-0.08962953830756783,-0.0623629904716993,0.05464277001820244,-0.03229323550664791,-0.08492248577657797,0.06806511391815823,-0.02976493843635785,-0.19891539754461346,0.02889442912559378,0.18812578751579062,0.13974274715503796,-0.10565123079322439,-0.14174489967725096,-0.08855550071441408,-0.19705468508613694,-0.01682969538554253,-0.14269066535976987,0.580264011714241,0.49467895278306456,0.12519883797542355,-0.07584763469817375,0.20926959630331715,-0.06157878724009555,0.3110630500669412,0.2681467022351072,-0.0011093803421577996,-0.12298716127601295,-0.000441159519971269,-0.08309030123195085,0.2299589822456289,0.17238934979918957,-0.052852310870162025,-0.1403323981178407,0.290417549845782,0.20618894138651322,0.26694383624963763,0.10343299945307852,-0.029962692104406483,-0.17046073908625686,0.5800265958150221,0.49806830106675726,0.4535111519292158,0.5644208956612518,-0.2578114852721357,-0.21536133059141851,0.01514755466404068,-0.019548794197432676,-0.12156079818548886,-0.0804319440947387,-0.3149017196242253,-0.23073942362568117,-0.32433111636282314,0.24239940974700053,-0.3379160858848733,-0.09906468596915063,-0.24204909556999293,-0.16935609055624495,-0.10476321043887503,-0.16483518771460773,0.11529409495669543,-0.06733898390415005,-0.1060855196707002,0.07178423235351801,-0.031945927511258944,0.3499207084963711,0.22577801154171334,0.38825379405798177,0.13063333298045407,-0.028465608342384825,-0.22443929318082906,-0.23010364661810676,-0.020985213507868666,0.16977890626437642,-0.020866796786658634,0.08387090690973877,-0.04427390286941672,-0.10104183204219166
