1.0,0.571405474001133,0.1304766287385917,-0.0676796790851091,-0.3272075168253401,-0.3234198444671462,0.11679191544488338,-0.17552788279599305,-0.203699023647421,-0.31876318572753515,0.1367526920391074,0.15630133432966095,0.3492483472113542,-0.06714855648464664,0.0026488009761216048,-0.03018994907645749,0.4476303848220495,0.42091011490680846,0.09137601614560575,0.3736121212885523,-0.2145990510674655,-0.17419258302132035,0.03936577567266792,0.03922798419931211,-0.2750762688373048,-0.4435772555605136,-0.1721520006704153,-0.44139949882055085,0.13344753728428885,0.03724244544346874,-0.12742801727891104,-0.41076013429787095,-0.19781501043066765,-0.38065124044328785,-0.21559015011167468,-0.3547011786754147,-0.00828737843827527,-0.11368747933912379,-0.1196054932360811,-0.09011637381797812,0.0031364755354855237,-0.02322180783131245,-0.19448678732183663,-0.22780111149953375,-0.2752467004306547,-0.39362611794450003,0.024340808732493543,-0.1386562475491495,-0.15371113394417557,0.0014853624535296603,-0.14786151333490913,0.05616548806852378,0.20822906460568819,0.390613926947023,0.024110035697252022,0.02113573839973733,0.6875161097307254,0.5525031474679791,0.16889106886892125,-0.05558662093782048,0.11125103659353236,-0.0627762228113468,0.08248185251417882,0.11933547530667855,-0.2036714143760431,-0.2012375507682314,-0.2368099496822727,-0.39889919738757595,0.26473165023576295,0.1298009019124605,0.04056804375778833,-0.1978708454150684,0.2675068256289569,0.15619558307711778,0.1817947612160369,0.012144424993629466,-0.02929596703959367,-0.048342170696262746,0.21749028966938044,-0.065289651970916,0.13602418363189797,0.24163895964884363,0.0008979963992853791,0.0024561108560037285,-0.13564335211025924,-0.2615599135583912,-0.15564159273643433,-0.04089169018469532,-0.24936590714902002,0.07771103896186549,0.11564933892637343,0.11240731437935565,-0.4107009958082375,0.12609149785527282,-0.21289619705172347,0.1882298369344187,0.009759716341131966,-0.027443297372847678,0.004276772024169116,0.1125819430690962,-0.04894122548089168,0.06996109894959938,0.09988382098618119,0.05086404132954482,0.08884257748665719,-0.0667846190888391,0.008744701973144054,-0.07735569480616498,0.09533403584411193,0.06869168741776527,-0.1466001135356075,-0.30892594533018886,-0.20711485039079827,0.09479075860094227,-0.1552221871654017,0.16196307073662497
0.571405474001133,1.0,-0.08115304071300533,0.034857462041969094,-0.3910553230404763,-0.35617234072897175,-0.13368603069625923,0.07540220048214184,-0.47016642936057657,-0.22074490137584596,-0.056690801117220954,0.14244022904564344,0.01955285115819372,-0.16428837676877428,-0.21227003529535002,-0.11007666938367652,0.23564236007171607,0.3817629556181814,0.05666695066325719,0.4628363047729991,-0.4640003678388304,-0.2880380752917904,-0.12580324509154595,-0.23118185548555875,-0.42005771409382153,-0.5054949421957238,-0.16306310029797952,-0.40299131491419693,-0.16847402722110075,0.018062013864523656,-0.17140570952557235,-0.39789291962810364,-0.13887086931066056,-0.47655820473568583,-0.21957998535315199,-0.3041359315364764,-0.028621851036017734,0.13079935375140714,-0.2211310540847112,0.07884234825879703,0.07213360246306764,-0.16828349921973246,-0.3846450670629747,-0.28270543458792685,-0.1890368814252394,-0.2420662777623851,0.07535740400741518,-0.13023351871048247,-0.1387868763900841,0.06907414422637888,-0.2460527124856715,-0.08107460233690394,0.3251611644208954,0.24198094068339515,0.10616765652232718,-0.11665167783184194,0.4566378056346255,0.6370020487127802,0.22927532386974422,0.31472229341101915,0.12464263017719333,0.3587864143603914,0.13065863196337357,0.40543655026705305,-0.2230463102961657,0.10128984097310069,-0.17435229776923633,-0.27817887076340114,0.25809117415596844,0.28788139688283076,-0.13981206536815285,-0.2463537885181517,0.024958191557200922,-0.11038857831151384,-0.019828082805608663,-0.30311317535030563,-0.19020279117705857,-0.1350287250515454,0.11184621498089493,0.0655673126527503,0.15485273314892675,0.3265737663136541,-0.04685382338447432,0.07261430735591029,-0.303964941335793,-0.11036536548859399,-0.012292597272863694,0.11762418364814588,-0.2515189292875269,0.19305204911477544,0.3216358997957457,-0.12132587524626617,-0.44421282842195703,-0.23812420642639154,-0.14688796474401877,0.2776468171627853,-0.051364373764260444,-0.16633603443727984,0.023965373829653077,0.08908473907463187,0.19272732082844743,-0.1403609167202995,0.36435057129110027,0.09149600158529733,0.17852476856444838,-0.16011741755046793,0.23352548208540724,-0.06327664795614495,0.14466088807032595,-0.10497922322703207,0.021897189532775065,-0.25989542782675484,-0.22188696408213476,0.3215542109653436,-0.22991388575876973,0.07867062365767141
0.1304766287385917,-0.08115304071300533,1.0,0.3985578528451608,0.2069546976352647,0.011690309342143938,0.5968257374265926,0.4591647052876824,0.19402408709262078,-0.02323035177737699,0.1739249208819371,-0.45250250958002863,0.13646879210227203,-0.26834076872212737,0.15186288228570885,-0.42123848463564456,0.02983207916729288,0.08486471828642224,0.5159248088862644,0.17519060797255914,0.2593068462624788,-0.05503971976750424,0.5380051440822249,0.28236634377653286,-0.023405803434626254,0.06661645646255634,0.014963909802439767,-0.061293266809178876,0.014061538054486764,-0.11890463220174798,0.3248431971755236,0.27998851532913077,0.2312614183545861,0.10894857323933772,0.05084086269962504,-0.08781797929205463,-0.20685877574711814,-0.013324887061485173,-0.20429452457921535,-0.328203981543716,-0.31285257054003657,-0.08384016727888675,-0.27929903755623253,-0.2675107633774506,-0.34680582235771146,-0.3760744545073004,-0.23897520222191718,-0.23969924494097283,-0.4947894837576366,-0.2990604967600337,-0.34824071907972753,-0.2506255234187927,-0.3502427123597283,-0.13832849663508817,-0.05071402052628048,-0.031626169971488705,0.0190992163250085,-0.07209525800185865,-0.0960935209448013,0.023899716524177345,0.03423891401273187,-0.012215280289542624,0.04328559111564793,0.07003483853593259,0.1734809187515365,-0.18704177012646392,-0.01383547265415545,-0.06345537871142504,-0.26705857602959715,-0.16573304393656002,0.049376998917733506,-0.037934694983016506,0.07921423967063147,0.043478806423909264,-0.09629742192319303,0.07416063189600182,-0.12948151371372665,0.05789731010805704,-0.28772364728949756,0.08152424405834649,-0.1312620701914519,-0.07969208099269917,0.14200827602816618,0.005099418898369339,0.0452324258725461,-0.1542473426451428,0.1509162954426351,0.01872428947427981,0.07682325041420335,0.18864614091842025,-0.1214568206057887,0.3846337143301503,-0.0712893203335053,0.18052394157382895,-0.40637608721733426,-0.26217308136055745,-0.2412816902996164,-0.22900145564681892,-0.0614081265738384,-0.1146669020426067,-0.011870714064055855,0.003585401030409487,0.13030426173572274,-0.24522899113052304,-0.14651386040718697,-0.3111159268006995,0.29791560022681624,0.27809204296446866,-0.19947287687148593,-0.2407916176128252,-0.08338589603236639,-0.036193567812036406,-0.23061071243772266,-0.12949045148446336,-0.2793400991472053,-0.026266283445380068
-0.0676796790851091,0.034857462041969094,0.3985578528451608,1.0,0.1426798975893582,0.018745408048768022,0.1635259886070753,0.4847953860044396,-0.2583104287799834,-0.07969394883081249,0.1776089775594974,-0.22788747143170282,-0.06808462744549867,-0.13463567716025102,0.23777830063936506,-0.21877034600086226,0.055565240335144414,0.002926491381851133,0.3769352532669588,0.24804307839183376,-0.02473600247306148,-0.023152898845184917,0.49616166581249077,0.36221719444395334,-0.12912045783605317,0.16037516628509588,-0.0679194500972225,-0.07142258036652259,-0.11403485242142836,0.1118356521879596,0.48644334604219014,0.4611400968747353,0.23212314187272243,0.028636622376856016,-0.09842561996359012,-0.1567512808180326,-0.16857479605616305,-0.08364945923367614,-0.16665820800917605,-0.0010853233105029593,-0.2017480191004602,-0.04611203542894741,-0.27225335380517207,-0.25486386877839595,-0.1334628862169755,-0.3045220540382882,-0.23291998297674082,-0.1964322264190859,-0.4094454090840739,-0.14644714477486814,-0.2825726121561971,-0.21566730356927513,-0.192130403084244,-0.10319988023342117,-0.0984405273272307,-0.24214210497954156,-0.038320877025243755,-0.038204368845963184,-0.24705536899590078,0.04383955780310697,-0.29177062587337965,-0.05147241924837468,-0.05325360862878935,-0.07687245232103,0.06970139606107685,-0.03247493787480758,-0.2648255512440274,-0.18728941136456592,-0.19073842387410928,-0.10465593603543233,-0.12527156936265693,0.22420972484987925,-0.11353233558025463,-0.01601293562402862,-0.18079403953240944,-0.11433865379296754,-0.2646373877142736,-0.10654541160042158,-0.015519622581453603,0.1953622457941311,-0.16899007693505685,-0.021115603410148582,0.15265487943920975,0.31881858734155133,0.004904705520195628,0.1450774249456922,0.2652877790961315,0.35569677803574107,-0.05063038712338529,0.05736838177398609,0.0025350168813539,0.03122577734718524,0.1505931475319309,-0.13654033758785228,-0.17369903511205134,0.10646186826714199,-0.25946200248968426,-0.06646919731431136,0.07083391379947748,-0.15774720108594847,0.056357352733126725,-0.15468414859089544,0.05891653168237425,-0.22990056154741548,-0.206202151303896,-0.280459465043915,0.11215521468069642,-0.14309978330205478,0.168362212526813,-0.22829115251291413,-0.08327005187656787,-0.10421054350965307,-0.170613300044011,-0.05792662205662257,0.002889572174021932,-0.19588504267327345
-0.3272075168253401,-0.3910553230404763,0.2069546976352647,0.1426798975893582,1.0,0.7164222882051882,0.18777458754867063,0.07928489716194712,0.5293630924924868,0.544905656528063,0.08061747834252966,-0.05007789327778354,0.06835225487949932,0.11449648271105874,0.24335505892121131,0.2897470499590629,0.07940553431772833,-0.07664105552095507,0.09113617075634245,-0.23039410917760197,0.3233830860203904,0.32607743354051816,0.23878339350742817,0.26214502998497563,0.6234160814625009,0.33883097717172167,0.6090323218555078,0.673463994386931,0.11995569852393062,-0.12321604181245484,0.20137491237516525,0.2230062116179096,0.16742920876213355,0.2544313357488182,0.004052205137661088,0.09438967356056957,-0.025244709328221555,-0.04404587732441275,0.07461365497245191,-0.03707092353496917,0.11839702853648254,0.1453728559673024,-0.029863316529965874,-0.08022946327953057,-0.0492660673916566,-0.07014521451825595,-0.14007162338552914,-0.08941636557137321,-0.14825191915420757,-0.25914641698062535,-0.16248963468701774,-0.23901091786696976,-0.21284337566939632,-0.24785626192997656,0.16654914035968682,0.19946815290496772,-0.1733798057235685,-0.16137241739929029,-0.31281896486456856,-0.2940910907490447,-0.10200960283864016,-0.20015397429359913,-0.12752462063009384,-0.13053232568860704,0.1192280775177629,-0.045345735281290184,-0.032267030181858954,-0.009645398875939702,-0.21471233226795222,-0.14205616144581365,-0.03658631574361452,0.02860387495008684,-0.07265017144357032,0.004002519776674904,-0.13176969469982736,0.23088763528569037,-0.06514603820280175,-0.06494434560970967,-0.15321300399189003,-0.16325201110119783,-0.13282525711617743,-0.19288090918711256,0.38351570362701076,0.3730758925971782,0.05086012404430352,0.04605887965517813,0.3188162793765457,0.2986769033618764,0.20557026853034127,0.14502956961302774,-0.23892641052341576,-0.07504249634481458,0.17230936709341252,-0.019200135546094645,0.020936154179795476,-0.11816057602908951,0.03261707755877011,0.21020772948995703,-0.058767045574862,-0.0903602685890387,-0.08390896671662816,0.02523460418495995,-0.09856838448597961,-0.1921277768239036,-0.09944941881998566,0.12105964504963965,0.04446971931202472,0.07399855173789056,-0.09686199643417856,0.011894641709519604,-0.04947764760992245,-0.12600654433073932,0.030844079231561485,-0.33126612525855154,0.0340441452813856,-0.004743886686233592
-0.3234198444671462,-0.35617234072897175,0.011690309342143938,0.018745408048768022,0.7164222882051882,1.0,-0.04451239480245057,0.04130431031447442,0.4122360947500386,0.7131572038333738,-0.14335783712009317,-0.02695100532154,-0.20957559843761506,0.02659361338635037,0.04498162548298122,0.31977575980688383,0.10908199959266228,-0.0732522019116791,0.1363893388873334,-0.25473619762432775,0.34710922937138305,0.4089413842820461,0.042410268877582126,0.06614606474454857,0.636312815426674,0.34014240163471504,0.7420236600544378,0.702561089083362,0.03201551985044267,-0.1267654097865836,0.04283488660239457,0.11525589630529633,0.24164803453875855,0.2585889080860513,0.04727268901721591,0.1298622042291074,0.07658653591459258,-0.023926669333876795,0.051540969540661605,0.12465506434883777,0.14767310044322693,0.2461395938359339,0.042832822016791734,-0.01790252713346254,-0.03129372145054549,0.006818024831481249,-0.15957159118445857,-0.09810977661568818,-0.04665883335368443,-0.16356873378761547,-0.031902505114770385,-0.11219193257780131,-0.0910741831538926,-0.08088612172001622,0.18028812517072054,0.145358749728749,-0.08865463399158907,-0.09928720488473275,-0.24240497452475745,-0.2878943794957683,-0.10451154801550878,-0.13813607900319438,-0.09323955745448592,-0.13561240294229054,0.06451755957306032,0.0074259835723645825,0.005860091815485968,0.10531792156858213,0.06181943826786607,-0.03303544611122632,0.01606500543437419,-0.016411461000503013,-0.13668554176751216,-0.06939145245574563,-0.031612848755481926,0.13720629461792921,-0.0384803970134985,-0.064357841000509,-0.047329340526155915,-0.1402876340098428,0.05215799148445243,-0.05754265245217782,0.4128433068086192,0.3720854883503118,0.1526892064258001,0.17390570550048218,0.2234769322985384,0.18441693764220973,0.07749889136603184,0.12197648911608276,-0.18586810656524194,-0.005428813745505124,0.197101713969636,-0.044127080436502236,-0.05113442849519403,-0.07018899993136446,-0.04652136915058119,0.2049634090916555,-0.09202316549537647,-0.11386008792533549,-0.1416441781155509,-0.1684705511940591,-0.16572395142821347,-0.2742153022937763,-0.23688605850799213,0.01340909377557286,-0.007637029464157297,0.011219059148136404,-0.10220516131290625,0.0519567337017117,-0.11299225139963326,-0.11369867541793394,0.1841263673868649,-0.11451203610539244,0.020656508421987796,-0.04206721168969399
0.11679191544488338,-0.13368603069625923,0.5968257374265926,0.1635259886070753,0.18777458754867063,-0.04451239480245057,1.0,0.22952641045187142,0.27860303930577923,-0.07455650488593181,0.4245920021458595,-0.05627847997873201,0.5097063064843105,0.1360346931242626,0.19120018691948895,-0.07170475078976365,-0.07891659586937075,-0.05321271910925066,0.09789421058156164,-0.015292567402990159,0.07475187670015437,-0.1022270171344961,0.44941157759339045,0.4435118374076657,0.027508928293119864,0.10749530344164848,0.007847603689108577,-0.07956806144293423,0.08905224494766792,-0.020166874523186572,-0.012775381457482625,-0.02351871759465156,0.07844981039172337,0.13179892606400267,0.1754314444894052,0.10160936662134339,-0.25840849285517786,0.1063728098000242,-0.06551627781303608,-0.18655448933537427,-0.17356155075644217,-0.1657361829475458,-0.2866419626017842,-0.2868672676404315,-0.3910727942195567,-0.387540623664054,-0.3314914892635461,-0.32568454111193895,-0.39507563569986465,-0.45670138775362296,-0.2683864133188941,-0.3039231724221282,-0.42233833085244304,-0.2711863864772691,-0.02014836480867878,-0.16170307524964203,-0.056430398480974,-0.19627779632682557,-0.24305750261303022,-0.21744049976500912,0.29025725708972544,-0.1648490367209907,0.12523995025820608,0.06954200824080145,0.25380613767285537,-0.04607643684107851,0.038729853075113105,0.09914194016558046,-0.16001824894657998,-0.2025667891030273,0.2692000830902028,0.02108483427108236,0.04594408607021425,0.15122123364348125,-0.027166928164670492,0.05499117774302013,-0.1954310437625275,0.061662556350656816,-0.11013745070429455,-0.1088892876567059,-0.21019338042096927,-0.1173467400884231,-0.05067715660232877,-0.19276385523144163,0.11029340044667864,-0.10944887220701219,0.062280433915563135,-0.04163367945323259,0.26102984697353093,0.17658266509054774,-0.1662485926686631,0.13436733056573597,0.03715191537790096,0.301944333655093,-0.2722956528964829,-0.3008803005067232,-0.06604191752670843,-0.18891172957109545,-0.21845718887387422,-0.21597241264650932,0.031769730552369244,0.0543635075550176,0.11133388658596427,-0.21860052138733685,-0.07170578288141463,-0.2001916984409779,0.1551366914453781,0.11448515307935794,-0.20984482005001953,-0.15464237433850825,0.0071443055175393205,-0.096087000569074,-0.293963649755331,-0.09040564165571746,-0.26118891432963776,0.05470867270714288
-0.17552788279599305,0.07540220048214184,0.4591647052876824,0.4847953860044396,0.07928489716194712,0.04130431031447442,0.22952641045187142,1.0,-0.1654319099626811,0.1687196980778005,-0.1773217307965867,-0.1106596639991888,-0.1478881825199491,0.06534293366084774,-0.16425548302688991,-0.12097524146398113,-0.05318836149363166,0.046480399172767105,0.124561300370071,-0.07267430955643715,-0.09677348103729526,-0.11081321917735165,0.03863319579923614,-0.07275524854112611,-0.22047923634073457,-0.04980093966361155,-0.053451237126763085,-0.15790477930924834,-0.14302977470049374,0.1814655821609622,0.2985672077494573,0.33985365984536464,0.3465485022682196,0.1964666956744722,-0.0784354613789991,-0.03435485962481822,-0.013552255760404282,-0.1262642632819293,-0.46137973826323125,-0.1256406617001717,-0.11382924959367544,-0.13223495387984596,-0.34423469711117666,-0.18508646764485812,-0.1930672146143682,-0.15787948085893772,-0.2827716717357824,-0.20520509050296606,-0.40381020716917093,-0.08692300414221095,-0.4130575203339955,-0.22765764617137638,-0.17066105771961185,-0.13404075061391943,-0.14613665595754347,-0.19958961933002486,0.005970654057120457,-0.0644263388910027,-0.13687867154635783,0.31985122337860755,-0.03758386187645884,0.44669306312537665,0.35062654255783793,0.3337917168239004,0.15523414206319985,0.12697735002157381,-0.06486266380208036,-0.07285028647073238,-0.23925111287257678,-0.09373330783240055,-0.004341853464311988,0.18272343201940155,0.007805336050140407,-0.016361068936791207,-0.15077975932105653,-0.18498217082363574,-0.1851805378912287,0.13334043809241788,-0.1465031590705099,0.21154352539368895,0.04592281020361933,0.07928798718346902,-0.17760548908269008,0.051636211915550186,-0.11032979554882574,-0.11594920238605344,-0.018888905866026547,0.0811251485387057,-0.22035509872886824,-0.007854523045440858,0.02841512609668815,-0.1509603208767488,0.0970860420482946,-0.35664482309404394,-0.25290191407371404,0.04111778905531676,-0.34401512890340025,-0.24325150443141,-0.05636315415758471,-0.18202046573225605,0.24263740361361882,-0.1774061994742756,0.32333631192912965,-0.0828382344031607,-0.0863656827270966,-0.3345331749197063,0.3692683300094509,0.332604181035554,-0.03716187563561277,-0.32273684480449827,-0.20163754543794885,-0.09196819748998826,-0.18898350392214,-0.12123577240372262,-0.2416316988400558,-0.15387543507548837
-0.203699023647421,-0.47016642936057657,0.19402408709262078,-0.2583104287799834,0.5293630924924868,0.4122360947500386,0.27860303930577923,-0.1654319099626811,1.0,0.5718787505531546,0.16144651089342243,-0.030960341451502518,0.16744392005572045,0.017169988642836465,0.44175896643632206,0.3057816954683141,0.04771666648648917,-0.150286921862994,0.04528546166239336,-0.1465427676592474,0.44544948363979336,0.3372931312205985,0.20927125967614965,0.2653094115268534,0.7226372127631856,0.3045638094688396,0.32822622413558034,0.3588081318557326,0.15638452215438348,-0.17796524034749736,-0.028853218882024797,0.00915232580549506,0.006568742060834894,0.41241249085972514,0.4141014388190075,0.3345317066893156,0.13854479124847704,0.03978526965236099,0.10760960711638898,-0.2119419308603427,0.2097225304276777,0.19231513605616302,0.12956577220478332,-0.006789176000520862,-0.20765164813076145,-0.120034733927406,-0.012006272770946838,-0.0329403345595658,-0.08817661393896938,-0.41142946891375665,-0.033647007573879284,-0.28882881408975203,-0.23434241135035755,-0.1870054835068414,-0.19727866518226897,0.05115302525640186,-0.14948319868917523,-0.16356024975982275,-0.3184954421562269,-0.4671579695835903,0.0827573125784615,-0.28162396729791483,-0.2852206765657495,-0.23446066271440322,0.12986945780175818,-0.04143230222149651,0.06192845830524694,0.22066699776044943,-0.06112990203312264,-0.22483375694999194,0.1377482285336993,0.008671710744054137,0.04062478559767083,0.07686410854361492,-0.06168669944715539,0.39423628750232753,0.006329157457827997,0.07615422560865337,0.10468389022644489,-0.1347014985243942,-0.016489619211150247,-0.015741984153978438,0.18715807448747834,-0.06767912666450626,0.2618789761721973,0.08848608052646745,-0.026661545594478458,-0.19837416828391558,0.24139751872570323,-0.04826400688144978,-0.3080776130470303,0.10704069242248664,0.3123679247197892,0.2954837394956887,0.05771375395524665,-0.2477937168555072,0.009547149093685163,0.1681204618946504,-0.27898682591467555,-0.17143694982466862,-0.3213686017895188,-0.04006834770818353,-0.3490598810180133,-0.21906800222817255,-0.1259708242286571,0.10824914046431341,-0.21477461120512403,-0.1272105624000582,-0.15145474831633723,0.15828999253534745,-0.027784641800643006,0.007460548671622803,0.12409287378599063,-0.1355848909076222,0.12907666145015964,0.1525016243573374
-0.31876318572753515,-0.22074490137584596,-0.02323035177737699,-0.07969394883081249,0.544905656528063,0.7131572038333738,-0.07455650488593181,0.1687196980778005,0.5718787505531546,1.0,-0.2540867750196503,0.13853859134040603,-0.27969371305341667,0.04062127784075443,-0.04699377056247741,0.43472443837163244,-0.04860665232876139,-0.08750379279199023,-0.03698318668080777,-0.2615262781599944,0.24047407182811895,0.3319503164355481,-0.08323746503790139,-0.0936564179156097,0.661463772762333,0.18719824435413945,0.4774318088857396,0.38977662334936997,-0.14491210172079017,-0.08362783409828055,-0.0662579560829908,-0.03705979518772968,0.20405458868512588,0.17520199222630756,0.1702145549609401,0.2201516152766197,0.12636704891827868,-0.09910524635455979,-0.14421398146130737,-0.0356047407198139,0.19605920207638242,0.06858503470530916,-0.027426090745536192,0.008981576439869084,-0.024259488072523046,0.03429795603022803,-0.11113396497234053,-0.03780710448718631,0.0016107024029459152,-0.16524652734746897,-0.06610119614917231,-0.12719403048806863,-0.10772721920618492,-0.0641168424235251,-0.05005321904942154,0.14475692180157404,-0.05458178200268602,-0.02799445901853195,-0.21143697609510678,-0.17163201477413254,-0.03220858547934277,0.07934157638897986,-0.17582883277857972,-0.11490158884049412,0.1276120417446285,0.264655167804746,0.025697176768803575,0.15459081712429823,0.005554781960930467,-0.09405521657812946,0.04456609133017726,-0.02080563570011191,-0.22910015930388286,-0.20772508041941637,-0.1810183029537699,0.10199100143434629,-0.0348354085748846,0.03782316550154727,0.041699145101811365,-0.0687234601949016,0.037858446671512155,0.012494713039356953,0.02787088039186994,0.10785912970469194,-0.003058345916967256,0.1035730037896448,0.023794790142824606,0.05018036840122698,0.09342007522598307,0.11427637135079657,-0.08387498954223274,-0.11491355962201225,0.272335578542236,-0.19761900357848688,-0.01576606083147449,-0.10544006586660451,-0.07605436063538691,0.12287956780065336,-0.03056259557397942,0.02692279655829658,-0.08570488641099056,-0.20357094982656668,-0.04301203386427211,-0.10013495552026275,-0.013462259214795833,0.05931187604189546,0.03432256660605391,0.0771476286693834,-0.10158612954534554,0.06256143437740096,-0.12337606200554853,-0.05297847651439729,0.11444807835774348,-0.020118016115918975,0.005091102743819107,0.08151478784540787
0.1367526920391074,-0.056690801117220954,0.1739249208819371,0.1776089775594974,0.08061747834252966,-0.14335783712009317,0.4245920021458595,-0.1773217307965867,0.16144651089342243,-0.2540867750196503,1.0,-0.04026189295756091,0.570593289352822,0.08951874183069411,0.6352975686969833,-0.10920944108998613,0.06342574623536154,-0.0657932595421492,0.17031211082074324,0.24341855331224665,-0.08426362903457138,-0.23401956864142862,0.5163387268484011,0.4101289964643303,-0.04794749992148512,-0.027050368051831506,-0.10184620308760699,-0.0329516041061308,0.36681156953732635,-0.09165891085972945,0.027276061684832126,0.12022544712461924,-0.39638472067790576,-0.12553330833760074,0.19222117773366762,-0.008139026543954212,0.005221007479938614,0.07234072914785876,0.08843376820353585,-0.016805477738594095,0.10694090932109075,-0.14957306667150366,-0.3412773196598871,-0.48687795769259323,-0.40925405993193653,-0.5763218243629188,-0.18693384397991858,-0.4751109640427151,-0.3254782612519141,-0.43197096594287193,-0.22128706043466706,-0.27424173336044444,-0.046130099020863284,-0.1118441631920281,-0.08935656789168808,-0.21344850281752512,-0.08126390265623631,-0.20587178511672335,-0.1786114671087613,-0.2779114061649659,0.09510189611021296,-0.24444117785499878,0.07492203649779205,-0.01907262406826618,0.22106601838111883,-0.1163433700067371,-0.33507456063141033,-0.16756153115053077,-0.14264726803257635,-0.10105553043354071,-0.05644679911114578,-0.019716145186966502,0.12840260363552547,0.12410878982469914,-0.03201277281948161,0.03237485824010989,0.006891300373390799,-0.20537919876981178,0.04229524945456896,0.09972141877621386,-0.02163045799702486,0.000806846741353351,0.363834832058939,0.10289345406702523,0.4439311882517122,0.19553964249498446,0.23643594451639013,-0.06066604921595912,0.26394718322430083,0.25743585972827054,-0.19028895444895338,0.3860478871021253,0.1223500861044709,0.5355440642259198,-0.03299221598501677,-0.14465318617159964,-0.27663738566405544,-0.2447321722885234,-0.3308138054973312,-0.37901203907854203,-0.04354119192432647,0.22682838158608287,-0.12604204589798582,-0.12116427892212354,-0.07708710728258301,-0.06694045521927361,-0.1635829958858083,-0.15781755409942166,0.03732780747573042,0.10584706594838958,0.1541393338132187,-0.2820744599343795,-0.14176740411478547,-0.05823519100164883,0.23949908400990527,0.0027005189070668217
0.15630133432966095,0.14244022904564344,-0.45250250958002863,-0.22788747143170282,-0.05007789327778354,-0.02695100532154,-0.05627847997873201,-0.1106596639991888,-0.030960341451502518,0.13853859134040603,-0.04026189295756091,1.0,0.3333489472255724,0.6595544371772254,-0.18266115822096085,0.6945871009513369,0.07086009554564777,0.15315246481691314,-0.5812111366314849,-0.3229558412614988,-0.16849107237212618,-0.09862600282078378,-0.4309292309841774,-0.07595988874252425,-0.07531792908807583,-0.29571127483247067,-0.07297345736593264,-0.10761709365953298,0.1148880611829277,0.3800250551367214,-0.4410113012356957,-0.3665399318741972,-0.06441570314833196,-0.054309469057488235,-0.21169766171464477,-0.08694757616320499,0.13923875655391293,-0.13390580223527557,0.07684158493099731,0.02127224199292483,0.2944667756315818,-0.09241912989146295,0.09799304118883036,0.20803234996980247,0.20136511184568226,0.19796506131601493,0.153168477007629,0.18012459583145674,0.3609535766723087,0.26423261012245564,0.23613974588156972,0.31106809915236483,0.3460627165468882,0.1620386037337101,0.08871927376712196,0.026850042839895658,-0.01870640555640783,-0.07059017868931282,-0.1781655272762264,-0.31393247695418497,-0.10980109475021395,-0.03708217600171257,-0.034560445581734316,-0.059960154175723444,-0.18306226050731278,0.14494772641881926,-0.17811723445896135,-0.2076668340286808,-0.05435199204487601,-0.2022567108205323,0.16699362118124986,0.07166235328969854,-0.04222326778154765,0.010587380170733013,-0.016939526674062642,0.03708881341459359,0.1702221818134322,0.0053950286248663675,0.19943495165947425,-0.06054616739496235,-0.006510243535076622,-0.04004821527588766,-0.30849431046660286,0.005788981226361541,-0.19352415907063253,-0.02861680587313028,-0.2054134241326419,0.11944353609480259,-0.020386316292095596,-0.07498616112444527,0.20044299814171987,-0.4897073673572333,0.17639161892343494,-0.3500859144881319,-0.07582169037417376,0.04464498859326441,0.16451070987993224,0.2378754743291846,0.16214957299316868,0.23100556022825502,-0.06744129403665776,-0.13395400077547107,-0.12368793154154202,0.12068231538040494,0.17116926106034833,0.2241055542060031,-0.16528768083674733,-0.08722857294389831,-0.10395307613329004,-0.045392452413425224,-0.09029291030198099,0.003017086397579601,0.19565888243555035,0.0843437868652758,0.05222467831172052,0.18329345984417625
0.3492483472113542,0.01955285115819372,0.13646879210227203,-0.06808462744549867,0.06835225487949932,-0.20957559843761506,0.5097063064843105,-0.1478881825199491,0.16744392005572045,-0.27969371305341667,0.570593289352822,0.3333489472255724,1.0,0.40004638571946965,0.43388090085381253,0.1597457853069417,0.2639031598515466,0.12964593887903936,-0.06185184688339447,-0.05125887746699662,0.009818684804711342,-0.12870481316411997,0.21909644039365772,0.3472790797289854,-0.0932274805141252,-0.18210367317846124,-0.07215727174159779,-0.15458992633131374,0.46634632770572076,0.0741843459442761,-0.10498502867882893,-0.10554240727771962,-0.19357726051090066,-0.024360812038281596,0.041675077301291656,-0.02118199649921168,0.006505295705249947,0.07515264077320732,0.18390498422248872,-0.16640715019013674,0.15627442702074304,0.08828547254741172,-0.14821039329334698,-0.22473953793188114,-0.28373600164242246,-0.29530850227546374,-0.16762655253827385,-0.17715629978942163,-0.20367317569974205,-0.2694485682938675,-0.157400353307572,-0.11397728372003228,-0.004742920180296962,-0.010226713022581619,0.11327724292442008,-0.04627812605088885,0.0646158158294477,-0.04939219911137268,-0.3454713583484293,-0.45486277229829514,0.09837934906618861,-0.22936930991970347,0.14256757640219367,-0.0005436383303491608,-0.0177088985995819,-0.2106704625801182,-0.30541268312300296,-0.2788154945916083,-0.17204928764455035,-0.2901125637598124,0.2727491595202971,0.13010065364980555,0.29530285256723554,0.22045373862034928,0.10497423694095236,0.19214725789591472,0.05972861546738864,0.04471811186585019,0.05742678947324741,-0.07700643447124028,0.10401320401347536,0.005150104169844089,0.1295311044998206,-0.06391714367704872,0.1812597118000069,-0.08965604762168981,-0.021382191787150645,-0.04347439303661736,0.1398460288251017,0.0631707637523324,-0.21266760261580867,0.0004158753024757351,0.0023578489316176472,0.24928476306528263,-0.19890305625258708,-0.24218710032896082,0.00497824579456799,0.04208292704848965,-0.14097000736520665,-0.049594198121959907,-0.08321252934781752,0.0773470336786593,-0.16224491838171393,-0.1585993335888224,-0.06082691824675753,-0.08112536849396544,-0.19378538338519702,0.008296898747641434,-0.1747300444175767,-0.12452608404473248,0.025132521026725335,-0.12532275013915722,-0.03332732623726538,0.03975129725122322,0.014623237150194559,0.10021680297487846
-0.06714855648464664,-0.16428837676877428,-0.26834076872212737,-0.13463567716025102,0.11449648271105874,0.02659361338635037,0.1360346931242626,0.06534293366084774,0.017169988642836465,0.04062127784075443,0.08951874183069411,0.6595544371772254,0.40004638571946965,1.0,-0.10238775903173639,0.6487112192522156,0.12804590788676073,0.045314557100859805,-0.5283794151783692,-0.43554831206338857,-0.10737001171616721,-0.19340651716834587,-0.31939466942144806,0.029974239953727576,-0.04568515895377489,-0.23167349589676212,-0.037584054621397606,0.01761699277750266,0.26178940029566095,0.3713976345124248,-0.2122234586028548,-0.17585267427262433,0.007511158976352604,0.08807467653975978,-0.2117853811639639,-0.1628368494590531,0.10667006437168626,-0.10582833811747328,-0.017530815719316122,0.12315702149166245,0.29421235768342724,0.015547715638118298,-0.020511855179330386,0.06358727430750766,0.11065568920579197,0.06409630567510022,-0.11118327666292067,-0.04822669542596722,0.24526264287092134,0.13131405655401043,0.06860404762643148,0.16630217069557937,0.18892996990636612,-0.1472071853731329,0.14227985714476546,0.05516059593671871,-0.0167704426498547,-0.21172835542248994,-0.19944894626393755,-0.2516762469178918,0.08638063038048377,-0.02668682365081419,0.3906096729167704,0.10628908178650039,-0.05130897658023166,-0.12914557340573973,-0.1444343460551653,-0.29608215264201154,-0.15209888000286176,-0.19749279193883917,0.2796661612491299,0.21021329836054226,0.13758604570825567,0.2061900872743432,0.14920931471478596,0.19827308801537075,0.20132523470176308,-0.007927965721478903,0.2012972995241939,0.01816686531259644,0.01659661218245891,-0.07089183087247379,-0.250587718091386,-0.040255216816136336,-0.22030857800248316,-0.29281789865986296,-0.1531492747454051,-0.035811760380045125,0.019089228208321606,0.09129071945227835,0.08012727639179612,-0.46464950535048943,0.08751154249828377,-0.22920797050853073,-0.014096079317864415,0.014694113834939961,0.015337910355455533,0.01252643546717397,0.11290196273227412,0.057489309112338745,0.04977457721230235,0.14245650814313054,0.03096077966093676,0.28664127394494526,0.26176422476967964,0.07986844345222531,0.07870763093866309,0.08083915097442704,-0.03247375191281008,-0.058820986118179514,-0.06730236708051662,-0.14050209283825488,-0.012048053081431953,-0.12126181148433274,0.06359480097705039,-0.00490649284781032
0.0026488009761216048,-0.21227003529535002,0.15186288228570885,0.23777830063936506,0.24335505892121131,0.04498162548298122,0.19120018691948895,-0.16425548302688991,0.44175896643632206,-0.04699377056247741,0.6352975686969833,-0.18266115822096085,0.43388090085381253,-0.10238775903173639,1.0,-0.007007337691528203,0.2223680820791318,-0.0781260913714716,0.19404076195336992,0.03198921182834922,0.30894531858368657,0.2357770595677085,0.5736429184913994,0.5622254394481686,0.3375517564273732,0.3166397652957916,0.005698487543925095,0.11660684752275215,0.35540602606713956,0.001074374685504501,0.3616495178832505,0.40721957547151805,-0.2653562934579727,0.16141740651865397,0.44138600761445157,0.10509768392221838,0.07281731521614686,0.10380738267039008,0.1448975909222733,-0.04939747894719999,0.18006807422501797,0.26543438732987035,-0.07479117330234175,-0.30848908721461715,-0.43002111757821054,-0.45799317623163105,-0.03724688616082475,-0.1765124767687618,-0.4027770590776296,-0.47432757673339837,-0.14782374437575832,-0.4058031870380863,-0.03258883868597632,-0.09087728530924542,-0.28600006337441697,-0.2234372265577769,-0.043017969938121424,-0.05232384595188327,-0.3836072921014335,-0.46444937865013386,-0.1455643333730701,-0.33689815402991485,-0.1648976498869829,-0.23710647977771757,0.1663840305049103,-0.15274641185850563,-0.4710761865647988,-0.22608173626742623,-0.19924839043078452,-0.31458312021756585,0.05930466204894023,0.2069732339259176,0.1669084532304377,0.2336733862314107,-0.0042932644717053785,0.2629574688471918,-0.07537842676340328,-0.07203412539906909,0.15277217185416517,0.04661538487682105,0.05619980792404173,0.1433446057479168,0.4406475354483094,0.21729694450808695,0.4836767541195669,0.2907843770570692,0.18240557038082267,-0.05612683984996918,0.08888371931947801,-0.08791168295796675,-0.3721439995140972,0.23963521201806443,0.16724414034691565,0.38351690427018575,0.12633797037338979,-0.00689317334395312,-0.19901423435571836,0.06621508246352686,-0.3362753503153351,-0.37951013840212733,-0.2264215662813815,0.03958904285682682,-0.35323123908774534,-0.2717987797837076,-0.2725500713268958,-0.059577613564292135,-0.4158803639387732,-0.33580395097043436,0.11419669171799197,0.11859101469395424,-0.029420701445017138,-0.14392658084857582,0.04548217778536198,-0.1823998826470758,0.2905641704679053,-0.15349885914243047
-0.03018994907645749,-0.11007666938367652,-0.42123848463564456,-0.21877034600086226,0.2897470499590629,0.31977575980688383,-0.07170475078976365,-0.12097524146398113,0.3057816954683141,0.43472443837163244,-0.10920944108998613,0.6945871009513369,0.1597457853069417,0.6487112192522156,-0.007007337691528203,1.0,0.23978865100488095,-0.03629469007834779,-0.5195237786309747,-0.38126116482433164,0.10956256263872328,0.1945643991216326,-0.3864135862080205,0.08369970479990081,0.3377581879188955,-0.06157748436030707,0.17197876927234101,0.21532583126429058,0.21454664834742299,0.3272554354848931,-0.26496520665362544,-0.24589196820246542,0.10111906385246354,0.18520498096587182,-0.09779411923618181,-0.12279937617365662,0.08480483922962578,-0.062259469433555356,0.0591061268576938,0.16558257038807297,0.3727888169801966,0.11893354947215273,0.09415800532854435,0.21107644832564462,0.13088333528825322,0.12019383567064168,0.07265024688048292,0.14789912117434628,0.23854793978884764,0.08670330404702391,0.12286876193404497,0.08614020625529796,0.20025557408225184,-0.06760295700392754,-0.04265530348604282,0.12966431052096922,0.09744469739530953,0.07630959945056733,-0.2733672830891197,-0.38187214432804323,-0.08933956371614826,-0.13674609816776764,-0.022790272330218454,-0.18471843046114841,-0.16720601184318665,-0.045799927192526076,-0.1408163224992316,-0.17737896867407216,0.0010533695174895677,-0.15024137703148838,0.27538583394479516,0.24446938299183718,0.12035916501374566,0.20139328266521853,0.057064675604009484,0.29532579381490626,0.03857945778617323,-0.034228538669113205,0.3462156890148379,-0.08233019409775377,0.09997573596784311,0.05131896350539314,-0.11588532016864932,0.13811799014063506,-0.2005889004867104,-0.11064138216088473,-0.1449344081053181,0.12927320218897562,-0.07180810105182556,-0.041775939478373506,0.03684192151387693,-0.4763323394056364,0.16098532316081707,-0.27230195718638767,0.12813770850957015,0.21830503228961765,0.08103072157205253,0.304580501597141,0.02355693206675242,0.12487457950234104,-0.10035968562920806,0.03920134784381708,-0.15253898851371334,0.2402142569662901,0.15276116974649118,0.2526231667671993,-0.05645811751113859,-0.08375661273662548,0.04879782008368149,0.12305682273460289,-0.19375038883916906,-0.08447419833981837,0.19580269457693245,-0.10160667762993454,0.1420154828828081,0.1411711942692058
0.4476303848220495,0.23564236007171607,0.02983207916729288,0.055565240335144414,0.07940553431772833,0.10908199959266228,-0.07891659586937075,-0.05318836149363166,0.04771666648648917,-0.04860665232876139,0.06342574623536154,0.07086009554564777,0.2639031598515466,0.12804590788676073,0.2223680820791318,0.23978865100488095,1.0,0.5504296916771745,0.11066921793688742,0.14913586488776928,0.10669139639288883,0.11675061102407147,0.04569845974224269,0.2334724382770788,0.0514729405447689,-0.13339576324706004,0.08935198810722737,-0.008663859378282216,0.42681945423483,0.11523950453175362,0.07864011732995436,-0.06924239674129291,0.024965951327160462,0.030196360560629302,-0.19715099610348594,-0.2634482210237216,0.18732336930858182,0.11346234642326983,0.010644948851350252,0.1138823740745462,0.14502068353365255,0.4762205124118089,-0.24628321643358453,-0.23297140251775253,-0.3782462383728464,-0.4297467968418854,-0.20637744947940184,-0.2570665937288434,-0.32232543813728615,-0.2567685987805198,-0.31746831981617357,-0.23162560383819727,0.1775004234634542,-0.09792357844497582,-0.16586173007346053,-0.30238782776688045,0.5783576364344711,0.6425119485699448,-0.055755459527223446,-0.12464907132836708,0.09036198229574115,0.04952426559803568,0.31074665247337463,0.22044445327707227,-0.32662215291629854,-0.4781530656502402,-0.17487103191865536,-0.30630242594125734,-0.037240246303047626,0.027085558360449544,-0.03461334618771854,0.022472575362543344,0.4397578584551529,0.3772961681905261,0.40422128852452993,0.3781356154464028,0.010573789598454862,-0.07783474218581715,0.25737226072623226,0.12728776220218208,0.5308575281228587,0.4581278146742059,0.27554224075534683,0.19637771090484235,0.027504389715845165,-0.1315479521114779,-0.10262386278020183,0.033408413115012775,-0.28272064328916385,-0.0920524064173678,-0.09582229378809874,-0.08657493541766437,-0.007293633759849216,0.04767593731209165,-0.22321902969518448,0.13462769585882983,-0.26766336553198916,0.019798948555541773,-0.2336051493784869,-0.1831300727615121,-0.08908398702880417,0.03853118032190305,-0.08756820549181933,0.09449831692256558,-0.02980511603291595,-0.09439804110011409,-0.01039866172362664,-0.20054198526238712,0.046761020276169185,-0.037571422241764525,-0.13383371511742748,-0.47156806266507123,0.12783553823546284,-0.004445365239226136,0.10760801348965782,-0.0690659304283366
