1.0,0.3291325938523907,0.15493838434439258,0.11765967646019239,0.08855791961197197,0.09111380175053259,0.10940394568213506,0.053475979266919146,-0.13256800970902952,0.13811757913081218,-0.16383147060184924,-0.29153957491847143,-0.22060795288075838,-0.1682439945565563,-0.14068587701852617,0.20025021827357836,-0.28501973327808333,-0.32569614241787814,0.48151418950879793,0.5527238085688359,0.16775505635182023,0.17638371951358506,-0.034166520038490175,-0.18063066440016246,-0.25320290460187084,-0.24419719096921166,0.2307076663816415,0.06340312780467589,-0.34809189401108126,-0.17692656667121723,-0.052661213124998635,-0.3328204980000737,0.23223526987773604,-0.0032857700039841133,-0.3579969512940784,-0.3570921877767861,-0.3632780811560562,-0.4299791819355253,-0.19376538712800964,0.09707114701323698,-0.1891174611093587,-0.2629671688075085,-0.10697404146949704,-0.4364594337443973,-0.2808472483526547,-0.4578020750747756,-0.1626579769086159,-0.13990368309256937,-0.11327760223232564,-0.2629282437121397,-0.2553218672151439,-0.13168774589734103,0.13481756744352713,0.014189863116058318,0.0026880537164882296,-0.2214886327183797,0.32605142731677256,-0.005036917057511835,0.626753606403659,0.4060806792523336,0.3340574772349565,0.3569302883874339,0.12403084581224824,0.09815144082940672,-0.2627213962505351,-0.045555193712785144,0.35634042037245367,-0.09631795963345768,0.5849866827481958,0.14702450340753812,-0.09559867088346052,-0.1599914235270985,-0.18696263718172257,-0.22347416607470516,-0.184107119961564,-0.11136139401333259,-0.234240689277845,-0.27876542122718434,-0.09311271043590559,-0.41195201029747125,-0.0776380264348574,-0.11851381339006382,0.1403494543968815,-0.08447501041009418,-0.40875271857215295,-0.42884724454217926,0.12820053282490226,0.016032539406383654,0.12767212915281428,0.3055731721432272,0.5210534867022707,0.4410707510221949,0.2606536350056901,0.2016449558178692,0.07257249307880204,-0.006467623774994594,-0.006680673721302901,-0.03585657611721033,0.11440983487240663,0.24004207124517896,-0.07679257999106157,0.28328273216959804,-0.05171416717697341,0.21395707328561253,0.05867033280720217,0.038147797493286256,0.10847362879826418,0.08699505413181349,0.07627136505484476,0.017502159281937917,-0.05963233109462526,-0.24793458938947707,0.2532293674642825,0.22671592434048327,-0.076467219559054,0.19933177813897482
0.3291325938523907,1.0,-0.1311728942471715,0.23811282772107112,-0.009868941872835874,0.1722068262300568,-0.2402379283236327,0.2728420144679315,0.12434852887929733,0.29069414981417435,-0.28442938299983744,-0.07942667371073654,-0.05501376794520086,0.28528116603286774,-0.0034926592715367865,0.538087499127168,-0.3579288554405997,-0.07591660037168609,0.26392755621628666,0.5903950174617817,0.3362023078246082,0.12006034829939248,-0.16125600932213652,-0.21025616050287432,-0.28325594901183015,-0.17711599278579837,0.20973315785639393,0.12260845559435338,-0.18367512299601077,0.061340874443771086,-0.15948676757159375,-0.3582759409777758,0.22794062886252453,0.03407289364020724,-0.27826232785964866,-0.33882344452431984,-0.020587490972753104,-0.18755476838974575,-0.10724505303111648,0.06177062167352219,0.07150192304009005,-0.10530822326016293,-0.33594957133494696,-0.3061861966048474,-0.32046005540950256,-0.3866667870105351,-0.14083883279188836,-0.20288629825988283,-0.30396646596340926,-0.12720396231705453,-0.39401192127132234,-0.07798122497272422,0.06260412317799996,0.0013230698609445412,-0.001724497582431236,-0.026652311778104218,-0.036828615002079804,0.4316299928975595,0.4028884107584317,0.5154569687121406,0.12563233950354166,0.6302839684749122,-0.10918536721785752,0.26280493267373256,-0.32948266280856486,0.10184980773072001,0.28494016771681774,-0.32749124416469166,0.40215908274833595,0.3081972470314108,0.050772402246083405,0.08240129090862654,-0.097425680885591,0.13213975930793592,0.12823960436032067,0.07525739156906036,-0.13199885244368736,-0.02463144553663373,-0.03840592306073962,-0.012815610856062023,-0.13501414951350174,0.062101778729055424,0.23827547353921583,0.1184095400867624,-0.39890773229377924,-0.3885567137026771,-0.040371817725515194,0.16930762386792117,-0.15446948061949928,0.2571893245234714,0.26096515905541956,-0.01889484665324415,0.1439938222814983,-0.3217900987612643,-0.0753212121692321,0.15856691084272803,0.10777872482406625,-0.06432025611748383,0.08829988478784229,-0.08074601058065914,-0.05794035062408917,-0.2747291687729017,0.019965102953106408,-0.2647329793742963,0.017104306263483793,-0.14211718323720482,0.098597570611162,-0.02825237354773581,0.20364631747399506,-0.12989490051456676,-0.19553104355554252,-0.1657760573853053,0.2120779921978834,-0.1406684106939045,-0.32630964009174157,-0.18161202420454076
0.15493838434439258,-0.1311728942471715,1.0,0.5195821858959203,0.5748376668672712,0.35764042432111465,0.4999367793036305,0.522162525838486,0.1114906890260782,0.3705044629629957,-0.05671364621252167,-0.10601421842919276,-0.3440119596278861,-0.42318694351728936,-0.09866167833964283,-0.27169451999391997,-0.1548599188790963,-0.32938848667140336,0.3919081280588953,0.15799880771183908,0.22459538492497091,0.17718497002121406,0.5410099726244826,0.2875818773571212,0.27886695181681936,0.16429098778273057,0.26619764526219925,0.1183696417335995,-0.3832754632593782,-0.35958921188334436,0.22995938645382058,0.25338770077127926,-0.2695817679878748,-0.0636460339240396,0.030982009963236506,0.21847893748312275,-0.2129839597264621,-0.17100956699425235,0.09219716049194114,0.1462950035856884,-0.2702235328209816,-0.12445529010566433,-0.14984861220183868,-0.19375349626761665,-0.23655252877533314,-0.12471991454081216,-0.25745575894574013,-0.19396526062462108,-0.13511165940037503,-0.41859843096613586,0.07892974991539597,-0.2513290143556023,-0.06029203746962317,-0.12991065042297398,-0.16124034901389583,-0.2603760125130259,-0.19660926195642808,-0.21987932019515732,-0.04112927822874118,-0.1140283656504492,-0.05324749381097756,-0.18027019645063014,-0.2522093346708112,-0.3288610308587794,0.15055259598490633,-0.03569370162797695,-0.04846050314653452,0.15391449597636508,0.03993196155552534,0.024428006208291428,-0.07976426264280419,-0.10912343409260811,-0.2824220663899244,-0.23927121254886902,-0.19167343301912396,-0.14269643347938063,-0.3914910808063686,-0.23921979755042574,-0.3797354116842088,-0.5437814977955043,-0.4314223988706554,-0.4565709234725637,0.008347326653958497,-0.035453676139828395,0.1392829210443981,0.16053069518730634,-0.017635105967600102,0.14351016249374338,0.44671619882991837,0.26838428163087136,0.014262481219013051,0.1472874754414032,0.2741571740793005,0.4420719778724491,0.1118403206016711,-0.02992725080155575,-0.272370875929046,-0.03409535382109406,-0.260403852703038,-0.25942684314160885,-0.009374221975169298,0.1757081926004834,-0.16016897286687198,0.05888721194044966,-0.2446835377272612,-0.054605876202047356,-0.06512997680528801,0.09610060032608268,0.05907328095852143,0.16152258583782741,0.09851269992841481,-0.24334046285140018,-0.10447483839807724,-0.07765627967270886,-0.06005071548917062,0.07455241047285871
0.11765967646019239,0.23811282772107112,0.5195821858959203,1.0,0.4084228566432349,0.5507659772460297,-0.10479424730901665,0.46822953746550056,0.24792992301847222,0.4795605523791438,-0.2688973738324376,-0.139373350320891,-0.5146499032339821,-0.4087214335738894,0.18485821256117735,0.21499026101344093,-0.08026294215155931,-0.4589593802016336,0.6636900624530164,0.5139504882435799,0.43456485284494084,0.5065320064987006,0.5186211587339914,0.43869536159414285,0.19569905732027243,0.327848801111847,0.29239756988388177,0.2821778247407579,-0.4472726664359145,-0.38470503871372386,0.20370755840787652,0.11427315981309175,-0.3441905135777833,-0.29502570571775116,-0.2153834796335018,-0.0517758453046811,-0.06374861030607792,0.01824522185328832,0.2663854568349611,0.17437754997861987,-0.16958069444399995,-0.04682574182133839,0.06902119617590151,-0.026713347482275204,-0.32107401097873267,-0.29657708684953205,0.08331429246411806,0.12421027169617856,-0.3581998660374647,-0.29549329883749736,-0.08836610351275967,-0.17439479564633661,0.16255321012698443,0.17792255560795625,-0.10341968234973256,-0.02832568903220317,0.006978690385326387,0.023645199450145142,-0.174084099764721,-0.0641718266664985,-0.3789010401358563,-0.09763422535995137,-0.45186108625041443,-0.4888541192617913,-0.21409432558854813,-0.07656257510875808,-0.3382054901230878,-0.3058034485415531,0.35346299480058535,0.2848681496061499,-0.1695060688046621,-0.07820183603600056,-0.4225109693383011,-0.3033795482454907,-0.15110184896193563,-0.1388529563584842,-0.42963731238677877,-0.3329372644810711,-0.25584125511334477,-0.37275883251152664,-0.4914486050877635,-0.43970660095142844,0.20009896366560717,0.13818375714304967,-0.09903442817864706,-0.02894114320609477,0.05710370803195459,0.341088310838537,0.3511475175415206,0.3546268498442088,0.25309755813827567,0.2282929451536539,0.29130758855449773,0.11391313917229255,0.11941409132277511,0.18236092428643122,0.1768213261981911,0.08930700547670604,0.11025964320769926,0.026573829087692326,-0.18684039228183635,-0.32248105028256696,-0.4007486600440343,-0.42806182999058395,-0.47060233373222016,-0.12064235030634769,-0.2615639148545198,0.044454471910794664,0.25237992471187126,0.25409215021988024,0.2076850155635643,0.047054994815699004,0.060810700470501015,-0.1080728554323038,0.007867866594377219,-0.12295180714634465
0.08855791961197197,-0.009868941872835874,0.5748376668672712,0.4084228566432349,1.0,0.3782857126428305,0.24357084120003705,0.48020107457452754,0.6514359766283803,0.5964337875104281,-0.19474326155850735,-0.08974138136250534,-0.3159211968165374,-0.31784033711444665,0.19457422157706694,0.025946816355854413,-0.15754872778027146,-0.262618482551635,0.19467174949886862,0.16591149907564542,0.3775245346804025,0.40039537894719623,0.26295240261586034,0.0526342294856189,0.36060118676848013,0.07195733237355545,0.5169705045396452,0.09831118409062092,-0.27250236318852916,-0.20487018877803473,0.18504004334842128,0.11169463967899278,-0.16620027609400687,-0.15497411736846295,-0.009065689984598061,0.03553430009620697,-0.2581990683814799,-0.2828628235020031,-0.10027216722563566,-0.0913846427267402,-0.20943566681446227,-0.14234327669096122,-0.07624165803499286,-0.12099994013459442,-0.00771623842114132,0.0035204154732435215,-0.15222119590432728,-0.18244924436394938,-0.0388003728023941,-0.20142690772726216,0.02302487068521612,-0.07835239567077057,0.040496504937531756,-0.1926886537676128,-0.18930865955348464,-0.1428614772852727,-0.10073094002548913,-0.16209880340332578,0.10683611031500888,0.048040973187737424,-0.01568383845926012,-0.06898193106903966,-0.2102480202021139,-0.24818087226079064,0.17553744082959943,0.11205380659648481,-0.003122260277803244,0.04836836620571639,-0.05718970532723496,-0.005070330334026658,0.21221843219506795,-0.0025546934219986875,-0.0842150245423655,-0.1260493135807958,0.043775007909033575,0.12337029073862173,-0.3073166943451639,-0.2244289508333372,-0.135833859233011,-0.4059941351794596,-0.3161217518315252,-0.2078821817690969,-0.009203240031351081,0.07852654159105156,0.05314082813443499,0.09311444876703741,-0.19950604198072017,-0.11327442253367027,0.2509564913576716,0.1443773162818155,0.05676322821625925,-0.04518829689490748,-0.024287279707660064,0.09956020593482684,-0.0802822384780709,0.06525330688307522,-0.1891058854384952,-0.06377561908102924,-0.06396377308765105,-0.07787181689880182,-0.12345467639505331,0.012612302574238614,-0.04896085030879499,0.005532609599318871,-0.1130521993291538,-0.0064725191470475655,-0.033777701186940685,0.021947877194457902,0.15120401298422653,-0.07573033702326062,-0.1743124047069874,-0.1711673481308653,0.015900769592108472,-0.12757112341692967,-0.09869767261851056,0.06131003701450367
0.09111380175053259,0.1722068262300568,0.35764042432111465,0.5507659772460297,0.3782857126428305,1.0,-0.049906170563501544,0.20807609575755523,0.014813151441479794,0.3318671485960294,-0.27311767659713565,-0.2029178062104676,-0.4757359767362786,-0.32025732822386566,0.010210123160822494,0.1169049606375316,-0.2733747685037807,-0.4606869672626059,0.31026982084142196,0.1748727484128539,0.5774503511559591,0.6129240731742953,0.5052740508261246,0.48522450375353493,0.463621913787741,0.5822624933652184,0.7946790525577623,0.8137651189148157,-0.47492270078024484,-0.42108774132211657,0.2326389044254882,0.05715294386167443,-0.3342689031145145,-0.34969472251028966,0.02178231448772313,0.0864893807637984,-0.3276828836619025,-0.04419532534817815,0.36194924396272643,0.24568698459214527,-0.16568303448938562,-0.09953791059593708,-0.18082997316025268,-0.15992172225470627,-0.2980431902368321,-0.2650313300303892,-0.23679703936701382,-0.09992366412889576,-0.024118516423446357,-0.18646606424625167,0.1920906697448709,-0.014130058715680191,-0.0027832544385153657,-0.0073851654520927365,0.14045308891313385,-0.05200172718269096,0.009848633400771334,-0.08464693730936436,0.05103088380666856,0.15030669836394708,-0.13971033716793188,0.11379700288349263,-0.2970714730760907,-0.261757295478989,-0.08487517912553853,0.018191653169715643,-0.07765772832353345,-0.043527786479208755,0.10588436454647747,0.21226920887606354,0.008607609902800059,0.1359384778744056,-0.3423310879356758,-0.22680255672746877,-0.08501422882512948,-0.13247855735348693,-0.47319526038038445,-0.20758072813151135,-0.3611318364250915,-0.3241116159398413,-0.5694072533761458,-0.49859264076023535,-0.15009447014704924,-0.14792812116740595,-0.16687530542841175,-0.1010868634435768,-0.22037977430916292,0.06833038536597585,0.47826483019282373,0.5673319942080348,0.019600349972485786,-0.0118620225948773,0.21495081189944573,0.10063640529142694,0.005764116191296743,-0.1632213549004253,0.04569864643962548,-0.03729080921939747,-0.22801762407133702,-0.2538778292667416,0.15952618130127377,-0.0933737523600264,-0.1349970275319778,-0.05589352871890367,-0.18658686284153161,-0.09599438872280354,0.08167567433714606,0.03557379199341934,-0.10612886038231668,0.08374871348627803,0.029987489758719284,-0.28711464429196754,-0.2533845210490838,-0.20555779887479272,-0.2278341103356297,-0.14384214196791018
0.10940394568213506,-0.2402379283236327,0.4999367793036305,-0.10479424730901665,0.24357084120003705,-0.049906170563501544,1.0,0.2239030415528416,-0.10177441558548563,0.05598894020158986,0.33185338447144197,0.15485640369234646,0.25028116287696667,0.01716258390506308,-0.07667625085677537,-0.3017794035543385,0.06708947579591996,0.11560293992750068,-0.07119374874725479,-0.1055096088266511,-0.08314039837972559,-0.16468618768065987,0.1518736008921289,0.0030956395505828765,0.15788249629486198,-0.07528153255858233,0.08998181850723858,-0.11007615260584527,0.04162055587264453,0.05763542371294625,0.24466029817909532,0.3246940821932861,0.07279874406583944,0.36130964896791157,0.1244670891205845,0.08672072254512352,-0.23133634641488304,-0.22715519311846305,-0.2898440975954789,-0.22908357707804708,-0.14813144948603768,-0.11847865726516547,-0.3540262477511531,-0.32988966193488095,-0.2040755806332124,-0.08306276270681284,-0.5602876218811236,-0.44448124234097935,-0.03920419530465347,-0.4104648673521015,-0.05705360711839494,-0.4722448418654352,-0.3577290610521081,-0.45517617597766924,-0.37593906609435873,-0.5177739634768138,-0.06145092194802151,-0.09164231143308736,0.03988217425604247,-0.17700096249245162,0.4477398733854757,0.067578644456313,0.20329512744062217,0.1905442104237866,0.5120256173464907,0.11098169985522471,-0.0076628230959148854,0.24795804657716575,-0.15680088179707735,-0.1197167640600297,0.15288245094051128,-0.1211324886266845,0.19388036754949467,0.20386010493679577,0.15517437203632695,0.07571618628363556,-0.015006256869361474,-0.019846323340776045,-0.08598539963419792,-0.09169035485761688,-0.09073521120808258,-0.09441463771228503,-0.12444420082668814,-0.02451681783865613,0.28740869601000335,0.19619259264105698,-0.03007120791134834,0.050857766984036545,0.22229588300857073,0.016712265386325073,-0.14980924810768764,-0.09381792832729913,0.029119507344081835,0.35452854424417196,-0.1850268828198957,-0.24596979908480918,-0.5559629594024957,-0.1476706018842513,-0.5055582053270196,-0.39032902556677873,0.22414977254858673,0.5181883172022335,0.2744396124650925,0.4548863876921178,0.022745662826119326,0.04223777017140749,0.10840809033449983,0.09889171789609469,-0.23063164768413877,-0.10129236084697879,-0.12322975772777087,-0.37258109601271483,-0.32951757117862224,-0.06171507403120629,-0.09451495840862964,0.19176938162705104
0.053475979266919146,0.2728420144679315,0.522162525838486,0.46822953746550056,0.48020107457452754,0.20807609575755523,0.2239030415528416,1.0,0.23627764535738233,0.6355015890021652,-0.3778259323731357,0.18120569245334664,-0.23743558566761783,0.11729554452950006,-0.14797086130388884,0.1942756832062145,-0.23776429504436755,-0.1579921763537541,0.19189162799391538,0.24979005959836684,0.23094871497324132,0.17168086274427283,-0.01652647451156777,-0.16174876054958864,-0.08859312513753569,-0.1700816204073062,0.2128000591440661,-0.0682859983291182,-0.2504525809864055,0.08188687675087132,0.09372829673362001,0.07818261212609488,-0.16095175072579077,-0.06439623297239774,-0.2802981812371258,-0.19067157037882554,-0.03480407052462455,-0.13863303414827718,-0.23963225908709476,0.038433965237356704,-0.06280200608992234,0.02316000708185216,-0.20279321030178898,-0.29278630422829366,-0.29229128332834936,-0.25747036973858606,-0.16829074713387204,-0.32417722667333276,-0.24011301378489425,-0.30293276671849234,-0.22124237118659684,-0.12018539442273012,0.012292977701547813,-0.08663105617782905,-0.3161573542167854,-0.16718067657677105,-0.08824118342789128,-0.011838006050975599,0.09215299850118384,0.11335737220508807,-0.00724912709940798,0.16869104204195312,-0.22794981315764595,-0.051335476745873514,-0.07013899367409725,0.1578680634031142,0.03652035760419822,0.005949376764586175,0.13644261330361587,0.05238943683164748,0.11109887534421625,0.1272063651441474,-0.04787621950012604,-0.004790746867720336,0.050767464106049404,0.029247825728959318,-0.054250948987111275,0.022434362541633602,-0.1836756898940057,-0.2464082862345103,-0.2849208866401758,-0.2137042486935774,0.12362984854515692,0.20420938636710181,-0.1037258742360699,0.05649220983588157,-0.22569710006274465,0.18771779593066848,0.011060462213312059,0.2530882751851084,0.10715008046328302,-0.008379426807117025,0.2740879769883036,-0.027413778888206997,0.0726546409911554,0.21415787275330414,-0.21405933987291942,0.026969454395004068,-0.16126265716720856,-0.15669802748583875,0.050936916344362475,-0.04487239983131366,0.09110648427437158,-0.13351484311656495,-0.1065035270516184,-0.08419487778933911,0.02624379916956417,0.1727899269754446,0.2903553460430685,0.04383554593319146,-0.2478408506070805,-0.39416375236459106,0.026857483032348587,-0.18651954845408197,-0.1597004878622429,0.03707536192553648
-0.13256800970902952,0.12434852887929733,0.1114906890260782,0.24792992301847222,0.6514359766283803,0.014813151441479794,-0.10177441558548563,0.23627764535738233,1.0,0.5329511761944735,-0.16085172909996429,0.015942448329619403,-0.17918856733060404,-0.08240052385525459,0.56296651434943,0.22594511438351014,-0.09806282840138446,-0.07969649748397947,0.10391788263681759,0.18938415917750157,0.2448219525714967,0.35602599992621486,0.09364939194807882,-0.017242534131398434,0.2361258687910865,0.043369566591871064,0.19374308221481296,-0.0683412204345219,-0.02600041217906707,-0.06001352789747238,0.06113176196620512,0.05723601609471798,-0.10185399043098614,-0.0997823322346786,0.03179868050407798,-0.01648533220750483,-0.0013367106583169375,-0.010840394322873797,-0.09955611509362601,-0.1295972458442133,-0.059225139450506926,-0.04629231870400426,0.11040892073294026,0.08896040909685966,0.141159028423497,0.14773066561093426,0.08085678597364263,0.020061235080038046,-0.18451781067885964,0.004128490629434903,-0.0857650488153983,0.018913164150399762,0.015025431844710344,-0.06674389110579616,-0.24168579361876866,-0.010005680119683261,-0.20299010208418747,0.027514616265572927,-0.06465224067995816,-0.026769999744524743,-0.2575879629054861,-0.15311073541352005,-0.3222061209548187,-0.2613148789546739,0.09534129776350078,0.11348440986688191,-0.08509635835802817,-0.2580936979655248,-0.037059708092794665,0.009045298640012675,0.23364123036560996,0.01707332012998506,-0.05423162665415467,-0.1213409529410325,0.015942096880942246,0.13298741936415104,-0.14787666396763832,-0.21181108969218396,0.04660202308855657,-0.135953498811555,-0.018348817490040876,0.16270459560122078,0.2823971827836894,0.2706362994549691,0.11322919332116677,0.13310479788292148,-0.004072388658361376,0.05963622179527547,-0.008439656706537981,-0.10678628795989302,0.0543398695219578,-0.13817311847873132,-0.20632437163966583,-0.2287778413615038,-0.15198845251737936,0.2142962672463322,0.020359282155599765,0.012509293304076831,0.1301042784257843,0.03773960236652993,-0.2552800001914296,-0.349746495417042,-0.09752224384173495,-0.24095732742553302,-0.09779301168762221,-0.07449963856510508,-0.21542842493706674,-0.21239507794577422,0.21803364600644012,-0.10603894831855357,-0.1456452252495255,0.102506749975036,0.13858015359671627,-0.10414449691542373,-0.06724341701534874,-0.13592536144289952
0.13811757913081218,0.29069414981417435,0.3705044629629957,0.4795605523791438,0.5964337875104281,0.3318671485960294,0.05598894020158986,0.6355015890021652,0.5329511761944735,1.0,-0.2891579391506899,0.040957176198152506,-0.2996462821160849,0.01319427407637114,0.2457031444551258,0.4199165121741785,-0.2635882652681561,-0.35553251620485216,0.34360748080402864,0.3791578593776083,0.3810515795681678,0.39729930475127634,0.07138310944404201,-0.0343612514762966,0.0863717659362952,0.05029725368700495,0.38402313167709917,0.03311020191152722,-0.2726229361517332,-0.08727724373437817,0.15280253451039516,0.032597172075985704,-0.1984309905005849,-0.2201591753968885,-0.3502496564727565,-0.3575946074295725,-0.11649319391110514,-0.12339571091025485,-0.15877040724974437,-0.01530654098577656,-0.09987631978581037,-0.10137938759646742,0.02772981174020366,-0.17845469374330683,-0.14859436816283483,-0.329657408740245,-0.09989066457192232,-0.1235881573375747,-0.24898684567885832,-0.1802765986903558,-0.17789426345590315,-0.03632268761562934,0.09075382956988423,-0.007101746044797255,-0.1647203989556789,-0.08865273333077146,-0.13221567021205125,-0.052403782910206816,0.042901542710813555,0.21706280763144023,-0.15636985279163207,0.11436733595773554,-0.22150919179854892,-0.16793502744469713,-0.17129674331431152,0.05182692203750048,-0.12057045819397033,-0.2402062063524355,0.13703460205520782,0.18224122182278768,0.0666475692855216,0.04673275520689689,-0.18222853120359234,-0.2110873994024353,-0.06801171825365948,-0.024554562712706632,-0.34407223342792115,-0.24195549157933172,-0.1816990122190842,-0.3734545546108456,-0.33885121618236524,-0.2043457755300734,0.24730487246918184,0.15175822877671627,-0.10256162568844752,-0.06911915467968162,-0.03495020363708052,0.2001224605043137,0.040434414821465835,0.2385337575732489,0.2949215288937193,0.1364330536919938,0.20162271097410525,-0.08239942840139214,-0.07362702377373284,0.15212536288848644,0.0890353630532201,0.05544997743940889,0.004257529564513154,0.039796525164801234,0.031122478982503612,-0.11776812650898255,0.03160452832467645,-0.14743066227100102,-0.1547510456988081,-0.23432431596211656,-0.05482749904029372,-0.15721065214834204,0.19348751404303804,0.09472027233488257,-0.02271543228316431,-0.22097437123296265,0.22669150852293835,-0.18512688475173011,-0.24952179699106147,-0.24299484591284573
-0.16383147060184924,-0.28442938299983744,-0.05671364621252167,-0.2688973738324376,-0.19474326155850735,-0.27311767659713565,0.33185338447144197,-0.3778259323731357,-0.16085172909996429,-0.2891579391506899,1.0,0.34944802317870477,0.5994391659753427,0.08343423687353321,0.25804498406925364,-0.2533892419957707,0.38215114228298036,0.2872782547763291,-0.17495772381416355,-0.23598789949802387,-0.21514741302308413,-0.291739188944443,0.08440475616712072,0.15972447272772736,0.06397046637226507,0.0018909771797987797,-0.22494535835072285,-0.13886344220463773,0.46644863118092994,0.1893375229089845,0.26478734355050937,0.4338526438306498,0.13376574890914747,0.41377930859511597,0.30478830798152107,0.12238454650231705,0.08029970772720606,0.10559706232731474,-0.07348446922013742,-0.30718195591812725,0.05345135106707769,-0.013815289322023814,-0.06605032284400407,0.02259719619394913,0.017748165754459998,0.15597439201380395,-0.2046332363590975,-0.12648168895578596,-0.09581642708007213,-0.06906029684677047,-0.06585084308056932,-0.29483443788203295,-0.3773458255990023,-0.255121414420478,-0.12372762854564849,-0.25057198082855614,-0.06576029212606686,-0.02597076828405754,-0.3572258973296063,-0.43320344910040487,0.14939641177643748,-0.133348395136516,0.19833433310800774,0.03678028638881138,0.34627604767050646,-0.07893292745207452,-0.19306701412930397,0.13710506408522619,-0.30098724806153904,-0.06586196315670359,0.12742244326936544,0.06401809853895432,0.24988969791854174,0.24428304550071306,0.19574913661779103,0.061053781586613336,0.13617117265084144,0.16678368001461186,0.048124117361511044,0.1836779279056304,0.17736321767685184,0.02615102257532043,-0.03210510618251831,0.05263187939007665,0.5687899458593636,0.296035048377268,0.27145013566908904,0.13230518693982868,0.006859259037137744,-0.27188394643355707,-0.36280074216255215,-0.21372876315360756,-0.22315569604562785,0.12424317951618148,-0.22264245435446178,-0.2730379829079154,-0.24503902538022848,-0.08123425365900397,-0.24976849723438554,-0.17540769918201637,0.0914824324589129,0.30102925643783357,0.17971287078773562,0.31852821645666274,0.13960506226566885,0.11333248596146815,0.1642076589337573,-0.007213820857616403,-0.29637759037655015,-0.05474968176449257,-0.00033447030642590035,0.06613691679804928,-0.08749528684215888,0.09717497735846353,0.06361427640270713,-0.00099364707810474
-0.29153957491847143,-0.07942667371073654,-0.10601421842919276,-0.139373350320891,-0.08974138136250534,-0.2029178062104676,0.15485640369234646,0.18120569245334664,0.015942448329619403,0.040957176198152506,0.34944802317870477,1.0,0.4437542627034087,0.5370883699729697,0.011188051692191446,0.010714798958991127,0.1831918238929284,0.37648955622256386,-0.34513556365365683,-0.3122143803215026,-0.22186476612782213,-0.33024873375235003,-0.2649663859127615,-0.03459166131188143,0.1483001881311436,0.011059009634308415,-0.19187517885106803,-0.180224934982748,0.3812404643141062,0.46473222011271614,0.130955736051447,0.3016388276978535,-0.01291208721779963,0.16640154784544398,0.19138642215126878,0.07602671142258977,0.10208036969262137,0.07849538604393294,-0.15929420553602847,-0.23905800116284248,0.08163964018482722,0.15565791284966396,-0.19021833151684775,-0.03973977981098275,-0.07122166073252373,0.1444466912873265,-0.1672035882033142,-0.2069593524902282,-0.13842253700126517,-0.021920801177656123,-0.1066546951986778,-0.17012004526538177,-0.33244825701704134,-0.35080411610718076,-0.24185646201398808,-0.18500076656129902,-0.14353872908453372,-0.1680187397898204,-0.31312431491677184,-0.42852174636561335,0.10051010397454498,0.011121974989767146,0.1757392825167788,0.16152857348304223,0.2727838478759124,0.2905104479210337,-0.1574893074592279,0.13065887858781566,-0.3118449444696562,-0.1282046186233666,0.17296154400167899,0.27912374340836216,0.36219732350782075,0.19866701906099812,0.32939149310594706,0.21254351524790768,0.21532033813707863,0.2957351827851708,0.07143853230801538,0.245725911860669,0.14801576092473878,0.0004676510120874982,-0.13832446220704642,0.08924865771285073,0.341649768683575,0.4828562735336545,0.003502935924596129,0.17455894454481025,-0.17090049758593875,-0.2652627260013743,-0.42297447209986444,-0.4508847969278582,-0.09411064581056425,-0.17595113597092008,-0.12904984475532946,-0.10735363723489688,-0.19300302219632537,-0.04674713627726755,-0.31381464302678075,-0.2647784504063172,0.20299325413189187,0.08725050870894033,0.4070701119026064,0.18953841965479312,0.19017396159917113,-0.04023018581298813,0.1459191494377606,0.2652646321167937,-0.05941858256835292,-0.022380988431307192,-0.1299705089595983,-0.12381227562634393,-0.15173716489529043,-0.10972659847840888,0.019391769262170698,-0.01767755014579297
-0.22060795288075838,-0.05501376794520086,-0.3440119596278861,-0.5146499032339821,-0.3159211968165374,-0.4757359767362786,0.25028116287696667,-0.23743558566761783,-0.17918856733060404,-0.2996462821160849,0.5994391659753427,0.4437542627034087,1.0,0.649444981283746,-0.0034350023152065583,0.025877471825422254,0.23053673371678365,0.5921895786625792,-0.5174064177776854,-0.32817692056345393,-0.29243018895764716,-0.4762014770747753,-0.47259048013244265,-0.3551381436822426,-0.31945378516206974,-0.40330586873989105,-0.338821308603556,-0.38947463088267653,0.6677876354836765,0.49401192626633544,-0.050095374297117835,0.13036172976315788,0.2712202303267309,0.4778375780131372,0.12509765481030952,0.06851084301074507,0.37930697372431776,0.14728660030352336,-0.20489412854773148,-0.24102016780318278,0.28158433101866187,0.22813100494939162,-0.23272987755329608,-0.08134860531192993,0.17682876530615607,0.19694595464303358,-0.18098756897915283,-0.27658254188461956,0.021999201055302526,0.11013925397550575,-0.26835515767948454,-0.15449733293327292,-0.26942851557141206,-0.19156733814224788,-0.011719579832261434,-0.22541825502402438,-0.08387564407207124,0.10975382171429086,-0.029665543311790988,-0.24951230451277087,0.32486249728473804,0.07060694372658766,0.41212302272530954,0.32435605125817185,0.26141300896861147,-0.036797156441342335,0.0552766364811749,0.03215384330046445,-0.35083415502312026,-0.22967027583210797,0.3091257694820787,0.23432641327780354,0.4864015942095059,0.4355624233504669,0.3280299704881941,0.3079658253330893,0.35253469016393973,0.3718128385602844,0.14276160374061703,0.3886327624941847,0.39885432085822603,0.331939279462515,-0.05327145928271167,0.25317957320863715,0.3089109896773196,0.2216107381214388,0.02889342585918003,0.019941515344524593,-0.31083007541827573,-0.43271756247753823,-0.38241586569095476,-0.35718936296558645,-0.2114188905612853,-0.15019746570691303,-0.2371911562808813,-0.17279212252481901,-0.2715497713509074,-0.09298037373578596,-0.15408889285174196,-0.14690558408059834,0.1829841154627563,0.19652764033324382,0.42229930675444716,0.20016736622748138,0.16667467764118535,-0.0668408006761682,0.16596866659735188,0.017951670593379387,-0.2946786794116167,-0.15654684254945514,-0.32054036164902844,-0.0794675056216014,-0.021098864212944043,0.11308841498036457,0.140787386256015,0.015587042606183632
-0.1682439945565563,0.28528116603286774,-0.42318694351728936,-0.4087214335738894,-0.31784033711444665,-0.32025732822386566,0.01716258390506308,0.11729554452950006,-0.08240052385525459,0.01319427407637114,0.08343423687353321,0.5370883699729697,0.649444981283746,1.0,-0.1729624158561883,0.3281389841540929,-0.00867503200681924,0.5164619363895331,-0.4438200453787553,-0.12032269229089555,-0.1688086206363639,-0.3444749702177564,-0.7134045942224443,-0.5664321721831229,-0.36764406612905887,-0.4229109067633467,-0.22690337448789621,-0.3114359358279807,0.5282571273138836,0.7340641685806764,-0.17361192002989248,-0.07463376930540386,0.20570376128478737,0.31764458920727234,-0.1057220470721011,-0.14851330329210663,0.40372353976720066,0.16634592864067962,-0.3060733614387246,-0.209153253190005,0.36787840378975906,0.30942625414391933,-0.3301472520101424,-0.16976527091666097,0.07856526721896576,-0.02198011929537277,-0.12002719869606404,-0.3195090363285842,-0.03761017200330987,0.1504091734731181,-0.3694167100775035,-0.004792924205676642,-0.07414404472596194,-0.090083415130492,-0.009328603032724552,-0.07960695306279673,-0.1268340497785578,0.11248155078241973,0.14431232301742197,0.03725779870536031,0.2766357985353311,0.34510937027288674,0.34520702075275866,0.5033875190013527,-0.029237774851377355,0.052327904908011605,0.17941627174322933,0.0013084637561052897,-0.1508094005756542,-0.10868954153546151,0.35753497846651255,0.29941518629455766,0.5570141047753399,0.43117965744335013,0.374267530912461,0.31196788839511935,0.35844888259402435,0.43735667774922704,0.14997174191300006,0.4022367907937302,0.3722401900256186,0.375552949780673,-0.01633708007132484,0.26920466352502204,-0.016228475059297504,0.027781489076331625,-0.2448213244475781,0.02293076576983426,-0.5389269739915213,-0.2767604735737374,-0.2050410067012919,-0.38028254039588893,-0.11323274629031801,-0.4268653863298499,-0.25013905103911216,-0.06079946982786633,-0.10451652248854304,-0.12452844213610005,-0.10416962144300573,-0.15876187852585386,0.2507096591334756,-0.010807478545817893,0.5227815773828,0.05512788161624387,0.15853737052804093,-0.19943063592459495,0.15338207884915572,-0.005470069805840868,-0.1658711997155684,-0.14727336074685918,-0.3782518975670038,-0.22648575202583052,0.041803333220539314,-0.09306592224779524,-0.06618251276164897,-0.14669973441125536
-0.14068587701852617,-0.0034926592715367865,-0.09866167833964283,0.18485821256117735,0.19457422157706694,0.010210123160822494,-0.07667625085677537,-0.14797086130388884,0.56296651434943,0.2457031444551258,0.25804498406925364,0.011188051692191446,-0.0034350023152065583,-0.1729624158561883,1.0,0.27427172540159456,-0.10665804971862629,-0.16772234927434515,0.20317812394600193,0.17806902978614497,0.23684298745769675,0.2753039745694709,0.3164091409413278,0.33274674097252466,0.20910802578460927,0.2390004003226119,0.09385448170182414,0.15568978299029274,0.07135369878586559,-0.18269293501365547,0.22189059588048296,0.18151252740531323,-0.16433543300886289,-0.14595395952034546,0.08052833655017448,-0.19465601573659003,0.028435861721490117,0.09412878167202168,0.22279297273668505,-0.10262385095335433,0.06848192921222951,-0.03121396648568947,0.1774873480799721,0.13488006780564668,-0.08842577455682102,-0.03827514098015228,0.030151655228019283,0.11832782587299344,-0.35639366322342503,-0.09247851528948164,-5.202042100805732e-05,-0.11553133061540141,-0.11048798665133137,0.008193998248917138,-0.2074944061037127,0.005684567151211393,-0.24365363107263505,-0.07299612571880555,-0.2926245192634002,-0.15251525305397648,-0.27235561237677075,-0.1743923508294793,-0.3377566607305572,-0.2945174100655214,0.07986203297250923,-0.01477800855511329,-0.3730382083159351,-0.4199302090370331,-0.005190301363424742,0.048320045775287764,-0.0032963440083564714,-0.2027250901447038,-0.17661032779533445,-0.13241795801973064,-0.09166119154234799,0.0040848677639550805,-0.12331416383255822,-0.20834044109415364,0.1186314161291639,-0.03159665740383476,-0.029046550827592124,0.10194609725930612,0.44629695714886314,0.2940332805890319,0.36043870340011,0.19349003526811112,0.21700586704599295,0.06741265265495885,0.2251277050831362,-0.06703433078323404,-0.026693758622228034,-0.014647216840386425,-0.0982967884761803,-0.04854000948704887,-0.14699675919184793,0.002777326771364493,0.1562198807348547,0.16536497108175996,0.06384302279090268,0.10082877329801687,-0.1208218325262246,-0.3097279273968229,-0.17342758567264366,-0.1786585945471992,-0.2403318440820234,-0.16511578782115344,-0.30804639043142423,-0.42933024179012186,0.05470556411254877,-0.05915774839200363,0.08813129940626462,0.2094464094655334,0.025752395695155948,0.0356114320821333,0.05114123277578359,-0.1811603957439379
0.20025021827357836,0.538087499127168,-0.27169451999391997,0.21499026101344093,0.025946816355854413,0.1169049606375316,-0.3017794035543385,0.1942756832062145,0.22594511438351014,0.4199165121741785,-0.2533892419957707,0.010714798958991127,0.025877471825422254,0.3281389841540929,0.27427172540159456,1.0,-0.24219180825455672,-0.15828817047786226,0.24265325291958362,0.4508157035844,0.2884340602969203,0.2174260321204475,-0.23650172662906488,-0.2219048626365583,-0.2698038643361548,-0.16104824719497843,0.17800197485463476,0.10700614201668114,-0.014046830192952909,0.048500288263693146,-0.20760852432586555,-0.36546157983162286,0.030968474631257292,-0.21282365609487647,-0.32421037925411655,-0.42964078666677774,0.22164750487800022,-0.01247665707714631,-0.07481596873796603,-0.05378355898703979,0.057678991641950464,-0.0015387600198148335,-0.03836373661185129,-0.1534639933588802,-0.06716959913410085,-0.3363848083732449,0.026989725327171542,-0.05672867064562692,-0.2020867780119678,0.07929959216460879,-0.23845388908219248,0.09911890921798121,0.22048477742375405,0.15242628388991747,0.021597691971904732,0.08436778408974822,-0.049883111129921213,0.09447852695475684,0.21893464846323857,0.29035744860624035,-0.10360956130156679,0.34085796806634694,-0.18729420923336107,-0.00602137914884438,-0.46642991259745564,0.025556875730972366,0.03896348042984076,-0.4461576210106007,0.2898355788290381,0.19582832422897345,0.20681427171605488,0.01588031800677643,-0.08383566639230458,0.0048981012958211586,0.004375703203348932,-0.02256570344970883,-0.168732013474406,-0.11004140413634138,-0.029410925209001428,-0.06028534735536703,-0.013673940966176107,0.10567505503980028,0.19842171156805222,0.25078226976922224,-0.18853644105770104,-0.23265771406814037,-0.08192783212662352,0.1557026443812102,-0.1929227215051443,0.0007468966503223665,0.3170423924688312,0.07630123222950896,0.15271216004732466,-0.31230205718689824,-0.0818853755779267,0.12263733136830074,0.21056595767715489,0.07484471714109295,0.2668837434799498,0.25249329950728705,-0.06276027113940498,-0.2564421418178628,-0.031000965592879882,-0.2393081121571664,-0.19190351872468955,-0.3900917604196504,-0.09647781939919385,-0.2187348618984297,0.0898638477157694,-0.02388733979222378,-0.2060799504370513,-0.06195399269138206,0.21451631096232723,0.0029221923906957064,-0.04123716550580779,-0.07602709600443985
-0.28501973327808333,-0.3579288554405997,-0.1548599188790963,-0.08026294215155931,-0.15754872778027146,-0.2733747685037807,0.06708947579591996,-0.23776429504436755,-0.09806282840138446,-0.2635882652681561,0.38215114228298036,0.1831918238929284,0.23053673371678365,-0.00867503200681924,-0.10665804971862629,-0.24219180825455672,1.0,0.5056379913299649,-0.23594128955947585,-0.2815118615851021,-0.29546819449964806,-0.14313553221617248,0.029481369281509316,0.021337138855009152,0.09484147926075988,0.024493317448602486,-0.28645631874620786,-0.266358295196037,0.38566215280169563,0.2923932202581533,0.3210957974758607,0.3961580205152117,0.22091942582381016,0.3128609754986884,0.1599936961621636,0.2309466875642229,0.23553771336456789,0.21403658075551307,-0.054507036083425706,-0.039877578935623444,0.05577790627550427,0.22440354597439013,-0.020049601149078083,-0.03574409928843097,0.054077856335137876,0.02039623664529953,-0.004702084897910242,-0.026642907719052002,-0.0500056943129919,-0.08097873563834222,-0.11296984656908086,-0.3299773416913873,-0.3075231109066712,-0.24720775750404544,-0.13435418166852922,-0.1919755346665075,0.5459006832594311,0.30395341870675524,-0.3970400431056366,-0.45949468751907097,-0.10122096972214491,-0.2828978841097105,0.38968758295437794,0.06756767498522807,0.30566133824209674,-0.10699540393333784,-0.16118652331473948,0.09560564795386127,-0.08524371565332935,0.027467758213034682,0.06917267722803738,0.16385486971035929,0.3467805755375549,0.2406999726450513,0.32987179437249287,0.22976039995969866,0.22916209617134278,0.14038593033493532,0.265484004411607,0.4641909486497411,0.4088859138074656,0.24068896801920606,-0.2521566246723485,0.0881060442678747,0.34130148606486566,0.15989001813305032,0.03546868473390422,0.082504668986853,-0.027435760792696925,-0.22090750139523974,-0.2606642339964397,-0.22036302727447743,-0.21258100032944283,0.01564846904165698,-0.16297643177105178,-0.02440474572441756,-0.17760348108730276,-0.09551708040117099,-0.14155654286578243,-0.11862359407419051,0.022882757359729684,0.10952407542329962,0.037902363167540365,0.16678325055286308,0.053925214992869654,0.19877228004643882,0.00875332118515888,0.10014415937013936,-0.06779252964982359,0.20208688322634494,-0.024351430435152498,0.11166886633385883,-0.17315444242039477,-0.025405632449762915,0.09918415527275846,-0.051817880999112685
