1.0,0.2990510658515564,0.32573078466424854,0.15299196238939444,-0.22571451670588094,-0.13481207808786494,0.09774705676125511,0.17343897226656232,-0.27952856110274593,-0.23662185039531816,0.3221202677541513,-0.027246451745949116,0.14684655875189337,-0.1853729762737493,-0.0382800557421087,-0.2812057383232787,0.14855343362920853,-0.08554320703700648,0.4382175779524577,0.39141325214079664,-0.09785316003525237,-0.08516261501578724,0.3633862577688825,0.285336009618839,-0.25043986545282876,-0.07168900839596085,-0.08188720403400059,0.09923287058685867,0.1856006390678289,0.13567867201808634,-0.027046078840177443,0.061072848610715436,0.21067355067059995,0.10569351761377924,0.05503728306586393,-0.00751686450276142,-0.04860146843137235,-0.2127908922948796,-0.1764159960815818,-0.29497772074870016,0.11451117755796002,0.04068717762050601,-0.15412351730119542,-0.11777201363696059,-0.33704052200971385,-0.34924826881786225,-0.3062283884877438,-0.27531023820699707,-0.36199494058066123,-0.46817207219307,0.029673051379844613,-0.46902398606923873,-0.08178749850908745,-0.4768680409828662,-0.23916206423566883,-0.3588258471886502,0.38149237426544175,0.2571806840622475,0.48858394522266935,0.289351830977823,0.36850437049102036,0.23435047945627918,0.07247822039101065,0.30081175738794125,0.08475668265916007,-0.16130252190839983,0.17041482781289352,-0.18272663171077125,0.3746363376273476,0.011306151244213192,-0.1430290828294757,-0.2003236684820415,-0.2692817005811408,-0.16995194025213206,-0.002938427610080738,-0.10900227506548357,0.0822667332506393,-0.005320686404614215,-0.21117067967161346,-0.0187139749224849,0.004735675923286583,0.16290132396681806,-0.03134375104024797,0.03640306407190619,0.2629181794543137,0.0037737396849107543,0.04020484693987683,0.0317543800201613,0.2200725253058802,-0.09324035403739962,-0.03927437432295488,-0.0902487856476387,-0.17689489174281045,-0.12185015399088674,-0.050824046937777416,-0.16324949587224072,-0.3437181543380314,-0.3863373663018349,-0.24741071194462785,-0.2104970872952658,-0.2115712064369741,-0.0813594072517967,-0.03793412405429775,-0.04610746462078896,0.010362167072180172,-0.08322865782478338,0.10672061139935403,0.0471097787386414,-0.12811452837484183,-0.27645796335397954,-0.227745327807387,-0.06508673157622513,-0.22728740432976022,0.14602184950189798,0.20290236252328306,0.26762659273370365
0.2990510658515564,1.0,0.08374981383146468,0.22613033440945052,-0.5076328709100728,-0.47304284259160095,0.253819483097736,0.39997387841944776,-0.47604471359324985,-0.18694286678930375,-0.17304267684733424,0.13665447938579658,-0.20519583135225114,0.4312045287060284,-0.36223402482236583,-0.2370709679441723,0.2354391342098926,0.29021946498252893,0.3135321971738088,0.5027869757548178,-0.3166128216754521,-0.30016799166512803,-0.12137787882128154,0.08079518001704879,-0.5628755971111709,-0.5132462663451638,-0.5024289285366536,-0.5598609467980974,-0.06954720710146817,0.35709840059650144,-0.20051781092798535,-0.2790491524671141,0.02310183480123626,0.03630798983338096,-0.2930630153605394,-0.02864480723639965,0.044802926898659404,0.005826080176223817,-0.5056841700734908,-0.5312670399425493,0.09194296394380151,0.04469176650254425,0.05747425108987546,0.043916429767570334,0.10400057906236834,0.14342003765637062,-0.13579862109372212,0.03648230314406567,0.13706427296635043,0.028638646767571302,-0.07004473981178153,-0.0142362716067919,0.09962126644510445,-0.08685920239332376,-0.4589946143003427,-0.4861666399008765,0.6041362047446955,0.6331591159327573,0.21016484254873882,0.49191057666295207,0.36664965729794313,0.5299527362363821,0.4412009117782333,0.4893407158493576,-0.16334812165015258,0.370640539355922,0.15999139648423838,-0.03378755649995301,0.5557488394765223,0.06943859511309315,-0.09942799731706675,-0.12091471176745978,0.07845910844405732,0.1294228100108855,0.011427278851603379,0.08566917662123288,0.0982723461442103,0.03529174516135009,-0.28020397911856487,0.11711635965043173,0.15550999103104943,0.3401301148293654,-0.3095179763408848,-0.023632970924104792,-0.21074781056615646,-0.14201816760532918,-0.1924530680507495,0.03500035838925965,-0.17532845378350068,-0.23462788226162634,0.2413086058072949,-0.008990687671917463,-0.2146388006005385,-0.4536098208340728,-0.40820949579640986,-0.06333707161668725,-0.4278815129629141,-0.45405063871382034,0.1220871146700781,0.16039698683237208,-0.12530501279925288,-0.15072132623104684,0.09719032569896759,-0.16974930558713053,-0.19345845939077308,-0.28643777778817964,-0.046849918137169266,-0.39552484506188984,-0.07007474574146459,-0.42348691235639757,-0.2063476059434768,0.3320044753616825,0.23329832598733796,-0.2201817753963105,-0.18005301410908295,0.027008461419389975
0.32573078466424854,0.08374981383146468,1.0,0.699121839620573,-0.0789898197365041,0.010668510021987626,0.7123574363158148,0.5827364967126605,-0.07873662350367161,-0.12471694586971144,-0.09607131850075311,-0.19617154704102976,0.41298316936708296,-0.11522089470708362,0.022490489129733972,-0.05391937241349936,-0.2572049978404858,-0.08846030041529225,0.455029698020172,0.2562839235805816,0.11440656209589568,0.125963735392491,0.7711136053482879,0.4994626109616063,-0.21719012865251375,-0.17914999475662008,0.06201887382281133,0.18069848340500905,-0.05008921677843355,-0.28291722358039967,-0.02050732965706467,0.03478665677782589,-0.15034723759996507,-0.0857706561704587,-0.09781429600781222,-0.10236950440063378,-0.013465518472797694,-0.23420413951007915,-0.26034516010958925,-0.16936489279097836,-0.013438810262323894,0.10708764108681183,-0.41160772194047934,-0.38873803607431756,-0.41106336915603564,-0.42284921077980275,-0.42389336842866354,-0.5055813659894828,-0.3018570547223324,-0.5121076787874521,0.14803337597566374,-0.3055774255318475,0.08957304482894239,-0.29686442790080614,-0.19463409817761307,-0.3726327828603687,-0.08689060683902894,0.04418603723823209,0.08962913762997003,-0.09645900831026817,0.08870281519380532,-0.07004063402044343,-0.2771838795324079,-0.13953961274109794,0.4080375830703659,-0.04331846968370514,-0.01064964116507999,0.13936155348104948,0.16691915604742277,0.3459179440467924,0.15575099220749686,-0.15400123004925578,-0.11226164240355085,-0.19824156410442448,-0.16910272832311893,-0.24173013421758993,-0.3609550193868658,-0.4351798714804738,-0.14234845121001558,-0.23207509554751146,-0.19772464000526926,-0.1857942169597239,-0.1374931120771736,0.028144689369770087,0.2699544291343543,0.03090816018379474,-0.06899828682774646,-0.1613144036408462,0.41299796666841615,0.053535167179763664,-0.1650726038126469,-0.19638067249035102,0.29707800999121353,0.1664084759065846,-0.037047308486060714,-0.04164566058835615,-0.09603148780831126,-0.07419084828265715,-0.5032456530546658,-0.5207528949212216,0.017664428410733266,-0.0531355228621058,-0.16894162492826645,-0.04599695711891653,-0.18180165498314363,-0.18995363990951178,0.04836153186482537,0.1089271014831003,-0.2912341098355681,0.21472212256746562,-0.22038519406636067,-0.47569702122233476,-0.3389055785122998,-0.059720467939109886,0.1762686812835441,-0.04212800833012736
0.15299196238939444,0.22613033440945052,0.699121839620573,1.0,-0.1108339987266195,-0.08580143000887167,0.6099402656707169,0.7479607091399488,-0.10065992513623655,-0.13571244809366126,-0.20666026708353552,0.13833353647006177,0.2513982716437196,0.1971582434278017,-0.06496933799197764,-0.06359102046861201,-0.25248009202044186,0.1002057565853348,0.5120872796218033,0.42531183439522746,-0.06416381202311687,-0.03377318064608157,0.4546064113303922,0.496009512225182,-0.18008925918124788,-0.1521261031559795,-0.07804768702014586,-0.045291243124634124,0.010944202127354925,-0.18156433238370234,0.0417472092310361,0.07337115086989608,-0.268690447226926,-0.024106155746601087,-0.2336367571221754,-0.05222820280755856,-0.1442628455125166,-0.36626098583746375,-0.4605863582068283,-0.3217117172901893,-0.05063128896123474,-0.1102474918441226,-0.4790587267931331,-0.46196581015554034,-0.20472621601627639,-0.24325621772076494,-0.5035317675982811,-0.5508589008468939,-0.08280755742340688,-0.2817196826788186,0.3675968250749219,-0.04159088047936866,0.09607889054770967,-0.13542722610968633,-0.30526695801049014,-0.4247542331373831,-0.0968237670242601,0.013825615778786115,0.0373651650723608,-0.1028238167310436,0.017203016974336238,-0.06650258375295,-0.2554668724767953,-0.16163298259814812,0.47409436246401426,0.3688566908934878,-0.0822826643363122,0.0778650793693921,0.28782019725608593,0.37153170433683,-0.05220150412157568,-0.11812854480641155,-0.0587980970166476,-0.16247066570458557,-0.1563747473616237,-0.2664991378766539,-0.6411190345823977,-0.6505693859380282,-0.09172522806897122,-0.19412173315289688,-0.13017352623786482,-0.2738891327665053,-0.3229684690772472,-0.15871452551137413,0.1579250071247152,0.04807632329908631,-0.10605469328236833,0.04933064551609492,0.2220934277119284,-0.004711330380796441,-0.08333477147303461,-0.22188284975911812,0.3105105800944625,-0.008894769297902942,-0.26100009309349037,0.07904098675769526,-0.22543579805624434,-0.1326582808828509,-0.5059667409203799,-0.5746124307446816,0.05967872229566941,-0.130014160554271,-0.07491080728869437,-0.044024616541313295,-0.2681603576761631,-0.2510553353460082,-0.018135111937081467,-0.06014486214599721,-0.21461411882034048,0.1230390033480228,-0.28944391343724324,-0.45841391586666314,-0.46923773363461424,-0.1706412855029391,-0.056376815956094596,-0.13708942077418326
-0.22571451670588094,-0.5076328709100728,-0.0789898197365041,-0.1108339987266195,1.0,0.8332997955425776,-0.18754713581182825,-0.2981718570722661,0.888942404442174,0.7276993621873905,0.2676603021555251,0.08989354211689508,0.3240633176387368,-0.10799305635603056,0.6018233695887012,0.6830053444950195,-0.14064039538147133,-0.08102423507372931,-0.3659394494195744,-0.5434364303118026,0.0033684792759451957,0.22418263798958346,-0.04978879597578545,-0.27112954131536104,0.8028314834770293,0.6694337137565358,0.8363692321306332,0.6992981504404576,0.09241574277330351,-0.36540357635861836,0.18730564271705205,0.21974282739179893,0.06251843314952636,0.16662883207466544,0.17242026901549792,-0.11859591977104063,-0.1621972897195561,-0.2301947135950574,-0.002808961534562442,0.15513609781590063,-0.07179519121433109,0.1505910626807049,-0.14891360494470166,-0.17828981205517083,-0.27912023137054387,-0.2541449589580155,-0.1794406242821086,-0.26439485073127467,-0.21589798735444948,-0.2469211930288374,0.08472573701730614,-0.053754383244427245,0.22564703812858153,0.28928053223487027,0.08045461368140194,0.10149013852741057,-0.1998210766455181,-0.2629269570113059,-0.19694334732546345,-0.45713005419275615,-0.06780841651311584,-0.1294177920474462,0.03135522143423527,-0.011776115306786971,-0.08034516027672471,-0.23265833528961555,-0.3291044650700335,-0.25336939373336737,-0.47986128420406815,-0.24497284938891806,-0.1989917169049564,-0.13259720241049922,0.04954236873845353,-0.20322970521918995,0.09233927322187083,0.0756152128165305,-0.04048502843165213,-0.09118363818873688,0.30072479343880243,-0.05975273021414207,0.06211295344256768,-0.08660401518001123,0.31686641432528717,0.22891890604446896,0.1113136610532223,0.28317449243823,-0.11246669079774979,-0.25479211432372667,0.2941496813880959,0.18410714981218498,-0.4513211816342646,-0.21794634532550697,0.11439162192630364,0.06576511993823626,0.0051808163152404114,-0.05373001381469298,0.03764393330639506,0.24007541512228825,-0.42277502858629906,-0.1726548612077624,-0.13151396216845682,-0.21571649901856824,-0.3551380418357319,-0.15002026304751057,-0.04021291945366362,0.15530259083065384,-0.1226338029430321,0.3074852353581091,-0.1840352904722726,0.0283381337132663,-0.18099117731360737,-0.31374861262085585,-0.32704608753352854,0.14021252897484973,0.09193680268173013,-0.02285928002186549
-0.13481207808786494,-0.47304284259160095,0.010668510021987626,-0.08580143000887167,0.8332997955425776,1.0,-0.11638707221170178,-0.33978454575892164,0.7199562060385714,0.8232622592775842,0.2036851549827772,-0.04210753613340249,0.20896504567656277,-0.27399837451877607,0.42958906391091634,0.6184172164643281,0.005445215598226619,-0.1635396905448364,-0.2697590591627747,-0.42844216215880004,-0.03945658971766799,0.20900939954171277,0.004506541108803461,-0.16781247275113198,0.7205110833201103,0.7088628306095593,0.8530993265026158,0.7890121762554687,0.06645650729382237,-0.36968638922857167,0.18412816643345517,0.14804998498124528,0.10278017088122904,0.06404629007429526,-0.00714716897356016,-0.18345016814659332,-0.06836235434817862,-0.18023066930028533,-0.09567617038811563,0.07748421943681004,0.012798113041690196,0.19723250046909646,-0.12115440222160044,-0.10056280505898242,-0.26024726632730205,-0.2587309748939075,-0.129681487533901,-0.18071189602634516,-0.21705916167565253,-0.16981398323636482,0.11888560431278089,0.006540018698205273,0.29363800893758407,0.3226702152969609,0.04401490871622201,0.0860584014833784,-0.0971017756257933,-0.2809963152503192,-0.19805880294065428,-0.2672299753612267,-0.2468337507158959,-0.269366788970491,0.050946799311876144,0.0067765626102912506,-0.17515705340456628,-0.2853454111507008,-0.21257227363972048,-0.1980877722655319,-0.40550808048698883,-0.25766921580854496,-0.11295869440489806,-0.20069297836408234,0.11201733374763607,-0.11593169860008372,0.1558120782800101,0.19202321240785408,0.013110087819790452,-0.17139277132636715,0.3170378969360048,0.03864993749729622,0.055254545354087706,-0.025712931234731208,0.340686887344443,0.29704595434316117,0.12374107499379007,0.3561256816993722,0.0032887980032032765,-0.09626671796928146,0.2123839540273818,0.2563774531372993,-0.4930465275110906,-0.24669494729320915,-0.0055862674223653,-0.001846550873331309,-0.08960017027151629,-0.10652387818826699,0.010492815674244033,0.05638974889033318,-0.40882493235271977,-0.19383339539119432,-0.3409087657669298,-0.28367796459530864,-0.43882847888848364,-0.1588023261977473,-0.04567112616567729,0.09228542654398578,-0.23988181466043693,0.1974994885105703,-0.12633816939087877,0.005001221915732692,-0.13535524662860823,-0.29403334140844034,-0.3927666152848348,0.036364569340098615,-0.07184740099448807,-0.11484268499844301
0.09774705676125511,0.253819483097736,0.7123574363158148,0.6099402656707169,-0.18754713581182825,-0.11638707221170178,1.0,0.7559914316762713,-0.1521336668680796,0.013892195553223189,-0.32231390818173894,-0.10688605785249215,0.2474211812180354,0.18207631168218083,-0.17413228863056954,0.07604269577464436,-0.1281632711790769,0.1443635609800601,0.24201765998767055,0.2398689481729925,-0.02306666219501548,0.020557156767977303,0.4073064132316703,0.372754039564612,-0.4683832729228837,-0.4537786568081488,-0.14229567892401204,-0.05910508688723461,-0.018888965869531607,0.01645690664103466,-0.08232204535866083,-0.0992530742951354,-0.15717207350710716,-0.1549133341630008,-0.18363122465912302,-0.17557502659793311,-0.028449226862259144,-0.1831967909206355,-0.3818192450514194,-0.2536987866655061,0.15855664464742097,0.10389873881315081,-0.09065395374706288,-0.11780293745808348,-0.05441055719326343,-0.15492540636522373,-0.22347941987879139,-0.27249937956879106,0.02401536390959289,-0.16218263768673533,0.13877472775816913,-0.09964101396839935,-0.04013418231364366,-0.17245845461138093,-0.33704840452958285,-0.36659535287963246,0.014523006282876618,0.13211638285086927,-0.1236210476367468,0.009331677289584072,0.11735184145235521,0.01722111265083718,-0.10941773210364134,-0.046941065863774334,0.26825852755472285,0.10021594727295138,0.05811923418860058,0.1174086596801038,0.06713647593987486,0.1293704694004194,0.1782088572194679,-0.008780008012818839,0.24349130458481866,0.0030072477839198255,-0.039585756793427046,-0.19601493390138672,-0.28538354804045807,-0.3182635444533544,-0.23919255128762115,-0.16514880216661945,-0.15605954323794663,-0.11926885889804736,-0.2649890727352646,-0.022749885119063437,-0.10057256565394845,-0.0030432690653877477,-0.20234670292397047,-0.0999888929511108,0.0001146493696524679,-0.17535490289289377,-0.08503494371842463,-0.17390413345570893,0.23013644199604535,-0.0473573765489753,-0.1889657456085521,-0.03829876515817652,-0.25343532153839643,-0.18547176748926755,-0.2933654930692396,-0.31573127042177007,0.10860181895242697,-0.059711761044878416,0.009062047209939817,-0.09034857528958075,-0.13725026140093094,-0.17361252959367626,0.03133313328064659,0.00880557274083827,-0.323959135291186,0.03755394097100803,-0.2990365840606681,-0.24498113176250638,-0.1794347362518575,-0.21410717780339855,0.08116612843591123,-0.05431893060950154
0.17343897226656232,0.39997387841944776,0.5827364967126605,0.7479607091399488,-0.2981718570722661,-0.33978454575892164,0.7559914316762713,1.0,-0.22406181828716998,-0.13979055762164044,-0.26930133580170784,0.09834417886479387,0.1424476038163839,0.3405236856043,-0.24589386755048717,-0.1392834878037154,-0.14223049404033633,0.20365723356658996,0.32162054481067615,0.35562568895443775,-0.09827376932077901,-0.19783758910513466,0.31720399118523784,0.3811877800982383,-0.5224178827536788,-0.5809938077831173,-0.3370640903923383,-0.31771516248987436,-0.08257188041404921,0.09987511892125502,0.0209120686755413,-0.04406393424453274,-0.26026121912504935,-0.02969962270028378,-0.15802784647313192,-0.059966059079429396,-0.07709983287057272,-0.24785377608406348,-0.3979320447070076,-0.31160937373229647,0.048982518239476906,-0.11096178227925481,-0.1898462965098241,-0.25819907310765017,-0.050557589979030884,-0.12816369087148138,-0.3941679937279452,-0.38721155288329057,0.18413496598565027,-0.16740553207811457,0.24693808294288166,-0.08912085980780592,-0.01638925130088705,-0.29296811564184455,-0.41201488533875513,-0.48559101286351736,0.0240451423096597,0.15105446729866184,0.014110031167732419,0.05761034904600555,0.26095624735355827,0.19746594980585974,-0.14978464888683768,-0.02260716896320966,0.482560051587587,0.3612515432937606,0.09572055452074692,0.16619795621022743,0.16689327897637163,0.1667148159621985,0.059090989048481736,0.04607288065617254,0.10062813143385357,-0.04084633877787339,-0.10952488922543273,-0.31188290656148754,-0.3190160436486092,-0.3029202880289587,-0.2874362847608211,-0.1243723021658456,-0.18242768047932814,-0.24359725781903757,-0.37891007996596354,-0.2258393818759526,-0.08589495641204456,-0.14771390516449073,-0.22856657676625253,-0.010044133908698108,-0.010055996650026018,-0.29056938081712114,0.0006682857360220334,-0.18346618632046713,0.23056442474871391,-0.0440281117740055,-0.09222103108395624,-0.1156926500240716,-0.44115002075552007,-0.23453978680104864,-0.3713291850875966,-0.4027989104518009,0.1928044326104354,0.08217398451932076,0.14358264383076166,-0.03604947409527505,-0.15670050244517772,-0.09020028616045435,0.045168894102071026,-0.0794382430489085,-0.21916330135815204,-0.0301271326742533,-0.3989288491899871,-0.2895682147563224,-0.23759121985601941,-0.19468727753668247,0.032976685398162384,-0.05781507234393778
-0.27952856110274593,-0.47604471359324985,-0.07873662350367161,-0.10065992513623655,0.888942404442174,0.7199562060385714,-0.1521336668680796,-0.22406181828716998,1.0,0.7136132327861042,0.3225026888054508,0.1436825660448334,0.4128730444207167,0.002090319255686203,0.5889766508754246,0.6477660673904836,-0.13998305821864757,-0.08001115245144508,-0.39584692212727135,-0.6006321926758171,-0.053059394673408804,0.09535121954164065,-0.002590295978874781,-0.23776328767008065,0.7230108820238837,0.5796548025722587,0.6104832218011162,0.4844337012777352,0.12083159477343534,-0.3655465835950449,0.22928237588216918,0.18369166841105403,0.05902535048661134,0.15315056843468366,0.1808728771185836,-0.13762849303309035,-0.1892493780094892,-0.2950425587408529,-0.012572014027245006,0.11054457966954429,-0.09720790509563389,-0.05676808025125987,-0.05323528534959156,-0.030432373257622047,-0.13322311235033457,-0.13429587082343591,-0.06230849446469379,-0.1724278992290314,-0.09819001474339871,-0.11116029977557568,0.1285828978753597,0.027212361447671564,0.2407849962318769,0.2992071583147911,0.14731686644698216,0.13199711541019143,-0.2660279527216341,-0.25164818646489767,-0.29728781844891106,-0.4946752187244944,-0.11403648476835744,-0.1644434502406556,0.041156066172377125,-0.08867214745337539,-0.011199464801569229,-0.2355006231173832,-0.3001386795262979,-0.22968445501437681,-0.44023970792591843,-0.21221491567221837,-0.2237233961312259,-0.16759997951843147,0.05482705482938843,-0.11252103965312324,0.14058171679485373,0.05837539924999389,-0.08024402871183617,-0.131374339362118,0.33082788574530275,0.026949628323971315,0.017662116165971832,-0.1592353571548224,0.19289532829221387,0.11286591556607256,0.052556116893150616,0.2355130000969108,-0.04839232735965118,-0.2863877107592723,0.2980031042727713,0.21624905167449643,-0.4948561395227345,-0.23967151256875963,0.056633772757316736,0.026478647165434924,-0.02511585169227744,-0.13379911521188093,0.03840729857363412,0.18047673007676215,-0.4391101849474003,-0.13042568401420668,-0.20964146439070844,-0.31822454689789076,-0.41614496387857514,-0.26922507128994455,-0.14991062017116644,0.1236971461462905,-0.1991910355730627,0.18764476452317236,-0.24924616113254036,0.08167658251139112,-0.20142615113072526,-0.3257757612243245,-0.2850627832943883,0.06357719167299265,0.050083517959908286,-0.11475981246051924
-0.23662185039531816,-0.18694286678930375,-0.12471694586971144,-0.13571244809366126,0.7276993621873905,0.8232622592775842,0.013892195553223189,-0.13979055762164044,0.7136132327861042,1.0,0.11917731832247035,-0.02056783176205202,0.13124830522497832,-0.01685526253937795,0.2738549562079137,0.72448447554809,0.06267982981125644,-0.025706721385704685,-0.378361666012188,-0.4093130738118258,-0.11177783391169664,0.018674853963316636,-0.24633070122099776,-0.32953996569156024,0.477785349304536,0.3798873428847944,0.5921510453826239,0.44792940304677864,0.007580801393331233,-0.15227103393895303,0.140551860704077,0.010207604777753,0.06364392063223526,0.08462186959711564,-0.05656427929458125,-0.2042536280430115,-0.04117382472638544,-0.16175588511031366,-0.23855262637320818,-0.036268080583332266,0.12400085808220898,0.12819161969385706,0.06752347819717844,0.01671144470463163,-0.07689640473524845,-0.06271335554995569,-0.10286742845186585,-0.13471494551312524,0.0678470212650118,0.0009712905365731237,0.1126153783839151,0.12756508132065092,0.3012336094120136,0.38201563581220066,-0.12587155776044368,-0.019112308340470646,0.06248436482381189,-0.08782823444526823,-0.31250341077505955,-0.12976517804816604,-0.11136778102151375,-0.02180666381541852,0.19702532878186474,0.11508691133607064,-0.2644399223202835,-0.12904060939254658,-0.14862505528949763,-0.1105873195486514,-0.37358513738668186,-0.3016946400266681,-0.14496305808052598,-0.12432680282016181,0.25169369450993684,-0.029244164702111605,0.24552524550129087,0.1839610756090857,0.08309083520948476,-0.10558683799595805,0.1591042101684077,0.05963896778079025,0.025534026948528993,0.007585286038403487,0.14791384517061812,0.22718951384352928,-0.18821816889585755,0.2042043116435474,-0.12862882797915792,-0.1261257043821437,-0.006240041665269585,0.009439715412877801,-0.42821540206604236,-0.22231704507317776,-0.05822768064848333,-0.18384385990602267,-0.15107079832193576,-0.14868324146969678,-0.21770705908991148,-0.041027420890703506,-0.3272555784310418,-0.08095978718340194,-0.2863045834791966,-0.29329550792532827,-0.3474921286051747,-0.22305850389197066,-0.04544826049676526,0.15088068587673095,-0.23951819593456344,0.1061822615014409,-0.12850804950437583,-0.09856878726764248,-0.3309182049290546,-0.16047674437543016,-0.2205492090467327,-0.07975752817674937,-0.07193982621419763,-0.12501730313520912
0.3221202677541513,-0.17304267684733424,-0.09607131850075311,-0.20666026708353552,0.2676603021555251,0.2036851549827772,-0.32231390818173894,-0.26930133580170784,0.3225026888054508,0.11917731832247035,1.0,0.19580023849623057,0.4896739563843765,0.020594428594118672,0.5794160886958374,0.215311723967411,0.12404155604686956,-0.02799861448014992,-0.1713732773915128,-0.2736973346684079,0.0195203738348084,-0.041303077142876524,0.12723094897612508,-0.123522038846283,0.2973409076587264,0.3604653615210398,0.20056397060301484,0.2341957561894458,0.45763521479599667,0.06589509466518886,0.31616379390845967,0.42453970034833977,0.26557583381308686,0.3158755470887979,0.10121701745358537,-0.16777235647160352,-0.015686179132815035,-0.08748040405576216,0.137281085118183,-0.000215210507075826,0.13053571559176358,0.14112273186759108,-0.013064644025678345,0.05170648568480032,-0.03139146891011497,-0.04170314013512639,0.00751258264496786,-0.05653018174838821,-0.19529515806009143,-0.07222727401764091,-0.03435992734853664,-0.2289220668491527,0.1421580999042073,-0.06818682289378444,0.14059061615040283,0.03476687338350942,-0.12991989297066658,-0.2727645199447882,0.07940619018512823,-0.21758742703539966,0.14252539342446752,0.10641658208031445,0.16052009502380077,0.14446437948009253,0.11264028864600774,-0.08154910028912565,-0.22595341462738625,-0.3987217060048749,-0.164995372517102,-0.2697495243043843,-0.19978993399592707,-0.1903831534800387,-0.1309030613267383,-0.17287896384579873,0.13309882255398767,0.1134203508516659,0.12799548388257037,-0.0011562186575978536,0.21843537897615614,0.00693456462213655,0.0304016582227602,0.02420450375683327,0.32577131221922817,0.29615670476796124,0.27328236142037654,0.15985816753610058,0.20512227903367802,-0.08221785139345426,0.2085629658906403,0.20729990175244944,-0.4031329033881517,-0.22456487416083806,-0.30407931659078286,-0.12841612581558817,-0.014815624970632631,-0.07933252244218018,-0.053026848457348716,-0.027476200774499658,-0.26121269785448015,-0.1426465322700308,-0.3281115359281222,-0.2947354625100196,-0.39893741072519145,-0.336106629589307,-0.27941672198849876,-0.14774892285335944,-0.233587988811706,-0.13788946697309623,-0.09543294777793566,-0.04196899738583018,-0.052466122645155856,-0.18428870256877602,-0.24063560963565891,0.0356578372405085,-0.02879437828833913,-0.0934663053057338
-0.027246451745949116,0.13665447938579658,-0.19617154704102976,0.13833353647006177,0.08989354211689508,-0.04210753613340249,-0.10688605785249215,0.09834417886479387,0.1436825660448334,-0.02056783176205202,0.19580023849623057,1.0,0.2578047786080645,0.691560531692992,0.17945681204629685,0.17786505591226345,-0.03145300405121918,0.336298392056619,-0.045942410727047876,0.03916631440357215,-0.11775150243494985,-0.3476726529435935,-0.18066570893011674,-0.07899718376427127,0.15021100319983166,0.2162879699366562,-0.14481824216187078,-0.07845640761897912,0.23532071032319807,0.19870584500830618,0.2843447104596082,0.1947596401563461,-0.000978397231691631,0.2610789106650333,0.11618431351907517,-0.07457171057155457,-0.04620614023701992,-0.04346603334258659,-0.10301789549269855,-0.22163610366248945,-0.19901995816175092,-0.12375522743955729,-0.1179671046405987,-0.08202914895027255,0.03906694470830395,-0.0851477351316281,-0.12674632107639125,-0.1168061156293976,0.05943524390521213,0.0370821297850119,0.15270447307989024,0.08980580941207364,0.04182259176083888,0.03674566943984982,0.002389055848137874,-0.013568875259350698,-0.1532447446708713,-0.2685030386069651,0.08237583589819779,-0.26827712719633184,0.22231077426123708,0.2476918520942374,0.20410401433299843,0.24039546852725652,0.29810787987785525,0.5690195366430943,-0.24222922627655005,-0.3617922882560503,-0.08244957764232036,-0.14533711553952336,-0.3987810159887076,-0.33736336932833505,0.22262154164223788,0.09872749897150446,0.21514221225848817,0.17736536422501367,-0.06043845603525452,-0.13711566587315915,0.355159559415108,0.2521532488181815,0.1953426346689539,-0.0008466388861317715,-0.07889790541549302,0.003314149104584247,0.18517526981742266,0.3407969872677449,-0.023863002526274588,0.1118177764706649,-0.07153295997802167,0.2244721218372894,-0.17380491856391442,-0.27043412407039386,-0.23453437424937068,-0.31650043741607514,-0.37283963481970894,0.11146362837597364,-0.09310084034558765,-0.20550372838564135,-0.19217710711856073,-0.16204413113254545,-0.12087662018686318,-0.2993929708747537,-0.23868377968677312,-0.36842614125255235,-0.3839428372000766,-0.27076285836564085,-0.3204692556461384,-0.3134692040195996,-0.03330362018654118,-0.16169217741554173,-0.1477900378804028,-0.25078447387800684,-0.2560149590431849,-0.1186948155531649,-0.24782364487367806,-0.19914549824059544
0.14684655875189337,-0.20519583135225114,0.41298316936708296,0.2513982716437196,0.3240633176387368,0.20896504567656277,0.2474211812180354,0.1424476038163839,0.4128730444207167,0.13124830522497832,0.4896739563843765,0.2578047786080645,1.0,0.23043092666761633,0.5573469434063499,0.3776983354520524,-0.2410558161634222,-0.040603669991577204,-0.10999948568352305,-0.22634980723746206,0.07514585103799057,0.0484505091875314,0.4622352645259112,0.1411233340984166,0.14142048036192967,0.16943542628329977,0.21708316232622113,0.31484286459837907,0.26637727882427215,-0.15277612611740674,0.1884734348136216,0.2370051086975192,-0.07080352049934346,0.13032812076449485,0.284759085286952,-0.09661605205185912,-0.15402182600994496,-0.26752421074336435,-0.08604545761635478,-0.05704731833312835,-0.08235152900233092,0.12012960363970486,-0.19949085990567106,-0.21214202108792204,-0.20749215119054684,-0.2743926407895282,-0.24706419307615768,-0.3485451106605864,-0.21144485835420201,-0.25134244512134635,0.180498067597606,-0.1722183645836884,0.09160287875546948,-0.053799835300253146,0.016280731612082776,-0.10102113148962749,-0.3574352655513244,-0.33005943286819456,0.014072758916404839,-0.42792609584033797,0.1763017418740529,0.06403429300862166,-0.11433804753522173,-0.10893802771126042,0.3786757518656251,0.05522938672961402,-0.26613546181016257,-0.23736610079781562,-0.21289631774680393,-0.0018581976617015117,-0.10953737306335778,-0.34847840544561165,-0.03272952407314302,-0.33566454247648264,-0.05210257662552897,-0.17474493736474495,-0.21773446660379872,-0.3226482682945112,0.22680653402611387,-0.19266050939435836,-0.13115333343069902,-0.23409568989877877,0.11317185078864643,0.19122466416433104,0.26314296552705085,0.22951433517175937,0.054264057852223276,-0.2639784816489828,0.4566863023192845,0.2587748167818098,-0.38960846246021336,-0.2232536446054053,0.08359406233636314,0.05371432184017397,-0.03600386887587012,0.06193236479730459,-0.026239942860995125,0.021466321997743308,-0.4766622311238187,-0.42222367055490145,-0.15460169089821912,-0.3864718363286902,-0.49248863310777663,-0.39419974001872854,-0.42368906609108425,-0.20267125316403903,-0.16110404321036007,0.06900323221107053,-0.26845540828788317,0.1362919051266747,-0.2402144258642714,-0.4844404044492571,-0.33229374669227263,-0.08238114970550608,0.12608177393196093,-0.07984280013236829
-0.1853729762737493,0.4312045287060284,-0.11522089470708362,0.1971582434278017,-0.10799305635603056,-0.27399837451877607,0.18207631168218083,0.3405236856043,0.002090319255686203,-0.01685526253937795,0.020594428594118672,0.691560531692992,0.23043092666761633,1.0,0.06163752474775495,0.18148095129750869,0.0007530074678656884,0.44685303162649553,-0.03245493033076146,0.09643419310210402,-0.18108711780779516,-0.2608849037043565,-0.25240814258306554,-0.14841046716722092,-0.1672840661188919,-0.2114562923457465,-0.35860579833421935,-0.37943627985447814,0.17183362320785092,0.3149563772931535,0.1525434850350594,0.04162051348224973,-0.09705150159282222,0.20243450720694517,-0.024494688246576603,-0.08711197405869264,0.061367801087934715,-0.021734290572417776,-0.2656061753946255,-0.3442337343934376,-0.07216697057715159,-0.03233285839997476,-0.052937130600805016,-0.073841456553576,0.14738906167047336,0.0851766113419561,-0.16285923283978082,-0.06785081119703837,0.27079764061309014,0.18484006440987735,0.033064693494302244,0.18428413835062626,0.04880421973625804,0.08467984187197879,-0.20006586416791783,-0.20438040756867282,0.02467039033036659,-0.01735932139071285,0.027034008448301627,-0.07278783261451431,0.35346847522167346,0.4315014605933142,0.3909341801786183,0.3655859025524986,0.1524576769677388,0.6356333492257046,-0.07695625351204947,-0.15636498681102773,-0.0039406134159473815,-0.10888137423036284,-0.2569863517653048,-0.24186989356752253,0.35970152312582604,0.1438813210987943,0.14897848851227358,0.1446053139375245,0.01082879003728903,-0.1113947992685429,0.16135028853103917,0.23225040200104238,0.21263058818286115,0.11456462069569523,-0.2748425868721383,-0.03070229635309403,-0.22755203469603733,0.08836502547005183,-0.17695734454000245,-0.019174149515728857,-0.24492244847210906,-0.04659566514893129,-0.05938549849902545,-0.18465316764334247,-0.18174760884042498,-0.3351503259540681,-0.37595157682161007,0.12296746974315162,-0.16789975085573874,-0.22589707235040726,-0.018366675061902944,-0.0038498117698757698,0.020094096763290943,-0.1745803884998666,-0.0570790673658884,-0.3450581582617805,-0.4169138665480231,-0.2905691214561921,-0.2522230349102054,-0.38059541252514295,-0.07820805875812817,-0.12493725688912542,-0.17028372664134048,-0.08526261456215005,-0.03445636127680734,-0.30298337192917757,-0.29535618459960045,-0.2411502762380027
-0.0382800557421087,-0.36223402482236583,0.022490489129733972,-0.06496933799197764,0.6018233695887012,0.42958906391091634,-0.17413228863056954,-0.24589386755048717,0.5889766508754246,0.2738549562079137,0.5794160886958374,0.17945681204629685,0.5573469434063499,0.06163752474775495,1.0,0.41368743371539907,-0.18162262815876323,-0.1482604910316665,-0.19257905730407168,-0.30819651205458526,0.15310440863048733,0.21817927033335124,0.21184099671580653,-0.04547750175276536,0.5282157526909844,0.5548072839700897,0.5126509291327146,0.4396844625413247,0.39846472974807573,-0.07950377616191011,0.3443603451315702,0.44679976616365114,0.16635241930963718,0.25594450802991286,0.11037384668075209,-0.10601004602533608,-0.13729779531925979,-0.19517687393815344,0.12250082901365945,0.20247725802677374,-0.09395092052876916,0.27103557514069593,-0.13841465352771942,-0.1243163223627844,-0.2057659997534947,-0.21234370538157693,-0.05114142563603618,-0.1615388990404059,-0.3514928178680925,-0.21439325087955113,-0.11172651775850256,-0.23446012639151304,0.1527916334421574,0.045340096515916264,0.10279760915023001,0.03754928252572365,-0.31021140519700086,-0.44396811028450534,-0.05683588087764256,-0.36964839427783025,0.05166365063604282,0.05934805973367173,0.09773457799555847,-0.04999602144306451,0.12497952923476362,-0.16096090016064926,-0.3989304753017285,-0.3251173452070015,-0.4710136706095001,-0.15668185094951295,-0.09944808513790766,-0.03483788275056095,0.012463203936509215,-0.21776649892726369,0.08401599976695445,0.0637004607803481,-0.047089827970449735,-0.17606265272866348,0.19317341575274224,-0.007664695285115889,-0.008137749631683462,-0.06812246104227246,0.5464406267611235,0.44101053387809414,0.32620013682335863,0.2554574154253,0.06155081366947091,-0.33795002136407004,0.39739746382437013,0.24679100539001106,-0.38351061091175676,-0.2163091103104641,-0.10062079223085793,-0.02004911575260025,0.020822371835468804,-0.08766995276633086,0.0983474068269052,0.12658598824838121,-0.3422917201539156,-0.23857900226088627,-0.13864414906815706,-0.24195381343147482,-0.3761673927245122,-0.1943405194959909,-0.22708554036995657,-0.09757639997879139,-0.30543616185021794,0.09205709006098722,-0.19349403805720702,0.012942013595984755,-0.08890850695558246,-0.2938730307019988,-0.3225114056128528,0.04793524805483068,0.04006343547214817,-0.0010814925025675677
-0.2812057383232787,-0.2370709679441723,-0.05391937241349936,-0.06359102046861201,0.6830053444950195,0.6184172164643281,0.07604269577464436,-0.1392834878037154,0.6477660673904836,0.72448447554809,0.215311723967411,0.17786505591226345,0.3776983354520524,0.18148095129750869,0.41368743371539907,1.0,-0.10707470747199094,0.03133776415904177,-0.5344836224009271,-0.5034578185431244,0.0719605998801005,0.08381681617073442,-0.20061544700346853,-0.3540472723724987,0.4458723306045794,0.35704955183388964,0.5412750235190528,0.44521130692674493,0.052532121969214585,-0.1267859111607412,0.151145774732053,0.13226894059789532,0.055685280416388996,0.19562960391217085,0.06526123184634466,-0.19614792564352676,0.12941997087172966,-0.040335742204715766,-0.11459455895176511,0.0385090669463201,0.15921776288517184,0.24855753618180074,-0.0011371041901476406,-0.025612109334621134,-0.11359773503187579,-0.08320801910208306,-0.08276191031716536,-0.215157073465047,-0.04337163027500396,-0.0975417622406166,-0.004411847596410182,0.08631687555006863,0.37520842155771783,0.3344603408753548,0.04427466957724088,0.01437441868189824,-0.1341633944103454,-0.24479042029051742,-0.18896737212008105,-0.2829196621407875,0.057227339295289704,0.12203417874568986,0.10713582586057674,0.1148214934367114,-0.15115970791067523,0.053361363525092124,-0.3138262357459351,-0.23121605340056597,-0.44753274122940756,-0.3152415842619813,-0.22007061550818618,-0.15704350428938452,0.226933847176433,-0.15507070795523564,0.17404290089517596,0.11960571160054255,0.0740078027162098,-0.15838429591316627,0.23971517629315464,-0.06225414604541881,-0.010583971332919093,-0.047887154675677966,0.17352881158152816,0.445722283737948,-0.032598703696822204,0.44260965885810927,-0.33093311863282016,-0.35862795836708555,0.173521464235418,0.18149594640944292,-0.5153635910890212,-0.3344936636117066,-0.05975040995386319,-0.162996369192247,-0.036680231923905765,-0.06320354332997195,-0.0705195814936759,0.1466934928087253,-0.296008025495705,-0.1159281223875575,-0.17545562722573993,-0.33788141807813865,-0.4895159966439958,-0.34754480296875295,-0.1976748031178905,0.08578783448065334,-0.3615320282891222,0.15802785814284018,-0.3043245532557881,0.03539975465462832,-0.32093421793552307,-0.20681995166007172,-0.2531683066870053,0.033770911724199576,0.07003099566202857,-0.02338341502073528
0.14855343362920853,0.2354391342098926,-0.2572049978404858,-0.25248009202044186,-0.14064039538147133,0.005445215598226619,-0.1281632711790769,-0.14223049404033633,-0.13998305821864757,0.06267982981125644,0.12404155604686956,-0.03145300405121918,-0.2410558161634222,0.0007530074678656884,-0.18162262815876323,-0.10707470747199094,1.0,0.49744012719270464,0.04650790874435771,0.09202274579363404,-0.38753586580967614,-0.07864117005420536,-0.2675857676426739,-0.1930695821018635,-0.05428397734995937,0.085709102934025,-0.11547250976535227,-0.10183587941403689,0.4020027416117061,0.41029229691150665,0.2767594770143158,0.2635505814957757,0.4438592035252793,0.3101770459672677,0.023789351358367333,-0.07753594400819333,0.21247491397261348,-0.012676587145638714,-0.19035547003639686,-0.33337015641701717,0.1950213538701322,0.0019901131336454957,0.16164276247113057,0.19383438141366413,0.28137862761821875,0.19528504974564256,0.12954730981981016,0.18119033521121075,-0.056545130371503674,0.18562165003530517,-0.15122077197685366,-0.16413020575342863,-0.1306058643947137,0.05503414052069089,-0.06914961690073718,-0.06333141903834481,0.5623449640154138,0.38736384740867713,-0.20554872345521585,0.05977140756708003,-0.10298444359907148,0.03319214732541791,0.4272656148047325,0.4659196455864901,-0.0322719002771732,0.0509168815800296,-0.11587789341119903,-0.34990536778641046,0.08704670472128002,-0.32704822660106936,-0.03222903170303035,-0.05587587707786581,0.3883469478355073,0.28081958025686415,0.4074392301660827,0.3714283198787887,0.4717450599453648,0.3243334887336936,0.3135036826563388,0.41059247593453413,0.6061741170029108,0.6658780800347922,0.09523180943296895,0.07968849371010961,0.10093868635226183,-0.021636164625130582,0.17189195067677046,0.2771434083343413,-0.24599065989010474,-0.053014521048435674,-0.18807036700085136,-0.2841949797636815,-0.5392314123405402,-0.5274677560846435,-0.3782135722370734,0.0883292871182354,-0.13429826568738282,-0.3801408828125407,0.2755715980354539,0.39217465930806344,-0.40823538109384105,-0.25189769368997844,-0.11906320468516454,-0.25013316035483385,-0.33338134738837116,-0.24790830629490793,-0.005135516862001978,-0.41890703490128234,0.16700515834258725,-0.27044178770232913,0.01075773703478106,0.4444437428198778,0.24667443365613498,-0.15171583609271277,-0.2539814107809475,-0.17447735682229454
