1.0,0.24807794206545145,0.02928199711080918,-0.14231325724658267,-0.30250569327424076,-0.35821337124781155,0.041920373030036887,-0.2706171331525565,-0.25547891214715546,-0.38401143148483186,0.46286303688054303,0.11594679638955292,0.4032545811069465,0.053698270151671286,0.2279508321430805,-0.025872187941164856,0.13143460865563364,-0.029188898239352144,0.07954758804698765,0.1115836435762526,-0.3441279286386059,-0.40511223875079333,0.08127575018587628,-0.17723932828338293,-0.36121690153408204,-0.4306055438526766,-0.2802488408233853,-0.2764480110122722,0.42852350920278526,-0.0004361581108204144,-0.1391598831167241,-0.12805624212490369,0.07638168696774046,-0.07513070819420413,-0.33348266908327195,-0.2393469866711411,0.0989925148441231,-0.00879738531379793,-0.06802313358322075,0.054176618560830746,0.09505656596423187,-0.2770627876484859,0.06816302610895145,-0.15945152805781918,-0.07617403677234291,-0.2372702573219576,0.13710507852105713,0.18668266969889558,-0.0064052815865031885,0.06450438708881163,-0.3478217540174453,0.04791541930652738,-0.06216714454656517,0.21621512216711827,-0.056772693464620196,0.09992549357040001,0.4447087517402852,-0.02569978748182848,0.2459830778711876,-0.08354257820865683,0.6466098681596348,0.15033617206814426,0.34791190272617833,0.4197056576187531,-0.09357227443746835,-0.03318991400568928,-0.336343181031811,-0.3802529469709256,-0.1770699848514851,-0.2086442524310541,-0.11724685921847144,-0.17608348047270891,0.27257781065700276,0.10319439517347602,0.14998859369278925,0.17165725847963256,0.12122259745716849,-0.07939148035772556,0.025082299691194635,-0.04949829036562456,0.006046316467702189,0.1173366294488768,0.1228742529035409,0.003710049334940991,-0.02859229602896761,0.12342271024327872,0.12472068377882695,-0.35141364634805944,0.026260574306307603,-0.09222297752383947,0.30795110024441597,0.16769613422290355,-0.10442163549774823,-0.21638443038838334,0.0282038452353298,0.20642320622848173,0.194114494697922,-0.08980796780113745,0.2686841221798099,0.3177366386208559,-0.35798383821765234,-0.2110420456792588,-0.26142542679875663,-0.09120504242736886,-0.15210218510989731,0.09138412239559035,-0.19403031763775153,-0.13141054292303136,0.20761339307010868,0.12305257782747389,-0.22622087403509383,0.13146315593521887,0.11204820816884851,0.15242913651555187,-0.08274311929433072,-0.0094695378141268
0.24807794206545145,1.0,-0.23969675017270575,-0.22451014150829773,-0.1869433646257908,-0.34339482669765253,-0.21191731432480376,0.0631969815550243,-0.2834716548408583,0.015261898670405363,0.29189903999315286,0.3384649803916996,0.13245385691237935,0.26592493820759633,-0.047971937348694135,0.21520671656999393,0.05668434984182635,-0.17997470241832628,-0.2610486393225426,-0.0006732915167420338,0.025735373265259317,-0.266394195480438,-0.22988669659625388,-0.13868183135594994,-0.2251114099203369,-0.3088944232695008,-0.22256560234829723,-0.21748746161220894,0.04477258848811881,0.04505968399221703,-0.10775539930542376,-0.14311375623641087,0.45684068819928025,0.1455419850366324,-0.2167942475802924,-0.11970147662792008,-0.02624291329441068,0.032545274462443055,0.02870198275956935,0.1021136806570387,-0.05955976734064185,-0.15583116320582277,-0.06087302571723919,-0.12396656025534745,0.14761853856403706,0.1287623261836536,0.12232840163213766,0.19817859547124417,0.10517451975905853,0.17761442624018983,-0.09010710415921265,0.20189783327545383,0.07316752950401345,0.061059353339895844,0.2555557497330605,0.2241854508355067,-0.12516826144401513,0.1844917401666901,-0.2776738134528953,-0.2996859287461331,0.2139512170048462,0.29192853539845937,0.42475644279249114,0.4920359082084878,-0.05124507557405295,0.2828968430903527,-0.31904463781472353,-0.14998266795143467,0.05166188340804283,-0.1705707747480226,0.1181165709847299,-0.3822857895175574,0.23435140459182202,0.1681158467338927,0.3010381654880455,0.26455513356207777,0.15103006612618658,0.03629089887687561,0.00555447160269893,-0.19830473395845308,-0.10775076975547564,-0.09997158957357444,-0.09239190540436963,0.030846742126532996,-0.020955742892578105,0.22256579273931473,0.14043410243574328,0.055430881519712205,-0.07623597649707763,-0.094458595802732,0.09065123166298512,0.028607575572722768,0.044492220523154484,-0.1547273830203315,-0.034064941588606304,0.06235136055365778,0.1530630796990039,0.03454264091411298,0.15895962801341226,0.0852470230027692,0.022740959211716358,-0.21520986993947483,0.10115948834395293,-0.027732041715415205,0.1263809125812087,0.05932104072869847,-0.005103577154253153,0.02413872996478586,-0.014174753277493277,0.06709393720164901,0.05416944140231765,0.09749450158180609,0.1523573274475323,0.015516399177460982,-0.2324338583139377,-0.11456759981574416
0.02928199711080918,-0.23969675017270575,1.0,0.3697569912350105,0.31845471871811,0.07525525229213811,0.6370741286341852,0.5636345682481159,0.2379302234421495,0.09976386527941403,-0.23868834859681276,-0.08725211908790423,0.012773853977348062,-0.13227590342425447,-0.34871491979659897,-0.06161115530600384,-0.15555895477300294,-0.1258810309921241,0.4849570127333369,0.287942734862574,-0.03249330284392774,-0.04332268120533429,0.42498647112991933,0.3396352156184674,0.04694058688373192,0.06708992270619978,-0.20417399619358495,-0.26659359680749173,-0.23825648257700857,-0.438936115082524,-0.042037359926318144,-0.025376213987862873,-0.315071908305771,-0.37825614077626596,0.020785660666714827,0.036514984481261226,-0.376690985683921,-0.4453259026789505,-0.2430813193317271,0.04072097319051796,-0.18999146596545563,-0.06873731585507992,0.09714003467848746,-0.15104994138308359,-0.07971685327779554,-0.11428106439025934,-0.14290963892720157,-0.20281961308317165,0.17295166499355769,-0.0547415215738569,0.3150646149809817,0.13532472173119842,-0.01180673148813429,-0.10538789530913384,-0.3415738113758166,-0.28494651481347,-0.14676703685468964,-0.4392956745690751,0.09279909192846068,0.12798274209335792,-0.1293673515367669,-0.07775767273082351,0.0035683951354304392,-0.2401739873060466,0.298709099068681,-0.0019076565334106461,0.11918648954882659,0.12545364141960996,0.03914659650567798,0.20716935362560943,0.04122455838710725,-0.05026442823399187,-0.2646209938771651,-0.11779915756498677,-0.15706373009381494,-0.2074300640761129,-0.17954655962734378,-0.023364723894977592,-0.49121406041903576,-0.23836028820334762,-0.43549880055727785,-0.4238636523442769,-0.09928506564574033,-0.05326382903065209,-0.3835595024005393,-0.410208143511021,-0.23949359173710416,-0.27233346227565924,-0.04924481997051499,-0.09886327097014314,0.08310323962398086,-0.014580715356634867,0.0904671627828523,0.05685912179225093,-0.03964928743392093,-0.049742767088165094,-0.2837536790102843,-0.1458705067551428,-0.23218476726217713,-0.29678900434295563,-0.025384951793395914,0.14239494511337739,-0.31280797862099025,-0.14279490486439478,-0.2866810352512588,-0.16042029265582258,0.07145160510395455,0.08089063805425545,0.1065047773543655,-0.15370515616692812,-0.2310169686612411,-0.22997633759918837,-0.2863172961681933,-0.2439757996749258,-0.06806685241343009,0.09248717421090753
-0.14231325724658267,-0.22451014150829773,0.3697569912350105,1.0,-0.16218980050154094,0.12010853663590014,0.030261591306169955,0.6267780583688438,0.06090574269328297,0.032832288721660996,-0.2932201338797726,0.15799306677313757,-0.4512794376136839,-0.15001715003457833,-0.2425042578740972,-0.3035362789860422,-0.44811539637544756,-0.4627111110693214,0.31591260322092063,0.25605664116054666,-0.1495294075509413,0.027537111026783113,0.6443810210480548,0.5396984468168433,-0.27573082353142564,-0.024835436851341004,-0.2417957979773687,0.029507042911490228,-0.4793102778029796,-0.2216979811860773,0.19285929258180923,0.1461872870382272,-0.3602844024747305,-0.25679380483469744,-0.18051107449425657,-0.17418567856612874,-0.3941383724831196,-0.2960707073203756,-0.19170345209845127,-0.020849673345210654,-0.3358667415406106,-0.11898233313583162,0.012350535583517085,0.11041772624804244,-0.17578335327119707,-0.010021383765165655,-0.047686235930051425,-0.09442330388417446,0.008543988567534692,-0.3098684837307678,0.18794189835269778,-0.11534304861691179,-0.12038037118588217,-0.16659088538463632,-0.2589207026077516,-0.20580985407098104,-0.3432600078853915,-0.3258604625060792,0.22676830188285946,0.22827959462596792,-0.1673871861222085,-0.0984070835314403,-0.43464418835025603,-0.3356061566528745,-0.09073384411142667,-0.10832155150132812,0.1874960222026266,0.2098917784003196,-0.10187777008636065,0.28123326869606485,0.3150938934548954,0.049774354784578825,-0.2818723606098064,0.21978338293083194,-0.2005777486695119,-0.5281462767836934,-0.17495928780264436,-0.21917887376468903,-0.31359448164641746,-0.3702959414084096,-0.43037327775724593,-0.4612224242430794,-0.014788043263510565,-0.13352301276360332,-0.21112407674992884,-0.05906993394584996,-0.03097900737475891,0.03218244961140782,0.14227767407841277,0.14467993987668687,0.05984325556944104,-0.03484835759340028,0.17639237433491975,-0.05526324019230437,0.21616164499133386,0.07064923884001342,-0.10860403981160366,0.2010838022733039,-0.12815079187573775,-0.16629472690256927,0.02050462693778476,-0.05185252662725365,-0.2840700572260599,-0.1267739507305326,0.06696878944464396,0.0211492221329193,0.15864360966386645,0.09730891957605733,0.03983190386309191,0.07889940808783585,0.11003653864141875,-0.08057344727981892,-0.17925168649537526,-0.14638118695445004,0.17327050969790841,0.14766471016512417
-0.30250569327424076,-0.1869433646257908,0.31845471871811,-0.16218980050154094,1.0,0.06224550588600019,0.41903010607269936,0.2968397165778386,0.23152213829351626,0.5226503950118591,-0.24375593822034058,-0.00465645116257812,0.14747763151475646,0.23054126335648967,-0.1881194482570283,0.33753294018984603,0.05452909894897963,0.27519851969754766,0.13291779707485515,-0.0016969873578003172,0.32558556771555763,0.12096316654807208,-0.2627755421452459,-0.011706037440218801,0.6251300401579898,0.215713431334291,0.17158001605959683,-0.07470883656864563,-0.13089559389402625,-0.07077455817252483,-0.14937371343984726,0.03973228174626265,-0.015876136481508575,-0.004464271018404679,0.32599213857264664,0.2333702696860754,-0.008240103623095284,-0.04628084485504549,0.0609043169666601,0.008394257592161896,-0.006514174399086161,0.1529250913130123,0.04173591661463345,0.04002203776411001,0.30392149346610925,0.25360404164186484,-0.2316548046419498,-0.25463809259557235,0.15394202265985618,0.10130090441569664,0.2910631061853408,0.12682119246277243,-0.032766045025876725,-0.19833499933862542,-0.2200980206914538,-0.2533114936020732,-0.16464390211701968,-0.1895821878998595,-0.10120590742076445,-0.05527834375445191,-0.21136645438823928,-0.08691473091600285,-0.10820543932033692,-0.26714068768512617,0.47303138499379965,0.27650195625587054,0.20589537460879576,0.17507806757554306,0.29102369041415543,0.07086098932830852,-0.3105357134832421,0.040186449861953896,-0.1592048150328062,-0.2938940444865989,0.02835371958122894,-0.09233653389939363,-0.21717544289039337,-0.14106181811170726,-0.06393623412786884,0.19565975223125112,0.03414667418763229,-0.05966453957576962,-0.08456865174094964,0.03926471500455112,-0.23823537514438173,-0.3085017953136853,-0.21959765365441783,0.027701051516069174,-0.18625182340203775,-0.08539166628360573,-0.17186843348553632,-0.08986921656284687,-0.014316711053424051,0.18810899624206687,-0.19180580478972148,-0.15871122455109582,-0.18339990044915577,-0.11994446681217016,-0.2933776072443042,-0.3127154897809548,0.27979890588535283,0.1465646972429799,0.0888173464510441,-0.11345235235043305,-0.2124404495125671,-0.23213058059612302,0.13593058589567225,0.012602337804114289,-0.1448511927029771,-0.24655766161848944,-0.06941892365235909,-0.08387521479278962,-0.11053466220585294,-0.16760476638871163,0.005246539941019235,0.07922866664946838
-0.35821337124781155,-0.34339482669765253,0.07525525229213811,0.12010853663590014,0.06224550588600019,1.0,-0.14756173296472333,-0.1392529112371393,0.4241842999805134,-0.03987278967212776,-0.23637641105705742,-0.26793733096249295,-0.16471390257635526,-0.21362857079794179,0.06324211634813527,-0.4657087697257411,-0.16567430844525785,0.13163724821194442,-0.05448741149195247,-0.14585727801478787,0.310956315300398,0.5959069444465624,0.028587884792477238,-0.05323155018699351,0.37486741994827233,0.7051673632518418,0.7598224675762537,0.6534100034361968,-0.20740725847850064,-0.20851622225431854,-0.28383617833508906,-0.4184188286635744,-0.093573838035943,-0.3610876640739475,0.36695815127713516,0.4934606200611995,-0.1198937097724065,0.015872824214995293,0.055834975734350555,0.012469210071716716,-0.16619812976661782,0.15087369157537858,-0.08911436799358229,0.20877372121267895,0.18707984616406917,0.1559571346053112,-0.3134373753493175,-0.30024961686895824,0.35061418092970986,0.2380344296925318,0.5121944592301412,0.3418128920661645,0.11634249550533247,-0.02408942589273742,0.15713285420478845,-0.15742350519848766,-0.2845649843762662,0.12034370107847898,0.022337339785836373,0.2218328118971249,-0.058104280662437946,-0.009155838541967783,-0.12138171812663538,-0.19620032882937638,0.0005948300771460987,0.06540930609779583,0.3695650203226364,0.30496883623189175,0.008436732267494064,0.4681732589029636,-0.2838316014306301,0.08749018645182444,-0.47091769025610375,-0.3565367244614221,-0.4755402390684998,-0.15111149200939772,-0.2919877560759325,-0.03460240311049327,0.05946576711676829,0.09482664066929891,-0.14720384836839503,-0.17728561608519272,-0.2904539417311294,-0.42460390474221876,-0.1961074980690051,-0.48675741730506805,-0.41527893239781266,-0.14884365497013224,-0.023519775856475064,0.0724771092825826,0.14951520686961803,0.17045861882277064,0.2932963170816661,0.38690120051884225,-0.0035008997412966166,-0.31935849562018,-0.1478465846018434,0.006817126910191289,-0.11242622179544072,-0.22649534619245876,0.09325375294025309,0.2071616875426687,0.018992035355011462,0.06512061808752355,-0.018464132642209276,-0.1531705568085057,0.074234188749033,0.12722058848899886,-0.14320151895716426,-0.03213355416420503,0.36862233428573765,-0.2356239228670754,0.016463112768494794,-0.12425286167115412,0.2036510061289698,-0.11391465477744905
0.041920373030036887,-0.21191731432480376,0.6370741286341852,0.030261591306169955,0.41903010607269936,-0.14756173296472333,1.0,0.46163330588405765,0.09391695541133009,0.10495948343314866,0.13942090869377702,0.0008802689947020989,0.28063712327381063,0.03574064832715057,-0.24067969980802414,0.21280312961336512,0.10091244247779667,-0.06536472533550643,0.2981626084169065,0.2230422753444189,0.1484378827652085,-0.05154521867128748,0.23449565223559532,0.23345224490474709,0.11145230167648482,-0.007104997457120532,-0.13190920580139381,-0.21907301876707094,0.04498106629281628,-0.21354267127745935,0.10183461175225306,0.2950368044022306,-0.19188386704414695,-0.007830993440131355,0.17767609057956213,0.11729444852713385,-0.047859027528542535,-0.18079109492966305,-0.0650471099550487,0.06979351567064235,-0.05337413442407754,0.27648865111678556,0.019450202877049225,-0.22973464990248846,-0.0189098645139187,-0.13756155773337778,-0.094471687601457,-0.1353422561105674,-0.12824610682189783,-0.18613233726810366,0.015702520460824,-0.1636568519347712,-0.15135310499745508,-0.17513342812178467,-0.303898042899449,-0.2161957792889112,-0.09418195932328459,-0.46273386782702,-0.106536467566688,-0.21830421477531353,-0.21437673052897346,-0.2603953658270843,0.00105592864349205,-0.2716157977851851,0.4674674289737326,-0.08462108236854853,-0.1058832500312319,-0.08970209224231546,-0.06898136712197472,-0.07965077327856485,0.08296741822821456,0.0011163930676822689,0.013396136254532391,-0.05448615615439406,0.2000372733984761,0.10052145121330415,0.14565963247549132,0.1387827284417605,-0.38452111724544097,-0.06903093478347422,-0.18063002622493107,-0.21380451460976313,0.19092974713345182,0.3111242273889186,-0.17539752037003833,-0.14387655459588794,-0.022085956447067047,0.04411384728976823,-0.0892038678546504,-0.14963537054745207,-0.29294836959612586,-0.27282240971659105,-0.1841621192716085,0.016401148134100003,-0.06565145678878727,-0.07683985215790022,-0.24749749849247876,-0.1633234913340116,-0.2238755964452284,-0.2915790005905755,0.0010294276080329856,0.22635425219340527,-0.11278581373972073,-0.04272455186056423,-0.20989508261362433,-0.11959530393277615,-0.04976081506444458,0.042118285672735914,0.057280226159612646,-0.1684700086293754,-0.1859282291038171,-0.10651070497498548,-0.09757450635589632,-0.08336913191551205,-0.08348731675355472,0.06711396917349542
-0.2706171331525565,0.0631969815550243,0.5636345682481159,0.6267780583688438,0.2968397165778386,-0.1392529112371393,0.46163330588405765,1.0,0.006846444105695943,0.3411011967107339,-0.18483245127294165,0.2319543691398733,-0.253762408610505,0.1206157775883756,-0.5170138017328332,0.028781374360806678,-0.25262934622129185,-0.3213729795918187,0.3064155281409629,0.3046242067208353,0.03522924821320199,-0.11168723338792672,0.3445949878083838,0.4950806659497383,-0.03333750756546433,-0.1039000247539001,-0.3448227476249776,-0.28105678839042664,-0.4601338888007696,-0.20995569723835872,0.14792463355027313,0.18891118736860393,-0.18266287552073895,-0.07233597589505143,-0.016692672283377293,-0.091097204890045,-0.4577500805696845,-0.37527247907993116,-0.20476495079768076,0.02630014836208098,-0.3653441597581372,-0.06274933822217466,-0.045602808934265486,-0.08517565137380499,0.009929187038587703,0.0838492073114777,-0.1682049038277195,-0.16995974575262277,0.09811445574958148,-0.2414712793346445,0.29230640228471294,-0.08171214788247139,-0.04450106799541365,-0.33268781667986874,-0.3190411018883049,-0.3167630124732984,-0.4445325694591263,-0.4210976154671873,-0.013405963743566026,-0.015063175237190213,-0.3129579436495766,-0.04629490009808297,-0.15846638197481858,-0.25689680799428566,0.24420564423806268,0.08304699678198854,0.13804247976106654,0.21912394450907433,0.08570100586223964,0.19128847900854792,0.24567584917461158,-0.09389915315854011,-0.15747554099259528,0.1036446766494396,0.12068182804921775,-0.3204384088558055,-0.11762915660193661,-0.13640954522107182,-0.5229385350935296,-0.35051291307621846,-0.4660880252544179,-0.5075413634463418,-0.039468415608184426,0.120916187663246,-0.29282899822252473,-0.1445475914070942,-0.05361724378759351,0.09736101436370807,0.016701399161367717,0.04573733831722609,-0.11280342449276246,-0.189968311586273,0.10017257948653306,-0.056047080571005575,0.016250221945915792,0.0035141376683351633,-0.2392009751567849,0.05882686913242073,-0.3069662036361793,-0.34653884340703917,0.19299780962330318,0.015096476558700984,-0.13898476193572143,-0.12429956257920777,-0.029388824517915132,-0.07752923533230531,0.2506261815295035,0.09950809011220309,-0.040709541587468194,-0.08056421717215381,-0.005633856606228146,-0.18042995211446108,-0.2282467333235451,-0.21357551776780798,0.02494151006393843,0.13882951744854313
-0.25547891214715546,-0.2834716548408583,0.2379302234421495,0.06090574269328297,0.23152213829351626,0.4241842999805134,0.09391695541133009,0.006846444105695943,1.0,0.10900415730257458,-0.34295794900854476,-0.19136785387819455,-0.272000462752009,-0.031946377775947915,0.1106548803351577,-0.06944831395496052,-0.024438179010218677,0.1993955058175316,0.2914211153711867,0.12931619400354852,0.1774813568425223,0.2799115597158061,-0.01657763003125115,-0.04240743436364457,0.2159077305678177,0.4778233754769127,0.22739897621547417,0.21464896553901433,-0.0707009174179306,-0.14999963907389158,-0.3609032436276006,-0.1142191186125208,-0.39070058644704814,-0.36181185776222513,0.23777925715674694,0.3548754473688664,0.164632488869406,-0.039778571433171976,0.17938635966055433,-0.014680790566395336,0.23064178424525586,0.11854226723462605,-0.07156825236404248,-0.13003648791415992,-0.020403180104514595,0.07687931588200396,-0.27803336406925017,-0.29714470825229256,-0.036030296171213706,-0.05013264520967182,-0.04771547899159793,-0.0215690138218864,-0.1801207698364002,-0.30109283644777346,-0.04356366114638378,-0.11256390168241232,-0.061660776649266676,0.06370808944968187,0.057696204519533084,0.31223330620898465,-0.08146042699190557,0.18659615700230797,-0.08321533799299238,-0.14338378572859115,0.23551041559407343,0.22099127705649044,0.23269669713064217,0.11229528059929032,0.019873350884682915,0.2809447429357685,-0.1797982078329616,0.10481100260037227,-0.29890707782674963,-0.30676053470296555,-0.3091166185116587,0.01986536196539346,-0.14769926938320688,0.011843035949091748,-0.12874404660751357,0.06409861151289194,-0.04617361297782265,0.0010125846761850322,0.15345492827073293,-0.11800806516895472,-0.06668696739452586,-0.31688160681282324,-0.11066067903793027,0.003726397900422432,0.10810920912787357,-0.11761477343958254,0.07548493548192596,0.04263074774546485,0.06741329952442483,0.4233285273412729,0.001990686785273323,-0.21794916327681885,-0.19020369635763773,-0.03759320268990003,-0.07793990578506328,-0.23427312856793428,0.33696330635510974,0.36960161717803247,0.290671456220625,0.021123575476760317,0.027985440837436187,-0.1456549894170923,0.33346041965452317,0.3508724971631378,-0.09972294061255065,-0.2589207901015908,-0.00031740404385296604,-0.029993005599761802,-0.1283710074623653,0.011874747337424489,0.2730553741886844,0.16143985868065425
-0.38401143148483186,0.015261898670405363,0.09976386527941403,0.032832288721660996,0.5226503950118591,-0.03987278967212776,0.10495948343314866,0.3411011967107339,0.10900415730257458,1.0,-0.18343737615151479,-0.03806902885238802,-0.13392607705322798,0.09139716319110755,-0.22673621636843902,0.4508395197995157,0.21534867367229243,-0.04534350994300367,0.2277373189249635,0.09832280372990569,0.2423602519442028,0.037701487401456825,-0.14182770079211246,0.05772294458094415,0.2853950101522172,-0.01630352457207223,0.03940059293434202,0.07958538689919889,-0.18159040186045405,0.16979388276090873,0.050782932622967576,0.09943455661808093,0.09518233628143737,0.06471961153930968,0.07162641645615092,-0.05665892077839844,0.1376438049731059,0.04494907908517164,0.029317953427893534,0.1048913504916775,0.044207623166936584,0.01480646240963582,-0.1937280146729041,-0.12153633736665904,0.16895187457416003,0.23723156532075076,-0.20549742907808297,-0.30586513527718573,0.05446808536325704,-0.0955131147628446,0.2456959122447966,-0.10166559563011879,0.0859260647278563,-0.28888541217295194,0.0011445977669036376,-0.22187770132436796,-0.2658511135661296,-0.1556533020441347,-0.10417515319602935,-0.02551718194444211,-0.3629312285426924,0.08390393170761591,-0.2015127268515309,-0.23443499097728127,0.1978543004794982,0.24768916704264607,0.22292024401065977,0.24096237061697084,0.40848563148054945,0.06115015558325108,0.04526496624735233,-0.2930405959107989,-0.008237474642787242,0.02981216048925225,-0.015440868611223154,-0.1455461288002756,-0.24838040661731503,-0.10650847926926041,0.17981058983710474,-0.024969069758096745,0.11183028052040662,0.10840961489712687,0.051753908189498134,0.3567437832525136,0.03954671313737333,0.0783765505440638,-0.056353307227085855,0.17554591633065628,-0.15294752870441616,-0.12013338203913716,-0.3823935719592924,-0.25062080472865733,0.029440672186933612,0.09809520813591471,0.05001088885311428,0.036280478911222894,-0.1985538523551138,0.04151544755309142,-0.4745262948823699,-0.36740498904598307,0.3028327337281608,0.10438292831039653,0.08813342355520495,0.08547678026795706,-0.042215380906701475,-0.14965381198817868,0.2779434291037926,0.17316947361644344,0.040788540900939065,0.037995872553005,-0.10429163836254345,-0.12636567685496827,-0.1847223980741574,-0.2982996122598325,-0.03955183711044101,-0.02772642960941749
0.46286303688054303,0.29189903999315286,-0.23868834859681276,-0.2932201338797726,-0.24375593822034058,-0.23637641105705742,0.13942090869377702,-0.18483245127294165,-0.34295794900854476,-0.18343737615151479,1.0,0.31865863563920227,0.5536947861428156,0.1594447378337499,0.4011535313383687,0.11361894604204817,0.2231161461361026,-0.1542377404802852,-0.05937091896650142,0.032051748946294055,-0.05123368358872354,-0.21304470076674129,0.02406801295546166,0.07295345768529332,-0.2750059901501564,-0.204034003941007,-0.13940031690043556,-0.07303236539736697,0.5471072353309654,0.02440440877947967,0.13878383324708268,0.24695992422121646,0.31138050823390084,0.3004644695654337,-0.11362343193540815,0.014361366712502216,0.1016837119590197,0.23054162401795286,0.12070834445762776,0.045536503654949614,-0.006992111693724428,0.0460215321286665,-0.3399439509705458,-0.44332449913997496,-0.17117438618553615,-0.3084750389657511,-0.08234160956279034,-0.03230793507588711,-0.13065662400794698,-0.1270747152595585,-0.23345348782782233,-0.11890707855546487,-0.2057821551856516,0.11599152198689806,0.09059722964766694,-0.013386939881216186,0.12870371215367826,-0.005255749434919749,-0.28481009850136324,-0.3089700080036308,0.2240771640782453,-0.06452827055584184,0.2990089108576527,0.2615502710231696,0.049250848103554914,-0.018851018956804296,-0.4296857387182173,-0.3352461558017806,-0.19187713943752996,-0.19586662691975565,0.09284159622602835,-0.1384411190175753,0.35949101052787924,0.06465525263020695,0.4008126556068113,0.3454995475774084,0.3584142701345605,0.14356430329060027,0.03607978235093752,0.050525696781063965,0.009768460857047622,0.029679970187724065,0.43155233438394347,0.3531583020556309,0.12213180071938247,0.2320907452403139,0.40638531370925296,0.1792014943532049,0.13088808775852256,-0.039749185035318935,-0.1609752458993301,-0.17443727499001407,-0.25715499270088704,-0.23591562988337597,-0.034358856233009556,0.0037530167174155303,0.12181215550599352,-0.034617405216931414,0.09495262081788482,0.08949074505351194,-0.2910653886567529,-0.11602676896280625,-0.08808094592816682,-0.07922663145178548,-0.04860823546637435,0.06296793468702082,-0.24759412443923454,0.04836939340845069,0.06690331462471519,0.13701070576451505,0.02735253625514624,-0.08581775044487681,0.2550300073643139,0.07781701910206715,-0.036559752996880135,-0.08363027749358629
0.11594679638955292,0.3384649803916996,-0.08725211908790423,0.15799306677313757,-0.00465645116257812,-0.26793733096249295,0.0008802689947020989,0.2319543691398733,-0.19136785387819455,-0.03806902885238802,0.31865863563920227,1.0,0.11584873759145463,0.5610855679089543,0.18231926428337888,0.13798175431564316,-0.10044862073115045,0.039340658135791025,-0.1203968618341136,-0.03682116814951657,-0.1300635359024198,-0.2608941132387164,-0.025661437594162596,0.3574395073285191,-0.03211241668765685,-0.028295807616894996,-0.34711817956198615,-0.35711855588492925,0.11096913528910894,-0.14610326960894085,0.07962722103181796,0.34206475979113077,0.13440651609186077,0.24680544005385638,0.12521017160959752,-0.027818343484057987,0.06157625967009422,0.019545763990924236,0.1069372565042415,-0.03716517334991759,-0.04987437768386054,0.19584953780789438,0.03948665235764669,0.1504086981403722,-0.2794452372058599,-0.01864982496359683,0.10688720617691247,0.23995156686304978,-0.22218431464616853,-0.30626925457895704,-0.056109789477508484,-0.08490143597072773,-0.25778973649334985,-0.18607828279659747,-0.35502919410746286,-0.02843644335783205,-0.06043314983102096,-0.12557138781421412,-0.40279468688680165,-0.47134038917928706,-0.03891708521002856,-0.21247232438283448,0.030032937121069955,0.13775824823161614,0.24655795663425994,0.16644049819075848,-0.5582557610078778,-0.3979467484952969,-0.14838434815116994,-0.26765681509392203,-0.09966976141270571,-0.01638253764088576,0.12313571616462717,-0.021702808295377678,0.3885961037158647,0.0706762880421641,0.131271616287555,-0.04034811693559111,-0.03501939381138784,0.21117820309760885,-0.06122133916014927,-0.0863873704380367,0.16725698329841981,0.23325860287473588,0.10725285930886086,0.20844898034083675,0.28140373533597796,0.2214882537483307,0.19922220526792125,0.18297629899521772,-0.1934559087908836,-0.2120966176470349,-0.2576269013824663,-0.42778253182997295,-0.014530702511875099,0.0063295116782853406,0.2836733678825077,0.027041238092934135,0.20917509951958665,0.17878947412348184,-0.12807783384255875,-0.3334478160560984,-0.23066875985861715,-0.42370043323342615,-0.027330647845083406,-0.05399674409741548,-0.02728391540562566,0.19150295044773485,-0.04539439878145288,-0.07720119095685829,0.04505787365259944,0.1285732828366835,0.1899475894477165,0.06318488732728361,0.16156902193894834,-0.0816023947218169
0.4032545811069465,0.13245385691237935,0.012773853977348062,-0.4512794376136839,0.14747763151475646,-0.16471390257635526,0.28063712327381063,-0.253762408610505,-0.272000462752009,-0.13392607705322798,0.5536947861428156,0.11584873759145463,1.0,0.2950340634611221,0.3438833480346203,0.2689631702517297,0.36239158096465063,0.25128917626475045,-0.11559922724191324,-0.10425998748810957,-0.005991026248661924,-0.06545095055514089,-0.06431270134046221,-0.0931753207234726,0.05853380928052685,-0.06355615795702638,-0.018709283039289027,-0.1592695806449996,0.6404461005618106,-0.10320936092138434,0.07798412349051807,0.1328868865268646,0.22228414780963654,0.3215134534048528,0.16858499141210828,0.20378258018294063,0.03963573032826911,0.01350839513253335,-0.0355677652897829,-0.05618954525618984,-0.03805459778789794,-0.00634290226567304,-0.24376769363647577,-0.22205321448974769,0.10007918982390908,0.0023490767200440928,-0.1309001882399153,-0.16130515320779681,0.05756269389332238,0.04622281703526906,-0.06746896566699963,0.06774960922357018,-0.19427280545100828,0.07305908104335496,-0.11125010728041237,-0.15664906482347524,0.1711991517169661,0.009393228959792197,-0.2606693487941164,-0.23648316994840887,0.35142186943774506,0.06678756665977044,0.3807925456624366,0.27493154113745166,0.4206335287877657,0.28718212269592924,-0.2828584221137702,-0.16356082898058286,-0.11358608795858492,-0.3002603021485167,-0.17454230724442835,0.09740779786581837,0.19786871670121622,-0.13395586570572995,0.12587594638066704,0.2789789879709961,0.16001403058585853,0.24627087374720627,0.06546204376980178,0.28921175303665864,0.10165735824830854,0.13469440639344296,0.13012969087155035,0.05938697356383975,0.005982134828941883,-0.06593257434568767,0.19427990524227504,-0.06405680839389008,-0.21188950469444062,-0.17120384237586392,-0.24150734144393532,-0.24679776060130593,-0.3076001024025247,-0.23834428084169518,-0.14565305166797654,-0.13059405962912995,-0.05127238806085312,-0.2292310004996492,-0.18057843121722647,-0.11371658910527592,-0.189214209067724,0.01362896072859863,-0.060460981790908155,-0.08068350827485167,-0.2053820054424573,-0.035631067707833475,-0.3033307978290801,-0.03828856143656559,0.048282904284746554,-0.009967843924974563,-0.14087789452657906,-0.2639274874633578,0.02221543276964173,-0.015697789496251065,-0.1684659991955271,-0.08474002536842244
0.053698270151671286,0.26592493820759633,-0.13227590342425447,-0.15001715003457833,0.23054126335648967,-0.21362857079794179,0.03574064832715057,0.1206157775883756,-0.031946377775947915,0.09139716319110755,0.1594447378337499,0.5610855679089543,0.2950340634611221,1.0,0.08096873066951997,0.28086367050752786,0.3073407046445178,0.5355031233921462,-0.15731172100135404,-0.17296950237119096,0.14605155477207188,-0.03933117515026527,-0.37045547102315307,-0.13903936135659875,0.24578131970752165,-0.03330101744325806,-0.20626827181448293,-0.34395408793952226,0.3614765241641122,0.076241419158835,-0.1408307376447534,0.10567854416911387,0.04913034076449542,0.3107719377327618,0.24491987253946157,0.13982976846991832,0.14815986062789535,0.011377684535471366,0.09627509413499787,0.08389700188507973,0.06608653691861155,0.12061594714963575,-0.13110074783103784,-0.08668529421134852,0.007727927388308063,0.06399700339167776,-0.031113398587779426,-0.00974267686749766,-0.049357147396176755,-0.14676530354899936,-0.14230090500881235,0.0271536530572526,-0.15728907028050856,-0.30022889789540125,-0.45220214347380455,-0.13421876095264315,0.01764341136047087,-0.007537929439536652,-0.1908528772600047,-0.20678443255071158,0.1585794690168303,0.13775131510577124,0.192246764127513,0.22910400297004635,0.3659089446290097,0.44009491632244674,-0.1575134610583629,-0.07086819948743477,0.028143851954255103,-0.25400638212007576,-0.42017664140176053,0.2552941872781348,0.023475362116942018,-0.2872267512686135,0.22464949244149918,0.08379149660999645,0.007571424854380155,-0.03716434856930349,0.08359480219771584,0.37512652680198594,0.15754625371935163,0.1512053578213626,0.04275626049205855,0.16667579904632088,0.15024786094032422,0.005251844735655827,0.03718773059085461,0.16207720647557056,-0.07626799563892822,-0.08652960652213013,-0.09934932658476377,-0.11468848198640451,-0.22835163186644328,-0.1626325679513311,0.05125349270449052,0.18210327834854623,0.07623485795869447,0.08515164544365654,-0.08408739304269325,-0.033049807567825065,0.13411866954260812,0.00966193699225995,0.15720138805162154,-0.18883266863104956,-0.08012593677852824,-0.0052736859237699045,0.0782500277225948,0.18825160657939757,0.04623116268444551,-0.03493256954317338,-0.08733290079124749,-0.047089938027922065,0.030287341985188905,0.10938360649296512,0.06827413123183902,0.038973084139345276
0.2279508321430805,-0.047971937348694135,-0.34871491979659897,-0.2425042578740972,-0.1881194482570283,0.06324211634813527,-0.24067969980802414,-0.5170138017328332,0.1106548803351577,-0.22673621636843902,0.4011535313383687,0.18231926428337888,0.3438833480346203,0.08096873066951997,1.0,0.1703109323593004,0.12023498979904734,0.08743683627197328,0.06457841410111573,0.0978874079860087,-0.044752155840190655,0.15965818450449712,0.023184291489252096,0.13168975670765629,-0.04162587418295744,0.25626165927746963,0.1423436717293885,0.26389248878812094,0.6072338828597056,0.053775528012729785,0.19921754260841013,0.3121016988044095,0.11835011014203053,0.25207422680908464,0.030354314599314904,0.1514015963181038,0.29777355302886527,0.1601666296697671,0.050345005308672613,-0.28207719593346325,0.3316415140590144,0.09005749279216682,-0.3346275240505898,-0.1608067497272108,-0.35093341976343356,-0.33346613009291504,-0.16316385437591016,-0.15097452108298232,-0.278520471012792,-0.18139148536523225,-0.2690733412194472,-0.16546980897404326,-0.18169266588931454,0.10433967505351378,-0.047576428209284045,-0.10047391197073177,0.2845220704915417,0.38387321521211526,-0.1258776293674771,-0.1314505697243723,0.22331663638779203,-0.023540554228419625,0.05135120765917563,0.16925485401227247,-0.05835818694178704,0.005774539633679298,-0.29382493824088746,-0.3423778674006438,-0.24039135406370896,-0.07079335085778922,-0.10175019480050713,0.2855461741313767,0.27020794852232105,0.00636950607409949,0.021183623506633144,0.30916116612632577,0.2050949122955928,0.13026326974250937,0.20424283774417817,0.2822227741566863,0.23212848218306392,0.18888516696914834,0.44416906651134913,0.1389944180082824,0.2826348513964739,0.1890914387915527,0.16999463836223777,0.01635460193943319,0.12443585578140316,0.058030508614477706,-0.17140528966641688,-0.1935056064988688,-0.3119554529821784,-0.2675943911023091,-0.09123142437301324,-0.18967543582947807,0.056228256414090065,-0.1974002633173699,0.030769166491435008,0.08058363199797905,-0.12431996020805243,0.09719951747822222,0.1778838923654488,0.018116207995477654,0.09433640200093422,0.13448080717172256,-0.25890681683202166,0.029724634231333973,-0.01189984510717616,-0.11807893036397651,-0.08877136079028158,-0.1719694137620833,0.10473407922502062,0.28235259968236376,0.25666821339234774,-0.08749446516498915
-0.025872187941164856,0.21520671656999393,-0.06161115530600384,-0.3035362789860422,0.33753294018984603,-0.4657087697257411,0.21280312961336512,0.028781374360806678,-0.06944831395496052,0.4508395197995157,0.11361894604204817,0.13798175431564316,0.2689631702517297,0.28086367050752786,0.1703109323593004,1.0,0.1525336165029878,0.0035329669446655283,0.1446148210842712,0.09432895407408855,0.14907859118189018,-0.07066004060045543,-0.10062543046749443,0.16000374390155656,0.15405873328294856,-0.06053346947670711,-0.24794126264812205,-0.1969083794016519,0.2222140565115475,0.05211257065019953,0.29781843402085906,0.4261248952163425,0.22412718852164767,0.27900905601064263,0.08546807411431911,0.011351976137272214,0.21207687440225279,0.08659530318356415,0.0658262306005851,0.024289530970683256,0.22929361069863008,0.09027102025294886,-0.2438768519413397,-0.27059173536889497,-0.05903866028608181,0.06062286795967573,-0.10907784935164086,-0.0856244251438667,-0.27901262024085477,-0.2543175865938701,-0.23291654116530422,-0.3442199988986027,-0.22527388498505796,-0.21589451628462955,-0.15686013054157713,-0.11653896837388593,0.059130670117338205,0.08616555649986324,-0.20751339563087687,-0.29005792712043527,-0.14453412681412517,-0.02322690995082001,0.004341238694170144,-0.018800303551417607,0.27843166314784434,0.19384460145439683,-0.23140508037821636,-0.12503891104038228,-0.08806656937432107,-0.33082341186742364,0.11066472168835714,-0.08714432499393293,0.25395232131981554,0.008515696586455323,0.2860201479498441,0.3342614442118147,0.14089055719516477,0.18372481814349334,0.0055807535984515105,0.04039581384593136,0.09502295402651227,0.07945997481973824,0.2197315879986958,0.4557732606332508,0.10721732444481313,0.3060085162946895,0.23837943135177186,0.28613749490182605,-0.022505853913538685,-0.050604335823883906,-0.48512509201928977,-0.4577209941917191,-0.3838838068763483,-0.209077458002376,-0.11862263465298796,-0.02069678593069674,-0.07056671374650285,-0.13036187795032583,-0.26892414242116025,-0.19842910223195598,0.25544953479196053,0.19674305464634298,0.214070827428156,0.1531303572920269,0.04961630854332479,0.028642428711015668,-0.008920550564205697,0.1465873490663175,-0.038278915904751735,-0.16983654134837942,-0.20731911215270382,-0.02444089326115724,-0.014178665035000516,-0.07811302451088777,-0.25833513898646593,-0.0906787544414521
0.13143460865563364,0.05668434984182635,-0.15555895477300294,-0.44811539637544756,0.05452909894897963,-0.16567430844525785,0.10091244247779667,-0.25262934622129185,-0.024438179010218677,0.21534867367229243,0.2231161461361026,-0.10044862073115045,0.36239158096465063,0.3073407046445178,0.12023498979904734,0.1525336165029878,1.0,0.49646839350827615,-0.1491572494195753,-0.21936462014436323,0.11560870421934825,-0.07715039830876605,-0.2988656672621088,-0.41198722911797475,0.16371979820323704,-0.20370530022153846,0.11995562826344949,0.059651214296401606,0.564334090637242,0.3111247043838844,-0.08984444416922789,0.0277518124329082,0.1395498669222393,0.4325876366373018,0.2534671502676517,-0.02693092157814727,0.5129316297545934,0.16899624132349952,0.014664441020590092,0.0005157001530714982,0.44159314353477785,0.1379621981601781,-0.19114624819235712,-0.16489646894199272,-0.019490194855226527,-0.19821849043221867,0.10023755949522363,-0.025444804331031832,-0.12076287188426053,-0.12605471436888335,-0.20726923368558442,-0.031708823788978976,0.10386307968689604,-0.08376458854202308,-0.06629789128765816,-0.0396852411204446,0.2638711713557376,0.06524092044477596,-0.13971158222048705,0.012664451026362598,0.03510774450813761,0.286380742191198,0.34465941566333563,0.36787445611294034,0.19170495327054346,0.31870824880225535,0.02549659448787997,-0.13464197995326166,0.3335995164987993,-0.35935710409079324,-0.22355059666650565,0.10972096739783559,0.2842046838433767,-0.05181808110130602,0.18898083344991723,0.3116624831848325,0.18248359298769407,0.2339839500018041,0.48996465330491445,0.43193636652820244,0.6232398140126273,0.6030126877066435,0.2522175125902313,0.25816097476397704,0.42005541623394405,0.17161523897768066,0.0707874153698083,-0.06688480117546748,-0.13890151812770066,-0.23176586781030878,-0.3279506377419254,-0.3323513752966914,-0.42323618021033416,-0.2843562396148361,0.032734063683661746,0.07494823791937202,-0.03940044111524547,-0.16131353285668157,-0.32120930880623305,-0.12414437534229113,-0.10325368348868214,0.017531289543364612,0.07507777190715247,0.09758769950708257,-0.12014797521754782,0.18321419085521468,-0.05078379941861938,-0.05876725660327331,0.1551711846088662,-0.049003466486150386,-0.40053301534049135,-0.1890575943824268,-0.1344362860748079,-0.032665447461559825,-0.1277976174637781,-0.06963371091254524
