1.0,0.5149726763161153,0.4515155824704546,0.40597831691232583,-0.053710593677666986,-0.08797590110423312,0.37712861930732533,0.26538033215795853,-0.10986340629841515,0.0028581419969576373,0.08027059036996817,-0.208043494622091,-0.1344867853900461,-0.25487669935282203,0.06006635723677525,-0.18310949034805638,-0.21671338372929766,-0.20581536414431062,0.5696581911950426,0.5231478964155318,-0.15440599040251024,-0.15787888474434963,0.19569478801924536,0.07846624450265534,-0.1714626818196403,-0.2557372722643233,0.05006827676277617,-0.0751613530533028,-0.03517576599645555,-0.40258803853053976,-0.2928909255306491,-0.31133275952015865,-0.16365288688811835,0.04088454432507292,0.05419719666528793,0.04120380819908053,-0.08754044137508996,-0.08450900287399851,-0.3251412074164091,-0.14646086453948948,-0.139461752917971,-0.37279775882723964,-0.6080641999183216,-0.5187796973441984,-0.5332170391246518,-0.4708758750925521,-0.42664889884863627,-0.3621390734017061,-0.4844358559359714,-0.49800709236688806,-0.4840942989670738,-0.5236703262365566,-0.08880762886873167,-0.3135145998336816,-0.1582161554876404,-0.38511699063140686,0.4611498910652125,0.4918708658161184,0.6126286247205784,0.5337280625702737,0.4974196697707076,0.4733695192740673,-0.09163371134694102,0.06961195885082896,0.1409255225789622,0.09664938284336583,0.38701432107114264,0.1113343184223699,0.42104989078382576,-0.012437182502107288,-0.15637100002960944,-0.38165597168321125,-0.3000583207442361,-0.373265235906747,-0.29539817343438074,-0.1437953479156096,-0.0893807736547152,-0.03695950171690445,-0.10755951152146336,-0.1345512667862145,-0.15354051442878505,-0.10702889097472067,0.23363271547279285,-0.09334327971733244,-0.05189240207920093,-0.14096601826995991,0.1496793088730143,0.15217503128647678,0.3265766054676218,0.2270357485625362,0.13704241658511357,0.027558195338012063,0.1148537335515579,0.3431435676518049,0.2964253161581174,0.029939772851482555,-0.15050090444357797,-0.19222375405046932,-0.1425689361022253,-0.23818254494144156,0.26985320197899587,0.19014715307962413,0.2582428809174709,0.09007813617987032,0.1154718497464863,-0.08559457177274361,0.2622242076612427,0.11476094242110652,0.22458717464835748,0.06026098816036413,-0.17062013065396897,-0.3054165663766258,-0.018320490104633977,0.16820531017790719,-0.09073247428554589,0.3485367743428946
0.5149726763161153,1.0,0.37506695403596085,0.30790693282397,-0.24644079540468214,-0.39925417165604293,0.45928147119869134,0.39219240869400346,-0.20946015367606086,-0.33157996960161285,0.008607477233872514,0.10844860068658049,0.11575798559118577,0.012505975024407623,-0.11966420764981492,-0.1814497458518506,-0.15896398070985326,0.26735241041040253,0.26506406353682876,0.5782253944522996,-0.2823954712780574,-0.2992987352783815,0.05849873938248483,-0.24849796614855113,-0.5585700249135058,-0.6528134500715971,-0.33870683969510446,-0.27794212392113243,0.1300716266983503,0.059649288834220486,-0.20779840844448724,-0.2571437306033029,0.16228741288544546,0.07263211212995842,-0.12233068509186724,-0.3898502189903044,0.15135129358821234,-0.18128721024595634,-0.3142126986424408,-0.21681301500179592,0.0662340728479725,-0.2195043643686516,-0.4950650460464095,-0.37486210728199365,-0.24340289006044255,-0.2827726015235289,-0.24930007584205702,-0.4379239285596669,-0.3098633876124904,-0.1576060571592088,-0.45900656618479446,-0.3450134171225623,-0.11876566744154246,-0.3615136694543526,-0.15017979053446234,-0.32112576709033824,0.32959830606286783,0.5063224956275796,0.5095352209568204,0.510754274614521,0.4298386639877751,0.5793638617875255,0.22919986318810953,0.35503282743689485,-0.16953738885072142,0.09693275428688349,0.28762261992726734,0.03272301136453227,0.43157116497672854,-0.012519034421748511,-0.3442928021596022,-0.3343821782781493,0.06500147875622729,-0.27061048042839514,-0.018706339339335902,-0.29593763906698944,-0.03686525225123391,-0.11704645448902523,-0.03864631349901063,-0.10260615971943444,0.16609375917655494,0.21382046990984774,0.02110810674415958,-0.03459908756797052,-0.11405584793754561,-0.2382015658474031,-0.12385222300816971,-0.11575224186535338,0.057281613792942006,0.012313756148028166,-0.10454827099814129,-0.25034514930034085,-0.14493915207423852,0.0007100748345788256,0.18056706070231585,0.16635798735534518,-0.25022215661279096,-0.41270422667734663,-0.13201900512479797,-0.1694626048170638,0.10135839746883782,0.026151676493512174,0.162455039864199,-0.02798812386363499,0.15831956981766698,-0.08473325976759723,-0.06168557352510354,-0.03926051150837742,0.1642071060207518,0.012741706756196456,-0.5932187565555013,-0.435928936826968,0.1792206352257506,0.13036661519517842,0.050310005553238016,0.2924441419633935
0.4515155824704546,0.37506695403596085,1.0,0.6773484332836287,0.22111346639743854,-0.19823745982701144,0.8357010669102909,0.6981694111633807,0.09010194010514402,0.15576637922472533,0.27907731232043925,-0.09051554556366484,0.14285365330177827,0.03514591792444076,0.18190013386293222,0.14597512252573674,-0.4249958771282598,-0.23084379295884855,0.4921763845892763,0.4545278257684985,-0.40540602208465243,-0.2349693011097344,0.5864055981182372,0.37657303043150375,0.10870724648246675,-0.008103507110315553,-0.229197837901479,-0.31575911306575427,0.0629431730159208,-0.20859918596418522,0.015919834282329855,0.07628211623733888,-0.21349661929929625,-0.004061321660613086,-0.112558953188524,-0.02592476427955454,-0.31256236731338327,-0.5565208697004064,-0.5209240859955142,-0.41156144220785,-0.20666602447210444,-0.06899261189830729,-0.4397292937123667,-0.4308330777113835,-0.29406036295665716,-0.44770186744231266,-0.47383049315483017,-0.26879045773684057,-0.20811390651486758,-0.2877828818631875,-0.13934979682945042,-0.16647867386597276,0.10345819200761296,-0.13931091177296218,-0.22214368954864208,-0.563661306791305,-0.20796326598838993,-0.05441762587168027,0.324185443407386,0.23460466368812968,0.2710639498008355,0.3043284243382311,-0.001979000693670561,0.023342364923297578,0.25051283259475515,-0.004175081669935729,0.22411073293037823,0.033919553494904775,0.15150806836216948,-0.033390615123217796,-0.26835387091206553,-0.12374678643544225,-0.1358233399708428,-0.0018696064359455865,-0.3679760781022749,0.0389310899965033,-0.43040494167470256,-0.1730066286674432,-0.39473684605005754,-0.3783996218600364,-0.3210688442396693,-0.28481256019842344,0.12659874492333414,-0.10260401534352727,-0.15003212183088024,-0.2980827254985465,-0.0020130718643117866,-0.14012672906843707,0.1762190032246029,-0.06937128501367837,0.20642318540779264,-0.014934442100542348,0.2289584536145197,0.26614827546932923,-0.14886518629383058,-0.30759564270621725,-0.2984697804200935,-0.5423782005708822,-0.31223691649376784,-0.47788335463913406,0.1929522529819845,-0.18868799283620394,0.09841820288680714,-0.2593391353843258,-0.2787301311702724,-0.5408748491470038,-0.2307159690848275,-0.18100849922945644,-0.18536656704697652,-0.30753192157643133,-0.31482477687520266,-0.43452992392910633,-0.21676624665692626,0.023125905131203797,-0.25864922517667194,-0.10256267748138025
0.40597831691232583,0.30790693282397,0.6773484332836287,1.0,0.06460157095483979,-0.07065482395577294,0.4971174502727988,0.6374947103159541,-0.05494040574393659,0.12839133700449676,0.08388324653301692,-0.039305194321191304,-0.3014819038594765,-0.15235109074523356,0.05169616242922918,0.09195449127284273,-0.418420940826475,-0.2643119932096581,0.5916778280662996,0.5123095853976541,-0.2698757730856551,-0.12708069580254983,0.6601466700987841,0.5861139082458595,0.01844856474551985,0.0675483320984317,-0.12351369316360554,-0.07250495934084165,-0.13737141003061304,-0.4405214860581204,-0.003616325975972395,0.14826545836059773,-0.3526834192104709,-0.10734164193288816,0.14900414501532078,0.11807691066120482,-0.4254600125782496,-0.5404403913671858,-0.3588341434261901,-0.29831814119524674,-0.25800793513587683,-0.21951035466209703,-0.3576454900930538,-0.39159543857454815,-0.22528018217727647,-0.3573447725259032,-0.453126639440362,-0.199208028654724,-0.1492915356259029,-0.2268543089106233,-0.2392091568993965,-0.08705325233261034,0.1633966237918329,0.02984138715860867,-0.053291981901197646,-0.4135761249581046,-0.13921743428441438,-0.046946631429822694,0.2170016960921532,0.23026724849532454,0.0016036742980159845,0.2736873351180446,-0.2439385171123228,-0.15388275614971272,0.2862639282455309,0.013012136263787378,0.1552458640027482,-0.05522617810126491,0.20442026729754884,0.03977072597037128,-0.2887598110489612,-0.197981829679702,-0.3848484440961827,-0.19570634892955335,-0.3200153920780271,-0.16839997405524232,-0.4417257509335427,-0.3234202295557634,-0.45131729948533805,-0.4355624348170531,-0.42483887384567964,-0.4450029573169342,0.2658803227054555,0.1622361500590121,0.0011611754914042384,-0.08520074167447483,0.2122614039679357,0.14712458869382086,0.2544891089948032,0.058922680973525626,0.36772557003848916,0.12813039595339748,0.24384896819743565,0.21957189867741156,-0.011710335535244086,-0.1788787604981603,-0.25704998139014584,-0.4546776302954887,-0.2147556692994208,-0.26565971950631995,0.22375413112002854,-0.11533497600203138,0.16244995528780878,-0.16971415202310455,-0.126380075498195,-0.4308617012483283,-0.059033946030827046,0.008119545987337889,-0.014577056584943578,-0.18946320403163058,-0.25812385234006674,-0.36593204162377396,-0.29434129865800934,0.050715134903557835,-0.2268190978639775,-0.12289149721518643
-0.053710593677666986,-0.24644079540468214,0.22111346639743854,0.06460157095483979,1.0,0.6844642726936692,0.17458192041124476,0.10258120088584016,0.8114759716303934,0.740480463821407,0.17888025364680477,-0.21004831673327884,-0.14648474773970163,0.05150554589684188,0.512468028837263,0.37637150724684165,-0.2509648187815627,-0.3628979466113754,0.016731548164815657,0.0486986646523572,0.04978678379167733,0.433911556372489,0.014380849070733974,0.0842544306969933,0.7496111237504659,0.412587289407156,0.5248356529955239,0.4329319086269263,-0.23461872685326837,-0.2585452030565322,-0.09031501609459809,0.07051271013234493,-0.1264179714742058,0.012648007529548066,0.05937026093115961,0.10308360674177496,0.004753185237847795,-0.17419386130261544,-0.13997876892803798,0.170046245540793,-0.060789610508161555,0.16991653845858976,-0.006239688754970052,-0.053301420611195756,-0.08664865720658022,-0.05999898947457968,-0.09428516481483996,0.19654133499045354,-0.054695866383776735,-0.08650829415049258,0.030881135662747635,0.05412414910734022,0.2510737200905433,0.19529371932877862,0.12544999296229736,0.026268905479675763,-0.31163554876112076,-0.293789280541927,-0.15841290713265888,-0.20331846421926217,-0.08123651124235802,-0.18246601030557538,-0.2395969027582805,-0.20870091452557554,0.1338534662253307,-0.11908477760033138,-0.05994764182909991,0.006503646935058295,-0.14383760338487328,-0.019105486570777888,-0.2524029269108127,0.4552033091877764,-0.25175288934453877,0.43317106454813814,-0.5338879806506288,0.47705938522462893,-0.3480291983665361,-0.1372053246674363,-0.19051707166134943,-0.2955491271572981,-0.23003362863092502,-0.25415691363715404,0.32715136631188757,0.32917994033682474,-0.09228850024519428,-0.061970760481419813,0.1981948681685074,-0.023062894807893534,0.35693364904837144,0.17842106780192968,0.12555055374741622,0.20546595883849939,0.1113618418589196,0.1547115416766696,-0.029979617687041105,-0.14591853223335485,0.29421804523749645,0.12422017091106556,0.019463479516348244,-0.03872514524602891,0.01676191121365014,-0.20893871503034195,-0.1414105819228094,-0.18899105180695766,-0.16537800497484292,-0.24488267899871058,-0.15208236169815403,0.00790889560403295,-0.18010675477736096,0.16516504890242734,0.21049372053782672,-0.029280220695849655,-0.11745816202993567,0.23302462673731275,0.04253109378198397,-0.0930929069640237
-0.08797590110423312,-0.39925417165604293,-0.19823745982701144,-0.07065482395577294,0.6844642726936692,1.0,-0.2709080923275791,-0.30526722111681986,0.5954056106277709,0.690684616752078,0.06473102412041758,-0.15756094177710453,-0.2054442310729955,-0.16481119094399738,0.5444175415908693,0.44009915572128394,-0.18261819088577497,-0.3512447666842016,0.02934635831690338,-0.07105074664758193,0.3691200984261454,0.7546690760636888,0.004284311604470046,0.09524129617625254,0.5860410987173195,0.5548710258492555,0.8437676315881197,0.8449909787207871,-0.38958348280313326,-0.3748717511529119,-0.13282471992215292,0.03177493544163014,-0.3630572638097313,-0.07711732685577681,0.36829104651822353,0.2884726761533903,0.11190558606976786,0.007624272624545343,0.16894041948278385,0.4723358478458122,-0.08825415615850288,0.017997843756731444,0.0934867354783821,-0.07945468655860023,-0.19275874177986907,-0.12886190869931194,-0.028767510385953193,0.2199983469447687,-0.08743746367746774,-0.2090754729337263,-0.15747396718357198,-0.05940738756650541,0.2120293347213818,0.2910487554211967,0.16349907736894084,0.21348578035377,-0.062250883409912125,-0.16617189365157173,-0.2952548866060523,-0.2201034653439515,-0.198730783106193,-0.20312097730918752,-0.34507470077658897,-0.2963678636341208,0.18845435936120852,-0.13925135405985067,-0.20049915259234485,-0.16842543369161,-0.027195519601507484,0.07259526245511104,-0.07365172359169081,0.3943274101103623,-0.3919899533486244,0.16419413197408664,-0.44324187516432545,0.34225674146601415,-0.20860160987354429,-0.08546175324370103,-0.04076273650700144,-0.0983486980854419,-0.1256410031230446,-0.20218112322556028,0.49161424296231376,0.5173074821777317,-0.04783487237947272,0.08450564502019,0.3269674469661809,0.18318080589297078,0.34751389310892317,0.3570768100704211,0.08169832070375528,0.35065186110146696,0.2860696860755685,0.2181435810001914,0.11090567736982605,0.043148550043683946,0.23470813292503748,0.31550073163123593,0.048791483612377166,0.20610701986040839,0.13569230773329735,-0.06358657381215733,-0.03187417420688174,0.03527915248182671,0.13118956165284315,-0.001844328509027923,0.1326890539892676,0.31647752615526076,-0.02953474522692398,0.2882845486424216,0.2424247201453673,0.0912647639149558,-0.12220165413358199,0.29107042360943275,0.2807300603514618,0.0816430184965685
0.37712861930732533,0.45928147119869134,0.8357010669102909,0.4971174502727988,0.17458192041124476,-0.2709080923275791,1.0,0.7792478097607787,-0.016879031993782007,0.09772796074507115,0.23092453974690255,0.03831423826355387,0.33592616820257104,0.25097440742246907,0.09737937472846105,0.08693778937669203,-0.40066840196359477,-0.11359384838755837,0.41027993806271124,0.44498525282974144,-0.318956960282388,-0.28460253150154763,0.43055759272791433,0.14013316362521536,-0.007558222696403376,-0.27620064116976367,-0.2366793488754537,-0.36461853583422865,0.19042376683088655,0.02244345654475004,0.09303195813600523,0.16091497307517735,-0.0537819699233086,0.11149903207792664,-0.2182456199200715,-0.11065760085427469,-0.25883317555344454,-0.46351919298505656,-0.5641451077929419,-0.43452604193520294,-0.18232152451944006,-0.04707858188970292,-0.43695204600191756,-0.38593767949528685,-0.26400688751557533,-0.36550268801637964,-0.40059534706883476,-0.2766046023285854,-0.2362716581587394,-0.2344384431490235,-0.25815131108480954,-0.25880954884907337,-0.17412994510392754,-0.3581155322194168,-0.3065927166801155,-0.5573931894344648,-0.22178387423190118,-0.06104975221107881,0.23860851741523892,0.13335255935126256,0.29663828257518066,0.27284145616122013,0.1759762696982196,0.0816997223028986,0.10873616442884095,0.03100124858441092,0.16954892148452427,0.07484528090698692,0.09989257924118268,-0.06686024738439263,-0.18476996070199683,-0.15341024318756086,0.045415485942186036,-0.07591202124023505,-0.22107483468186168,0.028547030986971762,-0.30371958002338956,-0.02367286221029143,-0.4116364693790006,-0.27330296494519957,-0.2008267857171555,-0.12497188622199443,0.13758456913887102,-0.03121742847846579,-0.24245213259907755,-0.43386948969828365,0.003073449759930075,-0.2027835284626207,0.11879918887380758,-0.1713132826845988,0.00982617559777189,-0.21137776882747558,0.22462979498432975,0.31432840550738494,-0.16503879012548295,-0.15367484101365797,-0.3132957290731422,-0.5238988803478435,-0.2899301219791058,-0.49048656209252106,0.30996474524834317,-0.05761762548105872,0.263874892544766,-0.1111216213429458,-0.08445869897736501,-0.4198383968012118,-0.14025561557870134,-0.02204796681356348,-0.04859795240663549,-0.20535530971433433,-0.36234400085576907,-0.42608560624326003,-0.12964906015684713,0.0793764131705617,-0.21673325812256033,-0.07117227690147354
0.26538033215795853,0.39219240869400346,0.6981694111633807,0.6374947103159541,0.10258120088584016,-0.30526722111681986,0.7792478097607787,1.0,-0.1434192938071767,0.11238157191396739,0.19425285138853754,0.30435041479838915,0.07682746210429652,0.3482434277268655,-0.060362772402096324,0.18292704669819382,-0.44596496651960366,-0.17484735489695427,0.33876751918472625,0.4116091622779057,-0.3879286225302033,-0.38977438428896005,0.3741533616682395,0.35816406183965,0.03176896880515114,-0.2338785711113745,-0.2912406840859658,-0.36475302155967415,0.08289160945936805,-0.04261234515741189,0.15347260506863764,0.331699301102469,-0.038993572939377136,0.2364833857362849,-0.18194826013362242,0.031617082064766995,-0.3014139884250243,-0.44303471351393203,-0.45409836929658576,-0.37710268390135404,-0.23020080934424017,-0.00942213345603663,-0.3176968856570247,-0.25482430621590374,-0.13973798055688588,-0.21286692050299552,-0.3679094048410603,-0.20145643785636025,-0.16371132697086815,-0.140999878205722,-0.14729076353122128,-0.14655828860788062,-0.09587668184985015,-0.2565011294757226,-0.1141778604371599,-0.4755390467266102,-0.32364413074515946,-0.20941064325190095,0.06613600460771508,0.023794755491987032,0.10109632731791364,0.3110441078658563,0.006497597757795291,-0.04334731033181338,0.21625642133124734,0.27969176741469537,0.04762154072629442,0.025490410359858252,0.004794089278134911,-0.07389002080429713,-0.2160515620168678,-0.25626733817935904,-0.07419578734273001,-0.16477581844678302,-0.16153154727064004,-0.07726132596765915,-0.27972992401430524,-0.08329259142442318,-0.5829966647096225,-0.36721070133147227,-0.4044903886989134,-0.30038191170375583,0.015913193863195407,-0.003601500277897037,-0.19289302453741464,-0.31845008205808767,0.03021854790398714,-0.18072941465315553,0.07223833122117596,-0.29852155643447803,0.1108405346542673,-0.2489117064415551,0.19966253294013225,0.2113560589071445,-0.10457454388326229,-0.15395457243668187,-0.16017534987386073,-0.4046130817227537,-0.2878148489450918,-0.4006054625403206,0.2826971096223218,-0.13304216951267914,0.23404351042720345,-0.1727068721717865,-0.09951411244669177,-0.3782784333778698,-0.23147861017977645,-0.06167948147007125,0.0017798325389949809,-0.17445411197326988,-0.2505590882036395,-0.4318838749267693,-0.22531074409051416,0.028146269340463572,-0.18067560207451736,-0.15622197898079132
-0.10986340629841515,-0.20946015367606086,0.09010194010514402,-0.05494040574393659,0.8114759716303934,0.5954056106277709,-0.016879031993782007,-0.1434192938071767,1.0,0.7046579971129503,0.02329022448141748,-0.32303733932874545,-0.23406253819025039,-0.10993483366353943,0.48709400341844533,0.33183099682849093,-0.07556291658775753,-0.3217313546494281,-0.07390301873680864,0.03627383511076206,-0.10675508109086815,0.5012806854602433,-0.1315070103125418,-0.12999335094651682,0.5884296397608458,0.3434292165742285,0.2764228085605955,0.29508611425835013,-0.31375744870424277,-0.2165661009498769,-0.3411876067948666,-0.21571015264088705,-0.18919030128208936,-0.22086455302861435,0.02837946184302678,-0.056316246788520936,0.06975892561091507,-0.108096013881285,-0.17028964714874065,0.1104368381634016,0.0384680278936123,0.11604119151209576,0.21550718147023606,0.10490900324450099,-0.009074596669836538,-0.005484848807410684,0.08538455522910467,0.34400166627352735,0.052342076928327416,0.008218101467360045,0.1580913895084073,0.1889931600202336,0.3642755550627273,0.3172839254440498,0.14413893137173295,0.1567978023308741,-0.1624676420992421,-0.1902459673014951,-0.07422849390730847,-0.07921858029945619,-0.040447638203893035,-0.18594914678137525,-0.184911248046247,-0.14739908101566526,-0.08809623952396953,-0.21844835516353547,0.060922134393211744,0.09629319274535028,-0.02552213113261548,0.09458637718240645,-0.33143214467908855,0.5523556740726416,-0.344952910107533,0.6153303707013827,-0.5795706157181413,0.4536535154342564,-0.32268490715568016,-0.16088479233574052,0.0439860659292009,-0.2645720936363032,-0.08528729354682811,-0.14205954827642192,0.15948119648036985,0.19367160219192028,-0.04876491594977668,-0.037172760922503705,0.020458871439912887,-0.0772182595551896,0.26765840601717605,0.2093249685310604,0.19085382378131363,0.34987763198710725,0.0769930113189891,0.13243858560610242,-0.08864991311351372,-0.13888388725283,0.27275995735928366,0.11509516452418607,0.1261637294059423,0.11845323858959975,-0.07127698169429673,-0.21889000393320915,-0.22407376214154584,-0.23608511461237533,-0.17748317852622164,-0.13491016633199335,-0.17487665939211813,-0.06956873576130969,-0.36911021557680845,0.09718913870503017,0.15046835824223037,0.107099534165956,-0.028823469265977116,0.15927030566584396,0.03204132579530571,-0.16963561765807836
0.0028581419969576373,-0.33157996960161285,0.15576637922472533,0.12839133700449676,0.740480463821407,0.690684616752078,0.09772796074507115,0.11238157191396739,0.7046579971129503,1.0,0.13015834056114456,-0.09133479350401807,-0.11721118517142991,0.03425007104696986,0.5276278540102525,0.5916952134866272,-0.3033907183644012,-0.5769118491669085,0.1730975585793774,0.16171780278758266,0.05920850052341171,0.49210108029140026,0.056126889359160534,0.22669196348201798,0.7251671145239639,0.4097264232652162,0.4460222324915352,0.31927277224929734,-0.25294157503850684,-0.4136107199325989,-0.2747119462108622,-0.02366275145160071,-0.44617379747745717,-0.06361642098378344,0.06262469489069028,0.30237285427900473,-0.08479677161686167,-0.13692593345059936,-0.13140002066874448,0.16372715584837125,-0.11072858738794376,0.18234102279495415,0.04566723766421941,-0.11221991131868911,-0.2417184845288506,-0.21447022969111948,-0.16404636163451264,0.30168136181213806,-0.12688205707652403,-0.27586553496051125,-0.03908547809972445,-0.03435756280325823,0.2372577473320227,0.1893151704313997,0.13149568634591907,-0.030143009895103604,-0.28126907583166944,-0.28023063971614853,-0.13248401241676297,-0.07912637458893461,-0.05637711043825231,-0.010065068983938183,-0.3800532883530351,-0.28543578811182324,0.13219618381232878,0.037307582316823136,0.040551571105309187,0.04895356074276783,0.01944776181734989,0.2038533480485456,-0.22759573606556446,0.3295190521220946,-0.5249374316093254,0.3015348234323686,-0.6311467457657751,0.44973414151573493,-0.3320104226425591,-0.0902467078104,-0.18235808754528596,-0.2621883259352101,-0.28784180715596985,-0.4239652852298025,0.3339239152611285,0.34915671409497084,-0.05063481577686772,-0.021983173327380763,0.2608120363523952,0.12108732892147264,0.4290342600561672,0.2134145061471379,0.165036720885759,0.3073903658234653,0.3756886090887622,0.38646133167176755,-0.10769857582169183,-0.12551974665323043,0.07997210229609644,0.095786223947203,-0.12351109572340169,-0.07746692327574753,0.16063657695434091,-0.11004662537271727,-0.04132671295534942,-0.11510122048510749,-0.0924470947790098,-0.257218460541069,-0.11533168610508511,0.06865861684944412,-0.26824704415242134,0.026111748427273436,0.21278418031508306,0.010055096098907607,-0.3419224727752131,0.11476442946896638,-0.0043176567250141065,-0.21510509323686197
0.08027059036996817,0.008607477233872514,0.27907731232043925,0.08388324653301692,0.17888025364680477,0.06473102412041758,0.23092453974690255,0.19425285138853754,0.02329022448141748,0.13015834056114456,1.0,0.32315309793000485,0.3944342577133285,0.3115877662001046,0.349368279801782,0.2909255863249824,0.04603684582010881,-0.04555961416616666,0.14757883344371578,-0.09921816438360649,-0.10914537497109986,-0.11446356158874177,0.20826876436928238,0.09125590486826084,0.06795359685472774,0.12838651201705134,0.03154445134028564,-0.02942834748194989,0.21127569950666866,0.03948559074561483,0.2764055357521413,0.2576000664757035,-0.11650405231634375,0.12170102933492491,-0.009384733700593598,0.20132500549092155,-0.23196963249586305,-0.19862968682116175,0.020015613292772662,-0.137989985788556,-0.272917581086842,0.21329920612002304,-0.14921084636606452,-0.19280516157782746,-0.13030765104126457,-0.15547200908293785,-0.32294922513603347,-0.09117857662952947,-0.015127807857174803,-0.15490745756686555,-0.11622374281066365,-0.1234518740339616,-0.13251068985729858,-0.06097026798377037,-0.2518636442775283,-0.18006029288309527,-0.2783880396743152,-0.2638872772292983,-0.06475270927433027,-0.11553378272466522,0.03367691340006318,0.06395439197904325,-0.17409967598783843,-0.04320565486265081,0.352802916252868,0.16555568997804634,-0.11149231322565753,-0.11002119177340317,-0.1428543301563942,0.08474864824585057,-0.009160604864485384,-0.041702727026315896,-0.05325206096372342,0.038957942657478616,-0.040595241591408704,0.11617325610620063,-0.11340795182535257,-0.018853192292358625,-0.03575592438161201,0.1272651142969239,-0.18172470885852812,-0.13065618541684282,-0.0021181166040266743,0.03512691778938272,-0.10401645649618968,-0.1273748770524556,0.0032417777482327656,-0.014635036917915675,-0.14729235798461432,-0.08132090423401668,-0.0981513364246063,-0.10429951775511653,0.09391614515899381,0.024194610637492397,-0.3163725119541617,0.026082393301079407,-0.10956177700382082,-0.2580633759534452,-0.29455104236118745,-0.15571735434058678,0.18725505456985767,-0.011178064470344369,0.1687146113549632,0.1336507166999462,0.05805458490741162,0.014408998003452973,-0.09864340840712131,0.014800382532881544,-0.09957944299636425,-0.08442462437557176,-0.07256910288058885,-0.1863570781319056,-0.14891946848849727,0.07565728549394432,-0.03244925489687197,-0.05201957291009199
-0.208043494622091,0.10844860068658049,-0.09051554556366484,-0.039305194321191304,-0.21004831673327884,-0.15756094177710453,0.03831423826355387,0.30435041479838915,-0.32303733932874545,-0.09133479350401807,0.32315309793000485,1.0,0.33059083033452213,0.5546600774941399,-0.05412772373862269,0.3971230773123892,-0.050912742977801066,0.17725928011675873,-0.2131528733355251,-0.214645863694603,-0.1693489915113435,-0.27237582959092793,-0.05373352459411711,0.04151564651836974,-0.2573239366061155,-0.24893313738105505,-0.12044030896548959,-0.09004168769049178,0.21521532611216745,0.32443838312780604,0.33550137645022254,0.3889640970051022,0.08872998652970274,0.3427473342863575,-0.1404373381468147,-0.03845345233062561,-0.13645848567907104,-0.07850616182081131,-0.027023246979593584,0.010099081471300028,-0.04147687492263943,0.22899936843711705,0.019410067846882473,0.00110525398905559,0.06701923808903201,0.07108935332555898,-0.03769163833870348,-0.1546609420995162,0.08983025014416121,0.0393978099375314,-0.04176437163421014,-0.11706169609675939,-0.2127097968313417,-0.13786087449829434,-0.03338238664791491,-0.08737537918276812,-0.2051614584334693,-0.27640934967005654,-0.13345601609841437,-0.1272197849425282,0.04308987735828425,0.25485096604653235,0.17234344091249765,0.1794244621616974,0.05712217225063712,0.45379435086343684,-0.1873713253036296,-0.17782092451061277,-0.16258309958791253,-0.11072104368371878,0.0723522040334881,-0.21598187270868655,0.206534993563214,-0.18518456260881097,0.33965542378955976,-0.16416395547039409,-0.00479994347744803,0.053927494915026346,-0.1852161254849238,0.08292233502077717,-0.09387063360869415,-0.049436938693901304,-0.20011658866000825,0.1248157328755179,-0.10196547111552731,-0.16582082953927924,-0.15731875863500908,-0.09880696958698505,-0.3417856933631054,-0.3377202493005843,-0.3186556433093702,-0.39180545674369077,-0.1720808654696355,-0.1205853565420097,-0.188610389411565,0.08580517004538771,-0.15052638735446194,-0.1863168984161359,-0.2061228425598507,-0.10448818195635218,0.2104076377274495,0.1297283078858049,0.23692505993832808,0.21760562268776923,0.21944311398011246,0.20235005170606574,-0.07748371615346121,0.1307759735207341,0.006073705635275554,-0.12734985691107018,-0.2918003885264959,-0.36155897179556,-0.20822272418646987,-0.0924085741414995,0.11489730695662924,-0.10926085405123044
-0.1344867853900461,0.11575798559118577,0.14285365330177827,-0.3014819038594765,-0.14648474773970163,-0.2054442310729955,0.33592616820257104,0.07682746210429652,-0.23406253819025039,-0.11721118517142991,0.3944342577133285,0.33059083033452213,1.0,0.5363240236811719,0.0510288991367181,0.1875190586115675,0.19273923408711624,0.29994945072997586,-0.08764224489312712,-0.1319250318658589,-0.006877458820322734,-0.15732996024166984,-0.018581497867425762,-0.2227467523374638,-0.15040155796029514,-0.2010778462572589,-0.18632475380177255,-0.25217073663359224,0.5404897971040886,0.4657793376211216,0.3196682911370115,0.1957171460760954,0.15191905512560575,0.13645592481327118,-0.3462809936592428,-0.2502663775077008,0.07725833937317617,-0.031230367687000743,-0.05937129289715248,-0.1988812791865736,-0.014582539433646078,0.25184032864923733,-0.2214514344777074,-0.21054770304289722,-0.18555618656540743,-0.24543600022059528,-0.1839444096281833,-0.24563356783086762,-0.09551100439109102,-0.1266497059413561,-0.22226409839647623,-0.24568691035858292,-0.35899344092936497,-0.29771288869428,-0.30785391129722617,-0.2650218903458631,-0.021144237330280796,0.009970600782815161,-0.03771512239435715,-0.07674313318987502,0.26506599431313305,0.002493301795090828,0.4048415621768021,0.385565207883152,-0.16707767969915505,-0.08962118762925506,-0.029527142499986753,-0.053108108026481686,0.013772622749209302,0.04505575055111279,0.14625361438977574,-0.03395115786713599,0.4515161141194754,-0.05486760896342751,0.2276942121867578,0.0215204291079124,0.09925962538446871,0.14095431495060637,0.22693870681322345,0.31891175789569864,0.3624431473690342,0.40795723777083853,-0.10919346518651883,-0.0013065987894105224,-0.12029519936481588,-0.17497772440134907,-0.232391209349662,-0.08204714847199891,-0.2625318201554713,-0.1441314291871775,-0.4329413475244043,-0.3487792873274833,0.053959473873433014,0.02050316570462755,-0.4028854034179349,0.07361708923741485,-0.3988692056276689,-0.3501833170984854,-0.31853713844065956,-0.3106140638572849,0.13680513977081266,0.12464246967707464,0.21581674403624904,0.1992309924103105,0.09906984461803782,0.04095369543454222,-0.07795737447463691,-0.09252739382698855,-0.08379277999122466,-0.17318927970210674,-0.34352688001225007,-0.21716988786436237,-0.024941969552894506,0.03476670744382623,0.022371406386448748,-0.07772528610672284
-0.25487669935282203,0.012505975024407623,0.03514591792444076,-0.15235109074523356,0.05150554589684188,-0.16481119094399738,0.25097440742246907,0.3482434277268655,-0.10993483366353943,0.03425007104696986,0.3115877662001046,0.5546600774941399,0.5363240236811719,1.0,-0.07566870070693879,0.2861082152582087,0.20701919596700574,0.26301043250042055,-0.12354218445890093,-0.1169110114113431,0.050997861038687746,-0.1992596235266979,0.03699348483728123,0.043809906645671526,-0.05349487706717663,-0.03958126985081765,-0.09561159005451814,-0.1765008088241791,0.3862259154808979,0.44019479104955966,0.2811110652856511,0.3789168501637172,0.2055078547574717,0.336087769880446,-0.4362924483964302,-0.12297250806509154,-0.02766420225974289,-0.10400186444878404,-0.034472761757197726,-0.12749368536376335,-0.07590899183828638,0.15424136539487693,-0.10107696016304377,-0.05644093386992055,-0.04023287006700656,-0.08958460164267384,-0.06994877051715857,-0.10436441872413674,-0.02889001367295886,-0.0008834570447930741,-0.05949498920484177,-0.11630515377150956,-0.3062104834911667,-0.1589637938918352,-0.07256670904155431,-0.07015263357923901,-0.22600411913085888,-0.30630817119922393,-0.3988730192121353,-0.4113655814613129,-0.08545719794871529,-0.05680202678266704,0.2384940014037717,0.2831618833933831,-0.11092359099807121,0.005922115529811214,-0.25112794072146405,-0.2215220313302286,-0.25643576315146177,-0.036382061367172785,0.20151874827544253,0.10837193170383874,0.3641107150571085,0.07155406010463038,0.16718116132231411,0.03740670850885661,0.11638445492706306,0.17567645112520514,0.003044166636389043,0.13630289933449394,0.17657558816151914,0.18990907582024458,-0.10714615892976818,0.16594730025871343,-0.17252344819357704,-0.18189493199578374,-0.06786415314914017,-0.08103403583665308,-0.16956228765283732,-0.22686763436869423,-0.20376459184662532,-0.21070499845297908,0.136200707279903,0.08018429033824125,-0.3462558850690527,0.021914534751403602,-0.09096929129507464,-0.25451336009874476,-0.23005522202847373,-0.1965954586590521,0.21287088348257865,0.15314478975564147,0.1284541106821504,0.14718434259589375,0.030078086380601964,0.07310753296999073,-0.12395866561592153,0.0328744882670634,-0.08467079759794979,-0.12863299877885115,-0.16305284565113143,-0.1508062294287132,-0.10443697147602156,0.07829942046671719,-0.07422767146251945,-0.17380289000538815
0.06006635723677525,-0.11966420764981492,0.18190013386293222,0.05169616242922918,0.512468028837263,0.5444175415908693,0.09737937472846105,-0.060362772402096324,0.48709400341844533,0.5276278540102525,0.349368279801782,-0.05412772373862269,0.0510288991367181,-0.07566870070693879,1.0,0.6029362956949502,-0.33472470086323514,-0.3948801396584979,0.24125381218863653,0.1355049320072904,0.10995644463136986,0.35159496258602374,0.09297886227332794,0.015425303356021144,0.4059986510458159,0.24517885576460455,0.4383524772632469,0.39923809353394646,0.026351373861779485,-0.11809199809195853,0.03303627886135504,0.13655465461680938,-0.26978494978889267,0.13468918988459705,0.24801872019195045,0.29385085912391784,0.05780250764715065,0.04124054661218829,0.04347933852714078,0.2350796150948949,0.01163000623619415,0.2118676855155587,0.06365732157342709,-0.11548292465626517,-0.3598990573249688,-0.3551379707213495,-0.241210066326024,0.1846798758120214,-0.3288099468610333,-0.4543288821362996,-0.28599243097516724,-0.24820765207294507,0.09513131737497814,0.22058160219823636,-0.27707804516934315,-0.19971558259345115,-0.19318835476997762,-0.026716788418083223,-0.1349681042773179,-0.057074245538298665,-0.08458106197613127,-0.008055847741225811,-0.31518298604522144,-0.2793030271724946,0.2825319768058511,-0.19939826350030868,0.057658746146051515,-0.163368889547554,0.26176353621856696,0.019135095196294187,-0.07031539476951672,0.07079402540518337,-0.25986210193641845,0.09657296123954469,-0.27598517766588504,0.4059143968618401,-0.15557447707358996,0.0677311426276005,0.007085300025695026,0.048098623040298515,-0.03596165924282507,-0.0781521780380614,0.5137486415785418,0.4361019784719616,0.04769212606622536,-0.0738956947081987,0.1579650624816063,0.0785643705160063,0.07869032142634132,0.02065246340730936,-0.16712865265438856,0.09517293844893059,0.07541193626545904,0.08766751098727908,0.010820700905686443,-0.15738298203223325,-0.09314596810968798,0.0541964248085245,-0.19717402618032887,-0.05958793318812137,0.1221695400521705,-0.18658200370732989,0.12024322149339958,-0.04668780014249416,0.16047272946663682,-0.10780535149426027,-0.1266314817633002,0.17485488324594323,-0.07685299641128723,0.0038670361647764194,0.055283191766655485,-0.21549070733982525,-0.3293378236228201,0.20335155055982865,0.28052666257639625,0.10660795803618761
-0.18310949034805638,-0.1814497458518506,0.14597512252573674,0.09195449127284273,0.37637150724684165,0.44009915572128394,0.08693778937669203,0.18292704669819382,0.33183099682849093,0.5916952134866272,0.2909255863249824,0.3971230773123892,0.1875190586115675,0.2861082152582087,0.6029362956949502,1.0,-0.33016599916829836,-0.28726428458925723,0.05193969981146646,0.05019645831100683,0.03269665504310018,0.3634299583440129,0.09610985485306393,0.2271163406244524,0.40577927022145327,0.2883279118690923,0.2745812473785722,0.2678573292847307,-0.03392076815337909,0.05064995443550221,0.08957051417763853,0.31194413199118964,-0.3692431954867462,0.20047578212182998,0.10326915550199053,0.2685647639906777,-0.09089498663721819,-0.07688341422186046,0.016703813264860416,0.24588557258838362,-0.11158689845515612,0.28249631788293933,0.10586860882686877,-0.14041956186907037,-0.2800750808666139,-0.32908611344443794,-0.2605365680824533,0.07540467521568264,-0.19442387680698284,-0.36396048991652463,-0.1535524430644852,-0.1865587340842673,0.0918572348030914,0.1443842065152967,-0.2013484430556189,-0.26557793014687925,-0.2869052051272612,-0.2846277958749628,-0.2402558423258067,-0.12654012700710998,-0.12637848185158884,0.1383789811329384,-0.2583493926963118,-0.08726171927380347,0.11036707181052899,0.10027096712203476,-0.010502442505790693,-0.23571122948037995,0.13688053611096812,0.05585310633794836,0.029552939748738127,0.15507611768954277,-0.2929969443859644,0.10425770398419432,-0.2696969230441552,0.2922659734733192,-0.19866842145621483,0.06105813256067438,-0.0954775700775725,-0.13268507353746414,-0.11040104848036013,-0.15712237218299135,0.18635455450715235,0.43818603412654555,-0.05305828639758074,-0.08494932136470848,-0.09609465735091646,-0.02208819438797201,-0.10216287765026764,-0.1762319577613536,-0.14982769648038338,-0.019031461721060686,0.26499357020166536,0.1341234164979331,-0.13157747102202713,-0.20947327476717806,-0.23401348570584055,-0.010080675377743304,-0.405498102507114,-0.2160294645380982,0.23472262790543874,-0.10846442119516815,0.1584814450134502,-0.00805544481205247,0.15915801489080586,-0.1123927852658716,-0.33591443700959417,-0.022533733373641812,-0.22943231710572826,-0.028182738498846047,-0.04433888627456442,-0.27828090902493435,-0.4482744963171094,0.09955470379224203,0.26695168126911123,-0.10179987611814621
-0.21671338372929766,-0.15896398070985326,-0.4249958771282598,-0.418420940826475,-0.2509648187815627,-0.18261819088577497,-0.40066840196359477,-0.44596496651960366,-0.07556291658775753,-0.3033907183644012,0.04603684582010881,-0.050912742977801066,0.19273923408711624,0.20701919596700574,-0.33472470086323514,-0.33016599916829836,1.0,0.607384015558316,-0.29660300452820065,-0.3470213546657808,0.13940401150016554,-0.14919245881152327,-0.26641917997315057,-0.2756432193974033,-0.25749914837185867,0.05560022335488306,-0.2287763178688682,-0.19002484625476032,0.3511563875822547,0.3721806835155466,0.149999755355371,-0.017876432103406337,0.24010301663178787,-0.07044169753208365,-0.3462757749473406,-0.3884317688085607,0.11027718191394371,0.19009903308806675,0.18408269259632953,-0.1915656703091154,0.11288976751262497,-0.01686373033055804,0.09981745278914657,0.1596255965284398,0.17280808335958076,0.2485176074114102,0.21682994129948938,0.030613421709935917,0.17887048229871805,0.30262979767540493,0.1372860073612336,0.1397000640808961,-0.1871478374733138,0.03527547727705029,0.04157506243552731,0.32628402511124327,0.358632345976398,0.05000395672282901,-0.17202693145222137,-0.28440896318690106,-0.0804671608553661,-0.3938383657941055,0.3308512362160339,0.3526202905670238,-0.3299918912770396,-0.29544870628656905,-0.2425363566409729,-0.08202317680439618,-0.2701065085780095,0.12271704971896759,0.2375727297029839,0.16901001322997877,0.42175739566416826,0.23144972485737117,0.2615870708061482,-0.08108191675074271,0.317248235283333,0.05894925874520445,0.6473869751293856,0.42555737341217215,0.5022873704592155,0.4522725602252034,-0.33247781493821355,-0.10573173127088993,0.192474751085255,0.23290064295008367,-0.12597911025568362,0.09372612558438684,-0.30054209178150537,0.08585797086656698,-0.09289960335390234,0.11885308612630299,-0.09972134698168976,-0.17071023850805775,-0.3061563731420367,0.07919221951013293,-0.07244070392181452,-0.07232248982307135,0.19725355686953358,0.2685797753066651,-0.10284351967208018,0.2596575664596289,-0.07968094187921924,0.2292366966166272,-0.07459156525588218,0.2686829594359915,0.013555881964941402,-0.08548508002026711,-0.2650866161655556,-0.04454680567732436,-0.016626989667413918,0.3540675843228067,0.20935095183581676,0.02912485125322422,-0.20946454289029007,-0.21974153850360623
