1.0,0.627879328006266,0.28708331670550263,0.08004404651188221,-0.04040316379880492,-0.18052089322113715,0.27529212918484564,0.10168474408047211,-0.016740598853758025,-0.314074269508122,0.27158652836611075,0.3166822915581935,0.31851328834123616,0.4152794052692726,0.18558299964306182,-0.027316653193300247,0.40931963296948415,0.3082650585550836,0.23618917093840086,0.029364552549204535,-0.08073132623578101,-0.01940947006887907,-0.07521299697551281,-0.056732240069329136,-0.12477909545191838,-0.23194620509342476,-0.20882425276186128,-0.09938622983735398,0.2578238858494124,0.0744802415339043,0.046244736100432206,0.1151716874987938,0.20621898425073587,0.24596551656554075,-0.40110564307846464,-0.27138979809530345,-0.07741500463585409,-0.19321466558258293,0.09546635085867139,0.052419790412859275,0.029752875341022805,0.21900207810396852,-0.027272452607338633,-0.046671272429536656,-0.4626263728619676,-0.38527879632642276,-0.12340942609997445,0.046951121240145326,-0.10162122337279862,-0.11912976741237002,-0.06894513216188453,-0.00392160078775453,0.005630530370090177,-0.09085071229944942,-0.10167003973552638,-0.09301984629585451,0.4874639402899993,0.3551203143359083,0.10969311140277689,-0.010669984744935919,0.36918331511429764,0.08344763796369628,0.24129071485852294,0.2542234616675097,-0.22625806135897167,0.07309004584571853,-0.22802881335228287,-0.29040534867858386,0.18038585836601656,-0.3101459108560793,-0.11834282930719797,-0.19069033418624184,0.19577787558611953,-0.13645345951360988,0.24716442690900822,0.30070358571497097,-0.11081115560839908,-0.13413672479133004,-0.04208136500223034,-0.03258346636143092,0.08922331829494197,-0.027880826561348902,0.09400893739028053,0.11226961877322597,-0.19958646934374896,-0.18294169049502296,0.1254574204543323,0.07718385657150412,-0.05172900260959901,-0.03072749648457874,-0.11058067554541591,0.05951571358634094,-0.203441122213204,-0.2712465119366778,0.042014373412762186,0.1011101784783246,0.02078870698677642,0.0040233139539629075,-0.03497011643756652,-0.0046523456750493936,-0.18720309772555924,-0.24012383955779662,-0.22310281937795134,-0.050852751878905506,0.0238218870439576,-0.09808780930437064,0.08711656138100542,0.08886012913628609,0.05790442593329898,0.023209698101448444,-0.03260750161846933,-0.1247995953062467,-0.035567263676654325,-0.02944053840599847,-0.1223214035164812,-0.09685700428168559
0.627879328006266,1.0,0.05690688384213822,-0.009553569977646295,-0.1991069376036015,-0.20316703670781683,0.07420914277210326,0.25940970026554855,-0.09455361948673173,-0.2631403533033049,0.02440861028695146,0.29836490524716514,0.14435830224133395,0.4711577924914433,0.09174737244357796,0.028407105994635674,0.2960324998566903,0.38689009791478973,0.09139061814957743,-0.13553918553308184,-0.1419878330987227,-0.08829463412260415,-0.21198407311369086,-0.14650341977294745,-0.2557936333811805,-0.27343872294551363,-0.2225750368981178,-0.21497727042213668,0.19282775828883578,0.17152820875734154,0.019360057075388175,0.11470259783126023,0.1732225158757224,0.28770692335393055,-0.485640427337546,-0.23074501519620763,0.005944374356692909,-0.20346632471579126,-0.12249377802720597,-0.19604056776297954,0.11937840535109673,-0.0025829304796210536,-0.10801733913502425,-0.09519236902449422,-0.34213225627175453,-0.35256185528303824,-0.007143177198578811,0.1521368006915366,-0.04855407337420006,0.13230038896982213,-0.24053360877480287,0.3848025510533448,0.2118616041364405,0.18281790566880685,-0.162819776664147,-0.07897766920389765,0.5514269159232402,0.42398908434724775,0.1533386375000073,0.2503941694093637,0.28112974035162247,0.4110050704392584,0.30231070579768443,0.5385569961947194,-0.1911752743231014,0.22981570233875012,-0.2612568099500166,-0.29381960091525516,0.13282181601377926,-0.31891199384099067,-0.23897339233924084,-0.29064744359399874,0.10350617005584545,-0.1903826172540574,0.06028436534465532,0.0733116286436519,-0.18146521674694566,-0.16834420147338686,0.001406738069640968,0.0004948403589397237,0.17414428678360785,-0.008110295606044086,0.10949173397403371,0.20236047186300585,-0.06807040179589091,-0.1614769788200079,-0.18762078527776796,0.13518752186873095,-0.14779513320812032,-0.01808720900371386,0.21005914382839244,0.29269691188991437,-0.20405661080272486,-0.42544059915389265,0.014387683750716983,0.19263044323703438,0.05731032332869141,0.17582458335979034,0.16143415208339398,0.3214968500674475,-0.27028699154781055,-0.41899591988521667,-0.04373150856146673,-0.2380706430247716,-0.04110947277464072,-0.33954297868815614,0.09507908273107878,-0.13283214645642233,0.02586270070338447,-0.0725611621216251,-0.06859755459576532,0.17108434962103672,-0.016458445108075665,0.19349250411735003,0.1216845824146305,-0.10469909244456452
0.28708331670550263,0.05690688384213822,1.0,0.4774535161083207,0.6115877803488919,0.28171340899934993,0.6337132891950608,0.37128616129897324,0.3037170589396336,0.20933964744051373,0.23904881342388534,-0.026963512738560715,0.44498588914657017,0.14287130491223035,0.20832850324383936,0.14729663149141742,-0.08971585250351877,-0.2010735457036893,0.15102520095065264,0.1424540215184627,-0.09954833758139062,0.10242787030412552,0.2999656160881077,0.1412929637706012,0.2974102925569779,0.1825865832785816,0.29494182116212986,0.17719791259372009,-0.09960473973628894,-0.10044781192232537,0.23684180051513168,0.3271824429664347,-0.008946370130818287,0.08530426378762558,-0.14221167286571723,0.1836148910911477,-0.3119404508848145,-0.15958653385104124,-0.13191863858473557,0.03191688857811495,-0.22785471462582343,0.20347461358820856,0.06639426447104176,0.05046911694462725,-0.1513870945095726,0.09867355194416805,-0.4193436120188567,-0.1673410307617799,-0.15097057372865655,-0.1161149162202371,0.3067036863597298,-0.1584176661273146,-0.26808911556780235,-0.15647842118790667,-0.31256484323479783,-0.3483048424414182,-0.05941538462420136,0.08706123195560224,0.1254773578181336,-0.10041838324512355,0.25863716756230276,-0.033447444200411756,0.007104981744238332,-0.1622861906043733,0.31629927587832923,0.024758604345351175,-0.05388627266077602,-0.030711687434040378,0.0065440913146638585,-0.04021950559972409,0.21762948679436778,-0.0701255274863215,-0.13000272612516986,-0.26280823590893415,-0.09905556120458944,0.14737990205664092,-0.30244624945826903,-0.19759997960314735,-0.2496637372724588,-0.17141036445559307,-0.32937344788999967,-0.2270182528332791,-0.08160876027425823,0.03173925392517052,-0.3254864427640073,-0.269364916566866,-0.027552288901867554,-0.2577571779539671,0.013850016555732595,-0.2226507736352038,-0.07097881409822046,-0.025662848859672772,-0.140295104107139,0.04040601005672813,-0.15822266339793334,-0.0806995773526278,-0.05234557260484232,-0.1438276469485181,-0.14147350800373348,-0.23564683037661788,-0.06016447951461189,0.06829248281486008,-0.007947331919833392,-0.05538283003297078,-0.13795903918961944,-0.15156057482385088,-0.14430839242777968,-0.06593375839033191,-0.10892248629697081,-0.2533485285366594,0.1647574120148719,-0.08877555721718806,0.17515568718117996,-0.3031185888193892,-0.23149884354474845,-0.15010853571954755
0.08004404651188221,-0.009553569977646295,0.4774535161083207,1.0,0.47115715440898837,0.5147487019036808,0.4725833078016956,0.5662094370895865,0.45812945439516883,0.4389576016048421,0.07505284000792956,-0.004012573231065624,0.09558789229009089,-0.03999540959098916,0.1250692425280642,0.19839934775268273,-0.29259306155837717,-0.17519394019368495,0.11618224225160968,0.4094618300044974,-0.17209110968711386,-0.043084316182068066,0.15270591552968477,0.43413894553380666,0.016876695176779064,0.12877192155675232,0.16754564057512225,0.12601353847278707,-0.37012197344556397,-0.3295440514250598,-0.27720008173341315,-0.06465426288510603,-0.42063520119185255,-0.36635844774731613,-0.20387522962031115,0.25173553661526654,-0.42319888969790215,-0.3023310352410686,-0.12156839654666018,0.152814017558001,-0.3199781431848267,0.15403958031725642,-0.04956742743552107,-0.031132483259305014,-0.008061825526335576,0.30972814128009407,-0.36813272841592776,-0.2262845733473778,-0.04102136485547553,0.1318582579282257,0.17299252767818868,0.0347743620430242,-0.2638198378429362,0.03872927254820101,-0.35690816769935946,-0.433449918208057,-0.26304520005494186,-0.21618283964117058,-0.0752855382925874,-0.04981911030786492,-0.20147963699368418,-0.08657537233917773,-0.13800016176803487,-0.30999038245472615,0.2453663105959652,0.08958009253311132,-0.08703641586777654,0.30126776083407963,-0.028277941335377796,0.26482404920605257,0.1352272045663789,-0.1315022491480043,-0.39499120862719334,-0.30286603612070107,-0.3650354071407343,-0.22735679891882127,-0.4861846941249617,-0.409110837020319,-0.4138969833721609,-0.29945194048548535,-0.44962496618561076,-0.30837502409460266,-0.11596023884268636,0.05726530147456777,-0.4107178377292393,-0.17886137952612902,0.15052448481320502,-0.11036931489656274,-0.1241590219404229,-0.018375192779560418,0.18045355308548697,0.17583758654044476,0.3453309956399542,0.3101640007127197,-0.009510086976870067,-0.07245377821506699,-0.18731269423107036,0.08653823494184441,-0.4027662235291752,-0.23264531399143248,0.30236066304062564,0.2612839591842035,0.11152489691131012,0.001122322515560741,-0.03203955410306221,0.12998296484861466,-0.12329837942169783,-0.19616746890808423,-0.19324857705227821,-0.127661991955165,0.2824575919253897,-0.10741086972064161,0.305182350136236,-0.18205745295718223,-0.07009225360776641,-0.04045948284262126
-0.04040316379880492,-0.1991069376036015,0.6115877803488919,0.47115715440898837,1.0,0.5125656832803289,0.5275988392628289,0.4134677248492481,0.7198879877599682,0.6026616072892931,0.39392119093431305,0.029638860240025725,0.4008690019026331,0.2045575537050979,0.29311634775263085,0.292587347614213,-0.17239064941394483,-0.2492889960664175,-0.1396171924632084,-0.022886396338727043,-0.11779265384432158,-0.010931971676216741,0.2923567841000617,0.32916201207076057,0.5182190582500201,0.27540953337142476,0.36628915013204966,0.15355539945639038,-0.1610307858058467,-0.1730666119755725,0.04463824347836161,0.19417113210679798,-0.2725059889868451,-0.20536078452567144,-0.04445612564472305,0.4186776218847801,-0.27655380055187095,-0.27200844453501166,-0.17740743788071509,0.049344852029411475,-0.206554103960451,0.11012997506725788,0.09428108121783906,-0.04524859627422953,0.10605892490103333,0.422836099354984,-0.42960739099674805,-0.316682528984985,0.0152927917464844,0.02557947238906543,0.4584798335191808,-0.06126574401683172,-0.22188654335072114,0.032691297804238406,-0.26716683125524665,-0.5011858587172503,-0.4570772668564766,-0.2800828814676916,0.04199219568481059,-0.13171614296293027,0.08319502102123096,-0.017718065955843534,-0.13803413792449268,-0.20919137557687242,0.506278006955878,0.16231150805623007,0.0394007168352462,0.2902498859352621,-0.3146176368886518,-0.031065485406342446,0.2897903504404064,-0.09458383847128521,-0.22579489826797267,-0.31246401150885916,-0.1959163681508091,-0.05405725048388075,-0.32221254303653035,-0.3131513067161253,-0.3595663172114464,-0.22788834453194654,-0.5589566323546188,-0.4239267981264414,-0.16746714350231456,-0.04884479132609873,-0.3288385698897771,-0.24718015868680582,-0.03544411306740551,-0.387270741011475,0.01602036258394931,-0.25949125768136466,-0.1122404544446574,-0.12639466547367348,0.08857660315122591,0.23480670174236323,-0.20761887821841404,-0.07413535432801852,-0.2707359382372428,-0.2256488932822948,-0.42691862180895257,-0.4322047485618392,0.1236267188664482,0.2976791289828577,0.01751316269804248,-0.038270612967255806,-0.20324524126055818,0.019803810876878034,-0.20080282123955775,-0.11689898219200655,-0.059658818547111546,-0.29394345690544627,0.20820021278521877,-0.21767998112350043,0.13851521715307627,-0.25497676037350514,-0.13186284156288047,-0.023794405622065543
-0.18052089322113715,-0.20316703670781683,0.28171340899934993,0.5147487019036808,0.5125656832803289,1.0,0.4116340612689088,0.39772089131299093,0.46941575067121083,0.5286822856420597,0.09371024150947183,0.07851542990839935,0.034921106967542144,-0.019533422821896622,-0.01073041134092352,0.026564099432277763,-0.4204229205066102,-0.33807951031191685,-0.17501538526553662,0.07087387752118965,-0.07980702643975153,0.060605573330462265,0.30761871725825773,0.4408310183701663,0.3712232318321778,0.4103960124084371,0.6242008071256618,0.47189888491906706,-0.3977364412430686,-0.19303866154694893,-0.15859023416805168,-0.01637788328509983,-0.44256523210719473,-0.3857365194025181,0.11799051586901733,0.1865126667711798,-0.3127229446458968,-0.21875586160543614,-0.15796440866624004,0.03170646619121665,-0.22722323009390416,0.1316617334994928,-0.023373845827438674,0.09361790336052765,0.05614559404884383,0.2881487688161441,-0.2950347917446913,-0.2039618862846729,0.10410821337358024,0.09763356626606873,0.4684818950835152,0.0026280064205082905,-0.20814287669337744,-0.054611618006731505,-0.05732461188675584,-0.24663318662945397,-0.33526619823335835,-0.2828985177404517,0.16293675584610903,-0.010614171990304974,-0.0004398719097901682,-0.11731661490304979,-0.19149036467352562,-0.34304426997573023,0.29097930382448645,0.014750194795502897,0.01984555909843161,0.2717132075845706,-0.2424995383225355,0.18884137013581878,0.27270172157223205,-0.0728396021714552,-0.4652557475652055,-0.15574110674463867,-0.515179729601005,-0.23789359168981827,-0.2578758733758389,-0.2277309744643323,-0.33109519519816305,-0.18658697226573823,-0.570948777479033,-0.38870160503389134,-0.1821977126208699,-0.04008666367674754,-0.20171741223114606,0.048531537590671595,0.07669031103949134,-0.18854377137959408,0.24760181143675228,0.2053805637060717,0.1360070442956066,-0.0755643858651009,0.16280810607836144,0.2781609949083585,-0.12343932517977665,-0.13421980575920545,-0.1488494956781238,0.003129496271869613,-0.3244643261574529,-0.19212215370835645,0.08996976160554902,0.24232038671928707,0.039195142229277696,-0.07364991429636421,-0.25950905285228354,0.08505344480115315,-0.19222839159200494,-0.19106536486344522,-0.305805585835057,-0.16551284756178453,0.08319996625732794,-0.17499953125935447,0.13866425152327383,-0.18782785214979025,-0.108247627709468,-0.10943868616490775
0.27529212918484564,0.07420914277210326,0.6337132891950608,0.4725833078016956,0.5275988392628289,0.4116340612689088,1.0,0.6879573865121127,0.41325163927985004,0.2001854765946497,0.20091032931169994,0.039184915636253495,0.33807120848752875,0.256673548991414,-0.0003525140339615278,-0.12119160418485253,-0.18533460651003378,-0.3249963100797809,-0.16359438355113506,0.00011146799781471552,-0.19369421578043053,-0.03969653922728808,0.18347847177256088,0.12763407696161685,0.12588390431021565,-0.09392361267694112,0.15598034175753248,0.06532180577730888,-0.3384067573044741,-0.2616647633811784,-0.21646773825665078,-0.01810129902032775,-0.037807572135638026,-0.07656457883598337,-0.2825976823627222,-0.01173161247773217,-0.4829995337481719,-0.2648078438441624,-0.3438182326692867,-0.10849080099111462,-0.32814177398918765,0.06470211179036801,-0.05460107404322607,-0.18221728261164327,-0.06046041080622822,0.042787470257941676,-0.47155638838092884,-0.340783390121713,0.1364352290725204,0.10834119614943906,0.3487910070293388,0.055643360836506284,-0.06538439203913407,0.1793884835620541,-0.3068387891994056,-0.4783940075907363,-0.19863678167553428,-0.004020227410909117,0.38155827282817906,0.1855931508321155,0.18068285028168807,0.08715416232658295,0.004614634216906115,-0.14735572971977418,0.1870346042904863,0.053186358767156876,0.2927178399099737,0.2879396006661782,-0.08001646419030105,0.038594316927169255,0.41509594587278364,-0.07499776825695076,-0.28391588149178804,-0.2407586256375769,-0.4441510418825919,-0.05117825417084429,-0.2693249056197026,-0.12929844728929182,-0.39769637775415445,-0.26476305188148386,-0.4243334588239149,-0.41889148636036566,-0.24093602081220722,-0.17071922271271414,-0.4816794720534624,-0.40813117748412453,0.008117098345876183,-0.25785128369469545,-0.11776514214724895,-0.26611648240886077,0.17764657801796802,0.15403947283508804,0.053369006134877064,0.2880402575137997,-0.027646456968573502,-0.02679164216405031,-0.3248489722525171,-0.04836916194092564,-0.33756196928397175,-0.30027258731744455,0.0735111112427089,0.28080178696521463,0.2065124139261689,0.05630884290752796,-0.20539207172322918,-0.008075577337191267,-0.08452219519616262,-0.11449578993604241,-0.06131431213107327,-0.02798627460228324,-0.04368742257377603,-0.34007572947714704,-0.06032801833422278,-0.231412110808932,-0.2983585569350682,0.13485447096106923
0.10168474408047211,0.25940970026554855,0.37128616129897324,0.5662094370895865,0.4134677248492481,0.39772089131299093,0.6879573865121127,1.0,0.39011522885132266,0.4068507386569149,-0.03337935699536483,0.14270697016029385,0.13555112939886432,0.3479611023384723,-0.17011487400273162,0.13826012541601557,-0.3459491688896972,-0.27661246267938305,-0.3888803496069857,-0.10216493063308138,-0.19776659968315063,-0.009631818336264746,-0.17138656449740197,-0.07988255133273782,-0.10135195672238931,-0.24076797713042586,0.05698264709670809,-0.1160731204762647,-0.32284218382652874,-0.05619928850830188,-0.3173308662424579,0.006878460452736955,-0.11514212572320484,-0.06285146786258536,-0.29062797595474416,0.11201709389997314,-0.4367013504737798,-0.4247093236798305,-0.42817560717613135,-0.1658505863431634,-0.18063542459459372,-0.029150201961895574,-0.035400877331483144,-0.1376486492071474,0.10169531971809191,0.2768138611279383,-0.30030067099242586,-0.245105752921519,0.07305512285776801,0.1599082085152444,0.12821363752752904,0.1810542537369277,-0.12193857494303369,0.32877446265783006,-0.4263105932829877,-0.48628466767280487,-0.19229207124066608,-0.1789752127629604,0.3130621647201613,0.236272499660012,0.09343016730290656,0.3438332992107536,-0.033809021588180076,-0.04065965373872046,0.22620472907678305,0.2899940096798752,0.14349813755375138,0.36405883395232824,-0.20467025313586834,-0.06103071488107074,0.28010709001816697,0.05089004691289188,-0.23084093555939844,-0.13175105080796806,-0.49510745936766964,-0.22941480261647368,-0.22451384040319738,-0.10873880520874965,-0.46511892618168443,-0.3570524177391897,-0.4430085045996944,-0.5055303652326827,-0.31509128389959284,-0.037892256060322684,-0.5340135718057135,-0.3866665158030711,-0.20914443748678646,-0.12240592570034534,-0.3673237194893964,-0.3149262928214184,0.3663711108196467,0.24372804139687362,0.2686110047184832,0.24281939907428107,0.06864558184693298,0.13547079804612555,-0.41697636186563364,0.060348719740642806,-0.42614551087724306,-0.0835402500730146,0.24632624775265227,0.1732242747366059,0.4411017136374243,-0.019705828268082176,-0.21318320373533178,-0.1342325154577787,0.052884583645587735,-0.15165886887206048,0.031967948158865556,-0.10220061693480677,-0.21367426010460663,-0.1728253699346454,0.1097655370791456,0.0031843129644573763,-0.07497303784487988,0.21743459280579489
-0.016740598853758025,-0.09455361948673173,0.3037170589396336,0.45812945439516883,0.7198879877599682,0.46941575067121083,0.41325163927985004,0.39011522885132266,1.0,0.6657186706101053,0.4021542242977526,0.07376329906105639,0.25386034690601594,0.23278691952082875,0.4684783139097878,0.31812939729671996,-0.06666864950946132,-0.1370202851493303,-0.029989055910099455,-0.08149596260080809,-0.06909027871229065,-0.03702297262559335,0.24835477475390916,0.32733588200229846,0.33322100982395664,0.10289703165181674,0.17589694564031677,-0.0430573433153209,-0.10018996022746805,-0.13780949802385997,-0.07005550415209975,0.05401775368633573,-0.2683677656031909,-0.27055420482607623,-0.11595798687479927,0.37797009565563083,-0.10028617207548242,-0.21832755516695757,0.05493187373628253,0.1873592886877153,-0.04801825939208537,0.11532134210598241,-0.009594495011261247,-0.19478521917209332,0.06281580890324588,0.27032747299216076,-0.43108673973317513,-0.21711447397780667,0.015044777821356816,0.020927958231195507,0.1871817630985404,-0.14960448554847822,-0.019029349859097443,0.0758047972780669,-0.07860096360332933,-0.39455563140531086,-0.41043099584092263,-0.311723580067653,0.0024066199961030633,-0.11531285712501724,0.09115086524668513,0.060405324930376196,-0.03001118623953035,-0.13781330487454893,0.440171949253107,0.23020193501149958,-0.06047315383110482,0.20074757001796412,-0.28852176214363784,-0.15553275536513073,0.16154852946122428,-0.1574629490866729,-0.20647027122393238,-0.28902850550885495,-0.18007640028977426,-0.13090162799489277,-0.3574365490131819,-0.30903251399309617,-0.3102348924601266,-0.2433651917212723,-0.5089914328671664,-0.3745861897545524,0.06577173193238826,0.03711601943574354,-0.21399367884953446,-0.1637369935600281,0.04842979656425439,-0.1794424287160695,0.10185505694756233,-0.07506501419692221,0.1213208628691728,0.18653203784494635,0.1882696824428522,0.24708128813255015,-0.09535110709122589,-0.09095595632322302,-0.13347702236248055,0.0565935135071527,-0.3300289114706904,-0.24487822380784693,0.12632433035488355,0.2984667682095412,0.12524247362828764,-0.08862629298597073,-0.2561670849678344,-0.07057039835090495,-0.12667461328247412,-0.23287169235498648,-0.04800298807521887,-0.14353795937883243,0.2548581017075686,-0.16959588621119406,0.21600458222347624,-0.10603337832557062,-0.17510356232114674,-0.16808733038209986
-0.314074269508122,-0.2631403533033049,0.20933964744051373,0.4389576016048421,0.6026616072892931,0.5286822856420597,0.2001854765946497,0.4068507386569149,0.6657186706101053,1.0,0.0763790192219932,0.050014894256683554,0.07443137325392381,0.1355552792339102,0.11298547784349175,0.44893402240691416,-0.14607796852399932,-0.11169944846713052,-0.2101827675175046,-0.0973718470520656,0.004861026534376889,-0.09596801248889433,0.042423815130716185,0.24459445901405033,0.2765664543471614,0.13526267576388676,0.26831655251785347,-0.01981297289796447,-0.17516046170997046,0.08139606602179934,-0.09938760902696474,0.03278782393681433,-0.3150957505521459,-0.2148769432211276,0.06694269208608425,0.3981248284927123,-0.08378105562474658,-0.18545606779683538,-0.07501972431242869,-0.006415183400640643,0.07958536408330247,0.10842458672768214,0.013743024665473518,-0.11757563795090462,0.27680723586280226,0.35932730930917894,-0.3723804715089481,-0.27366296834688664,-0.00010514342422771682,-0.127582254925211,0.21903349215079362,-0.11611130713772609,-0.1670182620599148,0.043877562859355845,-0.23376038381313002,-0.44368744718134795,-0.3540658886171481,-0.47881224277899626,-0.03633617635467329,-0.1204750436551428,0.03409594930663895,0.1506294374695539,0.06769120957097803,-0.1690636992929479,0.5651088662280132,0.33158900515872575,0.015118264353059655,0.28686557198602475,-0.4206083658024494,-0.02564285493635225,0.16209495164594523,0.049471234018599354,-0.161779390867255,-0.18880020054164867,-0.22154570554060288,-0.20947397931016615,-0.19913154009765685,-0.20242048124260298,-0.2610978418955478,-0.1995077862540499,-0.41952918442070597,-0.2788708429511305,-0.13349701731588662,0.0028485574570334994,-0.19323121285199285,-0.04097335260587222,-0.22489448966437592,-0.4136319990857725,0.0031452833142068455,-0.12227481315399763,0.07762602137104055,-0.06200250932682416,0.2789440756051073,0.2759802056841309,-0.19269409831328982,-0.02190480997923813,-0.33901536776287616,-0.2174861640876973,-0.3395633769975256,-0.21352791022220385,0.2229652309240976,0.3500879565400049,0.3201806717017007,-0.027919133075907987,-0.1392266414335521,-0.05287539882427866,-0.17264876615011887,-0.24349006384270191,0.07431414842075482,-0.25133312310295924,-0.04179809053062035,-0.04898353008394829,0.15044348930686244,-0.07103506331704983,0.007536209474043939,-0.10750501246826419
0.27158652836611075,0.02440861028695146,0.23904881342388534,0.07505284000792956,0.39392119093431305,0.09371024150947183,0.20091032931169994,-0.03337935699536483,0.4021542242977526,0.0763790192219932,1.0,0.3637967815782649,0.6897889903286442,0.396949761336547,0.6697499840201877,0.2495593793883501,0.21514438261212823,0.010110497584233682,0.19015972673072076,-0.06889754765339945,-0.1164236458808315,-0.11594645585593676,0.3908068364878935,0.20843928491129834,0.14359326715432158,0.12828513648883108,0.07676989480406832,0.14416814215320792,0.4237548873611025,-0.01282089166071649,0.16604172895141045,0.07603039289649391,0.04681385892367711,0.037474768313718265,0.012471585216795738,0.09345889860728517,-0.060856535322382534,-0.10505269580385386,0.04182810602228103,-0.013598037014798833,-0.047129926846972,0.15518640014166002,0.050697538973986385,0.08018301662250521,-0.04777770088163193,0.054054169928430415,-0.27048003318030134,-0.025499589639865254,0.03072918463597183,0.0220187937499203,0.36640894607915064,-0.1028179202502937,-0.1496363023347526,-0.23747119568154137,-0.1262580996668997,-0.2765398395997753,-0.2776381924297305,-0.255266632371043,-0.043314309035748344,-0.31061254645457187,0.18790257960428036,-0.22309382295781413,-0.07385096831765595,-0.11801881389852387,0.2832515583431234,0.10757193082069182,-0.177354494313419,-0.1134416631387561,-0.283742464884928,-0.27442758533274036,0.04110085256086756,-0.18434696506781778,0.11984628048187969,-0.10338410570000144,0.3025382916408017,0.30018989979077026,-0.142257193467084,-0.2154302819658514,0.09319235164114267,0.052446381015180954,-0.1772852887525455,-0.16947901318132114,0.228831672021591,0.08921455170793245,0.07724843489552377,-0.06938801630503405,-0.016434615977937436,-0.2339432169997553,0.2265300664397226,-0.10689685547756789,-0.17413362496423218,-0.11671230850539584,-0.1178871243847277,0.005759352795383664,-0.32892122927070344,-0.19118461545890753,-0.05507564274923074,-0.3053316896865372,-0.07261584806288437,-0.31738541207105975,-0.026042310128773283,0.08012625207646938,-0.33235812361838163,-0.16795647894387158,-0.14857690973433088,-0.05018813395344537,-0.05053905590707172,-0.012020241315480537,-0.030811580765416197,-0.09251937778233978,0.2659571341470233,-0.09669974275043666,-0.046595672524035556,-0.20103775896920242,-0.19744819300530275,-0.23985037042104884
0.3166822915581935,0.29836490524716514,-0.026963512738560715,-0.004012573231065624,0.029638860240025725,0.07851542990839935,0.039184915636253495,0.14270697016029385,0.07376329906105639,0.050014894256683554,0.3637967815782649,1.0,0.1960673120028744,0.5174591696937252,0.0715854524850575,0.07402868296941796,0.16681750386498811,0.347595969165868,-0.16320855943732268,-0.26716531689784,-0.09119756927851694,0.017322343461676874,-0.08630472898462843,0.1080054659894389,0.015989628672675303,0.05017208711448046,-0.10348235365066592,-0.0009390398228990946,0.2958458638782633,0.30051467440805507,0.19701241196694347,0.2869895540151714,0.14819053455604989,0.4162443971305953,0.11702967072471604,-0.08310485544019386,0.028282354775473778,-0.1570434785176435,-0.13514041294415632,-0.28765022792596107,0.13858088704672286,0.12315225134053989,0.09402985309029284,0.22210528632521653,-0.045582268581312514,0.0583451972792085,0.047832991188441136,0.22011388966310605,-0.2960647432995638,-0.20297899886101534,-0.008561084499435224,-0.09621097641081326,-0.2875001383242695,-0.20316692420287352,-0.22142295926149932,-0.13107527534470123,0.17433947919218704,-0.18753614617080755,-0.343817839230739,-0.30436274659596635,0.10454765406702513,0.047160126013658224,0.21083244952729915,0.2319184990881492,0.17373160945556795,0.2185350352302078,-0.25390430207829034,-0.10253673794067439,-0.4835888259546112,-0.3180878273676634,0.1143731602381267,0.1304665545053769,0.10077798078109144,0.09807491401490231,0.2500545355200318,0.2771862137422235,0.07946841982169264,0.026181750235582866,-0.013848484214691344,0.10604948308335083,-0.008951541849383304,-0.12121616687846457,-0.03421577413491785,0.25375733162812636,0.18617400149399943,0.3409442061153977,-0.23549000786305382,-0.09679344071049673,-0.08716830669987818,-0.046007664626502444,-0.25537740372434975,-0.34072877696347786,-0.07216378386382002,-0.3579635581803057,-0.05410946643763135,0.0843886947038031,-0.07275419870001044,-0.14367621227373775,-0.07310423883948694,-0.07353682435130553,-0.2612899048292916,-0.28673338500532813,-0.24247518408690183,-0.374114632572064,-0.07581182562600262,-0.2650890645367628,0.02169676156432906,-0.0008289727436317019,0.11942630678152492,0.06610429451363674,-0.17442577098223125,0.07019465780279933,-0.21505806528986446,-0.032139494945563146,-0.0007536805087016344,-0.11717529445568708
0.31851328834123616,0.14435830224133395,0.44498588914657017,0.09558789229009089,0.4008690019026331,0.034921106967542144,0.33807120848752875,0.13555112939886432,0.25386034690601594,0.07443137325392381,0.6897889903286442,0.1960673120028744,1.0,0.60420964710054,0.4917648721342101,0.4434601046196417,0.3073659891929639,0.06837226381072131,0.001146664261904079,-0.294463485056344,0.0034461090970009036,0.08492101685098198,0.291979047818082,0.04272853916038437,0.19187380970433868,-0.009867361879152369,0.15890779406609276,0.08082511552978669,0.28177089985286546,0.09666453359384936,0.3006038951752638,0.2696723465702043,0.04905827017991682,0.11824766485825178,-0.059243655273499334,0.2323937119376246,-0.17595389350392687,-0.14923322494252467,0.09585624133134366,0.04729625379768381,-0.14655890607800917,0.19262097288363023,-0.08180346919120944,-0.16493494948637774,-0.14345258903988378,-0.04856886108185375,-0.2631825805555992,-0.0632173623841763,-0.1669413138658238,-0.11373507710200391,0.16266983775274652,-0.02385862786864634,-0.15179560208171053,-0.15997867933413779,-0.21422501233165808,-0.15825296002120767,-0.2096535172216303,-0.262589045415357,0.04052656193388321,-0.15570115479744362,0.5055137196184762,0.25000168474251966,0.19341701947002482,0.17505144222784585,0.4996619167445655,0.46260986246456265,-0.22142862525979304,-0.07987132072825144,-0.3632104518265675,-0.47380980475908135,-0.02813788867398907,-0.0454704081386004,0.0362315380115377,-0.1597591000198926,0.2469720312911999,0.29495879332410374,-0.17192040487966262,-0.06772410766507261,-0.06304149586716543,-0.015329484243686945,-0.21018032277108878,-0.2418281710027805,0.1891166656292259,0.11336770988691813,-0.2011446277024393,-0.2538795880376825,0.030002137473448647,-0.12268491202859104,0.28701845863182535,0.005267251978104361,-0.2515095684211104,-0.11354765349801973,-0.24275119635187292,-0.16533651874157967,-0.27990881156646913,-0.1882040390674138,0.020528795784487432,-0.26846485633730843,-0.11075020560098339,-0.314016364229702,0.0560812885283393,-0.06332135792399642,-0.15357248494572465,-0.17596953656072864,-0.03142640101710393,-0.2323774338777847,0.06008565383608941,0.07753020878449629,0.014165936553370914,-0.05392134200695377,0.20949503851746523,-0.12677293225034944,0.007701457525107841,-0.08975319274522242,-0.19310496931723387,-0.28566424258863105
0.4152794052692726,0.4711577924914433,0.14287130491223035,-0.03999540959098916,0.2045575537050979,-0.019533422821896622,0.256673548991414,0.3479611023384723,0.23278691952082875,0.1355552792339102,0.396949761336547,0.5174591696937252,0.60420964710054,1.0,0.24846195595812384,0.39784307494278603,0.3176318707920433,0.2922141094161676,-0.19299278685946514,-0.49953520748268976,0.129030725793895,0.09314686986709515,-0.10551685030062749,-0.07109538232584282,0.07865548379597716,-0.18614003473320131,-0.03093176558899823,-0.1851566037610663,0.2590493562332358,0.35443292626172707,0.21083098661816765,0.3955592042478239,0.15789396354266272,0.34359634524542376,-0.22905397690104284,0.08243795800985097,-0.12881777528108065,-0.15428423191684426,0.02821879863325668,-0.0981194262711107,0.04148552246372559,0.22849303380804242,-0.024234010797558922,-0.16660439755072276,-0.11035007391299596,-0.09456634407060084,-0.10400958549069214,0.0885080876541169,-0.18457760460261435,-0.10985744052379019,-0.07217624072943071,0.04806886428526804,-0.08875293519162426,-0.01991089361999656,-0.3182564530292464,-0.09692878626632118,0.05203133948595199,-0.1642114766709708,0.02276283970665935,-0.055241251415728464,0.48698798874658134,0.5221652887073756,0.3672652196263983,0.5297373302865122,0.3318675291740103,0.5989520427482091,-0.2770354787201214,-0.16618046285248858,-0.37157593549362045,-0.5599178675779033,-0.020126645926220377,0.05851660803879088,0.051596078419474944,-0.1861708176760679,0.0897303252460681,0.3283257183834333,-0.24144763739864844,-0.0640784975117989,-0.07808942291698912,-0.05155119830403089,-0.12321191892653449,-0.2778624411319443,0.04303729800751139,0.18642327041505197,-0.1755936558783881,-0.2329573318379195,-0.12947357784598487,-0.011109904623947163,0.054784057638176634,-0.04377164570544843,-0.19002162427462313,-0.11557218542794191,-0.24191419946308765,-0.3926971721356323,-0.16982090884690068,-0.01876597164225419,-0.1486333193024679,-0.15392944621727542,-0.16855059791771052,-0.13206612358784595,-0.09717744483239098,-0.2415606253455103,-0.0701694903830083,-0.1473670625971887,-0.05229505818167477,-0.2918503869149175,0.16584090009855332,0.11534480885953032,0.17512186247776668,-0.0025483972204644783,-0.10833199787513716,-0.13932730122239567,-0.04714419365756718,0.10600269316626817,-0.20671324174308392,-0.1990952491663622
0.18558299964306182,0.09174737244357796,0.20832850324383936,0.1250692425280642,0.29311634775263085,-0.01073041134092352,-0.0003525140339615278,-0.17011487400273162,0.4684783139097878,0.11298547784349175,0.6697499840201877,0.0715854524850575,0.4917648721342101,0.24846195595812384,1.0,0.3337024219843411,0.2893433802160576,0.21787770927557254,0.3863813322029308,-0.018593278499487033,-0.1346094368491616,-0.1636265188738754,0.3727817027890277,0.3206033587422823,0.1218856863772132,0.1627114898028432,0.003300158901947516,-0.011690935693983514,0.32448939142479244,-0.015812619870623858,0.18581503972722574,0.07499745814486006,-0.10215100558893297,-0.017484933890584912,-0.06011393449263873,0.07253490664548864,0.14781471167503932,0.07128846276299923,0.15824759594921237,0.12234416050702825,0.11643936465581657,0.22457324299435766,-0.013720125382589213,0.023895548404600977,-0.1387823188837232,-0.09084419975263702,-0.23392624514070437,0.07019777681768971,-0.026507448511429426,0.05303787336339167,0.12265709170189273,-0.021149750206380793,-0.03950703283003014,-0.20909586155579143,-0.04398851833747144,-0.1813238976709583,-0.09228197431471247,-0.062051955063604745,-0.10807224390219397,-0.1956145770166645,0.17908037496268941,-0.13147703858788987,0.12053326732346538,0.054979030548098266,0.2293889298402261,0.04884290917650299,-0.2531715619568866,-0.22761445558315635,-0.04225182988741586,-0.21181037501411207,-0.21216183659701726,-0.34557526657151016,0.08560905463732849,-0.3153225007489859,0.30253835689897957,0.15302440525556413,-0.3689370363852895,-0.401712657724989,0.1730080528359501,0.1552065051497196,-0.019029524766022526,0.03811908438558424,0.41223546942469597,0.2985671718146966,0.14945116035984438,0.037753809106486125,0.059527754322668644,-0.15643543781287453,0.3066221130467265,0.10409767466422792,-0.15433711171529052,0.07100436520976164,-0.19365969208104664,-0.16014602636630115,-0.3403008216532387,-0.21699535417319815,0.1655125855865204,-0.12007169776890726,0.016362081221757585,-0.13182735544135127,-0.09263323465132782,-0.09963288355581858,-0.29214383968095003,-0.19123128908471085,-0.021865338501510227,-0.10980722453007127,-0.11028761016564848,-0.18382296550972854,-0.11843044530950135,-0.21779190797415493,0.42930690078964817,0.08703237265565045,0.062042781793824386,-0.041864389525384016,-0.04930741174555512,-0.3861228696135133
-0.027316653193300247,0.028407105994635674,0.14729663149141742,0.19839934775268273,0.292587347614213,0.026564099432277763,-0.12119160418485253,0.13826012541601557,0.31812939729671996,0.44893402240691416,0.2495593793883501,0.07402868296941796,0.4434601046196417,0.39784307494278603,0.3337024219843411,1.0,0.10694792052912118,0.10138841060519259,-0.013317164961029509,-0.28388876238251787,0.09843969371652399,0.13431061859533425,-0.0352677553968532,-0.03611477632279286,-0.02941303242490769,-0.054942810782949936,0.11315107732138938,-0.014371766134894323,0.26521913894076127,0.3103849019484058,0.17696256780287814,0.2417101330689887,-0.08592250586204042,0.07238106645538755,0.1301116761888229,0.3907862155883269,0.192519869221865,-0.0539650425096791,0.30724028852525,0.16547871114476245,0.2501601060451432,0.2885400528196892,0.21241818839777213,0.08822377294085705,0.1264951116930969,0.16104726875333525,0.03788814203135056,0.18134433972206004,-0.27178067239090326,-0.20062568274057713,-0.10990221766574582,-0.20001229668223144,-0.3971142673882789,-0.2373869799044216,-0.2519407415095052,-0.0290100118226477,-0.17289824925932867,-0.46021924041062495,-0.24194674905247154,-0.33377267996340854,0.3547470782363141,0.26770828795395935,0.1452528259351663,0.1160001263164836,0.5834469578716786,0.5285758077267103,-0.46291360569974804,-0.10631984571222085,-0.37945019221682297,-0.41239846419914683,-0.28859460795393577,0.020579530202741853,0.08112328988671821,-0.0982860775936203,0.2414422659333453,0.12652063413288517,-0.200264774899509,-0.1750672442556565,0.004603449884779281,0.02089791692527709,-0.14100139222449654,-0.019014071872660573,0.30872659761096666,0.4775053822229835,-0.17677292866268898,-0.013756422376751919,-0.08200659429255405,-0.07433125726429397,0.12636407838560768,-0.09166359111376779,-0.3404861049779211,-0.14981955871536745,-0.05273829781143571,-0.1643270446728017,-0.16920298000607104,-0.0981304796758185,0.07035573052300396,-0.020471315749852007,-0.09730312359961858,-0.004739404804287384,0.16016229006504848,0.001850314779861952,-0.05454602072720156,-0.08714961845651813,0.11572154159545886,-0.2296075820984935,-0.014864245519320599,-0.0578531637644125,0.10263140615989626,-0.2260404140716586,0.12333503688768743,0.10073265105559158,0.15562835752844487,0.18304265560563088,-0.05977418939488138,-0.26417557229992844
0.40931963296948415,0.2960324998566903,-0.08971585250351877,-0.29259306155837717,-0.17239064941394483,-0.4204229205066102,-0.18533460651003378,-0.3459491688896972,-0.06666864950946132,-0.14607796852399932,0.21514438261212823,0.16681750386498811,0.3073659891929639,0.3176318707920433,0.2893433802160576,0.10694792052912118,1.0,0.742635042416753,0.3284141669074781,-0.042784536969959534,0.1434527795287864,-0.005615101513367336,-0.134284959063929,-0.013596047135754538,-0.09005734863862239,-0.22209450954348572,-0.31693707335097854,-0.3071856372021083,0.5794419698294407,0.3714557206317768,0.27699896526829204,0.16772032494345238,0.19401480785107514,0.28790728889837347,-0.08342359287440396,-0.2374789036669734,0.41678977904988335,0.2110726251542921,0.36779548486716745,0.18260044262550296,0.2006085467246951,0.2121333326159335,-0.25372613998929955,-0.27874708852433955,-0.3646057813724867,-0.5863725104604622,-0.06286451584442532,0.029521443499446777,-0.13780573224383696,-0.2032527164529541,-0.29800005836819576,-0.10643121906631728,0.15155407098463508,-0.12845194763671214,0.03919832527937608,0.18052168102618418,0.38073927945884695,0.15574697741897064,-0.25092210165398066,-0.21773330790509413,0.2828440370004723,0.09974663423998467,0.5477444778244259,0.5178030725516832,0.0022772395561503596,0.16939562640501826,-0.23625535556273156,-0.3852360386946404,-0.05461375905787027,-0.36098563685934,-0.3318449753503567,-0.09170898857896469,0.44847145245574366,-0.09997950390044401,0.4933985474643993,0.3010950512386327,0.06393086329310572,0.005342516077044337,0.3742354267468034,0.31168449547797894,0.4593401217279518,0.3600460396414151,0.25939215616037575,0.18081890800966618,0.09848645383327559,0.08364560111647493,0.023986093468222502,0.07688005826623347,0.030900171193839164,0.1321437957298558,-0.3005078727648027,-0.15824711330233568,-0.2964030989166929,-0.3748469193630773,-0.0349997171819453,0.051144964151824214,0.20992051292267694,-0.027104614390197283,0.2527024988254023,-0.07419414682066222,-0.25975853129445625,-0.32811847686292694,-0.16006387181573398,-0.11825875149577705,0.11981827247430858,-0.18129190800135483,-0.11630152651289596,0.022916300620685292,0.08492728614449223,0.22614992162413594,-0.026284482894858272,0.09036897790527869,-0.0668509888507491,0.08148053808872503,0.11081548597827193,-0.1276195070438106
