1.0,0.6388510171502119,0.36343586532704036,0.07644283413321205,-0.06528043059565025,-0.12343334692634784,0.3731880973133132,0.3029964411340513,-0.1900031318455691,-0.08287096978375195,0.29823831512357146,0.14927778924421015,0.23813947173426636,0.0837660190907483,-0.2708244631947219,-0.34833087305372323,0.1874142696613029,-0.01876357455579259,0.17321416492683708,0.22761613493498561,-0.4203449597682841,-0.23780060789511578,-0.002540866110314197,-0.012964707048350423,-0.18021008585225365,-0.26644441884393405,-0.1988222170828309,-0.13745321805453678,-0.21266308361200845,-0.23372858830538537,-0.1118036219126568,-0.16281766396710684,0.36367461074105983,0.3730677184080049,-0.16536012651976692,0.14398860596949037,-0.041048038501770294,-0.17373378066640913,-0.2884349436283765,-0.10631833031871674,-0.28018881801052004,-0.11050674786450083,-0.15607216008011043,-0.22794879058347786,-0.1724365954928475,-0.2669898646183863,-0.20339142626565096,-0.1691925880454505,-0.025630754355991197,-0.12305021060709237,-0.3255081204501025,-0.1595058984476681,0.11663998722872497,-0.012898378276289896,0.029721910755646418,-0.19523483126627364,0.5843192251450112,0.3835608962649896,0.29955722042963184,0.40860690496278806,0.12908592647000203,0.2441537037498384,0.11830796811562218,0.23743608812115838,-0.1203749731863781,-0.04186529912361823,-0.2123774939582765,-0.09316959382149163,0.336368699314187,-0.12217553462043823,0.07024326598928976,-0.03326273703380684,-0.12406134783396945,-0.02647213933985831,-0.03066643589082759,0.14462265241586972,0.13650433988248475,0.15957481060978956,-0.0952749197115684,-0.09618886677513934,-0.2373774542113323,-0.3879070344702294,-0.451730081252138,-0.5657149052540975,-0.33527348372720367,-0.3802585220594097,-0.07581558861924606,-0.29322850947301066,-0.12982976762709617,-0.0638352463250956,0.17814697409507538,0.11984912164497641,0.042670602659469446,0.07630046047185629,0.2507988901954247,-0.07394179427270295,0.05862753851305067,0.044139716941314584,0.01809503730737412,0.05767945563013934,0.030978594854253593,-0.1880129673318598,-0.07683635174515678,-0.12214723583521211,-0.12477783215640526,-0.08756396582300195,-0.05020070120514246,0.02579579409727861,0.18573385797381492,0.011378807968449964,-0.16031011785591098,0.05108927567199163,-0.02151664076271547,0.0638218192040885,0.08523446559327974,0.003674430249352577
0.6388510171502119,1.0,0.1339371020962095,-0.10355450762556216,-0.0539711580713814,-0.20300461834152295,0.16737477497217776,0.20150919425186078,-0.2708096352954126,-0.16593178999842884,0.21460819604252115,0.19152686177767592,0.07900721968708409,0.08330550926002432,-0.2995585015582666,-0.3496382443371306,0.3231115758572953,0.2724297364048483,0.05958342481747792,0.23789323146326194,-0.295334936776739,-0.1752832339494027,-0.17918259476169052,-0.226104110144195,-0.11515288404508496,-0.2792471761598119,-0.13287130272089326,-0.1944514427237908,-0.07538115724185507,0.006729721642701522,-0.0869247587827328,-0.14921485517390576,0.44798592142354815,0.3923194926933975,-0.3141999408977632,0.013024465037492716,0.14074185892579064,-0.11659619232025786,-0.2782217950642597,-0.1499087718833,-0.17288898608939438,0.04529958184497813,-0.11610780886939931,-0.15179423507089446,-0.07417752926768666,-0.15395317156960178,-0.18409735449574333,-0.18033296620380948,0.09661582388311253,0.06220853350367794,-0.2949082630630741,-0.04170822425097267,0.09161303463883629,-0.004730450462019307,-0.039273286968199046,-0.1537019755919084,0.5544844010286526,0.6456408373869116,0.2243627756474012,0.44863333151023327,0.01064915542698629,0.20193130685966013,0.06254363341215373,0.33141614449725415,-0.3210010598698402,-0.2662328633520202,-0.04556979035905192,-0.11918369461383539,0.5303259732191495,0.12054704152934911,0.03862948317434875,-0.0742046613883811,-0.036243038217410414,0.0034831481419342098,0.008118074473931822,0.18599535741533127,0.17427257105963195,0.10512399212892751,0.14924770652951544,0.26607104862498304,-0.12973954303577293,-0.2202351219694785,-0.4504804527315398,-0.3820605472369975,-0.47639515867276827,-0.3685687102267707,-0.18501528909552137,-0.30341730786471177,-0.3225965135779033,-0.21832669571165167,-0.02986010092764605,-0.06606356462321174,-0.1895596627999911,0.022959214057079135,0.27317285149447934,0.055895411626599535,0.010338977312018317,0.14540653981559462,-0.11774353687377186,-0.012704835312023422,-0.10577815233267963,-0.13726633205370134,-0.17137070749586206,-0.11254705351065533,-0.12587622819002578,-0.0430931232055125,0.10007705020247161,0.1629974032188744,0.2724289173005161,-0.010785462612536902,-0.17681439229456147,0.06988206146522458,-0.039822528306158504,0.13613910901080553,0.20409360936574478,0.040495511092493414
0.36343586532704036,0.1339371020962095,1.0,0.49420625148211117,-0.025083240895120536,0.16728576192896674,0.5879056693155149,0.5907108210464356,0.013658382213493367,0.04610045428771729,0.09072634097081667,0.1090403038978379,0.027389958689785773,0.1404811234551657,-0.4421219041030585,-0.16084889607669592,-0.04360313365591044,-0.14914476436293853,0.25942455550065174,0.08452981104066344,-0.2528119652691523,-0.36225957699324957,0.15172618143622296,0.13864835802756345,-0.1870007674852022,-0.03297424596933432,-0.14770586737332944,-0.317934704963199,-0.22501447139417466,-0.2240146441684768,0.28899409503275136,0.2585838711130323,0.1684038998120435,0.23334930063425682,-0.25085491007763716,0.10573126636524258,-0.35314992657085525,-0.16618237588947707,-0.22345714996918492,-0.021906700384475286,-0.3510089682943401,-0.08734416561650556,-0.064473349871657,-0.14529637963107186,0.15944248715506787,0.0556267374821953,-0.21668861477231668,-0.10245044294101753,0.03182539419661715,0.00466257707008016,0.08221369230738745,-0.21821692730559877,-0.06268650982272105,-0.24612204849842306,-0.25108557713377216,-0.3883856965152757,0.0337027862642767,-0.04492245814668538,0.05081224274394536,0.09009931777440544,0.11590760704731976,0.19882320276429183,-0.08507920974359391,-0.10645468609452491,-0.02596045761325157,0.08566020886206935,-0.15450407190919607,0.27209954107992484,0.11986812558914142,0.08928928610029048,0.05081877378107457,0.02568200023549853,-0.21465732608760482,-0.11374235317924612,-0.09065550957531038,-0.04592829164682342,-0.10406266298535018,-0.07616999295758099,-0.19618103580852128,-0.38541910212301445,-0.2753861824577295,-0.35972826999324203,-0.4271378925622245,-0.40265463780217503,-0.2643183934607422,-0.2608510197404567,-0.3090015059138684,-0.31527008068848295,-0.15781441957262488,-0.1950535838124921,0.07799055255942851,-0.08122803427234233,0.1770755404052907,0.10394483307443567,0.14112069536970967,-0.09093759806110978,0.02298677283726644,-0.02722982095426598,-0.04569169433716468,-0.061118270097453256,0.031066499989894213,-0.02949487167202669,-0.05550536622875652,-0.15582680645736977,-0.22671933409946046,-0.05425538417776619,-0.12957547849579265,-0.05603571062772959,0.11874511589814224,-0.1785195924193078,0.04242710821305562,0.05620286315128125,0.056738268708194164,0.062182803874763826,0.09808950736360109,0.191216740906832
0.07644283413321205,-0.10355450762556216,0.49420625148211117,1.0,-0.2716743180975922,0.0804710083823386,0.3372529202916642,0.5223204014865283,-0.26137536319740484,-0.05438787179033304,0.11326810682235657,0.11370241118433334,0.03817798082075407,0.02032546789434212,-0.20474639920956939,-0.32686847602084784,-0.3368159742694861,-0.3665259518984336,0.45553681059396106,0.23202257848384805,-0.37685597056978154,-0.35963431837906173,0.5446082527832364,0.510850003109967,-0.13552481112995102,-0.15873304942077868,-0.2539489113350821,-0.26329398476537336,-0.5419086056419573,-0.535015693729919,0.130107685435915,0.31209695718222336,0.1677350205798577,0.061265433821129096,-0.05153912501479791,-0.1545295175047868,-0.3996627960957166,-0.27368228544256096,-0.3229028312265736,-0.20849963037005778,-0.4264721502906739,-0.1707945749872646,-0.10225674548967864,-0.21560400851709186,-0.12389485277672078,-0.14068791476168818,-0.12087700354066153,-0.022304766602522882,-0.07942089574533465,-0.22302575645593248,0.3099530766050447,-0.1468396292084937,-0.07944326875811826,0.03767736645031673,-0.2994968962042805,-0.05646303847460895,-0.2186774163679934,-0.14518869423510322,-0.3696877222609957,-0.26831499826589456,-0.03154017454938617,-0.1309376281931552,-0.09347343346359366,-0.04951750585376665,0.27307186388296856,0.09469738984813543,-0.049917244244220234,0.22782868599499015,-0.09139109870731166,0.1258117200325017,-0.3104153435082137,-0.13808297348026027,-0.5907689038187731,-0.28832741611630675,-0.3965841941709328,-0.2999902338797523,-0.28694639960629564,-0.25551367440381867,-0.14512303501274357,-0.28737893075707127,-0.12958390644425427,0.061488210369549,-0.20640991368772757,-0.2033856322957925,0.2423099659892005,0.22153914813846043,-0.2588660409435844,-0.09557464809050814,-0.037382185551787496,-0.13068890633037164,0.12830299022813701,0.10063699351262967,0.30653952474446616,0.16980997901543907,0.011221107973682693,-0.21215562217537381,-0.1301309207749318,-0.056595819228785094,0.03801309894736702,0.10821995111326277,0.22230651838074414,0.12361509407494953,0.14326496157063515,-0.025626544645314515,-0.18513801324074308,-0.08423944911507648,-0.12899425085303426,-0.07168579917510061,0.07601025784264433,-0.35532694813253346,-0.15064110671041922,-0.014574337381420232,0.36126390397164415,0.1614938682150614,0.1317994466021362,0.0626703976916021
-0.06528043059565025,-0.0539711580713814,-0.025083240895120536,-0.2716743180975922,1.0,0.500447304703625,0.28768873998477756,0.06391551045364575,0.509466332024274,0.5558381922913405,-0.051901063240091416,0.09751369019137864,-0.13559884453209659,0.007532925575324915,0.5044086868079545,0.3950276683649167,-0.10466621390756,-0.0931333474466422,-0.14830302525497416,-0.31589277122195714,0.2605190014571505,0.21430417322517922,0.011407497792448937,-0.1279171371874324,0.5924636650231392,0.5122783863554263,0.45251952123920164,0.43177957979582704,0.19032266978860304,0.2015906883614464,0.0009234282279660674,-0.33851156160054807,-0.3040413643180764,-0.21906877215293286,0.20326055207611624,0.34135707419502803,0.004803915456513839,-0.05969484717014318,-0.022707569755479096,-0.007946752596865251,0.20711041679472073,0.08457728915596968,-0.09209033540705513,-0.12673362104674038,-0.07030229593636855,-0.10479234586142026,-0.20653555093833925,-0.1636228225346841,0.1836644428391954,-0.1006235226576302,-0.0667143932462953,0.025872992428814853,0.057156248183117285,-0.09055380744178604,0.0956394713170051,-0.11361264006452813,-0.026750437262907847,-0.33644835575753523,0.5685843765161634,0.360643611358549,0.14536616379265938,0.3374101320786734,-0.012618149722540498,-0.12547322966209404,0.18003487828613765,0.3371597560559812,0.33192676180950925,0.08666492850723051,-0.08392443599971183,-0.13447314173469202,0.17953475576399072,-0.10875229012646219,0.09230271197312012,0.16102615775000412,0.2730848454875547,0.24205741586020887,0.19406148377708393,0.10257400012248498,-0.2782101762704338,-0.03581539713231914,-0.22858183958525294,-0.3533668568021943,0.014801366840069807,0.1701913255555756,-0.21625879268559955,-0.3047623719449629,0.04614016473014907,-0.31253193717759636,0.25413194539121015,0.021938153742749763,-0.18237306853259522,-0.18509253679088733,-0.019083070041095263,-0.1203903979204176,0.06228494718499196,0.1822531937554297,-0.22105975416035967,0.02380916438505219,-0.3842571656047198,-0.28842174309327995,-0.18633323623370265,-0.07820025626270458,0.022160132814248733,-0.04568346285179637,0.1440631189687853,0.029100372120592275,0.007584767543508956,-0.04248207082704237,0.1389795560201991,0.15514698105733027,0.014207188729689445,-0.10882782506239097,-0.09806172199284113,-0.049199196099556905,-0.041780842300429055,-0.0032668858000753495
-0.12343334692634784,-0.20300461834152295,0.16728576192896674,0.0804710083823386,0.500447304703625,1.0,0.39159536829515923,0.35211271751533724,0.5553029924095554,0.7165687857460055,0.023750589352363724,0.15882007284629945,0.06019954953521366,0.26524850074275413,0.23859715231194717,0.5415392531204349,-0.44556129293912317,-0.2396144166038268,-0.2761890250090866,-0.1578769566689279,0.3483004754221518,0.1080929034930265,-0.013742986792018907,0.13423280318609107,0.2795527709547525,0.6520161709986368,0.6193248365168776,0.2794511733677993,-0.1590227519218224,0.03879018358878479,-0.01020450752228211,-0.20991764214586056,-0.3352721745744964,-0.23019639240712522,0.13587809893618044,0.4171834685083497,-0.23551472364197487,-0.09182115343386783,0.09519508574115654,0.0879456485251939,-0.1706352552256979,-0.17401007430767507,-0.04025781432322414,-0.04577466061011402,0.007655554329934457,0.03111575961065072,-0.03589814568668433,-0.017617146118846554,0.07680477931441498,-0.04876790235495814,0.07465024776251732,-0.05664347958480378,0.15603244384257295,-0.09640685709788342,0.05525272331570511,-0.13690252955868423,-0.09983099705631862,-0.4149435482115428,0.4276009465236527,0.11574895253410464,-0.16014756486597664,0.41017627064803447,-0.36043463021657096,-0.4131391930553252,0.24049645286477941,0.5115200159770747,0.09533948102434608,0.20975233427750958,-0.21812385562255066,-0.01789089023175324,0.0457146862836468,0.010263316762004872,-0.2576191441836864,-0.14299083942492277,-0.008312766336508763,0.24522891462316543,-0.07125266615949168,-0.13715639073291322,-0.2997693694755056,-0.1658884489136468,-0.4195014110506372,-0.3542434594586928,0.0023873305476104123,0.01790948075343469,-0.133668738203882,-0.21601689806678737,-0.1558048493588749,-0.16086732854904967,0.36817875444783404,0.1244905452114964,0.21363918585353814,-0.25563493867074455,0.32747267707849376,-0.0824976377355892,-0.15823580703162424,-0.06309106032837529,-0.10163044857746827,-0.2323376877992768,-0.21697089045625792,-0.22754568074278295,0.1280898730821637,-0.001818764549927326,0.06013884662549608,0.030815182444925992,0.07204670873513827,0.03812774771884276,-0.10072812719009784,-0.14701044599196975,-0.26258515290590895,-0.07387187907102985,0.13357168784767062,-0.29338261275821453,0.06553804812708613,-0.08715526062531352,-0.019026038225236706,0.04687424983066894
0.3731880973133132,0.16737477497217776,0.5879056693155149,0.3372529202916642,0.28768873998477756,0.39159536829515923,1.0,0.6287750884423721,0.23772978641252573,0.44223432142295394,0.29901801110993154,0.42504062031272166,0.29357137027139013,0.3726833680807812,-0.04394743032889149,0.07268474620494468,-0.017305714743592375,-0.1250616832385621,0.05213646766124333,-0.08681915076129783,-0.12213929016880368,-0.1885098652375235,0.2825624062623086,0.2830543204091525,0.13766995338228957,0.20241749069183776,0.09136531685502484,0.008593862180635903,-0.20380231621019848,-0.2230503613148005,0.23291773196930896,-0.02095625910154741,0.15461302409148336,0.21500181692792697,-0.17009795992456378,0.31099171462096814,-0.37228222662783245,-0.4398581756933592,-0.35505295210755805,-0.13954504947480445,-0.43384845662228627,-0.32162917373960737,0.01581885295911588,-0.06138047748687246,0.11436298616556384,0.14891961749597551,-0.09587682835822497,-0.029578365203834823,-0.01837944248613514,-0.005724357924376911,-0.19822275299398304,-0.40261064318385,-0.07468652109449794,-0.186497587532162,-0.35388559917515233,-0.33919181437662477,0.023674359938576403,0.011308384378616322,0.31031867274271424,0.09510337607431858,0.13524512785491594,0.3888520719355917,-0.10142325909503054,-0.09446755438154536,0.3034999770677429,0.43854582822233484,-0.11980678633095077,0.13519221830936684,0.014021762299617622,-0.02120619866686078,0.08340579256255823,-0.050532340493254384,-0.2778520612475643,-0.21802966235958324,-0.06610474040024172,0.13384251956976906,-0.042066933116794804,-0.016818437268104815,-0.15516305859592602,-0.0912334401809646,-0.30057707401171196,-0.34720873355441745,-0.397102931242476,-0.3652643272764168,-0.3429305439701421,-0.49391991755126025,-0.31832347168833275,-0.4434050530120911,-0.06355826913027525,-0.343228835822009,0.01486554296973944,-0.26009132343956787,0.039934469394862296,-0.2232288911117471,0.16189522178883128,-0.2744736842506037,0.004591581237115753,-0.2011177037326197,-0.15202337392593962,-0.2622515780066845,-0.21528748442249193,-0.30919994036744824,-0.26678913387161324,-0.3858160232387829,-0.3807908574764766,-0.38919966381443266,-0.29950837687083975,-0.25305472736573914,0.08909419785457796,-0.2805291620229109,-0.13952522923621,-0.16482042614763928,-0.12836736141458632,-0.13960369696698394,-0.034618053527651155,-0.004860255568223916
0.3029964411340513,0.20150919425186078,0.5907108210464356,0.5223204014865283,0.06391551045364575,0.35211271751533724,0.6287750884423721,1.0,0.03507175260982071,0.2967154760932866,0.026881024572962806,0.2499821245934923,0.10775732388928157,0.28651642149758083,-0.4346629852474717,-0.07337093234187843,-0.16754471643353108,-0.10886546830130386,-0.04245512816015538,0.0516214787169857,-0.20690742843551838,-0.22399749017868772,0.05211336944604731,0.18047858105700787,-0.1193687553805282,0.008236459953077846,-0.15412660752002535,-0.3818833840024993,-0.24400282261617662,-0.1254557185939625,0.21060866588817473,0.1553759053517333,0.30704642295311163,0.35312085360930295,-0.27368400192597253,0.07520069678497512,-0.30690404565932844,-0.2720331071946916,-0.34699884171860423,-0.020354759594648015,-0.4004323598565671,-0.05729473131955107,-0.22704510485653218,-0.28750155270565186,0.019908404784582872,-0.023005823693864978,-0.27778050704558416,-0.16886382749872156,0.03891937737820691,-0.06544785834599222,-0.052230225409060416,-0.20116384154080857,0.05295287999075038,-0.15975582924182474,-0.29897005582588204,-0.32979339624673004,-0.043515877754998634,-0.14939138124785167,0.2275807509618303,0.16184113583263451,0.1564882136138977,0.4855417184300551,-0.0509323421756591,-0.14455027952869973,0.020126866588718997,0.27836934788852574,0.06358274401072458,0.39061700433296453,0.026314696588800753,0.05194050724261797,0.04153480923232401,0.032005491963635925,-0.21248859817082866,-0.02612913437670814,-0.03024419758202282,0.03569316499587511,-0.10699829771310425,-0.07141032741905579,-0.10033994870180588,-0.2259974686223204,-0.2853426882823059,-0.3086317903718587,-0.5373186991023355,-0.32068094875424685,-0.3607763731956515,-0.3299930731933975,-0.5044976341387245,-0.3905440120692072,-0.2392368200456656,-0.29593218715506997,0.08070371852048945,-0.2360241134654293,0.12730698581612926,-0.08609055939481419,0.1973657602860652,-0.11453687248410606,0.004311400373806438,-0.021461820729661654,-0.28647245797429505,-0.2043293887610081,-0.02077768878749838,-0.026153766658733833,-0.06694894642939171,-0.12984125669987098,-0.17568419151444042,-0.07095795392888242,-0.09382210279407349,-0.060968976894662186,0.02966539909912494,-0.25244571903539914,-0.1918272485502596,-0.1879258507274138,0.05250680952676213,0.026139768122834764,0.035216848803128246,0.2147069086815174
-0.1900031318455691,-0.2708096352954126,0.013658382213493367,-0.26137536319740484,0.509466332024274,0.5553029924095554,0.23772978641252573,0.03507175260982071,1.0,0.6673872500382576,0.034544431203087825,0.18195006202905425,0.2966389975591531,0.35290216914740685,0.3279754739675083,0.7983918104801137,0.029169215213331146,0.1892021975990346,-0.4949343024534477,-0.4641478337346509,0.5513406729062693,0.4274881776253842,-0.21252135809259762,-0.1680179659664398,0.26259967120186545,0.6803370490006214,0.5268841520351097,0.2626774035850543,0.4096172009544886,0.5305310627547206,0.07775502520183686,-0.16970853617078277,-0.40733949314897366,-0.24830871259151102,0.2004487730513615,0.3613988816133749,0.07124169956798158,0.14165942337579815,0.3882373042728582,0.2316234607580106,0.1905192896267412,0.026348062289255333,-0.04170036510369249,0.06468240315805833,0.04581437559555674,0.12548517833738856,-0.0332323897219425,-0.056408538318814254,-0.019994781075642547,-0.02673061737360082,-0.14081889495763678,-0.16630476097658528,0.08119265549323983,-0.24923488301434238,0.09874677988723145,-0.2420157052982948,-0.2681414959291445,-0.3626752883251567,0.5754909499382771,0.016003018115504274,0.08707257725936131,0.29184231275376643,-0.05771406482131237,-0.3128928237621802,0.2681183093515606,0.48680811699523435,-0.017914257607974812,-0.07231332800420914,-0.21521605167615052,-0.17411091191844763,0.1948951895535789,0.1302432636625799,0.29278205985902855,0.09757721000955026,0.1975217334500326,0.34768743734422863,0.11227283726609043,0.13765986735395036,0.06208291156768375,0.0632861084069191,-0.1033348118470319,-0.12297766158680883,0.2744186382819594,0.3192084019174531,-0.14221739843540507,-0.26867495042019,0.06052337039770958,-0.0667197884125816,0.39428639306960905,0.09534767309695084,-0.1440026536404798,-0.391318948606555,-0.09367832958907724,-0.3200067405122085,-0.06835335990512423,0.05025096419641877,-0.0390494497255587,-0.10780887952910692,-0.315789419352005,-0.4342570606516766,-0.21418954416035027,-0.17068216491701427,-0.19503845202512132,-0.11685413092750817,0.02213131248815489,-0.06708617656353534,-0.15008912201783767,-0.07622178696811299,-0.25512402447441007,0.06524742301048596,0.17337195894874355,-0.19555129223481627,-0.17049431200592957,-0.25493976954239533,-0.2020514645779082,-0.07830407391865743
-0.08287096978375195,-0.16593178999842884,0.04610045428771729,-0.05438787179033304,0.5558381922913405,0.7165687857460055,0.44223432142295394,0.2967154760932866,0.6673872500382576,1.0,0.035272533742718826,0.2653358297576455,0.10449226163743108,0.3306772402036869,0.33321847717044717,0.6725701328214687,-0.18991413226194423,-0.0833142384443575,-0.3511812647771509,-0.23257108167071447,0.3052448530562217,0.09284716348738863,-0.14816449350444302,0.0010657057257425083,0.39646907304514933,0.624045856405567,0.37909123639156234,0.229080446133121,0.06558125226904232,0.2337515407820502,-0.02498612411779412,-0.30977204981626766,-0.331894944239385,-0.29635454524641913,0.147454214144175,0.369221930669234,-0.05502554458914718,-0.07936718919036975,0.015557092236046966,-0.005383806431479483,0.004594527691179702,-0.09972309219480933,0.10073478240671166,0.09166927665458655,0.08466643365453952,0.159528649541021,0.02281476387645159,0.10848828231927066,0.06385787571135675,-0.04865443755081651,-0.17460281754976126,-0.1678057103431222,0.0727533388933938,-0.20534869022371574,-0.04028338546428273,-0.22182083691637175,-0.13457422103602945,-0.330634997595361,0.5352671332764267,0.11348668784881585,-0.016527819782435157,0.4414361154449286,-0.2291617089238452,-0.37030228757794853,0.22998922686135456,0.5033132975075228,0.12956000515702384,0.04992931794411548,-0.09808537122377033,0.0023368704469393883,0.031495535222565645,-0.07245962677857236,-0.05282605976729009,-0.01628147597880439,0.16273040913080988,0.30635131417901623,0.10286463505225098,0.039274419808413834,-0.13098791625776288,0.07304058934428796,-0.24416363179396564,-0.29536120886249373,0.013465542353059265,0.17343659866952504,-0.21724323546024452,-0.42009334809909293,-0.08999734346439621,-0.23317977331796658,0.23519286791260133,-0.026050631852253436,-0.046006000295505084,-0.34322100692899193,0.10627569423535967,-0.1594028139440674,-0.08168094338603157,-0.08391133742904046,-0.13442291060723785,-0.21694083153144209,-0.31374299354408725,-0.4169500038019452,-0.1618037762834827,-0.12633339371814084,-0.10764002689141165,-0.1294138227138409,0.01425154549582378,-0.09886857481533659,-0.10731017530974854,-0.10911507396431386,-0.12296497256253722,-0.11567986329298338,0.14064801944430938,-0.1796106323843013,-0.06709664926794207,-0.08272669114414218,-0.16929521541003112,-0.11005674469293683
0.29823831512357146,0.21460819604252115,0.09072634097081667,0.11326810682235657,-0.051901063240091416,0.023750589352363724,0.29901801110993154,0.026881024572962806,0.034544431203087825,0.035272533742718826,1.0,0.7181322112596357,0.7423539093673791,0.6416107033129743,0.31089482966186227,0.05050931631397944,0.02066868306336274,-0.04166687078644619,-0.057062469752386054,0.06764874402326441,-0.13448689311410425,-0.026262572243738114,0.29909667899125636,0.2655011940935715,0.05647198807830939,0.02099965174969196,0.10376860958780558,0.1588090314958612,-0.07484377272670625,-0.04853841620342203,0.04071272638702182,0.07367778379049285,-0.07770478016517948,-0.19695826209331393,0.06280652714056792,0.11729150455049478,-0.08725335292385998,-0.08680171210437963,-0.11266360350896076,-0.1245783988071172,-0.3078974095041837,-0.3550157027391008,-0.02752699684129648,-0.0732308707356949,-0.24290719161868776,-0.18726903127830322,-0.09916034839672667,-0.011874084038929348,0.1031481976572065,-0.056610896547327566,-0.037590446559077034,0.003997445740016836,0.31917949791125927,0.23090665268623894,-0.08242607045285572,-0.10796178925611158,0.06718693479158415,0.09633517800886293,-0.005962014245295286,-0.06865877162498313,-0.35384921367205546,-0.19959055059399886,-0.1489837654428965,0.01993293608192706,0.19453530162308333,-0.031768191525262925,-0.3563930992170336,-0.3465864698265125,-0.10980392109860236,-0.16776842315543364,0.09657183743052428,0.10393095050946624,-0.10498930760787296,-0.10681315240172733,-0.13564760924633723,0.21798176921854587,0.17343382919821151,0.20737932393005926,0.1039188735884429,0.07299551790474106,-0.07776937104766415,0.10363556297911117,-0.026116902944237155,-0.16574007951721936,0.17604032921314064,0.02082249287266213,-0.1199369779296544,-0.12556257281073824,-0.09855759115672015,-0.1755003469076759,0.16385917160750835,0.050358363011916756,-0.04817303072892014,-0.09996069648742792,-0.04745773480287781,-0.22716602419150408,-0.1704957781482762,-0.3199063478079842,-0.0685002747232213,-0.12033969849744446,-0.08154170843078677,-0.36839162976254286,-0.2077720344657957,-0.2383282084965241,-0.21046185029127207,-0.20349941908636743,-0.13849962339149527,-0.1674922864835386,0.02913453905298636,-0.16541601983477375,-0.060876220957403956,-0.17120470389166778,-0.04435514882190741,-0.07284349782380097,0.03293282643595826,-0.31094330411692006
0.14927778924421015,0.19152686177767592,0.1090403038978379,0.11370241118433334,0.09751369019137864,0.15882007284629945,0.42504062031272166,0.2499821245934923,0.18195006202905425,0.2653358297576455,0.7181322112596357,1.0,0.6034091032948192,0.7997605005593863,0.2554637864950389,0.22599828836108926,0.04350108921303559,0.13239335175530734,-0.2733296857806249,-0.051623558177595626,0.0007799094579629052,0.08842470946407333,0.18657991533239454,0.24239339135250154,0.16846631068026333,0.19946512845923253,0.09924821703687722,0.1701562932858286,-0.01820377214105015,0.10924444896025622,0.1493503971559426,0.04546682191881802,-0.08662918059564177,-0.12191194612938532,0.11201724240737972,0.0986752141834312,-0.04544289514252205,-0.0865186251703252,-0.1216865785010555,-0.011191432364157998,-0.30331111340989353,-0.2924784990331054,0.016730239385373775,-0.0021391431934957446,-0.21903193704140717,-0.11781749228642018,-0.052714066587404844,0.028810968924093745,0.012961007923033665,-0.1890601346626951,-0.10479162276170338,-0.09774552806741353,0.22651544029007992,0.049099920807651354,-0.21948497366383654,-0.26963707648464147,-0.0649682665644996,-0.04523981427060985,0.10171447756809708,-0.12080800018740273,-0.10085940779942895,0.08375153312191293,-0.09085466101290147,0.00350567281532785,0.3048544721018289,0.26793551063002996,-0.21060374131912973,-0.07569907520010347,-0.1812561536257995,-0.16858456683784728,0.10810540667794157,0.12928077506431038,-0.004478478336514576,-0.11684335351689777,-0.03785517519675806,0.23297224789015722,0.24273201545815676,0.26254827075077136,0.12227955280410073,0.13671239835265972,-0.0763181872130275,0.06610489506063559,-0.07721609455888422,-0.004772565450603342,0.06209028405154998,-0.06751935414431175,-0.1743079821152361,-0.18580109248536691,-0.09442755655934068,-0.20895438714168832,-0.062240925569805754,-0.23348997142300446,-0.27395837157775227,-0.37481790046832786,-0.1084215308274299,-0.3194768595867798,-0.10466725035567023,-0.3935314650742739,-0.2898944461079573,-0.41280809126973106,-0.2969511518184128,-0.4663125998195423,-0.41696145803013207,-0.39434142798327637,-0.3676199224593938,-0.38459384518770295,-0.26930968033381875,-0.3340111548895677,-0.11669058203050055,-0.10348419119296337,0.03601296622238473,-0.3207131307582147,-0.17430107697245076,-0.30268056947119937,-0.19351720381815934,-0.35951809784221456
0.23813947173426636,0.07900721968708409,0.027389958689785773,0.03817798082075407,-0.13559884453209659,0.06019954953521366,0.29357137027139013,0.10775732388928157,0.2966389975591531,0.10449226163743108,0.7423539093673791,0.6034091032948192,1.0,0.7005832275272665,0.236602137394359,0.2593242553451871,0.19668949240786532,0.2568434540329242,-0.21640447080060224,-0.15748667004552167,0.008475224376057104,0.21197030200467484,0.17056534256258227,0.17872803849927596,-0.08564196186522603,0.11370925676786588,0.16053508112568668,0.12209529716216388,0.17711898228301348,0.14862211842038178,0.10162317459212099,0.12662710148305556,-0.04205622152885493,-0.025002050928792718,0.13435972246875283,0.09731371124026636,0.006927887628504156,-0.11123777813428293,0.03189708868651098,-0.058216344803512864,-0.25946095360296856,-0.3235440843892482,-0.13684657057049376,-0.09302493479947667,-0.25782866601169124,-0.1483979936277051,-0.10064806796523418,-0.12179292333091535,-0.18599676177308866,-0.1582368970554432,-0.18159245667052573,-0.23661535850862453,0.17809362173777946,0.058115567900078796,-0.18769237923267326,-0.26797767409272816,-0.012072618939787836,0.03955985293481536,0.1179323869345966,-0.11386998825266213,-0.04531765503926847,0.007601317998979027,0.06321665748261493,0.10028473276027483,0.29047154596828895,0.15205563453488252,-0.43894225043778673,-0.33298008255267686,-0.22068527442046923,-0.3039589888187039,0.04789455288723837,0.12063055038656208,0.1124747166490586,-0.07758703342711411,-0.03154952910029113,0.15933346908293164,0.16170969856771197,0.24888284808302166,0.3243508072235227,0.17191285813912585,0.0871298924317522,0.28296824280187627,0.13610026090618035,0.0014897134390364566,0.14713929919406551,0.036623573960611826,-0.12841740329823675,-0.03442008170924584,0.0018127631044622396,-0.15003964994217442,0.02321213746710811,-0.21456372184916883,-0.20353940987772903,-0.3580406895476673,-0.014807074341599858,-0.20413133967316832,-0.07788204809581707,-0.3099657165578206,-0.21382656549707413,-0.27868410812183797,-0.1660395710823878,-0.31739429756593307,-0.2651659071941019,-0.22957718481835665,-0.2273572894970976,-0.2722772349624037,-0.13726286058485468,-0.11727939790248885,-0.17816590773744698,-0.19653807016337663,-0.10231317213845681,-0.2678504880995152,-0.14004669810455178,-0.1781538243231118,-0.10023106412453725,-0.20609065392931025
0.0837660190907483,0.08330550926002432,0.1404811234551657,0.02032546789434212,0.007532925575324915,0.26524850074275413,0.3726833680807812,0.28651642149758083,0.35290216914740685,0.3306772402036869,0.6416107033129743,0.7997605005593863,0.7005832275272665,1.0,0.13653389213486533,0.43175826568905645,0.11834683576693962,0.3050437063790196,-0.4776247703592084,-0.21875018668222515,0.15278000288433635,0.15129985865532186,0.031102208665924096,0.09444283626442217,-0.016956493103361146,0.25287918168269635,0.1217599691622556,0.045442848254946586,0.18458048121378373,0.32448583485575433,0.2284360023821166,0.15354208421644064,-0.09956607690435457,-0.12249053695513015,0.029253440545096033,0.03245833112388379,0.054300048474454854,0.00671820808220437,-0.002404880775580733,-0.012810762676848967,-0.2227684485564832,-0.2478255855174959,-0.03593267399963466,0.02654383619160894,-0.12685976026588336,-0.009404087837794225,-0.0885868103480693,-0.048520027415906324,-0.07833223688766384,-0.07462269598750496,-0.2036093849470238,-0.19939877318255642,0.14883732583733988,-0.12222008754100819,-0.2829590221430793,-0.41171716865628044,-0.06629681950719107,-0.09570686272662583,0.16610336569968084,-0.15192589501606968,-0.20248059273016056,0.20278404808178166,-0.17162404836697226,-0.18073581073973158,0.267432280349255,0.29777283721109826,-0.2868761442945273,-0.18714553413596755,-0.1426204634367861,-0.18544356223836195,0.19611957428792723,0.19013791594236962,0.16212329141422863,0.02352787337053155,0.07848420676476406,0.39146640315186726,0.2074282119282135,0.23601868715013302,0.2949095487493229,0.19128985311957347,0.011246602272845652,0.12338004810794097,-0.038062133787474306,0.05630956126375073,0.013579888533432265,-0.09205700880609542,-0.20730219548895584,-0.09136636411842593,-0.17845200124853672,-0.24821702230778436,-0.013850933692192615,-0.29132517980296935,-0.1582106169428113,-0.34607544252320277,-0.01243491328504254,-0.21080383017542462,-0.08068813601562899,-0.33674160764004474,-0.3673669443175319,-0.43550622627550417,-0.23113950584001092,-0.3879880571168026,-0.3287073398775571,-0.25365995303017097,-0.2637366631353543,-0.2272607882049972,-0.15067128199013313,-0.17908152810079114,-0.16787846288956315,-0.0737763990566483,0.003498005023268134,-0.3470408672563265,-0.21938488866848785,-0.23350665779168553,-0.07691931214965092,-0.18930590174653714
-0.2708244631947219,-0.2995585015582666,-0.4421219041030585,-0.20474639920956939,0.5044086868079545,0.23859715231194717,-0.04394743032889149,-0.4346629852474717,0.3279754739675083,0.33321847717044717,0.31089482966186227,0.2554637864950389,0.236602137394359,0.13653389213486533,1.0,0.43050446409442455,-0.1821385290860601,-0.12640681706718582,-0.07601431957459574,-0.2355927332762374,0.3067007392112108,0.33087083023126035,0.3418672707437851,0.17995947113040597,0.578503321062309,0.42978888543575183,0.47441200742425266,0.6610488911142236,0.1671940546639642,0.08044614712912414,-0.07365167817747889,-0.18234072661757997,-0.42789239586564554,-0.49185543736731563,0.57037474633964,0.19159345828508992,0.09704262149364039,0.05360048340420691,0.19130816455711058,-0.028940089919103972,0.19123184871854312,-0.08607253461905588,0.051253139480940714,0.025472878819916975,-0.3448939390518386,-0.24137556284778905,0.020409186531935516,0.027264515452403354,-0.0016173983322962317,-0.2630138405817158,0.0857545707140186,0.04899104306193169,0.0836949217664321,0.17281945475842478,0.09038227592593374,0.1392598904844362,-0.13073351035413025,-0.2793154598020807,0.06380478467087608,-0.11621597637251568,-0.10890156465717733,-0.17933678869800226,-0.038523956809181976,0.01624481143140802,0.4805855375635995,0.19191394771160503,0.04230684512823778,-0.28603827153870415,-0.36516840794725963,-0.2613939448245648,-0.028340880638723198,-0.06817955049535429,0.0031206814205291303,-0.011312983200515487,0.0654083808173556,0.1571944870315984,0.20542826490249702,0.15475495851721058,-0.12561968494988773,0.13004566999613573,-0.06420415282441133,0.1457603609843639,0.4685061712010301,0.4132850876481061,0.3837726295423708,0.1803194766431494,0.21118580361996953,0.013770409672752405,0.3903623079183137,0.10109370417029458,-0.11152271151135759,-0.05335490503049193,-0.043422142983476256,-0.19812157737587632,-0.20354660008594294,-0.004127016496073572,-0.263127970496295,-0.27008584167658406,-0.19771817773058453,-0.19369543773455045,-0.09567461710923421,-0.14878021651865467,-0.017369388666670302,-0.019279903692019228,0.11723317793865318,-0.09553596578332901,-0.08122640786920908,-0.15688186325139566,-0.06574978527381721,0.14460710252901376,-0.00543748224447659,-0.24479533574453896,-0.09035237329110062,-0.13082214539710185,-0.17466497890377972,-0.34816930278446434
-0.34833087305372323,-0.3496382443371306,-0.16084889607669592,-0.32686847602084784,0.3950276683649167,0.5415392531204349,0.07268474620494468,-0.07337093234187843,0.7983918104801137,0.6725701328214687,0.05050931631397944,0.22599828836108926,0.2593242553451871,0.43175826568905645,0.43050446409442455,1.0,-0.04918850008502267,0.18668515240942413,-0.5311067113276854,-0.4156877903497375,0.5012587504416826,0.41965291521575804,-0.3008088022431054,-0.18043015328803774,0.2108796006860178,0.6130028572776971,0.4670010329795002,0.2676937329411565,0.44624952433396775,0.5748122686098576,-0.011022665661374912,-0.17526543225862506,-0.4147789871670124,-0.35392077181572157,0.25190989259644453,0.24548940367126573,0.12497195850565286,0.11437333123707306,0.3605273898118135,0.11189127618517576,0.2178480363582037,-0.06088290302435916,0.13269498440012967,0.2501542917955403,0.1297295827708344,0.2476627471944843,0.08999579755532566,0.09812226538229582,0.022315883773827382,0.04133654390856497,-0.11598189559997825,-0.10934316765865601,0.1071792391501701,-0.2436172562253444,0.11001035216977881,-0.13316825263277632,-0.32850023826301544,-0.39788535830939026,0.4478281552357457,-0.09812746555988565,-0.002445849325597108,0.2728977422258266,-0.1542805420083435,-0.4273125870083919,0.25308607804438343,0.44655185827678323,0.0536455663313176,-0.08546445391901537,-0.24869643993682242,-0.1347563178682871,0.0777469145191126,0.052328074261186526,0.30714474388485113,0.014718442269903006,0.17710912017160824,0.32868772570682253,0.09668072652158637,0.021111586151067476,0.035495727875477584,0.12742699520184167,-0.07967367173590395,-0.10405662364187915,0.38351672326810393,0.557911143881422,-0.054362041439131106,-0.12089501694664243,0.0011547334418815708,0.026270539413127708,0.35413700310086127,0.17650362401419578,-0.21275133522362505,-0.47332420060847913,-0.1521812518856647,-0.29393617267263744,-0.272504051545839,-0.014539265607924859,-0.1287690191167284,-0.2930145252128316,-0.34848732123638587,-0.42314193484972085,-0.21466483270693376,-0.14610472754944717,-0.13127439146138628,-0.00895158128356179,0.13484081988295343,0.026193416301710314,-0.028854827386337597,-0.07603213350322163,-0.39967056109653226,0.12280847939564953,0.250901652059564,-0.17527886564354514,-0.14283940192102676,-0.13764442660653692,-0.22039818196475527,-0.09787942043556855
0.1874142696613029,0.3231115758572953,-0.04360313365591044,-0.3368159742694861,-0.10466621390756,-0.44556129293912317,-0.017305714743592375,-0.16754471643353108,0.029169215213331146,-0.18991413226194423,0.02066868306336274,0.04350108921303559,0.19668949240786532,0.11834683576693962,-0.1821385290860601,-0.04918850008502267,1.0,0.7620550629463169,-0.06051594694436791,-0.12914666895658009,0.0274210268160195,0.18294714241785556,-0.19947382095225344,-0.32718788211863176,-0.1573206583905186,-0.15161045876893392,-0.23141125990958428,-0.13515183185265442,0.601627014609627,0.38358367671224125,0.2173904072464335,0.14647288677772644,0.27304915451463724,0.3401064350000808,-0.2088529592114407,-0.13218978335540282,0.2961862347449263,0.012033796241226824,-0.07221150529366281,-0.08731805741114589,0.14434294868152817,0.12753111145769871,-0.11797918609090455,0.015302342044875723,0.04497800031171771,0.05882579510959642,-0.10577734398591929,-0.17112525871165432,-0.25158230035283935,0.05043192506087747,-0.41848519250396293,-0.2682865346872127,-0.1692074177228273,-0.24961202922425485,-0.21450837320842772,-0.38315391392383347,0.3144063050687604,0.5326006337365562,0.0856143534811982,0.07867635383963999,0.20207961539343924,0.04141168154473429,0.3764335984842533,0.37979099786042797,-0.19068241103342487,-0.08653886049783069,-0.13061153265967285,-0.3169669186889738,0.3188798952978158,-0.01211218793786035,0.2229448779847907,0.08735844344728197,0.5102670100635993,0.12230432181185047,0.17519059151774458,0.07955729191364146,0.15837151794171264,0.21371583082121065,0.5569380651185036,0.4785404282032449,0.4660104597705381,0.19991344225457056,-0.11438447215074406,0.016908126503683233,-0.33036338218487726,-0.2636106420755393,-0.02510075996444638,-0.0962064891792414,-0.31562427433609225,-0.29117056258412755,-0.3717021123293644,-0.16564703807520528,-0.4080139573490389,-0.12640219143152875,0.3188326784126062,0.21199162010835487,0.03980406135084982,0.2212973950079548,-0.21636933809487113,-0.20272162436271254,-0.33796583557133947,-0.17656715604246287,-0.25637447376632416,-0.15604939074315644,-0.15556205185275707,-0.07535216896830917,0.1495354620014677,0.23470512664251705,0.2285982646859684,-0.028587700667914787,-0.13430339152572154,0.06779928680855789,-0.24813755300655543,0.008943981575131842,0.06893077784484473,0.16634375018748748
