1.0,0.6575638677026866,-0.27259245611011984,-0.18866968819694555,-0.23342371851111454,-0.23218407069067107,-0.13773766128492945,-0.21361484125184096,-0.3121032009024103,-0.20146378138191165,0.42200459130400964,-0.0536008229093588,-0.24458030855068488,-0.3198129966965093,-0.26771822765505476,-0.1528596642516967,0.5074170299562328,0.1316085883099768,0.641021704467954,0.5523635179294981,-0.06790372017020517,-0.2422751038451662,-0.26379122425479373,-0.09578924768868671,-0.17879181886518003,-0.43625854625582766,-0.37337623109266155,-0.3367854395222514,0.21523541571175744,-0.12501190659894804,-0.24141338189633008,-0.2713872166347091,0.43427643189064435,0.45360848063158055,-0.060670716560338706,0.06675146453502985,0.08691348250551063,-0.06543538139953632,-0.09463957369215231,0.04670182164167086,0.028799053238539245,-0.020775269656307695,-0.15940920169408046,-0.09048815764870972,-0.09657270774556588,-0.04493286167016533,-0.24107096097925235,-0.12523564203957813,0.0021461148490991397,0.029952573978637813,-0.19229021704497357,0.06492465252403316,-0.09962505277499382,-0.06999517082403313,-0.27698002525570914,-0.38135981716228295,0.519316268339272,0.3580365234404828,0.259036218153248,0.1340391301524261,0.09975084676895697,0.2554519731335175,0.2974459296642208,0.3664083355891327,-0.22114562266490742,0.005239423807802145,-0.08893419422744799,0.0050223099489280715,0.15913533623270704,0.12713880422973356,-0.2075710881543636,-0.09780776436062415,0.08250677657370721,-0.1619381374017925,0.10612598884006626,0.1135540643458768,0.4854860709371462,0.15174022595297862,0.2664100150884297,0.06793915409650565,0.44286899805187374,0.2299395062405036,0.10008990968432545,0.16009486467966716,0.1198429161429762,-0.10271667607395503,-0.062365771506396626,-0.04731042302787419,-0.07134013073439668,-0.24326410629192816,0.019446957187124823,-0.08738579285550771,-0.3979754067590729,-0.32984493629083333,-0.18881875975571302,-0.11537435968337888,-0.25823713320940245,-0.38237129692888755,-0.15590137381424302,-0.3659498261439946,-0.17212757278413815,-0.2599880312503833,-0.05561349117984659,-0.10589775146845662,-0.06287813682425533,-0.33825410707798925,-0.035515213368113106,-0.3020595654178425,-0.15546041605409938,-0.14802727394666348,-0.21025404766585656,-0.40446558992424947,-0.4252044616135063,-0.2398084334739234,-0.1702469203457373,-0.18304372805027258
0.6575638677026866,1.0,-0.3659747881768263,-0.07376453546921681,-0.2641953559630007,-0.2092959108094606,-0.20129967492344994,-0.027248046849288356,-0.33888247130546273,-0.2072613711000326,0.2427240377170947,0.10862236388254644,-0.2562125061121966,-0.08490332505323407,-0.40276069658997793,-0.22883265476178452,0.310960334010557,0.17947101069457524,0.48553371472743506,0.6267376405123009,-0.11771053164252791,-0.20655750117786545,-0.41709756669801634,-0.18605922382128984,-0.18416716085070195,-0.24688113997655578,-0.3476591720953278,-0.37451354548042565,0.01235518990593868,-0.10452277388602907,-0.23175261395929636,-0.18645794690516732,0.5574375644580407,0.5406956094863059,-0.16081143683045399,0.08719769402218945,-0.095085772693164,-0.0901220431608891,-0.25568728052526396,0.11415308037843809,-0.03083776078017216,-0.10062615997593072,-0.026936534372565157,0.06212550242208314,-0.03171441780594835,0.12312583197151977,-0.12530046953577267,0.04451584446213712,0.057244606237462387,0.16789473683145273,-0.07602052343853195,0.17190593958667355,-0.07882309382167264,0.004832775042896782,-0.4013353897236678,-0.38626948082484686,0.3127288471416188,0.4866768772036305,0.04418662347333057,0.2991650662111647,-0.15872088692458108,0.3291464702513747,-0.006932925245657782,0.36931929629973376,-0.38654114283447305,0.008345381578392978,-0.021918807852054474,0.21032499625092757,0.22091325890824764,0.2737321541046086,-0.1943889904303996,-0.09413996454763794,-0.05029782187799395,-0.06851376583014698,0.010580699622288242,0.12063370946555631,0.3434641269478205,0.10343816219312349,0.10918574529973242,0.15801384604348528,0.30592540292364095,0.2447492059949183,-0.17552296035004844,0.15669206206802208,-0.01367695552401345,-0.13057768959345564,-0.27243681828797467,-0.15187920991183698,-0.2653352662107353,-0.3255019095178087,0.08167522116572289,-0.17892326040138068,-0.3902845474434759,-0.47541077949655053,-0.16305430434036539,-0.1864035768868409,-0.19720024151326956,-0.24746887464854392,-0.06192141847363236,-0.39840060585558523,-0.2243043621817338,-0.3562505308340923,-0.16658571042263284,-0.2948778796302185,-0.05233109203313477,-0.4838620261695506,-0.11880420823033869,-0.3424498383662309,-0.2009291235759599,-0.1686548509619272,-0.09817150098036113,-0.3713541226552887,-0.3811470589324044,-0.3815336458961964,-0.3254205749638505,-0.30875218333936744
-0.27259245611011984,-0.3659747881768263,1.0,0.5572617318185996,0.425737411456416,0.25926517121185433,0.7468778696683369,0.532385293294009,0.35751766497061904,0.20150729126308822,-0.015757543219175364,0.08599535149526756,0.40939225452161593,0.27390967399481186,0.3025575428813456,0.3113657253525587,-0.3510919963690737,-0.12957284473407996,0.059456005709419085,-0.11849576797001025,0.1652795532373333,0.2603349270690877,0.6541039385826378,0.3729041296722381,0.20353996687380993,0.30512274019537694,0.4265140548695803,0.29259974055601956,0.0043879161425071506,0.2109769052894855,0.5139011623719778,0.4878581872749657,-0.2499667068496203,-0.17387152978459114,-0.20456620730238517,-0.30011026426132387,-0.4073154269957449,-0.24154308806742397,0.07394927951640795,-0.015140618092035702,-0.1484552030719045,0.10306686055970261,-0.19056951891583304,-0.23003798596240488,-0.022518794578428168,-0.10469329918870143,-0.2508964830295528,-0.3102289046400787,0.0004975734069980583,-0.09902542034750943,0.02731177239612226,-0.17928885891374938,-0.17155335233601995,-0.254022564546397,-0.10888667373365003,-0.1431792314983581,-0.4123257740064077,-0.34664350219049345,0.023576155066860827,-0.05543641323370949,0.11051801782707119,-0.2589747097928461,-0.038798724678152714,-0.28198394903853446,0.14825145455871291,-0.26329534447736214,0.08622924504453329,-0.11337023105050374,-0.07199951246189323,-0.07219595603843539,0.3695896324405121,0.21360385190925055,0.0021673555537277947,0.16686820007651434,0.004738035354390562,-0.015353898982627281,-0.4821557719881223,-0.2869174803988487,-0.3997398200368791,-0.29291995372558655,-0.4657351927224013,-0.44347537927757624,0.15507418836774017,0.23239702011549979,-0.3053782677936586,-0.1802734170100855,0.04782810125377568,-0.03571006439271574,0.0402707110493709,0.19426355077864282,-0.2653665819135423,-0.068085952152352,0.01853612709085367,0.18852386264937,-0.019111670003714408,-0.09955166934348889,-0.18406134918932826,-0.022523221986167685,-0.40368151262099444,-0.22475226238879817,-0.00035256495676886615,0.2055278668237177,-0.0318305338914356,-0.08937918724907926,-0.22323671336336656,-0.02888751299686169,-0.07887276310632531,0.13830454249926974,-0.08948493583341854,-0.21848490517276284,-0.19942589417237125,-0.2524800258074212,-0.07081348405167927,-0.10779152675158254,-0.3021600327461461,0.02305622492300521
-0.18866968819694555,-0.07376453546921681,0.5572617318185996,1.0,0.542630679564231,0.5162410783622691,0.35167035357418047,0.7018485817400306,0.45301439452064407,0.5691715040272896,-0.17376597301657473,0.3681487408768451,0.13282385623031512,0.38773241302207057,0.11114284665732747,0.22572625599202087,-0.34545614565851473,0.021559656337811272,0.16636435197468982,0.06425975863103589,0.13621032659071175,0.20325353562422377,0.5983717803423253,0.6279044243043639,0.5620548766852579,0.32792396961653675,0.33304686553457147,0.3010200616079109,-0.14718030461650009,0.22573249059792844,0.37508083597761854,0.43855599261223277,-0.1273829493198632,-0.05537217945461534,-0.13689877907605733,-0.2797848723102899,-0.4285710329399716,-0.17341679814817515,-0.015868054663500306,0.15562547100010976,-0.22628206427605213,0.011427322688928813,-0.19418082198528663,-0.21860470092922282,-0.09336733616402712,-0.062255616010763466,-0.24792517864670965,-0.3590880210422453,-0.13687231793758953,-0.04488808627406858,-0.01929317380772214,-0.21707663880136727,-0.16383295449796856,-0.20489446336513586,-0.25508370494309957,-0.1999089210067111,-0.3237864709132846,-0.22939880853380168,-0.1308759441293789,0.027468446986491812,-0.14412564986074236,-0.14187803905727495,-0.19885592940273805,-0.1721878211059588,0.13885796308992265,-0.07645515981538292,-0.16299846561946993,-0.12910790274646494,-0.15819442272430417,-0.13583632109801735,0.16390609349681692,0.2012556892251729,-0.0998786578861737,0.25588031943205086,-0.07132684374657258,0.031085656302699424,-0.4264455938062174,-0.26832853563759707,-0.304279175194553,-0.057369237221493036,-0.40740163461877793,-0.20590604176927288,0.16318371644921056,0.21275863948453894,-0.11201390567572964,0.020453661041473836,-0.10040434500125178,-0.09477259899080065,0.1049172285409546,0.1835799648574332,-0.3354674578164351,-0.2143182716792391,0.11721491741309376,0.008859146286739901,-0.13103303247837755,-0.2726096678314668,-0.28317603274560516,-0.14780006875644158,-0.46372073778443285,-0.3286368685993952,-0.05244314365412792,-0.006936765196377672,-0.05034288425160091,-0.24966770910294755,-0.15331211144531157,-0.06800518873547796,-0.19019871290497556,0.1425664096819833,-0.33282700603442433,-0.3280345351566929,-0.3359956454642286,-0.2638486055860307,-0.14081955573916613,-0.3268378680791857,-0.253922676652644,-0.05233524319524966
-0.23342371851111454,-0.2641953559630007,0.425737411456416,0.542630679564231,1.0,0.7735500394281547,0.22657949888486678,0.3592799718202286,0.7708686166468379,0.71988346485843,-0.1570829704828917,0.10461035704553677,0.16468752749629964,0.2933135333020988,0.3514870357001915,0.3040229501731832,-0.31005716010222323,0.056280125141657825,0.1274729441096899,-0.17945720995773629,0.2206861551238896,0.07776173592764886,0.519474348919685,0.3681574215917902,0.7183331202671991,0.3379272838961396,0.6351699034914338,0.48872926553967766,-0.01991156073711175,0.29372371152901,0.3152130299802344,0.2895475745729259,-0.2704035953463813,-0.19293418374393606,-0.11983941076728373,-0.3492648524206335,-0.2637402315574348,0.003828872335468154,-0.008872887086488427,-0.018209562819837294,-0.16877172275262664,0.09687755322890278,-0.13299935106229477,-0.23907981857076338,-0.11991771351621387,-0.21601119894269,-0.051275415627809795,-0.2944145259627643,0.029468061940232323,-0.07348596755653519,0.21548966611088846,-0.11348945757235963,0.17251597384404702,-0.008554127209083839,-0.07500593589714816,-0.014992735482036825,-0.2801738372426441,-0.2572675181776911,0.055393991620120056,0.05625533651583177,0.00857736695732873,-0.046664622102760456,-0.11943023897508212,-0.13779797152756018,0.15813989180423393,-0.13370220153716839,-0.09475816271350654,-0.39343696619148893,-0.07631492908630168,-0.21604229504219455,0.2999333498414744,0.1610818189134238,0.0670103687470597,0.29380706656237376,0.07119672249407294,0.09897976601705295,-0.3432488974164483,-0.22580173636127895,-0.3201276843968389,-0.06718341710767883,-0.3940475885813238,-0.20189195695230797,0.1427250708058925,0.042398896063666536,-0.18538662159214178,-0.23450475324085154,0.048511868586633505,0.05621160036456043,0.16594169152423502,0.08169562484399788,-0.2053313921101988,-0.15485011533355153,0.133232585966044,0.14384585077265036,-0.14983424948375562,-0.31490187769235845,-0.2647514279626204,-0.265703642287706,-0.25746106612361624,-0.11474128380208432,-0.03499237210144904,0.07793112626038627,-0.09342893885215352,-0.10581846142758111,-0.1282462562966174,0.0890832225399001,-0.1832550606354816,0.16970022876567215,-0.2827749447478063,-0.3282814122727893,-0.4292225170713399,-0.10728822007851714,0.0821874522532338,-0.21520259592906302,-0.06018063912957739,-0.043031590737843545
-0.23218407069067107,-0.2092959108094606,0.25926517121185433,0.5162410783622691,0.7735500394281547,1.0,-0.07721011027199766,0.20202512817984197,0.7318071462250598,0.7751173952354338,-0.1184293697080095,0.0054822426619240095,0.049553120219579985,0.16412940371694523,0.2896134241401872,0.2492861830519293,-0.2288368160933627,-0.041969513470884,-0.02124434672074615,-0.22267767189476223,0.2051050363910751,0.12300214722024562,0.45030213803810587,0.3844596261799868,0.6826839167513,0.4021973780076187,0.708822449331036,0.6844163296175626,-0.06267733677483801,0.18604756195169872,0.11439799098363052,0.11827402917564535,-0.19546290217359688,-0.2228439736467764,0.007962558607111534,-0.20154014847931045,-0.05028631070419117,0.03635414492883071,0.06695970940441583,-0.022710643709335652,-0.06810761859779287,0.19951496871860916,-0.07045080341256033,-0.12224231981399351,-0.05539610997581075,-0.10318189503441551,0.0555471869263063,-0.1936155169406713,0.015360938903039197,-0.005397311518347687,0.19117829071554893,-0.014872624502038592,0.1574673923965723,0.04104195281377448,0.010707795958277602,0.1753432192500122,-0.19934481341374655,-0.2168642582011848,-0.03539778566907533,0.03132914894912197,-0.19587806791747953,-0.13279387235840476,-0.2751180952569063,-0.25141602585158224,0.09192343742668777,-0.04018572625064035,-0.1814465444894481,-0.3082553868490331,-0.049676374546945026,-0.2148096214244514,0.16863995772043336,0.12453851274871032,0.05532105954736955,0.17632371126232824,0.014340580710735159,0.016972205846069763,-0.21211312786771805,-0.1270593701207463,-0.1109068582695122,-0.010665526405761188,-0.28982037268043614,-0.17752298547232495,0.03905195848633939,-0.05619663615562776,-0.013323845368332178,-0.10325948069725448,0.10474931233216424,0.05028461300970306,0.12452255238622646,0.06383970584304186,-0.2141468530801792,-0.13159064818855898,0.24022705688962126,0.1456227242860077,0.004478514155424654,-0.1516118433521647,-0.08427889928827084,-0.08723104805904036,-0.24146558588168132,-0.10709641042123358,-0.026469698064334832,0.016144370915158038,-0.1210147170575464,-0.07386011379517093,-0.02960398502579898,0.20383698292917438,-0.19268223371065626,0.19754176396083345,-0.21384530726155254,-0.19117665995207636,-0.2941202809321599,-0.0032997419446696738,0.1325071635259,-0.1274420400107754,0.04037856381670406,-0.04130849208219082
-0.13773766128492945,-0.20129967492344994,0.7468778696683369,0.35167035357418047,0.22657949888486678,-0.07721011027199766,1.0,0.6219303098233349,0.060590150852112994,-0.08756492091764849,0.15095861638611102,0.21865239349395477,0.5982158531925673,0.4103408444558419,0.2567864106718689,0.2627402068568538,-0.19456993620452945,-0.02849203441519487,0.11501395144858477,0.014097565164651318,0.08820224969892898,0.130044106974627,0.40060730996747557,0.22783133630614155,-0.1153082052135996,0.012712572709374035,0.11087676693833243,0.0012633975256605302,0.14351036794099217,0.16770310574815647,0.5654284272753999,0.5290680531858074,-0.1697699061614072,-0.0725637961173678,-0.26357635618822245,-0.2745527441750328,-0.44878497211299634,-0.4058921875860521,-0.10834262237345184,-0.13664766234195483,-0.2231825763579774,-0.016508635232913488,-0.1738293698568182,-0.24361543411844355,-0.11117733836595742,-0.1779418402198514,-0.28810178515855184,-0.3207433042849782,-0.06149494431405358,-0.20703676294618387,0.0014610168468877113,-0.2296542873542069,-0.1125761472283203,-0.31988290262120334,-0.2026964642193573,-0.3898722540488671,-0.3812816935734921,-0.31128531848973107,0.04398459889299502,-0.09858443705821669,0.27590081222827395,-0.13524978009202207,0.13818318179647882,-0.11414442829915775,0.07826191831004245,-0.21371854153624087,0.14250350400610728,-0.0551557514358885,0.0256781397035422,-0.023588853191567543,0.32313672940184796,0.26704722740427217,0.010584027605061294,0.18842131974306614,0.008443558062742055,0.038377526334167744,-0.41129556108752907,-0.2319318629093892,-0.3297972489472794,-0.24545391905331704,-0.34367679729570005,-0.32101452599249186,0.20325375098856638,0.27600032283568865,-0.29382574966840164,-0.18749384869549318,-0.016117265072725272,-0.03699429254215081,-0.03235722090467816,0.06652760620955302,-0.19204759978137836,-0.11046252693641181,-0.0749746070147811,0.15220679796576117,-0.012105240304520945,-0.10440842604565524,-0.29289156298216296,-0.11934781487402676,-0.41463948637773346,-0.25914976248793936,-0.0318800199468689,0.22632019635641204,-0.0653500244310486,-0.045188254109137474,-0.21339761359222398,-0.13980056878786581,-0.03052303173278907,0.027459880165226373,-0.07729314432409758,-0.20310175870384964,-0.2383611145823327,-0.26834200007755643,-0.13130676510712375,0.034339194621974364,-0.27240251379317165,0.07817374909912994
-0.21361484125184096,-0.027248046849288356,0.532385293294009,0.7018485817400306,0.3592799718202286,0.20202512817984197,0.6219303098233349,1.0,0.24562435202204083,0.37002701909211894,-0.0198129618029912,0.40662506879402915,0.3665367805145822,0.6387692139142396,0.061827954467338526,0.30700559027241775,-0.327292928914841,0.01459003149457156,0.07372202786868706,0.03608451869261948,0.20246966964554636,0.2084325619215595,0.2892403257619393,0.4385372322264155,0.17479836789376307,0.23840852615704375,0.09031362590042714,-0.03493603560845501,-0.08601488536331672,0.2424904591969215,0.4621814099652708,0.5590423784839175,-0.14520816189683008,-0.015017259293707922,-0.29969501117141983,-0.24304197161574054,-0.5324702294004364,-0.264577518242773,-0.14716108783237253,0.00902114149676522,-0.24339401812954375,-0.1198283893991366,-0.19744675991863894,-0.20683499276120676,-0.16726492212613028,-0.13780029843629904,-0.2643070907340732,-0.28748542826488055,-0.03682039014574697,-0.13295231228225166,-0.012683277090876978,-0.15929746855213117,-0.0935546259687499,-0.1758901495082886,-0.24292860978846065,-0.3195523220561903,-0.39512543514330645,-0.36299018880874545,-0.07995894288438914,-0.026833789473766783,0.05712164117231977,0.012018409431018862,-0.10174504201141141,-0.13268151373099618,-0.04522567685396416,0.013977752814429728,-0.10199258096268234,-0.1148483210906514,-0.09773929510608767,-0.07519534687535755,0.32327101271853625,0.3717822378916833,-0.030213258378577808,0.28965940132074985,-0.037408259263698396,0.14514873201276968,-0.42337353907315844,-0.13342269177212868,-0.4277165691135206,-0.16499855968493204,-0.48708062312916256,-0.36841044692861935,-0.017442646592121757,0.16285879482425483,-0.3588165880417201,-0.14912931021626188,-0.1849664585871931,-0.13568202389283765,-0.0004331869100888896,0.10915067065652773,-0.20607241566656626,-0.19697219391434595,0.1423752233701372,0.041824193602695105,-0.04281749863993075,-0.26741300782427335,-0.34034557493791623,-0.1732205758641007,-0.4001117407404535,-0.29023676986445185,0.03863117595919212,0.1241043178215007,-0.04450716497808,-0.2154087880820078,-0.09331221520710486,-0.09998337613220043,-0.15737394503629715,0.1305366437276583,-0.23694941131545935,-0.2230688367506212,-0.3003096762524382,-0.2008471465803103,-0.061878184105548746,-0.22055661905460325,-0.21177853185271603,0.057466184300112806
-0.3121032009024103,-0.33888247130546273,0.35751766497061904,0.45301439452064407,0.7708686166468379,0.7318071462250598,0.060590150852112994,0.24562435202204083,1.0,0.7901809631269018,-0.19085917613536282,-0.02780083715720674,0.08976707602168488,0.1623455850727031,0.3026576270849899,0.141487141402915,-0.4127755286603663,-0.04052590808060673,-0.04788216094439915,-0.1968365311887666,0.0545061893199627,0.003500200538755336,0.3239921304668434,0.24333487703628365,0.629670704628541,0.60697917400187,0.5913139530614417,0.5249622052514735,-0.13811661145797918,0.21861153279528825,0.06676279397649779,0.11908162948559826,-0.1705331850394084,-0.1406848782326716,0.09582128278204423,-0.1611657552465946,-0.12246237866442747,0.10984795728290905,0.17775071336741727,0.042934624430667694,-0.007200581490721967,0.038027678515598774,-0.1691346197481269,-0.21249839625278671,-0.04172040327265878,-0.14994300512520525,-0.030338107558401415,-0.2120370900999343,-0.0057314732931648665,-0.08768872572236715,0.030222658243588697,-0.18498182706194605,-0.009262510324400064,-0.07775433126572692,0.0816815984045101,0.22487812310835167,-0.2572997225339259,-0.2246558685139395,0.09851836110907032,0.04085928689571714,0.04395562101915044,-0.02774273111136182,-0.2621288731807515,-0.1612856441662359,0.17820347918637577,-0.013085045254189989,0.038647394231914434,-0.23777107273874462,-0.039133803779521484,-0.13030002722627415,0.1768565817118119,0.05607984816332824,-0.0032020976490167025,0.1194670783125683,-0.05248245601365541,0.0027470412108032702,-0.3046573650265617,-0.08103722056825306,-0.23491469611051513,-0.037804552336991024,-0.4519903234999825,-0.18374356912352838,0.04381163255842893,-0.06232158775436648,-0.13143656443876714,-0.11509779728374661,0.10847545088313552,0.0021932743636974227,0.18274103376018222,0.15823154732762137,-0.14241654148536528,-0.040696077813464133,0.2353921612007719,0.19108052073765147,-0.03739422581122716,-0.15301018770035302,-0.06696641466943688,-0.03507657996743343,-0.15644722443028888,0.0056200841182058705,0.059061684549796926,0.13532253013694476,0.021600557191176383,-0.02107908936429274,0.03895779523650197,0.23611968271643988,-0.15239526211007992,0.24041954040935043,-0.13008403926418252,-0.17649092375057412,-0.19199405194857425,-0.015533283408686555,0.07827700499836761,-0.15372644506852062,0.050968571593379065,-0.02349060645740804
-0.20146378138191165,-0.2072613711000326,0.20150729126308822,0.5691715040272896,0.71988346485843,0.7751173952354338,-0.08756492091764849,0.37002701909211894,0.7901809631269018,1.0,-0.19520607339919582,0.0382114655073093,-0.02273034754234069,0.20498949291962745,0.16773806597908197,0.2414368185452633,-0.33877664524464507,-0.04379025842588699,-0.029072759788889197,-0.126237722479236,0.06944472879588909,0.013767175717025291,0.25515873181180304,0.3825981148295905,0.7248677912709445,0.5080961723790242,0.4239646191268768,0.37862486320319194,-0.1814593639074873,0.1498290456159719,-0.03102682390300462,0.04764031938202326,-0.2310729296172147,-0.23525827567163934,0.009855981981806502,-0.11354421837991131,-0.14290407020161583,0.027561212029807297,0.09963892087115861,0.02966697341190421,-0.1419591717710822,-0.0015308133592624416,-0.22413022257759524,-0.24741317988663883,-0.1680320765511058,-0.15047943387190785,-0.13987786463985033,-0.2411695954719557,0.015255341831459336,-0.09325518640966661,-0.03649125996089862,-0.11915720930587903,0.07705726465344283,0.03294309458274611,-0.05270022728163511,0.13181153862577766,-0.18596180950376467,-0.23766119372798142,0.08683011104648146,0.09099745327537945,-0.030221465016668253,0.08378132081558297,-0.2851013380847878,-0.1664485351548318,0.05701577325654381,0.13865738328576854,-0.08062273820664959,-0.2479726242008538,0.019066958231848757,-0.04468670833458035,0.1530906565488481,0.06137530626404823,-0.06590572002414476,0.11158924493704135,-0.12463463202288923,0.030353885496007083,-0.28839728236062645,-0.10573935264196212,-0.22885338914600456,-0.03256238305221243,-0.33780261583333704,-0.1838900201749362,0.06292145064909184,-0.05321630606190993,-0.13536109318345296,-0.04751854883252454,0.09470135415447725,0.013315757280623473,0.15570425953048952,0.20110501413333673,-0.0690600417088567,0.020886989471735857,0.358194521806756,0.24737489541599578,-0.03157077909986303,-0.16445137808277793,-0.21353405634458564,-0.05269402724327545,-0.22234048832932182,-0.006906235762355559,0.17545553712172846,0.20941233886319197,0.08689540345303488,-0.031165107783510896,0.08758953348783183,0.2159544781310546,-0.12356755574571933,0.28612166596036165,-0.15941593596085735,-0.1976630279195245,-0.2763408437840888,-0.014728733936226715,0.08954450291368479,-0.22586752673073981,0.038581849505950616,0.0516738530987823
0.42200459130400964,0.2427240377170947,-0.015757543219175364,-0.17376597301657473,-0.1570829704828917,-0.1184293697080095,0.15095861638611102,-0.0198129618029912,-0.19085917613536282,-0.19520607339919582,1.0,0.32420763571457273,0.5329881861630463,0.21188458983863387,0.2861262980692227,0.30672914702287873,0.5000436099488703,0.29008662602384216,0.2898647299163676,0.14134168246290044,0.2995096069873407,0.14018735726550527,0.017477019023822364,-0.13133239209238756,-0.25794973793148845,-0.30061548705108504,-0.07060168140031528,-0.08026622063210652,0.6084848923786745,0.27482445602159256,0.17598509134493273,0.18024884501094365,0.15008966180610495,0.19886197420722576,-0.03432961113166323,-0.22744598142451505,0.1587061388219697,-0.06828925897259082,-0.04060101653754314,-0.26665636420147576,0.1230820088665483,0.2954511242186311,-0.1801288684993386,-0.14087874799748698,-0.21557022291895211,-0.24648260396983418,-0.19960466862475648,-0.24151640573569025,-0.017420381987699407,-0.2062527669900617,-0.01923341595730248,-0.02724900708104329,-0.05171019613260103,-0.04669198816463844,-0.08400941722531653,-0.1968477408695811,-0.027611951822860224,-0.11321368002497718,-0.0014699923084842135,-0.15031131290484354,0.06371534560219476,0.0430945782976413,0.35563747620848574,0.12880583420060385,-0.20098674994366192,-0.11298205999847508,-0.2138498366136731,-0.3075678719107037,0.0643605062147106,-0.1943483404969143,0.07795224643516473,0.29625011307790705,0.44768039238161605,0.22674689242777854,0.43110337718867614,0.29417639069111273,0.4296597367957851,0.2493268699938963,0.2346378989617981,-0.004507027213045967,0.22952587300133784,-0.03785831920828741,0.22531686763916933,0.25465322399660356,0.23203019905765596,0.0029312023289667193,0.22127224556833086,0.14511416931079418,-0.15453451363252296,-0.12560377842222664,-0.2754985696225406,-0.29785605253580305,-0.1692367298982991,-0.07814123437563922,-0.27981816254306485,-0.007037946090125388,-0.2054805631447734,-0.3207767448434656,-0.3503536752358856,-0.39640613165973587,-0.11767260064144894,-0.03873597491677263,-0.19362727863751938,-0.1057975799964108,-0.08697638179604168,-0.23013849665510938,-0.12206967823364426,-0.10561781124315518,-0.053963044681451314,-0.14335540094976182,-0.2946127531806002,-0.17508895321015863,-0.08194839737244076,0.027757794120377283,0.0027753997998571293,-0.13342208779033915
-0.0536008229093588,0.10862236388254644,0.08599535149526756,0.3681487408768451,0.10461035704553677,0.0054822426619240095,0.21865239349395477,0.40662506879402915,-0.02780083715720674,0.0382114655073093,0.32420763571457273,1.0,0.3375219461641179,0.577833376813531,0.1566894227122264,0.2922409319877747,0.006924542704322255,0.40361363441463377,0.11863563593884316,0.003769954457749948,0.3842990030403185,0.3554776521697644,0.23562021460922786,0.19231788452594908,0.07913879888945122,-0.028267550513021062,0.035074335366476604,0.0027406957863555163,0.2536370129073027,0.4411719667888066,0.5450481315381719,0.6263511208247116,0.07754127283135388,0.23022308816745954,0.06675242103707492,-0.20692443199259847,-0.18818599846808587,0.024508307633497973,-0.143858945809539,-0.1219957745152589,-0.10149027427161082,0.1395202036520757,0.017344119191930022,0.015065391411302986,-0.07522284722384484,-0.07939394678546474,0.029236162237551464,-0.22925070253476776,-0.11846281548164576,-0.08705374419948846,0.19012700004957114,-0.06521529694648691,0.04639520153506185,0.0993727328833522,-0.2112501221465106,-0.1348268515346028,-0.30755707835837465,-0.2487397868263362,-0.3720478809907432,-0.33025234883902777,-0.25077357465953415,-0.221838092661841,0.005747255009709853,-0.03608170968274949,0.029858573428488102,-0.08442366455797409,-0.33791996645779804,-0.1750212544593005,-0.2670009022552957,-0.38795898675522467,0.1521683856578474,0.5135119497037733,0.2496901616879623,0.48476049592031156,0.25321983528579933,0.2844123375212474,-0.04998562599738899,0.07531632121414955,-0.012958389990198068,0.1978828770525039,-0.20662678371405888,0.018708530331538055,0.08402681572648293,0.2100850434706324,0.21962041268472388,0.37581300755259434,-0.07694436486950765,-0.012534063287930983,-0.17309169235215807,-0.07095689698922122,-0.44771052307362946,-0.5395457187737259,-0.16250799920795297,-0.29963385838125134,-0.31137937728359677,-0.2134431655375076,-0.17320172541046164,-0.28954385275391453,-0.27834345736492755,-0.30365618509910436,-0.38507521663048183,-0.2760236040640357,-0.44220905120010623,-0.4265891784057135,-0.3440707655874264,-0.2545027966467897,-0.18278799425741682,-0.14121440790695286,-0.20418865087772495,-0.27505272171293244,-0.2699671384335229,-0.09955020817442875,0.03850712592821553,-0.15699323282745445,-0.017843869198916902,-0.23116555586230608
-0.24458030855068488,-0.2562125061121966,0.40939225452161593,0.13282385623031512,0.16468752749629964,0.049553120219579985,0.5982158531925673,0.3665367805145822,0.08976707602168488,-0.02273034754234069,0.5329881861630463,0.3375219461641179,1.0,0.6458721452618238,0.6204561110368452,0.47192388191287044,-0.09288391337994895,0.18058281962384276,-0.09063899128892106,-0.25170221640762197,0.2808182472727703,0.28619011910306985,0.37988727876268524,-0.010844461249888412,-0.1585768342762689,-0.062466058445099754,0.2912287529278045,0.24516100190475168,0.3578573127106961,0.36082839354872503,0.5313542296491921,0.46669319121011604,-0.24764940306067063,-0.2663353571610075,-0.12033274851965416,-0.38910162575674506,-0.15561875796726612,-0.10871663357937385,-0.019036316572653925,-0.2681845166713521,-0.07842990482269667,0.22281647870183857,-0.13625454577489826,-0.17358844963611242,-0.1426198139316634,-0.2661546704220972,-0.11763908577399573,-0.29525850076698634,0.0825084196767694,-0.22017581309705986,0.19618433430738114,-0.10621755435404162,0.07289866528155359,-0.13491574292797515,0.09716266146533281,-0.025161221177322685,-0.48063669909712625,-0.4969961940321234,-0.04032626803574171,-0.21444044121859943,0.20169834640902626,-0.08892475663736478,0.14050860653706437,-0.1846550265130806,0.049509574378823626,-0.16412648101675945,-0.09891818861312368,-0.40981050491548,-0.060091558691727276,-0.31145962844490627,0.36118866107423797,0.41255206795787974,0.274066362783554,0.41312541345310033,0.30518036317689673,0.22539377732220228,-0.18842765600090408,-0.12071351791913025,-0.18446764978556884,-0.2113529842449952,-0.3682015272341097,-0.4011994125962165,0.23405756081701123,0.08500704392197482,0.01750019489750534,-0.04930336118296671,0.1757987836973024,0.1486099534017508,-0.08265939357023791,0.1341735577608245,-0.36113263646253485,-0.19972206034210901,0.0077742712164971615,0.2301684147513303,-0.042244660116781116,0.05488370523577606,-0.07220034434523973,-0.05272649659015045,-0.3361067659272977,-0.12086223011776402,-0.014080531452345203,0.22736490306274695,-0.14320040449376983,-0.025222094757119434,-0.12938230178657392,-0.013453914571839167,-0.08426539486428382,0.10912309979721842,0.0452898569213419,-0.05977103087695596,-0.25920635037509426,0.01279654951513994,0.16511726581310937,0.11243999511518159,0.007801400980591707,0.040752736847668274
-0.3198129966965093,-0.08490332505323407,0.27390967399481186,0.38773241302207057,0.2933135333020988,0.16412940371694523,0.4103408444558419,0.6387692139142396,0.1623455850727031,0.20498949291962745,0.21188458983863387,0.577833376813531,0.6458721452618238,1.0,0.4264760535025693,0.5299249162491004,-0.21451122962707972,0.23060948453055838,-0.10242854174147215,-0.2123806265081095,0.36545058701900857,0.36843351928711426,0.3262089904421222,0.2411996874321394,0.03604463946416838,0.09864230371572737,0.28597300983496465,0.1875088321779832,0.12920007247023613,0.42809729198258956,0.6198570529188457,0.6304112633741114,-0.24290373423330425,-0.19366914862486034,-0.1151517914648188,-0.2789423137540821,-0.32213587756015316,0.003522775306621351,-0.1288593608805041,-0.041754481964498,-0.13605281212567835,0.06551363734828844,-0.10903992006150362,-0.10355350559366017,-0.25874912742063166,-0.24315219467805485,-0.046203166103483885,-0.24384412332297634,-0.09952463010619386,-0.23141532112292512,0.12138042953295468,-0.14588068634658877,0.10952830094771933,-0.07542533592125429,-0.02400423490886685,-0.08089242920280396,-0.3860358085869638,-0.39844142840809665,-0.22788238342166497,-0.18147834321369896,0.020656715264109702,0.03695023473356443,-0.0402962899285888,-0.141432147749942,0.07401445035838454,0.029462921706292642,-0.22673558917037542,-0.32008417035834746,-0.2005468517432714,-0.315954670033822,0.34556121041958643,0.5167461406970666,0.15942396462074934,0.49539956454203443,0.17725631668157266,0.31707600049644247,-0.2421467029800333,-0.0686853619005733,-0.24831135296725906,-0.05330146860520337,-0.5117702757244629,-0.37176715440328617,0.05708509494873338,0.08692253030822311,-0.006760662440919294,0.08606175170131947,-0.10250808541542814,-0.004068008529196394,-0.004083454276178949,0.14517570288224776,-0.330496242751191,-0.3223377340621108,0.05963776653273751,-0.01645636726074111,-0.0802935347155678,-0.1605870057741968,-0.09934020682712247,-0.15773620823479975,-0.3112696979725692,-0.16968281346103783,-0.0960402882056015,-0.030084718872631016,-0.3082033053421526,-0.26208491598230665,-0.16374575812285172,-0.07031340910030362,-0.23881154233390925,0.04958222062333923,-0.11190872218052213,-0.1145419868678046,-0.2679214830554398,-0.055163651385174456,0.19320252055973877,-0.040850066988604904,-0.004447577862678734,0.005727536381197785
-0.26771822765505476,-0.40276069658997793,0.3025575428813456,0.11114284665732747,0.3514870357001915,0.2896134241401872,0.2567864106718689,0.061827954467338526,0.3026576270849899,0.16773806597908197,0.2861262980692227,0.1566894227122264,0.6204561110368452,0.4264760535025693,1.0,0.6939101586029707,-0.03330386670246397,0.13249949360633878,-0.02185504984560899,-0.31122424278942384,0.5077244257772863,0.453611492837314,0.5077266258779307,0.10508630058594681,0.03803130073251523,0.0679523712623116,0.5990349682444828,0.5759422071452509,0.46398086183896203,0.5298259739624855,0.5515876597167612,0.4337480153752,-0.3989548721457854,-0.40290149104269696,-0.154129216681756,-0.44263755621089523,0.1902464894822757,0.23511248312471758,0.3391777694221674,-0.039762216651803364,0.19572945986050375,0.3998219333435941,-0.3057660668218118,-0.3949200500961616,-0.32418854241041944,-0.4884913011678204,-0.17830068783636754,-0.49817690618478166,-0.1867754734329452,-0.4178019428430526,0.0329586399022795,-0.3437336938890927,-0.011795605110208707,-0.12255442857847103,0.2999073855891947,0.13734388622332122,-0.3423473929325185,-0.3416269497707066,-0.11487374206471158,-0.20190211821000995,0.10061065120768861,-0.24945094095583287,0.06410136814176005,-0.31881169525199526,0.26370002038143,-0.3301232834151248,-0.19085854309191802,-0.58292700196501,0.004736573911537754,-0.29116024703929866,0.5625087388305093,0.47188487985112443,0.44812692706323537,0.5220261291971885,0.36672811378595815,0.31434907312158045,-0.11571240665444082,-0.11484815455884576,-0.12271920529706026,-0.17374692673207748,-0.2589717409396182,-0.27204415694246453,0.5583918882393453,0.2224910700392823,0.2144727910450249,0.0039219077113777714,0.5396819469532456,0.5406483689924888,0.3540745103995426,0.4206417519378028,-0.42611467411109194,-0.17688804720957432,0.25488693792046935,0.357249278134123,-0.12702005801782565,-0.030705951760437406,-0.07139025811253934,-0.13075903438099445,-0.27420755153204013,-0.02173383857015346,0.08731222625231727,0.2822982774001832,0.021715793598385973,0.06668441229363915,-0.04719860189716095,0.19356094846872454,-0.15526479776954585,0.3339227043731411,0.09933686138816213,-0.0972871671674163,-0.37717446785298847,-0.05588687701672515,0.1800653456179157,0.13535656452572506,-0.0010387998592442731,0.10763942610317072
-0.1528596642516967,-0.22883265476178452,0.3113657253525587,0.22572625599202087,0.3040229501731832,0.2492861830519293,0.2627402068568538,0.30700559027241775,0.141487141402915,0.2414368185452633,0.30672914702287873,0.2922409319877747,0.47192388191287044,0.5299249162491004,0.6939101586029707,1.0,0.08322504192690662,0.24386107661288595,0.016244291723255668,-0.21588624277258492,0.7604534442567045,0.6742788132459729,0.3062689289410997,0.08908234775534589,0.07681855071012526,0.14866619764340602,0.46473880448951793,0.36486629396241327,0.5017599541074821,0.6663253925233925,0.5753759382684613,0.5354206126827754,-0.38179834847786864,-0.33422798601856457,-0.3709704217186584,-0.5690961916851194,0.07067599882549255,0.15071636737787314,0.23150112066112397,0.05732939064080573,0.2543912724476408,0.46337320479044336,-0.3139089834843238,-0.35369991254548416,-0.3951965637707822,-0.4494809127454412,-0.20445510588085167,-0.4773912133056606,-0.08496286321221194,-0.3494487645648667,-0.014925787429703246,-0.22249005625119483,-0.008421154058450732,0.057496954720782735,0.160154356446865,0.04470114825379513,-0.2777213139034492,-0.4168420358795014,-0.2763301024117767,-0.2740802782833616,-0.050200921367037236,-0.24200367300994566,0.044718124900174315,-0.3562458559389952,-0.040040747507796993,-0.314117072967293,-0.43282907586674196,-0.6548075873364954,0.030979858768334506,-0.2230495051136608,0.5514257663150827,0.6818356222710106,0.524499563226767,0.5598449855693898,0.3179543768395941,0.2669487120226466,-0.14614185238312155,-0.16502184461170288,-0.0720881908988723,-0.0989768109054617,-0.20270157499811525,-0.2555482214920039,0.3828287045243527,0.44936234557049487,0.00802735420075277,0.012915726499009161,0.5126549903912307,0.5189374790388804,0.19218586148072336,0.3846739780958972,-0.3753024616388061,-0.2800061888649401,0.29314576250697194,0.2554326403109001,-0.15633993739909235,-0.16213278749630453,-0.23569298795076157,-0.23515882333888805,-0.3784744746090305,-0.19895728397430085,0.17227930264380434,0.27435132971048803,0.014750453004858614,-0.0014783013618712066,-0.06909798877826719,0.059542145546805814,-0.13156646788646628,0.33618449189871197,-0.037600092133066254,-0.16956961065287818,-0.571383762680403,-0.15481887344852502,0.1320819217771675,-0.030531051708900272,-0.09634281552397465,0.16404202501312617
0.5074170299562328,0.310960334010557,-0.3510919963690737,-0.34545614565851473,-0.31005716010222323,-0.2288368160933627,-0.19456993620452945,-0.327292928914841,-0.4127755286603663,-0.33877664524464507,0.5000436099488703,0.006924542704322255,-0.09288391337994895,-0.21451122962707972,-0.03330386670246397,0.08322504192690662,1.0,0.30419059956764843,0.351213945957593,0.27670722432027745,0.281809313523396,0.07904649881051315,-0.2151623782039106,-0.25755065651470177,-0.19711493290866464,-0.337545433762517,-0.239061954419627,-0.2139411375979828,0.6398131730205961,0.17286317864484524,-0.019408160243476347,-0.03269819423893059,0.3357483290205675,0.3675859535320245,0.0233905039735822,-0.05348982571396331,0.57319761753021,0.03955818915043124,0.03490255841648597,-0.08744463814564164,0.36433880529146034,0.31947437416082997,-0.17185242360735326,-0.06780000076738006,-0.22399306067311464,-0.19922683089806859,-0.1521020122583981,-0.14488720613977837,-0.292896600514391,-0.1928193101756149,-0.20203310073151867,-0.10283934459437094,-0.21287943701417722,-0.09702163610121352,-0.10260134523913478,-0.2114558842180188,0.5103611062883588,0.3708583406602896,-0.12883830922255127,-0.07757980851412172,-0.0367142040806517,0.07323922145447377,0.4303772394146395,0.24670877439731317,-0.1878845221521789,-0.09123448045383349,-0.19256861253577803,-0.13029250430886072,0.16236503063766589,-0.10735349171515371,-0.08138874960840743,0.11930303526285779,0.5415938063205403,0.11425827514425344,0.4702866769456435,0.18746784601369548,0.7275452873039983,0.38469326469628534,0.6117336741351169,0.32557118188109807,0.7366544114254334,0.4171104498120123,0.21749256751631188,0.21457933963275436,0.365142340443233,0.009842712429585135,0.24879099388848,0.12870998755515675,0.056281395191142204,-0.22970755437029922,-0.21158858963825916,-0.3278012427959658,-0.23259031645597375,-0.2401686734767725,-0.25758867182135414,0.0008178389315182696,-0.01686819343720094,-0.3364934323385564,-0.13772259973381287,-0.23713637921039213,-0.1870636087632146,-0.18606147230088663,-0.11132614126208278,0.025812436582463665,0.023799864770673217,-0.16878879297980676,-0.003409585354057307,-0.2138809803081323,-0.08563228183110523,-0.016466736577956737,-0.1896539778240927,-0.17202122867787578,-0.23934831421242883,0.005868441779742866,-0.055897257144277124,-0.04909263503338173
