1.0,0.48507819818714176,0.22420520498758817,-0.10068648252691584,-0.21535822394820064,-0.21490193804482488,0.21134186876822036,-0.05446781080048731,-0.22929820497534037,-0.16879285892434662,0.07533603546588882,0.07946605762696438,0.3109579505691695,-0.01175772957787926,-0.011670152434811043,-0.16232527008799766,0.359878259162306,0.2975582603156075,0.3637907472577556,0.3181833212127701,-0.16061569458254468,-0.3558702573393113,-0.10257088176537969,-0.20181937964601926,-0.20167634342051566,-0.42940253617495794,-0.19807013425567688,-0.21783245909044133,0.23415663167117717,0.02228403503587697,-0.0924146856290006,-0.2584807168006095,0.3163383451733335,0.07809008342125211,-0.10753200193660649,-0.2609980279365495,-0.02459881697759046,-0.08121174769081957,-0.27333167843324685,-0.16807715792869982,-0.19889927405609445,-0.11058424606398537,-0.2888806478417151,-0.22226969081391013,-0.41063092563575565,-0.35248239489637845,-0.2899771654462373,-0.12052920078858342,-0.3818927910118554,-0.3103792540914183,-0.3388949404138536,-0.2694358607003572,0.10237397918332558,-0.27510530822711227,0.07346773256668324,-0.25124193755741736,0.30675052027283706,0.3347548758718017,0.353817929516389,0.04702850322333111,0.5650252088417146,0.153810664405845,0.35004624319748806,0.4009569314122734,-0.12689259476603132,-0.07981947569301594,0.1577889200900173,-0.1529565614543179,0.16850816026681384,0.02054362176082826,-0.06738225095821047,-0.13606670369554738,0.2090804056692214,0.08204586969549983,0.13728017835431106,0.02213412723346071,0.22892592693044048,0.030506171140987838,0.07168607065430388,0.008375955565486305,0.4473220487913656,0.34095411529340147,-0.05909578598913754,-0.1199176577704969,0.04531844423935529,-0.17432263183122634,-0.1170512410916247,-0.12618082697845803,-0.09855683893788145,0.14835308434875627,-0.15540712067028076,-0.05006153728868306,-0.08832196402140084,-0.014657450653003792,-0.18006025886168645,-0.1285373985119958,-0.006546210901089984,-0.14195134005191337,-0.014193813207417985,0.1473509535687659,-0.0506248722947645,0.253555185129041,0.23156519617068586,0.18499722754368844,0.10327971633641302,-0.14321931315549438,-0.015504510168212143,0.14133046337715177,-0.20027790593328523,-0.1375900864275588,-0.0528065442200105,0.22605505012534302,0.07651472691332913,0.1684327822318787,-0.04056854091919313,-0.07803410803272003
0.48507819818714176,1.0,-0.1459880599826563,0.08661746855335256,-0.2733691335254744,-0.20263958242531757,0.011007024654748992,-0.030333283684335383,-0.30751918666126593,-0.17675589385664348,-0.052196111326728044,0.17909548776296377,0.09595346074609136,0.2850276513439803,-0.2000030782971072,-0.09931567294344427,0.5525533554370012,0.5832920615302982,0.322500958717294,0.31242698275146086,-0.019675868808904172,-0.07664759114552136,-0.1602611644802463,-0.33794846064686124,-0.10317407500163148,-0.3297183717774966,-0.1654862684242413,-0.1989207589686743,0.24896153413024516,0.3759949212569049,0.1311425101179855,-0.026966552106442887,0.2496038444906374,0.1403849740053826,-0.0806948941890064,-0.29700882063257183,-0.013848521620580218,0.24714777760815862,-0.28360912519942577,-0.1478318471611403,-0.0003256353620276279,0.20053180993822936,-0.2770241229529297,-0.13308101714103204,-0.4685864830232089,-0.433059970425389,-0.22766556961592624,-0.06370440954575327,-0.5609892178098791,-0.2566854171463548,-0.49535765343500937,-0.26629197040804187,-0.08473866692893789,-0.3035300471888038,-0.1801970630744275,-0.2671859635851061,0.22352996837742992,0.6734205002878908,0.10248547826073993,0.1302101294445299,0.3879337711268718,0.34622991978642603,0.45977715057679996,0.6455952518049283,-0.4019566052146086,-0.19881764882700378,-0.0911513014305084,-0.39672545064722153,0.12740926118418203,-0.025978105622525876,0.21610550238616674,0.17483915519885995,0.3487662299999886,0.21264718998933055,0.26858723152178965,0.34527534604421917,0.33699305419946285,0.1465912671090664,0.35744128344491005,0.2399894316547977,0.5390089147029953,0.5561705614177518,-0.12598089186148925,0.04221318123102425,-0.15036328673720406,-0.1474760622935498,0.10980660171910918,0.1501446134324275,-0.40639539593431356,-0.03828872929055742,-0.10385023927538292,-0.31589657393740156,-0.28619983620306677,-0.32035991692772375,-0.25548590890594197,-0.1305440475077095,0.020745745269793038,-0.10186288279746189,0.033690655592510874,0.03109696449594944,-0.07101578357005389,0.18472728883017253,0.28010713077804245,0.05354646106149847,0.06297021172077512,-0.11257814532884612,0.004179693938657426,0.2226544556693124,-0.1819373107847686,-0.339282224644495,-0.12268258011251926,0.1814795523878421,0.025514714880146564,0.12183013507818154,-0.038861336737696046,-0.04571752097221676
0.22420520498758817,-0.1459880599826563,1.0,0.44929594819100477,0.09860896737126942,0.10360896279589457,0.6675634976641402,0.2853592000253395,0.34340584103097566,-0.0327354961440788,0.31266001404575117,0.15211943396392247,0.29559157713815176,-0.029913114790768636,0.45727373540367694,0.10017387377272356,-0.099832452293991,-0.10936621482196872,0.45998368813128393,-0.030705001536244846,0.19443113976018656,0.2608441954059177,0.6835704100813343,0.5431032503698107,0.02433860728284359,0.2140752679560933,0.286809186538416,0.35281762567111863,0.17798028702077656,-0.03511232722627445,0.39446197659234045,0.37568938688439707,0.15208018167198833,0.224723233769867,0.2592647239720542,0.06736170907590626,-0.11401642887259869,-0.21413577449428522,0.22700525915398828,0.017523664316525904,0.04892609257821913,0.14061290462064105,-0.4427408391516939,-0.4705652276313602,-0.22844958677520869,-0.27619334686510005,-0.39002361190678764,-0.5567667494316841,-0.08398346003190423,-0.2599842716992115,-0.016559797975936857,-0.2899090836695682,-0.1937825917528091,-0.27532943558206546,-0.01893211120575317,-0.12986736684701794,-0.04068827385880399,-0.3628539216507209,-0.08504430292681867,-0.30503687556781106,0.05360871397354122,-0.23676247224987162,-0.17741238278495866,-0.2215552487602216,0.5151025018350589,0.13167543171207194,-0.09150662028284881,-0.10560667997919307,-0.1441795963415863,-0.313188778770112,-0.033693726847006375,0.19606674996633766,0.04177352460420036,0.14694176014018928,0.022032911214317975,-0.07229152799747034,0.0015686007489060484,0.04118818022415608,-0.31056948833209536,-0.09074896727000388,-0.3049447611754635,-0.34622933870803335,0.26058747942672694,0.058233209678099265,0.3349414103943383,0.03627820727948894,0.05867580340936965,-0.039849800932170276,0.3597972382214627,0.08419032753044366,-0.49705753947452697,-0.23473396584769823,-0.1817984054957705,0.12259556276955011,-0.19031371493521496,-0.16569908989741788,-0.3087467264970378,-0.2197717067205519,-0.5184620899924348,-0.4671031505173273,-0.36787485215233073,-0.37657346892736054,-0.4203710588435692,-0.383876029279283,-0.2924509246258549,-0.24609581871528902,-0.2130895378454531,-0.1022151471558289,-0.0989917396745626,-0.2168619499484499,-0.3631213321145448,-0.4977998425781218,-0.4071469399333249,-0.2325648569904704,-0.037631588236954734,-0.1352677027006271
-0.10068648252691584,0.08661746855335256,0.44929594819100477,1.0,0.11360318310992999,0.24993774592118473,0.34252833774502045,0.5382135924466397,0.4199761616973048,0.2526148881005327,0.19395147048979058,0.329315192713032,0.05951276530849217,0.30893342093527754,0.3175466313306466,0.3135161240093748,-0.015076222310623897,0.038292308711316954,0.4006212176539265,0.031339919406849805,0.39137798081878955,0.35850080985764393,0.48050996558731396,0.5243751460922038,0.0987088515092277,0.2516100255984261,0.2664018749681597,0.19670127625638023,0.11856919237586623,0.27048493117974154,0.40402982401201604,0.5300849630741258,-0.07624602623597085,0.1906823757581867,0.035183537278093285,0.13708409527088836,0.03435381979125964,0.056075197119289995,0.29028014585671547,0.10973650577491241,0.20723763879284626,0.3476920255346985,-0.6286639081417166,-0.5118795245078857,-0.4791563330862222,-0.4199056844359061,-0.3265683287732666,-0.508752276827167,-0.40943374694332463,-0.42854486071950976,-0.4164541661111486,-0.3847432036760481,-0.42498142455876586,-0.35710518684905795,-0.07982765124705454,-0.0541796259608477,0.1113080201688906,-0.23174255237962793,-0.3120343733644212,-0.20625469311473704,-0.06549095898855645,-0.03012674598351391,-0.10350515889724245,-0.1818906780393994,0.2347127450781229,0.19511417392019356,-0.4628087623779376,-0.2868704569978721,-0.13660998426683627,-0.2916037210727987,0.2513920769464568,0.4100337384964329,0.12242115568487417,0.3187321643315892,0.2107623762537692,0.22063076946082436,0.07721802576033075,0.1339789465937758,-0.04996723585511423,0.02953985407171425,-0.24790707095200826,-0.21707257202848607,0.2897022483443207,0.4514642870768364,0.20467324385756427,0.22053864188445707,0.1807235554841509,0.2201327394661866,0.22202476416807815,-0.045325873210277486,-0.22577789306301513,-0.3597765050010425,0.17434408346201938,-0.13762160555261152,-0.15520534619079004,-0.10244116902215467,-0.40366051227083816,-0.08651731893949173,-0.5423529666219497,-0.40614291591008256,-0.19702277841221663,-0.4677959673232928,-0.40477700363327224,-0.5109768509217866,-0.3143988432587659,-0.18561482199692036,-0.062140427595774726,-0.05388990621167563,-0.061402064909070415,-0.36798248833879205,-0.4471604794123532,-0.5391589727002966,-0.28126253546477037,-0.2928952844905118,-0.010741099499446476,-0.09580828246135911
-0.21535822394820064,-0.2733691335254744,0.09860896737126942,0.11360318310992999,1.0,0.7675751916920495,0.06402837770625121,0.07714415124811531,0.7126888882363054,0.5936238978984999,-0.01729743989107633,-0.07597797929298165,-0.07333309714387928,0.028371086309248224,0.36093471449738473,0.7303956255821406,-0.4111144601006821,-0.3779743969741562,0.21461227441982644,0.0033992155753614275,0.5405135372378427,0.48188025543903434,-0.0009789899954577629,-0.1701807389340989,0.4184868059567714,0.25064779727974146,0.6680774558486603,0.2826610559781261,-0.2739145632849262,-0.005576174536039713,-0.13568746971692322,-0.22301958414252926,-0.31962357350523557,-0.4469790779914963,-0.2650285444665469,-0.10502762587375318,0.26022276330117483,-0.11761226245701735,0.5500347649462348,0.05167127634904188,0.16518456369721024,0.29411873633835056,-0.15919261538031937,-0.17002589785834443,0.03147678191564986,0.08980879683262376,-0.013794366611578643,-0.25577380527937854,0.06234479007447641,-0.048466281077651205,-0.07852533432646569,-0.15915078989782006,0.08471664754709235,-0.08697708494852444,0.49313911922668796,0.37264521893582586,0.031238962397329793,-0.31808334311616654,0.3330818406810163,0.2622744718706197,-0.023674655185652427,-0.14106476598741044,-0.20803533107024202,-0.4166630894870229,-0.006592884819509656,-0.06518573360538932,0.09433607138493902,-0.06993494605950837,-0.015476312344919956,0.0266019230407748,0.13944384113579136,0.14351075087326853,-0.22113825235843,-0.05222404253226461,-0.31565856938029024,-0.023210195299687115,-0.2577899340219114,-0.07639913672352767,-0.4320892574769321,-0.35682379535138603,-0.4099272561690787,-0.44221402833016665,0.4562874840871268,0.45639178185762025,0.07503837007724412,0.21319146054376703,-0.2367686064871173,-0.3674430162408903,0.5406418485735414,0.48338176283639317,-0.008275330994259216,-0.1414789234809822,0.09569184100708757,-0.13642727154485437,-0.09803855549873729,0.0015900161417740598,-0.09703317430586203,-0.11121591398309007,-0.1724213155142761,-0.14432025699188786,-0.1049650345815083,-0.1445432954016288,-0.1818553831208224,-0.18185598165173605,-0.13845147921280543,-0.03412750494856832,-0.23219518488430063,-0.21843737576232575,0.02813746718646856,-0.1733654897018546,-0.30561829934707846,-0.40070289291168015,-0.15043661459380187,-0.4733784889614279,-0.1539290773103248,-0.22032416110688688
-0.21490193804482488,-0.20263958242531757,0.10360896279589457,0.24993774592118473,0.7675751916920495,1.0,0.004754849382986833,0.20056174243241934,0.6080731158896995,0.7704578120111228,-0.03218294539039075,-0.0815019043361078,-0.15328169238898534,0.04705509705568313,0.4350729418365291,0.7531534110731353,-0.33297685030566093,-0.24909938539449955,0.15534870945432444,-0.10133603735699735,0.4322650869926562,0.38257124064971226,0.13617115550816264,-0.038222383567024225,0.5567372355368266,0.4207965131741972,0.6161497404200924,0.4656291323795021,-0.2680414683963841,0.1323415631000742,-0.046602548203392165,-0.11033331387529503,-0.3013061702609453,-0.3791110240746207,-0.10380930763558653,-0.027645319106107503,0.22089332752445914,0.01764242480023737,0.5487139345713311,0.2966545210506791,0.21206778239887833,0.41238382171154575,-0.2593829114593664,-0.21807597663630782,-0.11076082835607437,-0.04263061239365727,-0.14601100664065936,-0.29771998467587873,-0.05672285955825682,-0.1689851999009182,-0.07506675622278762,-0.26173920430168796,-0.047199586743104954,-0.14004916411078558,0.41551095009290545,0.39198558797912725,-0.012127169932463659,-0.3555671887930293,0.08605445113180162,0.0639551250007957,-0.03394541414092985,-0.12523748616913236,-0.14363175092449368,-0.41827168788324554,0.10477869419157834,0.02128284952343453,-0.0846340948982194,-0.16325440702612243,-0.015680370245067844,-0.07213902102148592,0.14133993608783035,0.0867508996794173,-0.1480191623825145,0.12985727278628778,-0.2347444068276146,0.09799673684105323,-0.22995851375417503,-0.12190532616327321,-0.2976644684779632,-0.19412596082051659,-0.3491109870302226,-0.37458005412710205,0.27224978224408936,0.3969946977303861,0.08622330715126886,0.2976211987870623,-0.15371060147149923,-0.22731217831057562,0.5144678022500389,0.5569972186288792,-0.22001266328526972,-0.20187581693295306,0.07616476738240267,-0.15922644177702555,-0.17954501404939158,0.10082610463339564,-0.12392650381900376,-0.04874392236934164,-0.3290997581888455,-0.2772586457058279,-0.17874458397119306,-0.18380139840352308,-0.3142591710540993,-0.32963655977699785,-0.24372337328011615,-0.1017992459579614,-0.2117958483057319,-0.15400952539308707,0.0002622439025876176,-0.20666096919441532,-0.2106205439279357,-0.3881075821940895,-0.21762457363376383,-0.3986781165043259,-0.13266886341122924,-0.14498797950324369
0.21134186876822036,0.011007024654748992,0.6675634976641402,0.34252833774502045,0.06402837770625121,0.004754849382986833,1.0,0.5886980064385162,0.21404117407856982,-0.05494734257966749,0.2149226938758541,0.22105635775994287,0.388925164043873,0.012741355220318827,0.3012506724192715,0.21549032059051662,0.014911607341479333,-0.0004952697260414047,0.31871904068156914,-0.052622179103697375,0.02846163966242568,0.09465839684643372,0.46131946953768044,0.29599129995381546,-0.03659463754447366,-0.05837065273969265,0.1308199905014651,-0.037882750952829,0.24182883737723979,0.22413087595243578,0.43046232962188147,0.3572054370765699,0.2382349578884546,0.2525957946644526,-0.10622787145385994,-0.12071641520415606,-0.1294345204814765,-0.24098228126711005,0.027115595242672322,-0.20435495109434137,0.050934056247055874,0.09245399901928027,-0.37861904663661516,-0.3612596843564881,-0.13770161442351012,-0.22959070617573177,-0.31027065987575336,-0.493321335975737,-0.10746905274777818,-0.14254739018720075,-0.049100652590836055,-0.18627180280038266,-0.01093734819266399,-0.2470516652362859,-0.1454206344307282,-0.004100022875965049,-0.09069451944912846,-0.3734138985728962,-0.06056841553769412,-0.14829580355675273,0.31384163132708887,0.03863154690379471,0.1698194862896664,0.08520497499599927,0.3954115980663743,-0.014903663363383689,-0.1962529367351951,-0.3213054149827499,-0.4144413252605722,-0.415673943178451,0.11727474086823567,0.23016153343035858,0.23291264902265543,0.2141867530698687,0.12665134852781532,0.12387666861048947,0.07418636252262092,-0.07683746879134323,-0.22936622416076044,-0.088844466366987,-0.13391598320977624,-0.21803342219002728,0.25968045677501783,0.10429061829535205,0.22051228158083713,0.13400779348534073,0.1752827426585568,-0.010212094723386002,0.17709902483511958,0.1523698824373591,-0.38238993023195567,-0.3730926882500215,-0.2497431113333162,-0.16586122746040424,-0.4317726408989891,-0.27058684646365566,-0.40390209811054545,-0.37483460407216257,-0.2962565898927243,-0.42202104766434173,-0.3239306773941005,-0.33031856770309365,-0.29291139462465243,-0.4352851860413077,-0.2764429212766478,-0.33403151922508195,-0.2229677724977297,-0.15913041965746222,-0.32128077900017976,-0.38226696996142046,-0.4516088116304591,-0.4821077139127534,-0.4198676036555075,-0.3185978780546596,-0.1510567768534949,-0.11754304782905793
-0.05446781080048731,-0.030333283684335383,0.2853592000253395,0.5382135924466397,0.07714415124811531,0.20056174243241934,0.5886980064385162,1.0,0.26717447657658394,0.37345484375031185,0.006470437526613092,0.2827593496407009,0.08839381389853629,0.13770682093777484,0.15492084847119864,0.3176526371298829,-0.19428570506928947,-0.17520271067664683,0.0663367501985026,-0.2138914940830052,0.13464305494592183,0.134183041883829,0.07902268643991407,0.23224758045563487,-0.04814972636151666,0.13061061066301377,0.030434961929033538,-0.17445111026500132,0.052874334493674624,0.26568381718177786,0.24600644837979563,0.34387404948453665,0.08705367595159484,0.19960545134687002,-0.18631018219250617,-0.00459401282924716,-0.15345075994889026,-0.01683461309327526,0.032839187875054396,-0.002707316521630549,0.1043727303871596,0.2924981259584146,-0.40144587402315907,-0.37003450069143196,-0.17272223119569435,-0.18083123827255895,-0.30268090805136305,-0.43624679209222617,-0.1723709924591639,-0.2367401579907274,-0.16015628629326037,-0.16728653440892596,-0.049293613795901504,-0.15497861548953876,-0.15945096106429166,-0.003005182681757672,0.016893015890457285,-0.46540866768621164,-0.18912460328160516,-0.005916369382042142,0.1905305006505199,0.36937656460786156,0.014514959200520742,-0.034595569945229214,0.32764958599364563,0.3556127941406481,-0.34895085132285975,-0.15387075095424177,-0.31110878831138655,-0.3616173243780379,0.1055898595627918,0.09553225479375416,0.02605162469919502,0.3177200679230725,0.18890106657563566,0.12538676613068467,-0.06438561929921964,-0.26123963416332,-0.1543340899228172,-0.17457538469016676,-0.1950749181260823,-0.38486849805247975,0.14009566644671176,0.31443443816966443,0.06258483593726819,0.29683886070323046,0.2013363436166004,0.24129708574743935,0.0640668435833282,0.17438346750000588,-0.08938654841927361,-0.24394153508139804,0.22922031014222546,-0.24857582372038095,-0.22694643204081794,-0.08163322516636277,-0.4961088493744295,-0.16401673714340548,-0.3520210305482223,-0.4216289900390518,0.06070830940420378,-0.2502919311985219,-0.191523467622814,-0.3752687181840956,-0.19677217358752053,-0.237215771078908,-0.04386257992510733,-0.1378623668796211,-0.1775649220608793,-0.27597161356243083,-0.3986579909393233,-0.49143795439707855,-0.2736726497171174,-0.1465026213876233,-0.04432610580874634,0.030977298094569602
-0.22929820497534037,-0.30751918666126593,0.34340584103097566,0.4199761616973048,0.7126888882363054,0.6080731158896995,0.21404117407856982,0.26717447657658394,1.0,0.5928305032323058,0.2558797220213755,0.1624599720382634,0.10854227341412294,0.24481722123342506,0.5824935200639912,0.6732945487813168,-0.3933360792897147,-0.29456736978207654,0.3101696837467851,-0.12662947855262918,0.48841815184602083,0.5438293537967257,0.251687485349275,0.1230368018247404,0.22080255041404864,0.38677143137401115,0.6301829397880383,0.3169513085908706,0.01415911438153999,0.1372481201869904,0.1333281898380693,0.12300001219383101,-0.30534594686729716,-0.2145564635280281,-0.1049544195535264,-0.04837786977966809,0.15368462353953877,-0.126734043818306,0.5434322041189008,-0.05671926923191973,0.27827220174436873,0.31551067450081616,-0.3197388105398416,-0.33797035183242213,-0.1525318450341891,-0.14952681033434917,-0.12672001813119868,-0.4815114484941878,-0.0029319754723220017,-0.18752698936188777,-0.06156425291742078,-0.17233779773754643,-0.036612703090822485,-0.07183346260397261,0.22067440475496403,0.1561195944683884,-0.06668647316097194,-0.5338664714380349,0.23589791814890868,0.059984142956561674,-0.09524901943633587,-0.0983028727213746,-0.2628970822975695,-0.4801594058015503,0.2922730650595409,0.21199712420920583,-0.07590546703003065,-0.1382671217119414,-0.06593761095730946,-0.19793569156650523,0.2382245142022629,0.2944234963404048,-0.11590953948864657,0.09551045283354216,-0.2128035828005366,0.07047742834707617,-0.2055986038232033,-0.0768265684641244,-0.3958683911420626,-0.22710319152101505,-0.4639941335171208,-0.4934969916772914,0.5586421257901945,0.4550172536835717,0.25708005335641015,0.3854120786574769,-0.037050948689777964,-0.050958950689700876,0.48753558720592993,0.2286182056620346,-0.10664822408330801,-0.20601888612867642,0.09841463948965096,-0.11931411583368748,-0.08795022474438935,-0.09273931340532836,-0.4482341720551525,-0.178010763638674,-0.3693694232704984,-0.359711086658936,-0.05519538988758761,-0.37832233701609286,-0.2522490342162273,-0.30970291229808594,-0.26094409057220713,-0.1772430844244503,-0.28527459327497845,-0.2558183048627559,-0.008907816790059073,-0.2671799886300091,-0.5105425655735973,-0.6016013749749537,-0.2858544507579262,-0.38076279478223735,-0.1816188458181045,-0.21874731762555089
-0.16879285892434662,-0.17675589385664348,-0.0327354961440788,0.2526148881005327,0.5936238978984999,0.7704578120111228,-0.05494734257966749,0.37345484375031185,0.5928305032323058,1.0,0.08194293268286808,0.12046891417525706,-0.03283406366627177,0.27014699402143605,0.40040702204566947,0.6469625594725733,-0.3490411523134155,-0.34792982183479476,0.006141889997533193,-0.2864937903231547,0.3183869754449453,0.2829119204876153,-0.06728730301449729,-0.05142293022931436,0.36621465523796964,0.3144910251900703,0.30512868979107716,0.2077795032205766,-0.10463820507869227,0.15733519841353552,-0.13938710555756306,-0.09904447679106834,-0.24014326599571326,-0.29691258579298796,-0.1901001727824731,-0.030917348198544612,0.16523225615176748,0.042710092337511614,0.2833208652740628,0.049838113245510414,0.2419558408517889,0.30474407802046294,-0.22181689534582202,-0.1889833768961976,-0.14779716043108596,-0.06973550094253621,-0.14567459362283877,-0.28124353642355954,-0.047785197727363005,-0.1552224602079196,-0.06896297994997813,-0.14727450858216323,0.024877212418731795,-0.026641812372140666,0.24212503652964354,0.23092403117042717,0.031860105136642086,-0.4477824023701267,0.17532605499581128,0.10938899772094543,0.05209441694472953,0.24085016908861526,-0.1353985853986075,-0.3357028717057913,0.1493888715425269,0.2575958766229191,-0.17278590168702052,-0.16383310956024397,-0.0013566321061693237,-0.23574003031825685,0.11674229694879604,-0.0011190045280383557,-0.17692615109146684,0.21162964905445183,-0.04175054337919557,0.06716091319362483,-0.14825341788104174,-0.23064721779186764,-0.2614536978600377,-0.23241306745186008,-0.30715011994255537,-0.4209763973430817,0.30092395324102555,0.40615997766920864,0.057679024314106674,0.2794717869802599,0.07908273488661433,0.007241212631191092,0.3371926978856415,0.44399156046924604,-0.03682008755811241,-0.07868466125907367,0.3318282537268014,-0.1558027336966054,-0.1451463513143858,0.04114281918920558,-0.20220822320336693,-0.04039897750598931,-0.2690574736535892,-0.2497006220952603,0.14741777861635116,-0.039373713898326015,-0.053556094128823756,-0.19856877680888047,-0.1177830336989936,-0.04155747279482149,-0.09719065396549507,-0.11562270809188797,0.019288202810530758,-0.20711507400498166,-0.2876551682274119,-0.3663035847332227,-0.054854303320574845,-0.10635967017717196,-0.064908765959522,0.05804049295991515
0.07533603546588882,-0.052196111326728044,0.31266001404575117,0.19395147048979058,-0.01729743989107633,-0.03218294539039075,0.2149226938758541,0.006470437526613092,0.2558797220213755,0.08194293268286808,1.0,0.5190063137241974,0.6223308506132009,0.4727777876448646,0.6214938687727903,0.1886049961339496,0.1627854592686134,0.06399805084934403,0.2515576446536084,-0.11088139717644671,0.060766869059925836,0.18618448639704038,0.3923360033236694,0.20278980871564575,-0.02987650190126265,-0.0909581078114276,0.06389199715877422,0.06731467935808422,0.4942467558216271,0.15069772266677728,0.3369172532386449,0.3479577559966723,0.11015338367488829,0.2822457890874985,0.23216725164309066,0.03369809146819875,-0.028565331107586855,-0.15204171633101848,0.06451706571218992,-0.25253965006420004,0.10482520843661693,0.012118839619955038,-0.2101565648358553,-0.2322862546932919,-0.16452721945960475,-0.17944251957826127,-0.2361646280790618,-0.4280493874819245,-0.0018028041110276594,-0.08176952180563495,-0.023242752519015274,-0.04476707118520412,-0.04642580513900255,-0.04144805449509091,-0.14589644240887387,-0.11288971313793715,-0.009923857949309974,-0.27294457511394515,0.010744679972877284,-0.19263039722462866,0.03460013045037734,-0.04355748261650991,0.12537806085282588,0.0903916467715907,0.3414922924163657,0.22329929972408444,-0.21626462006304545,-0.276466745448926,-0.18915778846755837,-0.4363382880254803,-0.012839621118753117,0.24139492014881508,0.1923183738195989,0.06243572949371144,0.12006184004078518,-0.015698541512855,0.14680572487687857,0.08936009687693713,-0.2113052997178903,0.1819358777472638,-0.0444775496303022,-0.1501186526533874,0.4351362395951479,0.18845850261536198,0.4611704795104839,0.09507590670089276,0.30027497863116254,0.09605040576794405,0.300878220246936,-0.1427493091039233,-0.36818326603823753,-0.3188316065150237,-0.22065577716890517,-0.18562496003341974,-0.19024320642901443,-0.25455689096494927,-0.3309767557795816,-0.2004195539268612,-0.4010746935916236,-0.3948141108438332,-0.23537045931648465,-0.3932487146076521,-0.26314430062597816,-0.3645760481750915,-0.28174469631609156,-0.18213998272027215,-0.2161587679669958,-0.21577589487765492,-0.17189055758409102,-0.18184454218722082,-0.34783626276383633,-0.2948729348429771,-0.25724019480082516,-0.12921897255506123,-0.08674844657857156,-0.08490148074372317
0.07946605762696438,0.17909548776296377,0.15211943396392247,0.329315192713032,-0.07597797929298165,-0.0815019043361078,0.22105635775994287,0.2827593496407009,0.1624599720382634,0.12046891417525706,0.5190063137241974,1.0,0.6126696037302252,0.6763250560515266,0.4499305327379039,0.198417027124932,0.2390579412135859,0.25052439801546567,0.2754911810028685,-0.08666999544213748,0.14751747107796256,0.18070414320119077,0.13424652405383172,0.0024300653680263025,-0.05845185366002669,-0.26957995250571914,-0.11281829349594777,-0.15914604901117183,0.5989187307173238,0.5117347305242441,0.4009891842030116,0.4323128707325402,-0.023591771665970804,0.1718493781820464,0.07784415742362556,-0.15231637174228027,0.10691790470148363,0.21068214248454642,-0.11941966141124985,-0.17061571592335847,0.2194696559080189,0.22140875491965928,-0.2395579878215291,-0.19188862023886716,-0.28318207811932417,-0.33935545364527464,-0.17957143352383315,-0.3968414573423486,-0.18666930463125708,-0.20415343460690133,-0.2913482642087144,-0.13449270076320502,-0.053482343264321046,-0.1083493319450925,-0.22902763297278672,-0.08686318868092183,-0.009587705932530562,-0.28744510741754875,-0.0012737751068563686,-0.12583827128331002,0.08907287587960072,0.2092191659335469,0.11516433692131692,0.20560355304168326,0.08732852510407178,0.1649339760811714,-0.412709360004741,-0.44292601206700727,-0.193542619347876,-0.4719306338696739,0.13183092239310684,0.37299402891101696,0.5148559116819995,0.3164446650764274,0.36987784052283146,0.27976441947037584,0.4219361572478079,0.2861757841086423,-0.059916398473502254,0.2904962849425677,0.022598514690716526,-0.0196536145457395,0.34551750100757195,0.4058959362620927,0.18146402395232875,0.06531965227526443,0.29989415165842187,0.27028160583951566,0.029509374077742245,-0.14586605171791395,-0.256524467575258,-0.4423627006722773,-0.14466122427149258,-0.41345185098997195,-0.12785656870990098,-0.2503549858060962,-0.3222870415955548,-0.12103961691300383,-0.2449341229140846,-0.38615800051867766,-0.17896278719307201,-0.2928328900370167,-0.16917454334885976,-0.2866978543940704,-0.19815855011446715,-0.21145044093505747,-0.22599002556285513,-0.14701866991444215,-0.20967169897503726,-0.3358897699940083,-0.35230935493152665,-0.33508862500709846,-0.09883404157269389,-0.09406868360299328,-0.054120426704145505,-0.225086099088225
0.3109579505691695,0.09595346074609136,0.29559157713815176,0.05951276530849217,-0.07333309714387928,-0.15328169238898534,0.388925164043873,0.08839381389853629,0.10854227341412294,-0.03283406366627177,0.6223308506132009,0.6126696037302252,1.0,0.5518371419232008,0.4328291719433474,0.02585270479221593,0.27411528557545894,0.15826756202131234,0.1548836853587467,-0.06721204239730089,-0.06643118114844879,-0.07294295158163584,0.21089245819238792,-0.04412675535927841,-0.13822673809032024,-0.31082400467705557,-0.08218418079860206,-0.18739007045173453,0.505015648646326,0.3366940880267113,0.3082044971399729,0.19595345199620554,0.12451133428976509,0.19660017426972848,-0.06918359280681366,-0.13864149057852876,-0.015546877061685407,-0.03179705668107137,-0.11689314948479525,-0.22849849280384749,-0.09271242718787899,-0.028755780626188828,-0.17876903013413656,-0.1849796997253449,-0.16373843763783938,-0.22218680803837246,-0.25869229370897523,-0.33725782313604963,-0.09193447627777268,-0.1230969604648598,-0.18316239779837126,-0.06776491793962897,-0.02150465282770074,-0.1659253141341902,-0.18577591110722658,-0.1824240602195934,-0.023443162049535983,-0.23817566846142904,0.1911890809667898,-0.07927898908212548,0.3393833818301047,0.16055227050099355,0.2771816944359964,0.28219208404440577,0.12238721025790912,0.08836116961605954,-0.1537094858500321,-0.3662230515324903,-0.1700912810887132,-0.3208584062884722,0.11337381428798737,0.2496914091721605,0.3997100917086462,0.15144443754277181,0.23665334762891205,0.25900937918475997,0.22768123483963104,0.17469855872258996,-0.0543619524024548,0.08123926493611074,0.14765711561972797,0.06136050104856374,0.2676177732202391,0.08910443924190564,0.12850341356657954,-0.14657030952695227,0.2060374854130206,0.08467415517877913,0.046920016712026044,-0.1434244928166434,-0.2832331178874315,-0.25850671816975773,-0.2852468754937764,-0.17948281674557756,-0.167651612305462,-0.27858141858972146,-0.21327406437915034,-0.18098961478586098,-0.2833860937096895,-0.3207543274633058,-0.17098912523958712,-0.12202306916671615,-0.04210759161828266,-0.15532643816241953,-0.08697616691562395,-0.2501483589260879,-0.11072600060139622,-0.23895644302124408,-0.14796911113608502,-0.1981731352672625,-0.18818363244599862,-0.17054055112876493,-0.2127369109962062,-0.06490200784446735,-0.10609812154288562,-0.16060887082167083
-0.01175772957787926,0.2850276513439803,-0.029913114790768636,0.30893342093527754,0.028371086309248224,0.04705509705568313,0.012741355220318827,0.13770682093777484,0.24481722123342506,0.27014699402143605,0.4727777876448646,0.6763250560515266,0.5518371419232008,1.0,0.35443973018291364,0.24228169892155565,0.3348951125222412,0.3108036819132004,0.11863709293414858,-0.18438353607054694,0.1699476752735634,0.24401017850798007,0.02733554049695846,-0.08517730873972384,-0.07067094936259341,-0.029234045395091883,0.01743260322721764,-0.03502787843352809,0.5174583593685129,0.6241788974392337,0.3868790238363114,0.38516332257012487,0.03839253125245906,0.18118392780521572,-0.04494757293664662,-0.046462270356905463,0.16002719237467602,0.3072464592386491,-0.004398174715655808,-0.14787167929229586,0.30394898043989765,0.20563408549285092,-0.28461286253954243,-0.19118185485835318,-0.3377389669104393,-0.34736129017348405,-0.2387001747541536,-0.38689105031666016,-0.2400400816457356,-0.2571672763592898,-0.30332023485619025,-0.1976046571798612,-0.11590188539132541,-0.21726528781362087,-0.21566289007073486,-0.19396205143874753,0.001847489176913986,-0.17694911562507032,0.05203527657298279,-0.08726733601328857,0.17947519768742565,0.31983823542365963,0.2720529565294058,0.28864916559632947,-0.021602722564933872,0.2308551806203693,-0.331264434090629,-0.44205682490378967,-0.07926251210257294,-0.4102325764713066,0.3089635170932275,0.4937366919721652,0.4447226725103238,0.2986654015273578,0.3220880360489108,0.4847070773111484,0.2943814637636404,0.25265520420106047,0.2163200103911617,0.30583758619793067,0.15635679978573125,0.13130457826444927,0.27629844942189635,0.3404338251057733,0.019049028562906474,0.06090816708952484,0.2586282888609712,0.26514694734465216,-0.05015266682006601,-0.2161478368454749,-0.18032732496484258,-0.39355795590076875,-0.20587359418365128,-0.4481914729479443,-0.08644416862600682,-0.2816758024426918,-0.3270986990501411,-0.18402013897391026,-0.31335365284442135,-0.34662670183897926,-0.11168932700516544,-0.23026510246582493,-0.022669112196966577,-0.2488221163722052,-0.11914719279330908,-0.19074021163361868,-0.13718954985506174,-0.12775383026116952,-0.19124243661093548,-0.3843568237385565,-0.3850066424668138,-0.30767724137176383,-0.14730736682371487,-0.05379851002516227,-0.09185612586494107,-0.12417973501864665
-0.011670152434811043,-0.2000030782971072,0.45727373540367694,0.3175466313306466,0.36093471449738473,0.4350729418365291,0.3012506724192715,0.15492084847119864,0.5824935200639912,0.40040702204566947,0.6214938687727903,0.4499305327379039,0.4328291719433474,0.35443973018291364,1.0,0.6276087601539736,-0.17039285225464965,-0.0410697687774706,0.3964590460188248,-0.11393958285747452,0.34994415782204913,0.37399669948817255,0.5112023144858933,0.2344673527184901,0.10700983138163127,0.08478821714360502,0.4367227235595084,0.3790029801877255,0.467840408769594,0.29100385356580644,0.3627135373484145,0.3335660806283954,-0.1490644262965192,-0.005081122806864109,0.05774512185245336,-0.12335815214642346,0.11827394338920798,-0.14087413632096277,0.3960673500595235,-0.03692798324372054,0.249082662126779,0.24497054275040928,-0.32923011587635026,-0.35650178045556974,-0.29185412378794523,-0.28203276579049064,-0.2684609701789323,-0.5960282093608448,-0.07507521125651163,-0.24330904219153932,-0.09039583649227412,-0.28520586591245906,-0.009735432381928625,-0.09460479773368942,0.13768376873230034,0.1434862230264709,-0.08049515402327548,-0.47566077746394064,0.06330995176866867,-0.2277072863033854,-0.030069740680241024,-0.16599187408136248,-0.1212924866748822,-0.2978195294381043,0.409600968898197,0.12290897476598495,-0.33072130356934254,-0.3823572353031337,-0.17978183242746149,-0.43580053825188203,0.04192493806709036,0.2918861961323923,0.20489954369504587,0.1768896606776663,0.044186471114602666,0.057821707080194816,-0.00542814857398446,0.0016510438372328725,-0.3957328399491005,0.01990238118022072,-0.26846285263784747,-0.3436895419045392,0.6604773687595155,0.4898699038674982,0.49455370971860263,0.28617557567329127,0.10986269987895848,-0.022298802717496225,0.626721878677466,0.2392978176138358,-0.42662713139841923,-0.4003015506384171,-0.1536738931203165,-0.1723772281269818,-0.20570726959808708,-0.11174217797001577,-0.41011120014922736,-0.15952258077857218,-0.4698962612546494,-0.4690769023307931,-0.35260981331206503,-0.46661845715591027,-0.426830134304883,-0.4674394282948971,-0.3739815575053045,-0.24738238908538787,-0.372912732016919,-0.20804452329618725,-0.054307440568065385,-0.2644805835916183,-0.47928332992134315,-0.5145182292757117,-0.28995846915174206,-0.33966517910137617,-0.14510280377108487,-0.18816361503603257
-0.16232527008799766,-0.09931567294344427,0.10017387377272356,0.3135161240093748,0.7303956255821406,0.7531534110731353,0.21549032059051662,0.3176526371298829,0.6732945487813168,0.6469625594725733,0.1886049961339496,0.198417027124932,0.02585270479221593,0.24228169892155565,0.6276087601539736,1.0,-0.25090922468388677,-0.078718446130192,0.36497448738705535,-0.045893966330230664,0.597377536045012,0.5519901074736498,0.1100250836610446,-0.08900807536189626,0.2819526111202049,0.19447527835018652,0.6875925532743274,0.3085350981580907,0.10447908887211245,0.3889112868785111,0.17195612287818465,0.0889896439474514,-0.2773248096504468,-0.2814313020953509,-0.24500263116454568,-0.2242706481125698,0.27384627116332033,-0.04167026946516116,0.5736563835286721,0.04566000452166532,0.39164402689420313,0.507306129335935,-0.284608118101445,-0.2652227476914425,-0.2457819360069871,-0.21701248571398143,-0.11129133971510108,-0.48591991865545736,-0.1206190216162714,-0.17517504754686603,-0.19016687186569461,-0.23303418536129938,0.05204028906520017,-0.1306168459392659,0.3861910607211496,0.3805063392837528,0.04361054057659549,-0.3959922080057494,0.1283673206461674,0.052982565312850304,0.0846016127392012,-0.056182733311140445,0.021683161321905776,-0.2856547600533467,0.07026064523068191,-0.0655383086230717,-0.28100430628363254,-0.44249368945022743,-0.20255063099608014,-0.29451410798887734,0.31323497943607576,0.3597434711894458,0.10420446610851243,0.26661168752821307,-0.07204192025812489,0.197570315302979,-0.14911573954669843,-0.09868743870387621,-0.36331624836113285,-0.06260563944405273,-0.26277591090642843,-0.34869729183153214,0.611286331241711,0.6767273365799317,0.2793562835646229,0.4006386958263029,-0.04294121843094797,-0.1336921379241044,0.5478598439305657,0.45662923943095884,-0.170294266424614,-0.4397869394285953,-0.03274670243064786,-0.4333949707997527,-0.2713143351472,-0.059141493948845866,-0.36299583219770054,-0.14305892128790315,-0.26486746900396424,-0.3007852286214798,-0.2420913093099926,-0.37867697843909803,-0.3237454496703394,-0.41296569242832687,-0.3385951806666627,-0.16060956665484202,-0.3719380407456478,-0.20350602100206272,-0.048253492594332766,-0.34467845785602036,-0.5647735610126646,-0.5155088316212019,-0.2326771817955486,-0.4233507516453638,-0.14515854037787923,-0.14894383163623476
0.359878259162306,0.5525533554370012,-0.099832452293991,-0.015076222310623897,-0.4111144601006821,-0.33297685030566093,0.014911607341479333,-0.19428570506928947,-0.3933360792897147,-0.3490411523134155,0.1627854592686134,0.2390579412135859,0.27411528557545894,0.3348951125222412,-0.17039285225464965,-0.25090922468388677,1.0,0.7152096103710923,0.14853719573469734,0.06495183243757122,-0.24258263380934234,-0.19653571537179573,0.02230137096783897,-0.17826692342496545,-0.10558430604135632,-0.27048315032633663,-0.24712202720556817,-0.15523867084103757,0.4687820468985787,0.4135988622527587,0.33560766266313435,0.16992619905982867,0.3321038868848597,0.2794653802315576,0.13197226813877977,-0.14026535963227252,0.11071452688028179,0.22822055792046592,-0.24294229910518952,-0.05142517366687011,0.045887259244684356,-0.0005958489033433856,-0.18983786460890162,-0.14774827762231557,-0.3476034286479106,-0.45817729373594834,-0.2799576250558325,-0.16949366910148406,-0.41123114303424946,-0.2019458976528529,-0.2553570345249604,-0.2540481474101361,-0.20953079076414446,-0.2739310440947423,-0.17773555718285974,-0.3745941329063958,0.19191205433751798,0.38509985426160215,-0.22023235446005496,-0.1985608624142322,0.42348717703313477,0.16028909496165317,0.6518425161647876,0.6955707183648555,-0.1804032017068457,-0.15789979536767418,-0.2122907268525344,-0.38943258851700063,0.04473831412545827,-0.16683194868608361,0.16024466595828912,0.15550785845691809,0.5971057471966135,0.2966916068742885,0.42451077776750057,0.3947748909937512,0.5298432393713415,0.38899305686006447,0.572311846408132,0.5198513398603507,0.6790576605817246,0.6924745012027615,-0.21776126138728408,-0.16317353172327653,0.04580655264626848,-0.17447605417504253,0.1459161515571982,0.0840914339760935,-0.3195375553903,-0.2056067422015164,-0.15774629524107148,-0.20902339700681694,-0.3472557268638706,-0.250267886732973,-0.149337042721635,-0.17996875492970038,-0.07515715639802663,-0.1367468633914012,-0.020275176917516124,-0.002295483803721618,-0.25705080119497803,-0.033176527228415596,0.0739915640269325,-0.013537147772380674,0.028856394389416878,-0.15699734663333145,-0.00820260396213046,0.03260103535617927,-0.27832572611550843,-0.2656982375543014,0.018669415633303446,0.24622040954108662,-0.15114980145480744,0.12604303004155706,-0.021666695190484725,-0.06430541923210616
