1.0,0.662838145341697,0.11846966011128095,-0.4986362906280973,0.4193517594395289,-0.01808176923142365,0.17774548396881518,-0.4350273093771344,0.07464779585760746,-0.3052416688092127,0.3357632722918488,-0.1455710618400218,0.6065976868305228,0.05907244942763273,0.3785957064366008,-0.010915880432161225,0.09432364808768726,0.03857012917934431,0.593468434060967,0.16589489630284304,-0.13189978765123278,-0.2985356664890509,0.07931274586605384,-0.20115594004580786,-0.15140508011220127,-0.3286012453525399,0.3719982982766961,0.2769826445115932,-0.039322287743206834,-0.21758801007400255,-0.32335015851022797,-0.4730811051875235,0.29444966666883104,-0.3136964203994134,-0.1109949447553638,-0.33933742215959894,-0.09330098211246193,-0.14943928117130392,-0.22850174611552498,-0.24735678802016484,-0.13018340185719932,0.01626885394374746,-0.19303407288208382,-0.031271001987720294,-0.14310538290527494,-0.28750278913362176,-0.1141063953571798,-0.005019859704670321,0.3032701829330594,0.09378835944429956,-0.26836065938463183,0.0015155352597809352,0.4291744226898111,-0.04327764893178112,0.045018246602750486,-0.0894777177741754,0.34879929654697117,0.2637207069059652,0.5211141704150903,0.33073748496755406,0.46752161959215943,0.13158737113928654,0.22052385391700138,0.30463665372587945,-0.3181717816993991,-0.2853623936122474,0.2130502127573598,0.005927448297306197,0.4789597898763656,0.3216192755427427,-0.06775876562404157,-0.28374717232459556,0.1294254454062186,-0.0008159451181875688,0.3154736353774986,-0.2089146224503125,0.10379090374029347,-0.22847881089552005,-0.13695038134107643,0.09066627830125887,-0.032173598607079544,-0.039373091101837496,-0.08048014399029498,-0.10078438298395453,-0.2662910585343953,-0.29986408291151273,-0.20648074200083164,-0.07726516300224034,-0.024702175655708945,-0.15130714303314136,0.2109439959199317,0.1382617278759811,-0.46182150487296253,0.09968321503412812,0.04976219012677252,-0.16301718637017945,-0.04333763604073939,0.13495989150093077,-0.0037915003037574486,0.06503300942579812,-0.1297773813559775,0.1890633445899938,-0.226654915411411,0.17856981504688718,-0.03039088795175221,-0.045852270739712764,0.08543041684913733,0.13223040032919534,0.018701172512216164,0.15886716381147073,0.014674967116541954,-0.02724223606158739,-0.17814168112074522,0.045630911155252085,-0.11043186803789604,0.027865626579066233
0.662838145341697,1.0,-0.03811866627623393,-0.4562696374197138,0.4042567158948521,0.05882076294306989,0.04703268854881107,-0.19637867163911515,-0.059645090254433375,-0.08704514252821463,0.10736926361586763,0.011553614367759587,0.32878915562646416,0.22596318709763458,0.21076090719287105,0.04160456933364316,0.16996852313689026,0.12149356357213843,0.4470979670976485,0.42701314456266387,-0.36543717763574174,-0.500039466518402,-0.20299552177613073,-0.40985242812225914,-0.3603557700022105,-0.558761052508906,0.28662568213018313,0.12885943539245115,-0.16595279708004923,-0.16435214945474422,-0.36937361159910886,-0.6050312623373963,0.4208720497234716,-0.15366693788211017,-0.2905452837473171,-0.3679343222181704,-0.3554529844679591,-0.24686906678841547,-0.46815215388945625,-0.43749000364393487,-0.23573230453279112,-0.08394614934385357,-0.32727444584368764,-0.23059313328348457,-0.034968757058102234,-0.20687544367873173,-0.24035028683941753,-0.2681073791096656,0.2958333056304932,0.34249201033354176,-0.32747924568444464,0.22189762060606166,0.35357534665882095,-0.06421085503939704,-0.08610348328250701,-0.2373077032181384,0.215748749652204,0.36521898601320074,0.4670439710927888,0.6483174846757767,0.5532552004587437,0.3884747657738388,0.5056644232528366,0.5483423926040979,-0.3468752980560031,-0.11634070838044809,0.2615991964595869,0.1888760754595819,0.6732946351318706,0.5779506745164059,-0.19523286842623144,-0.3483808137184925,0.14500857602685452,0.08299056102686261,0.1829857213153974,-0.013233559460105092,-0.08754555542814417,-0.2666770257165955,-0.09881357790295174,0.013951968144057797,0.07265246335346222,-0.04213614562214619,-0.0607799810791599,-0.19837290483203152,-0.3480549274885469,-0.41275026293311695,-0.15994728563169314,-0.24713970896228782,-0.3314981991259901,0.0039342585282865425,0.4578251779027528,0.13641428130223743,-0.34243487418094704,-0.1020710990758212,0.10689345286857552,-0.082406306679198,-0.34862033553235033,0.12630166178105415,-0.04732570454832564,-0.016606641843710516,0.06749628192380341,0.24932886664204074,0.0684966713701122,0.2955735257997342,0.16013822195904484,0.17664202085866343,0.21815798525645422,0.27780245718009194,-0.07178608122717776,0.08368961050643417,-0.3181335382271762,-0.022095864180266104,-0.29081968017104187,0.011308624737147355,-0.01114427384655458,0.026780836977204573
0.11846966011128095,-0.03811866627623393,1.0,0.069211584715476,0.26034208736134473,-0.034027177234909944,0.565554325123274,0.13867160415909494,0.46413513397230344,-0.1179367473106722,-0.2127287187282165,-0.14700585542961808,0.06484559388418983,-0.12941374743867665,0.09067238606923562,-0.129027949536374,-0.5281216540785509,-0.26715189221851904,0.5252554236931828,0.07034052854047165,0.07502956285675388,-0.0762970117992332,0.24076541837282564,0.01541571098492293,0.15193263797738196,0.09642287666105337,-0.18273197447006914,-0.209964839795611,-0.09501723060180735,-0.044425786638661105,0.14144812471347326,0.04917944080120983,0.024998284393848318,0.18973869295956072,0.2307630901000105,0.1471733015452625,0.008640320686232597,-0.16285834826411236,0.06487563449847633,-0.0927269757526159,-0.009678773186185772,-0.08984630758752556,-0.13089318725369536,-0.10704166972085971,-0.15835884411576914,0.19146476853117045,-0.30282514529142585,-0.20649546977505312,0.12175375137408881,0.06331188377546339,-0.09238025629865167,0.032254794832985295,0.04270399617555326,-0.2582073878964673,-0.19992363845183825,-0.2878348273062733,-0.2205533508587273,-0.306976363335565,0.29087399534466857,0.0822234472911396,0.22127322382700262,0.10735973321477238,-0.07243924602190602,-0.037549566139615555,0.22500323033586037,0.17186156187620677,0.056438685753376315,0.28354301402480875,-0.2407812946848787,-0.029469980453280056,-0.038381718911902056,-0.25279842169684236,-0.15511933281836737,-0.34137084187002864,-0.21199239457005675,-0.23998179679986997,-0.09848653464559419,-0.1059581003961818,-0.3411557951101767,-0.15255008880691984,-0.5320288983370828,-0.3793590779315269,-0.07506550663551617,-0.03887555812724007,-0.39603638593102924,-0.2842592419065702,-0.04312294799220243,-0.033979263004672154,0.22336964140702661,0.004393409174187704,0.03658689079055426,-0.024448051744112492,-0.09279268794546132,0.07156441509423424,-0.1523945647923193,-0.16565816672960304,-0.07709285772697973,-0.13912587211696503,-0.3667200015571977,-0.1671568201354071,-0.03925958195377551,0.06473967071362115,-0.11587906016386419,0.14156752177084805,0.14622978815760262,0.03668231998128096,0.08252634334070069,0.05760379281830381,0.020451335640066872,-0.00855833396284329,-0.03992085725849137,-0.21127922542998026,-0.15549758007262876,-0.13556706508809083,0.04563286303050378,-0.026589366296849316
-0.4986362906280973,-0.4562696374197138,0.069211584715476,1.0,-0.2667072401296802,0.04671906938816668,-0.14946157095125165,0.28663234428645357,-0.1217881505828829,0.1187841404636153,-0.023005784272926877,0.18281541776899107,-0.4129531207426305,0.015031908580250431,-0.2990236429203212,-0.16186289889548275,-0.37247791257296375,-0.35794289077411856,-0.04986758466023292,-0.050458318156912076,-0.0126823396033117,0.07223827982173323,0.26566835859523835,0.5229964864617415,0.1938192171576754,0.34736910332667653,-0.18362751187934812,0.030032751968396523,-0.30480345441828044,-0.1293865107648234,0.3027711950330877,0.36965770361708744,-0.26753264734286697,0.13663129278520955,0.3463219807024985,0.2159176140659131,-0.05015542928611677,0.06546834399628856,-0.01939581560956822,-0.14046900166956933,-0.08268465742387754,-0.03445543678773455,0.22467204204306196,0.12982271042905547,0.008438175409300907,0.16341114386215688,0.04412947599400041,0.0022744548687602946,-0.12354671910631744,-0.12764521165327264,0.37872582294186136,0.1573371623022411,-0.33395199703045547,-0.07001391405561427,-0.13194831442351052,-0.07470451116509536,-0.054051492727470674,-0.07789286102164092,-0.2982100099954356,-0.28009237811321247,-0.30372644124457016,-0.07705271154240229,-0.49055598905577247,-0.514861269703605,0.4643498880934243,0.4937598278483446,-0.22548932839310312,0.11994804729248051,-0.3504109654104851,-0.2952043869242713,0.11656171718002203,0.08406767927523977,-0.3931353243354686,-0.06359100900836083,-0.148706746887993,-0.04681665406701027,0.016027207316365873,0.08379638662872924,0.12111563624053137,0.09402669431957801,-0.33475874307679504,-0.2608332540844994,-0.03210733145116251,-0.16663632489421623,0.2663230909114645,0.3264831576811429,0.21880816524697055,0.2422632137673075,0.3664993542657291,0.48971255300235594,-0.12343254615454807,-0.1068151900198715,0.14439194019876783,-0.14611983101036147,-0.1240619873440568,-0.011296938765189831,-0.09355093658310791,-0.15474857628646826,-0.12985560123544201,-0.22412986254849274,-0.16200364587582464,-0.2385754174592759,-0.2639742392552938,-0.30885047455557385,-0.19378339801894548,-0.1677357534149616,-0.08677743304524006,-0.12504640232231926,-0.25507451525660585,-0.18996873498331807,-0.1211537768338653,0.024187678748607493,0.2295543884962196,0.09150174077756129,0.045903463939723665,-0.12052549029660863
0.4193517594395289,0.4042567158948521,0.26034208736134473,-0.2667072401296802,1.0,0.49170472160802814,0.5551099206303057,0.20948117279772707,0.14164680439540567,0.2687403436556429,0.1274479619236628,0.128455037794415,0.34159089446787855,0.2829221894694429,0.3885845204993267,0.34213556446850735,0.018244173789770023,0.10931505454706499,0.3462517539485527,0.4138273342489081,-0.16610266110557792,-0.21703380753334717,-0.2859668155837253,-0.2599432581824381,-0.3574626270009874,-0.5897628746131426,0.3232554866963325,0.2605526459578114,0.07222157703421923,0.20629444322523266,-0.4371210774178279,-0.45570305083358387,0.1345909856249335,0.11033827646618478,-0.2803402108240554,0.021190770225266962,-0.31671805480206866,-0.511586856782562,-0.5704966987128383,-0.5225784861795362,-0.1597387349020598,0.016795086387398715,-0.32264012910332995,-0.3671350864570746,0.11248552451735794,0.03777069606843947,-0.4004829639341584,-0.39073411087866305,0.3158183295027792,0.40847506781018245,-0.4568071575042382,0.04899752641226505,0.05845832883134594,-0.19736956345790937,-0.4820967940941396,-0.3888441478186301,0.1856295065233258,0.06704427829447412,0.30364358012394216,0.2483901723397568,0.37675846207150954,0.40108811464275307,0.19242268158839726,0.37075264955612586,0.12437101581120052,0.08762440368197992,-0.03395230378774942,0.09520755982313708,0.269316231210081,0.3748088573390895,-0.19039253004548937,-0.19408560638777841,0.09114012054157225,-0.10933549957123276,0.15412567516234896,-0.1413691041746996,-0.064924269087997,-0.24074334983280132,-0.12701277612428621,0.01711177523646381,-0.004991250029009738,-0.10365991795545518,-0.10286822253177236,0.12712832254545103,-0.3502089144760158,-0.341172906681215,-0.27308600200184,-0.33842293269754825,-0.18270609019620437,-0.08193876050523789,0.13088155982236566,0.0014131034310353565,-0.07445437113060356,-0.0005124994548434988,0.011130156080151919,-0.2523555310834752,-0.3714222468544351,-0.050966610768006855,-0.17887338237875325,-0.17335497988105855,0.11216660674448105,0.04494220255844041,-0.06801535160368243,0.08098670338654518,0.09480314116326861,-0.027154840834441838,0.17038032552452148,0.21766101001644203,-0.1364209202660275,-0.07813212679151998,-0.2801741615314156,-0.06948565022392701,-0.15998209957837775,-0.2500876539256097,-0.010934532292320576,-0.1356309311192149
-0.01808176923142365,0.05882076294306989,-0.034027177234909944,0.04671906938816668,0.49170472160802814,1.0,0.393237592078828,0.5816840379243937,-0.2610257458138506,0.7353158289286428,-0.2802495569387083,0.3234497704078213,0.014883492044164627,0.31973685073703245,0.1206859497509352,0.5901711402134406,-0.05078047960288489,0.05433033630030871,-0.06159376545293253,0.18669282101655366,-0.022437767508051806,0.0037614226126157025,-0.3299790449391787,-0.2028904459595266,-0.32214162305819644,-0.2691974876759542,0.41881151133983885,0.39999360708976966,-0.10673037385783735,0.32500106450987093,-0.37470025783987215,-0.28229919451806607,0.022908145332343085,0.21141751775220935,-0.26505799740392494,0.2245777717891072,-0.38673955298305274,-0.32940830373053126,-0.46742749008925094,-0.27613149687621347,-0.2648879979359702,0.017916465107890373,-0.19436643449487329,-0.2928818812369549,0.20436780054835185,0.317561075286355,-0.40569460265542645,-0.12389583629823128,0.23006081388031635,0.42159509417223906,-0.26549061032014376,0.3257056238806541,0.017542325790054963,0.051253498631450345,-0.4234360901233238,-0.23184970966490054,-0.061094773370475045,-0.002147485829296139,0.04295055441273205,0.06529460596370727,0.15906065997873514,0.47753022150559876,0.09317921836814706,0.09580929256920913,0.22691299102252105,0.5041277239236698,-0.19842366807627443,0.17728838045307116,0.16645314794518173,0.13264986368002027,-0.23000227980719312,-0.11534028839469437,-0.11428223103926051,-0.036158888729628524,0.12541140126837896,-0.02312227696760446,-0.11945518553203525,-0.020931461149935,-0.18484908768785335,-0.05489116608325852,-0.02546064488064429,-0.18546604052779728,-0.20154150343234148,0.061182611103460405,-0.3207650043701515,-0.3135121649133845,-0.1964111176054426,-0.28542875015435315,-0.2769644470846112,-0.008975590105799333,0.03863005382005907,-0.03215862279686388,0.03288046782061795,-0.10958159136532329,0.0627780134440923,-0.11154980384055066,-0.3275496121823276,-0.013723341765637548,-0.37064020947399484,-0.3086319611414007,-0.09264700535409232,-0.174101184563389,-0.1477940583376907,-0.035223852413101206,-0.020633299165480685,-0.17039799289677823,0.06735802192571518,-0.06271391184063148,-0.11508218265603977,-0.11112950422638862,-0.24774289664141558,0.03977801012832189,-0.11716617344780816,-0.1529852537712651,-0.0484731300840787,-0.10158748918320176
0.17774548396881518,0.04703268854881107,0.565554325123274,-0.14946157095125165,0.5551099206303057,0.393237592078828,1.0,0.5459584091352319,0.49535282729196606,0.38971810945310503,-0.14312495221972618,0.22186518220054216,0.08577540346659455,0.1839354763791506,0.3509131257055057,0.4529776112571305,-0.15817846983201272,0.12926692986272753,0.3086552126011662,0.2446996212732736,0.03758277535784616,-0.1328145660277193,-0.1675351383550513,-0.2763611842402447,-0.05567258330357094,-0.2697651442842344,-0.07207159321694459,-0.18521984886356366,0.21515685110900445,0.44666056106458746,-0.0980091015644562,-0.06165660129566836,0.25031248571897696,0.4220510142214286,-0.11292727504504933,0.29205436403630414,-0.2445707524776793,-0.3950975745117401,-0.3048828530494451,-0.2701304325012495,0.026833745561677412,-0.10641723775576145,-0.23982130650819056,-0.4022449794737985,0.09274582117849961,0.06507909874375935,-0.40863263584323617,-0.2746070150856434,0.02323039528272396,0.2416424720919709,-0.4496579256665198,-0.04366182888833463,-0.08903826722345343,-0.2735960310570387,-0.3768889550460437,-0.35768729146551764,-0.16248739014057703,-0.28908889476964195,0.05094640735685626,-0.06004615459759974,0.17285495484965369,0.42683355488649083,-0.03827702733568141,0.13009272617162787,0.41258611437910203,0.3305894371788066,-0.2218502802966769,-0.07330940886911887,-0.14885767162214175,-0.07667692307444583,0.007810024882316146,0.08218785187378273,0.22416782178479538,-0.0784022058613797,-0.017128661086357248,-0.03507663705166728,0.05468077697056473,0.20801883850503236,-0.37901391223961733,-0.26070802630388845,-0.22488179093362218,-0.12071999315644759,-0.06971768160393425,0.1844742211908753,-0.45438284509182775,-0.41080574189649766,-0.3075745507313887,-0.4494612836123518,-0.124437703250694,-0.22073524344595907,-0.0473636973244964,-0.07330001476946892,-0.007297475354713463,0.08091335144927762,-0.09449653792747388,-0.17308935089837907,-0.25879950928848816,-0.18871420936884845,-0.39930634820337674,-0.15265623811171863,-0.0076115779935279244,-0.13702683192867723,-0.22362274617287883,-0.005436547279533298,-0.022628834699708382,-0.037220377028891756,0.043627562710808324,0.059503448836667576,-0.08478134000564724,0.0202815398626899,-0.22761416461085124,-0.1133486821144652,-0.07851077115603042,-0.2892245771809971,0.037204112860938714,-0.09704479426290966
-0.4350273093771344,-0.19637867163911515,0.13867160415909494,0.28663234428645357,0.20948117279772707,0.5816840379243937,0.5459584091352319,1.0,0.28816652887656163,0.7878670506831659,-0.4222515634477431,0.5136598545256288,-0.3987319448441002,0.34844013032602494,-0.08248110480737907,0.5162984063359604,-0.20173328571982502,-0.047174834547699544,-0.1609029026371302,0.34246723224103115,-0.06548230725418387,-0.158704540278558,-0.5377845294139312,-0.21315751512814143,-0.26888143574827456,-0.2290024080198413,-0.2775706213547906,-0.27655494108299017,-0.0650683617983524,0.4240072618084585,-0.1841042323492738,-0.05942920007018205,0.09011247918727164,0.6714040102234916,-0.22333138277384643,0.5035099196818924,-0.4112196274334646,-0.31333283950595225,-0.35398829736484905,-0.21936723391282534,0.003976350179948343,-0.20151325496874037,-0.24242952058788092,-0.4399777339893284,0.11491592312767651,0.3457639778047211,-0.4270929442025398,-0.30036241745371434,-0.04321662984971045,0.2662387637322208,-0.3657890961572466,0.10677857676138648,-0.30284432149500445,-0.23424502682552178,-0.48458763515417946,-0.3543345391461752,-0.3766706579135368,-0.2896110321744208,-0.2927844491210544,-0.1101910069675451,0.05626897907065749,0.5795501916050835,-0.06859296647592943,-0.08374252215307018,0.5127067080163461,0.7408335259632437,-0.40997227863329605,0.15792506168125048,-0.230496694279796,-0.02712901900478647,-0.2560111518473878,0.16292935499697683,-0.034509263631347556,-0.14990019425391488,-0.2808026107797203,0.017533806875452505,-0.2741973100913439,0.1904081337661896,-0.21701234905013478,-0.2929534642869076,-0.131613370607316,-0.2103501557650241,-0.18129690626257042,0.10578225514381115,-0.37386523866706345,-0.24953712643076698,-0.2942489370951996,-0.43796423992276157,-0.3332443060239314,0.08995125968161707,0.14641251398893268,0.0017181771304365077,0.35179538938630056,-0.07710275203494911,0.018517427612702277,0.011967989060812433,-0.3549990246182211,-0.09424969240831646,-0.3795352239057827,-0.18034058519121304,0.13914182857052654,-0.28363321898587085,-0.07559592196677185,0.004501319940458134,0.1673601251302876,0.1462956458390627,0.2154051181279956,0.13375533642901768,-0.16020554710277773,-0.1719104859293654,-0.3700558649109859,0.08407312790641049,-0.1629703482167312,-0.10684423599402888,0.1296907175401516,-0.08464018989724262
0.07464779585760746,-0.059645090254433375,0.46413513397230344,-0.1217881505828829,0.14164680439540567,-0.2610257458138506,0.49535282729196606,0.28816652887656163,1.0,-0.03151540310872403,-0.06566318350050816,0.04570495118548675,0.08078425821021325,-0.025646969677272247,0.11699269806085247,-0.06437873554224578,-0.17728469357073848,-0.09015040642432974,0.2034196170883217,0.22077514114538171,0.024700557274529394,-0.24793883394684624,-0.14925668026870273,-0.15315931028185567,0.09726021887741584,-0.06221894807958526,-0.4257568444814742,-0.4037649043020856,0.004729557448194476,0.02365397042783424,-0.017757196855294116,-0.02594467353661291,0.07602350477921585,0.31182627925949286,0.06369859415569915,0.20412827083344598,-0.09558766803925735,-0.22166165262473614,0.04108821198764582,-0.07801750005136322,0.09695825538659465,-0.26870355504988797,-0.19783491997724018,-0.16685704177339022,-0.10742300896406154,-0.018563717195897476,-0.10391360335032734,-0.19296221246166007,-0.12816823874841052,-0.12815477072900136,-0.3030016724435546,-0.4021647712779973,-0.04245525198834649,-0.35728627352718495,-0.11587197155542242,-0.18617428306999279,-0.21705330934536426,-0.2496585397036817,0.0061356369787056,-0.07991184070703437,0.20810287545260012,0.18687359016279428,-0.030986331414136977,0.0011514381165862013,0.22857194401364891,0.1261229343831986,-0.15769865862383717,-0.011066474105744904,-0.16916161898157847,0.044593891688067065,-0.1374421258142001,-0.056908940639065354,0.05774841673125417,-0.26144124945104685,-0.2875759346861362,-0.11645856601299827,-0.1250622688253231,-0.003523627097884397,-0.16451070956703417,-0.08865419231541581,-0.183921966192932,-0.09662770383818214,-0.11627495760744877,-0.08088483256526513,-0.2615178306671457,-0.28132026117140807,-0.34749133304929886,-0.3497150881514445,-0.050031066162001224,-0.07614120297306852,0.1438815247171185,0.09159963509540735,0.24703631888168237,0.16898939714969644,0.04908630381139994,0.05996135944821241,-0.00873199992267182,0.07319634451305719,0.009757886987333715,0.1631040756713505,0.23001587650363844,-0.12030685733182682,-0.052445249900975564,0.1518856736176295,0.2106257768372607,0.35270663431277804,0.27454347054497985,0.374642410447843,0.028097016977785702,0.13863820185927836,-0.02742990721147807,0.11752150411615467,-0.13214390588008923,-0.0016056821890558335,0.09083597483163604,0.1175581127438144
-0.3052416688092127,-0.08704514252821463,-0.1179367473106722,0.1187841404636153,0.2687403436556429,0.7353158289286428,0.38971810945310503,0.7878670506831659,-0.03151540310872403,1.0,-0.29740681906453975,0.46764040464068074,-0.30691646789686455,0.3272253204611268,0.0213982862686252,0.6523743873797737,0.02163635671822043,0.12900075919423626,-0.17286417205493232,0.354399914708601,-0.13574737113468152,-0.11607091631857895,-0.48733167883067563,-0.2376231132006215,-0.28785481399316665,-0.2596257108148915,-0.03116822989090775,-0.056617522892872085,-0.007742210920864696,0.46815716544018343,-0.1817353281809261,-0.08091146142631771,0.11593839136654074,0.53393946395073,-0.2766567577724376,0.4223671859766434,-0.37574696337415614,-0.3392179979360429,-0.3844864345694948,-0.2339118854801087,-0.011228574493820543,-0.11777114957576638,-0.1429721145939856,-0.38532679108757356,0.2820902083482572,0.2636936407474237,-0.3439239213581968,-0.18330081653122599,-0.008123546679280577,0.28649013128942247,-0.23799786747473006,0.14323161601771023,-0.28469591937468014,-0.013938804637929965,-0.47206545815685513,-0.32848310826601596,-0.24989422542580236,-0.06640153693286587,-0.27097924666554246,-0.10551201812231827,-0.03289711361056935,0.5377778435613624,-0.058131177866426464,0.03682553425240603,0.4345661656194302,0.5547831977497512,-0.37768935806840076,-0.007069504623911027,-0.045719713695660774,0.021660553124411917,-0.2967810642109028,0.12460525131439458,-0.010722334586368803,0.00015456785904282801,-0.09551673695781317,0.026175492298581186,-0.21281844084244403,0.10217227895592708,-0.2009539938147914,-0.24657351467086253,0.030473318688260028,-0.07619733189308071,-0.15627287105209,0.16386130102752708,-0.28145912075091734,-0.26731964625828336,-0.3139493227921744,-0.4475824941639505,-0.35963808321706286,-0.044722208652076566,0.0745714797067562,0.12372607008413623,0.31383049622885023,0.007441699073423322,0.1367456756988308,-0.043387007147680484,-0.4269758049910553,-0.03920661825539595,-0.29698876196090856,-0.13998877438444973,0.14091968267519855,-0.14410616406656243,-0.07524575507439037,-0.009584347822919696,-0.003383402895204425,-0.02571891998407775,0.031173514263949598,0.04243793959642334,-0.22877702936908392,-0.19210796118489945,-0.3412694038593249,0.19411640736307692,-0.007212506425010535,-0.1633856590512696,0.01289718230488865,-0.05581205912430637
0.3357632722918488,0.10736926361586763,-0.2127287187282165,-0.023005784272926877,0.1274479619236628,-0.2802495569387083,-0.14312495221972618,-0.4222515634477431,-0.06566318350050816,-0.29740681906453975,1.0,0.1363769162252458,0.3978065313191957,0.10681742267867142,0.550315856856195,-0.060025448424859344,0.3062467831228229,0.13385557100942772,0.2751733541997836,0.19392240927405358,-0.27465602226456304,-0.04674144229151677,0.3343538865252299,0.38382186303804194,0.18277479194282453,-0.0702452635461253,0.1159802854197308,0.1988209278724257,0.09003693110038814,-0.11755113997951122,0.14158649008737323,0.11207546237129919,0.03520734777401508,-0.21099596875824064,-0.08962352818289311,-0.36282809816978173,0.0047906071172650715,-0.1496055867005003,-0.239347327237624,-0.2931300218817565,-0.08253302204892177,0.10702200486812433,0.22692989663724283,0.2438815635701591,0.08009773858105061,-0.3755730048455361,0.25982864622002383,-0.029834442252877427,-0.06358466227058618,-0.1703039507234204,0.14798674326970906,-0.18427382345320054,-0.1347554210975836,0.005167546241084134,-0.10578480022192184,-0.054719741767515456,0.3024989013297567,0.26244006966168476,-0.22464735389105633,-0.15551101896021202,-0.13066802498467428,-0.29604801928956226,-0.039253834810615125,0.022626134182153385,0.1442683953408562,-0.42301508667060544,-0.14349905002159113,-0.3259245115454305,0.06070680999853737,0.0055897997162505765,0.1281968096096041,0.05436427669325468,0.029843619581222506,0.03624751850129664,0.22809942656839918,-0.16212461146948443,0.23467561237549536,-0.2279870350251655,0.21931271329187435,0.2617144095762547,0.0691963120258286,0.1739630492473783,0.21046006055611105,0.12696924756571282,0.4703140219826884,0.37782439890773334,-0.014755847298450855,0.02664477619464224,0.24960858938593392,0.026622655187026136,-0.15819716860761135,-0.060863830657021986,-0.19928227816538294,-0.005385211430908043,0.028490109837634333,-0.18005171060123096,-0.08570432442020401,0.07165630186551838,0.09788952971856746,-0.04717081402725845,0.035305678854064756,0.04182379586536244,-0.3230226859786126,-0.21809880601462497,-0.2948593124496299,-0.2572933263297854,-0.15135887835096004,-0.034103649830715586,-0.20199443594777652,0.054737876848751026,-0.02367659856130349,-0.005625162992610026,0.23331647828041124,-0.15938362174276227,-0.015603235044740794,0.05780547320552019
-0.1455710618400218,0.011553614367759587,-0.14700585542961808,0.18281541776899107,0.128455037794415,0.3234497704078213,0.22186518220054216,0.5136598545256288,0.04570495118548675,0.46764040464068074,0.1363769162252458,1.0,-0.01771897258768429,0.658399859236408,0.26985182002647484,0.6028886300311651,0.09188276445615372,0.16232065075598898,-0.14794076820361365,0.28986030285540637,-0.15241430023671382,-0.07228408979831724,-0.39458768669001404,0.0644805705481343,-0.1512913702204797,-0.19418781317571462,-0.24199870059257017,-0.1315941668342708,0.0648728568450861,0.39325780567808344,-0.09575579579956207,-0.01767474483283686,0.28971747110094287,0.347856418530918,-0.30307865811956,0.08273598286207018,-0.25112177087185167,-0.21439106279056805,-0.2841859216597155,-0.19033065582714273,0.06868964746986635,0.05367329475234533,-0.022386672940854457,0.04514859574280807,0.10907150164335376,0.16571147059930488,-0.15001362571859594,-0.27051247534868644,0.007630001027116564,0.22707517567851507,-0.3281798899007419,0.1064700927571879,-0.21541989403946363,-0.19848139468420176,-0.35270714210449255,-0.07624889840957244,-0.07804714183404243,-0.13618523034357538,-0.413137493515789,-0.15990707408508037,0.024859008612570472,0.3313540320677878,-0.1016049993240026,-0.06738831495335414,0.26982974776209645,0.46897234844211866,-0.27824102780450205,0.010199881766845298,0.01895925315704159,0.005902083280932033,-0.06365401435710055,0.24315413076489947,0.09809745127210882,0.09359873829183084,-0.05206396496384027,-0.08878672092196739,-0.07918464231279998,0.036202447623829744,0.0966847150651142,-0.06185356528926112,0.11214938014090714,-0.05391165121244912,-0.0833803444663863,0.23941720104430478,-0.04785325177387844,0.028511037433461305,-0.35625536986827716,-0.377397858655801,-0.29276278977771125,0.026872112996855387,-0.04247223450774492,-0.2426325570660396,-0.036285673133337686,-0.21049960581381072,-0.06305211395353061,-0.24342620483596203,-0.311105924248393,0.02637796993841577,-0.38442678129187136,-0.30303414266416573,-0.13154141919080523,-0.2601653780646275,-0.3114059825707762,-0.296081944886931,-0.22822065782971207,-0.23105936325623616,-0.026162877560680222,-0.04158819666886107,-0.15787935048621526,-0.22940686087335174,-0.5248082781320432,0.003014106773638966,-0.01932808165203439,-0.0682808329130237,-0.04399219552666242,-0.09163382856367885
0.6065976868305228,0.32878915562646416,0.06484559388418983,-0.4129531207426305,0.34159089446787855,0.014883492044164627,0.08577540346659455,-0.3987319448441002,0.08078425821021325,-0.30691646789686455,0.3978065313191957,-0.01771897258768429,1.0,0.15170831159938727,0.5604080914534503,0.04834565914063737,0.10437948705657304,0.005319042973609861,0.2453326224798945,0.028369495616005318,0.04322485086207583,-0.0662188200992098,0.15393966637962922,-0.09501668208879253,0.04052070245439595,-0.11428928913630355,0.4983951923544409,0.37978055774671565,-0.13141115208636966,-0.16583879914795766,-0.33463119336395264,-0.4152978396899545,-0.007252915223818096,-0.3565732853479737,-0.06535871486846735,-0.2523065234765517,0.06627580059144526,-0.10272449692845602,-0.0026701437713583867,-0.08156711494817281,-0.1570177647250904,0.2139399739310265,-0.08094900956920482,0.23700659221516257,-0.053443266524814896,-0.0548828620585546,0.01425882057701824,0.02063427425038662,0.35131358628753384,0.004916609974637906,-0.0791518965817159,0.000911678412774335,0.385051271720543,-0.0010049556963697152,0.19497981511450205,0.028141566571563845,0.18284620618094957,0.14017706484516024,0.2853510080895942,-0.03359363396624997,0.3340939179108066,-0.1736832360305174,0.023168928500794734,0.014490143313442252,-0.23430808930792857,-0.3219806003972836,0.05716191697657892,0.02441339326887376,0.40577370241109273,0.23425259598946976,0.025147383119094105,-0.2045807355239924,-0.09170377247290089,-0.0032225797428304895,0.36297539034020865,-0.13705660339586506,0.2064606773295134,-0.18881868468674734,-0.07203089117842708,0.10660585093629722,-0.06698177397501091,-0.017043347960060268,-0.0800171635319764,-0.07660535175913046,-0.06248808795745452,-0.19576442805790267,-0.08238926410843668,0.008992181072918074,0.08126315309070634,-0.250689468003482,0.019405891251237914,-0.04273935864525424,-0.2550439359747758,0.12075574175995342,-0.14385752369139126,-0.12002833767471262,0.10415014448066386,0.22485680063364938,0.011032967180594487,-0.14760530175951622,-0.2428460595409942,0.16040004264242713,-0.061787174489443354,0.021560800745197953,-0.10780903004159013,-0.1394144643077703,-0.041382440276877465,-0.11069366342297696,0.18912070446984244,0.21465344019863294,0.1095249272589487,-0.153283065351081,-0.1600289088321355,0.043219278191392124,-0.12274911772361032,0.15564194251048993
0.05907244942763273,0.22596318709763458,-0.12941374743867665,0.015031908580250431,0.2829221894694429,0.31973685073703245,0.1839354763791506,0.34844013032602494,-0.025646969677272247,0.3272253204611268,0.10681742267867142,0.658399859236408,0.15170831159938727,1.0,0.2231820245231181,0.5626615243733735,-0.0060908689245734015,-0.05487807917937916,0.05615679138114143,0.17514078799387972,-0.2839868441335447,-0.2842418744278616,-0.45755209898892496,-0.209437123932956,-0.319336195806535,-0.2664659747101451,-0.1257085956864051,-0.0420041620798295,-0.01061572386988405,0.1403800481079141,-0.4034354908415594,-0.38338936287735703,0.1805311635230647,0.17249642405886997,-0.2472979387865841,0.15855250758297543,-0.2655461834655943,-0.18647254701603358,-0.43568940475056595,-0.25075385895361196,0.048888945525307224,0.16891901475515167,-0.07885244861450032,0.024553811974085345,0.21348127561065738,0.22688252341417264,-0.3456927871481969,-0.41906291545613683,0.40290980551090844,0.3342551671819236,-0.2899201666933764,0.09834723515923455,0.04297614299376834,-0.2669271936543066,-0.3101595166942923,-0.16215883880048892,-0.07364248474421065,-0.07766512281985052,0.0820541798024086,0.1293531034688426,0.31960450497441506,0.5404699295914043,0.049690652757697365,-0.0070203257101550745,0.1405085368385369,0.4403547554697499,-0.09129763465615658,0.2582456179102837,0.1540324618719706,0.09451063708440498,-0.0816500457977015,-0.0456140084865818,0.036273280991035974,-0.010965051607866783,0.1370116125242061,0.07208477321634875,-0.07203855352543308,-0.06823085371917735,-0.08813006506110617,-0.2427331320629209,-0.06677207364755769,-0.34911105095299805,-0.10557161597338656,0.028311073498534067,-0.14384906688476248,-0.09104534203180382,-0.2862166399163051,-0.27961851964497925,-0.1980888497299173,0.19443462802250988,0.22078724047448517,-0.18709220583522648,-0.09140059242050301,-0.12590882772822926,-0.23637973079311414,-0.4430554250897741,-0.3059006820841911,-0.044241174980162196,-0.3539189648654224,-0.4897543426673031,-0.0367845231732564,-0.10584461287687427,-0.21956366622449905,-0.18497387562913323,-0.14643017298600852,-0.1586330375729915,0.056957546045868376,0.08723022586186008,0.02910806507132483,-0.327914539247266,-0.5135527745305323,-0.23845304167774553,-0.2594950621586744,0.0031945635677677955,-0.056981057922849174,-0.17560458310099167
0.3785957064366008,0.21076090719287105,0.09067238606923562,-0.2990236429203212,0.3885845204993267,0.1206859497509352,0.3509131257055057,-0.08248110480737907,0.11699269806085247,0.0213982862686252,0.550315856856195,0.26985182002647484,0.5604080914534503,0.2231820245231181,1.0,0.3737535322150671,0.11518335764623827,0.21166591582337965,0.2737313221355232,0.19851597361586926,-0.08668839496910169,-0.1342483224288593,0.12327246777802721,-0.012437731064878839,0.06031260886882082,-0.1838619076078276,0.21788973000891587,0.09577097812712917,0.06815388107675656,0.14135458063294104,-0.04236061830990927,-0.1246294760540107,0.1494066151971039,-0.15288798315192365,-0.2941851386984059,-0.34487373838719937,-0.03483811047589945,-0.22782716425698446,-0.16749327038985018,-0.18156594703132994,-0.08579288170853716,0.16373684561115162,0.023918870771468467,0.08007278711638756,0.11001668575775647,-0.22285434813751415,0.06893786223904856,-0.043212659343513767,0.15384272787563483,0.09426441294026804,-0.2278294160353714,-0.03201414423592986,0.014745056593356433,-0.015558783012499548,-0.08936458171356361,-0.12550873849996652,0.03718236924938752,0.0632225476932106,-0.1359221636166315,-0.10405169574276671,0.018323976031243746,-0.08653126384784258,0.017232690605670977,0.08184293335464304,0.22543942666473157,-0.2197935486865895,-0.13759342615650152,-0.24992604225446677,0.1951499352358873,0.11650554080298516,-0.006765200844963088,-0.02182250279518602,0.1464073254595719,-0.0033922575717375914,0.1998051556058158,-0.1144420172599591,0.13677089582730773,-0.08980854156907161,-0.0274349568427558,0.0859900508855018,-0.03972934837836036,0.032681282923552074,0.26609161933958503,0.18640864967910484,0.022162944579689852,-0.028932080174951583,-0.25354172807175496,-0.22757331808422637,-0.020319036746245966,-0.26578369968351645,-0.18032622401667395,-0.09120425852730386,-0.16101652410805314,0.07902558601549223,-0.05374992697271902,-0.1771740554633793,-0.02010688246420368,0.009312643810490748,-0.18679558540310115,-0.17737668567627562,-0.07465156526231398,-0.02944079205222649,-0.23965796180311652,-0.03284114531435343,-0.2162373519437985,-0.18206902366485417,-0.11675198109052527,-0.07250142431752167,-0.0332261894738752,0.09896168597522652,-0.15654542707420568,-0.022637615855393783,0.1586461420768204,-0.3003769148065019,-0.10616996634265126,0.07592240217454475
-0.010915880432161225,0.04160456933364316,-0.129027949536374,-0.16186289889548275,0.34213556446850735,0.5901711402134406,0.4529776112571305,0.5162984063359604,-0.06437873554224578,0.6523743873797737,-0.060025448424859344,0.6028886300311651,0.04834565914063737,0.5626615243733735,0.3737535322150671,1.0,0.170449388246757,0.23888914046700283,-0.2000294346085981,0.19701353470025001,-0.023447628879313242,-0.04731538080262127,-0.37565458463444334,-0.2042635027883622,-0.27405541354899676,-0.23417621835283595,0.0530199384809551,-0.05007104801884841,0.21659696251379312,0.5060729470694765,-0.3074158649169791,-0.19257145083324093,0.19229337357505655,0.21877879782543605,-0.48677906562637413,0.14895242453393026,-0.2643949039788067,-0.24143095619592114,-0.31560117755768535,-0.05713456171421157,-0.01764082920453303,0.06065608871835952,-0.1644503970573024,-0.20072874958969253,0.2114775715475582,0.12354470353688193,-0.3084593924169282,-0.21491079030312082,0.1800283335983688,0.33123634707873345,-0.42352744690511135,0.11259827861015329,-0.058519343916916586,0.04178456600670691,-0.3094927026890608,-0.09226539628255333,-0.19816277271175525,-0.13817591226383444,-0.1447853255808183,-0.09003756056606707,0.01587627210459018,0.350351571284005,-0.05508071006185213,-0.0013456612568149007,0.22467965063843337,0.3140846960428425,-0.2818828829129701,-0.10567357642139968,0.09635078689177591,0.005455274320506693,-0.18684613126436292,0.20796035713499106,0.16509368099251157,-0.05270465015333378,-0.05293598180386886,-0.04090643533767007,-0.11771342693243377,0.11010984309579673,-0.10202870663747156,-0.23243511845601492,0.16769483839168414,-0.013044807690739551,-0.07286561489031783,0.4296813618294564,-0.31135152907664987,-0.2429025643003029,-0.2811382173384308,-0.45750946415912797,-0.27604269820467314,-0.23251027184270592,0.04082765888894845,-0.11039658027582976,0.1074970320170696,0.03935425362138173,0.037770911692724424,-0.2791346661424496,-0.22156753395163328,0.02151225017896384,-0.33448309865573095,-0.1401745475873267,-0.02309892479300549,-0.10963256925016387,-0.18164764987608725,-0.09897147616866875,-0.13059658097056415,-0.09202285791262023,-0.12193455161618459,-0.16731369078890754,-0.10470434101778642,-0.16092877844226128,-0.4175707389220269,-0.013456600211435051,-0.033957760755849775,-0.07556700815295293,0.13213404884326224,-0.0031177917918492307
0.09432364808768726,0.16996852313689026,-0.5281216540785509,-0.37247791257296375,0.018244173789770023,-0.05078047960288489,-0.15817846983201272,-0.20173328571982502,-0.17728469357073848,0.02163635671822043,0.3062467831228229,0.09188276445615372,0.10437948705657304,-0.0060908689245734015,0.11518335764623827,0.170449388246757,1.0,0.5135585176245889,-0.2702714003854249,0.00023443065201253854,-0.1279359964589307,0.12407941310808326,-0.09262867795068047,-0.13578221416198696,-0.06527551764371084,-0.2276859504141997,0.09511265763118094,0.11484747153300631,0.4130639507116217,0.3115259918449384,0.10041425412753248,0.12517454408972772,0.1901047737567359,-0.01790795144523477,-0.3002837309005972,-0.28309480199456005,-0.04725749599677795,-0.0560109777772225,-0.08344109509058792,-0.0433233646272705,-0.025671756492007793,0.05387474925723328,0.2742100603381366,0.09838102187795057,0.18412412682058646,-0.29100943918617594,0.4574930898293791,0.12912768401666866,-0.421226323440695,-0.09044736950659668,-0.08441811917440147,-0.18456209045677,-0.09043354164973447,0.2617768245998509,0.11783337927539048,0.20839186703555723,0.5338743996414788,0.5090705935041354,-0.2759059365508867,-0.08859462857509577,-0.1889350592136971,-0.15160558881588015,0.22538742868226833,0.37440713090237465,-0.24780813312790131,-0.3526972436097856,-0.13523313074160892,-0.6058031250392165,0.2590164752510468,0.017792140693122255,0.1205104889284213,0.18205449460335496,0.36706753001363257,0.34866920036993126,0.32143914634079934,0.13175210661368286,0.12670905472284186,-0.06071263554801946,0.5719043117156596,0.3164981202893989,0.6924436902866659,0.6706872461597408,0.04240989611035116,0.12253253671836255,0.3269247067392834,0.10039528254787357,-0.018192338243725157,-0.34902203226739104,-0.11091536712815825,-0.13914136736791072,-0.14970435741133872,-0.0982371073340175,-0.14097307942018195,-0.030563348439357048,0.1434077018230073,0.06071637142194796,-0.014775313280360754,0.012121227893952475,0.35135947188528915,0.2336006943564301,0.008885966846547008,0.014789733521824198,0.056882236417535974,-0.1748540079221445,-0.35650244636150696,-0.18213762443391338,-0.19238883422623568,-0.2021535386839457,-0.14414715544066234,0.05873206005828465,-0.1486078915719678,0.039679639561305935,0.03694982369463943,0.011914765880098098,0.011018296538479088,0.06856312752000879
