1.0,0.2816206822790985,0.30674414165878594,-0.13095788726739402,0.19291949062790528,0.3446681580826826,0.23797102421913505,-0.21740899118003884,0.2789348553630412,0.08238750356890791,0.31565209929737403,0.16651161083914073,0.4029919222976262,0.002661670797071609,0.3694847749276051,-0.08004168778171082,0.1572011161079422,-0.0622683187638464,0.26367642982728773,0.2410976522317912,-0.14780594103582084,-0.2543233180307666,0.1749996608613204,0.07488216457136188,-0.28043980774394917,-0.4465612124831799,0.06573464965672204,0.10389719668098707,0.025457229711204492,-0.2712527344739222,-0.3023866311339511,-0.48031364943927696,0.054675968432437515,-0.2530557095787638,-0.14711575377475022,-0.3941504221392918,-0.12438556262454946,-0.1063099383464923,0.07592680788542154,-0.20048584282778958,-0.27839889879172885,-0.15700287311337213,-0.2811150195944215,-0.3874168552850886,-0.36191679228530194,-0.46269816961270976,-0.29796776135936515,-0.21698778708213853,0.13349548627122654,-0.2387931232619385,0.23081591006326466,-0.20510420259679216,-0.18147230433519404,-0.23506337653130935,-0.09383436381563842,-0.1201847129742551,0.1817584370507503,0.12433767016317397,0.39183841162226984,0.09561120510167079,0.3550972686788003,0.01522656238541101,0.31009131746025764,-0.0006674184386102629,0.28807268552570264,-0.23508326166656268,0.2919686667854298,-0.19480620949273392,0.443949750838902,0.41820282163457784,-0.07473198362882132,-0.23638372658098133,-0.2415904603006332,-0.15587536233587573,0.05285636218604245,-0.1083650887043673,0.015668968355731516,-0.3143626457747554,-0.3482567932663697,-0.03756922228658542,-0.18135272599582516,-0.19851824102473484,0.018484818525317435,-0.06183829323292355,-0.008033064726406157,0.08061489385296931,-0.13596802120497334,-0.24627169548087535,0.06433870839246011,0.007669213787106443,-0.014012173281996672,0.12849024429947697,-0.11215832754274871,0.2813468120949246,0.125988122952315,-0.31641215436546777,0.024916622663400955,0.047368644351035605,-0.3333747725525712,-0.07068826354332335,-0.121057836958851,0.09521277244040136,0.22091644941651928,0.4370945983616645,0.10467965043185365,-0.07422585465206656,-0.00026417913798634167,-0.024882697768386065,-0.1593092747749723,0.043603804309937044,0.13877568111858954,-0.14360524579565276,-0.13264037610234333,-0.2005645055525508,-0.21657797236982398,-0.05357266757836503
0.2816206822790985,1.0,-0.2214371502588802,0.013040942261517696,-0.1553919745783232,0.06440860000812207,-0.338636486620656,-0.3593610700804575,-0.04583608992830163,0.03742895551093597,-0.21106710073982132,-0.3936810685926775,-0.20308642263142326,-0.2498459428268206,-0.05389369999681995,-0.2566084998223574,0.09907568728460145,0.05681241839233631,0.2068995138078308,0.2380253170291586,-0.13215560687098396,0.24541799821033855,-0.019492929376079507,-0.2219445619544359,-0.19298166730925082,-0.12011301311533343,0.09319056906699832,0.16147551957590298,-0.35854023703187327,-0.2550283586558165,-0.5422754723654499,-0.5027369759045481,0.1851594282430842,-0.262299032047384,-0.034030343449473525,-0.20409120463266794,-0.07864252797621409,0.14664857627958894,0.11984779394165376,0.030793818209520495,-0.14410221709929052,0.042193864697610606,-0.010676016371471515,-0.26964053495093787,-0.2516829878018591,-0.2543457143720101,-0.16109302488436816,-0.3168244377466227,0.1803110424505546,-0.05131154784631622,0.17940090770760636,0.14815382990440318,0.04880351527857469,-0.204891329104592,0.1502268237250127,0.010736016633945003,0.47819330788986597,0.7581285224515536,0.4261982124162339,0.3934848097209568,0.09294529805389,0.11731999232355746,-0.11683759264819935,-0.022851324381966874,-0.06163719746825589,-0.13712583230869094,0.25884263194451285,-0.1906035043651073,0.5942467388020684,0.4773152581735557,-0.39896949384861247,-0.33036953442092915,-0.1008151167926353,0.05272987582950102,0.22780610396616324,-0.039479430989548724,0.06913026031393898,-0.006901157012705861,-0.18755552699524755,0.043916109901352376,-0.11603247677605275,-0.15010099256191128,-0.21825128350061618,-0.25604874443107034,-0.06333065680615209,0.1463970543290581,0.14654784760112663,0.10813502058797564,0.1160711306034314,0.08240903463654582,0.0545226726368984,-0.08029536142294037,-0.1634951181025938,0.04200280602570488,-0.0029110138269034503,-0.034923784103972344,-0.011447475777322372,0.012863588897700862,-0.024898200282460516,0.27634673450262875,-0.026449332506524027,0.010719701798817802,0.23517755581662145,0.3385761029989487,0.23224105476012244,-0.06168400030649469,-0.20275613163762035,0.041196042630521276,0.031844814921792475,0.008080874838009282,-0.1814319343174659,-0.0766587870743769,0.06979261393889263,-0.0905328858695803,-0.08148093685371341,0.19824245475662639
0.30674414165878594,-0.2214371502588802,1.0,0.5065673227785463,0.575010954161558,0.263861960125414,0.4332696150253735,0.2888200064953625,0.7005142649706007,0.4221986078712854,0.4090280505166492,0.24341553717405134,0.2240634800755695,0.16139561634722896,0.638146281442396,0.03576758251584081,-0.34372193999539236,-0.3533425879318953,-0.0033863697794586974,-0.21223607008605103,0.16715348356227122,-0.16283640813501749,0.5423076847698842,0.28644165889955925,0.28130895435804154,0.04219114636831698,0.5105414017056458,0.35186858358521544,-0.27125001447519165,-0.5499335437791207,0.207080187218095,0.05446756676712364,-0.22427263359153912,0.12467602153516044,0.18274817720301087,0.050238822146320944,-0.5541090429901536,-0.42050445606428716,-0.2654027373752245,-0.3066156091300594,-0.25455442861070904,-0.39330431859981224,-0.4351713761388693,-0.3976130126164769,-0.2689263288489978,-0.29260067156177744,-0.40304560109404225,-0.1657700077845152,-0.3081047825842869,-0.4609076235005626,-0.10266858123936477,-0.350653496026988,-0.14065258130382666,0.09851856753431344,-0.445830264971319,-0.39196488793035134,-0.3038566845050803,-0.23069385065314083,0.11988975518158831,-0.20075846856809462,0.4053837448748454,0.08396289920168835,-0.42502834067597617,-0.3359243558566511,0.5559921493972085,0.38018679422957324,0.0801968797574141,0.13870679841035588,-0.06976585482210033,0.016399780924416366,0.15346698716011944,0.1413285580536338,-0.5662094333251656,-0.4130273518125593,-0.37239057611236653,-0.13113940089777404,-0.1400771890134768,-0.22734938550886621,-0.40186044194204135,-0.10323671392252858,-0.5229786859287072,-0.3945702834765115,-0.012730070516225456,-0.36847773660476674,0.18971947005801043,0.08753896287769213,0.0576423497085825,-0.10303280039936964,0.3840881082248578,0.27411204242937065,-0.02181346887939476,0.2508294268260971,0.25670059362581543,0.3449047337968613,0.14978160717151098,-0.3094574721409927,0.09292696605651588,0.07916033957841383,-0.4994751624524196,-0.1298868922315886,0.13400261353217544,-0.016324240266516875,0.1940085885991234,0.19212377487844587,0.07221919386336134,-0.14736942403231146,0.13223989379805245,0.03458995414146935,-0.3806540488659909,0.03697867889394903,0.13499665910848108,-0.22926608548001584,-0.08784271403967246,0.08943928860341949,-0.11212513081708313,-0.18843658349723436
-0.13095788726739402,0.013040942261517696,0.5065673227785463,1.0,0.24148270539450098,0.1803844113800114,-0.05062358244264822,0.35631120375055303,0.3629242226114072,0.42412369162417785,0.2306987596204288,0.05007510204529964,-0.16375949979692483,0.2123219582923712,0.27905076397017503,0.07492788391378866,-0.5093033291316653,-0.3810845004502497,-0.23932549988973428,-0.4057696927413432,0.16007747048820092,0.04590944514121578,0.27007985728891226,0.139793024695485,0.2624684265923344,0.30348538907311995,0.3914337191484951,0.4319226726691965,-0.49207019033098537,-0.4688002096652506,-0.059175324370567724,0.044945073847546875,-0.06517224851941576,0.12084054532686543,0.2878681964789469,0.25396374452839354,-0.4169042288745874,-0.20278683813518553,-0.027157705916362972,-0.10876147961763163,-0.18520757723041759,-0.3338143249346036,-0.27481755306552025,-0.2221909846129101,-0.17029601317884796,-0.06505844675913704,-0.3187365777909681,-0.17241884243894098,-0.323067318826105,-0.37845565181383406,-0.17760756740750064,-0.2629616094523478,-0.05945236088178656,0.08320382985659558,-0.2704265811769087,-0.21417734179707223,0.06315411699028393,-0.010515925528271897,0.14203572064078998,-0.06117771979341688,0.17403059322393755,0.03025190647716919,-0.5427897701477542,-0.41442665232063186,0.39833670284248573,0.600693190671486,0.14236344600546072,0.3486176181281656,0.002683878064295825,-0.08238318567689719,-0.10543808122251733,0.10854513535388578,-0.48809934285110335,-0.30782445423575633,-0.19660946137270363,-0.04826040606060243,-0.25026618220481345,-0.13603550025752253,-0.2682926916198836,-0.023844009655293232,-0.4521046310324544,-0.3551093844137622,-0.23951041426403386,-0.4598720152285901,0.22839353763913717,0.33382968337806446,0.1659718957590446,0.1233555912843234,0.4337872362713141,0.3245743436540939,-0.05469142337608399,0.14697969317266488,0.3701416196557481,0.14282632489587246,0.17964857663434863,-0.29022485014015165,0.22551664643817046,0.06785131655828223,-0.42000959265976345,-0.10234117652450124,0.28059856218779394,-0.26130827624892033,0.206938031412353,-0.035971617045865614,0.003494807895001786,-0.158111504330324,0.12389738622783858,0.09721815407857252,-0.15405812421350704,-0.01194164919679078,0.05135398796007512,-0.27269703978631493,-0.009457469002206639,0.17408759204110305,-0.2577350655576846,-0.12860200877168912
0.19291949062790528,-0.1553919745783232,0.575010954161558,0.24148270539450098,1.0,0.2080755902873205,0.5486329899733047,0.3617676368363029,0.6700509585096903,0.5918948544531243,0.1852512498997687,0.2527834948425212,0.11251561282903602,-0.06180491061248596,0.38068307758417347,-0.13553531592584603,-0.23913434464195846,-0.3039121030875201,0.20223033725441558,0.012772452137625012,0.08854147990847798,-0.36720564086587776,0.5047415616614848,0.41336297065531613,0.26808958538000943,-0.09554395955021512,0.21524422185918754,0.06169611561351262,-0.20384310135644357,-0.30314433841377963,0.34720052693816056,0.16556761391588148,-0.31957704495779266,-0.07561330982434099,0.21346467835784289,-0.1401317590358401,-0.47721296019825626,-0.40961643081923255,-0.3265590218082651,-0.4511600038080779,-0.25970946482906804,-0.3515061838541386,-0.3376400268077683,-0.4507681114358111,-0.40468824315933394,-0.25547808098703545,-0.2772054076479569,-0.24927408488363703,-0.39072923212582084,-0.27784527698876454,-0.057020688632522555,-0.26474878715410133,-0.12412656829146754,0.215206163704077,-0.4694699926272974,-0.5248057550655022,-0.3364482604028275,-0.1900865953395505,-0.07381951520866438,-0.16672640437305064,0.2347095688767358,0.04674760301924912,-0.235054852314129,-0.02554002905481923,0.5661307885742327,0.17977797221905023,0.10159177357503783,0.09742887562144746,-0.004937168463307714,0.16018975381053518,0.014889995394723979,-0.08145107099846159,-0.4437645846183286,-0.44591983342040276,-0.4211920222385822,-0.29534002131005127,-0.2731474500265262,-0.22854355723182668,-0.295038540807821,-0.14030917265494797,-0.4982409790235163,-0.3174940407667172,0.3064550517580038,-0.08596618036151119,0.3481666553441566,0.22544199680044238,0.02577504175657056,-0.026500686107599498,0.38373189903943744,0.2533278454760933,0.08732014243941609,0.27631184828316685,0.25982374686317694,0.25021081019612235,0.15866899316859942,-0.14002319492661464,0.031107130701075018,0.07971176054549357,-0.40588068450216297,-0.2003251653087801,-0.0555595050602161,0.09149242870664227,0.1942477657896344,0.11435513946602113,-0.16487793178078572,-0.05446417754619113,0.07873452999028095,-0.17382485784029003,-0.33758454160082013,0.10103012229847863,0.1356851868469599,-0.11199208709261436,-0.1559084295573164,-0.018348946170473064,-0.010295099336493765,-0.4210963654967067
0.3446681580826826,0.06440860000812207,0.263861960125414,0.1803844113800114,0.2080755902873205,1.0,0.08476704640452434,0.1381888422613493,0.34106117426792526,0.3863685576289798,0.15214926723546576,0.19561924719265547,-0.01694142387779214,-0.05863464848470916,0.22729943598522878,0.010371389849900716,-0.065557776121564,-0.33133087918131476,-0.1454847410493291,0.03321894936604929,-0.374359716617143,-0.07921446339083113,0.3147304210814263,0.5387695241081705,0.14549504994014936,-0.003739590464224496,0.259406197530002,0.2971038404831554,-0.28107550397356923,-0.3020823533081043,-0.19576303674611276,-0.0867909891180789,-0.18770054857080626,-0.14336878879367446,0.08186168178529266,-0.097445843217024,-0.1640594557237908,-0.21689023984461103,0.03787515136151391,-0.16084420743257177,-0.22339481600123254,-0.16016232523581805,-0.23835324099806443,-0.35650462566891106,-0.23286987511335247,-0.14389982965387163,-0.28583043413257453,-0.31581349923621554,-0.05749195587239341,-0.2040203321029677,0.17373402480341854,-0.14313695768603935,-0.10680251905302106,-0.12946177328813618,-0.053457204315321624,-0.12786656337057536,0.08488653529436825,-0.12680999233442614,0.04629002779759547,-0.17255808527060035,0.0006989613712536167,-0.17690879430822,0.00348875441928917,-0.17913183576188024,0.3886728695032146,-0.00046248218456215046,0.3702390220783514,0.3181597591857217,0.13312209142533704,0.27902035618620086,-0.20564015260126445,-0.04820494121444679,-0.5520033611943317,-0.3550407613701613,-0.2107566425566025,-0.16583113589424525,-0.21388393573910325,-0.10162730148758937,-0.33347340570815404,-0.20353158979363614,-0.4326141853331293,-0.2654148096960506,0.12339515128846439,-0.09547481691701716,0.29803480601041377,0.23120946990432714,0.2014539606830856,-0.1515471458783693,0.34251320761210996,0.052378327098352426,-0.17603209459598376,0.16671155193704107,-0.014356937675451441,0.21852516659384355,0.17968932453784917,-0.17522075043378535,0.0167963503566737,0.10446727717476713,-0.29942630688829974,-0.24168989326816692,-0.040339072719457525,-0.08480154033025983,0.027361149781272645,0.3021765542455531,0.1440148978363295,0.07195062903944242,0.04465933041368337,0.056528833024063196,-0.0386141100630867,-0.17542484709058856,-0.016236018342107993,-0.22180103851803612,-0.14264954922294967,-0.0876439375118456,-0.027646496829313548,0.03278046812304136
0.23797102421913505,-0.338636486620656,0.4332696150253735,-0.05062358244264822,0.5486329899733047,0.08476704640452434,1.0,0.5958298839101003,0.5266940414859612,0.40377240546575816,0.03314190868088406,0.5908383953381858,0.48368039036943494,0.07006073486606029,0.19893161513154098,-0.0013370356075915763,-0.10358831511324246,-0.38485653635298667,0.20371126191339575,-0.05833979653676588,-0.0006027645794689656,-0.2932850092331652,0.045035311890754506,0.06407018078298539,0.08593180418807846,-0.24062695324956546,-0.09134950418056734,-0.23226356071062831,0.0934018861995558,-0.013885667974059032,0.40154004129606224,0.23831307098657825,-0.1088112398608832,0.08968341444721405,0.1153532661129068,-0.11253133830940118,-0.3631440974697464,-0.2960635301623461,-0.3036740918450206,-0.3932030897063595,-0.08798459737407115,-0.1467661354332991,-0.27858742235456085,-0.29074611681446255,-0.09266866127357797,-0.15447731901252051,-0.25056391201931727,-0.24801975247153668,-0.31388077169754375,-0.1178519671616495,-0.008207145680999227,-0.3624819674224841,-0.33703796946825243,0.05715332791792143,-0.3979132995145994,-0.37339549996650034,-0.5033840209762421,-0.5105344087942159,-0.09383843820847045,-0.16022734637800926,0.12734218558000862,0.10652600197459078,0.15314872782427053,0.14935309643138583,0.4666504243981253,0.01035657777517013,0.14039059827635159,0.03133776520031513,-0.2859206144718398,-0.1990413578234477,0.2829740623842298,-0.04470613052000042,-0.02847705630984266,-0.14949959738433416,-0.14291496621963037,0.04653977626323091,0.05081789734834762,0.063716999878171,-0.25946111512383474,-0.0359033295457475,-0.3535277875710821,-0.2899769935071615,0.16478598482203027,0.017752038809148798,0.14814273612486273,0.1432998856729049,-0.3363012751748853,-0.44919150413483083,-0.00201366966147781,-0.08293087861104548,-0.07663572939461553,0.15491784644142226,0.1260914539743308,0.15917059104950135,-0.02888537846315302,0.024166788076032588,-0.09736462029765622,-0.021439852775771782,-0.17049190990706795,-0.13654036944331344,-0.012930555493144922,0.1807710943944669,0.18910411233648025,0.19842504448871354,0.06827388009733855,-0.030792514027766525,0.23368717373015305,0.0825480411164539,-0.13057585094302585,0.09515387293919994,-0.02357152820806543,-0.11366188249258075,-0.07412928709208091,-0.01249663218858586,-0.10839366169017373,-0.21507239958944582
-0.21740899118003884,-0.3593610700804575,0.2888200064953625,0.35631120375055303,0.3617676368363029,0.1381888422613493,0.5958298839101003,1.0,0.28668969003196815,0.4139132041574594,-0.04498449387998298,0.4584981968483015,0.10662893475192856,0.22250113394519933,0.03634142752808701,0.15143061025762192,-0.33031400939872346,-0.4065663760681642,-0.12132569551884423,-0.2268416170646199,0.13007032613349875,-0.11130788137292176,-0.006541199604449607,0.23932152399062845,0.37780319507638854,0.24770689753232322,0.04440568836833374,0.05024380858832396,-0.04870318790240019,-0.015829350310535572,0.44336689492593595,0.4843322400543663,-0.20014117226448178,0.3042522329420778,0.19881324671581166,0.13565043073054125,-0.26809338094762164,-0.2618719003324898,-0.2918679289695891,-0.20968414106887737,-0.023372323411681998,-0.06267588630606884,-0.2586234186603648,-0.13542829504769918,0.04783795389773019,0.08785691365036591,-0.1538839096579005,-0.26339530123289134,-0.4326178417750365,-0.11614689698260403,-0.29137435344057777,-0.2641626026650133,-0.27353925710181465,0.0986636784348109,-0.2632305068299211,-0.30233777545615564,-0.3751445769828935,-0.5114613479208583,-0.33101512603141375,-0.33926312663990016,-0.15296106295160125,0.09247136032044453,-0.12502213029296913,-0.04775543058347501,0.3404984803373963,0.37244666480171457,-0.01169930039246546,0.2346866679242643,-0.5001888503191396,-0.42013447920152014,0.23578400690768717,0.1367582867247533,-0.018443619040323534,-0.17937136804491957,-0.2412365309096943,-0.02023019079352615,-0.10238725728150869,0.1300836909132845,-0.23439535538989217,-0.14540258027676514,-0.3752875738312026,-0.365332948590565,0.09861580628821358,-0.08805400554722209,0.11929328559370578,0.1286849112909058,-0.1393330462730518,-0.3682297195677538,0.1868237636624074,-0.06649569535689925,-0.024798042034432238,0.1726195534412097,0.35226667317674687,0.21263404253803164,0.117800613553641,0.169745435753062,-0.08397130588317149,-0.04847203903625414,-0.1459926181523861,-0.0498550385079786,0.1645161242943398,0.14086161564741514,0.07231659267197833,-0.12731793556367274,0.07654536556348183,-0.034952089258060905,0.11344371102643058,0.10254555606651566,-0.010996152545691406,0.20303530625757094,-0.2339134403832363,-0.20237223592530934,-0.12924209233943418,0.282643539134193,0.029567262481475228,-0.14978600716420956
0.2789348553630412,-0.04583608992830163,0.7005142649706007,0.3629242226114072,0.6700509585096903,0.34106117426792526,0.5266940414859612,0.28668969003196815,1.0,0.6009032030839604,0.2866975970566816,0.3922820792217922,0.3250325255676647,0.06358085303829468,0.6346377665517946,0.044298381518927524,-0.24944594947756163,-0.4310325479008934,0.14891239585180674,-0.09131453785361969,-0.1245992922944265,-0.2861158850974237,0.3495552502248074,0.22742733378419575,0.24015120576375198,-0.10013046266678298,0.12751973160836738,-0.00035009700270577604,-0.2760238928929617,-0.47529593378817214,0.16203382711474773,-0.020884187723328552,-0.24287282968618026,-0.10886773840229352,0.19871702719907497,-0.13794464541947252,-0.4199641422147699,-0.5269641618405924,-0.17520686401336352,-0.48542430848938595,-0.23065078103099756,-0.4294374972962021,-0.5843548354713997,-0.6379495353814468,-0.5140495492274585,-0.5187960000311563,-0.5112907395525255,-0.24768513876140974,-0.3934531354469199,-0.43789975928232716,-0.07764858036062858,-0.38757761290217213,-0.09361392085166009,0.16293330830363065,-0.5162175281605752,-0.4459005145732806,-0.25700938166254306,-0.12175888101524074,0.20896791275402943,0.053105287300446544,0.3949185873950393,0.1342617958739359,-0.1988827528961198,0.0050869095271809175,0.5656878061910261,0.21011155903096826,0.18711905853827773,0.06383568657702683,0.12822869836903825,0.18681736917161323,-0.007637296114206502,0.014258831901863288,-0.5191103684993574,-0.48010705263815495,-0.2875265221022037,-0.177934062037344,-0.20357491615676526,-0.15277484001783656,-0.3692729606254934,-0.16457588838772233,-0.5303434894428859,-0.41975409728355983,0.2810118201729538,-0.10412491951331142,0.24821177876433298,0.23920032593959412,-0.040992940189871936,-0.11091960791141138,0.3008435578974776,0.323256522520068,-0.025608062439779665,0.3520832641250235,0.3161619161333899,0.2874901528261568,0.2129552341806701,-0.42016940735522607,0.134392853476193,0.21714735500487065,-0.5405347656946473,-0.1926773800170179,0.1536297352479696,0.10231905574170724,0.29204079016322154,0.2834427588933477,-0.06373613647417309,-0.13870678006801312,0.18671526626942014,-0.022024902650099095,-0.2735913467134341,-0.12816728481915537,0.16571506590276475,-0.2804002690630095,-0.14756739281312323,0.04835931214766731,-0.08764506040598967,-0.24396965051939948
0.08238750356890791,0.03742895551093597,0.4221986078712854,0.42412369162417785,0.5918948544531243,0.3863685576289798,0.40377240546575816,0.4139132041574594,0.6009032030839604,1.0,0.11496720590069415,0.2968074410521137,-0.054110478150134464,-0.06820207033239961,0.23533549811002996,-0.15165807675576076,-0.32420340418270516,-0.43424253301934285,0.041841049848502836,-0.26163225313716887,-0.23748152364421576,-0.17638944503415313,0.3511326987294051,0.3479126758075764,0.35485404306369794,0.06147034053399301,0.1652331016894785,0.13316305421609392,-0.5265396377408216,-0.38114608334162264,0.030413907793762306,0.057352567833532896,-0.38438886515169945,-0.17113539532250166,0.34594348672822245,-0.03420672011285676,-0.4553228831705555,-0.3755097358085367,-0.14464800435050626,-0.3930467160219095,-0.32922862284117804,-0.4020666892299068,-0.38434849274729477,-0.5523865391633694,-0.384884524853067,-0.25983610455229006,-0.30722274858275894,-0.3596204393446303,-0.43772351920569635,-0.3742544100977987,0.14017427116010087,-0.2414111497090185,0.04683510669215107,0.2516251828339453,-0.20705416504238194,-0.41059723605813053,-0.028757629406817635,-0.08123802394926705,-0.01771161794969773,-0.15924162604162717,0.10974409150448654,-0.02687365569261298,-0.2970946722649883,-0.22045306818740149,0.6365074162692812,0.2831186971245747,0.29338338438356276,0.22165074096449036,-0.001520783860113613,0.018297433332429922,-0.1543215902446503,-0.21380551274302587,-0.5651316604627737,-0.44882811643291204,-0.19747509607512193,-0.27984158027880746,-0.19542219375299288,-0.1287162564735487,-0.2596539309564885,-0.019852011823920976,-0.5449340383294596,-0.25217310902805135,0.09287604306266116,-0.1864735753456914,0.6164277944946714,0.529561644131095,0.22020797025015942,0.1338632192849632,0.490045849696899,0.42132223035399136,-0.06373054984941247,0.15808006431686544,0.16753532058801768,0.10106182707097239,0.21453737856428431,-0.28448183108063424,0.18270032543450385,0.22105134375459976,-0.42119746690734045,-0.21768879609659367,0.029063433731059386,-0.05685727947212765,0.20538055627438587,0.13327753399776646,-0.16473384129703136,-0.1484886950084263,0.1319637350083291,-0.06834289798564427,-0.18380061611145745,-0.0343394807990474,0.10161854343782291,-0.41041672681258856,-0.1573930188895096,-0.041262195667632624,-0.22740905060701327,-0.2458297843094684
0.31565209929737403,-0.21106710073982132,0.4090280505166492,0.2306987596204288,0.1852512498997687,0.15214926723546576,0.03314190868088406,-0.04498449387998298,0.2866975970566816,0.11496720590069415,1.0,0.3488508758375198,0.36233887933998155,0.43362103416140363,0.6893862650512858,0.2798725607886177,-0.08996949513970522,-0.20379171051264783,-0.057260861249888786,-0.20044528917247403,-0.23318925229751897,-0.33810604823187457,0.4194171175234044,0.19567659847266294,-0.11917274305930158,-0.2647230618961082,-0.0648160358776895,0.028843472198441016,0.2034786808648015,-0.22298606327231096,0.02756811589754574,-0.21071570650686672,-0.24115646828503742,0.01007637236741469,0.1792348008485795,0.003169609010247153,-0.09033133438132618,-0.09733479315752568,-0.14116186693769764,-0.18416003363471076,-0.28389230766172063,-0.18646464074270366,-0.282745186339385,-0.11201397461192343,-0.12898318050916552,-0.2855627527437416,-0.1151850738294458,-0.03838087310021911,-0.02787394458615432,-0.285383485690948,0.021666473905888637,-0.06087819972377071,-0.032088222828363995,0.18271703526313743,-0.09382227792143392,-0.20107673143357996,-0.16645250151640917,-0.1965434702870181,0.05809667316843931,-0.10814114945792871,0.3892306147629403,0.02385934759077637,-0.05477764322448655,-0.1922925636194978,0.47407469637128313,0.2884645142056344,-0.12320800873503952,-0.1435663446130584,0.019511243937005887,-0.05869617140426691,0.09551039543128076,0.0441450320108616,-0.30970402307640016,-0.3003995048785426,-0.039420418130603194,-0.0655313521421396,0.10598724338407617,-0.2767082602856741,-0.0018122216055703356,0.019617116310429,-0.23071182729375453,-0.11262293586296729,0.10729343927313865,-0.10740187618485114,0.29138298121811257,0.0070006792393288685,-0.0006861862557976006,0.0067603220136115,0.26716884736200003,0.17456976729895132,-0.07831822472166884,0.12572724132277582,0.2042252692237275,0.2237767216269073,-0.08268593098144895,-0.29965674403073234,-0.05257890424687698,-0.1270351040355084,-0.2185989131952519,-0.20282775821984245,0.1667335005901199,0.15460352473365765,0.1177396661733918,0.003989922627519921,-0.08209903425118484,0.028017908592601802,0.14786027053556913,-0.20761589079089784,-0.33487656320441495,-0.23355402397331193,0.09940447121689878,-0.19696226360758465,0.027432375245762055,0.17172908885564428,-0.0427518482903299,-0.1847225190930945
0.16651161083914073,-0.3936810685926775,0.24341553717405134,0.05007510204529964,0.2527834948425212,0.19561924719265547,0.5908383953381858,0.4584981968483015,0.3922820792217922,0.2968074410521137,0.3488508758375198,1.0,0.49966444857613856,0.42648446454204764,0.37395222986196774,0.367573359826102,-0.09222142851003491,-0.15432060662152888,-0.08503079916327069,-0.2871602211966302,-0.2171607694739982,-0.3875269580821174,-0.0002997983063232029,0.13796514211028715,-0.002626393132467606,-0.279030044683512,-0.381483834416643,-0.4292315659302705,0.2286042853426576,0.09998817606937954,0.2431120643000441,0.12639998233844052,-0.27472456695975606,-0.051992527239642705,-0.030536036580997482,-0.21745094309428076,0.049512592527344926,-0.10924839080677501,-0.16529684310838966,-0.20634052422047938,0.010681956007306937,-0.04107747407545958,-0.41631955049829455,-0.21755811234659223,-0.18421277899109606,-0.2870767157631019,-0.1716838739166499,-0.16446732830966213,-0.1625119488474298,-0.1426061047800908,0.06269710431109937,-0.1925582259318344,-0.2293108487547186,0.18300962032146795,-0.1955059059619442,-0.1611232443314851,-0.3739279981769985,-0.5239324899950718,-0.16171566930682954,-0.15910025580998835,0.24244929937970294,0.12343477778186925,0.20343906482445834,0.2792063562715135,0.4062401377476637,0.08831565692469405,-0.11118840492662276,-0.08609799921045218,-0.4014959765599251,-0.35797978256994273,0.11347559371338639,0.09472751726717238,0.03958404644426882,-0.03507382054142739,-6.154762343995703e-05,0.01267104203628966,-0.021450831884037708,-0.030832725686871534,-0.026912216050044662,-0.0001778135975368073,-0.23523285219962595,-0.20038296740333064,0.3114067589919896,0.22654358538984362,0.09970762598749772,0.18249754058938517,-0.16648230635436348,-0.3575099405510936,0.11713908710285666,-0.028605951659370497,-0.0438652480821117,0.23109269095398274,0.28588410520561475,0.06748105475101136,0.09109745197418159,-0.06776455360100005,0.06881678115529093,0.06243479930591617,-0.13622523253618812,-0.27055713898876277,0.08088082234405232,0.16934394553030982,0.11549907749182947,-0.015524214864506296,-0.1988911439289451,0.027467019535857614,0.22758973884701567,-0.04173916159706507,-0.0961396006062785,0.029858812823547572,-0.05212003993777389,-0.20358721798598317,-0.10309215091744262,0.13249967800720525,-0.11812002092874573,-0.2892487095559816
0.4029919222976262,-0.20308642263142326,0.2240634800755695,-0.16375949979692483,0.11251561282903602,-0.01694142387779214,0.48368039036943494,0.10662893475192856,0.3250325255676647,-0.054110478150134464,0.36233887933998155,0.49966444857613856,1.0,0.46629903838774606,0.5486603488133822,0.3647517139518013,0.15022786191178833,-0.04677899245880344,0.047611278135128554,-0.04116557411013028,-0.20984909300689755,-0.31120181913883754,-0.10477324046044262,-0.18633810900817901,-0.2491792889820668,-0.4560411770734967,-0.326918358042927,-0.26012395601862254,0.4131880406488088,-0.09450194807992846,0.05120687580499806,-0.20472632872815005,0.05761550727203042,-0.009753732003415467,-0.23965338002269634,-0.2548047560677904,-0.009121798018853315,-0.07953483915399862,-0.05534765945589383,-0.27427124950924325,-0.1236179550906362,-0.07164858290994058,-0.34283053981277967,-0.17152280883156074,-0.20271475932972677,-0.3702104633443459,-0.03248646547525989,0.05845785127207038,0.11426337709273045,-0.02975248779230609,0.03830594020914566,-0.11377440153420373,-0.13587046225946833,0.0025358248826837897,-0.2726693063992201,-0.031774015885535974,-0.3364590036831347,-0.2840828114020473,0.15606120264027035,0.038004598512517376,0.45226232045825543,0.2815903051271304,0.39060474553053826,0.273753022910197,0.20078815757475668,-0.0010765139534432398,-0.09087395358185009,-0.29769294015077974,-0.019384267562962708,-0.05480473493668722,0.15837220631586307,0.074116984403954,0.15241072898025423,-0.0982667987168179,0.19801554180789846,0.08719679625016066,0.13226985576329933,-0.1656907742597016,-0.08183968187464481,0.07175308516242616,0.08604903440319774,-0.07905617228562643,0.0891143996084689,0.05791606869417808,-0.20730830106860515,-0.09290710792669174,-0.321921967723101,-0.44329195649142816,-0.2617121185775342,-0.12656508388559212,-0.012729033520726192,0.21940000979041654,0.020312207958432204,0.1146691645590137,-0.21345923277235473,-0.1791033662545184,0.09139083603454741,-0.026803513596146755,-0.09376324768461575,-0.07384881467677021,0.09884770262932767,0.20746578271139435,0.0545390370894764,0.14045537115029957,0.002756350192748892,-0.024789106550123872,0.31329980624101417,-0.09061739962563745,-0.0565559858681775,-0.09757507803313302,0.12223233428651153,-0.0663822206092353,-0.07597974086921373,0.06540216241010353,-0.007636166357253529,-0.08519248752598761
0.002661670797071609,-0.2498459428268206,0.16139561634722896,0.2123219582923712,-0.06180491061248596,-0.05863464848470916,0.07006073486606029,0.22250113394519933,0.06358085303829468,-0.06820207033239961,0.43362103416140363,0.42648446454204764,0.46629903838774606,1.0,0.509813727915165,0.6617533481906831,0.01782795756671245,0.024964609612174796,-0.26297517649706886,-0.3187032913203158,-0.1882425914231605,-0.13255803740053348,-0.13768677853233968,-0.15865834348107605,-0.14718717396095496,-0.17720186455154469,-0.29309236195852184,-0.11633232058046653,0.23723492115707873,-0.0570472634818401,-0.005101544967978804,-0.11725388273430357,-0.009494073207665,0.1449176180638093,-0.088540455328714,-0.005707327866153965,0.009430850981500207,0.10104459755365117,-0.1200327014907026,0.0055893879422015,-0.13602477845442265,0.021314248199613566,-0.25711119965669316,0.1267131623536637,0.08863615362310123,-0.06540275198846379,0.0871966915945922,0.10043207886594142,0.10530358426027536,0.04157732767529426,-0.05882383497273755,0.09215849380722964,0.0962503440383667,0.22995373144374343,-0.16047688676833943,0.09869502704838372,-0.15077646591377383,-0.28140332835136417,-0.05839489120280108,-0.03176468945655915,0.43632536227900054,0.41246457213907556,-0.062475860436702946,-0.03596468663930141,0.09220479334562502,0.49998245365557864,-0.42216894023609813,-0.29657547383093713,-0.3280223613335679,-0.4437231977618116,0.009537262771650215,0.04072801387276223,0.05726007224058704,-0.038975031252092854,0.19140173309134303,0.164475681844409,0.05734667285358144,-0.05372559016990125,0.11734309353347448,0.10368484057430251,-0.008611110191320865,-0.19700424458693563,-0.028958206403388604,-0.11316603017128887,-0.18672056967358752,-0.24225797670361557,-0.057592192498467906,-0.1685348982010664,0.04956826255627264,0.012312355805766477,-0.03265721088490853,0.06824870908144466,0.27206190924342055,-0.011990442728135181,-0.28506568957237116,-0.07696476262615667,0.011674474561952345,-0.07551049269723063,0.023228931578357745,0.04371409946339522,0.15148331178772767,0.06702006583270975,-0.04936527385386769,-0.1814112528843296,-0.12271883491390433,0.0028607424608869613,0.2696111192642035,-0.058733420198730346,-0.005286959124940763,-0.11123623968010103,0.14398089714547244,0.05211697323234282,-0.03744277568171128,0.1992154967447231,-0.10209309361092544,-0.008197055993932795
0.3694847749276051,-0.05389369999681995,0.638146281442396,0.27905076397017503,0.38068307758417347,0.22729943598522878,0.19893161513154098,0.03634142752808701,0.6346377665517946,0.23533549811002996,0.6893862650512858,0.37395222986196774,0.5486603488133822,0.509813727915165,1.0,0.40125391385797143,-0.17426833827913754,-0.21935412323200207,0.030754902259711232,-0.16456868728812482,-0.20142385362837797,-0.278150922756737,0.46431223384542425,0.20888494439086663,-0.04045134081746271,-0.29846334856756646,0.063256632662618,0.068146549541207,0.00016956471865866215,-0.5040261616218028,0.013946194707139753,-0.27918411570011104,-0.25903135304021796,-0.14243440946503674,-0.06180235917636931,-0.22612339485126537,-0.2927894343967204,-0.29026884883799015,-0.22799681385331788,-0.39350181306956244,-0.4299425938117157,-0.34798521822316153,-0.4617000319473553,-0.3174110460183875,-0.3048312177723918,-0.43030408387967406,-0.17614570823920933,-0.03690651000561921,-0.003108042149842086,-0.24998452191568438,0.05903578649548437,-0.01963159578191807,0.004321594628209118,0.20691340833835153,-0.3092383833424311,-0.13114144375297257,-0.2724524160359931,-0.14824097954330678,0.13042356395677954,-0.06027330330532903,0.557039355128706,0.22114278364144577,-0.23272749223321412,-0.1596851564987409,0.42013795671955445,0.2947134786209497,-0.1428338498728738,-0.23748711930575483,0.038874196628323275,0.020644964232142543,0.050965708433576465,0.06044279229494207,-0.3948432953600142,-0.42769090554371514,-0.14907125091652557,-0.2532055957342914,-0.0887963276571148,-0.3739446159320194,-0.26332960970440444,-0.11503243044261839,-0.35936718986656124,-0.3484559358683377,0.15105788848856086,-0.26313413430444516,0.07350761143946281,0.011837689255514445,-0.007114354640866371,-0.11237474244068191,0.29196840551100306,0.24159752791442202,0.11226657571378577,0.35779702701530464,0.31350169518553467,0.2848537986468362,-0.059755468126154926,-0.32876355451056344,0.12706157137833665,0.031872083754292256,-0.27994305716446727,0.002297184509274452,0.20657303867256238,0.10170996608837547,0.14971190788925665,0.26034070076641885,-0.01218312903872748,0.0549934221916844,0.13420333360023043,-0.21775843517071158,-0.3129498740950168,-0.17975325800342687,0.14273815042285704,-0.10390383686476722,0.013299112090414286,0.23570807680542047,0.09952056195947659,-0.17458154202578874
-0.08004168778171082,-0.2566084998223574,0.03576758251584081,0.07492788391378866,-0.13553531592584603,0.010371389849900716,-0.0013370356075915763,0.15143061025762192,0.044298381518927524,-0.15165807675576076,0.2798725607886177,0.367573359826102,0.3647517139518013,0.6617533481906831,0.40125391385797143,1.0,-0.055688594469150435,-0.04090572840326971,-0.340153177019064,-0.15156225060867154,-0.20644118712955073,-0.03194967998006259,-0.06800249033660803,0.0006389301948625422,-1.1261503783113527e-05,-0.09116908661472958,-0.3052709930492645,-0.2255656333961168,0.21442096057947183,-0.030803145062388453,0.039457112419787624,-0.09389694285063736,-0.1395067862448826,-0.052751125663035935,-0.22371819278736735,-0.061145765872317036,0.17020331598598018,0.09387745458662124,-0.08733975336007932,0.0341974095527136,-0.13999435449586228,0.20539222042933306,-0.2260367167517728,0.030417064124396195,0.19275762124516227,0.07233968735099229,0.10818552431413453,0.15708568818381421,0.17278901073078995,0.23796063773399626,0.038832644731888334,0.2503125540819636,0.19043695590773016,0.27579369933706177,-0.029396206359738178,0.1297447309256946,-0.17715829969731198,-0.34335851636074327,-0.23089863669915434,0.009731389438569504,0.15865834376963833,0.38587133203177226,0.07245198082789724,0.11645265842626486,-0.06664928062791288,0.11375411565910616,-0.38732860615086656,-0.23358760514031185,-0.3386471591813348,-0.2615648279109441,0.012538266079661929,0.10547158167422045,0.10787439145584775,-0.05217409368339943,-0.07230581457507641,-0.10321922701058622,-0.13948773530221464,-0.14909702329256225,0.07990825388088893,-0.23905187623086424,0.009256703129224978,-0.1670774175144911,0.2067803315275358,0.06210929163249326,-0.2357133819503398,-0.35058374030123474,-0.12413958703884972,-0.156253182642285,-0.05574005494962507,-0.1171122674549461,0.16798004007816456,0.2961967892337053,0.3956554400635346,0.09613931715392704,-0.21243277188888834,0.07711548614041491,-0.11740244668478665,-0.2205241070015138,0.21526928322558272,0.16385623551250925,0.30481327862919727,-4.572455785517069e-05,-0.05859295836096725,-0.03645966086767271,0.0046273638193215505,0.17476132971887448,-0.06102267893962155,-0.09215157603540966,0.027581416978563304,-0.25193808095569226,-0.04111486619729103,0.025822748974992163,0.14869676568148538,0.31077735598998985,0.06648514429069935,0.20960058791925226
0.1572011161079422,0.09907568728460145,-0.34372193999539236,-0.5093033291316653,-0.23913434464195846,-0.065557776121564,-0.10358831511324246,-0.33031400939872346,-0.24944594947756163,-0.32420340418270516,-0.08996949513970522,-0.09222142851003491,0.15022786191178833,0.01782795756671245,-0.17426833827913754,-0.055688594469150435,1.0,0.5561367291226571,-0.04396180535235029,0.25786235503759414,-0.10674704092736827,-0.17989270030287977,-0.35446137975116976,-0.2057080412047526,-0.2851005644924805,-0.1922473156256385,-0.26358121836733717,-0.11490826640080978,0.44207593494206116,0.25092284389672803,-0.20051987459366888,-0.1910051899720914,0.28991899965758217,0.06669278782872574,-0.17135095177959558,-0.25270258925323175,0.37818637616732464,0.2939895908979648,0.12126210894948433,0.2507253943563905,0.25312968153450977,0.2134934940675781,0.13170929902620349,0.19549591433162755,0.024144283337872885,-0.09911832544363451,0.1504767152308623,0.20051101539906294,0.1712414808839595,0.05717777622569738,0.0014672624240242905,0.04501661715498462,0.12613762213446902,0.012052291852262344,0.2917175899524503,0.2616341288803105,0.3383837801136995,0.25937545425598657,-0.05165887336228029,0.018213111699262364,0.15201343624185,0.0615595280524382,0.5112610974788968,0.3231084383034261,-0.17535880796617867,-0.16830622336633605,-0.2359886995088518,-0.26263547651727925,0.13896282722515216,0.1254882258392165,-0.09315544977391571,-0.03594108302511597,0.31993153433069105,0.04587628601396314,0.3436784490110464,0.12164596724459037,0.09704077376780965,0.08586189102683218,0.401593726979044,0.24608964065072556,0.42916367074633854,0.36250515042483616,-2.830807172913774e-05,0.15883245652143668,-0.22998025536571262,-0.34079531260773244,-0.08299096664793397,-0.08149759165982065,-0.4406842367429642,-0.1432215890790025,-0.11021946966373582,-0.24721130554152398,-0.45740974741794943,-0.28751135468662675,-0.2864955104558123,-0.021760128836896823,-0.07625566735618029,-0.13092253623363462,0.13338213956179873,0.07413803716685188,-0.1900751524441874,0.055989769752253095,-0.2202397393306793,-0.1087249047603457,0.01377886737851988,-0.1932880710284167,0.12778997496464659,0.12138120931275992,0.08176779955921622,-0.12297633930817506,0.03958677695140149,0.2895911995996915,-0.11865108239179945,-0.16306382010873893,-0.06723118698184209,0.3237534327006932
