1.0,0.6073557910013468,-0.27906924357605073,-0.5204803144538414,-0.3403185086602858,-0.004200417852752861,-0.09664007297252468,-0.10549465345110903,-0.2369313391967737,0.09944288319830112,0.32073434628313685,0.4089004205078847,0.3035200101896995,0.3964418218570516,-0.18390230215989462,0.16748378211954632,0.5302995218065798,0.2018164594602547,0.03200827712856433,-0.009363434324113493,-0.1786492318151959,-0.23412390353145146,-0.458166943086732,-0.6297849956279931,-0.3676386024944018,-0.6284853921574565,-0.4966734381889845,-0.43029395936190895,0.26774358252029706,0.23654260534096225,-0.3207601919524566,-0.371871336666916,0.1513637234678517,-0.15748488038737216,-0.3674699525265748,-0.5003411537402116,0.28834420344063494,0.07327958513042881,-0.1053771829719888,-0.17684734696949078,0.06778526157284208,0.2171364642311184,0.11915805825542826,-0.04212561290765247,-0.048189492545944304,0.11648161873874946,0.036671351362482674,0.05332073733987029,0.05685125587859021,-0.0014030945848361167,-0.3796748019633599,-0.05708990176054563,-0.08554790081308562,-0.03254229807560518,0.2826172534783973,0.22790351262993147,0.4880079691610509,0.27974859117113715,0.22255746085138933,0.24856925911965777,0.4375067716191646,0.43937015078364083,0.4320260535506437,0.4272217364759273,-0.03619224121438666,0.17597479533743668,0.12753406862503697,-0.35910505382790703,-0.060469466019253335,-0.12053389937780264,0.13073650533835893,-0.21245604792116812,0.41271105296232646,0.41662734282015074,0.37728800865077944,0.30867812750160084,0.43357791626745795,0.18689285461093227,0.1250075902781405,0.0983315629430469,0.32113077530548906,0.26907180141618775,-0.035693435383191655,-0.18945007843156697,-0.3610282519332189,-0.14397342476068617,0.040954690392086775,0.020439859733884787,-0.3237668417763362,-0.08833989192178265,0.02707062000148152,-0.12565329164317726,-0.3311904852101791,-0.22789963311681424,-0.07339020522762502,0.12062586605675858,-0.005315872064049572,0.04564144121029622,0.0032160432055317496,0.3463828924824735,-0.02402359182799109,0.03527148368268768,0.026996455098712267,0.04042414357224178,0.07070098245118547,-0.16909953072028197,0.02421224996799703,-0.07907008271034137,-0.17315225989503544,0.1472623271490537,-0.3909007577539482,0.18358661780730687,0.29684805865061875,-0.0406743509519857,-0.3319535279199633,-0.0337601488861917
0.6073557910013468,1.0,-0.3134554007828611,-0.40994348234127326,-0.20751857576911864,0.052872797408051626,-0.12271605439570347,0.041627262655419245,-0.06546172152753388,0.21172925385407082,-0.010044308743871737,0.5145810108523724,0.18935888838767617,0.4228883319795778,-0.25619493902088397,0.20406196747479963,0.24030922671636926,0.21879021352170885,-0.16944929961931454,0.07184722953943035,-0.27091237271896795,-0.15405933691700116,-0.5235135885278166,-0.5059310118751892,-0.2994211197997542,-0.4146461218289984,-0.489881539124731,-0.3347154088290376,0.17377428711489157,0.2504941590387594,-0.40213525072658224,-0.4271863165592616,0.02222127815717347,-0.18844855421802545,-0.32081110704968935,-0.40769605052101376,0.20587134684430358,0.033359271333457875,-0.14867425296375136,0.11747438669896679,0.06754616235956072,0.16748932689906773,0.10737095970345076,0.07274589925012882,0.021443321591663022,0.24566381975453136,-0.009383073975797438,-0.030654243379767243,0.020238087188881697,0.15132214646699782,-0.37383333069914815,-0.04447026918189234,-0.02908348191992806,0.03504834878870099,0.3233899113765801,0.20985955122505948,0.366114130274367,0.38580351745399655,0.16974651515857245,0.3468446845937848,0.4378178507324968,0.5498912130124386,0.32666230588861844,0.4241823295480412,-0.12504472966624727,0.31467389039198745,-0.02822847751103605,-0.3637900105404573,0.03695402270363526,-0.07347066323228199,-0.09613766068571848,-0.05823506740284403,0.10715588362433982,0.3710503325617988,0.19630125220976827,0.2511036300789485,0.2381010187747842,-0.010014454868603367,0.05496718406390969,0.11096197126222761,0.16692377313029627,0.16279906061366262,-0.06619617176844157,-0.20308094146736788,-0.3703187552804389,-0.2216889002320927,0.012945471869421198,-0.08458521504791736,-0.2988187350292297,-0.020220153681436665,-0.06740216748470332,-0.2807150177650921,-0.39890135877695737,-0.18155618767522352,0.06335483248149523,-0.006921470542621768,0.10114580710470887,0.2022702281659744,0.03114328467615233,0.15545916953677422,0.1028681400049332,-0.1401389380549714,-0.08235978263725517,0.06882544074233914,0.13137688090664057,-0.017497593429858526,0.1154306301528496,0.002876704754161677,-0.11284567180425205,0.022684184202265045,-0.306865788580638,0.13456142136120824,0.24602636767712466,-0.18800044281193787,-0.1591832531869173,0.16836523338772538
-0.27906924357605073,-0.3134554007828611,1.0,0.24508095141897393,0.6236068567906708,-0.4066488958968897,0.6337229462798816,0.3568836211546225,0.6269638579172502,-0.11248353025539166,0.39014007756595287,-0.17906196906106983,0.3234056888698997,-0.09496692675758356,0.3949008727631423,-0.001593750627626326,-0.1881337630194344,-0.5604341223370279,0.3064067646295531,-0.2532019565843661,-0.0890233946131176,0.008243379197559743,0.7233769181731842,0.6012644074839436,-0.1514699586290662,-0.005902938486757978,0.2725316749995681,0.20325812722303865,-0.3634444400654029,-0.48670087672072737,0.10618607673491787,0.07182683619170024,-0.374894817400782,-0.18069372688381954,0.19422469676425794,0.13674757611229213,-0.31578553393522396,-0.4085246890607218,0.15851510675111735,-0.355812492452507,-0.30618100337239945,-0.29961785583794665,-0.31822873805526375,-0.13684141612992864,-0.23065546897172157,-0.4293372218693028,-0.08466767283596106,-0.37656951724464444,0.42646301624248806,-0.15073671491250004,0.5731550605406887,0.2193213639560257,0.40586972298662394,0.1018758707920332,-0.08396966054423963,-0.13495550889901783,-0.6376087107542017,-0.5934954739755542,0.10729933770970275,-0.2839263263514001,-0.11799012664326115,-0.29989854805965255,-0.554219791015597,-0.4616708249287848,0.2246249564335023,-0.04957970384362048,0.05503391422257264,0.4051540989970965,-0.2664640826576957,0.0247487184728506,0.16263679643842607,-0.11738690287229676,-0.4112459875681248,-0.28553068051449415,-0.03866777361086881,-0.04742200441760061,-0.1355195648371119,-0.24719587290621395,-0.5540385760440991,-0.3805403090384637,-0.6503371600129358,-0.4802522410081428,0.09664513327903049,0.032473667082327434,0.5485658338670641,0.45077676898876035,-0.2110399559825896,-0.24500115148096566,0.46411315248515467,-0.10342577010157146,0.1863329735148814,0.20323227940266533,0.1445154558376396,0.11255923806601964,0.19295455060885155,0.026783545930994867,-0.07004232518404269,-0.4646821590668235,-0.1843912146730061,-0.42874255794593724,0.01207832861001546,0.011971370761551265,-0.1580151051553517,-0.16959455977463014,-0.3395153153214514,-0.34281565738286823,-0.08491024982198977,-0.03883222228017661,-0.17437601977382625,-0.3535268726517557,-0.023603080572680693,-0.5281204728217831,-0.4431797994281644,-0.0874222189316052,-0.2569761720264051,-0.3638515727402829
-0.5204803144538414,-0.40994348234127326,0.24508095141897393,1.0,0.14644937083647336,0.07399111617308053,0.030778670901906776,0.5275575567343054,0.12519040752853447,0.042964368572467465,0.03204685869303072,-0.1530958273147059,-0.15133195541076794,-0.24011493713834814,-0.03946022949473039,-0.0872514718714913,-0.4642483586687697,-0.35551745810433816,-0.15877291751816983,-0.17221893400946148,-0.0135927147212297,0.169788430753697,0.3612863297222524,0.5138187552279602,0.03513078614950292,0.5090541821802599,0.2851331916358569,0.4599776698078775,-0.522360723927717,-0.39307355934021665,0.07187210473066781,0.21492641155341347,-0.16702607266354463,0.07351216119476844,0.06885688470983994,0.37200168249659404,-0.31599932026777544,-0.03023087154668209,0.014003883805258764,0.15749333765293463,-0.27035516998954956,-0.24177525021344165,-0.39109683592224487,-0.2253133948438552,-0.2759910693242789,-0.19991655599143593,-0.19955636213442993,-0.2573968985455865,-0.022773039855210057,-0.21824936827100797,0.4777992152457194,0.1498777567320288,0.18028097497075812,-0.1869308526631512,-0.06633550456659353,-0.16122263964524788,-0.37594605552948335,-0.3924263161084886,-0.07332857851476181,-0.22073673812457012,-0.27854717185855804,-0.36440401647686704,-0.4348178250118498,-0.44361269080417143,0.01584074677503722,0.30387369201647996,0.004578019965742754,0.5856496919348521,-0.0702767860879498,0.027022969960686493,-0.245993482009573,0.0353802336554326,-0.40135761280777915,-0.21149177540099776,-0.15766515251626792,-0.07699617075849609,-0.354439088053155,-0.09212994156486379,-0.27405742962754087,-0.16686091523495938,-0.2459570076580336,-0.439129184613104,0.13718431809497872,-0.0017083356174233144,0.48437462593152497,0.5830731527190937,-0.06726993648376538,-0.0017833127517215706,0.343898272358369,0.42817361071444454,-0.05500420339419328,-0.027560648593655264,0.3551037461926728,-0.0288057941300579,0.0623578539258077,-0.09969445236603229,0.033132438731872806,-0.03638209926205387,-0.19785991572954573,-0.33249512436291945,-0.1581973454118942,-0.20195634254709657,-0.17948562899473333,-0.14037027993683143,-0.29654441327089076,-0.07205786544895444,-0.016535969919260998,0.15385421938039784,0.12173166486934069,-0.11289238961311866,0.2006789085449341,-0.1994797740478748,-0.4359258461560146,-0.1386069223908727,0.15421734753572214,-0.08198117986308188
-0.3403185086602858,-0.20751857576911864,0.6236068567906708,0.14644937083647336,1.0,-0.3345828904325215,0.6605693761720376,0.4038472766889148,0.882579685291042,-0.4213528928238634,0.127522340757632,-0.03994741009017483,0.3329485100210786,0.0373935630911297,0.2066161243504934,-0.04433593902947334,-0.1399120691123045,-0.25435192881450536,0.1502647211401737,-0.12561734269705807,0.1281986577675824,0.2619037861524311,0.3533081441272653,0.26600243693945214,-0.3492751876991276,0.07284097276802033,0.3613957525497153,0.15867298101845817,-0.05010328800487572,-0.12641527020322652,0.20396568689199834,0.18175082972870926,-0.38442563984283706,-0.06943207035461196,0.01872022399048406,0.01595555667344149,-0.24899630763763328,-0.2722690385834206,-0.04561254307337768,-0.08977110582325554,-0.05941104712684896,-0.08746471758374808,-0.0733249327952321,0.014047305631896902,0.03459083138766664,-0.3078187638890736,0.016618480039104454,-0.32183014219103306,0.16464228657215832,0.03160301264456063,0.36098054528936385,0.02195510247454292,0.15452256885524163,0.2034367931402648,-0.13309447034499497,-0.03346496833813621,-0.4129981440462752,-0.42532610001022236,-0.08662516585932993,-0.17957672079248552,-0.07644221840436792,-0.18299653214248546,-0.34178028791495535,-0.3179092750169307,0.1811261141238396,0.056605733094438795,-0.14039900951557155,-0.013461927201917469,-0.11372135903173564,-0.14681202823440156,0.13018763311976794,0.026876132283211642,-0.231689168366926,-0.06504519348812085,-0.1164995429172263,0.017957816877377873,-0.10085428738701434,-0.1229920046902213,-0.20229535256019807,-0.25506322075375726,-0.30138254425385336,-0.11490624762926335,0.13304598264617604,0.05128360683384375,0.2424728927320451,0.13673911786523305,-0.02551152506391998,-0.2459112478729901,0.16219600593358083,-0.4317467098228157,-0.10045737622940157,-0.04233749809742919,0.0484671415026569,-0.036254082981886794,0.09137508432281147,-0.08739506543922129,-0.07815319146628291,-0.30221605789009115,-0.13422561339780045,-0.22720921792123827,-0.1098824094144011,-0.16421805813560436,-0.0579982950570319,-0.27202077594461943,-0.260210673659991,-0.20163701429770964,-0.020596409567415146,0.08633360447246985,-0.09889498297487771,-0.20325553761058968,-0.2656906905914609,-0.2513107285382299,-0.3585395223540267,-0.07932533592300972,-0.004393348764675461,0.03813679259828271
-0.004200417852752861,0.052872797408051626,-0.4066488958968897,0.07399111617308053,-0.3345828904325215,1.0,-0.04990085198155119,0.05831825097453014,-0.424439604810955,0.5778113104681886,-0.21364266306214205,0.027840990670451572,-0.3154960497356915,0.06270142381546995,0.19739122311011884,0.2806508470175902,0.05056363206473773,0.19696626432019332,0.014926546941840596,0.3079613071006192,-0.13954455267817625,-0.03479997673334768,-0.3679613994616025,-0.1046891278990327,0.2280419307186882,-0.17410712456315888,-0.15122738403727046,-0.14752105195617835,-0.03086810165405332,-0.025752288101759595,-0.33526543107904283,-0.24134963351751376,0.12770342930164585,0.06876324706751248,0.07269297516979169,0.0757013993583116,-0.2820495133498503,-0.16805881946504744,-0.11903908103345676,-0.1111121684254713,-0.014952050799325559,-0.006017302313186664,0.0641893546262122,0.0525252226606004,0.027190151454861436,0.21499748210980313,-0.12337275789591205,0.2796436234624481,-0.22161749775653522,0.058602722302357343,-0.27638423664129064,-0.1560038349452298,-0.024682328211565817,-0.10304020710324943,-0.29031627003395755,-0.033459212844958,0.04051991336120629,0.053888072205068006,0.10873218030240293,0.1324820263437036,0.19883462732603818,0.09692472635913747,0.1889933212876673,0.09085201046545538,0.256023548675125,0.3120389914476558,-0.11503704812753592,-0.10460169487861794,0.08545299738164404,0.07115601215329863,-0.11775954111670324,-0.2018479452633376,-0.0029736581426677653,0.0012299667191006541,0.20611493452288043,-0.021057736754086682,-0.2707062577878213,-0.166324251749269,-0.036868654306021806,0.08837642910555368,0.036770386248875825,-0.10314048465969534,-0.031241210556591438,-0.02080196231389869,-0.1344087250213757,-0.19748434927921146,0.22445496731441225,0.0177464323582052,0.14772364668599772,0.26511986400694343,0.20914260797225673,0.2561992953176959,0.2904661219804753,0.2448053593883165,0.2835774751746943,0.09805425360670827,-0.09859679061706707,-0.09602985506913753,0.03812624120554513,0.1264682254573032,0.26013625486499814,0.0943398418013982,0.20804256247557484,0.2988080235507832,-0.050089543183397534,0.1953865398526979,0.07828330130444355,0.08843279303891793,0.20537696645206688,-0.009107644560436967,-0.018053130578795297,0.10896027412946825,0.21596598671277656,-0.05467140959670918,0.16420865114759092,-0.012853380022647243
-0.09664007297252468,-0.12271605439570347,0.6337229462798816,0.030778670901906776,0.6605693761720376,-0.04990085198155119,1.0,0.5177490422040214,0.686493577924782,0.04358515887564001,0.1907539355226179,0.04191980041765377,0.29066210528241304,0.13502675559240068,0.32732607882708337,0.19299502760227558,0.0247508284069626,-0.2572030183521849,0.4229241786343895,0.18227304583355922,-0.16854878281885693,-0.0626842817173702,0.2431816258302157,0.2811087565110282,-0.31818810758929017,-0.24462995661051629,0.022350714964970746,-0.18326374491585648,-0.09610897319742588,-0.1449771595284392,0.07257480742532188,0.049146050576485974,-0.3415015632018563,0.03144049087666946,0.039338093264512895,0.05094198089243954,-0.44173903209849125,-0.5201079433706537,-0.04008405213969951,-0.43559069325445404,-0.2222554520573005,-0.1655170098594291,-0.19321619586035405,-0.11646341932135662,-0.12234786844455066,-0.37059253094044814,-0.0846492454511775,-0.20936944477997824,0.16078154472502557,-0.046389223923483026,0.211107938706965,0.027133420783511532,0.22897035916151587,0.3207918007235248,-0.2388642284716032,-0.014477064424587242,-0.46693025521676657,-0.5169373666534172,0.03616234036394217,-0.27244424717235577,0.08389164483608151,-0.16364921429180174,-0.3803513884869553,-0.36803982964448845,0.3696586744534089,0.2141308748543224,-0.23008024151590287,-0.04747898645490667,-0.24070564649755782,-0.11377004745285872,0.24023855130732805,-0.1359084099167143,-0.11634721590847091,-0.1701336323071857,0.06268356039802138,0.009637186141559704,-0.09931622523255576,-0.22672094483688526,-0.4003105200983511,-0.22507883528350547,-0.4755512015658888,-0.3706554845404726,0.08743081025144366,0.15351385115730304,0.1828373890494311,0.1338445070196896,-0.19207164506291316,-0.34360755901109213,0.3029273233398795,-0.32595435368164016,0.2659528552273416,0.2848939210612051,0.19162463811828936,0.182117747351986,0.1580190756061754,0.012037909268337525,-0.15896158302614516,-0.5057105546012884,-0.09900477233765188,-0.2938084175448287,0.1420900432575461,0.07759511037632867,0.055189816718912585,-0.10199819100509853,-0.46480865603742577,-0.33707224604474817,-0.12770435313506073,0.03064316177047947,-0.10991808138819553,-0.27606180354155535,-0.2928116616162468,-0.39757723583637444,-0.21515604106987962,-0.15733637299002348,-0.23123660121901382,-0.31330933777516756
-0.10549465345110903,0.041627262655419245,0.3568836211546225,0.5275575567343054,0.4038472766889148,0.05831825097453014,0.5177490422040214,1.0,0.4877534233830043,0.16850274301927937,0.1292832567352632,0.27024065819130866,0.09387802594532735,0.19248159576409718,-0.1434394906391107,0.05807318142128524,-0.015209524434544779,-0.1653427097893685,0.048802291193816086,0.10291933753900837,-0.1399308282045166,-0.09069264151773564,0.01457032309201789,0.21367605801931658,-0.4103948017826432,-0.027606413047643327,-0.10309294563643048,-0.00814033222980731,-0.23373903429553597,-0.16626100228722074,0.020888440122143356,0.011432864196504841,-0.3247888358168634,0.06244642494927758,-0.07684617191395224,0.059897617920664614,-0.364286873319931,-0.23818357791142095,-0.21123547880663118,-0.03888859653535111,-0.2952405104950513,-0.27090537657642655,-0.45326433331652083,-0.31168982363557574,-0.3782677439789158,-0.30482560142619586,-0.36668490847805824,-0.423920855463677,-0.0875143978162569,-0.2264529881432986,0.18369672037773632,-0.08755782368172943,0.020495791913796916,0.03344649892229282,-0.18131996363553268,-0.2647909324601549,-0.19880799287194723,-0.34343102757469807,0.013058105767589687,-0.17416287027303975,0.017623222110067394,-0.1518404269493311,-0.23237832669129996,-0.29387212590087003,0.2227877228300839,0.7124132455492816,-0.21818982253560423,0.25497862047984254,-0.20344295630963896,-0.06501965581696545,-0.17096182608432675,-0.07918044193707116,-0.19088280536308574,-0.048709030165767005,0.0429741378453818,0.12896403555157954,-0.048871006268651936,-0.09414020714738146,-0.30026131543775875,-0.07420794748111015,-0.27842703675398545,-0.3211695932376614,0.10618081812411367,-0.10283183137942836,0.21189227175894246,0.45452966600918177,-0.16552767632024726,-0.3526071568619203,0.21446872928404717,0.07562309524002783,0.09548764725583007,-0.025142630943674565,0.2090694321654576,-0.09063489526690816,0.14015604180561442,-0.1620869696845562,-0.24795635879939865,-0.24909192027943683,-0.31281783261281376,-0.2636101287466298,-0.026978436641573983,-0.26402592088322624,-0.020260384738839475,-0.15828703499737468,-0.504367776515994,-0.2102078276801887,0.033385281054526914,0.09689670790124925,0.06942972248427687,-0.12120873339373138,-0.2834491688037433,-0.19638303021992537,-0.37154398823231644,-0.3960056795327498,-0.17300724798090308,-0.025592403501553607
-0.2369313391967737,-0.06546172152753388,0.6269638579172502,0.12519040752853447,0.882579685291042,-0.424439604810955,0.686493577924782,0.4877534233830043,1.0,-0.27660810641682326,0.15720141833178586,0.054589746780035316,0.4359093115523492,0.20851685444650458,0.09827413749322171,0.08241211128003334,-0.16119547352465236,-0.25049572981757595,0.1028252978245583,-0.11944544675804007,0.027450236626518812,0.12300695163580184,0.31043411303377977,0.2576435495856276,-0.48539012607748516,-0.02047593612653254,0.188497934119935,0.0983998114912614,-0.13038676615885936,-0.13985841699687987,0.06956577059269696,0.06714175968650841,-0.3823868950443167,-0.08234557282335776,0.05222449674671106,0.0019063228392984688,-0.2247630990901046,-0.32818263714873724,-0.0325782762113473,-0.06816818369999227,-0.1542340591375503,-0.17165895565855113,-0.19939434986483934,-0.09661573022836231,-0.04954237624094847,-0.3512162298133873,-1.8449940518587025e-05,-0.44401157528171475,0.22155152634796269,0.04699608067488936,0.2880447013954663,0.08180508649444704,0.1042894107424066,0.2893510874155494,-0.04925247761800642,-0.013681628688104753,-0.3675896714320119,-0.40397404032263706,0.03526957521138964,-0.15718645510052834,0.013473932095166816,-0.10661996552703853,-0.3408606685308273,-0.34560725469034037,0.08146846278616719,0.17591804506573966,-0.17123608066413806,-0.021854540996231717,-0.12057196429511911,-0.1239683308079028,0.1386771926720825,0.06382846355994568,-0.21968597342506668,-0.06388796141633331,-0.1170270913295983,0.09800091488281243,0.008269445134827332,-0.1322582709589788,-0.20921488565875485,-0.2494723932883903,-0.39018137039717243,-0.19275213146964681,0.09858795635716298,-0.049568855011878125,0.16030623551977127,0.054841427782968306,-0.17502928324914738,-0.4104210730237845,0.21877692925335418,-0.323206654800685,0.010615645450934871,-0.01850889030004292,0.07243996061486926,-0.015316744504545666,0.05703004256102593,-0.11480441781829084,-0.074960961279523,-0.2333950626503664,-0.1303235900894608,-0.21254474361899128,-0.041600584547340454,-0.08433928794843691,-0.06941269397193367,-0.2007607394969258,-0.2892841195557693,-0.2542793627924459,-0.10574549961386819,0.08519472343813905,-0.11583803626793136,-0.25826906658656323,-0.284503449379172,-0.2173937147358865,-0.3080853189238624,-0.16595990202911823,-0.05440622891419444,0.00851897640433167
0.09944288319830112,0.21172925385407082,-0.11248353025539166,0.042964368572467465,-0.4213528928238634,0.5778113104681886,0.04358515887564001,0.16850274301927937,-0.27660810641682326,1.0,-0.07738025703158379,0.22183309852816474,-0.12049850835872182,0.22349011836359142,0.10461852046410644,0.5175677648948561,0.02442809861736041,-0.04791239686015271,-0.09158618528727898,0.1570672767124607,-0.21616886487553616,-0.19901545388905223,-0.19794374210417465,0.04284142894440779,0.2111739502032628,-0.22447811763581207,-0.40013249081039337,-0.23166594765150172,-0.23420978729560846,-0.2152333084785863,-0.37322196764158155,-0.3587080215115132,-0.024972154633244887,-0.14441136828939477,0.04581191696563663,-0.02064212744822773,-0.2967571884540369,-0.20621742779128094,0.04592301819058848,-0.19229114475877607,-0.2197357957022679,-0.11549816561118104,-0.14740422753666077,-0.08844872764889972,-0.054149608228366106,0.14347306845549102,-0.1828515512213558,0.032137879152062745,0.0697236221976043,0.10789792222249578,-0.07856647624972411,0.05709340375246604,0.12051210170916307,0.036001119011334355,-0.09224131909556663,-0.11757256772100605,-0.034167793165574396,-0.0630620707480405,0.4119186473024497,0.09064181720937269,0.3169028631733089,0.23506904774388865,0.04298718622957185,-0.05947249575664337,0.1943547936630832,0.40720344396606367,0.0061782781649117715,-0.015479000447865154,-0.1486711251961652,0.06664108894132255,-0.17499836419125306,-0.2681901372543588,-0.14559606869681177,-0.04830404009828159,0.17174032871519426,0.03233945453449336,-0.16645304364169086,-0.4647651631832235,-0.21738309101336523,-0.05615863828341056,-0.08191380017113314,-0.35941999872259534,-0.18455919278623084,-0.04816897047058158,-0.09916861222689961,-0.04824727557645061,-0.1380972206106095,-0.19740028907447396,0.30132229737362937,0.4050610526693385,0.36733834729845377,0.2447990554123246,0.1336982440943102,0.17515501549670953,0.24624299599802246,-0.03865347828344819,-0.00405589592836654,-0.16857859954599314,-0.059018228361971965,-0.07417937660871862,0.2849363429332404,0.01130974972921839,0.11076070984116218,0.19996436243732552,-0.15002246869260022,-0.12136764585029708,-0.13491183368216741,-0.09062464658934057,-0.07445636587248823,-0.19954945332732466,-0.08541372454433843,0.004708045531225367,0.057141168231967965,-0.23382180389434967,-0.1645346014472643,-0.15911997267977482
0.32073434628313685,-0.010044308743871737,0.39014007756595287,0.03204685869303072,0.127522340757632,-0.21364266306214205,0.1907539355226179,0.1292832567352632,0.15720141833178586,-0.07738025703158379,1.0,0.3998162590260158,0.6823732597919094,0.36671618333750017,0.3898432708759139,0.3112470141652032,0.12484381970889395,-0.25573056763535007,0.05768095064125263,-0.3433626635315695,-0.10225061602653616,0.10997452426577417,0.36082612927999297,-0.0026011678455458856,-0.1261317870332904,-0.16645280950007008,-0.09633129219490902,-0.034175271894731914,0.03132258262211991,0.006459814355863323,-0.03729988854812059,-0.07904001765262755,-0.2254828872049155,-0.1579720737837813,-0.0015171785584008292,0.012181032239085515,-0.13163675077047596,-0.12598084495379586,-0.2713542084852703,-0.2882176128294908,0.06917749505802218,-0.10618316513912371,-0.1288402868496517,-0.1485001698589249,-0.04789326184611012,-0.2757514391856553,0.09192312186593743,-0.26123367523449187,0.392097081702794,-0.0820082930329339,0.1813451815555491,0.021268582089422738,0.22631419697570984,-0.03994080233405954,0.23150932413962444,0.16171871580367508,-0.3148295782203144,-0.46819682224122255,0.31717108900933744,-0.12532664576012248,0.1608254915943152,-0.03548722549197224,-0.10687182415478921,-0.10760365157151427,0.04287482638918538,0.05661512435685842,0.019903418446789087,-0.008467852364233043,-0.3815231311403458,-0.24015645379998074,0.1472503308108616,-0.26829925213879635,0.0791416740060834,-0.039565112688561534,0.38582797077791336,0.23493011060012953,0.348682710218117,0.07318449459590862,-0.2153782152640954,-0.08606605983808387,-0.2214403522580002,-0.03719441271749119,0.25473638654372766,-0.030628026867266706,0.2584105733422468,0.18506271392405765,0.0008113488046903524,-0.09190841045257594,-0.02529336178671701,0.1449173052907113,0.05742624721889217,-0.07970676301950044,-0.10487032167982982,-0.14799400855657308,-0.07449929709205445,0.18048861641104347,0.04184066259114768,-0.3390470528629935,-0.22888834848304088,-0.06511108788853658,-0.22412251333029545,-0.17376968544181948,-0.27833004416008617,-0.3131651302313308,-0.2638123260032396,-0.49118039721546175,0.04756717309830448,-0.002206712420002292,-0.3708888245439499,-0.21007362519097647,-0.22016354262860238,-0.37017993615156924,-0.02100064970121599,-0.04831473088480538,-0.3522753212348903,-0.35032339121482103
0.4089004205078847,0.5145810108523724,-0.17906196906106983,-0.1530958273147059,-0.03994741009017483,0.027840990670451572,0.04191980041765377,0.27024065819130866,0.054589746780035316,0.22183309852816474,0.3998162590260158,1.0,0.4582026446239548,0.7116403715926971,0.00012748149603600145,0.5218497937220409,0.23974802691138944,0.24380567528369002,-0.19803527568896873,0.030405172775875143,-0.1140147306351319,0.05104532502385324,-0.29921140935034757,-0.37466498321223707,-0.27430982289637107,-0.23442627423015952,-0.3888116897892763,-0.32743239850906736,0.34053604882851857,0.4939877056128084,-0.13871327357277646,-0.1326461775681047,-0.21695762395147855,-0.0188088229602004,-0.24972792932971424,-0.19895249707775664,-0.05063547051143948,0.04277737809287243,-0.4055570676771028,-0.016362743985469556,0.21937634794107327,0.16647117975837894,0.035704064661690224,-0.013856149414576071,0.06387106611685038,0.08987315017474362,0.014147231453376131,-0.1552723933453092,0.06349309320299885,0.12442565307050933,-0.15932491584170475,-0.24674657717999035,-0.038617498985007416,0.005737522813490923,0.24497219295446246,0.1513650839691668,0.16046737296151953,-0.06386545792292843,0.20901402616724482,0.034014182732746645,0.3314628227927239,0.2870498108808335,0.23242901177743192,0.16316429014126094,-0.1030740077958559,0.3952486282115771,-0.2753912456992376,-0.44417232382186567,-0.37852055676384233,-0.44077790521859084,-0.10852569203446644,-0.14770586511194211,0.28027003550004637,0.23452197551014833,0.3754762255419641,0.40854900094075536,0.3600841434078308,-0.011834654663230311,0.1648394486348363,0.31773851203969705,0.1797473075581006,0.2351432072593807,0.09168447965975254,0.10493610446294722,-0.16050305772211193,-0.11904799390760791,0.07217875571042214,-0.2409454960737102,-0.3650872955524664,-0.058322048872435084,-0.15928167510752952,-0.33970817027376177,-0.3106377303199497,-0.32754716051898186,-0.06134607511885811,-0.05816852178348352,0.08685631088772962,-0.0644280905559423,-0.09282384725578506,0.07202373112644873,-0.031116754884055492,-0.39687779508997184,-0.12444536869819302,-0.3543377035802432,-0.174778671073375,-0.32049711682581955,0.21189450398450488,-0.0823089155837893,-0.20127746602655164,-0.13164705207038943,-0.37262005491039124,0.036583900592324706,0.2343844846012846,-0.1993299950083619,-0.3588346715830596,0.033705212714894815
0.3035200101896995,0.18935888838767617,0.3234056888698997,-0.15133195541076794,0.3329485100210786,-0.3154960497356915,0.29066210528241304,0.09387802594532735,0.4359093115523492,-0.12049850835872182,0.6823732597919094,0.4582026446239548,1.0,0.5977280429808194,0.28147031828855856,0.4052563004654047,0.09323044315625607,-0.0897036329765387,-0.16619066006408206,-0.4453160997172653,3.593589903626916e-05,0.25191066324296524,0.17460614116659842,-0.16188565243993497,-0.3650404287248824,-0.2125595541167783,-0.0735312030739092,-0.09254751710287584,0.14958148803929253,0.10434296742164736,-0.196614993032001,-0.1982883353699458,-0.19672808505729167,-0.20424203873255004,-0.013561397579893976,-0.06859491682285858,-0.06644787258273971,-0.018409009242474194,-0.15611530947920801,-0.13138950046011552,0.155572276638256,0.08155826851559375,-0.041019954534320835,-0.08604815099058188,0.08270492425318095,-0.10676716014960368,0.16382831351940233,-0.3787352651324492,0.47497089560455025,0.11424300630404242,0.07227868902936471,0.09383146324900749,0.17184531728882418,0.1337740222678877,0.38676381846023977,0.2269792351494431,-0.16555570594593128,-0.2709375313103898,0.32313142800102207,-3.417961748106367e-05,0.35319703656982937,0.19630035008665586,-0.013266686021809401,0.007370909049363314,-0.10014869555511087,0.11044164425601384,-0.031812988953176205,-0.23489538916658453,-0.2424702473406785,-0.2344850533926325,0.15426632744274754,-0.2619348415352348,0.05926472055541444,0.11767208021943845,0.269243058912932,0.4110153874010973,0.29855514619512347,-0.02219090088979026,-0.10412235585386397,-0.03953401552401972,-0.21417052783110005,0.009857981993222704,0.1274600653321832,-0.13099896449106205,-0.025264265310631345,-0.04697184419426814,-0.05605100538250786,-0.14201449490797208,-0.15645817183545227,-0.13963539626999913,-0.03995170229942025,-0.2402738139295238,-0.2743524382484578,-0.2514965694677703,-0.017299103475936578,0.07268486983863111,0.14132713184383702,-0.13862926987311813,-0.09022553886680394,-0.08765125870379933,-0.19079049945793947,-0.08404448127925351,-0.26147184662778866,-0.2759148498741834,-0.1001385279470181,-0.45483387666497255,0.030024153667522983,0.24619159059159781,-0.35749190022342797,-0.3051275997812438,-0.3565771891355089,-0.2509351398476731,0.04233493680958797,0.02042125234742022,-0.2012436754232088,-0.1585141141715666
0.3964418218570516,0.4228883319795778,-0.09496692675758356,-0.24011493713834814,0.0373935630911297,0.06270142381546995,0.13502675559240068,0.19248159576409718,0.20851685444650458,0.22349011836359142,0.36671618333750017,0.7116403715926971,0.5977280429808194,1.0,0.09048383383992127,0.6453591959994412,0.22902638950978652,0.2813985135441496,-0.26310084895729313,-0.12747056972156112,-0.040059342777810675,0.12362545553330548,-0.24663022989240882,-0.43190175674606623,-0.2367768577441473,-0.27428389254789837,-0.30766719544602167,-0.4325965958744107,0.18635681058976666,0.3803381235295251,-0.2465157107810208,-0.2437645238863857,-0.07624607264379599,0.0003436499069036059,-0.12013757038268628,-0.18318746299047198,-0.03636998980875132,-0.016307040137840366,-0.405791153217442,0.017139162638807798,0.17625779823539336,0.13036160686536605,-0.03942576769793278,-0.053481129442098825,0.013526790098400694,-0.05049135925712446,-0.02479038084703128,-0.24533939256786463,0.15259568969887238,0.10303125580365347,-0.2719082558348904,-0.11332823520062262,-0.07584124628823226,0.0665228712327846,0.31133103365704856,0.18598450513769502,0.07324162557660986,-0.170053761068268,0.35647471775063544,0.16657443740185024,0.5863458971037865,0.4729598427760847,0.3398083230804205,0.2733788916673856,0.01040287577735707,0.42818011664304234,-0.2054746450665396,-0.4325777059920871,-0.2903602227058667,-0.36255712237199067,-0.0007934892554273944,-0.22185057901925484,0.2739204498304468,0.267459862030022,0.38821355161708815,0.49039443212403033,0.34249856015862484,-0.05779497180611858,0.08405704414477544,0.18309980877087412,0.029951504772584684,0.17514155599972303,0.16557858063317527,-0.18240885601689566,-0.30409606784655957,-0.3621243850470737,0.022949239852156217,-0.35826586384007536,-0.32164974538978863,-0.046670634217246494,-0.061174484653725374,-0.18497009480907067,-0.21116431326934143,-0.15933558132125622,-0.1007057374065854,0.018239351775135002,0.0012431619587241905,0.0020441041240063145,-0.1642688798993758,0.10635264363992836,-0.008685302994558405,-0.13250699046798092,-0.12906445112204978,-0.18966089547622014,-0.16962882476755958,-0.2747337982597237,0.03918710551896832,0.063882024734069,-0.2457974380226684,-0.08156728359682092,-0.402524531086385,0.055057469856504046,0.17090443343871323,-0.184718422010921,-0.29879938111496307,-0.0024153413509685703
-0.18390230215989462,-0.25619493902088397,0.3949008727631423,-0.03946022949473039,0.2066161243504934,0.19739122311011884,0.32732607882708337,-0.1434394906391107,0.09827413749322171,0.10461852046410644,0.3898432708759139,0.00012748149603600145,0.28147031828855856,0.09048383383992127,1.0,0.2910937199500551,-0.15314334081389944,-0.18295948451188748,0.3522648496385152,-0.13355724475028252,-0.020896886552829445,0.16186887919925505,0.426183499872816,0.21406999680383373,0.23055030880698751,-0.10618355762853311,0.1622253821950545,-0.0595477447390744,-0.030734127284535572,-0.06225351662646802,-0.030790515018723284,-0.06876780726292678,-0.03881029843322741,-0.1411756390125314,0.19069133664199536,0.01882384665335269,-0.4282907331857806,-0.3858168540682761,0.0015515303953739796,-0.4827530392389738,0.03973203739311851,-0.2117888672632041,0.053950431821516064,0.04449393496648997,0.09205027726339925,-0.19441409489144806,0.16249814483239697,-0.12929759910747643,0.308875209948126,0.1239007047288584,0.28009826682866673,-0.000982207747102822,0.424771104889891,0.03949375092107184,-0.03117472314507141,0.055972140900044695,-0.4988308454448254,-0.33441767244934245,0.11279371811100915,-0.02461062150449435,0.1269611997404784,-0.04988404031617227,-0.19227310744134946,-0.13530637623419897,0.22081115840406268,-0.2961853604371821,-0.003068277504903077,-0.055700044515952674,-0.1431214754645624,-0.025158169251538114,0.16766019114521236,-0.2371880792590906,-0.09721124639678233,-0.09083337090755732,0.23169261818616887,0.029286496376212598,-0.13207118179319197,-0.3211142534441467,-0.32487665544913036,-0.051497952937416366,-0.39511711280444395,-0.15186696154552104,0.19291894166720105,0.18783740996484938,0.2680065026079979,-0.07171372253310675,0.20272655454085425,0.011030432004328402,0.2109611093675298,-0.02426691613490303,0.15205643454480802,0.23263964599070522,0.20574306347499055,0.2011516032482456,0.15382901169222377,0.19158500303703496,0.007481435266067529,-0.5454665167131808,0.05380054393259404,-0.13888142898110534,0.22588956868392962,-0.010518726319830975,0.05655161256333836,0.050962405981929394,-0.002440369422752074,-0.17698227193403734,0.1057197468232141,-0.00738367178961139,-0.24275120913303627,-0.3746087966868652,-0.03361902883396709,-0.525794484270651,0.2080595672551555,0.2517755210789664,0.019196813058971435,-0.3939395293789673
0.16748378211954632,0.20406196747479963,-0.001593750627626326,-0.0872514718714913,-0.04433593902947334,0.2806508470175902,0.19299502760227558,0.05807318142128524,0.08241211128003334,0.5175677648948561,0.3112470141652032,0.5218497937220409,0.4052563004654047,0.6453591959994412,0.2910937199500551,1.0,0.08529028220039588,0.08379140788468836,-0.13644687087203544,-0.021941436572648448,-0.12908117277285283,0.05953895013776283,-0.1046416420020587,-0.10428610464698498,-0.0036954111195883995,-0.2043358752389569,-0.34410586106811053,-0.34364711644994134,0.011197577755711997,0.1430393033431189,-0.3424732327938064,-0.29492622535859353,-0.19044293077141183,-0.07346098991397795,0.031207677916020624,0.020518260133721804,-0.16803319368992709,-0.16983781934479544,-0.0347025653616721,-0.23524363230271367,0.1185698642412643,0.11778056185934373,0.0013970430845000046,-0.0030457878146993448,0.08258313306848238,-0.054707504915381476,0.05560714334201829,-0.0464847375119218,0.1985086345970826,0.1707041801637142,0.017598138171093847,0.057249734828215354,0.21869810273740772,0.15954780656673231,0.07476325896484719,0.19540205276119219,-0.12069750683419028,-0.2572526801212736,0.38776395145730513,0.02946651556181682,0.4077992643212121,0.24759269518688107,0.13456554318633768,0.035817366811505505,0.07837688354936499,0.27723663906287216,-0.29709572586749705,-0.42841091232455014,-0.2939839356146702,-0.25958297152764803,0.21021758790015757,-0.2842799426064959,0.1088528735873679,0.05367036690358742,0.4316000825790712,0.2976154743351562,0.0724680089033542,-0.2249981089411962,-0.06825480563471571,-0.010766926310674345,-0.03346837435811426,0.003288762841806034,0.11233609255934447,0.033780905574444894,-0.21604319683292783,-0.2407707635304131,0.10719886991920348,-0.3050435502951412,0.005345544803127311,0.04087498693444343,0.04297817133965066,0.053025736271250797,-0.08916600609776884,0.04677348866881977,0.17569075837403897,0.10066152093051504,0.06664327296358762,-0.20206520400156197,-0.03309955861314841,-0.01442884799831283,0.09126603887491326,-0.09908328495773201,-0.14076553023743257,-0.10567743400084367,-0.20877835503475295,-0.3020956924046186,-0.16931377314720716,-0.0438479148747733,-0.22762636805277234,-0.32444409743757885,-0.24838283725445523,-0.09804545847628084,0.1955283936195817,-0.17571855072715833,-0.26417211825629383,-0.21002128480392465
0.5302995218065798,0.24030922671636926,-0.1881337630194344,-0.4642483586687697,-0.1399120691123045,0.05056363206473773,0.0247508284069626,-0.015209524434544779,-0.16119547352465236,0.02442809861736041,0.12484381970889395,0.23974802691138944,0.09323044315625607,0.22902638950978652,-0.15314334081389944,0.08529028220039588,1.0,0.5325468012490275,0.23808934800746,0.23849999234485958,-0.14962828686206311,-0.2940598340406485,-0.472596955336094,-0.4256188849201919,-0.24232379840190338,-0.5112523092726374,-0.46894047167434244,-0.5328454037930439,0.55479044939052,0.36368015717736196,0.03838332820685892,-0.1786864093783482,0.10076948515686597,0.18465105168479795,-0.14680452666448834,-0.32794433251759614,0.24473284822974312,0.02798684237931606,-0.17592255988666278,-0.20593720033945281,0.1935774906258888,0.2731106377901227,0.054439497767529384,-0.08259098126842221,-0.1951156695099112,-0.17986356927200509,-0.06425965612205305,0.07267222673583375,-0.24021275925125493,-0.379742577737203,-0.4713863538280287,-0.4266039704435573,-0.4093447627652772,-0.24125101318662973,-0.06942247669392064,-0.2462450595800002,0.3435693604302042,0.2221070700760317,-0.013842087895247296,0.15898435302560177,0.29723600087812235,0.239464018164649,0.6237218969032055,0.5915733622898631,0.39248844319933174,0.1067835452773752,0.14546948663115764,-0.2824576488694836,-0.08819305137990524,-0.14991376999631578,0.03752864117094722,-0.18721960912351332,0.7011483833089504,0.31684379140052765,0.4902030684582993,0.20614662624903382,0.46039056746426954,0.34461052774086426,0.41485146295866043,0.29267130459051455,0.4691384326079647,0.5088260659286985,0.1747345595197961,0.014748522597031693,-0.39732073642349225,-0.17558500524177914,0.11592777822381156,-0.08596943336120794,-0.2974849397887452,-0.32269939919430923,-0.0879466011474155,-0.12996738617975304,-0.26598412957813644,-0.30683717194987514,0.07638924525292182,0.1951831577261786,-0.28409172557281326,-0.014092721513543939,-0.20083721151247771,0.012792998182887714,0.06758572553135461,0.1308010780693941,0.187795207977439,0.08072903771982375,-0.11591787788210216,-0.11970364045478674,-0.005127513034914876,-0.29048751862177213,0.0020572760445869338,0.2900273733766798,-0.3191203093248729,0.14089806917714093,0.09040737960109306,0.05330984997665486,-0.3380407187863903,-0.1160989399303405
