1.0,0.3349247939848167,-0.2267417618666571,-0.1733777127056468,-0.25435846897104025,-0.2287750788379908,-0.06011958893508702,-0.29998242209431464,-0.2305029422249936,-0.06012879758290342,0.5435057041423716,0.2895097142132968,0.22988849679659082,0.03476956169760928,0.15281049091837243,0.06318863885904537,0.43559854394112746,0.26469748166227497,0.29436631094002513,0.33307347612987626,-0.2027313516113911,0.057255530301430865,-0.13643777894174974,-0.1892806639277874,-0.33174898569271954,-0.4102150571429661,-0.18785665864725307,-0.282642758322178,0.17343841889026565,0.1299830126461968,-0.4089906508802083,-0.30750022930030113,0.03703623788406059,0.043381646209835305,-0.2118754812814568,-0.12222923776534785,-0.01744902702111383,-0.08495441942784333,-0.18578256260953918,-0.04328830374683201,0.1171035314621406,-0.12800885690328434,0.014109668574783052,-0.04420435690925572,0.12318746870164064,-0.00288638275558652,-0.03794497764591022,-0.10171303030007481,0.11759939640592239,0.02544506561761467,-0.025533700663875017,0.0950619601246122,0.011305798698078205,0.15681080433592873,0.13016388282476937,0.051456195580961775,0.3081266771769366,0.2620714179924821,-0.020384976257272848,-0.20025251119849305,0.1774799524929555,-0.11238401709798881,0.14444135664855198,0.07245492743837642,-0.08345772379848877,-0.1473181652673417,-0.12771067867104868,-0.3238589689609403,0.1389159909274709,0.16519544696379893,-0.09399896771304515,-0.1728500181384091,0.19279363836018634,0.04555595516101453,0.12226142256577348,-0.17602236799460874,-0.20419659171528165,-0.25840218380168073,0.24153652537371037,0.17343604583527888,0.33200615140666223,0.30476312846622255,0.1146313248185172,0.012351759706654582,0.18688903200261403,0.2508871470818733,0.1488027640697777,0.13490592773555266,0.012617227094639548,0.16756191777072935,-0.13910543987996857,-0.039891276352402735,-0.13896172044948477,-0.06925618295500288,-0.13313893630633927,-0.22486845441956668,-0.19096495730425347,-0.18149830568619998,-0.07792581868106348,0.045827534091971586,-0.09663267930713354,-0.024404626733390233,-0.19067180865546807,-0.1470899514051633,-0.31082750891049127,-0.13900215852105866,-0.12587981701194137,0.03790741160822498,-0.155910037259257,-0.337137465033131,-0.12836942807040885,0.013636180399614395,0.0030992492365492967,-0.22967523932570272,-0.13886934906694806,-0.059637273025201956
0.3349247939848167,1.0,-0.39054730366462914,-0.39678992146694836,-0.1521594483928397,-0.19689465973068176,-0.38220098309357753,-0.4721828982032425,-0.10677105835199838,-0.1946880686848157,0.26856155847480634,0.1422771125497919,0.18386380566300928,-0.13082775731306714,0.20338339135226477,0.08629021327372291,0.2753005839158644,0.3373106372585847,-0.20272229288753002,0.3376255627141365,-0.42798949251127244,-0.1263875420631263,-0.14844567401170689,-0.22651361822109106,-0.04172979092794668,-0.25309917806392446,0.03833826238492294,-0.06400385498743526,-0.006313073233046046,0.08926834416664095,-0.36240561185482245,-0.43258219105367407,0.2178065872502456,0.13487346576777198,-0.11730542712131443,-0.35468760949590955,-0.11004865276051855,0.019608700010016893,-0.15188951499586095,0.15846797504109877,-0.1873919777352786,0.027783212627610288,0.18460195547891242,0.1607483178828689,0.13655942845754354,0.22204434412291335,0.26145348041105626,0.22722088082436467,0.18120548157431987,0.05254756993261264,0.12904215935327257,0.1751417728771939,0.0332548856599471,0.24328076714652622,0.09246469134170489,0.503308192371788,0.5257762434686994,0.6333916034352781,-0.20355738296809497,-0.13624692273157632,-0.031117170009754568,0.02380271753518,-0.11988386282607667,0.27414564846804684,-0.22971601369629516,-0.24437093032386512,-0.23455621708178848,-0.2389404596079541,0.3089553204043374,0.34888176458079473,-0.40285269336495966,-0.4131545829298485,-0.008673694163928228,0.19019265812876285,-0.18489465085057882,-0.19092524997553526,-0.0512333437974947,-0.3698726355097247,0.20986180236352844,0.28610364348026646,0.2729728831704831,0.4590499900474643,0.03303661116079241,-0.20978685925725307,-0.03727892136196821,0.08986657766929963,0.02153916104454893,0.02766496491309293,0.03065969060235181,0.1465636498705785,-0.3502596553421678,-0.3131043416673051,-0.41570713642832224,-0.39338590203565343,-0.06208987386203219,-0.11134233226545114,0.20186553701325405,-0.06718681231619565,0.24972537207455728,-0.012606318060562052,-0.3603564324090704,-0.26718554573532,-0.22408793110874584,-0.15538395581716816,-0.11838481676823367,0.002916692490696034,-0.09703060148071428,-0.07100313719658156,-0.20300797497950976,-0.28574786830553767,-0.10168838094986767,0.1585400777758744,0.037430802476433614,0.007545482623013563,-0.1689130740428702,-0.04585202771253773
-0.2267417618666571,-0.39054730366462914,1.0,0.26637021405880434,0.3463412895948808,0.2135030062507481,0.6569616792670765,0.3420162922197054,0.36653112107850316,0.1888159548059757,-0.06251295091498607,-0.3244399673381435,0.1850814176312869,0.08878326894293387,0.3001483590699058,-0.09462367719191273,-0.3289291415879412,-0.3447222828658841,0.06453953039709615,-0.24747244895939102,0.1699183723033478,0.14344707847873697,0.36806163029849764,0.2766763546755294,0.2866525781751042,0.06794454751203695,0.18784464946437926,0.26737083957671465,-0.13684523829887077,-0.32259315684199974,0.36626112553924767,0.148002999462956,-0.13881110113763837,-0.06445583159988885,0.275080559609362,0.13579403808090929,-0.23161607640244672,-0.1523951000391496,-0.14285785102134652,-0.16927399721319925,-0.039513930084753894,-0.20558826849315617,-0.21633753450794113,0.004888666641164438,-0.2890443895737881,-0.32000067486635797,-0.4953980226592049,-0.1939575558023222,0.16377599287989975,-0.17879871896417388,-0.24885137192159867,-0.11143973846719991,-0.13136397214358345,-0.26352793095731075,-0.06467765898590942,-0.30856155618458075,-0.499259914277468,-0.4457517389515428,0.29011429887224177,0.2788675429339365,0.2319090242336427,0.1508769123517746,-0.06642976389578129,-0.2534238086674462,0.3645768386752387,0.2128771532274501,0.2923495413056949,0.37509503991690757,-0.38077221730269867,0.009240535873584591,0.2563658813478571,0.17961971741507507,-0.15745022316394927,-0.21745243187357632,-0.14514742816515364,0.05263259446528902,-0.18384071941461821,0.1665526988100085,-0.18616221686068432,-0.35134833660623493,-0.4705685977218991,-0.44650287312327114,0.01712878031923254,0.056473176104564454,-0.0013030829658059351,-0.18102231379177747,-0.12105454639705264,0.056109044236306756,0.07466225869628869,-0.16823677518206442,0.10932269293284931,0.46505694043122786,0.20334578375557635,0.28395953544525004,-0.04281607807918479,-0.1383071025490529,-0.2506908293571626,-0.13732054305593497,-0.42733542069311126,-0.3835279707349072,0.2082096213913375,0.212281807794461,0.1836602753013116,0.011403680101879584,0.20806214123743028,-0.12187314061922812,0.23746368231700324,-0.10553126137736088,0.269190957982327,-0.09737984421720626,0.14326759162463457,-0.24456342641086698,-0.13226236049079837,-0.11873808338975758,-0.013568104478092551,-0.13720924555667308
-0.1733777127056468,-0.39678992146694836,0.26637021405880434,1.0,0.2797600954734585,0.05191817802282789,0.0005508003767165097,0.27494173775269193,-0.033643413672324166,0.17566545586052199,-0.20484045840419354,-0.05404880397292944,-0.27420476237550956,-0.2849405855863811,-0.20394748760364795,0.04693613413676102,-0.3173473381498302,-0.38584952230737773,0.10710498734319517,-0.2200774784192386,0.12895690067322474,0.0804803909151008,0.270230167644884,0.6465624011175415,0.26022609887409937,0.47760578393878467,0.3642858835656915,0.36557536156210246,-0.18760328742259752,-0.49540091965894145,0.19515214469863132,0.16986529517005305,-0.38127019040908583,-0.37862333360688033,-0.09793365432798962,0.02800446067070349,-0.13987633210062042,-0.016473780574379867,0.08242265050590826,-0.03221305666728173,-0.17299266136960262,-0.18054046183370895,-0.07274298196729166,0.05225161422334018,-0.5106546578273408,-0.2675510177865542,-0.1847423524284428,-0.14798208153508746,-0.00800891026178224,-0.2490520093170074,0.15005059367224355,-0.041366322399893796,0.24928121225770397,-0.0006099391174381263,-0.03571178589906684,-0.34716235789690175,-0.2849713925126317,-0.40390681083455643,0.29561535132385885,0.30939346460313605,-0.10056645956115026,0.018470996047222417,-0.16250320818432595,-0.3864755449221837,0.11512949949286354,0.4988662236590275,-0.14355649143256102,0.16846120255854052,-0.15240663078280173,-0.1916185575778063,0.10924119479404408,0.18037673430892295,-0.20248974197082317,-0.3040863541732136,-0.003184412288987233,0.04893246739056916,0.033429869232162165,0.18838032232906646,-0.156763128733347,-0.23839296062239956,-0.3964693415732091,-0.44558240657663756,0.09818835366805971,0.12164034257828019,0.06717829584632086,0.14234014840100392,0.16073823488319866,-0.06528943292227218,0.16891256123377188,0.2532999137506713,0.40106379209660065,0.4473752586433348,0.4515629584421224,0.4138064506072522,-0.08381457420176183,-0.02411694130570398,-0.2305869936059932,0.03536575149214601,-0.08134287107780183,0.24501985425134204,0.2725366016566016,0.29250414794905477,0.0713748315499368,0.1368815008992536,0.07946979539010332,-0.033895071402072895,-0.20137097012758093,-0.1431174724617672,-0.04805277251584995,0.014489372059946338,0.09784443253423802,-0.06649514161609818,0.13062236550623282,-0.018523253131727754,0.016863031770642162,0.00029866597646904537
-0.25435846897104025,-0.1521594483928397,0.3463412895948808,0.2797600954734585,1.0,0.4722025135256958,0.14058051764705495,0.38358869954615166,0.5498707835620366,0.26407111095927427,-0.022095006141192024,0.06395395973957299,0.17257392033226482,0.2505433954644641,0.23965188768479576,0.3468687214657352,-0.46120015029088823,-0.4347849083307998,-0.01387103001152587,-0.07450647079362291,0.20542445534210668,0.15355911266216116,0.2063101016464821,0.27190257479075786,0.044295030483782256,0.33575058836912264,0.25416945833253507,0.40156997320116283,-0.09817024090956787,-0.11320550219335747,0.2442537451799321,0.34259217665094716,-0.4076603174158916,-0.27355926729699687,-0.009710366761710344,0.07882010016539452,-0.12244651575949957,0.09397308012291931,-0.07126085007047991,0.11077892910975014,-0.0828585953171343,-0.10255778207884496,-0.13793874003012105,0.03905253001052988,-0.47974365901549654,-0.31943597198527257,-0.3526307405457545,-0.23452447706770138,-0.05200122755314901,-0.024313862495513063,-0.2306438684820923,0.05752197055485466,-0.0005995496672183939,-0.1797045781746737,-0.04784480332239979,-0.29488216716886934,-0.5041496522117073,-0.47125873706402216,0.24091148217255423,0.30555719908711754,0.04482858673839279,0.301308503687851,-0.19172310422445507,-0.11630882115929589,0.048989763250312936,0.14525476925334052,-0.22602913117145804,-0.04109313538488243,-0.33455816086150153,-0.12675487841704253,0.1509898597612135,0.3265658386474072,-0.3063786347453158,-0.10902443109322348,-0.039360545610057945,0.1935591437280033,0.04407158126942663,0.2678039870477116,-0.35105023749205383,-0.3855143115318094,-0.45058464850261853,-0.4002368041918622,0.2947240814419169,0.18677240794967453,-0.021737268568567766,-0.111741981859399,0.124128283515732,-0.28408196763931853,0.16141693210688327,0.10746616516626024,0.30916174446219763,0.31388255836741313,0.1896207129109671,0.24388227410159574,-0.07686227074206191,-0.019584370253211896,-0.2436227129165186,-0.1391965684079374,-0.24398953819295308,-0.20370746428665287,0.26754818961225274,0.20318373362715672,0.12436108071756641,0.1174941402204573,0.20470544149111905,-0.10785013192108416,0.031079663401136975,-0.05898525450610593,0.11262149958160735,-0.09688663679729578,-0.12476312414248554,-0.19093082457996294,0.14443320977602483,0.02293454920250947,0.07615867625618351,-0.024182202488872567
-0.2287750788379908,-0.19689465973068176,0.2135030062507481,0.05191817802282789,0.4722025135256958,1.0,0.3351224584019478,0.6422752605551377,0.6041465265964524,0.7028386909733197,0.02521371133621692,0.12313851723950743,0.12205901196713996,0.18262261077681707,0.16588275923586066,0.41057801229034907,-0.3453654828392217,-0.5557821749832543,-0.34767077430253057,-0.14076855585458556,0.29308206822654903,0.1736826812477198,-0.19139523966993113,0.2197430539950248,-0.039043279010427735,0.3173996365728346,0.06073173803710906,0.4035675107834494,-0.3249175067594633,-0.1519599881994101,-0.0501643164390379,0.21694432333055677,-0.2700741286058157,-0.10658116689509167,-0.08401311496316445,0.297585117599694,-0.22287267327126548,-0.15647373810789095,-0.2716003032007939,-0.04276907882085546,-0.10780541670346375,-0.11136472553127542,-0.005960622395284184,0.07889211556293685,-0.08208984521878183,-0.1433587768827996,-0.20510293099441146,-0.12974847201373005,-0.18297457650934237,0.0008350431012809294,-0.1516319590301875,-0.00751181415320483,-0.06424540325135669,0.05048299224329998,-0.4174813794650892,-0.26691912428179043,-0.3452543287088177,-0.17241111015783397,0.10371766955517625,0.07798604194297477,0.015083037796094538,0.43573195352268285,-0.4082125162800517,-0.22264264084085142,0.2847946065984042,0.3556077382638967,-0.1419501177171596,-0.09614143769869539,-0.14059070133427254,0.009501377558559012,0.24981783340806754,0.3310171497226403,-0.4222455634716182,-0.27768559562708955,-0.3075768710625478,0.1636718145495914,-0.35094365610689376,0.16651343787201617,-0.2758494738049253,-0.4149511175870786,-0.3209495023550993,-0.4737460481565643,0.03802727406277818,0.02981431488681551,-0.18435728798377105,-0.28270873023493165,-0.3279319508514969,0.0688276986413226,0.036849743684319224,-0.140613834939844,0.4122373025216927,0.3673824888607559,0.5295879934531642,0.26161100912559326,-0.0013361640097954534,-0.07629450765322456,-0.3837316262411037,-0.11378427524105189,-0.32745478918541043,-0.20829345469626107,0.37446846732302846,0.22602112279979267,0.40185037959755254,0.03777562132232609,0.2822709237753526,-0.03261985863318862,0.12529524645379375,-0.22131078995386144,0.2121442552173654,0.02357931849602141,-0.14807221112159294,-0.2625857847949802,0.005297182124437067,-0.05511776922813348,-0.08759371303593895,0.1589946826715029
-0.06011958893508702,-0.38220098309357753,0.6569616792670765,0.0005508003767165097,0.14058051764705495,0.3351224584019478,1.0,0.48842723168108326,0.547666568773316,0.29340852514295496,0.15552183872010403,-0.06738122272375413,0.4254513271305785,0.37415136559836276,0.30463098428617497,-0.13292307199484818,-0.19596997174139785,-0.24953945669909552,0.13859835491973296,-0.10059487075951731,0.2672532752784009,0.06301306585103872,0.027470606886969322,-0.019024907089425305,-0.04449689332625023,-0.05517366106566933,-0.13698178392511198,0.13285103763171358,-0.01327603621486701,-0.057491665712168925,0.3536840636127384,0.27177206410056964,0.06240359953781758,0.29171804056621853,0.18323674466129528,0.37532194513759704,-0.270551805495103,-0.29905546131119715,-0.3430134370656907,-0.3255258016144915,0.03355861103248217,-0.01499598801818039,-0.36444533129557694,-0.19531537418858902,-0.09213394932016526,-0.3392701156915783,-0.47616969690497546,-0.21240175933079972,-0.06667577331193995,-0.11306633805509217,-0.3295898313380971,-0.15424874123020893,0.05167902841699766,-0.14695297925783582,-0.2326202760855417,-0.40421598958642746,-0.4272100974297586,-0.32217654477509716,0.1072231176819406,0.028575651527818186,0.3158000541912588,0.2063690159987131,0.003909084501395055,-0.10917777456939849,0.5414667086269115,0.3056420756979688,0.17398850619189243,0.0644778448225841,-0.4830473327577164,-0.12789372805637164,0.3228466919471564,0.2551905413674532,0.13210803210593283,-0.04502990303228457,0.036052759161642974,0.21562460583002888,-0.14669167254566398,0.26556763447194465,-0.09098435443152066,-0.26665119313970526,-0.2927839039413877,-0.33488064176410187,-0.11985503073909647,0.04283787429704562,-0.14635140835051252,-0.24588042889016626,-0.3655232353366305,0.12081506581520005,-0.147759136940079,-0.2448449259537752,0.10057779453207542,0.3274512880593896,0.14646760252876403,0.19657608700792167,-0.0765947949085146,-0.2308813040796648,-0.42412497644096414,-0.3132422333286335,-0.4652022456825505,-0.4301323337667047,0.24885373825363236,0.047192236729148754,0.2665484814505255,-0.16597325251056644,0.10724758706598223,-0.06824644664783275,0.0814401769667216,-0.019640510991221927,0.06908235396302731,-0.13028456790806017,0.00768740923597415,-0.11381274158780619,-0.016909237180985692,-0.005513178432269885,0.0709430919447657,-0.04999418554031999
-0.29998242209431464,-0.4721828982032425,0.3420162922197054,0.27494173775269193,0.38358869954615166,0.6422752605551377,0.48842723168108326,1.0,0.5584779107052621,0.6559445052926572,-0.11104059284018702,0.1847238300784052,0.007575015849602086,0.39761455522125916,-0.08484195349822693,0.2873308957084223,-0.38927026431186706,-0.5494124753119376,-0.1369075210945788,-0.3169907004755795,0.4294798493338004,0.04618057881703917,-0.06611372841667268,0.17333735722206212,-0.019726300780665215,0.309845585582726,-0.06278231141263103,0.20393895426678818,-0.2885066997968501,-0.06590664628359377,0.3352653759500719,0.3970264311698449,-0.12099097382841172,0.03431053164183873,-0.1123013384108323,0.3263166845678515,-0.1041735763443767,-0.11324494739386855,-0.17790357736934478,-0.18116064530678078,0.03559607560192642,0.10775959959440591,-0.03146467098211749,0.10980699234870152,-0.14462676662845167,-0.24185892679790053,-0.13633194926298323,-0.10270664013249972,-0.25900132851993307,0.00292668959208563,-0.2431945389112168,-0.0762437994484672,-0.06113719579075088,-0.05496335262112915,-0.4479329699738701,-0.4232173810517796,-0.465941383044174,-0.4980374296242536,0.1402148939300311,0.046063899501030216,0.042114013846100716,0.43820857906576527,-0.2101962873742485,-0.17492487455355643,0.2814090726179598,0.4854024799188754,-0.08380846778407346,-0.11197868448375711,-0.44730638290640734,-0.3041986530316773,0.3154400920397705,0.4730201325619492,-0.1330597416391233,-0.0727569197403002,0.11931623048841752,0.4352090762903089,0.044217613704760156,0.4160739472059593,-0.2690404096286971,-0.38193429961029596,-0.42057768375530674,-0.5975106898292999,-0.13408585437960083,-0.013731638343352861,-0.3230223040808069,-0.33114005240683764,-0.33865641738396246,-0.20351553355365665,-0.17057668244125937,-0.3132786087430233,0.46502847645078926,0.289892355188343,0.5361551911868749,0.28900245857131956,-0.07459316955663305,0.08579053532048604,-0.3913001179733526,-0.20726179084699298,-0.24807476425654285,-0.2752067287214802,0.520444528525916,0.1685962718540515,0.39713396562574915,-0.06512277047069454,0.1767439708205423,-0.04589781181959168,0.051190069048342064,-0.1290676268096579,0.05415894530401206,0.14978500467497863,-0.13080690900593117,-0.2167044472506553,0.15453759114773946,0.1256671132906655,0.03762542000677333,-0.015437094798263202
-0.2305029422249936,-0.10677105835199838,0.36653112107850316,-0.033643413672324166,0.5498707835620366,0.6041465265964524,0.547666568773316,0.5584779107052621,1.0,0.4142241953552915,0.12837667865880095,-0.008787917306494007,0.29400837969724775,0.38234709709408216,0.3274019709313616,0.21185297624547936,-0.4206806644372559,-0.45656868146176277,-0.11892243701005324,-0.2377819502573619,0.3350632192373321,0.1631112931096374,0.04187616022968635,0.053712424731190866,-0.09109803091262282,0.17015418230272047,-0.07664646788940332,0.2747138447587936,-0.13600473586217116,-0.028442012178681125,0.2760832442787857,0.3570362957026251,-0.13541942669649193,0.07754697579797051,0.1214960659520355,0.2635900267650121,-0.16490990030935418,0.022686895309884363,-0.21696520061710764,-0.01614060203800191,0.0008812771231178614,0.0628198886342381,-0.1886137875764749,-0.05332885624960076,-0.1781279186431276,-0.3125212307255885,-0.28051179551901073,-0.07141395059964874,-0.09597482024431142,-0.02147109376047487,-0.43442182021070896,-0.07752537965209101,0.01609109489574573,-0.17230412261604008,-0.33409343687285287,-0.19789403633572208,-0.5528664661641782,-0.41933555183275867,0.16600273747822655,0.16101044199919895,0.1091066882041265,0.3408167787103899,-0.24280228711646215,-0.13338482339329402,0.3735110644708277,0.24866504495731037,-0.06235022954696829,-0.13675619981813156,-0.4476189780830353,-0.2616144513282235,0.2398597949819789,0.40060201094585257,-0.11940528246296195,0.05645121021882547,0.02937977143494951,0.35328574580919897,0.12382351788553872,0.4677093463158424,-0.2561971654745511,-0.37765415085886944,-0.4747980426500302,-0.4561343994552015,0.07118324364164431,0.12920244209891552,-0.280698424679082,-0.35452245063214516,-0.28286591144874473,-0.01695307741845254,-0.006889891682139566,-0.10914791616919745,0.10071748379018716,0.21533854978429418,0.24087834995747714,0.18886901786494092,-0.039144131638151204,-0.018114561440015428,-0.19671552281293678,-0.18528485475695375,-0.3101975181630026,-0.46295162671130285,0.2716954524908224,0.07254189415229477,0.27104255602629995,-0.14123867480640734,0.2496612969140615,0.08007747835768807,0.10105404334741633,-0.019227341382597678,0.15921877203380716,0.004683150396485234,-0.09476826011613115,-0.23969086393846592,0.058319266866612526,0.05482186516147435,0.11958777486925283,-0.00249257611178429
-0.06012879758290342,-0.1946880686848157,0.1888159548059757,0.17566545586052199,0.26407111095927427,0.7028386909733197,0.29340852514295496,0.6559445052926572,0.4142241953552915,1.0,-0.0017767875457714633,0.13601698693278855,0.03744355730839954,0.15082949329313092,0.014244885953847097,0.38916534421154475,-0.25752287403786445,-0.4293068082500484,-0.09494776880006213,0.07475432970861119,0.25094389804918993,0.05471888734248122,-0.3765106268501665,0.0763262926829547,0.011313069717410956,0.25341351731844697,-0.07137966917539494,0.12382169014812809,-0.23912954418104457,-0.0965310371371304,0.08462309179391446,0.15645338320422722,-0.15055942667880587,-0.004909609605688467,-0.15244726677363596,0.21060635276799314,-0.10970446327489504,-0.2735247223068137,-0.3249079204399906,-0.12033821706642087,-0.046782623216357316,-0.0425100987531365,-0.24628353476551937,-0.05420716506403539,-0.20704012823991372,-0.3557815164546173,-0.29549964795655786,-0.19987329675582133,-0.21565987846503876,-0.24584930664728794,-0.05077239833286269,-0.09831749623221442,0.11373225320129002,0.17888809906933048,-0.5517933594685601,-0.39836012262364817,-0.18832980188853166,-0.13735496395169622,0.3582464799495517,0.1594753943231205,0.1367213694680959,0.4790474983140558,-0.2130523362430419,-0.0683203011242652,0.2877765035451648,0.42807514390304247,-0.016265219179757588,-0.03256010081973062,0.03442493456534798,0.09926155426390723,0.12554502301002113,0.24298467632866413,-0.17282616148910737,-0.15526586371899836,-0.19976183715040302,0.15180254442216742,-0.17710514655903073,0.20320278381542725,-0.24311059494353257,-0.2661579851764396,-0.20345752689747865,-0.3394557749591775,-0.1964823431161668,-0.09118299972208357,-0.17894252167753694,-0.22161269279023732,-0.12463398764386467,-0.16594903530980457,-0.038975892879946544,-0.21580199778764694,0.4358798420214558,0.29913955886919785,0.4693923223744696,0.16081885213684688,-0.03864627126125482,-0.07965491832640255,-0.3811014827030754,-0.21368713428985422,-0.46843280193577314,-0.300073241905935,0.42358898375202186,0.18774535638204473,0.3031320835430337,-0.05280655702790335,0.15933834858613946,-0.0821186847631551,0.060561870143849644,-0.1741057386855015,0.1627581019994371,0.052500186881558296,-0.07565550266259412,-0.3868199983376156,-0.0220184289019514,-0.12144008996223943,-0.15813298101777762,0.18585578540620434
0.5435057041423716,0.26856155847480634,-0.06251295091498607,-0.20484045840419354,-0.022095006141192024,0.02521371133621692,0.15552183872010403,-0.11104059284018702,0.12837667865880095,-0.0017767875457714633,1.0,0.21786498105616497,0.5735641398063395,0.25955673240804333,0.4820037076489275,0.21724222426809475,0.14459454931582266,0.0015666517528790257,0.053073587891854145,0.11028548510697511,-0.1311051981439526,0.12570064934635977,-0.028576858896445484,0.0005007714872102676,-0.4151500122770923,-0.30721804735644226,-0.08225224706885448,-0.030575435689864556,0.21437989954646644,0.01383267437299492,-0.32926874022502,-0.24526457032125867,0.015386921726741129,0.09162524447766636,0.04223996721258631,0.019020404135897118,-0.22488787337953772,-0.05505109802039761,-0.3800594636817132,-0.11985620333961777,-0.14943098541873315,-0.12202968195311345,-0.06966575530539834,-0.06388428023204847,-0.001259077022060483,-0.19191135383299632,-0.08842777263156221,-0.024088543258626017,0.3646329523511226,-0.026150902304833804,-0.13709899337123582,0.03691626940427094,-0.1326605047048175,-0.026104579290302212,0.12584829255024196,0.024511504676193157,-0.09348440729222833,-0.04474981238989782,0.06504015671442823,-0.11178860786538275,0.31145003883332406,0.13820978249336358,-0.07678634646712089,-0.07328288805452433,0.14023246783711518,-0.006692390755306091,-0.14502402466684275,-0.2664199950522123,-0.16928621549723594,0.03164439704335485,-0.041651016929688874,-0.21072687078476104,0.044323650641310906,-0.08391908696618197,0.034738872336666615,-0.01582722152182427,-0.1075020184424396,-0.12175351305470068,0.14831580956693316,-0.17810811320373637,-0.0770297415656543,0.08284172510203358,0.20750498577723095,-0.01752230305087453,0.1519712597308455,0.08869632578990622,-0.023831228555796332,0.21186031572966194,0.30181436213420376,0.1763692294487836,-0.22337823153325537,0.12208224332885788,-0.14427772771317582,0.04619148282951441,-0.1420685241175037,-0.2419694487330264,-0.18292890106977272,-0.26227467103242974,-0.02722387924562754,-0.2780387590497027,-0.1100584006974391,-0.06913124388394408,-0.09520230608421527,-0.04667358966168046,-0.09892522862746986,-0.03128936442944365,-0.1876501952226904,0.0636198279081593,-0.22463950403000507,-0.25240071552574816,-0.274334795312043,-0.25931430305209785,0.0325616279084479,-0.1281059504967551,0.06018050974442382,-0.040235961114430986
0.2895097142132968,0.1422771125497919,-0.3244399673381435,-0.05404880397292944,0.06395395973957299,0.12313851723950743,-0.06738122272375413,0.1847238300784052,-0.008787917306494007,0.13601698693278855,0.21786498105616497,1.0,0.11709825656156381,0.3304719393196206,0.014817922531363714,0.4763535754192614,0.09076460718354748,-0.03313452127940403,0.06329337179207288,0.1569458965478786,-0.13866938136541762,-0.22625036496874362,-0.1006554094680228,0.1092633789243235,-0.3574693669137893,-0.19932300076322762,-0.17009639314303726,-0.10769586930120548,0.11296401706923472,0.288226725284062,-0.03022422915107263,0.18463950046122113,-0.0071407233998202835,0.05822794971589653,-0.2195468464371078,0.1617151197551764,0.009011670008794794,-0.034792682212047635,-0.05936663919998294,-0.053521716693453736,-0.01680803789633614,0.2398729136495346,-0.09639757456480547,-0.12244023166350244,-0.03969622190498127,0.013337492650846905,-0.004630960905246229,-0.2614083237555971,-0.2190590415157147,0.14766876109649685,0.05643922305728272,0.06336817369052618,-0.08814458878899514,0.01856283085593158,-0.14875855277544142,-0.124008036589394,0.13329336188568372,-0.0011259775749888432,-0.24900125671070417,-0.18676362877410055,-0.10902986320880786,-0.0032779692052256107,0.03384658257077198,0.032836964413024916,-0.057822835356218245,0.10264555889063913,-0.3686115966217023,-0.33045969767329086,0.01574455456127851,-0.17075236732239213,-0.1959014769028835,0.03432723642504218,0.01900683756118284,0.2816250938135576,0.30093824029018496,0.24013818746542304,0.05244579765191242,-0.0393651049291737,0.022770917762021368,-0.019025962339210018,0.18414054198273105,0.06894544104081991,-0.0545134015992557,0.04231960030992694,0.07474310248451144,0.33479315751961447,-0.00987345961568556,-0.043542011700952656,-0.11137208616342638,0.07774860087540969,0.10466789217961533,-0.02940448009172357,0.12984800590705634,0.0034589374405389326,-0.32824769526392494,-0.06575383010199023,-0.26924972587540585,-0.26485735109548525,-0.02015576093495289,-0.03924580414329778,0.07573482374208387,-0.031371263727725945,-0.07986850092953068,-0.11678085629996005,-0.17931193155981398,-0.20627949789018346,-0.30135177327766444,-0.1606968634195369,-0.28956250936051825,0.0489258945081397,-0.3554186449096205,-0.06369491834041312,0.09077086793540648,0.03053222242266971,-0.02615926740094357,0.05361239181861535
0.22988849679659082,0.18386380566300928,0.1850814176312869,-0.27420476237550956,0.17257392033226482,0.12205901196713996,0.4254513271305785,0.007575015849602086,0.29400837969724775,0.03744355730839954,0.5735641398063395,0.11709825656156381,1.0,0.5936645297392702,0.6611354197396981,0.2558075625121742,-0.01761117454678171,0.02724211433129155,0.14938422847939672,0.15960702110370562,-0.18913120351205187,-0.01752428906510919,-0.07949015349712113,-0.10769527310569334,-0.257710794120375,-0.432312777566095,-0.1853567630227988,-0.12373615834140601,0.15366462649049042,-0.02467093086000882,-0.20303633595195864,-0.21589527120738072,0.10145120299082325,0.26873687708092453,0.09436696750848482,0.09702535927570807,-0.20212759001565547,-0.2238927137465853,-0.42850165101457466,-0.20466097435568553,-0.12950056225500572,-0.14647998487119177,-0.1945627871563683,-0.10002798651971984,-0.14392621163113042,-0.35516875116881663,-0.34367792659432944,-0.17265392603251672,0.2940382598072125,-0.004861216886683826,-0.3580754002260344,-0.15156053800792524,0.020008650260972725,-0.2524717680194076,0.17195239982472985,-0.10836366896426566,-0.24559811857250713,-0.1053453937073943,0.16968573719849092,0.09773662067985464,0.5132010686715152,0.24454056199718038,0.07944457653441041,0.1212927962556614,0.30513458070465743,0.0738060202881612,0.08609432507154319,-0.12683596498846342,-0.1839591733358216,0.2403127858516803,-0.12247945121671436,-0.030722208469271046,0.027417632451712068,0.04795955434816595,-0.03314398829220822,0.12364512348921164,-0.1912310326545513,-0.04678696308172339,-0.06351055443117223,-0.22990537933631136,-0.16410245049005343,-0.023796965543162504,-0.0319001449793569,-0.05031305690128555,-0.13896171957179568,-0.14992978546443453,-0.16126036800370325,0.02254234545505668,0.15733021809321984,0.06643688505028095,-0.16243620199733108,0.14943839655715552,-0.30829977782203305,0.05908452684240955,-0.00317484239378102,-0.3441082960059163,-0.2174994024145628,-0.2301655365864524,-0.3069863455049412,-0.3266663729125082,0.009152477061476094,-0.015013117887227737,-0.09460557128478479,-0.08232673816943553,0.010999392554448659,-0.07633362993072083,-0.18295779227816275,0.13472811160500997,-0.052045550900700184,-0.13296304962519148,-0.007253243908233737,-0.2588001241732406,-0.025801134955954787,-0.09730265312528011,-0.08021623738825782,0.024008916356950447
0.03476956169760928,-0.13082775731306714,0.08878326894293387,-0.2849405855863811,0.2505433954644641,0.18262261077681707,0.37415136559836276,0.39761455522125916,0.38234709709408216,0.15082949329313092,0.25955673240804333,0.3304719393196206,0.5936645297392702,1.0,0.2694237223911735,0.3452732601220025,-0.0963624101465442,-0.07924614382028565,0.08449499594756384,-0.06477476659831884,0.06090677307646055,-0.07948678660769275,-0.058755487071593525,-0.20926389319768074,-0.3328283701527599,-0.3409505167883422,-0.3745610678987797,-0.21240588355674547,0.12080947165718815,0.34824529817029803,-0.004725557597642872,0.09303624327540772,0.0829223034533731,0.229657514594138,-0.11489999842105608,0.14405344805727902,0.02699442813028392,-0.15745208055351176,-0.32994709718120546,-0.20421982547029305,0.11024252845323262,0.25877095364189445,-0.11442223000813367,-0.0619546845689151,-0.024189943216878656,-0.21431860083098425,-0.13006114034944016,-0.1330842848360579,-0.03461895231248728,0.20938484499028684,-0.4043201646606141,-0.07661693560904835,-0.12127705352989822,-0.28275932718751945,-0.07506268431324536,-0.20364352242108852,-0.3722267744819821,-0.3448263214639227,0.041063583927123073,0.02728564333437396,0.28853214951819484,0.3448058054620715,0.15417796547241144,0.1823544153807782,0.09987222099376554,-0.027948317606388506,-0.008106756780372608,-0.2915720549577181,-0.368809395513416,-0.13313700341246185,0.06810361946386034,0.25456419342167397,0.13951755098758437,0.3719258623740031,0.3293587930474545,0.39966395181593256,0.06600248820675977,0.13877560738388436,-0.21494795154098537,-0.22141897338452388,-0.12093500339443071,-0.11612345368310052,-0.06318222921780092,0.09345573650603033,-0.18678403656049405,-0.249327120936894,-0.15876343253251224,-0.2089375118878856,-0.16990749440092284,-0.23035739000859293,0.05915654822053412,0.019265736410542213,-0.06036271011610894,0.03778637429225565,0.0178847157978331,-0.09164733746623124,-0.236156500631694,-0.29485479045646396,-0.18250934795425566,-0.3279629662123852,0.21598465678877463,-0.082755901300257,0.08822112709933423,-0.1093614511333411,0.1299940466604231,0.014982611527805332,-0.04072701541678742,0.10544359192513283,-0.022897383010292177,0.03864640632231478,-0.10425178149927376,-0.29505594857125406,0.10656964475999252,0.09892841391842688,0.09620321089031858,-0.12094054158210635
0.15281049091837243,0.20338339135226477,0.3001483590699058,-0.20394748760364795,0.23965188768479576,0.16588275923586066,0.30463098428617497,-0.08484195349822693,0.3274019709313616,0.014244885953847097,0.4820037076489275,0.014817922531363714,0.6611354197396981,0.2694237223911735,1.0,0.3162635210241302,-0.15870914959436896,-0.17352690133692952,0.09682533994932428,0.0716219077981545,-0.22366970394808783,0.11789341726295394,0.14640353584548021,0.1189936074562136,-0.2903316314339118,-0.3339372726043042,-0.15477994615812174,-0.03144727339030767,0.2513304703576144,-0.1509342844227317,-0.23810958556398085,-0.2078952951420829,-0.05693107941827558,0.029034322762205318,0.19889407279836924,-0.07641181048423942,-0.2924129289314902,-0.13373827348721481,-0.4368362291549911,-0.08342270060984729,-0.1358731057237518,-0.1749838723368945,-0.2127992854688683,-0.08249246859683819,-0.2678450920734038,-0.4184131986122163,-0.28122486556026993,-0.22630707240753054,0.2795301730022388,-0.2596540697048656,-0.3653638899190658,-0.23563772623962667,-0.15310492860273092,-0.28394686568474864,0.11742126959311794,-0.002757622308094753,-0.3015561262508771,-0.06832484096584822,0.2508956435693226,0.2304566129522147,0.4513816635162332,0.24538592203448814,-0.15596084059339477,-0.0006839098220905789,0.34534039291101487,-0.014321260768415096,0.1310202108200492,-0.0974919348197,-0.09582516352872975,0.2602310926406383,-0.009983264249635264,-0.004190151343191499,-0.11238732052178418,-0.10563339768648541,-0.055869474052371325,0.10666782552422191,-0.1260079924115898,-0.08292355757043184,-0.11969537133321018,-0.24305001576497762,-0.3369082819195952,-0.1195848144122134,0.2874337945065536,0.05268275711436477,0.12547160578525984,0.040008751098079,-0.1690882823602097,0.289495418776672,0.41556855517226854,0.06090679371754144,-0.18913000697438473,0.2755746241108309,-0.19973042699274882,0.06253655962042308,0.06453071934353655,-0.2449282083137507,-0.018185302877337307,-0.1436114020544655,-0.20366257564660006,-0.2592428801169627,-0.08307598115973282,-0.07390436513839163,-0.009163315075824833,0.016502982355771904,0.08180676206348653,-0.030439338605778878,-0.006046751928121765,-0.049842581751931764,0.16659235824272822,-0.1598934324632917,-0.083275926416362,-0.33183937212470693,-0.07250368503870006,-0.11913228467352506,0.05886543184622637,0.09524872986584026
0.06318863885904537,0.08629021327372291,-0.09462367719191273,0.04693613413676102,0.3468687214657352,0.41057801229034907,-0.13292307199484818,0.2873308957084223,0.21185297624547936,0.38916534421154475,0.21724222426809475,0.4763535754192614,0.2558075625121742,0.3452732601220025,0.3162635210241302,1.0,-0.3027031886346737,-0.3624453803681611,-0.11468333126758273,-0.0817209342057922,-0.06261176969492958,0.17892003292182773,-0.03364434636912538,0.39470212535705335,-0.12856630845530942,0.016671684216361532,0.06699987049650809,0.06781110100872288,-0.12261145708317588,-0.10003133806195845,-0.3062053617346274,-0.04609329428624099,-0.13989801624744744,-0.3142532325671794,-0.2939465101442249,-0.0627268458434357,-0.1512705368182185,-0.2867855136770336,-0.03753911144536492,0.10280358402953489,-0.19264745694456561,0.08780874588204644,0.03690973620641945,0.08481294822137135,-0.22315053559815304,-0.10624435704719828,-0.07756548497842172,-0.10409869389498892,0.05714660282633073,-0.034000350802761425,-0.0732733480610945,-0.08277155690955028,-0.24251387857212026,-0.20915793940053062,-0.0012279784122071174,-0.07641849265495307,-0.20586042804963572,-0.2078933900189936,0.1494109581094153,0.19167483773339017,-0.026399902271834818,0.22425505432392623,-0.23905321906683327,-0.20932674178193444,-0.022542201898261643,0.06975920146851135,-0.14264284049956108,-0.1850234983649711,0.10554526224515706,0.14314147130694713,-0.14062806884003912,0.059721815546013544,-0.41695359936715615,-0.09932790465080218,-0.14974028004843187,0.05653315317726111,-0.19364516596208223,-0.15103246229076953,-0.33721749774966764,-0.30206526562885216,-0.17675439206431307,-0.25579003397984795,0.1199704148953686,0.22501623975415724,0.034685451119772566,0.031962042775796534,0.010754655391815875,-0.05152909534429252,0.2621425755801532,0.09101018548219869,0.16721288140105622,0.14287664591396368,0.23151819835969142,0.08697270089443777,0.1637579373862587,0.14301688069025711,-0.01523834715229377,0.10999509740109971,-0.043966339192607076,-0.19297615256658587,0.19130908155255935,0.00877300011848041,0.05399134996063007,0.05394961085692201,0.17396814058208837,0.0875847260165263,0.043350590076563146,-0.10094885443237338,0.17681672592309597,0.19519165347103615,-0.04793252802737828,-0.4746314335510417,0.12014081423635344,-0.21783906247383,-0.12499271488792268,0.1236692691671588
0.43559854394112746,0.2753005839158644,-0.3289291415879412,-0.3173473381498302,-0.46120015029088823,-0.3453654828392217,-0.19596997174139785,-0.38927026431186706,-0.4206806644372559,-0.25752287403786445,0.14459454931582266,0.09076460718354748,-0.01761117454678171,-0.0963624101465442,-0.15870914959436896,-0.3027031886346737,1.0,0.6245977348945403,0.17062333275488598,0.3007783538656506,-0.27934354853086313,-0.28022443823093873,-0.2964788637730988,-0.479851574067309,-0.2662861347870393,-0.39546043629756794,-0.44707083564201366,-0.5753956443603093,0.45281546220201346,0.36980425209951745,-0.09491231448812867,-0.2053713783252368,0.5048030182951674,0.32917318592765926,-0.2846880184121793,-0.2964066462087157,0.2712034330789255,0.01664861684587473,0.08065020746953323,0.035627855738044556,0.30751301093488714,-0.07565936699156865,0.019920097682871483,-0.10368780116499783,0.20658988254030253,0.1314071089979795,0.23506374033849964,0.004188062377297677,-0.16480891512253149,0.03385061388293207,-0.012513257442887508,-0.06270226962004999,0.18804352789066425,0.22693135533134692,0.10277869759558528,0.2661098485623503,0.5876327169293708,0.4797512321238793,-0.3352086575099859,-0.38895362015950397,0.028193253909581297,-0.32386495319216513,0.47829942064958575,0.3918810560642867,-0.19891773742217586,-0.42695828939295516,-0.11349112927561483,-0.288787420389452,0.2149772836959861,0.04206713047415734,-0.06708495848655671,-0.3302004942598677,0.4425832793823491,0.07514164938154622,0.1432039861661278,-0.2109062234193933,-0.0533779518596065,-0.3296691032569999,0.5403163391425827,0.4897855964074842,0.7559457364642804,0.6912496279656323,-0.18190178269077578,-0.05053151237954078,0.016374210482772877,0.18410414164777514,0.05067706779387269,-0.07580712988386085,-0.22276622155101108,-0.07360972331282853,-0.0900630496749305,-0.434636720318833,-0.23418035283585195,-0.27361595866246624,-0.11875186038863692,0.03958312701249156,0.12813492446475147,0.058463762219390224,0.18338331097182195,0.2039093047858326,-0.07681176897329679,-0.30503012213875225,-0.1830076379363554,-0.11731938352960473,-0.45405070846453865,-0.25930210297827005,-0.18136919817065503,0.24401880517407532,-0.2206268560434285,-0.0505460500899556,-0.03913906688665287,0.16962590626297516,-0.15074408908732992,0.1797290984553801,0.10044013307572741,-0.09940200299266232
