1.0,0.5574652192133178,-0.15733544034861985,-0.3164291673713656,-0.03737113222405345,-0.14031208358638986,0.16995291646660873,-0.5013068311836102,0.36752812371809546,-0.06828277838298186,0.5990185264611804,0.3031329117766867,0.6192514270173656,0.511781389021802,0.3655720225942628,0.46125467330226516,0.254817140792843,0.20012592947626648,0.14318613599361057,0.4142777428451304,-0.4744100172292892,-0.34606987547006457,-0.4666289612795904,-0.5615882607188649,-0.4255072085994235,-0.5740259566368177,-0.38528295730017525,-0.5530706415827278,0.26101079789189335,0.0789218539330725,-0.4412702636190506,-0.3945218953304529,0.16969697438112666,-0.10758656798375298,-0.2737196470228212,-0.12969339180544662,-0.22434480060718837,-0.41006367296498986,-0.3768325466522419,-0.2649652492491546,-0.06310481001737275,0.005650394624161421,-0.14938111058854622,-0.27260291675650905,-0.22499636373348605,-0.34144726203103054,-0.04422946510777416,-0.20422452117447037,0.040560117527608845,0.023364386363233368,-0.09577710766071897,-0.021305668994251577,0.18571719314690616,0.11470227785234374,-0.07963128659031264,0.010207168275980977,0.2899531741958058,0.2120888425845976,0.06755422724130199,-0.10767581141489999,0.5574592955275853,0.39439800398870783,0.2536315519919673,0.23123199268244402,-0.25775851514505244,-0.2984194134226163,-0.3307551103126324,-0.6102616088813912,0.390860952854725,-0.054416105498684336,-0.007192547146642309,0.012096352600486476,0.3004721605907061,0.09971097986257965,0.041630721593503825,0.1591504981025081,0.391685435813149,0.23305737703676022,0.09882849097901256,0.10380020493654242,0.22779416427180033,0.2643087595405021,0.3144354035551093,0.2737077275466263,-0.18037316964522263,-0.022842647076185094,-0.23713090204175474,0.0027065936443017627,-0.02193308932795021,0.03930903467683096,0.0034830599128379395,0.14643565389451627,-0.22942008698715607,-0.08913801191872563,-0.2040578154420566,-0.17142156169988554,-0.17902672602961334,-0.08544689440114939,0.11372238552336038,0.0967880933363087,-0.3294051642071842,0.1867490976201886,-0.20093497064298718,-0.03411850816284681,-0.2699702937593575,-0.24172192269327336,-0.26485904386916864,0.043364428498955984,0.08892586872280456,-0.02224992865595567,-0.25534863117880446,0.08225132678063811,0.3157176266586328,0.0010860512466521798,-0.022189031408960995,0.15705269300181535
0.5574652192133178,1.0,-0.19513044755317316,-0.18452737581332038,-0.14924330457312515,-0.31012514700237354,-0.02063883897170362,-0.5019174177799994,0.14507766534119465,-0.09753066432330813,0.33934798044221653,0.12805401345107595,0.3223779377095238,0.32706362077994666,0.3710126103593005,0.3830950057800797,0.018689737636389626,-0.027420833651975417,-0.016888151247842032,0.12231713999007562,-0.4302381550483581,-0.07607807536865363,-0.10543446567500295,-0.3584886924263774,-0.1988868875041521,-0.29136227617810323,-0.15771559985686737,-0.2977512521008586,-0.042174900422398624,-0.27092012897624274,-0.504121900034345,-0.5334146798000163,-0.14479298643522823,-0.5211939954479399,-0.28632710844799225,-0.32937704238236665,-0.1136640949676206,-0.23797451053346735,-0.2457982374614254,-0.159520568447476,-0.1289041082595289,-0.1395843949084079,-0.3047358924856054,-0.3377412065634267,-0.23480604766023871,-0.28519449535700947,-0.1461703969539588,-0.1032735563136413,-0.09721273330061468,-0.023956605001856895,-0.04651511853310847,-0.04374082267931289,0.15145731024518844,0.11901111264002381,-0.017407684526609613,-0.014486942274555704,0.17200789759110477,0.4330377187464424,0.26215993122124115,0.3689026349926805,0.28380494253900673,0.5398791972662825,-0.008592543508701464,0.24305377093481764,-0.13695748568074012,-0.03945405043492089,-0.012688072284993655,-0.34135486191464326,0.4666705511861207,0.36193075158149507,-0.0027590535727072575,-0.0329704505726956,-0.07973059505706823,0.05465422696896435,-0.08106279184430595,0.014367539459264448,0.14794808683856867,0.046611011811717194,0.09563158744239658,-0.06624928294490554,0.24075710946670315,0.16165477031324205,0.17727976607087076,0.048925767320710585,0.24921755046715438,0.2577374890804408,0.08950549217538707,0.2320736808885523,0.3844986280034274,0.3095784888676997,0.0071014920912080065,0.03185859405923817,-0.11202467777930528,0.03949888648716443,-0.25681309873663977,-0.17169123475662892,-0.12252467277696501,-0.028967869889723597,0.04945939890713186,0.15508814888783637,-0.18214239041105745,0.3140877894720857,-0.20716702971641038,0.018539029989270192,-0.03733100644848187,-0.03479382680719288,-0.20863722117187658,0.029636751593852265,0.10429807665060946,0.02413682781156837,-0.18384701958453487,-0.141481940839013,0.20188350096912316,-0.014640352448221943,-0.1452828985581084,-0.2119803147948304
-0.15733544034861985,-0.19513044755317316,1.0,-0.21695860205138437,0.7135816518088848,0.41098749607121576,0.7004867941406402,0.38702905320137215,0.4825985968174757,0.492487827881238,-0.16008579093082098,-0.06514006690583739,0.05076731564586317,0.18552942117395785,0.01600642695743214,-0.22196181895837602,-0.11186857616354051,-0.030564370551041938,0.35710981307515405,0.07657223569398243,-0.08083465490750424,-0.10406065513223928,-0.1518861831939586,-0.28123332959312025,-0.3799892896281195,-0.3658241337858475,-0.2105396677686036,-0.35962041463688205,0.08974154284948849,0.06841664674085474,-0.13538702656894938,-0.16917177488214954,0.33384726609061977,0.25045156907146965,-0.026551746907112064,0.07751582479061717,-0.2804764880278403,-0.44984085816548985,-0.17776198339093066,-0.4697229180116199,-0.29619407900443007,-0.27985613105462787,-0.17492655406547475,-0.2658072796454068,-0.28098082206220487,-0.2969109778602143,-0.19866015461972425,-0.2767134872561645,-0.25712293577765805,-0.2869241505469049,-0.12519600593766284,-0.33269817233363824,-0.21338286010227245,-0.08579646948225414,-0.5055727488536541,-0.2799365335660228,-0.29579874815274415,-0.10975770487771508,-0.1112570601913777,0.09859996140412178,0.34371366225105876,-0.005608025112965248,0.2685037975135875,0.28080329933395887,0.38604123491177417,-0.010573451471807174,0.4128504795402574,0.12340376405626186,-0.3325343342610684,0.1006621205123059,0.015447496614991533,-0.2605765852833506,0.17056028645538618,-0.006761375906577649,0.19489442629403866,-0.1671425996749695,-0.12322827186102821,-0.3443156357886301,-0.35867747162297214,-0.22489124224220652,-0.2920329631950168,-0.18436650359505533,-0.2712376344895421,-0.11259952693454771,0.03246993262030422,-0.1970173080979132,-0.10275964095718404,-0.4032626058274347,0.06486698910412908,-0.13069529381563816,0.16397351132133475,0.3235970504912913,0.1856863009078782,0.15020046908359955,-0.29272098714159334,-0.08511978156054627,-0.3981240530134744,-0.39542996629956073,-0.07127179553720349,-0.30542891972921743,0.07429817447336738,0.051127672507513294,0.16413870775795206,0.14727555637270834,0.03005959980359435,-0.12134588202230305,-0.09642629190724947,0.18614328622148896,-0.1499417905634048,-0.33696259553247604,-0.514386732632869,-0.19617209817488893,0.020671319159868248,-0.06928357377911623,-0.18810249782742547,-0.1392779086262393
-0.3164291673713656,-0.18452737581332038,-0.21695860205138437,1.0,-0.3342664367224562,-0.06375707593605709,-0.6030567335182765,0.3562083005215122,-0.49790794075990347,-0.15059735733886817,-0.1500295672047455,-0.027218169630231704,-0.5517121052148815,-0.6999002476774014,0.04104470331263792,-0.11725031243133352,0.01760722372166788,-0.19503247439363744,0.23406136049736878,-0.02812579284068498,0.2790023058537811,0.192151729358826,0.4253183895321341,0.47066244434073556,0.37880728207233916,0.4604748064524578,0.4769556487884504,0.44426066177995316,-0.2252405469882888,-0.1487914034477954,0.22246620436163733,0.27477886210738756,-0.4090700891611806,-0.3101273659476117,-0.007492252055298796,-0.19155107330737461,0.0028161794257321286,0.1429223658902956,-0.13646503464002868,0.09555018604131173,0.028514579064804865,-0.15539990247357188,-0.07168186220996808,-0.03631152210091468,-0.1668937101157473,-0.02289850028863972,-0.25679025416396806,-0.057855914691604754,0.170741112412236,0.05153607939296108,0.3380309014401541,0.2848434669340424,0.1648960142169652,-0.011412311479581378,0.014693032292193427,-0.21229284015865008,-0.0009776516494349194,-0.07608334568728593,0.026374535989580953,-0.12040483685487846,-0.5869441566204122,-0.41527218341088085,-0.3423448732187348,-0.3268126818828653,-0.05314703584035096,0.16721634475513297,-0.07824822746270273,0.14755691006233554,0.09742159921469455,-0.09106660398839225,0.10128136709847431,0.27878025492847364,-0.4659501907495256,0.0039203203491699114,-0.08329197940202111,-0.034576262882456646,-0.1830762491322579,-0.0503689363661715,0.10047667312615689,-0.019156358340614264,-0.08526277692723981,-0.19202697070871788,0.06945993768762332,0.18492111538457418,0.2684377734826853,0.3768792173940317,0.23412734451319953,0.2883358649914469,0.007925187456864715,0.10730097110553265,0.28197666008537653,0.26695664031142885,0.4395304956935808,0.2540752194922857,0.19363164332153002,0.19692735513760964,-0.06741506340835181,0.15577127271609076,0.026236533842660604,0.06867890453481118,0.23096153678286765,0.043404604988417646,0.12694605568995276,0.027615133841188005,0.08637033335925653,0.2470748018637486,0.14743363918566907,-0.027608285375443336,0.06964464415307454,0.11669270730265557,0.11307869318519526,-0.08070625546514107,-0.32230922554472846,0.030938068427749005,0.06322534766333565,-0.011476431198120609
-0.03737113222405345,-0.14924330457312515,0.7135816518088848,-0.3342664367224562,1.0,0.607552754028231,0.669188463395228,0.2697073210680942,0.616755825080204,0.43032993215087045,-0.1360946498427243,-0.009880038787058494,0.18584992320410804,0.29006612130356846,-0.050185804593401565,-0.1336881395795344,-0.07177789994519594,0.1050386421479505,0.09684804334493183,0.20466799481197956,-0.12277442914649019,-0.15034559557725716,-0.26118099831531055,-0.3427031363383413,-0.28431868566255825,-0.35234914710646503,-0.11593757774878699,-0.31176139024626226,0.08795600858479523,0.188946756829762,-0.20593682546819655,-0.2198307140553518,0.4015416971249961,0.30969305156684285,-0.08431123807998987,0.15693227666198026,-0.3563135859721978,-0.4834613146434414,-0.18176473812160984,-0.38486692652998916,-0.25409083688447465,-0.17722432400762578,-0.11622185770385494,-0.24639440442550942,-0.21733244222708756,-0.2689374155275944,-0.033733501468176316,-0.20671652355579329,-0.20887641741311264,-0.14692272217638333,-0.10660947935647058,-0.30642751488087944,-0.15417935686398915,-0.1597774411033477,-0.5390225564425137,-0.2553231492550686,-0.12889462884047706,-0.058526639928400785,-0.15666817529393476,0.04053731098361397,0.42070827457163434,0.12551784191784698,0.2576649004556995,0.24072053230368204,0.3207666236808205,-0.0695690626921176,0.2314683193095444,0.013803012176713057,-0.17454493582321667,0.19265838876163488,-0.03682155065254429,-0.19102709569208684,0.23740645276127198,-0.14986885522177823,0.04710551452991955,-0.14726085037029757,-0.17097731071732594,-0.3031874636152774,-0.20782487894240836,-0.09777150281149109,-0.19141547747824328,-0.1021949349991571,-0.35307347064392175,-0.12286107595376518,-0.18791129270166737,-0.2819057386373812,-0.21432838594179596,-0.4013620870078284,-0.024540263208238523,-0.2790394592208383,0.10161396138693828,0.21591699543534565,0.19961158851565008,0.34248152404420656,-0.21388184145014824,-0.0139503613948192,-0.3382798592941062,-0.31950446916149844,-0.00326342759901582,-0.18340974663757603,0.20126908886134048,0.14417749274918376,0.2325185159089506,0.09638640925846538,0.0651822925638354,-0.041223883872536546,-0.05066736961476748,0.26026547652305815,-0.17981364568986385,-0.3292974012373133,-0.4819860454510714,-0.050659200512686534,0.2607547028163295,0.02310532176881442,-0.14172522871259685,-0.039286808910491765
-0.14031208358638986,-0.31012514700237354,0.41098749607121576,-0.06375707593605709,0.607552754028231,1.0,0.3613328967982946,0.4630193362077837,0.3885675054604889,0.5472754136363175,-0.29961822519668996,0.003032809254077863,-0.08247932551602616,0.20448676939325458,-0.2425684026451252,-0.0706983012376401,-0.03844179638313935,0.1451426661008892,-0.10861747939413954,0.0866414911342113,-0.06865253355837338,-0.02943557129354753,-0.18618378390153775,-0.18287993758646887,-0.12087794353842629,-0.09650696437189783,0.05784693332810041,0.09654946123850164,-0.17848660039521702,0.1819857844119768,-0.11651924097420187,-0.15159027052450583,0.204174759053376,0.2575232658335946,0.1348999282154927,0.23572328025159128,-0.20869092683563312,-0.3496775209354504,-0.1463078814555195,-0.13739903995703007,-0.13695733461291423,-0.11598246597011701,0.005469862276452921,-0.17173181095262313,-0.09527556185684165,-0.15337698762702806,0.01850407870838732,-0.11774760593603568,-0.03373544632366859,-0.07221212549656912,0.1008668739652287,-0.14754251265684276,-0.14389210777577738,-0.2257461674159969,-0.47384123666007033,-0.31625234067308716,-0.010296936142026833,-0.09077837763834186,-0.1877485556069992,-0.11797046163694293,0.10076674963575254,0.006918450395663592,0.06284886465345244,-0.01916954714933286,0.2647064421979501,0.08115040674629029,0.1953354024937406,0.12248211862080505,-0.030643319728105224,0.17610432880413873,0.21173305705084955,0.14477564318182948,0.049435323288281464,-0.04155816049811023,0.1438807513574373,0.016050608728221,-0.12886297528168267,-0.2341815376176279,-0.025357111672785895,-0.08440880745288945,-0.1320597028869821,-0.18296060803284947,-0.3446217626113451,-0.24414984048083185,-0.2682475815889505,-0.2868021650125228,-0.2778465981198758,-0.31034665348805435,-0.16885849056075392,-0.24815049027013542,0.26123993572717163,0.22353616236364346,0.4340012458579496,0.3696041903068879,-0.017724728011887732,0.04749117293679164,-0.18323204584460584,-0.06994025067402697,0.044916430400947255,-0.09696622242387844,0.32313544575200925,0.23600201665794748,0.3658550534284842,0.1428751838561712,0.23352244018251794,0.03410474307000258,-0.0005830694382252811,0.001341992356519306,-0.027957636593621996,-0.13897870630571896,-0.24551749928797406,0.03266112545078474,0.1672408964133347,-0.020463773230978997,-0.03596494179298574,0.08321102703128462
0.16995291646660873,-0.02063883897170362,0.7004867941406402,-0.6030567335182765,0.669188463395228,0.3613328967982946,1.0,0.27260740449744897,0.72879862116967,0.5916233810662511,0.07901560083856754,0.2515509880045004,0.4973916253406991,0.6776334385513048,-0.02809534789178841,0.06364003192536123,-0.04554668431936686,0.09847670107147889,0.05333026074945496,0.20362098770138354,-0.2745938235861332,-0.1502759829442459,-0.5175128893768848,-0.5628416266336351,-0.6164342372769607,-0.5024551497413297,-0.4354706960005707,-0.4784769862457085,0.20657349934490604,0.20017220901788177,-0.2859979344701388,-0.24282746157164678,0.3800206915316994,0.41361061678864425,0.01402678369543616,0.17492008904158587,-0.3200639321268625,-0.4402284566461684,-0.20416214197808827,-0.4790461234763589,-0.2804590251690978,-0.1897878262814638,-0.050429043621417015,-0.17648630671490656,-0.04989358472351833,-0.14259900321575647,0.018442862273444875,-0.12930934676521347,-0.237938203685744,-0.23027825236215585,-0.3396126923445101,-0.4974100667118505,-0.30528031673885747,-0.15674893998018719,-0.46564956130496465,-0.1710586353114064,-0.2892159553148799,-0.2342700756508422,-0.2689653805407765,-0.14754938998614717,0.6367460655022712,0.285404557863091,0.32678564742275373,0.27808177853093674,0.35027946192910897,0.01217681995211116,0.1459409527054687,-0.04287603450547693,-0.2959668491176079,0.021068368446462316,0.03818020294485665,-0.24432880452238417,0.3980780983496668,0.010006848737867611,0.21165951058268978,0.061397350080171366,0.04784862156940807,-0.11309848029744111,-0.25590581796851225,-0.133496250268699,-0.13288845199228427,-0.046688925223370176,-0.37221676691100314,-0.15757524242841986,-0.23694331485399955,-0.32597941483979026,-0.33711999948261506,-0.47557548878053346,0.0314392300014712,-0.2586702476262742,0.007474649579582949,0.11872759247568038,0.06445504899774629,-0.005013646458294639,-0.3654937903078861,-0.2012293540001317,-0.20514005398767704,-0.36026862673802507,-0.0650806113377731,-0.3258120532883523,0.02323880859399175,-0.04270003519459245,0.06611455476070977,-0.10056927222557338,-0.055566407720758465,-0.17471372136506277,-0.264579098893907,0.15431591986417403,-0.18547338974872324,-0.3744973882616526,-0.4239083002926051,-0.09011266838718297,0.3126762697192739,0.030764930476056353,-0.17834177264375461,0.034630961545080205
-0.5013068311836102,-0.5019174177799994,0.38702905320137215,0.3562083005215122,0.2697073210680942,0.4630193362077837,0.27260740449744897,1.0,-0.013178183937219184,0.5284865194016252,-0.37624669062839305,0.150233421597431,-0.3550739779271906,-0.10061048663870394,-0.33161167542332914,-0.30355274321716424,-0.10566248676863492,-0.17015727439163114,-0.01624570645279808,-0.06896965267708267,0.1669111782666606,0.17412621692627478,-0.08198478141538856,0.06014033361344917,-0.07401264290874968,0.1524954244260668,0.1306549957981539,0.23928301848664943,-0.1550504541867029,0.06144796988715295,0.07095496479960144,0.15197708575740224,-0.06694436290299878,0.27719121111687434,0.2105367347676139,0.17896094695380876,-0.1700350956106809,-0.03798084518787949,0.02091664789247514,-0.0746430539733043,-0.08400854366089117,-0.1955193015902671,-0.058602859059343176,-0.09079254049339484,0.090051382752174,0.10959972223183408,-0.1474249404197337,-0.1395959231183456,-0.063315346466517,-0.24786370331673835,0.09403780364692461,-0.20819139493089375,-0.32265632886898055,-0.40656298703233,-0.3762341157160386,-0.34501739578421886,-0.32923793353624803,-0.49444010961785007,-0.32223346491299876,-0.2448892305061138,-0.2324888546188677,-0.2682510847673137,-0.08465974533466387,-0.18442968694399262,0.3204627625832936,0.4091174980568668,0.24281389849607987,0.4893203407644679,-0.33401330399038653,6.475005741198557e-05,0.07717885200842374,0.13188833123799384,-0.16595481929405934,-0.04726751857136591,0.06743769563733172,0.0662779464440318,-0.3434944469980898,-0.21717464549991372,-0.18522769309341197,-0.21227654493688938,-0.233753838805755,-0.34300359418289245,-0.3572345836839437,-0.13988178914656096,-0.06626709624607537,0.14962869970013545,-0.07656847065829907,-0.19999973354167017,-0.0888311566410493,-0.2516314389104316,0.26155802247270565,0.18144973249407756,0.538183414209256,0.22291070306561322,0.06669421993631487,0.08494405845190088,-0.06779959268897841,-0.017211830604091292,-0.11705238854914789,-0.2586432474449014,0.4943384310733548,-0.09984436612419854,0.32424736718028263,-0.019524593799216675,0.3181003091578549,0.16415853949354922,0.10123924916815054,-0.008719456887741702,-0.0975735808177061,-0.05059351996326511,-0.08432200607606015,-0.16808374609674429,-0.12027622770093024,0.025229209458970083,-0.009613450491846275,0.06915400838268806
0.36752812371809546,0.14507766534119465,0.4825985968174757,-0.49790794075990347,0.616755825080204,0.3885675054604889,0.72879862116967,-0.013178183937219184,1.0,0.5107774424550373,0.13462643922237283,0.10489396197879215,0.5894166917933125,0.6199495496373517,0.2261453561968646,0.4182754866870745,-0.11661949005977847,-0.004852252651967559,-0.04547305049077727,0.27640479587311495,-0.5612943839657488,-0.30314404989298827,-0.3343834247027873,-0.4887942536513974,-0.5345690082638532,-0.5579573913898143,-0.4137451596008441,-0.49691635624281827,0.00019014171560545118,0.023353446771482454,-0.3881908360050587,-0.40752062226352936,0.36959397938576977,0.2353356272239863,-0.0005197508063933482,0.24498643875586312,-0.4227658857717155,-0.6512995060514656,-0.4018179609844525,-0.3773484129654764,-0.37728740668431443,-0.36681602276441316,-0.0469273727896487,-0.1989038341798943,-0.14835533770986073,-0.18450523753045012,0.07108470539530094,-0.13977244340548597,-0.15913868386252816,-0.019639022375751547,-0.12282229871619055,-0.2800947594344339,-0.0077115960541528535,-0.04173776166789157,-0.40108981036502656,-0.12726462884077624,-0.22594102387556728,-0.12237055683709101,0.0017284410847474944,-0.010809317848808035,0.7629249312360057,0.4308654709647501,0.1992697402341721,0.16553157301310975,0.2588408586061436,0.002336386046669827,0.16584283394999882,-0.1456918122530221,-0.056781481517976885,0.2275053055583376,-0.16599112287440865,-0.31079525647899775,0.18709237084190436,-0.23479560429108656,-0.025671624140837002,-0.20134717394675272,-0.08465546921522563,-0.3306058918959014,-0.26898508867569304,-0.1791575041234708,-0.13508826125593384,-0.14576715347100527,-0.3839377615160161,-0.15499433352174632,-0.20620805078733587,-0.413032531327591,-0.3746231283668506,-0.35262999019372554,0.17616026077059668,-0.18303094596081249,0.19677440734241272,0.3813182565344552,0.13197997808702863,0.26289849375355917,-0.38130484687601024,-0.10540966040120069,-0.2316177072156322,-0.28182689464966637,-0.12749118422582773,-0.3104016017548751,-0.12586374097794575,0.30095989931558687,-0.059061198483298695,-0.0074116909736155695,-0.026968608494205664,-0.08379493070747332,-0.38393175065644314,0.25735677723212913,0.04573666194084834,-0.2308503293247335,-0.4154918633786311,-0.06941635788340887,0.29758666527913463,-0.006062243171772123,-0.19836830697903834,0.1594625790764869
-0.06828277838298186,-0.09753066432330813,0.492487827881238,-0.15059735733886817,0.43032993215087045,0.5472754136363175,0.5916233810662511,0.5284865194016252,0.5107774424550373,1.0,-0.166497576504733,0.26421142153108534,0.0881408765556045,0.4411537204479472,-0.051807702613518546,0.1407857412330614,-0.03694056374895791,0.10029576707304219,0.037210475580501313,0.24174899341229183,-0.22793099296865282,-0.11100874487962252,-0.2984207798687861,-0.3665888725913824,-0.5186973467719297,-0.3722261416560874,-0.2715381530969675,-0.1584245802665296,-0.08384191618350921,0.10279524983398734,-0.2804267059610912,-0.31759209517388987,0.20938655651805876,0.21278766119691675,0.12863552039824852,0.136525406868331,-0.17532925002190963,-0.33546027073748746,-0.23660506266242662,-0.2856676383805798,-0.1889433374915411,-0.23439659386741443,-0.11490654359679812,-0.30310601610249643,-0.05906200791194221,-0.1208794392811699,-0.05884640671909799,-0.2346924261071973,-0.1212743674134255,-0.2324663872797751,-0.015392221621288877,-0.33752639593670686,-0.21963020219785334,-0.315203574555421,-0.4601162586905508,-0.4682733470928331,-0.17449848921581254,-0.18569095588697943,-0.17322112067786025,-0.11535598669038166,0.2617686412989639,0.09011225242384477,0.03821708375427741,-0.017650036958587054,0.3619151879862971,0.17386051677454892,0.20391156849601721,0.10229356910718145,-0.19497254902914488,0.08768530557984613,0.14912786610821718,-0.037156675533482744,0.0704218354461529,0.07237858283992406,0.20499380590196173,0.186648345479874,-0.12474665647113865,-0.18782788579519327,-0.17166587330524832,-0.13583394624357767,-0.1539021672816625,-0.23345363267831742,-0.4471159866478982,-0.1630697269214322,-0.13798414932803152,-0.15027052816663963,-0.3172107502611756,-0.4089623053395674,0.005879315952926876,-0.3142591417220281,0.3029866523944482,0.28585724476926816,0.44779168718851914,0.20351471708931054,-0.1469200473068662,-0.16539801844566213,-0.2787549529277262,-0.07773637324714154,0.11162798723129876,-0.05403540851768647,0.2271098828609227,0.21827114996171287,0.3122033737000752,0.06281364879787925,0.13656824231237427,0.1678946533494069,-0.0807835637750563,-0.004872263512293818,-0.049633887081193796,-0.21807172458765214,-0.28611291526511856,0.14193504286928085,0.19439945613307885,0.06638237861831722,-0.014528598833527518,0.1334681556615293
0.5990185264611804,0.33934798044221653,-0.16008579093082098,-0.1500295672047455,-0.1360946498427243,-0.29961822519668996,0.07901560083856754,-0.37624669062839305,0.13462643922237283,-0.166497576504733,1.0,0.525070411544738,0.5208194101563407,0.27924257265956925,0.4754836329869288,0.3219272168016529,0.15551500442142985,0.08362366051405626,0.32439375377219665,0.4158436739365688,-0.35947015152339845,-0.3362710125272377,-0.3794410314443444,-0.40817598458716264,-0.3799419822493668,-0.3504028009117838,-0.3090372132788551,-0.4609772203505921,0.3739037115899219,0.09027430960623345,-0.21741420783789528,-0.12007055394926629,-0.023637490171657255,-0.18982525438456355,-0.3201640583641981,-0.15894828225233584,-0.08088767422674377,-0.2776946844593219,-0.3116018469216489,-0.3413440092203493,-0.007443137282389105,0.029957733701958443,-0.10635118036207805,-0.15673073925947198,-0.14462802767528812,-0.2245584471133458,-0.04404309674138592,-0.15302170630044676,0.10942529632583199,0.04851710695113872,-0.20831037220165438,-0.04690445917320021,0.23411979875411681,0.047559738498991054,0.14028770460467785,-0.0062387113411843725,-0.1404930108380029,-0.08920474226694838,0.014586885966851227,-0.22825396358938319,0.3019809733071692,0.08121278817941102,-0.02493710111141858,0.03172603282268439,-0.12861312755439558,-0.10829180679945545,-0.4249738621843173,-0.44306630979800105,0.2724325920286918,-0.060047090722349455,0.04882557272071883,-0.10611465611277686,0.2885106819272715,0.10729616538134783,0.08603178981226274,0.16201558148539694,0.3370337850177506,0.2850743386109291,0.012441978487443887,0.10569129027858218,0.13062140188548002,0.18090244254118668,0.4004250119678647,0.5011886268395972,0.1431538419127476,0.24804207770916226,-0.0454608742726368,0.12391974865548795,0.032540948662087205,0.05719132607798548,-0.08242270504955312,0.1183601534430943,-0.1882324569923327,-0.29875852071707987,-0.18487634917514578,-0.17272789609843658,-0.19646724460677498,-0.22495638463556844,-0.09948982648996767,-0.09132317876043215,-0.25342710085528425,0.026768393199234877,-0.01437139532005862,-0.14568455627184493,-0.32675049449927285,-0.14844633907208,-0.30896335154163435,0.20861939633365123,0.03780839432275087,-0.08125980884775894,-0.16595416453263287,-0.019252306425839815,0.09076770572403327,-0.020876580624197616,0.12312317099455942,0.24714321339124598
0.3031329117766867,0.12805401345107595,-0.06514006690583739,-0.027218169630231704,-0.009880038787058494,0.003032809254077863,0.2515509880045004,0.150233421597431,0.10489396197879215,0.26421142153108534,0.525070411544738,1.0,0.4073459252863923,0.4856999426336152,0.13570505027355514,0.33239701352119244,0.24360405668817012,0.12419000247307553,0.3356112860468382,0.6121142418942888,-0.2555309541032908,-0.2452322952573542,-0.6832735950815629,-0.5381069248864171,-0.5346152798315804,-0.3843166638889161,-0.24207789146962314,-0.37679154787582586,0.33551951938291374,0.29649708365815747,-0.3027586210195381,-0.12869986644184925,-0.04258939093739119,0.07238250648902894,-0.2205250717264379,-0.119548386780277,-0.1946324290171745,-0.20564168304106112,-0.3440088414373473,-0.4085465808271342,0.01751953993529228,0.07916655117733537,0.03233359830395324,-0.0849885542184469,-0.01768283417813419,-0.06509391047547701,0.08159928917588154,-0.062413766117521474,0.2022463653753834,0.010409467066180619,-0.3711935680702113,-0.2600750058155525,-0.10353820555735525,-0.23672947126019575,-0.14956750882243083,-0.29626683995728537,-0.21730483290340538,-0.26270174939780444,-0.3193367788282298,-0.3920475236967357,0.07814040094571373,0.03458020571022741,-0.1006766608747278,-0.08539033653137416,-0.18610399998898208,0.0380592351270626,-0.46670879412278427,-0.24702924351842606,0.18420956281025086,-0.07060032390408015,0.25307561903254355,0.08877249730198501,0.3115861563431448,0.30865050642750835,0.3682982396313156,0.4882596259997668,0.26308268801926127,0.2266204851444773,-0.06744285049413384,-0.002462841809468299,0.18116563740643563,0.10668199286292178,0.10562077993164315,0.5019400144055034,-0.134323583211967,0.3595225952749448,-0.1954350273645749,0.0007041165715055625,-0.11810060153780744,-0.13743228715914804,0.181380574599024,0.041897531467718005,0.1377857692810044,-0.15534901647441565,-0.22320792921969682,-0.2277884575771063,-0.271577892647821,-0.22618256397828504,-0.07825011001564293,-0.20277700718284186,0.07555297515486084,0.004912544722628488,0.09839897091276502,-0.1653128879794186,-0.2994035972943627,-0.07169089471395615,-0.2439065415689425,0.219238857593238,-0.13118187222882371,-0.22206237711053606,-0.33224238748509255,0.04275421636232144,0.047657111734379594,0.040947702824317034,-0.029995464889507703,0.1761119019441324
0.6192514270173656,0.3223779377095238,0.05076731564586317,-0.5517121052148815,0.18584992320410804,-0.08247932551602616,0.4973916253406991,-0.3550739779271906,0.5894166917933125,0.0881408765556045,0.5208194101563407,0.4073459252863923,1.0,0.7460338997966436,0.32089796703934753,0.4991682781724307,0.1285118340827825,0.2134418764612333,0.06134663321713053,0.45125310040325345,-0.5193688125961193,-0.36034310828078797,-0.5971352132837974,-0.6163950599378925,-0.55337691314586,-0.5860618747006774,-0.4734800763638583,-0.6557541478132828,0.29786465432228093,0.13295533703431478,-0.5034693978215263,-0.42535161149335093,0.3354075009965317,0.11221913982098573,-0.14650328750768388,0.06964076708497922,-0.12820474857957012,-0.3612016770915329,-0.28333012077546993,-0.23349697166988517,-0.10030629977507538,-0.05443347446471318,0.061839200840012716,-0.0028939871195576786,-0.04845524936855383,-0.0706289017040091,0.21673682599320354,0.03374376354061929,0.051311499281311845,0.11852339552833148,-0.37478314050098843,-0.21058850660223716,0.012011356487451098,-0.07079305399171831,0.01535818882738165,0.1715745336408833,-0.1310300071293124,-0.08323664878170507,-0.1600806924490257,-0.24604897082492552,0.7385003533578194,0.32688483881039354,0.35364514308779577,0.22949043733761057,-0.167923277664078,-0.20629358205322038,-0.2942492031102112,-0.4239364208921039,0.032984562381127035,-0.06876969877553758,-0.11983347083492335,-0.2915809440559696,0.4217668358601238,-0.04784073660054392,0.07479470254907929,0.06762605460579116,0.20408734843617146,0.05974508706903177,-0.13735197702506113,0.06661295999191381,0.0790694377192426,0.23049534771172306,-0.05979335483416895,-0.006429581755314281,-0.2655518512821354,-0.25305006647917244,-0.41850722804054113,-0.33081654952131734,0.029296622791839394,-0.1082645837820809,-0.02316725886886352,0.1461837762829653,-0.29906850837170995,-0.12649017951155964,-0.3051051236508572,-0.08195754665552824,-0.01527031366038693,-0.22642833857512326,-0.07311888406023907,-0.1645638583137887,-0.316168509607704,0.059530251456023135,-0.3202587219311695,-0.23975255688525735,-0.3022710814172769,-0.2031458975489245,-0.2696374182766114,0.263997194097314,0.0504807791715852,-0.06872707520028648,-0.2523252518206467,0.06611440840161396,0.30498196161589564,0.03510641336618882,-0.10305758514333724,0.27762738966593464
0.511781389021802,0.32706362077994666,0.18552942117395785,-0.6999002476774014,0.29006612130356846,0.20448676939325458,0.6776334385513048,-0.10061048663870394,0.6199495496373517,0.4411537204479472,0.27924257265956925,0.4856999426336152,0.7460338997966436,1.0,0.10823189114968741,0.4597485528489811,0.1279882622612774,0.270014741216712,-0.06068522892185229,0.3973161739392927,-0.4769363310797666,-0.34762569580776415,-0.6870635709220376,-0.7045997997154394,-0.6611061437313507,-0.6296754526317192,-0.5274023348566093,-0.5719467566874529,0.19027257174123666,0.2157329326850123,-0.5140300016044715,-0.4345271920315346,0.2737563336541239,0.2622853878932446,-0.0825605162293555,0.1348869553997978,-0.1671425586925393,-0.38573433038057514,-0.22044128498781043,-0.2568819540157964,-0.15762612029116416,0.022041641472778234,-0.08719061406824848,-0.21047628172724459,-0.038927733169523145,-0.14221523453647622,0.06860272564491698,-0.1243495169501242,-0.12291874536851045,-0.1572888479980252,-0.3784886016731158,-0.40096914309880727,-0.18321722026956608,-0.20003569818460912,-0.24734624037859823,-0.13515223778469485,-0.003019075113663014,-0.00397023401718122,-0.22685274574585312,-0.128383069628444,0.6586477856985161,0.5234634277012509,0.30257231587540695,0.2749987147183626,0.02204666664268098,-0.01905496378376614,-0.12522017131351462,-0.2632149563072327,0.05865400976297826,0.09351256429761307,-0.020180232103729785,-0.21901325425252668,0.4229436430745913,0.04892948433305834,0.21852629200734075,0.20245437309043499,0.16034182925566073,0.06413904540896732,-0.1034095806893718,-0.03298445921005109,0.14732469671385934,0.1516314585575309,-0.11196723431078882,-0.04300953648155747,-0.31377050220527203,-0.17578560028244974,-0.4546993337094399,-0.3571095755150609,0.04054311115860557,-0.11392196788554002,0.058102368564398314,0.013531841258175989,-0.07091735094133894,-0.10661177015551417,-0.2531619737262998,-0.22168632750872777,-0.14190696414008563,-0.13330185628850072,-0.08723303068480402,-0.21298970506067869,-0.13756328205705054,0.06943476047553775,-0.16203980465187426,-0.17541627612344873,-0.22753488685484535,-0.23511900870640795,-0.20744267136126018,0.0729408863913823,-0.09043891005363754,-0.22125466817775918,-0.3453500569703348,0.06861412931379049,0.2985160098269998,-0.06825054541304347,-0.15255761437921841,0.10247441874630574
0.3655720225942628,0.3710126103593005,0.01600642695743214,0.04104470331263792,-0.050185804593401565,-0.2425684026451252,-0.02809534789178841,-0.33161167542332914,0.2261453561968646,-0.051807702613518546,0.4754836329869288,0.13570505027355514,0.32089796703934753,0.10823189114968741,1.0,0.4761517702401051,-0.04628378852864244,-0.15117330151638364,0.36227986254071715,0.28542867428537877,-0.33736664019437496,-0.4044424815072393,0.07969994335996586,-0.19302938590896046,-0.16792527053750655,-0.252205176271916,-0.10224809463362566,-0.2978946359827991,-0.03833393494636402,-0.189688497230353,-0.2941741640217187,-0.3376180098803059,-0.08276567465527639,-0.31278393324494713,-0.26345928562535054,-0.166796714783346,-0.26947096894411904,-0.4052347078183474,-0.27218554630879965,-0.1655672448362231,-0.1959953275834585,-0.32428142190591264,-0.11017292499162289,-0.09660710726840775,-0.26957288915388417,-0.21916482556844552,-0.12684267856628348,-0.08035622527734039,-0.07595193633698352,0.08422779990499779,-0.059676942787959764,-0.016797415915391776,0.17434608621133427,0.09780899847794476,0.059494269011227084,0.019785061963103465,-0.10422633204143004,0.07577703704316702,0.14030956489337734,-0.04014070001278574,0.2544456238535686,0.047590470289419526,-0.1606161027369594,-0.10402609356103298,0.12159095944279098,0.1326224897654736,-0.04986010939284408,-0.2035353114264292,0.34682075758039504,0.1526696660365716,-0.1387076026970264,-0.2658474137621077,-0.12267338547604616,-0.09214220762765986,-0.17067712385439782,-0.19181872857677543,-0.05700124130429857,-0.07756628891608788,-0.07037387971337601,-0.161097626048306,-0.10323619070546007,-0.06546362346305236,0.3409880051920836,0.3019180081857335,0.40066766995070574,0.19426853864496452,0.16797255394896798,0.24693780184234945,0.43950986765950234,0.19224109416296833,0.09403549869692392,0.2616858797596046,0.10840442445912185,0.12808719231745458,-0.026470418524191137,0.05347594714163298,-0.281093300147906,-0.05349102538864274,-0.16022862865752588,-0.058475803193922885,-0.3695269437416495,0.2623041035672379,-0.2590987187391043,-0.07710771611365477,-0.42152818975137996,0.05381164184142866,-0.15859933834840118,0.03610276845550143,0.17369746464258806,-0.08200981595830925,-0.19169755451151455,-0.01509698309241039,-0.014695383153451754,0.13216566731869217,0.10572859598109673,0.11494528431057041
0.46125467330226516,0.3830950057800797,-0.22196181895837602,-0.11725031243133352,-0.1336881395795344,-0.0706983012376401,0.06364003192536123,-0.30355274321716424,0.4182754866870745,0.1407857412330614,0.3219272168016529,0.33239701352119244,0.4991682781724307,0.4597485528489811,0.4761517702401051,1.0,-0.08101239241559209,-0.1779954928421476,-0.05945277423046988,0.23069666277866266,-0.48767977269451507,-0.19705860539169318,-0.17886150149833283,-0.2037222034016255,-0.2579555346689723,-0.30146740695531943,-0.17404886843546777,-0.2347325606745123,-0.28050467688427133,-0.277966753755455,-0.312981749006386,-0.32592406250171035,-0.14155326585418307,-0.19118663281918172,0.050051691931805115,0.2434621484612406,-0.33073169015957893,-0.35475550323908583,-0.40798548681685376,-0.13663520997870135,-0.16988342333425308,-0.3207656802222127,-0.0648206614624253,-0.07493918537512292,-0.047726290724756884,0.00010598395723027893,-0.06403887158839637,0.016283025148449953,0.19348683637687106,0.1500967723833908,0.019288561071962033,0.1170180260792399,0.3018853122548305,0.10678458914849849,0.06253648034134235,-0.06979943895422461,-0.09230107490191734,-0.025359386800264772,0.07775723422339739,-0.07287160410541266,0.34706489684309955,0.40873972232740063,-0.21860398909451992,-0.19519138035258013,-0.10879871332211535,0.22071768496455285,-0.1922846441918317,-0.1643916267940371,0.25086025755352054,0.22301915074788276,-0.04895309414923943,0.0014881916860347215,-0.21159370450744666,-0.20040449811989752,-0.1250744125218396,-0.1464351638175808,-0.07280969074277405,-0.04762267210880867,-0.12899031064915756,-0.3334704241253974,-0.02279165014012281,-0.19433649025396607,-0.11048822483081841,0.09898988210371029,-0.061316154822860444,0.08030121768910922,-0.2251325615319944,0.061673525584191397,0.20204971428931065,0.08315896154094778,0.33807888510923034,0.22173063976572288,0.20088021497910513,0.1813766268462392,-0.3209846041710324,-0.21610763983032125,-0.04137255141747362,0.061702437891002083,-0.18323108910118793,-0.027532839506969373,-0.14854041451789565,0.37043666311950624,-0.24959993963478816,-0.0904553968639195,-0.23588845324192878,-0.05010866192310545,-0.3384113318805305,0.17800023362683356,0.09721898896513793,0.051966268454074586,0.017030930100086147,0.033737107510288356,0.1564510284980813,0.11721417599605893,-0.015164789741150627,0.13140624775171048
0.254817140792843,0.018689737636389626,-0.11186857616354051,0.01760722372166788,-0.07177789994519594,-0.03844179638313935,-0.04554668431936686,-0.10566248676863492,-0.11661949005977847,-0.03694056374895791,0.15551500442142985,0.24360405668817012,0.1285118340827825,0.1279882622612774,-0.04628378852864244,-0.08101239241559209,1.0,0.6961149968957295,0.35126243813168134,0.452649297889692,0.031945236807068095,-0.23827408694208968,-0.38814195350300057,-0.3921331260366695,-0.185910602811261,-0.15602609413258697,0.08515622480277,-0.1687076540369945,0.658621630308759,0.5509936078515614,-0.21344900850655035,-0.12942979575329525,0.2726167456600866,0.03319575060665228,-0.3524711472369764,-0.3365912379439586,0.08751618387007035,-0.01877747082645583,-0.28131343810805565,-0.21486577975759122,0.29096052561566604,0.49439967971231374,0.05962322187744555,-0.13148852082753038,-0.28194784837281295,-0.32829566244679426,0.0005421780814191049,-0.21581791801333072,-0.12280832281996842,-0.2863813938147366,-0.38225529673272074,-0.3224435948322315,-0.24026337019154326,-0.17734972999292936,-0.2865978420087764,-0.3750406148331643,0.49084262250749183,0.3988547455634027,-0.4849009720116033,-0.39901752077881103,-0.04204453931939083,-0.13017099140914923,0.5301628220395453,0.3502895075713658,-0.12165012538839283,-0.31668341493762514,-0.48295234764725725,-0.5656827426963085,0.17749175816513124,-0.30539973304656226,0.1480421366969108,0.16615637546574888,0.6328440050556893,0.31967593462944344,0.49171012616936255,0.43533890871304376,0.5302863751078501,0.4269322432981045,0.5150291957114992,0.6634118890894678,0.7351197496201722,0.769716882798136,0.32475453435149726,0.3590207274895725,-0.06021238333365916,0.12310278892659365,-0.24540448857122318,-0.049814099340558866,-0.314735491910007,-0.15359650969958966,0.05468997740804525,0.10211133000286064,-0.03557442023364872,-0.173541021132777,0.028332951599780623,-0.16020841409618455,-0.1950351456444275,-0.13834954509438124,0.22366978979744895,0.30933105940275984,0.07388093954224713,0.049910821507902534,0.07950487588188408,-0.40689791200594155,-0.34519013134220183,-0.3120203980242573,0.024831100271973997,-0.08415941979224602,-0.32080503188936793,-0.1309873427765275,-0.28477055695691345,0.30961281930895723,-0.13241886818313245,-0.10572754367388333,-0.09379071873781636,-0.06011041915258288
