1.0,0.42220917378077255,0.08175352825102383,-0.15531346126960166,-0.20954511244716725,-0.07261757295092813,0.16173643636671983,0.12432202470054564,-0.17081807328913035,-0.11826489781806761,0.22818753906269634,0.31388313231770487,0.4184409065371074,0.33911140365198994,0.3600865137904679,0.23725291894568168,-0.1579134745938225,-0.02708935435059002,0.17189670798986903,0.49459492436907704,-0.2146922996994412,-0.2632586282832389,-0.13221067149707075,-0.08950691275171757,-0.27200209785558066,-0.2245285132284781,-0.2766308388831843,-0.25321251312535964,-0.39849616109705005,-0.4415457077027683,-0.3640980453055342,-0.3528978707736369,0.05112337600927169,-0.14899779888082718,-0.4371415232966266,-0.21848859638077278,-0.21001409035905702,-0.1366166305005314,-0.1921596240178048,-0.1607104653302345,-0.1658965683991995,-0.05038631507356849,-0.10223597269789442,-0.18568687086215216,0.09667068868846589,-0.09247345992242402,-0.19743725691824734,0.05044456412931105,0.043929231256128146,0.06454719378464178,-0.24553708748684913,-0.007080832354151744,0.3013816109308465,-0.2526434202781285,-0.1004873028961021,-0.21580330838265052,0.4805865378762836,0.37629745220945976,0.44636189598921727,0.4333806253057084,0.3860785346454098,0.407100293296964,0.33523309500510823,0.340707702445775,-0.39858224122753966,-0.08735655035414862,0.21826603114003765,0.04371768484340344,0.4018990470541742,0.6127652425352078,-0.24485127044371927,-0.1500328377543371,-0.4272536793960492,-0.23380112729857308,-0.16118089561424778,-0.29013595177487106,-0.2500465786910554,-0.33737074969190445,-0.48981651103119483,-0.5054402475061197,-0.29444821428100887,-0.3015799807900534,-0.07474134479389158,0.08211519752493103,-0.49681763120477385,-0.2478254630751089,-0.33948990013216523,-0.2931514668883883,0.03317745397485197,0.011752903649996677,0.23804022894366497,0.2902108562447299,0.20341246555958725,0.43182127745261406,-0.3434712859920758,0.03924149394083379,-0.23812464261880695,-0.3170555027125202,0.04461439424296565,0.18294363027013302,-0.27512867926826756,0.3379838684928984,-0.17204886812275808,0.03692123030649542,-0.014853295391688316,0.2329628696018179,0.13796940412008202,0.14843100660093952,0.05922512873651457,-0.3169056815937444,-0.19333201924043214,-0.05113750790047254,0.2032632384929759,0.020794535614863035,0.2664627769624782,0.05822305881619726
0.42220917378077255,1.0,-0.25831174881589086,-0.05377887030073161,-0.5077802447600918,-0.47440843685631623,-0.033624020828895256,0.030182586172028725,-0.32753448603853236,-0.20430014782162179,-0.09335572526105718,0.2834130533793403,0.09850520641039427,0.28475209167092813,-0.10527683822659135,0.19351800973730687,0.15499089317307008,0.22233521302953477,0.2711074475714501,0.2878763250113232,-0.32878905894889465,-0.3323810475578596,-0.325823088597318,-0.4871991896158908,-0.40013683913887754,-0.4823595378281559,-0.43718111916081404,-0.41735243820365386,-0.26386200473412197,-0.11341155285296586,-0.26558045018698767,-0.37926322393413625,0.4209507087410458,-0.16109840898568556,-0.47906870745197305,-0.29471277683572733,-0.15185486286684025,0.15505553574635006,-0.10824097179036221,0.19386385066397172,-0.1299916680173206,0.05575800394973935,0.09278833261642555,0.07552120001910188,0.2812781158408412,0.08653061399156838,0.2419202865722821,0.1128987370222884,0.03270438793927442,0.19544043360623628,-0.10423504864694005,0.0364006814899549,0.25658351458716167,-0.019345379745364977,-0.03578881642418059,0.06544468945451107,0.4123933116451495,0.5356385343604662,0.0993598933864465,0.30306954214763526,0.3163618926566401,0.41251100313135824,0.37949233991442083,0.5711653419291849,-0.16797758129614174,-0.16626982379742575,0.21771801829743226,-0.2954281782940804,0.3771832551632139,0.4030440795799276,-0.37066271673770074,-0.39344412859438266,-0.05158032144606931,0.06336432658726004,-0.05323263675981837,-0.29522766942825795,-0.0027362221815226237,-0.19132659584857056,-0.24596559142429678,-0.26149355861318824,-0.08615657750202804,-0.05439311285600698,-0.3247834668126081,-0.0525736111160242,-0.2853514167035929,-0.21430122387358258,-0.24895771103599043,-0.33240381769567146,-0.2757964376195663,-0.08023257185460522,0.2142245987897434,0.008207499421456195,0.1041689335215257,0.04247577726377064,-0.23215740541503607,0.29070977757226196,-0.07769575063041036,-0.2221715646679896,0.5030772888942167,0.2381876418305187,-0.0016586993739098749,0.28434328415561805,0.20019563682019845,0.05433114447825656,0.10089639346684284,0.13161047685785615,0.3994470924171354,0.33236090907917676,-0.05144950919877971,0.02152795836820735,-0.23139687459217226,0.03987426501264179,0.07539170988354985,-0.08857496281448186,-0.05526833067402095,0.17050501448456465
0.08175352825102383,-0.25831174881589086,1.0,0.31851581782878174,0.24852192051627497,0.3129584275923951,0.6690952122951026,0.31661502751198933,0.36985684155350956,0.16351384023582025,0.2435804955802516,0.10593531991163238,0.36061119585132984,0.1540628539644316,0.13877860909446094,-0.09747262363580927,-0.3050761256811104,-0.11819881649316977,0.268816308352715,-0.18454271366719088,0.21671547387551138,0.01974085049745095,0.4692214122108772,0.35942386743146304,0.4168045064820526,0.4274626369559771,0.17688259892610844,0.3734849001731982,-0.05181362077646157,-0.17732697908123263,0.4206290405780417,0.34579989007214296,0.07711893324530894,0.2813225691249093,0.006171576013787436,0.0675242872015971,-0.2733476929593945,-0.2942340133118693,0.2098697499342674,-0.036986681297252855,-0.23462544821843972,0.014603580100326589,-0.31606293008470376,-0.19704310875648945,-0.303685096236351,-0.20581546561428457,-0.5391408240318815,-0.32408102546216927,-0.2877532594552662,-0.4474676979517127,-0.3507321358311495,-0.38608921170689214,0.019622452478555152,-0.2699490252291906,-0.047848560249683814,-0.17191507834746367,-0.2546905521284638,-0.25132333617899544,0.25493382570987133,-0.2535838549196259,0.1485622320668241,-0.10601209744879175,-0.08754409852396834,-0.14984839385252552,0.08548604649403786,0.34031233939463695,0.06816244428477276,0.30310528196945435,-0.280180668741951,-0.2089263103503664,0.3767220369874327,0.26351545966538203,-0.08661840388853252,0.22786477728697685,0.2381536186623283,0.11968114858976113,0.12469498745706988,0.31003402509106737,-0.11578138259366336,-0.06057289168851599,-0.33294269870010873,-0.21316210811466738,-0.02342638116926165,-0.26444615444756475,0.09805091211546409,0.00032494413863634814,-0.027107379995708412,-0.02459243502154931,0.5634603624820499,0.1758726603243526,-0.45621500278621946,-0.16583608446847092,-0.24803272147678432,-0.028700915349974206,-0.16874965746925555,-0.015288419562427094,-0.0037347684451536243,-0.09974895788364803,-0.6144772972721538,-0.22228341339371147,-0.25174274108948064,0.009417360785024826,-0.39018438637286423,-0.28480993310481106,-0.27311705527973956,-0.2975619253386073,-0.280998195533068,-0.24813165145444663,-0.042689614008173775,0.023222859214033623,-0.0011754569987328363,-0.37711829303491784,-0.12955035218233574,0.03757905187200361,-0.12174346445899935,-0.13058803685350007
-0.15531346126960166,-0.05377887030073161,0.31851581782878174,1.0,-0.07444058964461375,0.04586858462299267,0.5200901641652642,0.4560915516975189,0.08338561866766062,0.09755257967852303,0.18126296453367854,0.3627173889457799,0.1606213372891175,0.3309074411685366,-0.012273819498320076,0.10030555608434881,-0.18317618344033518,-0.2717612053517432,0.24674543440783986,-0.1986368359530592,0.04789267410344959,-0.16846296285414641,0.3657541558451701,0.2823756036541464,0.35119971889477763,0.44851974946297396,0.2058797564185646,0.3474743870261406,-0.11865644762483428,-0.37776394831306814,0.2468915170536282,0.20878809886694827,-0.0118816837692268,0.01290975694864862,-0.1727870701280923,-0.18968447231031998,-0.33948573641937396,-0.12588837966820496,0.20426134489164807,0.001827927201934154,-0.14502273644835167,-0.26935739395775915,-0.3227867663048493,-0.3786364497118214,-0.33242924378885397,-0.4643336225811509,-0.29604956115649045,-0.3370860402627734,-0.309531723220156,-0.3939793430603738,-0.004782318563923339,-0.2523120602648025,0.23779183877189802,-0.12475703687017907,0.39503894650284993,-0.16640328573420765,-0.30476081660409515,-0.29742626838397634,0.11827957030686381,-0.1591953956283499,0.38669292813638806,0.10063252981019159,-0.07387451093640798,0.1488772701179121,0.41056391954630195,0.3368083990014894,-0.12206929264882332,-0.03972471092775987,-0.021654867422337517,-0.10659396279051267,-0.013910306450681535,0.06954954485928395,-0.14360239011455006,0.11751089499866935,0.13127403345083016,0.2029017086785345,-0.060343068441518266,0.18801480709515672,-0.12559148334432552,-0.15339357418630742,-0.4523448187309999,-0.3071049918354159,-0.15866789569050527,-0.3296121990122202,0.25839268101360136,0.4186652460373777,0.2071567198801788,0.13818681882298206,0.33093029696805604,0.34302558735319183,-0.22779333986618472,-0.1843377446596011,-0.14561224590104502,-0.15330699236063428,-0.1625911705287834,0.13188713383451933,-0.17994226508409986,-0.1156339556891911,-0.32684842012596865,-0.269194166283791,-0.3086600210470218,-0.05328037604542242,-0.07148150889834473,-0.19801019381095195,-0.022752868118403977,-0.17275457662408222,-0.07858169905673154,0.13673262682846324,0.02890001348252787,-0.055269649418652006,-0.332027531137556,-0.38924746217094014,-0.12846251848789245,0.049570964931736704,-0.08053539265008346,0.10520419209227302
-0.20954511244716725,-0.5077802447600918,0.24852192051627497,-0.07444058964461375,1.0,0.5815741686018185,0.1326586724348655,-0.04859895964627722,0.45911366524030306,0.12168919331372849,0.20320647734846636,-0.14832237471846227,0.016660677721145316,-0.2161704145111042,0.2863975791191376,0.03491867714025596,-0.1978881041448552,-0.1394851073469876,-0.03974882612141048,-0.14114363850627257,0.3803311179856751,0.2564824007763846,0.5097329604419374,0.3380991044434243,0.41812698496680345,0.4686162268415579,0.614206533575882,0.5090849788308817,0.2649879288350992,0.16479246901060285,0.3122899148246169,0.2705930479889801,-0.12959750673435705,0.14398630186183003,0.3514793217807726,0.18037844412682205,0.13615911526634947,-0.18587498342502898,0.0617978184967586,-0.12540975637229723,0.05134961989539696,0.16934562790689145,-0.2805716472499304,-0.1227075881145503,-0.2780930055868307,-0.23839335068356152,-0.23689014248805904,-0.2866629786249211,-0.13943766186040393,-0.19675479074399735,0.026643763527337137,-0.0346062954733973,-0.1685522674866867,0.23960565498555156,-0.06137050707563245,-0.11661236307953479,-0.22099412292149576,-0.08530021496792463,0.06807184750714446,-0.28936327424243885,-0.17879197937252947,-0.28246280319366884,-0.3922948605879845,-0.4372902863409616,0.2949990287604528,0.12128428114024022,-0.23103788636080122,-0.01753039142083412,-0.14768318892882507,-0.26642777337938467,0.25145035157856266,0.15758520558334985,0.13785789549935293,-0.0028322423228802976,0.2092325479336251,0.16291045089017525,0.11624640173520752,0.07753793667379279,0.1319030629359976,0.2575172314372743,0.04982973492465706,0.03785098158308137,0.3853525937314377,0.21529402800308534,0.3172484543872245,0.1015005768582905,0.13209631907518007,0.1409243212811248,0.3596755087458931,0.03994445298392969,-0.38139095658323,-0.10096209654824174,-0.23725407407870341,-0.08839535203217365,0.07760938801886931,-0.2753816052557223,0.00764954960907786,0.17522082690348223,-0.48878640006998963,-0.31678655578312254,-0.053291152404168755,-0.3426337046823196,-0.4635598407446257,-0.25043991160434637,-0.27553924795402573,-0.25683591079887136,-0.2725862606198025,-0.36818567983217876,0.017088580329193345,0.04558588395019382,0.0769206604523739,-0.09172334369361977,-0.28528151033660776,0.027735027830718375,-0.14764888863026623,-0.3376968116097244
-0.07261757295092813,-0.47440843685631623,0.3129584275923951,0.04586858462299267,0.5815741686018185,1.0,0.2561788792364782,0.09184411675348496,0.6477686248537463,0.5840672625566251,0.3702448885188123,-0.024939100866992848,0.22322381309070183,-0.018429950149924716,0.15998845979825144,0.12778273427437487,-0.27594254146966085,-0.30216733843421767,-0.030832863466412216,-0.24501608249370332,0.3714342498584655,0.2913240141403725,0.14211016610331903,-0.008103133201994956,0.3477994497710828,0.5471297934157358,0.4479881854329671,0.5731132716868759,0.05915764699538634,0.053851355299266615,0.10466434760411503,0.16046798195958145,-0.30354048684898793,0.006133846246960845,0.25063862093324346,0.2065924055846532,0.07721999621245658,-0.08339742771060688,-0.20195737128082303,-0.0894945169023793,-0.015202240900334653,0.009162833869917713,-0.3760578307171206,-0.4540300502632038,-0.4227360929245699,-0.35503466695496677,-0.4215910065070558,-0.4359722617905553,-0.07431601015620573,-0.2650199503690285,-0.09843470633493118,0.030021359900498,0.15095762635920465,0.2441879932201221,-0.022762421923786812,-0.20529362303463097,-0.047663664484240184,-0.21529620550887676,0.34850862602930477,-0.014057058849919922,0.07017562767545464,-0.0520669035595856,-0.187157789539583,-0.3480482413393478,0.037583943398332896,0.20103079257711437,0.01434212214415538,0.10672510400203448,-0.14619578820329834,-0.2063808897515587,0.20704782431581062,0.28352251788361577,-0.04524064857765823,-0.11449083541942331,0.017878922598134832,0.23063821267327284,-0.04236139024670587,0.18405845331810036,-0.04395860473810194,-0.08472642735641764,-0.04905158148189167,-0.14051477603786922,0.34447596371799183,0.2728551184458496,0.1033990355325883,0.20186875775243385,0.03372457443553949,0.16557298153800062,0.42280843641992677,0.3207075895732861,-0.24993293338537348,-0.059865180724944775,0.03338909756778481,-0.09479521468981947,0.089563444572871,-0.140487378296645,-0.10580528913746207,0.15223497759550314,-0.5595490278364833,-0.21371837906967045,0.0089151990046436,-0.21088818534182208,-0.2297126443050012,-0.16973737572203054,-0.3003204518212326,-0.14587909043561575,-0.5161433733035676,-0.21449653360398904,0.1719180257845683,0.1774686069523292,-0.06049843816767107,-0.1905132714327916,-0.18935023883256175,0.2585874644896453,0.004798778621786742,-0.2634821426374239
0.16173643636671983,-0.033624020828895256,0.6690952122951026,0.5200901641652642,0.1326586724348655,0.2561788792364782,1.0,0.5155861194027354,0.5015807335548667,0.22457660236454144,0.27481510746646187,0.2973049625162912,0.5126310365827456,0.38243110912368494,0.16707995240631687,0.28552764930338836,-0.12526404825198817,-0.17959776977161118,0.48821443423767835,-0.03548384372605638,-0.047741916288716664,-0.16212723809112797,0.3780289098613694,0.18937125605945818,0.36297481172790325,0.3650682039803388,0.07672638881071532,0.23844202369479428,-0.0891493726949837,-0.19371810803654313,0.28419631914661825,0.26222363086542616,0.18902607665274643,0.18242932068628628,-0.23886201449658764,-0.23177170911174758,-0.306925941613505,-0.16785287343567695,0.13928187950074952,0.030648639180235398,-0.27884841036167884,0.06165608412430184,-0.21394393670496364,-0.27331196777964084,-0.2291259404502465,-0.346700119967692,-0.4257561936660892,-0.3651678209537327,-0.28850710688707554,-0.3902650454365948,-0.2921382698355832,-0.23915412026225766,0.04528893749091119,-0.19299425962905367,-0.020080915625736308,-0.31170212843031575,-0.25320799821970946,-0.1625697094712191,0.18022808907944451,-0.16984659343374472,0.3734997846579906,0.17912660270167263,0.10561671453186591,0.2610743227430892,0.17247246424931692,0.2302948108663365,-0.038632977960084976,-0.01660469374966759,-0.054631093663954945,-0.1592212091602212,0.1776899884157236,0.04197530233648807,-0.08710542150672591,0.22319350364556012,0.23965015661543757,0.25692325906338415,0.02434115186059254,0.21814115663476522,-0.1671130466855287,-0.19281236979163355,-0.32357926452713887,-0.2547065805419204,-0.13618683874169554,-0.10871934241727992,0.02141274355947399,0.05789196363709263,-0.039911081831464856,-0.10277243355373285,0.35513025063360304,0.1645821992010636,-0.4270113197454587,-0.2820882357779502,-0.214222279753513,-0.1678415126789036,-0.35353777709192497,0.061040160103678236,-0.23822599334063257,-0.2976444961790671,-0.49609686995149876,-0.4135744064763481,-0.4364173529624875,-0.07770504632968718,-0.3524851160710301,-0.4394567079201847,-0.34070213017859924,-0.4127469619783322,-0.20843604126355503,-0.00556824848938478,-0.08513559371904211,-0.06856417739542096,-0.4432095402052888,-0.4017342814257656,-0.25833931821865763,-0.020345573630664887,-0.19873241679661255,-0.02711308141806773
0.12432202470054564,0.030182586172028725,0.31661502751198933,0.4560915516975189,-0.04859895964627722,0.09184411675348496,0.5155861194027354,1.0,0.23352859060099973,0.40088948738238805,0.12998178725415893,0.3713464095470232,0.3512052315327151,0.5919878184418897,0.06292017332899552,0.2330260499118906,-0.2802908677541108,-0.20247743244175756,0.19622029126309845,0.02629408590851831,-0.1547003686748681,-0.37518792055299505,-0.0268383821661581,0.04634534839750144,-0.09595687306004384,-0.01488433543543177,-0.23616809373794467,-0.09476059391863147,-0.22237186955719856,-0.33009044741071314,0.048687906052379604,0.04376808660879826,0.03824344039602429,0.0817221016227311,-0.277440145807988,-0.03340582571665492,-0.4370193915163604,-0.34786339090244595,-0.026200706591474675,-0.14774892710497478,-0.3069918182204642,-0.13070868283795692,-0.29828614414925114,-0.4200377875411061,-0.21638848545398448,-0.30231652141251625,-0.42094609540605266,-0.24380328717253816,-0.05171890643065281,-0.24738345593036937,-0.19815091073185384,-0.10432479006714016,0.10962707972946699,-0.21146997283828653,0.011877795251680054,-0.3544875547505931,-0.10325677760770591,-0.14210034529993243,0.3689846438069301,0.2798743917363519,0.40459364581469004,0.5170261364906208,0.10653737739552362,0.2678166274962718,0.17061927635161014,0.44146267777372705,0.1331213001928154,0.3796567003168591,-0.00363877180009271,0.1880609742391927,-0.10527071672362537,0.08691374297898308,-0.1742318460106483,0.10008373621482353,0.11969074451840424,0.2692579883071666,-0.25700462754849235,0.039567539364585104,-0.3300219836539214,-0.316989746006519,-0.46348351110638375,-0.4108909237713384,-0.352518322328618,-0.1399426949937732,-0.16808990718992622,0.06884917387754068,-0.21455826787462168,-0.2816149387340935,0.2533039294621771,0.2232799413005165,0.002719077442652905,-0.019545748035559588,0.1402563581699406,0.06936060370262209,-0.3717394635671503,0.29228182774741085,-0.431582701240035,-0.3277968568470547,-0.25611006200170056,-0.1253240299275581,-0.18088663412335182,0.20357165055869123,-0.056394175579997735,-0.24524262905802438,-0.11351147403419846,-0.12928909511103445,-0.09991038934335397,0.02961007549744436,-0.05335010981313571,0.0025981256203726657,-0.4403987998827499,-0.15657895440817188,0.0524453661681818,0.05519815551975529,0.05357212787097047,0.15067958788750724
-0.17081807328913035,-0.32753448603853236,0.36985684155350956,0.08338561866766062,0.45911366524030306,0.6477686248537463,0.5015807335548667,0.23352859060099973,1.0,0.6396224831425743,0.17376921401318488,-0.013040536303280736,0.17594428964170963,0.01034878648908012,0.14413579501815968,0.19853448652456843,-0.08512665604131661,-0.11751740391997224,0.09397887486504429,-0.10505768424655006,0.12405069659313916,0.1210201740509321,0.13415047550913167,-0.00931393445658781,0.23322283282623751,0.35892713135408466,0.16720511383624115,0.292849644338842,0.08007260813040426,0.24038068435681953,0.2501139179131518,0.2011551857483374,-0.1239855340442921,0.13864209795751117,0.1464424447595533,0.14429959107686674,0.010199566577098551,-0.09486597451471962,-0.2323144035161627,-0.0952040152454722,-0.1858892624788924,0.09915385329077751,-0.15023116282672944,-0.28539886659945807,-0.20596396868630476,-0.23023327235279623,-0.23843627808101306,-0.40186236569510503,0.029166711715692274,-0.17136941740478448,-0.03259331165597476,0.09371254804995828,-0.013757810521452146,0.2311010065147509,-0.18107008696655916,-0.33507923876068924,-0.2628133688018881,-0.27186458819572257,0.1501240961766863,-0.0756350467414725,-0.005071389956036875,0.034697414680823456,-0.24637774473403823,-0.20457038506617667,0.16853576332297476,0.12749222899850923,-0.11949557712161624,-0.054380103974491716,-0.2459434275351793,-0.32756486733277945,0.1334180171773243,0.10572271368432407,0.031214668398947907,0.023764662352083153,0.006507910001820304,0.2818297630440959,-0.04762704024729016,0.1613004004325488,0.10482885476037884,0.03024954052747792,0.012701542028843762,0.004094105899137727,0.22868160042959443,0.21787549225268943,0.129770797142109,0.0394025961391736,-0.09457491305273426,0.06940343892535987,0.13722238210254162,0.08771936253096961,-0.25031939539385284,-0.09625357893402009,0.07163095206654145,-0.21855326315994097,-0.012738098903748937,-0.006146440990419743,-0.16908630586143505,0.06710467269539577,-0.39897806367422023,-0.19176829481195629,-0.02818942879581232,-0.15114223167820368,-0.17241908106978118,-0.13071081032499754,-0.293538480016822,-0.298020924303336,-0.5283103562880668,-0.08790639919271356,0.10184018085220413,0.13735431693725467,-0.19792930678546353,-0.024357788712377183,-0.11652500507153721,0.32166209385823413,-0.1511292466497169,-0.10245220086791545
-0.11826489781806761,-0.20430014782162179,0.16351384023582025,0.09755257967852303,0.12168919331372849,0.5840672625566251,0.22457660236454144,0.40088948738238805,0.6396224831425743,1.0,0.2559540440659389,-0.0039295255997658565,0.26830370446643625,0.19702607708511458,0.13600409998440635,0.27268834581125606,-0.12523000736246115,-0.2764634472825903,-0.029804015902856706,-0.21919558685156063,0.173211852538585,-0.0368438979705291,-0.08076314744149933,-0.24715374427300654,0.030754899837486426,0.12934290915822935,-0.13678096673981494,0.12468933085687352,0.02275185352905507,0.2175799245224825,0.2026311433026946,0.20280772040426087,-0.03664219181604568,0.21110238446729437,0.20128509641398826,0.371484904719965,-0.11297510974563933,-0.023749339806456004,-0.331373090952846,-0.06091888762255919,-0.11361485150181566,-0.1048833990601465,-0.1766983401782521,-0.3870889725446359,-0.16137778722493923,-0.0867903358886508,-0.19937069543945973,-0.3810781922618013,0.07845936500627242,-0.1568241935341617,-0.22513363461624297,0.018858892936977553,0.0933632579156969,0.19071271771358037,-0.05604326205855224,-0.28815622090350146,-0.10153226127522727,-0.2619544457049383,0.33362970661359137,0.11512124844048241,0.1361167412141826,0.30997932471947054,-0.2090811695207321,-0.1707685902405656,0.10060970408676233,0.28361807544328316,0.043182658473841326,0.11945463306515171,-0.21503767362709195,-0.16246910845808119,0.002832230998795949,0.1936437370867641,0.06687443965388554,0.060426466322785616,-0.007338801313273743,0.28509012757192526,-0.131707541426189,0.1846117279253227,-0.07632135705690493,-0.15382950571029946,-0.13674663812435384,-0.1395909554034194,0.07304608668077826,0.15359050237075847,-0.02567380334727161,0.13633311444462723,-0.025156448775182413,-0.03272784891079899,0.11464020208030662,0.30022241111095804,-0.21563082358373598,-0.17451807721408955,0.06899311345074842,-0.19126166062306477,-0.030901407802245276,0.23989063453289738,-0.27900640718551123,-0.030163283986327283,-0.34827237918183496,-0.16544153281460242,0.08834995105130129,-0.027052580287205655,0.03839451482285111,-0.1464890596878967,-0.2529881356045284,-0.22138587157398892,-0.473799028722316,-0.036633912627895525,0.12312880458157768,0.20140583897460995,-0.21779454536011367,0.01309639108270426,-0.005453299504606278,0.39423831837142315,-0.06756068996915135,0.06659514645248593
0.22818753906269634,-0.09335572526105718,0.2435804955802516,0.18126296453367854,0.20320647734846636,0.3702448885188123,0.27481510746646187,0.12998178725415893,0.17376921401318488,0.2559540440659389,1.0,0.379199161801031,0.6033266840383816,0.4737667277441126,0.5464358388241445,0.44572853570173404,-0.13367744770270548,-0.21751225639407953,0.29823516994571053,-0.18014527884997056,0.12396410963457871,0.0676331604095635,0.37317555028750815,0.12338639866445572,0.2076467902208203,0.2997275008250409,0.15384624012440729,0.21868440244254309,0.18365223239600173,-0.0972086393273513,0.11298593683335623,0.09074740040980084,-0.03004564877779824,-0.14806169534037403,-0.0009686380367771504,-0.02087147718652456,-0.040698552151372296,-0.30302309376138237,-0.16223900249321543,-0.1745047692476027,-0.26103494291842533,-0.18276224967930493,-0.29288221564233097,-0.34660837909849035,-0.1666357939640764,-0.30383470107189403,-0.13596760325522414,-0.45335602613291504,-0.17577950345721938,-0.2924945752445453,-0.25642617546510654,-0.17505343016867253,0.3694160932197857,-0.011318653667093361,0.24320900038428933,-0.04450895551465559,-0.11024309979169525,-0.1996539614838298,0.31916016761156724,-0.08534068598017346,0.44543166688337654,0.03394039491672418,0.06924417267407679,0.010805445505341573,0.1875018480320471,0.05150358434347288,-0.05136114068192624,-0.18608094743647582,0.00366600037806676,-0.07104291383668614,0.2198472731442192,0.09819101699068376,0.0007270095555855076,0.03148889674317919,0.17660938416761035,0.1270009669207684,0.18122905837256423,0.2039018826216372,-0.3031815325123322,-0.1957223907461242,-0.24493048690954677,-0.35800730085284915,0.37627506586896403,0.07496151566403313,0.18103494088678523,0.20327685740967502,0.3480010157655887,-0.03317372609414564,0.3642579281100892,0.3219719733023429,-0.37791957692849276,-0.2655755861210068,-0.33358205754313736,-0.19226150074353657,-0.11900860702248259,0.12487814998422399,-0.1589099915002513,-0.04113879583898238,-0.40348720295769497,-0.3496319804547212,-0.1685644366211288,-0.15027487349808297,-0.3137296775695953,-0.2653518721485865,-0.555232747332786,-0.3708121211370115,-0.47939953203193514,-0.06414504432285827,0.19438524985543626,-0.021724394246940056,-0.28953453100156484,-0.23776408011764677,-0.14474244133734768,0.10345757691880061,-0.2848178238908988,-0.17152178013197641
0.31388313231770487,0.2834130533793403,0.10593531991163238,0.3627173889457799,-0.14832237471846227,-0.024939100866992848,0.2973049625162912,0.3713464095470232,-0.013040536303280736,-0.0039295255997658565,0.379199161801031,1.0,0.4115120554786705,0.7894176597971096,0.19967611371692326,0.32875543834136395,-0.2545955489447327,-0.13781602500900936,0.2661782427034804,-0.05581884906830598,-0.2858437198175878,-0.3331334785346595,0.04978757578081605,0.0107507793072777,-0.09804838988335338,0.06930005993082453,-0.08014292750400788,-0.12508618876649727,-0.24788967267921963,-0.44856181074997165,-0.13979879964868774,-0.14400082463442695,-0.03706721834136882,-0.2862993992727158,-0.40562613986007257,-0.33078245418440566,-0.25330462638670204,-0.16695462660692914,0.03047899318194843,-0.09179549975318749,-0.19650685208280846,-0.13030938525999172,-0.2003725667471262,-0.18441896674038574,-0.07750200384837476,-0.27741921212122744,-0.17566808514805576,-0.10621865796676037,0.025210713333929168,-0.13590067226004668,-0.1291407106014849,-0.10365451342328914,0.16676614865036146,-0.19848984325628502,0.04829655239630274,-0.21926552615120662,0.056945633225875016,-0.1861269990345854,0.14205084006706822,0.02912361637293245,0.5242396542655584,0.3204341094762982,0.21549490981061278,0.449580517240712,0.25904173658586754,0.3562619948660945,0.10679153241468879,0.05927668914324843,0.002417605524780419,0.07008623346807082,-0.010564693169069857,-0.051618634574985486,-0.27809103877878777,0.18334635764660878,0.16945543465752816,0.21257095562389236,0.1887003397062062,0.2645869279133197,-0.47927052512936485,-0.46151788764512897,-0.46569909520202635,-0.5504529686871266,-0.1496492532436758,-0.19085313309453517,0.04071343724351802,0.35136499056669707,-0.063190772516207,-0.0797494542839655,0.1700081777945301,0.14912077402560575,-0.1313282930410623,-0.15790051925423013,0.07521462442474292,-0.1435657269324266,-0.41316368264454517,0.1958883515118562,-0.3544117505262026,-0.3579403264834155,-0.1112358502062401,-0.18603635737335153,-0.16028948634852236,-0.017426804331076844,-0.09179370313274422,-0.23805506838761303,-0.1443786471350173,-0.1395658923843961,0.056772492969639855,0.20922348753596867,0.011712830658899184,-0.06931584205292525,-0.40435270651359484,-0.18831331289159708,0.046102075904144085,-0.08387868433492142,-0.11097840957649187,0.020089219992331594
0.4184409065371074,0.09850520641039427,0.36061119585132984,0.1606213372891175,0.016660677721145316,0.22322381309070183,0.5126310365827456,0.3512052315327151,0.17594428964170963,0.26830370446643625,0.6033266840383816,0.4115120554786705,1.0,0.6092777533432944,0.47608744325484725,0.4265838322068743,-0.010652934334104427,-0.019672882160292136,0.4766876408989176,-0.03966855048028118,-0.05390640388375086,-0.01243944782282779,0.04447809908585196,-0.18281566055331114,-0.03433174331169815,0.15473266089729282,-0.10157217260837553,0.12847115754489577,0.13618546829167957,0.006478022840578254,0.06481103284225814,0.10311390600211691,0.22262768118947598,-0.017014319251139966,-0.21725610213250304,-0.23744468522212275,-0.05376304449601907,-0.10093985571627379,-0.09173678174966012,0.012979520014028875,-0.2521234879789561,0.0364753933835858,-0.3296859130353832,-0.3159769877937371,-0.15419263807891223,-0.3039579611870643,-0.32036215101730403,-0.3927314596882312,-0.2737116352239628,-0.3877420252915071,-0.6079112202913936,-0.4422081456391203,0.17055251230365334,-0.26681732512840045,0.14645118501624518,-0.1481052793510762,0.006584479087735218,-0.1414545520063936,0.4388848540824369,0.074427733115972,0.5701804894612512,0.30274184462793974,0.3618511381966016,0.31765302330719675,-0.14021411381841825,-0.01788481605452582,0.0963504250818767,-0.09066464712395486,0.13628455508066714,0.12513710431973876,0.03785058183974133,0.01747184898167279,0.0122174769535874,0.18449215105758113,0.32924472461045606,0.11373842712585099,0.26193611665192496,0.22859950141166813,-0.2641026290882733,-0.14301419402360893,-0.2668424134857493,-0.22831361327543664,0.11563245353545037,0.04331569364825066,-0.18682402372340606,0.029598466922271797,-0.01430650497225049,-0.17159664957237492,0.23674349216815385,0.29520980471226177,-0.3483366519683976,-0.33324775947269714,-0.2808104224752652,-0.13936846549244158,-0.2386082819427034,0.2637024392125731,-0.11714931146031166,-0.1701856186602917,-0.3152473820460298,-0.3207681035610654,-0.47029262208941686,-0.05990537963984572,-0.20781540798837966,-0.4133910791008461,-0.40367035212841146,-0.3957866801423331,-0.2747558904111666,0.08158589859110185,0.23750107489479788,-0.01872287696793357,-0.4576378553230643,-0.21881562240302116,-0.26339901004501354,-0.02528933776976499,-0.1568251002186261,0.05582991828650205
0.33911140365198994,0.28475209167092813,0.1540628539644316,0.3309074411685366,-0.2161704145111042,-0.018429950149924716,0.38243110912368494,0.5919878184418897,0.01034878648908012,0.19702607708511458,0.4737667277441126,0.7894176597971096,0.6092777533432944,1.0,0.26380982771322803,0.49337185971941483,-0.18856785048815508,-0.16733457076887956,0.4538204998120573,-0.0568518328777934,-0.2914421713673428,-0.3383442557345493,-0.0808434038822174,-0.19531324520118792,-0.19856282283931048,-0.01026558119053778,-0.22037395036513915,-0.20635327606193207,-0.1411402034995234,-0.3319550483118706,-0.1370277117962486,-0.1654352679079758,0.023145018929431348,-0.326963939743063,-0.39700193656248467,-0.33516261812986603,-0.25962042151769754,-0.32447206840225284,-0.09588630781229986,-0.15212551713042738,-0.2602793849662742,-0.1545678698245724,-0.2607389754951235,-0.2620880110632312,-0.1316585429477926,-0.2951422007782568,-0.22117704009476924,-0.2638332110039003,-0.09183453300201772,-0.26131979365241614,-0.33026882793679607,-0.23825680621959006,0.22118050138654946,-0.3620542345748956,0.026843495565250695,-0.19167082867288882,0.046611684859323224,-0.18942129724975929,0.30569602673829055,0.2135097760232829,0.6115251406044687,0.6005181074904105,0.23694862065800754,0.49828344867247815,0.23176159912904964,0.30628199921445665,0.14807449939284983,0.055497267237367476,0.11241556704112111,0.20248070657494846,-0.06553758024968301,-0.09905548902443316,-0.16933006672383896,0.15594746474781176,0.17186608859205776,0.2110157142525301,0.11793244605545637,0.2598823232041859,-0.4485283596077251,-0.4237461678725464,-0.4496759967555517,-0.5389248025314884,-0.09920259377869836,-0.04328818412338912,-0.012957582973970871,0.2793812996660777,-0.010023362891909525,-0.1678264426642812,0.21923685754780542,0.2644607156595686,-0.1252805199279533,-0.21260423227490094,0.015266110465029886,-0.13120970908471347,-0.32735376335310395,0.41671739263352026,-0.3606876035878596,-0.32351000234627564,-0.17479635448518463,-0.3114958191580754,-0.18617609563771872,-0.05926457870876388,-0.019119486953833288,-0.2671679583168239,-0.27302146934184907,-0.2268165276677643,-0.018457801527035144,0.3242591067609206,0.01768396798084893,-0.03210915139324507,-0.5467387508570274,-0.28504861828345845,-0.010363728106262887,-0.0023659894793142166,-0.18718734948770496,0.0732104812637602
0.3600865137904679,-0.10527683822659135,0.13877860909446094,-0.012273819498320076,0.2863975791191376,0.15998845979825144,0.16707995240631687,0.06292017332899552,0.14413579501815968,0.13600409998440635,0.5464358388241445,0.19967611371692326,0.47608744325484725,0.26380982771322803,1.0,0.6229071565898949,-0.03409076891106879,-0.21027775428860476,0.31603234194107427,0.05075871299469529,0.26555445789605864,0.14966967568890127,0.2810612555747592,0.09639571852589525,0.09924838807705089,0.21847598697671694,0.13290977599079354,0.17127607768483985,0.2746469601852184,-0.006718050837521741,0.16201056610064335,0.07284269528199831,-0.0792767433819648,-0.1438079669744778,-0.09886083871747103,-0.08095263955968718,0.046634243766162424,-0.07232975919318117,-0.10936013864566398,0.031885314085663356,-0.20360880693989847,0.022898950930577637,-0.37411915831916803,-0.3349187390054848,-0.329479062680434,-0.37458217580022907,-0.1491008642872826,-0.440691554522109,-0.3399497353418184,-0.4279352187332978,-0.44636731997010426,-0.3234054432275114,0.06161966418144383,-0.07394964058355863,0.24579480232044473,-0.10004297617686406,-0.17961512409327468,0.0437526203608088,0.23916339279832333,-0.030463467513381,0.18833791803286185,0.14631817476224412,-0.03464806629889204,0.0718561263945774,0.08319023579761525,-0.07144123210114299,-0.0872695377700086,-0.17781229212620084,0.1543689907200716,0.016090657657590227,0.06271810579698103,-0.08761306283458689,-0.056108826845724276,-0.01962135891759755,0.15722431808958975,0.04526722174207628,0.04853630816612698,-0.022526157733317533,-0.18690557979222003,-0.07085710261323837,-0.14976022647958184,-0.0902845549435813,0.48052557188917905,0.4107148973101856,0.10814946957006685,0.060077264585467104,0.12474357126804005,0.08610219063237057,0.154932972796119,0.25871747926751093,-0.2163643768175899,-0.07914555114561797,-0.152986647012521,0.038531674176011464,-0.05275569586373662,0.253744852642153,0.06513235602324059,0.09169070117515606,-0.261849789056403,-0.16139913367997608,-0.20682675171368883,-0.13061951673549002,-0.2676104014295672,-0.14751965334473657,-0.33611283918249135,-0.23562778311359636,-0.2381664731395205,0.02374580062128487,0.340592331937896,-0.03016637381677329,-0.22215118830493055,0.03751340488330067,-0.21812974131068316,0.20885010324372982,-0.14990957314326092,-0.2199558796837932
0.23725291894568168,0.19351800973730687,-0.09747262363580927,0.10030555608434881,0.03491867714025596,0.12778273427437487,0.28552764930338836,0.2330260499118906,0.19853448652456843,0.27268834581125606,0.44572853570173404,0.32875543834136395,0.4265838322068743,0.49337185971941483,0.6229071565898949,1.0,0.13442341259103502,-0.1729967250451045,0.40632542311824105,0.02883980610157707,0.04664921355861001,0.1328154493895394,0.01378122857186815,-0.24748559675626078,0.003446867397467975,0.06313548848698927,-0.06969652505059813,-0.035441034448154725,0.211455451523811,0.13960443217099017,-0.0039912833655586155,-0.035160862838802626,0.07713642995595255,-0.23866407861324743,-0.2076780778850774,-0.18352552573738865,0.13764094303484636,0.03688536008699483,-0.22821387214061914,0.13246415452814914,-0.05687082544556259,0.13642219480721748,-0.10937187652408513,-0.254598436217246,-0.1451664889845148,-0.2647712099676864,0.028473085431716377,-0.3363902612099684,-0.29969766963858396,-0.3168879496833247,-0.41027532484705276,-0.22760903657692355,0.027373158548501503,-0.08048508038219651,0.11658068075710783,-0.10263303159707984,-0.07615548581713243,0.026302292436906315,0.05864295321113939,-0.015203133604432864,0.22207412944133936,0.3748237335633905,0.18452142137873523,0.3375293959631136,0.10705551355405689,-0.08686292133317526,-0.19935296246906317,-0.39761457835225494,0.1724506529833005,0.07397510084359935,-0.01798564611456934,-0.13722274009993374,0.053065508999938824,0.053972418659216474,0.12976795439546426,0.15520683791177062,0.05907551673062083,0.04280209578030849,-0.14128339649635052,-0.16479429744228238,-0.06614591697040674,-0.09194604927340563,0.293346276003824,0.5942785786228253,0.13587549690149464,0.21235828800943995,0.15218291317551413,0.02324073325643892,0.044356622363530544,0.24514334025024145,-0.23608661860175773,-0.25307890737821503,-0.15426688668376828,-0.13972241070340846,-0.017041553836639016,0.34948782977922793,-0.08081486496502172,0.06081037906088309,-0.08261843745449214,-0.27039986751711326,-0.15405398331057676,-0.191543124215814,-0.1450889007267814,-0.33007536821488487,-0.4776984835903969,-0.40073193618845787,-0.13800913876268972,0.23377736654739859,0.13860452077925745,0.05682849699389858,-0.4684568073821756,0.07967383851484248,-0.2398513595328409,0.02814815774107278,-0.33325652773531717,-0.11292450014472277
-0.1579134745938225,0.15499089317307008,-0.3050761256811104,-0.18317618344033518,-0.1978881041448552,-0.27594254146966085,-0.12526404825198817,-0.2802908677541108,-0.08512665604131661,-0.12523000736246115,-0.13367744770270548,-0.2545955489447327,-0.010652934334104427,-0.18856785048815508,-0.03409076891106879,0.13442341259103502,1.0,0.45991292385249083,0.12519007167706978,0.007558168603014491,-0.24484863250541622,0.19069641282888702,-0.20464726930447152,-0.3732196229806773,-0.17180567711986475,-0.18589666511109654,-0.24187296147716741,-0.16095341150570364,0.4100645874215474,0.5598477209534527,-0.004530651979420399,0.11818358267221774,0.3349569876064058,0.12312867093745773,-0.018853529251708613,-0.12344941090319833,0.4298277985890849,0.29968395587530694,-0.0647100534580886,0.18326628855756313,0.22869158578539772,0.3434746996248441,0.2279462695741212,0.2778226331034865,0.21202668737291877,0.21984348756755417,0.2932231944530768,0.20328626671696165,-0.0752098511544708,0.11251457511759917,-0.15667816079371488,-0.10251650481330132,-0.20074212160977292,0.040122464551326315,-0.04857727941550916,0.08234905161850628,0.09499654335021859,0.007139154775828769,-0.3581210500324136,-0.23312176858399064,-0.12324673610202833,-0.11924080520146954,0.28127925542371135,0.12819226659750663,-0.19196235214337956,-0.3930272762968623,-0.47603333792481867,-0.5227057124538651,0.08723200243296518,-0.15165660828037647,-0.04084500937087825,-0.03980020000112502,0.5592055090055351,0.2650981032982217,0.327904390911487,-0.02202855350765814,0.3390221136895129,0.07907468020552438,0.4043171874385404,0.3610947885627837,0.5942661758021563,0.6193129471860318,0.08520061716431719,0.2667564368978681,-0.02160317613092793,-0.20000276079824414,0.06794893948332789,0.10127882817894769,-0.2652072924424014,-0.27957227944714436,6.63432628496494e-05,-0.22271046476980552,-0.13534319252904073,-0.19968651663840722,0.13951676287983528,0.00649021287388011,0.2734217920787985,0.1053382945850836,0.253804386820722,-0.06957816969163286,-0.021727950260392724,-0.08751830638646847,0.19614248048127156,0.005627691668422055,-0.0011841654935389855,-0.20314102961061567,0.06385854921504694,0.06939252990412491,-0.0659592752539151,0.02024963963127453,0.06349004294875334,0.26327156932432927,-0.15452264261335355,-0.1320185163526141,-0.25562795119456966,-0.01049709349717078
