1.0,0.3394128977163291,0.013366924949910326,0.051318318583820854,-0.12376925762170893,-0.2566887890318683,-0.13003550366890987,-0.26896391997701585,-0.1938809898773748,-0.1592916446885838,0.25045517769010306,0.08997204887684286,0.11889898831665817,0.0035934571256966328,-0.022497242736727596,0.056118471355981706,0.3507491702219731,0.17533623194278683,0.36863631069785185,0.2215117730798847,-0.23575239596410663,-0.1911365682273076,-0.02592032694007262,-0.10831600677640492,-0.08747650216866297,-0.13240180124101134,-0.1192624360565928,-0.10023509932315641,0.2500225777375549,0.1902375077119524,0.0821598615384708,-0.05839540053212529,0.24291615520558488,0.10624555680894857,-0.25058429232435214,-0.020663198570453255,0.0748901896325186,-0.046551561156831095,0.04657156176398917,-0.09113713611674303,-0.08020329258960286,0.0190080033298601,-0.04636488814228359,-0.0855058926702919,-0.13759511202843536,-0.27292076437587826,0.06912139535470228,-0.03347217217337521,-0.17862199190133085,0.011208809346939934,0.11728297447597888,0.26768824293202537,0.26492954042474104,0.29035260661918066,0.05988469131459884,0.31644115210428797,0.3537568999751421,-0.040310032269569744,0.40208825524239417,0.3119947513820103,0.12848349547450233,-0.08752780269820534,0.3190802876981009,0.28276098448736353,-0.16455300203108478,-0.294477915283314,-0.3321491190562551,-0.43638027641216337,0.11948086402333015,-0.24610900823432946,-0.21379145988131715,-0.29396589403493373,0.2131264525944017,0.13431124459223825,0.24916099186571067,0.08612456662205964,0.13338148496626479,-0.0012615931590022518,-0.008099602475250356,-0.1910438049022932,0.09128321700517533,-0.15601421364977738,0.16756871886256855,0.16909875205318606,-0.042583530493889965,0.038103995693028185,0.22703579913726396,-0.0098516669717065,-0.2186804246199936,0.015510337184984232,-0.012448588159264843,0.05234444173406571,-0.32113176822198564,-0.18774258316559275,-0.07230532617269501,-0.16954604435444062,-0.09400334975870747,-0.2791452826242115,0.2061974821745433,0.2985935130696848,0.10761087611713532,-0.07067929151275336,0.1403170525222516,0.17452603288285745,-0.12544961874045552,-0.232797100959314,-0.035627814506494083,-0.2152460053944653,0.15707022139434706,0.04595081914073496,-0.15547548190352523,0.17246198711435423,0.11454034494854484,-0.06242814917598962,-0.09565469025559771,-0.0033636724949026547
0.3394128977163291,1.0,-0.18549036006080913,-0.022568676950645437,-0.07826431285759634,-0.25912509356101165,-0.046187010089493025,-0.09433694404503683,-0.04936343561332585,-0.19077981305736502,-0.26273312956124834,-0.019811506469440292,-0.1811319773162658,0.12489201209155124,-0.0760073097125326,-0.06734647133100104,0.3962519288781837,0.5124989142059653,0.10959262404701844,0.4323178029729142,-0.20855419843766634,-0.12370271143572004,-0.4967087092886443,-0.4742781527745037,-0.39088370045120496,-0.34675462551624286,-0.1283307431973349,-0.13490337951410433,0.10910984359110946,0.31757971686166325,-0.1706237176554728,-0.26651870649007947,0.40890306479884286,0.07361601762616882,-0.37662824304457687,-0.24663332129917964,-0.12003746855656922,0.0019618235490347605,-0.05353124994261384,-0.07976220702547503,-0.27556626952305985,0.21868413039421727,-0.18868497656996708,-0.07875983315021694,-0.30789899924018177,-0.3111073107110562,0.06339458159094054,-0.0678672418855381,-0.4888451321887039,-0.036499496173855325,-0.4195073435504191,-0.12097964544176973,-0.11760283632507745,0.04102900489377787,-0.18567417965925695,0.09952915672242145,0.13425386573324885,0.33003176846023174,0.22458593847552913,0.5947679729569721,0.13755947023637424,0.1199135546899536,0.5105513865050192,0.669600198217806,-0.23565882780575761,-0.31121482744987694,0.23180435565112062,-0.20416444735453076,0.21870989071088875,0.03456721175044756,-0.25374977679252675,-0.07004030531257195,0.18842935769564928,0.1919421558042133,0.09494869170695137,-0.1652497542466897,0.21304223065716302,0.21911287979562466,-0.1089877428799148,0.0014520024021003686,0.23350303563044592,0.034219813412792635,-0.1593753360335605,0.009396533376063288,0.03277530549844802,-0.08266563816917898,0.11632663166800944,-0.13534300245841585,-0.10268523715539436,-0.07266802161407766,0.17767690782038512,0.07848945365770689,-0.15863754621016074,-0.19874466135774235,0.00015804199962138536,-0.1414756201989532,-0.23101316421768192,-0.14748291476496644,0.16830259202960302,0.10434958596485351,0.2977253356337793,0.19877899678304703,0.4623724334411843,0.3668697842004515,0.14120925722221891,-0.02893041244203291,0.020143071700933667,-0.054110680161461804,0.19263850021454623,-0.07805449037562816,-0.31756602639849535,0.1593343736227645,0.1242823259469633,-0.12084838830087041,-0.22043259554377784,0.11926391230623579
0.013366924949910326,-0.18549036006080913,1.0,0.08688568063959125,0.08367567553012173,-0.025483952592739296,0.5450387496662942,0.3303290077698222,0.4125474540012769,0.19454137138997804,0.04014457791929362,-0.038618785603042716,0.27995908885540827,-0.03759815006306844,-0.024543240616088268,-0.01975342961482642,-0.09254981354437829,-0.1972825814904328,0.18758607960982768,-0.04575406577451646,0.15569196783725042,0.03389221081950418,0.06640939968962757,0.005599098749721982,0.27575096051257475,0.1425139380487503,-0.18587973518035414,-0.1281044656787463,0.10944261352771745,-0.11122427051023927,0.2935266332138375,0.17902066788423307,0.17911532399994126,0.08477858747301475,0.09850703039883232,-0.278502590737928,-0.17078138375643012,-0.4203648122728902,-0.2916614634545536,-0.25166315992012767,-0.1297900986680783,-0.275175427883332,-0.03200584582093433,0.012155866568100806,-0.08980575663950166,-0.13720937991010274,0.03778721414771608,-0.13392185354819378,0.06054657237000548,-0.024236984495294964,0.09304854903148949,-0.018511989065964865,-0.0041862686998900955,0.1816643729890044,-0.3569711485535208,-0.1726357752158019,-0.1617258647259512,-0.14872429059411066,0.09715605231122411,-0.07416251863284311,0.32837407087393394,0.11674035229000033,0.03345673395696466,0.05045594510809697,0.43097356619945537,0.08011932115740439,-0.01593419429783244,0.031026306630740536,-0.2630636116447035,-0.1229263517420169,0.05799030262387185,-0.18283196495582035,0.03426223166740478,-0.16403157944817576,-0.05751596354661343,0.19766831499387585,-0.04461053197003273,-0.10603190104857453,-0.2705892229931945,-0.3843380641312768,-0.2799141336745096,-0.3087830519890832,0.11310034280772703,-0.002082941386072603,-0.2562572596534074,-0.07542401601969023,-0.20670537916833698,-0.2708168528554503,-0.13405818572722286,-0.11388510499637249,0.2661753305641422,0.20152498446625616,0.11649186196227393,0.182222715371268,-0.23011183643354696,-0.1262230924209144,-0.16420698763694208,-0.08427272758383048,-0.2451021853457734,-0.2680673945391851,0.20896388208199787,-0.01986188003473293,-0.0016017186536997664,0.013482354194380694,-0.029712172138583428,-0.07712907984410504,-0.08672961880567592,0.021133054758819884,-0.14669016869109533,-0.30858027125898424,-0.19180356160193507,-0.18468207337252882,-0.10308520073308686,-0.14927592073923596,-0.007739877630020429,0.08002293273478212
0.051318318583820854,-0.022568676950645437,0.08688568063959125,1.0,0.0734104437625038,0.12954817986887188,0.05597059364796703,0.4700043050903395,0.06930319157484689,0.35367055613658654,0.03938585199966036,0.521603042920846,0.04671877319848953,0.02036716396201881,-0.0861734989402856,0.2934002774964979,-0.2680072122085428,-0.25754088077201853,0.17177399598850962,0.039022757299028085,-0.29956846253556996,-0.21196004429249904,0.09424172651319329,0.2516256072717162,-0.10479961728217956,-0.14478544601244042,-0.14347554925339515,0.05837650209426374,-0.3510539714189277,-0.12249641780936632,-0.021684247457512653,-0.04408111663546789,-0.0717482538012657,0.014103556000792553,-0.025245094380045057,-0.026223741516845842,-0.23251853059699,-0.22770585434272506,-0.30130963238743447,-0.1476477145558623,-0.24271813830306563,-0.19372435351920145,-0.30860059039755683,-0.2874195190059478,-0.17112400836864242,0.011651711619331477,-0.21486006734138716,-0.2990802782140834,0.10957630430693524,-0.08807665105824722,0.3920634026214139,0.2151967143277587,0.4066955326177926,0.14214128642433344,-0.28228130589746364,-0.15089880995644914,-0.25466256656434166,0.04353654501157115,0.20798983590532916,-0.03208788059950084,0.22054074648909114,0.3262299456299572,-0.15744760979992722,-0.09075523780633629,0.38645452001427993,0.3965073292391224,-0.16572160138952105,0.05772985183140347,0.12859954796063053,0.2060401659202756,-0.10548146762553151,0.05192201528104504,-0.33502842579127806,-0.06913513607037773,0.0037338438937555727,-0.23123998017910347,-0.03719211730453884,-0.0686836018551437,-0.2177787731016276,-0.32122200395399136,-0.35057698383255914,-0.42726301256491855,0.09120132677826018,-0.16113947440128973,-0.2552352661980517,0.30348988196458354,-0.24410285002505708,-0.04316325104299641,-0.09624610992028398,0.26683093396806806,0.17102341898708887,0.04180141712777228,0.5218455625149676,0.19932747988787725,-0.16581126212482128,0.000255889344949725,-0.36058438379138363,0.00560824622561104,-0.28594877454175127,-0.15031298625309658,0.34318618537173334,0.07182912432639703,-0.1354498973590925,0.09214129229546733,-0.013338544587975506,0.007032852336420632,-0.004238503841797002,-0.1012120490655194,-0.14333658509647698,-0.3075390500425775,-0.37500186692847653,0.06452648370442353,-0.15710199898395225,-0.14773103141837007,-0.21447234511746882,-0.05384635374224456
-0.12376925762170893,-0.07826431285759634,0.08367567553012173,0.0734104437625038,1.0,0.26070644215135297,-0.08423183192448443,0.0009307801745316499,0.13476815618849564,-0.04407848937021891,-0.02594882401139965,-0.18523828717968732,-0.0972494332552626,-0.06809078369904413,0.3910662619751452,-0.13184582727504476,-0.2888934907113552,-0.256049241098335,0.21136675888606937,0.1673068967980699,0.4141136934352925,0.18579287734685584,0.0870432516520793,0.01487547153607645,0.02609801958849808,-0.046459313146052325,0.5968798150773683,0.5048551748551893,-0.3602523743395782,-0.25545972340724205,-0.3462548705116782,-0.35934112483688985,-0.23185134145883315,-0.11777423384669093,0.12849291419394568,0.1006875332289445,0.2047155570377216,0.02290103543795012,0.06343752542895913,-0.048751559318108706,-0.16055959364159816,-0.05868139360043441,-0.2618339204322355,-0.2725267075268972,-0.0013492058496781085,-0.03139374980332323,-0.3193605614122511,-0.26621727650883725,0.3590068856220147,0.010996103047696876,0.0650089052535596,0.06767136574414259,-0.030791443073216403,-0.23723662026702289,0.014473800349955535,-0.26407154627786633,0.0007561754769860465,0.19391670955684642,0.23213125115448258,0.15646877839284595,0.03242641162519753,-0.09918905987864801,-0.26027147895121017,-0.21772796759824398,0.10632730048722835,0.05451913976238513,0.19755965953617388,0.22020614395214577,0.2989913515039576,0.488140657995726,0.13355827738461734,-0.014543502927112241,-0.29902803089908897,0.17523151211794183,0.0012130626123264686,0.06996304053693378,-0.11401511851129509,-0.02634068616412179,-0.09788332895447732,-0.031583560476826034,-0.12470369086432774,-0.12932889985734242,0.1367161028579167,-0.11179860938435932,-0.0022221030426401666,-0.2169623158996495,0.034661686318658014,0.029482983517674005,0.02068728001737816,0.14698599603605467,0.15583250659732734,0.08709719330860417,0.16603525749195922,0.4388267905926733,-0.22705828811565845,0.08728611844106465,-0.2037496373476198,-0.03290299943762691,-0.28989082055346255,-0.2618457535103167,0.01577540234665786,0.1977493328352754,-0.06893314842159237,0.040033043032117945,-0.052455005386645055,0.2267032859506894,0.11678320057824783,0.02830546639169132,-0.026807102182592538,-0.11060422534221818,-0.09457269560293008,-0.26972863869711555,-0.05972493625928601,-0.06204113223888469,0.29964939624510345,-0.09272272526559412
-0.2566887890318683,-0.25912509356101165,-0.025483952592739296,0.12954817986887188,0.26070644215135297,1.0,-0.26952995632248766,-0.03345431228974542,0.05539143202770318,0.255600043200905,-0.16126501584519273,-0.05832651876934147,-0.23736218382248145,-0.08499311601742414,0.09668930807779953,-0.1108435167204338,-0.35940002301648966,-0.23924026008000665,-0.11590564911909826,-0.09289836409410628,0.25915898702275814,0.1996554173108241,0.20182491419571236,0.31657599969518324,0.12804519333522665,0.16376166834260847,0.40380176192224276,0.4395796731049987,-0.5597041581937517,-0.43674511816928385,-0.2870699078388942,-0.29216861960404644,-0.42831664179137285,-0.349398619739367,0.39751326133773895,0.14681676327384977,-0.08950885004795682,0.15765224132451855,-0.04588289023797569,0.030542968265814617,-0.14307105759914845,-0.20901318899963306,-0.02983726444037633,-0.05752145568266222,0.026470168157466067,0.2185474605811242,-0.3014149290021283,-0.21491690111767647,0.43765774765506854,-0.04418280476841727,0.37131858126637884,0.2537451204911518,0.14135684214231117,-0.20771782521168988,0.05525549685571376,-0.4361421506237724,-0.11782838682477996,0.22186660848231912,-0.0031196593806447565,0.011417543363872141,-0.12996816469550593,-0.03781029842308599,-0.2872472761351764,-0.38458383314905137,0.01871114330763428,0.2894168585458586,0.1462908550847251,0.46867850554350377,0.12883957502030735,0.2490643806205022,0.1747662150493456,0.08431863512060735,-0.35977480142712737,-0.03226789473475458,-0.25647002549950837,-0.11937150274007213,-0.12339522863045699,-0.05078131988891893,-0.2349877878393031,-0.08907586154277243,-0.46255972689740665,-0.3399799099708816,-0.21096106488981337,-0.4865743109769281,-0.021217745594201493,-0.10093878993901782,-0.061507865954313894,0.29694956193835487,0.28288904587416297,0.2544392097770528,0.26750727731681934,0.27411213328328726,0.32038827777510825,0.47237871413330557,-0.07550108134723797,0.3460938713251249,0.0005441025260273232,-0.2519467738078632,-0.21173863977735222,-0.2669783641962971,-0.05396743962612194,0.21025072324460795,-0.1067980580665723,0.2151693440190428,0.12185256841989027,0.31773607393672804,0.40207528923112285,0.27322751942914125,-0.22606558741658303,-0.02962453287090026,-0.07823284916681746,-0.35799124490825607,-0.24813180315443226,0.037068173152298024,0.09253833659711679,-0.01797402777049263
-0.13003550366890987,-0.046187010089493025,0.5450387496662942,0.05597059364796703,-0.08423183192448443,-0.26952995632248766,1.0,0.5987512205269441,0.4938470478399251,0.31769014553283603,0.11941767919624836,0.13605483990867676,0.48995644905298347,0.25337489135993035,-0.15207679036132102,0.16468073416502108,0.03715245363894312,-0.09622640597424352,0.06672458520782464,0.15231960431824942,-0.23430373121477396,-0.33978209561631323,-0.28463351367335504,-0.395007223013564,-0.10037592528604736,-0.21731209061442683,-0.5496353289289169,-0.5528712348670088,0.2952357763291906,0.26030367277913635,0.24949335454791952,0.1888594106127391,0.38073133110997553,0.3235998605543592,-0.11935172047126993,-0.10628369894600015,-0.08734551236066358,-0.42477249091719427,-0.4114951166810556,-0.3517985523867059,-0.133393930742024,-0.08398846883603063,-0.02788935135537635,0.018592428503901526,0.12731171758175344,-0.14835271092538996,0.11569057846100377,-0.2641180503539503,-0.07344937680709647,0.23287960933372412,-0.25224534497099205,-0.11226007122328283,-0.06949092435981899,0.17722782490915706,-0.4332886948070052,-0.05623724711153134,-0.17502004513778224,-0.04114667871799458,-0.08514922767547929,-0.0680068292223212,0.3040347130923056,0.3849453486000426,0.21283171678318072,0.3283454572548131,0.4032609052361111,0.16129395296875204,0.12177342459494607,-0.13019506237458808,-0.41361519202551095,-0.21828489009480673,-0.037439769445778384,-0.060765272105983016,0.21885143249473163,-0.033196823712949186,0.0027334390989432497,0.30763309336703987,0.10364128023438529,0.11662489487743515,-0.29504341216664315,-0.25960293033060444,-0.14338058244337493,-0.1583379621506034,-0.11987164967779447,0.08753949747714011,-0.35576570576553923,-0.05440959441735171,-0.3514070657954186,-0.5821886093964237,-0.27342795295221456,-0.2425356241466931,0.08276131187354775,0.05744411797278248,0.05735818387724154,0.027872081474020875,-0.06730220077492373,-0.29592503588276425,-0.3923791319800437,0.058945640849681444,-0.3152503608890884,-0.2752647266207626,0.20079277418480634,0.004916752266963997,-0.07229315625682367,0.0017651172732361866,-0.2549540658072949,-0.3910366548767884,-0.2111674791906535,-0.06397464913986542,-0.03887498153281781,-0.302498383487307,-0.30878269709794176,0.010204830338171201,0.1312180123541379,-0.024168158177084842,0.09804151743139954,0.1830733885012659
-0.26896391997701585,-0.09433694404503683,0.3303290077698222,0.4700043050903395,0.0009307801745316499,-0.03345431228974542,0.5987512205269441,1.0,0.41068880724640866,0.6109069184987016,0.006343132537482244,0.46762041656977926,0.2898952258068175,0.28972564398127815,-0.33774302015324065,0.24869677295762213,-0.16041749274159645,-0.24595413785561954,-0.10601834505161738,0.0619988983779475,-0.34360441059429264,-0.3375213997584443,-0.3031790497482593,-0.18815948716687778,-0.03294395414095586,-0.10640127564564568,-0.4888194704524058,-0.30289772159082,-0.17097225648923145,0.17569123982060375,0.049510905615106834,0.1640988073035121,0.16323816803132934,0.3364275482334096,0.02541113476045563,-0.03443262777760318,-0.4248097303201708,-0.36562114339305024,-0.5633498967559735,-0.28912020868042315,-0.16879925724375874,-0.21801279272391985,-0.12921196368307838,-0.061653974607297705,0.004893522853187918,0.18881032148852578,-0.09410536676503042,-0.24355473920547172,0.1049218614848968,0.0611933211651034,-0.0011526349828250531,0.1170262258311418,0.03486835120294289,0.1413600460575736,-0.4914126799215956,-0.16582285548976944,-0.4106231008769938,-0.12600479562787364,-0.10741506135878218,-0.19639570210225848,0.12523787463253605,0.49502436200350514,-0.06696064487617497,0.11427253385893732,0.3078867057257025,0.5300950513057403,0.06983208382308946,0.2521906308648583,-0.1727632392345484,-0.1481686758317561,-0.20593899842761196,0.07183776895565248,-0.09558054681077544,-0.11840314341702216,-0.1274005286567371,0.06367550975583004,-0.016461007027213707,0.09711958268174285,-0.364853921513183,-0.408901015238353,-0.2968087944414793,-0.4576883774336034,-0.06705866851549128,6.469821848542768e-05,-0.4620468614887979,0.13745361701259282,-0.4637165069154033,-0.37229790729202267,-0.37843158474005856,-0.026463146323695567,0.10343193750973582,-0.09850855371314296,0.445637941722147,0.13149205701661998,-0.1617893590946584,-0.05895562757227173,-0.4233015788550181,0.20436089184077016,-0.3846142906539117,-0.2917095905346013,0.2569898257993508,-0.08495683630007025,-0.137579218675207,-0.12249082206511767,-0.009475978253885553,-0.15766859152136403,-0.054501005480963545,-0.14870788573801977,-0.11610096938038143,-0.3569966075913638,-0.27264122299234805,0.062406649484513854,-0.14230774198726653,0.10146626322973096,-0.09140586151462679,0.0026870773633458425
-0.1938809898773748,-0.04936343561332585,0.4125474540012769,0.06930319157484689,0.13476815618849564,0.05539143202770318,0.4938470478399251,0.41068880724640866,1.0,0.40581099297413203,-0.09017757604396433,-0.05928509384863195,0.33889888342343294,0.07940252265112022,-0.009925538848651263,-0.0033813079877479794,-0.11146742346442795,-0.10207704059763434,0.1899399673074467,0.06393418567059744,-0.14759316389727983,-0.17754019220751113,0.062452567649418964,-0.022791327980909753,0.21233286227655285,-0.00025725973788668315,-0.18168584370921675,-0.18067223257739837,-0.08188473518036142,-0.030310957765662734,0.20038836393460582,0.12249929555003426,0.2193980493480924,0.29820322163004714,-0.004132715055211675,-0.11232772250638455,-0.2795320109278584,-0.22362260079407703,-0.44346188905213035,-0.3831877176983143,-0.26428474624193427,-0.11901743830201203,-0.31613527966296284,-0.3117791346358352,-0.15935725536499978,-0.23266973705810257,-0.20587409145291866,-0.413193669992978,-0.04365765172547716,-0.0023309046242726617,0.02161289020382703,0.04723749086342953,0.04936436829699191,0.3669800855188855,-0.3357023077818723,-0.3253064930965189,-0.17804533314871232,0.12540636703439603,0.12426014913181256,0.024167779392344213,0.21802399388641905,0.19065151898160243,0.08887588588056061,0.1440763060199957,0.29434344274231206,0.12105146367965428,0.07315404482783472,-0.021384443940390394,-0.042103796110607786,0.052878024926550346,0.14826240962555975,0.08712697901523911,-0.04827266115953855,0.044294337163808345,-0.03188288682184491,0.28693538746359337,0.09020805353134953,0.1310707444556109,-0.3036513241274137,-0.15467684943912038,-0.24130159951209101,-0.2620434248766669,-0.26473151345650864,-0.08052732856567962,-0.5457938360350136,-0.07517634093648422,-0.5419640390631709,-0.3349587098619223,-0.037964263744871746,0.12476629440043674,0.41354594507064113,0.2934910060434751,0.33131759711633785,0.40644926559481653,-0.055822635300618234,-0.3353223900391597,-0.38463941187392464,-0.15115839186230773,-0.3263461395139925,-0.16378128475335674,0.4111257417666781,0.32663504356123946,0.18046603247162793,0.016189445724794704,-0.05926698190741908,-0.1702854591735203,-0.10931332428892561,0.11687879014713654,-0.26585360404745917,-0.26688071134923513,-0.2692635854050587,0.0085763512395419,-0.11788588834947578,-0.006533854267058873,0.0644194856389835,0.08292940877538191
-0.1592916446885838,-0.19077981305736502,0.19454137138997804,0.35367055613658654,-0.04407848937021891,0.255600043200905,0.31769014553283603,0.6109069184987016,0.40581099297413203,1.0,0.06002353820071857,0.49529309332170457,0.25694030412522023,0.218692870442962,-0.3089367089027582,0.1762979254058719,-0.34897871098370253,-0.175206767048436,-0.05878257472855385,-0.09305772085739607,-0.34019205463356034,-0.29091111072072,-0.14450257533701688,-0.021273877604432917,0.0990490956786234,0.0633986118054862,-0.3725668375603382,-0.3112716874239818,-0.24341900124151067,0.08234595848420331,0.04930552484326078,0.06962947988657318,0.002432942045684415,0.2370238208478369,0.21898729415013146,0.17876839804495642,-0.27818109411475495,-0.05568479057841139,-0.38160864168988184,-0.24251186293170002,-0.13556202903767395,-0.27430721950886405,-0.10221723525665435,-0.04324007588853451,0.07581260560373056,0.16496302007725128,-0.10109931025854493,-0.17427897123787878,0.17331325257535754,-0.11879689908235597,0.008237777881710553,0.027065884619836427,0.22789967392388025,0.1526712629437683,-0.28612892299182974,-0.30147351024117475,-0.23259368271433312,0.0038994229472653,0.05471309819190402,-0.2172893242209359,0.2381175504299165,0.4852263005851876,-0.22305539182090883,0.024998357795642467,0.2440510521781019,0.6011376977875325,-0.03686604021446049,0.15897451212047453,-0.14409350186007439,-0.19200164414122206,-0.1708228226472606,0.10617854513514605,-0.0836773733275806,-0.07248386187353673,-0.1600797480045315,0.16770723569954737,-0.05110212871371242,0.14207863163539128,-0.2821559272592644,-0.28188388333984754,-0.42327709775295896,-0.4193070463266,-0.2091765633685543,-0.294888836755861,-0.3663110107806083,-0.07515242041600823,-0.3368437302203639,-0.1668853296799923,-0.16243987029194595,0.09073430875149718,0.23808122739949036,-0.00019816771558010013,0.5088386205548082,0.2628240368538191,-0.1281448545588285,0.0856516200390987,-0.25869048055146954,-0.20038710964084278,-0.2864837864280871,-0.09752890872375775,0.264107724292326,0.06969628779136242,-0.12980140151346098,-0.165788551362374,-0.08858946198416955,-0.17445542877762948,0.19549304566730888,0.14929643042783058,-0.2464474805243934,-0.19820292323897046,-0.16927248718352148,-0.06614048059774004,-0.15582984186809312,0.21322906734593847,-0.07579132052467209,-0.0019752177063518156
0.25045517769010306,-0.26273312956124834,0.04014457791929362,0.03938585199966036,-0.02594882401139965,-0.16126501584519273,0.11941767919624836,0.006343132537482244,-0.09017757604396433,0.06002353820071857,1.0,0.28815779656041624,0.629958906588529,0.2896769520323721,0.30824844965415493,0.18289614413970007,0.03040522816684108,-0.16138752172772988,0.39783614190758937,0.23725326980225567,-0.3682624648737199,-0.3913637838202404,0.22540283100196276,0.19254910254259955,-0.27813072657912125,-0.3479140334463008,-0.1754509583141876,-0.29020401158339315,0.24921307623824515,0.13855618339194087,0.05755634740121729,-0.11372078314585878,-0.15237590340845772,-0.105701489494053,-0.27311263065602287,-0.09408327822291132,0.10482517071113366,-0.10311691888268404,-0.11583224131815471,-0.07623395061759662,0.18007320091587473,-0.034427490885258594,-0.1830755027549298,-0.25599539496949547,-0.1992526778449301,-0.24429688362322546,-0.06916341114583192,-0.18024047693997663,0.07117305659838041,-0.06238989527793177,0.15805367735836195,0.1831392117790519,0.3165709612792296,0.04114210568933968,0.09625257971072541,0.13067436085870657,-0.01695737331961096,-0.37969545805440313,0.18557922221295942,-0.12509071363530155,0.2636641706886528,0.032373660551523534,-0.05070317659447538,-0.11906975370203934,0.0838733223249243,0.10309968277110122,-0.2908060727102412,-0.3296469675123821,-0.06099857166164519,0.11643934743061492,0.08030259320124089,-0.052288581024163894,0.1315173145384945,-0.049428781283832594,0.2727678197030078,0.05582321333752498,0.08967415640808657,-0.19588056588627226,0.18237230514545466,0.0747173049831543,-0.014793773080301617,0.11560891819609269,0.29537832438748035,-0.0515090600083799,0.13095434501647468,0.040476827865104946,0.13661470773622336,-0.0056621197776656135,-0.22379199204489766,0.11895009163121051,0.010398195826403955,0.08405952335753812,-0.04166522960764154,0.1322947599959795,0.030326078134774115,0.07688414137666551,-0.07669538919755672,-0.19596914425184023,-0.26458201457473235,0.02694720132210715,-0.0910012708088769,-0.06305076774304119,-0.1699307060770657,-0.010567611849480605,-0.09595285901524551,-0.16763331287898542,-0.07894232626090474,0.20016469595555203,0.01929207702011465,0.17857767535660315,-0.109693874659972,0.2519906751345867,0.017676612190088457,0.1633350076493224,0.03259681972982157,-0.047257130283895166
0.08997204887684286,-0.019811506469440292,-0.038618785603042716,0.521603042920846,-0.18523828717968732,-0.05832651876934147,0.13605483990867676,0.46762041656977926,-0.05928509384863195,0.49529309332170457,0.28815779656041624,1.0,0.3182540337474741,0.5654665474664622,-0.11389145518383972,0.5524577618491269,-0.18749239954804675,-0.18886557287356887,-0.097746641370295,-0.0630409854650013,-0.5271777109312872,-0.41402900761450995,-0.18569741512449744,0.013269068395904743,-0.23677615440917948,-0.19573480088878537,-0.4175963259901813,-0.30581568048371843,-0.06909733285523742,0.23617602732366916,-0.039921022150647884,-0.07786861046653314,0.0049780012672379775,0.12241186249552329,-0.1306118712703369,0.005731852025308424,-0.22985504156638703,-0.23458535138988088,-0.31180546769297446,-0.2829241377209389,-0.07963817386605487,-0.24967074754135474,-0.1877071953526386,-0.08669810790374766,-0.005352924391449913,0.010433002683952884,0.03167045724425119,-0.10722977481373996,0.005677164302926654,-0.18518298995407526,0.0554000251802466,0.1597854149584592,0.42770026767333497,0.06704018448988341,-0.06439106244753404,0.07442725692991208,-0.22507357675844755,-0.2730658771671746,0.0657828625254335,-0.17120156951040547,0.3982843555914624,0.5152745550488899,-0.024702133988766233,0.1944873218126768,0.1639930087164083,0.5170305103494546,-0.03711351997177372,-0.02219398385891783,0.03571432055797979,-0.1172666101473755,-0.3076109586354414,-0.040034481887092736,0.015074531556866966,-0.22857088617456506,0.025026141625874236,-0.05299514880223495,-0.005222427299662503,-0.0876522676081761,0.08906445208344864,-0.05584409914503109,-0.14831729616319822,-0.1659276618792122,-0.10494150539789412,-0.21711213597628937,-0.05466160873403036,0.2780550754184059,-0.10173608858208516,-0.11302179624041193,-0.1614250270524195,0.1035792835310076,0.04044020306488873,-0.22445484950145297,0.3074760579298142,-0.028564378924250667,-0.14513334435184502,-0.018838414530753918,-0.22220657827973378,-0.1722346725402822,-0.10826758372988587,0.0032888911551499124,0.10546931198520614,-0.005995123379127955,-0.10618821328093396,-0.08722231519870728,0.013203818314994197,-0.20003153673970894,-0.09761149325750336,0.04814848011776507,-0.10208866307071854,-0.055285417524404405,-0.11963264084131146,0.16759587049896663,-0.1738458897759384,0.03500166437323597,-0.308018009126024,-0.0945702214798075
0.11889898831665817,-0.1811319773162658,0.27995908885540827,0.04671877319848953,-0.0972494332552626,-0.23736218382248145,0.48995644905298347,0.2898952258068175,0.33889888342343294,0.25694030412522023,0.629958906588529,0.3182540337474741,1.0,0.40949947127865427,0.33146658425589914,0.3230641045832365,-0.03528817369506896,-0.17646779658828274,0.2753107823695126,0.08513881897098535,-0.3877644347399047,-0.42299478153306647,0.03770202090245315,-0.03932413092385323,-0.18831359764288816,-0.3469814041259311,-0.3576103887957244,-0.4449400525406993,0.1926546575153791,0.007728555770331315,0.030167028803700806,-0.13263296886854836,0.018369886107088063,0.01217744299196184,-0.22833187502953317,-0.11855841773940004,0.10996884996270835,-0.2679888810995595,-0.3560975767740253,-0.3183156810348351,-0.05096744146709182,-0.09588255202998269,-0.2582159856648074,-0.2782670690958953,-0.11023121152311267,-0.24283776444161315,-0.195586267808392,-0.3742680345056693,0.04448480881543713,-0.041450264709251144,0.005547387137095188,0.0777724403873115,0.09590510441133727,0.05785368420827909,-0.08363705760097519,-0.048802082564524514,-0.0407865764194432,-0.1809448822879898,0.1222068816364828,-0.09814852564101378,0.4698718702511938,0.3419125440039396,0.20100899231063177,0.09046624482818055,0.18344910519950158,0.25528663263622625,-0.008262753602322499,-0.1884246827641998,-0.016161165945725753,-0.031288702313789045,-0.030643842343045877,-0.1479301523754767,0.047589975710610424,-0.11083976454717794,0.09020457347794715,0.2279717699505512,-0.007834416195237198,-0.0694046578580174,-0.16783600841090254,-0.10430377038173598,-0.0582417197460963,-0.09896141839576761,0.13058390231565256,0.0383819162955851,-0.14587696288440305,0.22503547358843667,-0.1556269892533849,-0.24818374798102627,-0.10809531965076927,0.014956879005415329,0.13637762920957047,0.14730469137285596,0.15398448267708142,0.17770771440499597,0.049202777254055016,-0.15012582031508093,-0.2728072704615331,-0.18194564480660982,-0.30469557862222,-0.012236771691583166,0.016520563215418657,0.027929416961977014,-0.07450473665800304,0.12114848128021963,-0.17350319644541876,-0.385948674137135,-0.08338362007010244,0.1437917206330727,-0.12209785974948636,-0.09854318338176632,-0.23031853728623108,0.1329533555022012,-0.031585245195137245,0.16522142373157664,0.11728195848174128,-0.03402609780597282
0.0035934571256966328,0.12489201209155124,-0.03759815006306844,0.02036716396201881,-0.06809078369904413,-0.08499311601742414,0.25337489135993035,0.28972564398127815,0.07940252265112022,0.218692870442962,0.2896769520323721,0.5654665474664622,0.40949947127865427,1.0,-0.011780825354032335,0.5474083323210391,0.0243643742074156,-0.09176844440477876,-0.16585380433130012,0.03730523252663855,-0.2892322004402654,-0.17599968818767892,-0.38755711028837636,-0.1875219671289545,-0.34274231189744475,-0.22556289488308925,-0.3551537789312515,-0.3691889429775839,0.025846103925043853,0.29715046164294884,-0.32073981934315193,-0.10379165773362471,0.06215223370881391,0.1033952586810469,-0.3217504827754274,-0.011658043111218007,-0.056061459750792714,-0.24893307530263017,-0.32907811155553873,-0.1666894609829799,-0.06589864080590348,-0.14548161119505956,-0.34215827264330384,-0.25724254983105316,-0.3147910066473305,-0.33185423037748285,-0.06842922669517813,-0.2600442609929085,-0.1404921752866424,-0.2119090132271648,-0.22929314608905077,0.13291119876303475,0.29167946839737907,0.08679362162407692,-0.04141326710510163,-0.027525298284080072,-0.11812233197720927,-0.2586557238834314,0.1574229747047976,0.12123567186070426,0.4568369501209303,0.5803103586134066,0.21500287819933142,0.3768268892298325,-0.011626745998255594,0.3929076698454365,0.14860885482642186,-0.11482419109701866,-0.016164681810727825,-0.07796696743944939,-0.18778685227174077,-0.020828196781777813,0.21883333034457567,-0.12977751926490108,0.10309072367152715,0.09771137835504516,-0.012142296842634978,-0.0634078525625273,0.148447078894738,0.15334401132455597,0.1374626139475649,0.09474261131631338,-0.10204612758168065,-0.14050786242119886,0.033649378024345644,-0.0012661303831341742,-0.06415360646716786,-0.2518919236086821,-0.09106052529178586,0.16304572700684566,0.11363286841489209,-0.13406656043181467,0.016229983436385476,-0.05494678723683772,0.16744071535731472,-0.007828304109210635,-0.20666013739524375,-0.07446576487124558,-0.2596271226896401,-0.1252032563153812,-0.11215856214969464,0.15881161773255728,-0.008219465340060166,0.04129564196295374,0.1880851900730545,-0.13117267693519352,-0.03681206121120236,0.13691803752737566,-0.18222723445056557,-0.08123047539776088,-0.18587833161336867,0.1216198613289397,-0.058875174036302415,0.1309040199784838,-0.24954688997949745,-0.04247059037071109
-0.022497242736727596,-0.0760073097125326,-0.024543240616088268,-0.0861734989402856,0.3910662619751452,0.09668930807779953,-0.15207679036132102,-0.33774302015324065,-0.009925538848651263,-0.3089367089027582,0.30824844965415493,-0.11389145518383972,0.33146658425589914,-0.011780825354032335,1.0,0.1590425964905594,-0.24158736067423603,-0.19851295682156495,0.20564375511178878,-0.015041883079953872,0.11605866814895005,0.011916188962564172,0.37475722835601527,0.20071921573227378,-0.12139958535740566,-0.19655626339860996,0.5247368110123971,0.2845935394080129,-0.024005507087633108,-0.39878845614808,-0.2242459443171461,-0.44387135744373507,-0.29955328322426655,-0.442617130217896,-0.14792205327787467,-0.13197767437719643,0.3575433460774463,0.2317004787165265,0.09682925596014547,0.015772065144975624,-0.02234135810723753,0.031408694465811876,-0.2540851459682016,-0.34344679019882507,-0.19562320242226125,-0.2677387157586755,-0.3916306585761367,-0.35284844526406045,0.20687125250431276,-0.1542181841807795,0.1833215599474665,0.02085796079791713,0.07465380251381715,-0.30355825775609935,0.43270088855458455,-0.2039622117421078,0.033203088818144794,0.08523792125257723,0.24512534703850877,0.19323813333039905,0.3448567880952727,-0.12328083032654089,-0.01706789795762413,-0.25802030078845056,-0.10184145314572997,-0.056826244510091564,0.18151839760069755,0.002301166573361498,0.30168094389691963,0.48877706496270545,0.008178256025642391,-0.2696840395236731,-0.26190828861347554,-0.15485425468524283,-0.02881579993072612,-0.11070965194683494,-0.22062407596997008,-0.28083877182844874,0.011741953272225726,0.09210950042114517,0.015897538364591696,0.08123058915069051,0.13477242019246807,-0.09952359227555994,0.25906686368058496,0.17122183423983617,0.16645244313090266,0.04389727380011945,0.34736359567912417,0.17207091043320233,0.15507307991056152,0.19809767040166618,0.052441467293466056,0.323691350595828,0.12346177499855927,-0.008423850489407598,-0.02640626050325468,-0.20503309198676298,-0.09877155964265245,-0.01394508323312154,-0.17853397484339606,0.13115642469532202,-0.0028410011370829575,0.33920716051143157,-0.1051862119539182,0.12692821650603356,0.052582150490687055,0.2785007534094139,-0.035163869950841704,0.026456960713045003,0.04279418364555198,-0.1042084374787466,-0.03700841186136534,-0.07627490336553017,0.4215252016855007,-0.05126140614753793
0.056118471355981706,-0.06734647133100104,-0.01975342961482642,0.2934002774964979,-0.13184582727504476,-0.1108435167204338,0.16468073416502108,0.24869677295762213,-0.0033813079877479794,0.1762979254058719,0.18289614413970007,0.5524577618491269,0.3230641045832365,0.5474083323210391,0.1590425964905594,1.0,-0.18399067877392883,-0.1524967110825505,-0.14808351259373856,-0.1913174231602951,-0.26576428107955213,-0.16231027364078224,-0.11832879852293396,0.014923851298968999,-0.08419863052164052,-0.009280169004404544,-0.1461946492107825,-0.1724864522560604,-0.027414706970528568,0.10550300766268576,-0.05178946377937229,0.04107729544472003,0.0012948053194180675,0.017471968868787505,-0.3290854349319913,0.03429483826651913,-0.15366197593110958,-0.18733626415183932,-0.2212230725431248,-0.14424116286910432,-0.05137938137597781,-0.08265013389575178,-0.23482874513825894,-0.2707594312948651,-0.09904362967477712,-0.24045470165783858,-0.11641020625965744,-0.321474140717352,0.09136136610657973,-0.2852148247484892,0.09474951346301173,0.23083856959982998,0.4838634011099982,0.018370937179151173,0.22485510375250328,0.02307759265562654,-0.20337059411134745,-0.28438783982443755,0.11306778615380354,0.004748150166765809,0.5225499216172917,0.5154421473192439,0.28019506596835947,0.1923706201505003,0.02236294578532045,0.3731688175336632,0.03198987315155165,-0.050965295637758486,-0.06699518019527352,-0.02287444339056036,-0.1557881914086196,-0.06888324086014296,0.030164153854655946,-0.1403552969593549,0.07011571384096968,-0.018392974068166028,-0.1782217625257885,-0.09116270558868692,-0.04268443745135579,-0.058014810105258344,-0.039191748395081945,-0.18982253629107315,-0.23236643349122751,-0.15311364806546002,-0.056504166410065296,0.17396953135033885,0.010981061962168028,-0.1066476480324507,0.04624519188237866,0.264026052778683,0.07686010199286773,-0.2323771187138488,-0.033970064736510694,-0.1359484704679203,0.16494311244955606,-0.08205395155437475,-0.2031377693819115,-0.13118731082396093,-0.12885311061640475,-0.13260075325110612,-0.11549074627823924,-0.005546739913454952,-0.2031063539474142,0.1247195758462463,-0.08747568325850572,-0.12131316427314123,0.015996702501675716,0.07635878747419625,-0.15004798902190647,-0.1267225678111846,-0.03194367812916853,0.12803912896136055,-0.07090727158654318,-0.039649195987893786,-0.1560967625063011,-0.2179615415746642
0.3507491702219731,0.3962519288781837,-0.09254981354437829,-0.2680072122085428,-0.2888934907113552,-0.35940002301648966,0.03715245363894312,-0.16041749274159645,-0.11146742346442795,-0.34897871098370253,0.03040522816684108,-0.18749239954804675,-0.03528817369506896,0.0243643742074156,-0.24158736067423603,-0.18399067877392883,1.0,0.5713266191928524,0.02004356544629081,0.31339488691351075,-0.042394772681991925,-0.014868338833945945,-0.29074666291465207,-0.24863560294927933,-0.25713824210890274,-0.12484303032362204,-0.19445809455578636,-0.11819413927902801,0.48863355532391556,0.358271828010755,0.08546055554747399,0.13570823156676332,0.25605098808144666,0.06912408946959862,-0.4020250477220769,-0.2741428151041806,-0.04149134152242412,0.008301220933726467,0.12596490663963011,0.17569999963380523,0.07865252687706041,0.08230588754116361,0.2134486183333023,0.1185851139645413,-0.19997637635910154,-0.2023633934700158,0.27579761525972096,0.18230851965383785,-0.4629614987419678,0.0582841481550171,-0.3230703281034465,-0.08228561610751195,-0.18885521360798435,0.06166395287867783,-0.09807410706520707,0.32024493287029465,0.17308356263242475,-0.046550044638271795,-0.13656749718893982,0.13290652712956236,-0.3182246561373645,-0.22169913446338105,0.46284507460502217,0.2667728404567385,-0.28914240266492514,-0.492615790982779,-0.20432348981477505,-0.34408317702667757,-0.20118915354814942,-0.2875459983276165,-0.03972260567000329,0.018015840899914874,0.45690065924177364,0.1343031686540158,0.2606953240696259,0.18578145562749235,0.25695219317180645,0.1838463067532839,0.1814189422045891,0.11445260476141028,0.4337937422564148,0.32544832718745137,0.1614211020471461,0.37786383081023145,0.11633355801995303,-0.09248480425319935,0.23652675474266685,0.008426746227277812,-0.13860573158475303,-0.27817727793095964,-0.22560644301699403,-0.15421435527863328,-0.44372698208785905,-0.514679221711601,-0.07035829756378394,-0.018986290555080197,0.30374019256009055,0.1865332725651259,0.2466126873033957,0.19624222793198212,0.13083901993774003,-0.12245620648094513,0.25128746915184014,-0.06293930090603582,0.11690686793022788,-0.1385744247511201,-0.15335767102725917,-0.22193979032867234,0.27857913691398645,0.2561002206254336,0.03129468784753407,0.43364395932585964,0.22468049293201528,0.007984331233680926,-0.19026329056292948,0.23392095999157994
