1.0,0.4820459560841487,-0.18221271528577104,-0.23658147590123293,-0.30983447555943705,-0.5321979798974206,-0.11657464751582539,-0.3703170126034233,-0.28945042306202456,-0.5668981189450947,0.11267114562292375,-0.005473201178656584,-0.06703225456986578,-0.0341629356866178,-0.14218348302223796,-0.10798478205951607,0.5122314714085536,0.5353434550699286,0.12569354710719494,0.3229446514987336,-0.30747511978214814,-0.04736890023340332,-0.13935379839453613,-0.5085240413461706,-0.23687957380012867,-0.5916597523138443,-0.2642527683737306,-0.5416076701599801,0.4130126850274436,0.4093307400971586,-0.052542287243952907,0.032167406199438246,0.25711864886088953,-0.0007439412236288791,-0.34625529519234577,-0.3977244150614954,0.4457366741357343,0.1855659120555682,0.0973546604610033,-0.11548390778138186,0.2723812559018842,0.36408863621548443,0.26393576278239,0.10590172299926762,0.2422451833371829,0.06233382456777399,0.24259633937382263,0.0896633509637302,0.26017672036135836,0.1944287593001861,0.09515921528041986,0.029582367580898855,0.09448208102010511,0.06594160527074445,0.20547329786863758,0.2511426748150981,0.4644094358517443,0.4020353194848106,-0.05611773106328425,-0.18177135824521523,0.01994403395300276,-0.35583850880151163,0.46194409763901584,0.44979898737390733,-0.4305189774263721,-0.534317540807459,-0.31937266239613177,-0.49390526172179194,0.0481715607988091,-0.26276662216578495,0.0982020934808474,0.026134660381981725,0.3837262139116719,0.2811349512150672,0.15354689846190886,0.1289477702380475,0.44518351100027015,0.35172028009983164,0.19520875006211094,0.20796286019066032,0.3026799949658776,0.4398729444618234,0.03870816305148524,0.19718045329836853,-0.1482006341621557,-0.11197955116533378,-0.05750760780275408,-0.11607268570663962,-0.20095106523684225,-0.14799883693790183,0.0584631635933762,0.15679687872075537,-0.15967878462245746,-0.042588042698704566,-0.1628814505613476,-0.11117773752154371,0.06855519934482766,-0.15453380835621866,0.3744249781384026,0.40071926976887007,0.008364484064217826,-0.06051332823095572,0.007939862637973036,-0.11020053470714186,-0.16706789877143646,-0.1025324901289547,-0.23124636826683145,-0.07256431053850808,-0.07145773596282236,0.06366792229426776,0.0060906141314612736,0.20798437855328777,0.0023653679478756835,-0.1568476247556678,-0.22333511932910707,-0.000968414694056705
0.4820459560841487,1.0,-0.3611588237384383,-0.17381238643656025,-0.12764651267717125,-0.04897924721408102,-0.24233811266199198,-0.13648328963361714,0.030952073898431246,-0.16881509956859309,-0.12655077622761077,0.11652957084682287,-0.11802363254551067,0.15050968465154024,-0.2548364539865637,-0.06705766787123946,0.4443402213180589,0.35095693621227914,0.16685308895281106,0.3588666759379667,-0.47751218430816855,-0.050359359841006146,-0.521921192105458,-0.5537597037592311,-0.3791844881589375,-0.45099368956044006,0.0031508049813620998,-0.14959995727737957,0.05493085392741471,0.24811933940971925,-0.33040688059975043,-0.2000531821290635,0.11829287942736563,0.13121236277151258,-0.37053697066661434,-0.2494197705401326,0.0904343681625966,0.07235332901998728,-0.07554075560428285,0.15449341021088178,0.011478927456062596,0.07958438681324521,-0.17070644581772088,-0.23090660239169847,-0.13592265657481287,-0.23296310894166242,-0.07341451008205649,-0.09339114394988757,-0.01846225496234085,-0.05184035898870548,-0.024263949474291828,0.06632680549354401,0.24388665221301548,0.07294716191114657,0.12870543294922218,0.10522314907304346,0.5894579663954641,0.6632386117666684,-0.09683799201129609,0.07201094545314454,0.07968674251844718,-0.042514068189782026,0.32155562024354456,0.4132754837911275,-0.5023975949934953,-0.25284895208410113,-0.3094133576261348,-0.263057570175144,0.48244472099535574,0.2370791276205383,0.18460019609616102,-0.017240299403371295,0.11311015718943541,0.13659326196690266,0.0291987491023744,0.05286967471200494,0.33335125471153515,0.2343170921354956,0.0682859958807618,0.16785300878553708,0.2408619904385352,0.20353296769862902,-0.3376415108600892,-0.15375457354828678,-0.32621675706531506,-0.19084820705776653,-0.40503117557823837,-0.22912194967151137,-0.26996359361716527,0.10530582306368931,0.17054116878767198,0.03418568602631891,0.0617727644932364,-0.1034369063854237,0.1470768713244598,0.08525448313159842,0.1612528530456177,0.2562676816183846,0.23373137360198046,0.442598242941719,0.2661049560965686,-0.05005400100433555,0.15116952846682544,0.04044567842001087,-0.023982849005682032,0.1559156486912493,0.012298693940924572,0.15622266429625067,0.0896880974390597,0.2809207759891228,0.12849385833348598,0.2775982482490276,0.2877579436515238,-0.08560634834513468,0.13174506578842482,0.0822358897950972
-0.18221271528577104,-0.3611588237384383,1.0,0.11727164275531834,0.26879963580953115,0.10301613529607444,0.7314904838551317,0.13658818084285632,0.22031885521841876,-0.031547324583044906,0.07087703406013049,-0.22322978537680013,0.11837526740400735,-0.21699545617722088,0.07818477869219508,-0.30968132259732023,-0.422669028068504,-0.3688464704331446,0.15881415217147304,-0.32345015379926567,0.2792560974062998,-0.02373182008464137,0.5595028964427627,0.35855440872611416,0.3557988081829011,0.22938155660943332,0.15164996598751218,0.1338911210690787,-0.2256332685153029,-0.31034457242063335,0.5435431398369842,0.2647387905695268,0.10785796843457265,-0.021159917139086465,0.3662461161597633,-0.023854672059635807,-0.2607020177632923,-0.31208271651499037,-0.11247181729990725,-0.3775459535684105,-0.2003673219036578,-0.11094731295355965,0.10340896008961753,0.1111880179086381,0.08552937569769993,0.08059424318825487,0.07032306419874987,0.08292423268838107,0.11444543189222663,0.001967998253885441,0.2117376281319861,0.09185320070961933,0.03550736450924011,0.14673394365157957,-0.07773126168778738,-0.03416117962440404,-0.5253330227262187,-0.3028886379952931,0.08657072852878948,-0.09030679761317843,0.2473651222938993,-0.08307581539520163,-0.2918372659743178,-0.2510029434831015,0.3496644704336172,-0.06643466170356639,0.19380010998019778,0.15863189976478814,-0.26781777967015385,-0.18385854550077996,-0.03793052843360028,0.2546269099362851,-0.20897015492517576,-0.08511775177437106,-0.06878595824316847,-0.02794064669826322,-0.21238895132333585,-0.07295272436047949,-0.23807298021816922,-0.21165327412804608,-0.5092477617643838,-0.3822334916472519,0.015946651979811686,-0.2577166739188083,0.2956582460691764,0.07945242410763428,0.05622091976022376,0.15087184774994994,0.1725087632620313,0.17795961778057023,-0.4095647986417007,0.054490869367153215,-0.1374457423578346,0.01911388550407062,-0.34279365823776065,-0.1747982315995797,-0.21768850767923087,-0.32956656268750384,-0.3435927619357287,-0.4295862106991898,-0.19300692093579866,-0.11365283660882851,-0.18485489400148072,-0.10158881578366266,-0.03108493584125829,-0.2533862343914985,-0.08192455568533825,-0.09045510565013394,-0.05251114793627346,-0.10906844567146214,-0.02296918402751844,-0.27232629053829766,-0.3231702554739389,-0.046622972193446896,-0.3100233900572461,-0.11864503945267844
-0.23658147590123293,-0.17381238643656025,0.11727164275531834,1.0,-0.08838972336174397,0.16208044477641795,0.18599195323466203,0.31132887240776796,-0.1553340567939709,-0.0020895538981748367,0.33664100537273023,0.3154638219721934,0.23642574269013789,0.3826904729039046,0.15117662535881915,0.32092464514362073,-0.10132567931585136,-0.21326230179553382,0.2634407914721284,0.012263079983701665,-0.07579142926629293,-0.4214466428274292,0.03615977341851259,0.289427814951846,0.08961483980648394,0.09629123780743958,0.08424381169878835,0.3400929003429893,-0.20973185844720152,-0.30744371455259195,-0.10799474453576652,-0.09778663101889493,-0.003909914963960709,-0.11415479797061512,0.18306277365323986,-0.0943542375405017,-0.2764398516409812,-0.2563997639501644,-0.27048617020638716,-0.29136188272264546,-0.3842380247598106,-0.5081526816710127,-0.18137378545959976,-0.06471813170265336,-0.23688288210751324,-0.2647179128727664,-0.08327156538580328,0.002499933130297653,-0.25620577158749597,-0.20716088591073195,-0.11750969886109693,-0.09658672420943444,-0.06585769415802248,-0.10486535994614095,-0.00888380610347257,-0.24719874797674615,-0.4135643331067853,-0.44849120055106917,0.04448317254602696,-0.017684585494374502,-0.03453498420766114,0.0890677179109813,-0.2601163615937795,-0.2432090544871781,0.31835464098527033,0.27916014554114765,0.07238728713129872,-0.028892823462914424,0.13368320171213463,0.17845713130095542,-0.21905924986478525,-0.3468526319677774,-0.1913153831296223,-0.20233913800120318,-0.027433499432196338,-0.20666803642769807,-0.16143508205832477,-0.1980303190877577,-0.1688108348360105,-0.2551702885995132,-0.1465426861613956,-0.3009040919383273,0.2578345831350552,0.1915808855192939,0.40127298136885425,0.4154259375657503,0.10646947012694014,0.6666159033866937,0.3542350627807235,0.24763029824318145,0.10873774322931772,-0.07336300266455834,0.19716511236120302,0.007855379017338909,-0.08320284224778483,0.29427774402703094,0.2731905454227559,-0.0027099554679085305,-0.3546609088374282,-0.14890328201898873,-0.07745317556289572,-0.2053127296321197,-0.08649452874832479,0.17758663820005605,0.21656345144748282,-0.1326429905109065,-0.2993881033706735,-0.3597546092107568,0.03714779109965724,-0.18943182325474597,0.23963032296395675,0.14482374637745932,0.018858438941591057,0.3239970297800158,-0.13832935323267959,-0.3269123557962134
-0.30983447555943705,-0.12764651267717125,0.26879963580953115,-0.08838972336174397,1.0,0.6931672185731831,0.18592841422154976,0.13528335310105286,0.8069193278949544,0.3787999021988494,-0.013665902798422206,-0.2482584305226549,0.10250120433633997,-0.17730392073836224,0.10742020251589847,-0.2661235372631755,-0.2520838211404518,-0.2816616178145814,0.08858382302400014,-0.2150876900259003,-0.03263376568251186,-0.05765665947046221,0.22270262450113773,0.08468079966834059,0.4052773626881849,0.4372345191990965,0.7394469514412658,0.5482957881812046,-0.25350555592369106,-0.2805274103437041,0.0393897936507493,-0.017492147367076476,-0.24323728653821658,-0.09337673898939867,0.09317539246778112,0.14173486728072504,-0.08782772812123865,-0.2767554311042976,-0.07424638009235433,-0.2755297236259516,-0.045906123150977814,-0.030354780785606182,-0.11596400948249677,-0.17852162676264077,0.11157848256674095,-0.05410462341040145,-0.146154978395344,-0.10642904086312562,-0.018896059077004406,-0.06944629996772018,-0.10144286316711366,0.003837249056012084,-0.06947670066624878,-0.02451077007991034,-0.3202088660358106,-0.15138117423276,-0.1563346052933122,-0.023443504767367965,0.19159862456148813,0.2489134780854322,0.21215350461669685,0.20910732996507655,-0.13143132169431462,0.05515505618135836,0.040152824790672344,0.048011924937465436,-0.06092124358864443,0.02192874149093982,0.02279622066911685,0.11116673753328775,-0.08444569857448689,-0.17796349842667508,-0.20554634610559733,-0.052685148435212104,-0.022107746310158386,-0.06372502911389555,-0.18154604566568297,-0.07278083101665508,-0.1776362835740757,-0.19879748099273697,-0.3853291686086064,-0.251787370270083,-0.061444451939900904,-0.41472149480360104,0.010479996738237785,-0.03795025656189281,-0.21609354071747092,-0.2671385575057538,-0.12193919580660244,0.07138145534088729,0.10707695435570765,0.01836434924151078,0.15420836742380792,0.2925740677819858,-0.013795079668927034,-0.0068274177587326805,-0.2784092354536776,-0.07987088507019993,-0.12104305130467576,-0.23717997830239188,-0.03912881816669894,0.1042999696835589,0.19842335779933531,0.146102676179841,0.015872222194942314,0.12307307982825798,0.2041611597627133,0.00013580765263592807,-0.23287693577215218,0.06082785658313,-0.02220666108235582,-0.03630493345522469,0.05293152919702076,-0.20372813681688415,0.09228819581484439,0.0911668949083764
-0.5321979798974206,-0.04897924721408102,0.10301613529607444,0.16208044477641795,0.6931672185731831,1.0,0.03355160910988813,0.48133063585569424,0.7346276918828567,0.7178474703584448,-0.05466111546938966,0.056628307361285476,0.19937759939600064,0.1997378875295615,0.05494823790896582,0.08300977760066053,-0.41125298614320244,-0.4899565983094676,0.06921841061303156,-0.15385670192900644,-0.16604469946993985,-0.10381171998496086,-0.1172128236256063,0.21593025492424872,0.13626621876903391,0.5826168597844453,0.6512571263554334,0.6957823548519403,-0.4133238942292401,-0.4222867942239453,-0.21043826791075707,-0.2187471564886841,-0.29514383287483986,0.12173812252334888,0.11191161716496206,0.4087324002266471,-0.4422613696827475,-0.4814408159045568,-0.14121550795205567,-0.06758924327267771,-0.19756606597681248,-0.37044981460781556,-0.3810332642377066,-0.2509567624699153,-0.12120441485824879,-0.13620300430567728,-0.3709570074874854,-0.196776654547218,-0.29230989495733883,-0.25134702620910704,-0.3508914831522867,-0.0879753462247046,-0.10429777343951063,-0.16390784419633753,-0.3699735821249826,-0.2559703408093117,-0.25482802543813243,-0.2003733722345851,0.2872516434863151,0.4703724904185968,0.22196672800044812,0.6087589789090079,-0.3687715996977014,-0.18518549442102822,0.07269854080731686,0.5026115511526279,0.08723245362905173,0.2996818720266335,0.2846927519400896,0.44381903831671554,-0.2745145746647505,-0.4066747948489849,-0.3869942659287826,-0.3325966699872874,-0.257609987212891,-0.3275869572832667,-0.4161556403082056,-0.32657868816564445,-0.45762250304226315,-0.3354143946817662,-0.40715381022147495,-0.5540761965926663,-0.2761110008080412,-0.3736423463584615,-0.028112498776599517,-0.010928146887614832,-0.2534711405282029,-0.09878367731345633,0.08707427134818518,0.3696682586777714,0.2332723446521564,-0.14674137282967725,0.3024068107686608,0.12262090215142511,0.30619118459911504,0.10533410388795215,-0.09637763615091982,0.07458043891154419,-0.2887442548284424,-0.19736017663851443,0.05122178667771298,-0.15188823176754365,0.024595863209414426,0.2420062042193518,0.20496712160057934,0.24695142241619517,0.17152203850694836,0.015927547010895878,-0.08526531946014343,-0.0006509536333850361,0.06845502763279504,0.018798641205022067,0.10775513612966808,-0.04485854283114312,0.25168256432173397,0.10836324796859677
-0.11657464751582539,-0.24233811266199198,0.7314904838551317,0.18599195323466203,0.18592841422154976,0.03355160910988813,1.0,0.29735708811587097,0.08110756034557524,0.024057209856829062,0.05114803777001839,-0.14061174663195714,0.1381904652779311,-0.1297380021985855,0.0030499741132188635,-0.2164804822587834,-0.1656322137273091,-0.12812947460960697,0.2790160806963017,-0.06491644593470014,0.13183639722567436,-0.239103157687654,0.3587996084728566,0.1008342956584083,0.09426900101800698,0.07508148253468054,-0.08638821544915352,-0.05025281162088241,0.07397940191208557,-0.05940860542944921,0.5150509129870944,0.39925136740012496,0.2994529691580211,0.14006762233423398,0.2095203238615846,-0.20710650450866133,-0.3046561064811631,-0.4347843226903736,-0.3850385475828545,-0.583601602481602,-0.30934604413285666,-0.14082139649761105,0.01726433083743328,-0.0451782445971553,-0.10225933979549381,-0.14199336164730267,0.06281211841426684,0.060347448609833584,0.0017078175654162877,-0.09097953290584891,0.07941526174007385,0.024530818965015792,-0.09624612223911241,0.09101502044584671,-0.2219626556495068,-0.13252522350560586,-0.4144432407702414,-0.25304084121485604,-0.043574474893081375,-0.1726122868531915,0.21524512175791366,-0.08659626006770386,-0.12306739437363333,-0.07326273920204007,0.18417007344668257,-0.16657958445166568,0.01903962029903206,-0.1207681431203879,-0.21081479171236917,-0.21602831043270304,0.18091668766318902,0.1318271086853463,0.039111423458510236,0.15912886980550303,0.1275308836507877,0.02884888140083572,0.0826585421523033,0.2252677318162906,-0.0930840128160254,-0.014477873967199663,-0.3504063237440887,-0.13378334998178296,0.18438797006850477,-0.11542910193850461,0.2961227882112832,0.061456484185011914,0.029778838244566834,0.16323079445309216,0.06395083243444281,0.08496005330619,-0.2948262114199265,0.1321101378801306,-0.10870663191563297,0.07557091712851007,-0.3975495407597324,0.09842766234592425,-0.1782435951057301,-0.2192452917646158,-0.21313117434336815,-0.28130448619433396,-0.12324847489879184,-0.03229502100104075,-0.06913702219532165,0.1055714778743346,0.03103003734045401,-0.3025702882371154,-0.22314967715439515,-0.19745639951121327,-0.03012729115777031,-0.08384083784588825,-0.0008444764582672307,-0.042182192372218215,-0.13782135462550205,0.14514662474421258,-0.2966360509448459,-0.29958548622024544
-0.3703170126034233,-0.13648328963361714,0.13658818084285632,0.31132887240776796,0.13528335310105286,0.48133063585569424,0.29735708811587097,1.0,0.21391114386707358,0.5580022210764396,-0.15400762730229248,0.3158042576945769,0.07797377813046527,0.380313209814464,-0.1702145080820013,0.17834458763141908,-0.3234460355596499,-0.4307901260562804,-0.042836821398511214,-0.16634322709358168,-0.03796471337761047,-0.00018667521485234457,-0.3728071515994822,0.15483873093904166,-0.20863634694424724,0.4222444316432109,0.06584393701677478,0.29051400873394545,-0.28255574389684385,-0.20462157210099532,-0.07693291453032788,0.23491113766350022,0.08157559558415241,0.34108384808941705,0.24917049812090736,0.16386185935949474,-0.4909003158348809,-0.43875770158779165,-0.19644004475374965,-0.17830325723228266,-0.13406060308277287,-0.3044706327978015,-0.42517429333502427,-0.19734874638301195,-0.264701165213011,-0.23026626004355705,-0.36896166620995874,-0.3546399004452889,-0.3187597419223676,-0.4115449674816075,-0.35862287136727855,-0.26277324716125733,-0.12067733299869451,-0.32346780965901256,-0.14888060806112965,-0.30357531860008014,-0.3501601765466954,-0.46618593843235795,0.10929654655183756,0.2583521078344704,0.2705214023036937,0.6144711733342307,-0.2193824526484571,-0.09461366080099698,0.1704480115321933,0.6485529700819382,0.14477128129869207,0.24107037681324894,-0.08472578478934827,0.07988635506471288,-0.130144537002326,-0.17755618655382108,-0.1907389628869377,-0.2316480114873369,-0.22330393921954322,-0.24400199015331522,-0.2124920513454176,-0.029443280211489856,-0.3255062132106129,-0.23510243753902177,-0.313441241400506,-0.4413268773511358,-0.2659249863744419,-0.20311702762150924,0.09228118103477514,0.278551041389101,-0.09543394302158234,0.1458669851313182,0.2772934932105055,0.35278358454299696,-0.062170718515011464,-0.22346689616074708,0.24348482457007897,-0.07854481717110462,0.10099070727000445,0.08922477619487745,-0.15132520107108946,-0.062152211688244356,-0.30941710534439076,-0.28940655091547557,0.09691982082469698,-0.1906320636049054,-0.035226636248108414,0.16947043938921186,0.25607723567519936,0.02417840646131024,-0.018972966408250837,-0.12570076781210685,-0.15304134864535043,-0.09452772289924957,-0.2377512193509936,0.058360291082232264,0.07543705537913666,0.022191531516788036,0.059781477185526836,-0.1105985320272337
-0.28945042306202456,0.030952073898431246,0.22031885521841876,-0.1553340567939709,0.8069193278949544,0.7346276918828567,0.08110756034557524,0.21391114386707358,1.0,0.5203280767547651,-0.168828739799389,-0.16351922955702927,0.1539027519463258,-0.1115205612685523,0.10489819079651841,-0.10305177038676192,-0.2813572230386002,-0.35161565045881826,-0.09673472857441583,-0.21123865841931241,-0.10344629774949243,-0.015367925936883754,-0.017468226915917092,-0.02017336737955929,0.2794828195253435,0.42290404296889106,0.6917654195139975,0.5065152530462363,-0.2967490654664254,-0.26918529462214086,-0.075522335927303,-0.1384519456957234,-0.28471462043459184,-0.00889786730186242,0.1391972726185224,0.23623940428499332,-0.24774982936629622,-0.2549338694784376,-0.14485081141227826,-0.11397656584580457,-0.10410027449611702,-0.15274337948574737,-0.29140617653099077,-0.27213651268966765,-0.025257904931999055,-0.13094205552985588,-0.35432606133044553,-0.2629971234032202,-0.17349270610395032,-0.29004079437531377,-0.2159199632355246,-0.054264772162781305,0.0398300647925086,-0.08962149107264211,-0.3258043234402697,-0.24788284887615222,0.030320448549716092,0.1293428556789642,0.29499088408545343,0.39639680847500697,0.3969836576864593,0.4092041768247915,-0.15857921077193918,0.03486355609161507,0.07421684398346717,0.22848089650325107,-0.042098921934377566,0.11148478505727885,0.2081985858613394,0.23969255248822702,-0.1585386125423824,-0.15310472308223894,-0.22286663325731076,-0.029863302409992215,-0.050960108311107054,-0.11571386435500403,-0.05642679784482472,-0.04911272892292394,-0.37921331375115347,-0.20014831279359804,-0.42876505174536933,-0.31923120681390915,-0.24959399127602858,-0.5265783859355714,-0.09677090277004069,-0.04466396501294155,-0.3499195164929564,-0.28909341588358667,0.066460070694467,0.22839382203266945,0.05530492952371382,-0.04502811324067958,0.12221599930825112,0.25423087656458593,0.12979463279030443,0.005357049318441082,-0.28587549348414976,0.02862925300097478,-0.1504010947211173,-0.07271378483240404,0.0770996656277144,0.007567282070462015,0.19224609350726976,0.16594514117154438,0.05486139110530405,0.17924209784801481,0.2182192944712494,0.09355195575533251,-0.15979894161751984,0.05463688803463836,-0.08318746943764563,0.030172196117666646,0.04759288167401349,-0.1963197220663221,0.11133823224140943,0.14305969181425543
-0.5668981189450947,-0.16881509956859309,-0.031547324583044906,-0.0020895538981748367,0.3787999021988494,0.7178474703584448,0.024057209856829062,0.5580022210764396,0.5203280767547651,1.0,-0.12500257748312765,-0.03807687989431084,0.18731025789959177,0.12295886223921497,0.20094923665258355,0.2342387227914354,-0.4813088443606968,-0.5467750291649386,-0.1836166720689361,-0.20602638466836884,-0.2035313958043042,-0.07760225066993226,-0.22195716998057205,0.2268365484702741,-0.10657350426142034,0.45218880824760915,0.12363701129188366,0.25884652833906513,-0.3603684205983653,-0.3758007240441864,-0.2696434955934717,-0.216909305385839,-0.3006165435235532,0.1392177446004444,0.16140909497343472,0.40043727849695293,-0.42963454196139117,-0.408267775185971,-0.18212330470532798,0.012086444620991761,-0.25024588244116197,-0.3341627378888383,-0.3425497222889269,-0.3250800624998515,-0.19322797736356592,-0.18690182979761494,-0.29461446159457855,-0.26605021513776467,-0.25315725312861537,-0.30676077851406036,-0.3127609090542114,-0.08665877522341978,-0.03069316002513897,-0.0969707736935554,-0.22746513917219494,-0.1825269688545876,-0.17475936958702962,-0.1734634840734495,0.3471618089164643,0.5480816193974053,0.2972746468494516,0.777577595627324,-0.33234068691343355,-0.1646058729415619,0.06456142309412326,0.5757224451064056,0.25986222393217195,0.3160125899264818,0.1327375420471901,0.4005949470903335,-0.10204378895377754,-0.19121389045161216,-0.3765761955417607,-0.2004753920764465,-0.25634459563418965,-0.20481694446644488,-0.3129865902050586,-0.24679641119076304,-0.4713924372565702,-0.27187178558480607,-0.37075602661009927,-0.45488715937265717,-0.1946660985684364,-0.4202988613584192,-0.023489905993914217,-0.08981852004600469,-0.14009727072527645,-0.20869137799144646,0.2889182798399355,0.41276316554572,0.21176094127289052,-0.09267721778410842,0.23140395689428883,0.10738934218627609,0.31014827890082924,0.18203776216422432,-0.18250078181360493,0.06762024873874262,-0.17186074783194524,-0.17253598227591374,0.2581697912145971,-0.10767167374661708,0.0916237978834883,0.18157505214990996,0.1623547655350624,0.21362305262558343,0.11497830496018566,0.017681018227897555,-0.05823370644537514,-0.06244382303212112,-0.12767635755724507,-0.038351485405718706,0.023083037893424443,0.038348468926842606,0.25417945263494346,0.08695150530013722
0.11267114562292375,-0.12655077622761077,0.07087703406013049,0.33664100537273023,-0.013665902798422206,-0.05466111546938966,0.05114803777001839,-0.15400762730229248,-0.168828739799389,-0.12500257748312765,1.0,0.10144042502984942,0.5172169475249189,0.22812671112021163,0.386275877967925,0.10818639680958518,-0.15499511851821163,-0.14067491244184369,0.06983344822912108,0.16482034939458612,-0.0702508851084866,-0.2666875608979432,0.34972498499176485,0.3800601956345167,0.21449973284714124,-0.07126863122301766,0.056840606559678195,0.05940983428053235,-0.017999457183423107,-0.2377658791125141,-0.21098823220993318,-0.2539282198981451,-0.24234084070081763,-0.10671981826108548,-0.04990209629304113,0.06751074031155739,-0.1318594334903638,-0.2336469262781799,-0.22217776270613412,-0.2465723956438919,-0.1947584276528999,-0.25727801247401566,0.016058291706153586,-0.0074626451225113695,0.0636755891661667,-0.05613916057139465,0.04134076705138408,-0.026601047338652577,-0.02451327885524305,0.003919264516721671,-0.04168311209489668,0.013305775759599885,0.058393119809635026,0.037743362372063854,-0.06725672847672964,-0.10473000188428903,-0.33931089863783964,-0.13760434449723197,0.19217833918001406,0.14940135379240135,-0.19387096513968652,-0.06710463641230517,-0.18960648948075373,-0.08443806130482055,0.18420227696732933,-0.03940826421696204,0.11688137016226552,-0.10458353019868542,0.108899335872967,0.12498587199048028,-0.1603797313967704,-0.06935175061471607,-0.16872886595297107,-0.241493754477731,-0.12390850802517993,0.018649683174409362,-0.23723690393770377,-0.34098137059155886,-0.11188818651311487,-0.14326199939556497,-0.11246417631726541,-0.1621394740944167,0.42256249421660735,0.2222724093859683,0.36223113394427664,0.09002432466918935,0.17126632446543802,0.30849251942293154,0.20731359452949658,0.0535937503721642,0.0646456069501121,-0.05563623282031154,0.07816290224990122,0.09700077393443388,0.014549921091677156,0.05889704467276314,0.07556022663140241,-0.06867415163753014,-0.15639627013550164,-0.14254686153287946,-0.010176697077561216,-0.013949074235264248,0.030910093710714435,0.03726507845583066,-0.05263120663791747,0.046913547441680706,-0.018119955470343965,0.14734076137313473,-0.12806943958711975,-0.19084008699117658,0.013147056111871601,0.034225546077233146,-0.14468262347369934,0.186871055611796,-0.021631917366477238,-0.07532032200817292
-0.005473201178656584,0.11652957084682287,-0.22322978537680013,0.3154638219721934,-0.2482584305226549,0.056628307361285476,-0.14061174663195714,0.3158042576945769,-0.16351922955702927,-0.03807687989431084,0.10144042502984942,1.0,0.2579705136971068,0.7177371245583613,-0.19185450997382014,0.44621996033883266,0.017198888309041527,0.12517876783395754,-0.023694826720276303,0.06433556576067896,-0.0403061674926519,-0.1100956918356793,-0.2931657331482788,-0.06474583867058138,-0.11406751924648034,0.0809205440078197,-0.03987863381564921,0.09542462760555379,0.1578803496419927,0.22811213851093023,-0.062065063319214187,0.08693585710138409,0.10380534120744604,0.1775889599097178,-0.10027320072235042,0.003929653927652103,-0.06273281511465201,0.006239303059361882,0.05268656885417996,0.0925951660645345,0.15589498663827542,-0.02923359674092394,-0.3054386259838508,-0.06937599772966292,-0.28889852780985725,-0.15909274601119142,-0.3229436202760082,-0.3031530612988776,-0.21926670223522915,-0.23475916889358356,-0.2367525645973529,-0.13297228856178725,0.06628071928840068,-0.13854332488088672,0.030984315996862886,-0.1185575573141941,-0.14070749613620404,-0.29210033161529325,-0.05900829119117405,-0.1836466834586665,-0.03819138374345015,0.06437300713824315,0.17746074605093953,0.1581819466083659,-0.06805315885472522,0.18923324924710788,-0.09379633257411175,0.007575654215013952,0.05834300316779623,0.0362261306705493,-0.032356086925395766,-0.053679248658722756,0.12247773532308265,-0.1480258905853462,-0.07291592026486095,-0.08396216239548991,-0.012401338630354985,-0.0705539717322784,0.0024497731735818457,-0.11207802720780904,0.26378697599044837,0.014239556220806644,-0.10580704233559352,0.3526367202350273,-0.18484241193838494,0.34843568470737085,-0.09606972875387791,0.03336036594316017,-0.1807253596326138,-0.020561363298779906,-0.14227373142334282,-0.2637167897219836,0.049037879760954084,-0.060802005189456956,0.14279145521126577,0.05792453793199847,0.06964332743734916,0.08017023994954897,-0.15894119283238084,-0.0652603419758622,-0.07002097962991186,-0.17326624944843805,-0.12636266511781757,-0.14960858602254057,-0.0007550276217117983,-0.10829814973335859,-0.08458621491596886,-0.01553762959641102,-0.03062855114578237,-0.11892900018575292,-0.05641132271242651,-0.05394527013487795,-0.0901120034850506,-0.09214653124588786,-0.023194904379336037,-0.13678939568370135
-0.06703225456986578,-0.11802363254551067,0.11837526740400735,0.23642574269013789,0.10250120433633997,0.19937759939600064,0.1381904652779311,0.07797377813046527,0.1539027519463258,0.18731025789959177,0.5172169475249189,0.2579705136971068,1.0,0.4477542689090212,0.5625292874484632,0.44412279896525847,-0.30595776638716443,-0.23767445223197836,-0.011351712717768392,0.06930090403547458,-0.21395063483942145,-0.3076632857280981,0.15616162246537174,0.2234616823994649,0.04047525461263413,0.19235114562725802,0.02062341180344229,0.10856690674390258,0.07884644180029644,-0.17300781412544905,-0.18700367487726569,-0.23610785450049931,-0.24571406817303784,-0.046216890504944604,-0.09845496183423665,0.09115451927529443,-0.23282351175569485,-0.4686990232364891,-0.14018185683471932,-0.15832150840711873,-0.12593378756043655,-0.24702243171286387,-0.21252972016452243,-0.17713318293246663,-0.09859058878726777,-0.23518448411533144,-0.23285569972583706,-0.23499233722730964,-0.2308856511214385,-0.3755391841320232,-0.26635869189851197,-0.33040292042313085,0.13914695645721717,-0.10095885558304776,-0.10306629762291433,-0.3586556101328972,-0.33294132893560496,-0.2214161861128834,0.5604543666367897,0.22361270746841475,0.2840827466203032,0.28172116410036707,-0.0027320145264861572,0.03005913931216327,0.0728250543749898,0.08484888469720603,0.2710908235488179,-0.1488621775851254,0.17080302847735057,0.3211184915887465,-0.06250050200114626,-0.09628296123444068,-0.08862759938517073,-0.16586601158019687,-0.21240048220786414,-0.06749290113620014,-0.12265538183596017,-0.25009946777303155,-0.38593512247502,-0.19820555168262052,-0.2092329258642601,-0.26105234048500736,0.23418403756295336,0.08120717888430264,0.06700703942170413,0.19547653615865326,-0.17297709713556633,-0.018488669087468646,0.2745727862746274,0.14097769743161573,0.01126793495212854,-0.09375625442706619,0.2027644556207791,0.312169327988398,0.06441257527451509,0.105014730833563,0.041526344375989684,-0.04538761760748555,-0.3423813270931696,-0.1879858520416444,0.14299669215560978,-0.046345355680479774,-0.010966731289133934,0.08117519005264599,-0.18095741731060436,-0.11336118905226057,-0.11056388868932178,-0.0979312425571671,-0.12231202122651862,-0.24674643350798375,0.0759246155657092,-0.09904223279925709,-0.13007721169916722,0.14753362161125855,-0.04734237887831782,-0.14896731860507179
-0.0341629356866178,0.15050968465154024,-0.21699545617722088,0.3826904729039046,-0.17730392073836224,0.1997378875295615,-0.1297380021985855,0.380313209814464,-0.1115205612685523,0.12295886223921497,0.22812671112021163,0.7177371245583613,0.4477542689090212,1.0,0.04263086275612197,0.578923747477947,-0.1281511774600983,-0.13351322158090706,0.009203037057239261,0.02934659976983283,-0.3101502227290937,-0.22245306485983168,-0.29397796523188124,0.05051101858505189,-0.2337961400386537,0.2052558563131065,-0.07129213961371579,0.11003835905800755,-0.02894201955540944,0.04343566581188782,-0.3609496077192879,-0.037076591837412,-0.07668903468777254,0.17972648653099157,-0.09011900739390856,0.14918238098689054,-0.23492935625816636,-0.28908496261955235,-0.0446199749280818,0.04387665355466827,-0.12610919355277442,-0.2748566246552691,-0.34302314434133435,-0.14078543216811304,-0.1471127331329067,-0.19365739917332825,-0.28874956480449443,-0.23335113089271725,-0.1314875478324552,-0.23053649315370894,-0.2129881755340658,-0.08099925991073814,0.1979510907815841,-0.06560538832707306,0.07053748594544425,-0.0651210957707284,-0.2739707922548655,-0.36016446258315377,0.3512563208076629,0.17813577760941654,-0.014241186783976961,0.37177418902535586,0.03594638921013209,-0.02856337213455701,-0.24245652720728553,0.25199180910120544,0.17088374317200217,0.0576164582227656,0.22887699868359818,0.31610004242070716,-0.08593413456581382,-0.23180810342679053,-0.05734562148383499,-0.28195380191627123,-0.20422628036937612,-0.22455195653034637,-0.187312220144925,-0.21389189859020732,-0.22866031190074834,-0.24740624851098722,0.0020189157638058246,-0.21356443874644074,-0.15702939230032287,0.259008154899395,-0.1503342220112659,0.07801900063535444,-0.1424765675264693,0.0843473279853991,0.025991839974303352,0.2618336828791413,0.028720841048746885,-0.25313519918018557,0.11963588607236951,-0.04904639169607065,0.1774979979242569,0.003102269996152047,0.19555128360324067,0.09417915373598522,-0.17648520267052975,-0.1994811563706173,0.07475497760453564,-0.2829464368555145,-0.2595818680754871,0.04776071009978916,-0.05672651090151508,-0.2502264896206041,-0.12121847918081913,-0.1329268244737137,-0.16908953528438592,-0.3138045537721755,0.14908529537262188,-0.04806920395282091,0.1071491005262773,0.09200275774740899,-0.08363711018103717,-0.22791444587601972
-0.14218348302223796,-0.2548364539865637,0.07818477869219508,0.15117662535881915,0.10742020251589847,0.05494823790896582,0.0030499741132188635,-0.1702145080820013,0.10489819079651841,0.20094923665258355,0.386275877967925,-0.19185450997382014,0.5625292874484632,0.04263086275612197,1.0,0.49459771560555715,-0.2972221121467117,-0.24096710155540452,-0.23791184530538412,0.0781673192059021,0.037618518442156336,-0.2377482570307049,0.28371930796664807,0.45209612919143566,0.13859283858348606,0.09577636759122886,-0.008517628070365975,-0.022850138311988774,-0.032782174960423134,-0.257088441469151,-0.20507691966001104,-0.2978294811580466,-0.33971612446436456,-0.28950144445338516,-0.057769444431398226,-0.013107213730775584,-0.15688356348275298,-0.2172098706561965,-0.10522409991750122,0.0024883624145860864,-0.2185273836060342,-0.22687878414658116,-0.21605186287373268,-0.34608430868376955,-0.24574278311540954,-0.4263886496391724,-0.1631090810512456,-0.25376942600691366,-0.03384285168919621,-0.264979182138227,-0.029661132302645797,-0.06986952823742405,0.2733129965210825,0.004425225799451407,-0.025591166356609442,-0.22041671779735306,-0.17530501172340376,0.0003252991515887442,0.6346771557119576,0.3660657517949449,0.2780291479124763,0.25375139540538666,-0.249087529550458,-0.1678101134097069,0.23578321728596288,0.14381541122757663,0.4114751399327296,-0.17292716914185757,0.17594950132797493,0.35475656603587263,-0.21051577735970387,-0.11139135117045362,-0.24095443006018427,-0.2155407785260986,-0.09047322145648491,0.07254280465148431,-0.13567749131155643,-0.25388364192309537,-0.3059304818195523,-0.15241914190901723,-0.37454701311558575,-0.24358741053085053,0.5370337053384604,0.08946908310892987,0.16388808573807423,-0.09859724040637223,0.10016606843887967,0.04520889953288041,0.5718005429639467,0.1489275010097474,0.09732087759082254,0.1881612875475796,0.23312371720339897,0.4750408044147465,0.11375933404962012,0.14449818652868737,0.06326834030092174,0.1117904618847389,-0.21103796938058003,-0.004003794050474942,0.2709468763676455,0.2671315000151864,0.2034699680672431,0.1791817489294889,-0.12927500504248882,-0.04794676582380594,-0.03263491106768896,-0.16199145445562885,-0.053992362753815186,-0.17874988152012114,-0.022567234336897092,-0.09811816471300158,-0.08966142372668233,0.3638433094546242,0.032819237193090635,-0.0800653933869432
-0.10798478205951607,-0.06705766787123946,-0.30968132259732023,0.32092464514362073,-0.2661235372631755,0.08300977760066053,-0.2164804822587834,0.17834458763141908,-0.10305177038676192,0.2342387227914354,0.10818639680958518,0.44621996033883266,0.44412279896525847,0.578923747477947,0.49459771560555715,1.0,-0.1322596728467637,-0.0264161190742245,-0.18857686099010443,0.09334567450985447,0.018821957188888017,-0.28310778373936746,-0.23853982958885198,0.2353532251145215,-0.13418600431307637,0.13361400855148226,-0.15051656505646674,0.040497904840117234,0.1432584094807743,0.0005232095132319245,-0.3274435440296352,-0.21123756642290892,-0.2403456291086027,-0.1238832321370854,-0.21242293725069208,-0.0634602914231417,-0.16684508668008194,-0.18020865301611214,-0.053372618945168336,0.17422556458340258,-0.060095058165337695,-0.2643309470351709,-0.33147289330716934,-0.2961096807545337,-0.47132258856058695,-0.5045892761489974,-0.2792849108967314,-0.34621355520047037,-0.15834064899110076,-0.41639074832483486,-0.1542225090062519,-0.1441783168899091,0.13911584139324562,-0.1889420601652106,0.08089042943348752,-0.19519617388899616,-0.08955618670906178,-0.21876766360235475,0.4259229690216743,0.24565256126986676,0.18064493117070768,0.4109612127979123,-0.031773907728086,-0.11248969668085683,0.03808509296193641,0.34586545337004954,0.32191805329773004,-0.1715964634290402,0.2957052727248094,0.41902822903978937,-0.09153817558640961,-0.2332957496583145,0.06387030959585151,-0.0904823146403759,-0.008272198139689924,-0.06534245246742021,-0.06333900327030204,-0.24224621247692457,-0.21807593998897487,-0.15989978395072926,-0.006754175631626391,-0.11484221192752007,0.2921618267848255,0.379219928244702,-0.1241391917875785,-0.029815767862567684,0.05998990311829822,0.041376171425941154,0.3456132170476196,0.18209164873615635,0.131393330800816,-0.14865128264254418,0.22645343827799574,0.24329087536022695,0.2876619452833414,0.2900944757438367,0.29256022587371405,0.2620070212752201,-0.20997426039461745,0.002645866145508421,0.2154928918818652,0.08091863619589151,-0.14540065143540434,0.19008587541263883,-0.018896343321257177,-0.15038617193502804,-0.23801153523037163,-0.2858807491868984,0.042416496728874015,-0.25396267305385456,0.09401349214929264,-0.07757616093465382,-0.028677726860392393,0.21997383414529137,0.06413268931812267,-0.20969008054163424
0.5122314714085536,0.4443402213180589,-0.422669028068504,-0.10132567931585136,-0.2520838211404518,-0.41125298614320244,-0.1656322137273091,-0.3234460355596499,-0.2813572230386002,-0.4813088443606968,-0.15499511851821163,0.017198888309041527,-0.30595776638716443,-0.1281511774600983,-0.2972221121467117,-0.1322596728467637,1.0,0.8255194763864674,0.2896025863763964,0.38124540936412304,-0.161948848318583,-0.0507024649497554,-0.27760088797654886,-0.598571626794037,-0.299431664067293,-0.522281341597764,-0.20034324061802009,-0.3599590293714827,0.6085631811337566,0.651145225321087,0.05935559637518316,0.140423847927097,0.4121285866080165,0.057605772822589045,-0.2528953156919076,-0.3121956261534554,0.4491775307548863,0.2613219461942002,0.091518176664363,0.01678175522788109,0.3227779430041142,0.38997789515698744,0.10963936778360983,0.004104054554869322,0.05686932968409025,-0.014483244218440234,0.11321811615118618,0.09950497403903295,-0.04332966816730926,0.03134775607018022,0.0023316079957741505,-0.1428409780297914,-0.1253623419440302,-0.009144360664124008,0.04011344711100131,0.06022027371485527,0.610850696311754,0.39921827342157257,-0.39391837637914945,-0.4858389737564244,-0.174267669470094,-0.4546218269462687,0.5848640848449449,0.5424851065806721,-0.31966959615876384,-0.38648462909723963,-0.4900688857099299,-0.46224569651449593,0.07502417946535421,-0.25192175022820495,0.22403848195988088,-0.1521735832030609,0.6593909211437066,0.5445070542915875,0.5464918723371803,0.2594001595849259,0.6686226729667218,0.5188524023948494,0.6647146511624727,0.550859705987642,0.6954685032917309,0.6084134761304637,0.11789385118783512,0.3008138958464686,-0.06011052678514398,0.023835307861756264,0.06386275190562556,-0.05909925773694596,-0.3409001436613556,-0.40501542331839474,-0.10452058968607383,0.06516544528562761,-0.4003537391303607,-0.12748094559408843,-0.03642360386526204,0.14081928746421943,0.07466107468349507,0.08438982666257018,0.282360071095859,0.4331432555885946,-0.2612503175803975,0.036356835772762816,0.0021499577601343683,-0.1573061361818059,-0.13708849764102438,-0.14309557506650553,-0.3154547405725573,-0.1615155810797833,0.14835419206754488,0.1329606025581753,0.16206963990938894,0.28216054959118286,0.06237750365597738,-0.10427952421392833,-0.09443959453146694,-0.11889560739911788
