1.0,0.4922521383470971,0.12528148526191868,-0.5101946933702862,-0.13951842006968632,-0.24085999357078558,-0.10469384379354887,-0.3691969109163657,0.2936662652542315,-0.17888607010567303,0.4267065220298849,0.071459801814485,0.3272199340791593,-0.0859742222304185,0.27209576204161945,-0.1250996336243751,0.1827962017602922,0.2227379411140666,0.02411902548561936,0.12981869010650118,-0.2964287254221802,-0.21202258872634877,0.05626025916593663,-0.2620962009001359,-0.31531025238804555,-0.22282859597940008,0.0036523727956365884,-0.05906207707083836,-0.007287768250843427,-0.051755467190178275,-0.3008068819677443,-0.4517185474724926,0.08998631395548547,0.10078805114110828,-0.10948165415597698,-0.09126619073937818,0.004188976941506905,-0.22977019802516446,-0.13099665351601464,-0.06422825931907154,-0.37198318675445075,-0.13848820482190133,-0.1390202641253294,-0.29852880880387905,-0.07209788831977525,-0.23244090143452623,-0.03946268989952706,0.010351111623664228,-0.10329010673941214,-0.2353816908930327,-0.23087889887227847,-0.2621416623126932,0.007263964199462487,0.0033788721694543123,0.16694577221902626,0.05098123775785015,0.5983118247398681,0.6038037972335893,0.07296413310883547,-0.08725475214795785,0.31869249866122734,-0.0270644436540404,0.19032639576634422,0.2215193374033922,-0.05298597045661153,-0.16995658317901602,-0.0825495717783995,-0.042205926076847484,0.4692050291884866,0.3473034531022653,-0.16808184988221234,-0.255918744389423,-0.09622996044064935,-0.20607086953938505,0.05727655490743051,-0.04295025038261921,0.12693091450849847,-0.097482946730197,0.15888044219912578,0.23143423214306486,0.19786948386212344,0.2942245915683438,0.1882360043699746,0.008580349120890675,0.12254097128188753,0.01924000481205104,0.07189421679638933,-0.06630660874275088,0.013531270152432879,-0.043810361568244395,-0.05804009240523702,-0.06044807278694931,-0.3173535843375902,-0.08768182352956329,-0.10435201768371137,-0.17778150963553285,-0.004426689595163485,0.07682230001361372,0.048086209533041636,0.2293451548828875,-0.17656920545155985,0.1610362508042037,-0.16778599664456934,0.0013180164699143067,-0.11694051428088098,-0.2548902995342998,0.11075877275883121,0.01390513709098977,-0.1755926005586634,0.04379761251528204,-0.02545222725122969,0.2339279359760249,-0.03464332858176761,-0.08032723441377239,-0.17281399311849382,0.03993828221338732
0.4922521383470971,1.0,0.22439630938471025,-0.18145060508401747,0.2165029924649197,0.06942498755903087,0.20952966395564912,0.09777450643971605,0.3054020502700602,0.11574073389206112,0.05824765855901391,0.1193468409130064,0.06596060165336534,0.09001337357771384,0.05427514546764675,0.006097954381336464,-0.1794688585465744,0.07916646451821067,0.06567933968318174,0.15086962785242625,-0.2886846471186669,-0.4089358292509074,-0.2590292474348203,-0.26625165522153504,-0.0682801148524731,-0.15876948568503338,-0.07796392462929753,-0.0606781062399433,-0.24155507059683823,-0.08866093770396204,-0.2707775613102206,-0.36432610479931504,0.1191230279084143,0.02140674673663109,-0.13396252851040535,0.0019508927609863023,-0.3788720900048205,-0.20822506028421114,-0.14900379580911324,-0.08980721577468524,-0.3206204260221095,-0.2732387276132152,-0.15760164868467003,-0.37723626287141493,-0.20616454394445713,-0.3968690560847145,-0.13534205298829552,-0.21889874035011675,-0.008066940141072867,-0.22136173256303762,-0.1435159170286483,0.13310092966262302,0.3637684879716521,0.3389950600286865,0.13254886087965673,0.01862945562738761,0.35822125550249784,0.5206214695754992,0.2814125526310873,0.30445669527676866,0.24999103272074644,0.388952226373005,-0.12739522557885122,0.09580470967124752,-0.1368050514779162,0.14569747744294936,-0.05955612387187719,0.03692994717901752,0.5569079701080318,0.5283490949398357,-0.12354640480600534,-0.2041794031826752,-0.27180417532439843,-0.3097954431910233,-0.20611260887380625,-0.12644987005451863,-0.31177179276866646,-0.20697137415749756,-0.17022157133188415,-0.1325803349032854,-0.02703733396901168,-0.08492362484300424,-0.06578073030298322,0.11645969982354755,-0.04999726034349643,-0.24585584493833165,-0.215756219305347,-0.2791415313985929,0.025730492409103904,0.2384926434140996,0.2657105787022356,-0.08884590108771219,-0.1950013290567425,-0.12053561422537165,-0.19530460462402016,-0.06180640294700695,-0.17881767779480529,0.07053535113084619,0.065033320133141,-0.17891467694193036,0.046403486436459765,-0.011929079542645861,0.03987960605359856,-0.11517118752319576,-0.04742070055252627,-0.10329104947355283,0.10262951903656665,-0.09902359356945334,-0.20825358931313126,-0.13589382579390702,-0.09261742312519183,0.12871589172298306,0.09371023773064972,0.08854180330102038,-0.09159994851310205,0.02354658873823416
0.12528148526191868,0.22439630938471025,1.0,0.025932536370867232,0.5114166803933684,0.19137605939008656,0.49942036789364236,0.23590635273489602,0.38131252032727614,0.3343498444083941,-0.08317253429527548,-0.012303324045536477,0.10185846989916948,0.015869857289062417,0.20847069376271596,0.0632126778678816,-0.39623183747398155,-0.4638033984509508,0.3176184424702084,0.1869306396025484,-0.02262857092080745,-0.14802840479025903,0.3273972274964769,0.27834727016962213,0.27960257258782967,0.19235233076316238,0.04783393173477014,0.1121509399383282,-0.4210637111599225,-0.48680842364959626,-0.017854857808222744,-0.2623105956503677,-0.32164089911393123,-0.05754861280017768,-0.07432873336076362,0.0821318057644889,-0.39031463130274435,-0.3634608466036109,-0.1954796464130194,-0.2723219354134605,-0.1744803011023174,-0.14125393298349065,-0.2314221738620619,-0.15982934510729635,-0.2182274767361601,-0.1237148948101346,-0.23651137412638487,-0.17006076518734098,0.2674934016463342,-0.15170789457155356,0.3935283988979948,0.09346058875308158,0.16422074491113461,-0.20891333074583487,-0.4046705507642094,-0.2698574634973919,-0.26469801886362454,-0.03219915306060601,0.05159292416953246,0.14417114122855776,0.015028606579920336,-0.020422240175892184,-0.2528482342490252,-0.21588521615163878,0.28823743232247007,0.16394987827081386,0.10429238478627201,0.4385100752501881,0.24990106488774227,0.46398395176214013,-0.009712649861029904,-0.07774433036776744,-0.48295060596510647,-0.285655102763749,-0.2751848232234324,-0.05569773093945786,-0.2075266449779916,-0.10431690234388935,-0.2898613355424755,-0.2676968610894009,-0.40847327005832124,-0.4286744983188485,-0.12157990245501289,-0.04356636741565736,-0.15174302338571885,-0.003975824811783167,-0.23093787166990493,-0.3049548126626697,0.36479102728269563,0.1658231172716105,0.24378070843605618,0.23244477510336248,0.16710833860164695,0.20670944770106833,-0.006502043761275475,0.18389145813470895,-0.17500900926441484,0.006863244845288618,-0.2790516348436866,-0.10182792112469444,0.0032555870134587986,0.05647343999395602,-0.05130481521925936,0.07989068886695183,-0.14151704245070468,-0.09622877391599062,-0.11336018038576089,0.1829642026667148,-0.02223708178809169,-0.38352312861157895,0.038684282146372005,-0.050498027859788235,-0.41332485763072185,-0.21709231019839556,-0.13224637190703256,-0.13218762576240892
-0.5101946933702862,-0.18145060508401747,0.025932536370867232,1.0,-0.010688973994411956,0.4720985623423349,0.12344396830429043,0.4874800887944405,-0.20669018327892713,0.3033424020495149,-0.22762150349915866,0.12970527375451094,-0.12214106479787008,0.17274264347088475,-0.03759388964072164,0.09946671590151446,-0.30424545667337877,-0.307678625875542,-0.17963337949476652,-0.22113444570885457,0.16819352010924377,0.2526558520367612,0.08916208198812081,0.3707261102255062,0.20626323924856127,0.3409031761239543,0.017770125871729485,0.23738302692992858,-0.2739953925220103,-0.1750887256162741,0.009872836239821952,0.21047497027851828,-0.23088984602143922,-0.1804112193673019,0.0014248034724656626,0.12375522757674942,-0.2691645091400294,-0.02100724807176404,-0.15517970124882866,-0.20773235216115343,-0.04203142406908679,-0.17033548967018963,0.013512330610068929,0.16487329316482957,-0.0016892186008548914,0.25357817685210454,-0.03744667411164426,-0.06662603676633357,0.07638202819563968,0.11505676695866901,0.28331342994841247,0.27794048817441264,-0.009864099543133662,0.07430616567451695,-0.20966238587017447,-0.06073061974620861,-0.42930868715164733,-0.4496907889841716,-0.12306537786779594,0.06826328712416305,-0.22788345272285207,0.13620753828888488,-0.32941470736143896,-0.32777877094881486,0.0862214691592594,0.4130852969478309,-0.1686605779202833,0.09726110375395774,-0.3050455471369668,-0.2575809166138166,0.018739205277439875,0.18417380341149142,-0.13241186457884205,0.034916898331949546,0.001633757783657717,0.07344650570588387,-0.17014615329099617,0.16429200891024062,-0.2520189380434984,-0.3633125872981973,-0.3504773315839836,-0.38675539559643746,-0.21530465742645893,-0.11295948021809792,-0.2103547351922643,0.060825508205077504,-0.3206904307899551,0.07194526504531464,0.07338811699572254,0.25130540408795493,0.10294052901463523,0.12348976791722423,0.33375782320267133,0.03946800574838129,-0.17391096566142694,-0.01909767992586495,0.016738294198434416,-0.09390479020506591,-0.09713503747742781,-0.1420064101642027,0.07535597836294725,-0.18405781640298585,0.0772880857215441,-0.07060808688684743,-6.183650012791046e-05,0.26283688890931045,0.01656982692358533,-0.23277997604690537,0.12187600255907519,-0.07911627822813722,-0.1253916462939762,-0.3167931494758275,0.12015797974139758,0.26183900284619077,0.2822515920695764,0.10439502758277404
-0.13951842006968632,0.2165029924649197,0.5114166803933684,-0.010688973994411956,1.0,0.4799597842878339,0.7714544374482591,0.4505772648146152,0.35289959297824386,0.4642772040276975,-0.12270111920880204,0.07057391128327933,0.1455455205114473,0.34027315616922443,0.015409518619335497,0.3204318290309853,-0.3665681369909186,-0.3037634897942219,0.2692160721226374,0.21884663389769307,-0.24719688521021485,-0.2936609454927022,-0.20288129624686213,0.2825633963606578,0.19828692094626887,-0.056050569438456835,-0.19915086703274062,-0.1791827581241718,-0.148279044005223,-0.037195367016496186,-0.11193657822428203,0.045186032264416226,-0.22101313435139983,-0.0672238906503446,-0.06887136995811567,0.2611601106815704,-0.27340144707539915,-0.46514280438466354,-0.23067769740972122,-0.1256180765388198,-0.21570357391574982,-0.036530249977211146,-0.4655823624216532,-0.39357458319619715,-0.24314300696295194,-0.26598835880455957,-0.4028818777963529,-0.4335434319620433,0.39103830093014685,0.05459984716719005,0.09637771220251082,0.2831700330984288,0.37576419074847417,0.1447337914715203,-0.22495393522512802,-0.18268348967344025,-0.47406090096001713,-0.2861119168639007,0.26023358700066473,0.33517616789429744,0.13373970332255905,0.33978911100230647,-0.2769330930706733,-0.1379827882190066,0.3915455857544213,0.37366862139452933,-0.08963043304332098,0.2793552656029889,0.08371973424776846,0.538793389351762,0.0041914122229614595,0.056020082455658426,-0.2879796313433456,-0.300204478184278,-0.5089791452162791,0.024251500412178502,-0.5271117542602495,-0.22300037440110398,-0.48001143362701215,-0.46016332527311615,-0.39867069554860607,-0.37885540316186234,-0.06134946098188406,0.09399233067521216,-0.4550331256982105,-0.42778953462583524,-0.1935794501553522,-0.46456028964164875,0.1447255658942903,0.22365967708626466,0.5158356527874474,0.3048299144856453,0.28789779147502886,0.17076488596134404,0.03659125718705725,-0.11675536589460367,-0.30575060643767793,0.021413558452686644,-0.2802855733202051,-0.34202285883531836,0.35677083883238675,0.032418843987623853,0.13591695159431785,0.25237603272538645,0.07018145689835424,0.16334515537497327,-0.21655807246073402,0.11450592543771544,0.026545016187737466,-0.09320511249813562,-0.06403121808493728,-0.2750507868978427,-0.48540555969039595,-0.047403865993820356,-0.0532415520824536,-0.1950670651462175
-0.24085999357078558,0.06942498755903087,0.19137605939008656,0.4720985623423349,0.4799597842878339,1.0,0.3322563396987229,0.49443938938842436,0.11949293430933863,0.6339278503762027,-0.2415141471272372,0.06633057393809208,-0.13122648947897061,0.2680615413509946,-0.12223418576334441,0.05378568437454816,-0.6197840258266698,-0.4970041402929409,-0.0807016680930437,0.027552141416659216,-0.10430103265673986,-0.11196712759848265,0.014374676454345947,0.4866737100244425,0.2618651927330021,0.39121433011337864,-0.05771444748617863,0.1846861671173627,-0.5898020061657954,-0.3868145590647769,-0.3085921666468028,-0.08482452625182245,-0.3703844948467786,-0.2256196426038773,-0.010405914611362215,0.47884916542838096,-0.47251794243121564,-0.3961766852737098,-0.3407653300003333,-0.15836215669784715,-0.28663537676442835,-0.1883174366784185,-0.24925693250757402,-0.15916216902275848,-0.05190331762961146,0.08486383093794314,-0.2671590159468735,-0.2330826558841177,0.43252268760968937,0.2531014258593626,0.3118254783648394,0.49919537531066405,0.2822351902266044,0.24102197735993833,-0.17016848924441286,-0.14252584146258873,-0.45167407715488406,-0.3430839969149314,0.38536767090875745,0.43824994716681615,-0.09122107080864952,0.3557511229962327,-0.5231777878576704,-0.3510274358213412,0.11996080970751985,0.5361201362748118,-0.012115579014184146,0.5129629857761105,-0.006738001967476982,0.222380607568445,-0.04049820374050261,0.06012502233320073,-0.5164114941521886,-0.2535115196691789,-0.3141474968186219,-0.13176281208814553,-0.5094788271375085,-0.1721725281702336,-0.4332566553373081,-0.48096693888980446,-0.5696686699067565,-0.5944882953013446,-0.2727389887212109,-0.06922060732119717,-0.3008282033156886,-0.09374540856700198,-0.27879212077171306,-0.0564596344944712,0.2705646061388596,0.43545333104193357,0.40497189557872865,0.1209381593378749,0.33249597407565096,0.05366355396706698,-0.11093944606999348,-0.10220389911429516,-0.263809925537417,-0.1412459602434761,-0.22638024736097037,-0.26653981075294164,0.27558204722812146,-0.024863120809285492,0.02196730421451514,0.14337727180345397,0.1711757599401722,0.2965970267699444,-0.056402374837170456,-0.07103235099265535,0.19964258349380828,-0.06403835353184263,-0.061178012987215195,-0.42799353338360613,-0.16147994003170965,0.3072965741521764,0.17681313803435958,0.050592943403086066
-0.10469384379354887,0.20952966395564912,0.49942036789364236,0.12344396830429043,0.7714544374482591,0.3322563396987229,1.0,0.6430106216443828,0.3294638954324267,0.48226685461390284,-0.13461332736029955,0.23065880465011412,0.36796633477954044,0.48353995207449857,0.11867020326821481,0.41771140908722554,-0.23709618222970652,-0.28212868694829163,0.25043078968046173,0.059969365818359745,-0.3018975470934286,-0.20878275459804474,-0.30351340497020307,0.17922114663517494,-0.06880647123150163,-0.31037584918208194,-0.4090173653963094,-0.33604606494221456,-0.11412622920039173,-0.009137618929323943,-0.054746724936214325,0.0862300857113089,-0.12165196557443939,-0.016783536397641585,-0.19720245833794084,0.07640207051676239,-0.3074429679135282,-0.5232308174439774,-0.25901627863769,-0.3383515606502053,-0.2360007152287692,-0.1203808634892147,-0.4628151052755591,-0.397516591089473,-0.28847663116470157,-0.32726620217746655,-0.3711512728211562,-0.44034011045460336,0.3033622544627735,-0.0797494738244569,-0.03189966767438016,0.09709602467055478,0.24763340889598628,-0.03094774180350386,-0.3484951519828711,-0.2678855773412808,-0.43603705580908053,-0.3117373251371214,0.18560553251001144,0.23003518115353486,0.3716621305761057,0.35151367038540116,-0.036873177453892764,-0.06129509521746509,0.5746777437427109,0.5282088672293973,-0.26355840221063,0.04342844299413051,-0.06156634053863016,0.4147555116469276,0.1818476697250556,0.09462245405321566,-0.14640255899800816,-0.050880092357991284,-0.22937542211144818,0.20779724406728547,-0.4201376959047515,-0.10096484902258131,-0.47528461307945785,-0.4948876608837286,-0.36816260806811146,-0.37986923517257176,-0.10005164608255625,0.09934084448922711,-0.5061634729466137,-0.3866643364885844,-0.4095782962693515,-0.6148257705044424,0.04567011096585788,0.03607767299765498,0.37178358313636545,0.3777185133193514,0.2985009662470613,0.1351598448870531,-0.07247321070024923,0.017761494072020902,-0.23179436342034362,-0.0009343231587780544,-0.207897893835423,-0.3924240708224178,0.24589022449704587,-0.14480299058243165,0.18487617657091485,0.15050893356257586,-0.0997940960710242,-0.02837545093954895,-0.21325263286420978,0.04242695035233596,0.006492475626143532,-0.14807849779191298,-0.2367590884056787,-0.2876742782381243,-0.34529655023345074,0.015130607816996107,-0.06295877356214613,-0.21471996862116924
-0.3691969109163657,0.09777450643971605,0.23590635273489602,0.4874800887944405,0.4505772648146152,0.49443938938842436,0.6430106216443828,1.0,-0.018006490706482844,0.6386725389576989,-0.14702419933259422,0.24062057149744154,0.19397048817346388,0.5873668939093406,-0.040343304751090735,0.35977525958270323,-0.40497848785493834,-0.44143975964030846,0.06400499872633335,-0.30945496922382926,-0.2925784806338933,-0.22417007716991363,-0.24105887724714434,0.2287564294502755,-0.054528507204351324,-0.12953882235463623,-0.5062229120265804,-0.2687840513265053,-0.32447437113723726,-0.2030062099968352,-0.13769564479616048,0.04725303659029911,-0.3308172475440344,-0.24148414117462802,-0.3513232301014276,0.06106443337409617,-0.44379279236428976,-0.4506396100978351,-0.3243460091304407,-0.26195677345424595,-0.31939116909370463,-0.12923778422546683,-0.2543003628943831,-0.18068511564278897,-0.14269193713359937,-0.07285582704709935,-0.2716188972694638,-0.3496034930165461,0.3857185886088684,0.1414102878179774,0.0867224228400218,0.33096739854188034,0.18172825826972977,0.05293637007607618,-0.2544297960253195,-0.22135746565037898,-0.5149178936461173,-0.44647137455879565,0.09760908364567945,0.2895736643099343,0.1859319801243803,0.4894766778624613,-0.11962028365952229,-0.24924646050656557,0.49847094851737805,0.7329770508642603,-0.2894353683240799,0.1782013544211044,-0.1495979288935744,0.10391097181713813,0.00742916200136121,0.06618105990840115,-0.27398589097334175,-0.07084386262516157,-0.1759156302922787,0.05357434097178672,-0.461897498700521,-0.1431431171679454,-0.47216190984157747,-0.6136244733911936,-0.5402619080832227,-0.5428994467396551,-0.30165320190290096,0.09988346466856722,-0.5000199871239653,-0.23635624852150072,-0.5331617616947255,-0.4415563844967609,0.15021885746749214,0.1883553574010505,0.3750129467509953,0.38730007595596605,0.4927676886020708,0.13984369032046076,-0.23679037913093595,-0.019903200138372507,-0.2696311017869443,-0.0018751708029907674,-0.023971491248440533,-0.26872282062430775,0.3836505295244882,-0.07539304470413445,0.3296918096273382,0.1289948425110997,0.21575901822016674,0.17144705811327174,-0.038055196871113646,-0.12104400070853712,0.1507233489765134,-0.13464797397730222,-0.3541722429193242,-0.25968953982616183,-0.07962330031173248,0.2217026903225279,0.24163794981298933,-0.027245532969981875
0.2936662652542315,0.3054020502700602,0.38131252032727614,-0.20669018327892713,0.35289959297824386,0.11949293430933863,0.3294638954324267,-0.018006490706482844,1.0,0.2822590365722195,0.06452418341431727,0.15383056374918586,0.1569938940745963,0.10003312324947868,0.3582309140077483,0.13908721903980695,-0.20713645457370272,0.01182820504365816,-0.18262184356577232,0.16835701781665938,-0.17972748531536048,-0.11234887218120264,-0.1524021986661771,-0.207091716408782,-0.3001256870831537,-0.2472311989742413,0.040627211801901514,-0.07746629858514473,-0.21403233548432482,-0.09219896856234971,-0.3843661698834972,-0.30227345438257686,-0.1394177394202123,-0.017933851945606812,-0.12245222668705161,0.10999844399819082,-0.11978250860314107,-0.3587592077863154,-0.1639117615083783,0.040374534482242055,-0.2639706173183121,-0.07401512126819362,-0.2814183176206388,-0.29467249620074826,-0.13669196425387686,-0.16978970985793873,-0.08153663492742683,-0.09843873794230354,0.2992509081049842,0.05076863308526832,0.028901817368077204,0.12098030579960058,0.3239637768637157,0.06998241860456547,-0.04617070631688742,0.17887820929946444,-0.06580769360411551,0.10065376778262,0.21455942134037362,0.21579221423308875,0.16562272614668172,0.21040238247503248,-0.1091906772084727,0.011589102777501695,0.004776982314098805,-0.01560880445327914,-0.026384623088682863,0.09279058519380629,0.3451413234469897,0.5073456297171419,-0.10557806846283303,-0.12220079372337604,-0.19599320543705487,-0.4101462954510221,-0.44712758785004575,-0.20216461860193585,-0.2160166831191428,-0.28200241832507955,-0.12393559687565472,-0.09211509945383108,-0.08175008142398583,-0.11389499958354411,0.12287850906439218,0.11206420439304825,-0.22924782663235294,-0.2533913685538843,-0.0030773538788787993,-0.22333867737212246,-0.0730605624954267,0.12100240296113582,0.2534795782398853,0.04408456840198444,0.09869307734950375,0.065299758638005,0.15273193162690182,0.02402564425805531,0.03238589033504378,0.029962245158060223,0.03817988140701268,-0.15956878192221371,0.21790224892528898,0.010614945486310883,-0.20375312613672697,-0.09484091213832495,-0.05298534443006165,-0.12553760317706528,-0.04767882758598529,-0.06297261972430217,-0.18627449302618662,0.04969609764055328,-0.00836464206700515,-0.1615642211187412,-0.24604782744966064,-0.19807723428060575,-0.19912726316409696,-0.05148938065075487
-0.17888607010567303,0.11574073389206112,0.3343498444083941,0.3033424020495149,0.4642772040276975,0.6339278503762027,0.48226685461390284,0.6386725389576989,0.2822590365722195,1.0,-0.22468693573738105,0.08664982354478022,-0.004703263089299254,0.37832642660681143,-0.1035295291631876,0.11255099202075305,-0.4515324714800795,-0.3534687042101002,-0.07730070789551186,0.012644789346495457,-0.17429703629229276,-0.20905409921457305,-0.11418108139092921,0.1737806225481188,-0.08138517562734447,0.04524001312399261,-0.22416056524279185,0.025470478915791052,-0.5497390876236298,-0.47106522765780445,-0.4090040868697818,-0.33348200040026865,-0.3526643993163542,-0.29196105740007844,-0.23094715943216929,0.15921231759445426,-0.48725550523261574,-0.3881222611719853,-0.3397256378954826,-0.21573653090145453,-0.31242112688831053,-0.16423410843319233,-0.32355513014677273,-0.2518405907866039,-0.29637624319997774,-0.12143125360379708,-0.32831871920239775,-0.2926642210218926,0.5358916134642726,0.12959530729707022,0.3048307479717991,0.5071267911664664,0.39572591959252423,0.0735226608460783,-0.234837493452828,-0.20848160642385763,-0.5292497937668446,-0.3697566679846743,0.27086023067091547,0.45297307578252194,0.22673697900388545,0.4927609336765681,-0.23626875827304097,-0.22236283517015712,0.3372971073093132,0.5591537640851518,-0.11681807573173414,0.40735310200156766,0.0016833065674639266,0.3557525661230261,0.15464070758951015,0.20101517319409573,-0.40355914931941134,-0.11366480148704175,-0.2290466781979369,-0.13140503190336236,-0.3533890287202384,-0.06912780366968241,-0.3604393659588772,-0.5213168931479967,-0.510765805995771,-0.5474982384853672,-0.5125246946712344,-0.16170886307509644,-0.4602380883379709,-0.24281970646497297,-0.36702904295337446,-0.28685834255308984,0.24769163133012215,0.4803544645226426,0.4972152259863625,0.3205220636646228,0.4789820419149388,0.18727106269522614,-0.19383003552212874,-0.025823172194035564,-0.2067235729859108,-0.12248501557843164,-0.18245692511871608,-0.3104682166410293,0.38818522040115927,0.1605444358825354,0.153179929238461,0.12860770843292837,0.29841188072402947,0.14258541486765786,0.003860381026812639,-0.17201532983456122,0.1523427298308439,-0.06770135562161601,-0.20225435251747315,-0.23661300529993237,-0.17089630720898902,0.18001666579856238,0.16747670804729128,0.053719998525351656
0.4267065220298849,0.05824765855901391,-0.08317253429527548,-0.22762150349915866,-0.12270111920880204,-0.2415141471272372,-0.13461332736029955,-0.14702419933259422,0.06452418341431727,-0.22468693573738105,1.0,0.2815215317469078,0.6405278836052446,0.23983271547804652,0.3556365887189396,0.0876661201349424,0.13376716572892985,0.013821758514220956,-0.15109537126665468,-0.05143967149193412,-0.20520954563562957,-0.09253128903903647,-0.02259072992813008,-0.17597309488602167,-0.3310748279456429,-0.2664244747433031,-0.02288558244825476,-0.1465138737351665,0.30334004149185206,0.22685981632500835,-0.1562029634495095,-0.10149964857964751,-0.09869276688001,0.056687695996505964,0.12974908269472377,0.07286122151687412,0.10388013943047422,-0.12869311018885093,-0.11452596003933513,-0.008734658033957279,-0.41955551506979233,0.06544278150612753,-0.008267452549592687,-0.15746407019637926,0.12688986487678008,-0.05896250243543905,-0.010628229671903912,0.09788457110718095,0.04683270455418495,-0.007886692815637152,-0.14380488144712375,-0.32132401913212877,-0.038609934668889775,-0.1188143052299196,0.2829985217887254,0.08379881682952943,0.13077641769232323,0.13133586606673606,-0.2618398292623498,-0.39061903562251793,-0.06214273430188775,-0.2681999297394438,0.26734662752664806,-0.2544584021723318,0.018726246764989476,-0.13660924624083706,-0.039610039591595925,-0.06908858327999523,0.24599126910635558,-0.05247257993806907,-0.27249880229101164,-0.16711802105088175,0.16284276934831002,-0.17673464199466693,0.018736907212001587,-0.10992965499098961,0.0447805781949718,-0.09577219794429105,0.09440954998043316,-0.05175085755064818,0.22009099477985145,0.264181971879861,0.2970237039729466,0.03096702670213416,0.297471952340361,0.1387556889927992,0.16230883238577815,-0.10993419572120697,-0.03526647774094756,-0.3406462258778151,-0.07347265271236186,-0.03298709981611417,-0.2188192992889669,-0.044237654125786396,-0.2573724449782043,-0.28070230293634824,0.0910743047995822,0.3202373629663844,0.15600413466964452,0.2609146414894051,-0.21993170222225925,0.04563572167901547,-0.16783058180894184,-0.044902420448762845,-0.07198393000375286,-0.22751590927422813,0.15797708352553674,-0.03601938447750617,-0.1555372357424788,0.30595749898673474,0.03181568108491187,-0.01712602068415419,-0.16982022749201375,-0.06732467559556625,0.09943568221981443,0.022443803356121096
0.071459801814485,0.1193468409130064,-0.012303324045536477,0.12970527375451094,0.07057391128327933,0.06633057393809208,0.23065880465011412,0.24062057149744154,0.15383056374918586,0.08664982354478022,0.2815215317469078,1.0,0.4316882893843242,0.6586226991821031,0.49922917307737386,0.5074127922345758,-0.07967951497142847,-0.07555139733853306,-0.15159627365948625,-0.4586222333612531,-0.3506115657977561,0.009874511139302943,-0.2393086690729293,-0.06542266576978296,-0.3024216337046321,-0.2506819205458505,-0.21388928298316878,-0.16900418575770426,0.025968466920635896,0.19934984534776365,-0.1589748657108799,-0.11060040220684123,-0.08487783014183639,-0.23093911507984657,-0.09586145674788656,-0.02667292333168222,0.029912866686461825,-0.35939154027581893,-0.10781492577380593,-0.10352598805641029,-0.29473569813776646,-0.07893723634336045,-0.43375412052098267,-0.5154923207592939,-0.20092706631587762,-0.2954706957731179,-0.08544858959818175,-0.3715484682551583,0.2145332297494232,0.10756202356265249,-0.031420424037926796,0.10957292179035723,0.3238358367087434,0.12906012378332585,0.37810512629438164,0.18834892898982752,-0.00990847755651711,-0.11647832033897228,0.059013078792402106,0.002772269024585148,0.21010256239511513,0.14422867859436556,-0.059242483316280285,-0.11129838231265947,0.2121520583501269,0.28197993491248924,-0.3022576323447168,-0.32200442104152593,0.15650242403905062,-0.04966885268896854,-0.22288083499265812,-0.19738872138873495,-0.006663122160515578,-0.11311355317753644,0.0093587526351381,-0.07500604052485726,-0.08801373648344044,-0.1374943629394068,-0.18202871001926837,-0.024211966976237537,-0.020567880099841205,-0.09589713638937096,0.13746860754573617,0.49795010178340504,-0.12254931068787796,0.1989109728159167,-0.1277784614764429,-0.14892574916035264,0.03220553049021036,0.08877356088388413,0.04730031905470214,-0.09107466488980007,0.06497211736388549,-0.0940768593305166,-0.11658085768514496,0.08335889409191016,0.17389987601054277,0.22096670172234784,0.050505963107492294,-0.035412610109206794,0.028114387639282357,-0.22745969223892093,-0.0823470480509324,-0.2522843733481209,-0.09899483382158798,-0.18507160119800356,-0.0791903616169466,-0.023748674504690252,-0.19148412794163192,0.07994786759741349,-0.12412362584905993,-0.24248041449002908,-0.05063162188027435,0.014135321982034666,-0.09777153676874312,-0.2395628679042417
0.3272199340791593,0.06596060165336534,0.10185846989916948,-0.12214106479787008,0.1455455205114473,-0.13122648947897061,0.36796633477954044,0.19397048817346388,0.1569938940745963,-0.004703263089299254,0.6405278836052446,0.4316882893843242,1.0,0.5834365781825749,0.557248778160799,0.4726074956991198,0.09380573122200508,-0.11803091588474313,0.053670990601881644,-0.19638711115129998,-0.32823075695901616,-0.08834597985390884,-0.12714548077263055,-0.08540894397997352,-0.4331439233051086,-0.39981224221617184,-0.17799640279273482,-0.2587619410000107,0.17949293408987904,0.1663018073989357,-0.14562628003672204,-0.14657362194361215,-0.06337883300208001,0.09722169969329274,0.0549931484036268,0.009827900687821188,0.0356567958484517,-0.3854125479675467,-0.14876905477961808,-0.07976062243468132,-0.4627234226645625,0.06311799397062788,-0.36415314212343325,-0.44378244060397715,-0.13903995561489063,-0.3232283468349854,-0.3044098922414729,-0.2511055019229292,0.1433445363732851,-0.11334482155736626,-0.1888921843041381,-0.2573764573554378,0.10497053808134911,-0.1785177600002688,0.15238374811455505,-0.1740955390549883,-0.06495888254594234,0.01594472009078202,-0.14657535189152585,-0.2591930926173029,0.32866165779167406,-0.08675383795045931,0.3615446487919778,-0.232449119382299,0.55419179585077,0.22217071811441966,-0.1400231683440857,-0.14222114805235622,0.11978443271781243,0.11695592220289,-0.13721489786423707,-0.14827825187826638,0.09797333892550317,-0.05431009040753125,0.023128514839939936,0.15047529387275682,-0.10064676796789476,-0.11692439458679524,-0.04648360267736829,-0.1860023303662176,-0.05411346713362994,0.01021238717517296,0.2372395455766574,0.19715662281516041,-0.07877603920212131,0.016713666024556536,0.021813280621852317,-0.3078470960580771,0.07567169444926765,-0.28575694397866463,-0.012550713595851812,0.17877433630326445,0.06643716575527138,0.04451886975302516,-0.15492374348049398,-0.23458822388558395,-0.09757657546316877,0.2685143221703035,-0.10885065932546104,0.005484025112616527,-0.05736476998878727,-0.12921529379407332,-0.10773283044368234,-0.07938727583564839,-0.11795640480458319,-0.24999075561941128,0.05652976034410597,-0.008660897022877477,-0.05230349598599418,0.14721803113946672,-0.08973118405850457,-0.16201063135749932,-0.18038925349556167,-0.08081333746409093,0.06849376676019948,-0.1951397047966772
-0.0859742222304185,0.09001337357771384,0.015869857289062417,0.17274264347088475,0.34027315616922443,0.2680615413509946,0.48353995207449857,0.5873668939093406,0.10003312324947868,0.37832642660681143,0.23983271547804652,0.6586226991821031,0.5834365781825749,1.0,0.3801396828603875,0.6436991591532111,-0.1461883560115376,-0.20600496625021683,-0.008292625045654742,-0.23067309435161343,-0.4133450117155442,-0.18112523084805265,-0.40088505202995334,0.07968944097308725,-0.3413141787924685,-0.32643859004825243,-0.35231364990914604,-0.2889564806815934,-0.04746666195037614,0.13781302280786628,-0.17199418970400593,-0.08647563697868899,-0.2604677377824954,-0.26334613693540976,-0.2586610489561224,0.0011591481350679042,-0.11988081607209146,-0.3989942667273359,-0.23039916928221582,-0.10162219026458595,-0.42095211025384505,-0.030130230386420518,-0.4582925640466161,-0.5561242744234037,-0.2767258166861828,-0.44100041326816386,-0.32823515788013674,-0.37350771726958387,0.3380307249825548,0.03847595307550838,-0.07680009370927411,0.09543688217572112,0.346884373733478,0.014048092564293475,0.2490312688185102,-0.07950200154297143,-0.33524527396554654,-0.3330643035770732,0.07786044105430791,0.10889867485768008,0.32818258645785,0.38565210261240745,0.10831344771776154,-0.13341016750800064,0.5168257132870053,0.5007474920476752,-0.324504768664928,-0.10735272426094843,-0.004505430836285297,0.064384541685327,-0.1200325917716005,-0.0530747595229484,-0.0941295852471414,-0.09368019597137048,-0.14081542478887935,0.08280282382067027,-0.338764652889315,-0.26297021983669683,-0.36119348756143765,-0.33593091843231493,-0.2723743174998114,-0.2881382734068606,0.025687774906120373,0.4075116839629039,-0.2729684472411854,-0.02042141396469116,-0.17911973016176408,-0.2952479541956437,0.08987872844084302,0.11293735098306343,0.2974078357404681,0.18677703121238373,0.3076858260500457,-0.0179335595495723,-0.21531611580595206,-0.09633916849047143,-0.04288260556360759,0.04794077421321848,-0.04366340242621999,-0.209558534399648,0.19665318649296978,-0.13692347245507144,-0.023487269406410553,0.00242266433566957,0.07033030460602202,-0.10156666873218909,-0.050144260964308386,-0.1518769248832865,-0.002816362939834165,0.23561175352409772,-0.1524872023208899,-0.31828800811317903,-0.07853072701259971,0.06573461445023161,0.10068815710542581,-0.24820448364510192
0.27209576204161945,0.05427514546764675,0.20847069376271596,-0.03759388964072164,0.015409518619335497,-0.12223418576334441,0.11867020326821481,-0.040343304751090735,0.3582309140077483,-0.1035295291631876,0.3556365887189396,0.49922917307737386,0.557248778160799,0.3801396828603875,1.0,0.5263015538153543,-0.05534083522854676,-0.05762185727370165,-0.008749486029957603,-0.1312893979168956,-0.12945878945908387,0.038796242338510964,0.15356793320653714,-0.02744189547282181,-0.32535484338868303,-0.18243026063231949,0.058853645842762634,-0.16659312540613097,0.09018610878998547,0.05480119384704746,-0.17720660020963394,-0.34925480435420425,-0.21431422216595114,-0.13389759472714471,-0.012137921534580978,-0.11737105298230148,0.11767098933341452,-0.2601011531701466,0.03841291890952831,0.16995608077641772,-0.160147902925157,0.2227490935972809,-0.44368556631701306,-0.5008862054503813,-0.3688911991821487,-0.45432137934234246,-0.3511315779385313,-0.3324406195977161,0.021252066729928857,-0.25312253377989236,-0.14527141824689055,-0.21298427681192522,0.2170542796856547,-0.09599003351150179,0.24100971796460724,-0.006540808228043537,0.058628407871713244,0.1312307663069044,0.01006817632410465,-0.049649976981261404,0.1683137156183433,-0.15131109645397314,0.1081823782301597,-0.07173749669970705,0.24489292700998908,-0.0637235003390065,0.09656442849945178,-0.15908708129949398,0.3239874755485906,0.20486381790522015,-0.10916651484552811,-0.11845527726083954,-0.0635415970551394,-0.10536276930065144,0.038427292922608276,-0.07030711765488518,0.03537585143608805,-0.09990532914917095,0.009757311879663985,0.11901203628585283,-0.018317311768358675,0.03988431938952966,0.5234954469331369,0.4163876865519768,0.030906192351888725,0.21395433364173497,0.27460861720990487,0.11915478397871371,0.28042898041459996,0.0033633174689621957,-0.0441490646533285,-0.07678340140780816,0.023468555166045135,-0.04999568253280722,0.002633122222596076,0.08014427315284985,0.02888965477585751,0.12318678303624721,-0.25178371717602716,-0.06404189489482527,-0.07378196386023664,-0.25255106700269786,-0.34761603096974264,-0.16039024843923458,-0.10038397199543492,-0.13107105490576793,-0.0322917872311781,-0.011076007895459155,-0.2853807678863188,0.23971094536842846,-0.028573433934412907,-0.15319931714443136,-0.1359258756568667,-0.12519605121267763,-0.07301239975189963,-0.09331786493732151
-0.1250996336243751,0.006097954381336464,0.0632126778678816,0.09946671590151446,0.3204318290309853,0.05378568437454816,0.41771140908722554,0.35977525958270323,0.13908721903980695,0.11255099202075305,0.0876661201349424,0.5074127922345758,0.4726074956991198,0.6436991591532111,0.5263015538153543,1.0,-0.14463828231161324,-0.17070237907667773,0.06627137667234013,-0.09156453960449026,-0.10022893293649678,-0.010597152464616354,-0.2507855481934975,0.1458127075875892,-0.18366286773915727,-0.211600023400868,-0.22295128824460794,-0.3267291106737409,0.07060614506034936,0.16252022727259222,-0.10450198189863197,-0.020770707723333434,-0.13748692528646175,-0.27353876180790704,-0.1342067553250562,-0.16970962010230525,0.08043551137918038,-0.23735279915203036,-0.15618118955014296,0.2002450002814096,-0.1671649565896568,0.1942900114265271,-0.4393593079360441,-0.4079787654010053,-0.32417425031311764,-0.4091213305323503,-0.29950860399646356,-0.3127838407703331,0.22448450060500755,-0.06107711418932393,-0.2656286971831861,0.03183451985817914,0.35181779694989107,0.096148727055328,0.20932076969918215,-0.02218109262407249,-0.20019962868381877,-0.20821151037800673,0.12297489669941378,0.12483042073055027,0.1780221046340448,0.1731546562824074,0.08887467291579262,0.03453410312275881,0.35104084120238244,0.19274611937066113,-0.1356304189895663,-0.17938442236443225,-0.01318406979670051,0.1152084287940394,0.05514790753212197,0.10634602473450101,-0.03818525089918825,-0.02822700284859354,-0.1389583100879242,0.06467568248691621,-0.20618759243106138,-0.15280460450578806,-0.30655243892074824,-0.22641038767667895,-0.2650092615501264,-0.224506808175326,0.25155142491164734,0.5791387142259139,-0.4558950276216219,-0.22151274662733503,0.11230483863955858,-0.1383446524253793,0.054548892419377035,-0.014650061951339548,0.24000124268199644,0.25933179956748925,0.49397425402422424,0.040696651751573686,-0.03906029843071931,-0.0317971109934843,-0.2344523533688294,-0.14470281688730105,-0.13815008001465554,-0.20242650648029023,0.2351765785414559,-0.21804594943043323,0.08882118704105509,0.029816172123889862,0.03457306834333035,-0.015153642477046057,-0.10747461327602859,-0.1253264562502732,-0.16668472273138588,0.2346838437555707,-0.19466055434860347,-0.32923497551930275,-0.12438002684279029,-0.16508430249300354,0.019328904404073487,-0.2655847643228178
0.1827962017602922,-0.1794688585465744,-0.39623183747398155,-0.30424545667337877,-0.3665681369909186,-0.6197840258266698,-0.23709618222970652,-0.40497848785493834,-0.20713645457370272,-0.4515324714800795,0.13376716572892985,-0.07967951497142847,0.09380573122200508,-0.1461883560115376,-0.05534083522854676,-0.14463828231161324,1.0,0.7158751102609237,-0.09252633059317276,0.08001751656366976,-0.054923871385667,0.2110089596512738,-0.2947225039620685,-0.4980064729237997,-0.34264099349205895,-0.41706762960873955,-0.14329083215700544,-0.2862833666759275,0.7502556554049619,0.5541603626275603,0.27584883642502334,0.24608748682656734,0.49893808492791497,0.4253326336304123,-0.06913440138048166,-0.36320502960891304,0.512731082211243,0.31221858785084494,0.24168029342773462,-0.12953558445530972,0.31471412480148175,-0.0056980044299783155,0.19233419079518702,0.1744553088114647,0.05381042442011544,-0.004702149896932572,0.274766392465985,0.2053630344100903,-0.5363350657431625,-0.2788671778983105,-0.5219597436036926,-0.44269470563775654,-0.4897318630934276,-0.14022884276518727,0.08360455355384064,-0.03595704228152621,0.3824974367071179,0.2663951835500193,-0.3063987586606171,-0.36094908385510077,0.32705384371391516,-0.1114734068284443,0.658595715432655,0.5395342627486013,-0.0829269742565696,-0.30136530605427486,-0.1248070840337753,-0.5861062968111069,-0.16454954541583328,-0.24506968133634552,0.10652948466663806,-0.0256333494704798,0.7273328598501148,0.4044705256827207,0.4638769005753424,0.23481840259636758,0.6094942542491095,0.3137830930957254,0.585982797531079,0.5980423449950993,0.6961298344303072,0.638244883375308,0.19824319620097353,-0.18485034491035382,0.15355140662178704,-0.11425138824073158,0.08648379351876358,-0.042207102224540424,-0.5404057484404976,-0.425259399782819,-0.5011655004039104,-0.10634615010939667,-0.47260025995139066,-0.2777168429226961,0.1634568911341311,-0.0507848361660552,0.308472880023864,0.12656917060047246,0.139833981348289,0.20754623877845724,-0.21032888719036502,0.0050732499526945675,-0.07746769327420938,-0.12482139509870299,-0.3003445957017192,-0.34112201762354144,0.0026795095000153976,0.039971895368697115,-0.028789655779562266,0.23043500896341215,0.006701181359926099,0.3829682732331974,0.1310573139868918,-0.14182397803129235,-0.20978830919573863,-0.16747190479246535
