1.0,0.31166410893675944,-0.1050319595064922,-0.3915017941236049,-0.16878604180011045,-0.25352880187305904,-0.17791532852554345,-0.3325538190212796,-0.04215275525169709,-0.03139427128782498,0.44461156994803647,0.16861382267370598,0.23407316949278112,0.059394944341425615,-0.2790174794305721,-0.22857182940176432,0.23436375208661622,-0.03909962898001266,0.20229698576606026,0.2703570697093294,0.00038113427777263377,0.026239177065967487,-0.30910553751294206,-0.33703212660486653,-0.24629084882126545,-0.19398295447219036,-0.02297293367707709,-0.04827158679293413,0.26165958837985226,0.11256788039151068,-0.28498019869214847,-0.3519381663575853,0.009840705484753492,-0.16961652322388532,-0.10570666471676594,0.04649116547063167,0.20963635465145442,0.00925781721767185,-0.14550686726409787,-0.13843147891984675,0.1167409564747632,0.10536465096412691,-0.06288500231620105,-0.01990264304889512,-0.06796250145573016,0.005754780354246826,-0.1222047285850254,-0.04817666037698912,0.09452768233498232,0.12651597906428277,-0.23714656947284382,-0.11209539423613456,-0.19016608592882117,-0.20508208814877193,-0.020528161126766767,0.032853766056900296,0.21144099270016506,0.17302310710918242,0.22695645965620675,0.08435321428196539,0.126818496286771,0.04955549732706173,0.07724852185580544,-0.10835114187497592,-0.2613047732648246,-0.057053660861771986,0.11786569123155859,0.009359641543377498,0.2854961436381059,0.06934339285812771,-0.10941984184730938,-0.08651143369861743,0.15557804749366455,-0.0605480438164215,0.030754032931897924,-0.0011257387024840736,0.04123858101886415,-0.014904595849285215,-0.02149581617475955,-0.12811816766359788,0.09250980656228056,-0.04917805503343941,-0.14000138233402243,0.018594954287146578,0.03301784510511301,-0.07643710478540133,0.040063160596473885,0.09187885499861499,-0.3473175060065211,-0.1866286122307241,-0.12245915502576793,0.24674552727008042,-0.03584510121970781,0.14042905347853987,0.1810836712384329,0.18855424829907183,0.1629314272395952,0.23503578189821217,-0.02749447721280865,0.2718286381838066,0.23447359870003676,0.23269666904752687,0.11867084938878576,0.017872952607956176,0.35423660534695744,0.19600106364117642,0.19715169256402448,0.06930020485139429,0.06408271446853855,0.058117410537306,0.10693684478933531,0.08901427267097495,-0.10302072381391753,0.078789959558202,0.0408326842380725,0.2792413230868686
0.31166410893675944,1.0,-0.3012325818720702,-0.19402403918870767,-0.2725388673076042,0.02379242787206315,-0.33590238603825945,-0.1850376232702717,0.07559785076886665,0.10824631913512807,0.032569061692898506,0.213882754404611,0.2652373837308878,0.4658344372746105,-0.01523531974281355,0.22339514574918268,0.20991816865073118,0.039616854226414075,0.0033708966100767547,0.2687554499521698,-0.057058132327981285,0.111124654939664,-0.35206720046627304,-0.19626196995067904,-0.2360194413924915,-0.08522075483342745,-0.18590785942252708,-0.2682674603865362,0.1886681271748483,0.10392231979348032,-0.47893457521934496,-0.34639761667000935,0.12717230174571667,-0.24013972877004497,-0.4360715786398868,-0.5407212315012727,0.0927004361508737,0.0668733924139055,0.14193263759662994,-0.23883315116916837,-0.05091828109684195,0.01851870057621113,-0.08758006775444986,-0.1148636230790172,-0.331141619853047,-0.2969455636390787,-0.17784975991717514,-0.20847713507810126,-0.22408504455371153,-0.12379946080726897,-0.29345572792053976,-0.3613978346921213,0.12687241283238393,0.053531801517214206,0.07346400731836718,-0.1346236155233777,0.415291599436501,0.417843299794012,0.30460199344459876,0.5371046882907171,0.2573787001000078,0.4512417419005038,0.24211994619470212,0.40351938890085215,-0.2830182963644516,0.06307994037257977,0.12960204867247693,-0.4917985641108273,0.3833404479190378,0.21496239943622983,-0.1528363178306995,-0.10822878086707237,0.06573517373292613,0.13369494624387568,0.11431151926205972,0.0933925889350278,0.03694046114537906,-0.37110996181128203,-0.2604940887600401,0.07622790093873928,0.21728479765059355,0.18450094126861577,0.10240829111161173,0.03569748212207482,-0.10263150706552228,-0.10585959303191905,-0.03513894828562293,-0.11274187306377341,-0.12416070522603291,0.15422604781199145,-0.08273881007593145,-0.136104607260642,0.13678693484511595,-0.131536803821941,-0.03981472804679744,0.16574611866277345,0.04487388349708052,0.32430671924924653,0.09037021043254904,0.24178264703774527,0.38464317456027736,-0.04997227395140349,0.2754556025503657,0.24101991237370443,0.17612031497060007,0.1978318840237972,0.41412089863675583,-0.11054601405150145,0.2821222212893283,-0.05066418628560558,-0.2554701198634202,0.24632950733413395,0.21436626954633659,0.23776375841430336,-0.016089524796846225,0.055699726261984994
-0.1050319595064922,-0.3012325818720702,1.0,0.021255466420225664,0.5333726169930234,-0.04434750025031636,0.4386609336459016,0.0845394946048609,0.42664273656305596,0.26600000721662,0.1259141020331352,-0.11144906391912936,-0.1573793528650223,-0.37623033598325967,0.5690473796304105,-0.29506472436549736,-0.34797898334295674,-0.1940823385596811,-0.16502805008863586,-0.5115142783952511,-0.04158091685637411,-0.30048801998274954,0.5178251023902409,0.29571895225940686,0.4218001124308549,-0.20799028383575974,-0.19923323626110948,0.08504271815307403,-0.33350983664070544,-0.2437636117235301,0.3690791058542012,0.16934464385895057,-0.31949872825810766,0.26630913789828503,0.29275980814106406,0.2335420370253448,-0.1226296616492616,-0.41490022765706114,-0.38289720761420465,-0.1623596155147496,-0.004045567889573322,-0.3012303007698126,-0.1827927501968034,-0.009740751004998762,0.131033855058301,0.08348623237755787,-0.12711531864437153,-0.19666232236781073,0.1296471356169899,-0.14096623997469912,0.23529587264131124,0.02760881107904382,0.031791315386202224,-0.13631666785386234,-0.2216694319835703,-0.1873910226296276,-0.2659238771185754,-0.005057558693535174,0.25446784526309457,0.009658833157007817,0.03450574366974947,-0.03606006527076487,-0.6132598107114124,-0.3016894143817525,0.6971333621075677,0.3572635668794588,0.08865253416931278,0.1488232964058287,-0.023812501669525706,0.12568263207715974,0.07343975599291308,0.015175734171222711,-0.3134298940619625,-0.10068905568477672,-0.20758973120185328,-0.3815119609783307,-0.05705182158550463,0.08422064681592296,0.08778644639562734,-0.11624958279561488,-0.3557820613796231,-0.34461981697820493,-0.18416973675812096,-0.33981454599162103,0.042665726984697575,-0.056277167153319166,-0.32896297474490244,-0.25351163167567875,0.3974371851878847,0.020801232524539037,0.002602431553056685,0.31979731234344994,0.22498241819220835,0.5001173548219224,0.0661280340611524,-0.21929879215690523,-0.22873070076670837,-0.0630932661095802,-0.23258344239269968,-0.22836489427862514,-0.1595467544274735,0.07660548125490817,-0.2129760130923587,0.034474325124186335,0.03482604721503934,-0.16544038533873068,-0.3635794948448363,0.43356468246673824,-0.48361672591186494,-0.06198925959020146,-0.02820267782963226,0.12019561678707644,-0.05768740637472284,-0.022564605414690155,-0.10335572856159636,0.0946074034480272
-0.3915017941236049,-0.19402403918870767,0.021255466420225664,1.0,-0.030931144989227187,0.32321292941226687,-0.038772314975354466,0.4402888002131637,-0.03983447027849138,0.16157236542328976,0.02125177420490967,0.20867441999740824,-0.11989554998850306,0.07478503294355644,0.3019141518087194,0.5233441756752909,-0.2809955276140025,-0.06657079644269584,-0.1650249240808671,-0.10646641281075186,-0.07272210780417268,0.024819708580655686,0.42263125676842295,0.6147532660361235,0.06335564825706597,0.29839790431894225,0.17235178066539253,0.09572432936001447,-0.17239591902014165,-0.25769443116686813,0.07420655681932485,0.16089329756864068,-0.023929339038423977,-0.1749819613363228,-0.10595115679688123,-0.29218373930078106,-0.02466109841961064,-0.022109622475262318,-0.15057114195767718,0.11175589061299974,-0.2826924154476804,-0.2030795176116191,0.08231028076688925,-0.21401266494598373,-0.34134829964607877,-0.377493507062101,0.15642010553170446,0.06422359368120269,-0.15782009569512612,-0.2567893900974402,0.3594601414300419,0.3159149544255989,0.22388237937521346,0.37140722729497083,0.16366032486675858,-0.10303626854864376,-0.17568537582629767,-0.021414173690373878,-0.31646228259210313,-0.21112121270082046,-0.23242889689828475,-0.28996789294108183,0.03152421812680857,0.08026533750055186,0.19228476993298038,0.11615496301408836,-0.2382258570261668,-0.20623833510588246,-0.29336118927073856,-0.2613241360799234,-0.013464734711228875,0.03422116043218054,-0.19742827622554124,-0.1644064132745719,-0.0015074430019654571,0.06765738512829486,0.16197533596185662,0.01547520485679667,0.1202074392373079,0.016041515940562207,-0.1286592688594556,-0.015459819992422871,0.30640178814982494,0.0419820241031965,0.2567749207986134,0.4224076895966915,0.030376243219823216,0.056640342848090795,0.2658442295150841,0.4076795787178893,0.36441704798438984,-0.11700330660605,0.4067885227572165,-0.17972563739162695,-0.3450519190386998,-0.18599807387742195,0.06240155973805209,-0.42054230283000466,0.1216620589317761,-0.2443303040471541,-0.1475784652980126,-0.11224184975649364,-0.1404159701467884,-0.22290015274827144,-0.3218506683833872,-0.23506439108250698,-0.17381674340351658,-0.3517447830171825,0.020301631380534094,-0.07490825080533868,-0.012732557707992725,-0.0836299634170393,-0.1258907357901454,0.09480844272615264,0.0558475173221668,-0.23447608043765067
-0.16878604180011045,-0.2725388673076042,0.5333726169930234,-0.030931144989227187,1.0,0.17019935146755769,0.5818279582465751,0.30205645636150164,0.5066479360581475,0.29834542503115236,-0.13887362427494973,-0.17947288777339404,-0.10215331357068619,-0.3513264362301757,0.27779549698098244,-0.20974805635345403,0.027370996363063466,-0.09233538084398896,0.0892780805547584,-0.3010596830228977,-0.1186669262084544,-0.27841076577586343,0.21845613573161943,0.10482810827252718,0.2747603432504999,-0.049333827638583336,-0.15839439344291442,-0.1028145492374513,-0.06746444523242855,0.05773078978633934,0.299170864806129,0.3402084887847962,-0.11077429954331983,0.552066833073985,0.29863545582073575,0.27070961246274855,-0.0380612820470509,-0.2740275115035692,-0.2500966609644722,-0.06953838081031517,0.1172500231986548,-0.09376031803730848,-0.36929610085631337,-0.2822013017391906,0.06331393198484164,-0.04187230161037061,-0.26633564157740885,-0.2543046062016504,-0.25347171039890787,-0.2676062408773347,-0.05285089767848659,-0.24903632386968724,0.02494771062205074,0.00815151661948145,-0.2698967175277277,-0.17671397908813716,-0.10529583448786765,-0.15093153637276335,0.09816246671594361,-0.07573510811115547,0.1723867758505958,0.07163968278539534,-0.22180367130230758,0.12398495979699767,0.4479857678236213,0.18826332491906028,-0.08840298320354376,0.015033332809088779,-0.10805639806761547,0.017781762832676098,0.11773510920263056,0.03996347000480622,-0.01187624848332841,-0.11759692881724569,-0.045689651278782044,-0.09871573134587303,-0.015127827170885176,0.006845686586228337,-0.026381967111582243,-0.04249679318262734,-0.08241858600769066,-0.006089985645953304,0.014773512211532749,-0.05542014744111962,0.05102787363305123,-0.06666849275634457,-0.2919255739594871,-0.34552183075673587,0.15839149694113178,-0.0941060602443862,0.055560122979767555,0.2190128785756055,-0.05992406263807691,0.28482655422359543,0.02274630522840335,-0.20960146010032532,-0.33344910924481913,-0.18399754477101865,-0.26091220182446023,-0.34767072333982607,-0.2050743518754464,0.04699188161920106,-0.052742543445509035,0.030976894138153882,-0.2207025433696044,-0.15577581258720474,-0.15184192475552877,0.26512471139834887,-0.277752439927346,-0.09081256602461155,-0.2659520922889526,-0.09030951833100671,-0.11022287608459358,-0.13972410546541658,-0.08307132596393531,0.021393062319842285
-0.25352880187305904,0.02379242787206315,-0.04434750025031636,0.32321292941226687,0.17019935146755769,1.0,-0.005202828905229794,0.2659941810244894,0.03876468396624156,0.23051054370842064,-0.014622142188913887,0.21566553506884148,-0.06756308933626323,0.2279719603703885,0.07856042218810809,0.4965679249995028,-0.04756192025236358,0.09746617155473891,-0.129537400739718,-0.2005912858102357,-0.04495489865276479,0.2079897369450013,0.13753619665304678,0.21087242740302065,-0.0078435382164992,0.4232400432229792,-0.021754900389424004,0.27789022985719153,-0.026568943651845835,0.021304934056846837,0.12145459184677632,0.4241501482403901,-0.08112098890257356,0.04665350567101948,-0.0806521949151282,-0.04067373833117967,-0.16935909254914366,-0.2319973370373093,0.18891585438074196,0.22098774081352981,0.09658073193735542,0.04877756751683834,-0.037861792216662735,-0.16679279997658908,-0.1079107174235551,-0.2663246991570338,-0.10689832380109232,0.08842902916155601,-0.3210280894282943,-0.19620000161436052,0.07685232248022446,0.16934675718359324,0.10576793173245845,0.32326811927491983,-0.12707417598942697,-0.022332118550962253,-0.016651604698632246,0.03395144191835632,-0.19401709784722102,-0.03042395136200895,-0.08864490202187122,0.0772947893961073,-0.04425079526843767,0.09021207337496018,0.08574852291839519,0.2215986501511162,-0.20807295771371057,-0.2363977867960291,-0.14815403177070968,-0.12986553686928398,-0.14069599505638397,-0.014184596085432207,-0.0551214716282111,-0.002379421917053934,-0.12389437002096013,0.05675356843035665,-0.021238532812760193,0.01635142601237375,0.05449901032991497,-0.11583401814726489,-0.15533933826896712,-0.08519520114951648,0.3924941779505355,0.2451037169366805,0.01728260285166773,0.008261075140960169,-0.16917874119428294,0.013565203732217746,0.004247649470639933,-0.022990064437651635,0.0689428903338905,-0.20932188230239074,0.06102982858522253,-0.1547508994061479,-0.13366203207145055,-0.08697891115739381,0.02350225538938979,-0.011723610898925759,0.028400988710894273,-0.09528193562814875,-0.2262626015729174,-0.3476360289075079,-0.10269718986018646,-0.07221611845922768,-0.13717333126447187,-0.02769556776340186,0.0927356383317141,-0.17789916329365602,0.15884437116172365,-0.06916312113164505,-0.14596425967306698,0.16035101046492378,0.01310330412510636,0.00898645438257584,-0.008201397055190275,-0.31485521592224214
-0.17791532852554345,-0.33590238603825945,0.4386609336459016,-0.038772314975354466,0.5818279582465751,-0.005202828905229794,1.0,0.5332962138982845,0.3469100551985675,0.2300886554182639,-0.0839773840156051,0.04881040023438944,0.06265483769105529,-0.17614003330966993,0.1296242263687015,-0.13198466092484323,0.04681714548271158,-0.15118564278237753,-0.05235150952060501,-0.34481984164377755,-0.27176599940062185,-0.2251971675685464,-0.07433155483622947,-0.09779938350939549,-0.03577793162211493,-0.26575228472727,-0.41829913400192315,-0.29346241998526335,0.14246271803715832,0.22199020016321108,0.21067262639898143,0.39486728732146814,0.08006014771169513,0.42699205400171836,0.15188905261687966,0.11325497451282698,-0.01781359275592441,-0.2540847019291095,0.005446748354450448,-0.17184478536409303,-0.011824639650287305,-0.10680186249200271,-0.37824837899177044,-0.41511837996557377,0.07241262769334597,-0.11303857951830523,-0.3397264957679073,-0.2518222244889144,-0.07001647321153598,-0.2950437171362093,-0.09122524388487206,-0.24877402155569592,0.10102903156130993,0.09871403998882632,-0.34559613913542175,-0.2548012759825373,-0.3794512001217023,-0.39044210057999207,0.06591344287260757,-0.18145822824284627,0.2790241136625797,0.15527740876764498,-0.10840895273820264,-0.008717858337164092,0.4304148644480404,0.20400542406551386,-0.049388503954825025,0.030800255455707116,-0.09513931248677746,-0.20461896514335762,0.281407458842876,0.19770732221228576,0.23121696788803708,0.10040102988648604,0.06381555785618097,0.04891640797448879,0.17768910452996212,0.09780377468961818,-0.20565764209366938,-0.2332712240704543,-0.15545730288648094,-0.09591551958496974,0.08806873802322714,0.19427552781642757,0.14382991120593802,0.19091102972103477,-0.3680216360272216,-0.28732297409025515,0.11214574607682892,-0.16593997709760694,0.22272244860895793,0.1821107750108133,0.160773956868307,0.32319696335883336,0.07984408823820802,0.04088761005648341,-0.4515717733389484,-0.12499785692121537,-0.35377597568580726,-0.2769669059288209,0.006048759667228847,0.2223900670379036,-0.1717694437481501,-0.1699905448969172,-0.19687621654877532,-0.051596159961992655,0.03584164993766414,0.16901719435070572,-0.14724433001325957,-0.019013788405554816,-0.2808875841316516,0.0007934350325157231,-0.09762257359687758,-0.10430688097395938,-0.07262988036028668,-0.032990203751859654
-0.3325538190212796,-0.1850376232702717,0.0845394946048609,0.4402888002131637,0.30205645636150164,0.2659941810244894,0.5332962138982845,1.0,0.15680870127978033,0.36591093672915875,-0.16929073008113754,0.25013230556211774,0.12290808795657102,0.10981705390279885,0.09364685438084841,0.27785462194104626,-0.030155987344555425,-0.03152153845414007,-0.12585865352724643,-0.20757521692709438,-0.32791602195972497,-0.12308303612020001,-0.07284613271695417,0.10332063033983302,-0.08814365887230208,-0.0029134771387073987,-0.360875915218759,-0.27158744570523874,-0.031391673016585464,0.06171080778494368,0.0474417468480866,0.3110546769365563,0.01854316167450173,0.18247244035807977,-0.1535416798658879,-0.2850023500134494,-0.21623951637158126,-0.2274203576592507,0.03020945504677652,0.06833332116773858,-0.28566581395358454,-0.14363479161706846,-0.18746738330265791,-0.41159397871321535,-0.20160011979790218,-0.2898652515207897,-0.14979614382444534,-0.1438389999402955,-0.12697862992252076,-0.1762617200649601,0.07306413056110961,0.07713701515388127,0.4262740437267857,0.3952973086812304,-0.0963553225446161,-0.17287529945615307,-0.2837671710551251,-0.3192214330362285,-0.080952114222296,-0.11419214712699502,0.18389620437250875,0.2305965307481171,0.0776550259437339,0.21443622541870513,0.2837482659544509,0.2361329469130665,-0.3266556269357554,-0.17482032840974887,-0.22656651122791577,-0.422742375220426,0.11491992934589493,0.28042964867234754,0.06296066042568069,-0.13035570988195477,-0.17187064881202227,0.16587364744458913,0.04047857116344267,-0.0674969177654091,-0.11680227057996566,-0.19177200810471073,-0.15256973651540212,0.05302047880954081,0.238658737724413,0.2595727321299602,0.146886127904002,0.20670892851365927,-0.23139475775608287,-0.18931770962572644,0.20528849174104669,0.1469738752215192,0.4601894836677712,-0.047104442230841106,0.2689316731065283,-0.018374298906314236,-0.2461926199106045,-0.061091278455012374,-0.32331937024784374,-0.2644686751700926,-0.0852548175380443,-0.31948070056447364,-0.010527660641442277,0.024751019054170067,-0.24450487555223357,-0.3440762887771104,-0.3450735971099521,-0.06724204313450158,0.011980248482239084,-0.20363496418523092,0.05288644482649668,0.051308725177970756,-0.3524393203578989,0.11893928021438095,-0.02051548193549624,-0.026896750913870122,-0.13065595531211982,-0.3616723882546143
-0.04215275525169709,0.07559785076886665,0.42664273656305596,-0.03983447027849138,0.5066479360581475,0.03876468396624156,0.3469100551985675,0.15680870127978033,1.0,0.40349641352443905,0.017624088471251603,-0.16621485802514707,0.2949247769026465,-0.021433093236772106,0.5165625118588224,-0.07542835561310285,0.17345110146295814,-0.028738222090066445,0.17193712567557456,-0.013631485540249308,-0.29558163994129855,-0.30429902006911824,0.025175563187483874,-0.04882422845086626,-0.01373852654305856,-0.33192339082568517,-0.3948253454232148,-0.17706898173790456,0.004234759726154262,0.006258223668522132,-0.11134637197897496,-0.11145961381679641,0.07723675855323676,0.24861279175989617,-0.14897603518798047,-0.10510290490103107,-0.047283277464211626,-0.3523049556349753,-0.19554722078467424,-0.11922148273162589,-0.15267667261068776,-0.1325529999710748,-0.2524986437340422,-0.21426087522201936,-0.12511594968596404,-0.1700307030626659,-0.23103202160052833,-0.19693478304421533,-0.24979046554636536,-0.20670928258687038,-0.2831275216316513,-0.28513494709906684,-0.05941619794207483,-0.052214687930318714,-0.2220302578449808,-0.23400360505167817,-0.04046257793012438,0.042610447538514014,0.3028566910135482,0.20585621945699176,0.36276995644183163,0.3485868215397948,-0.14537492440318212,0.11719189553915613,0.3538843764537853,0.18424711079518483,-0.07288527801198642,-0.29817231668931493,0.05970830722729519,0.2642459581272024,0.1055080601496269,0.014959317829450118,0.10492539224804014,0.02127778278840706,0.062231379263352433,0.038913536673068926,0.006943506563653773,-0.08098063179567135,-0.22546680943939035,-0.013401025410441364,-0.05540989930614702,0.03373523633864301,0.054337746316539266,-0.10518191015143989,-0.10501938580073399,-0.1516158231686471,-0.3516990513488181,-0.42572794326369323,0.27933622995748647,0.038961736574288086,0.01775832834547976,0.33715424418821843,0.03601211619850992,0.3127332096072497,-0.005191193604404788,-0.07916673511288665,-0.19762887368932947,-0.039914890858692466,-0.1459976609936316,-0.07209453058076619,-0.07052424954130339,0.22542808626161207,-0.1977902855080761,0.12162186858525706,-0.12947766580213194,-0.009500475013805314,0.06423875276869691,0.22506435097975047,-0.22441560227638382,-0.15243638321340214,-0.24180221637390467,0.1468996716117333,-0.12150482448769605,-0.08556549711165638,-0.206255205180477,-0.025881651476368655
-0.03139427128782498,0.10824631913512807,0.26600000721662,0.16157236542328976,0.29834542503115236,0.23051054370842064,0.2300886554182639,0.36591093672915875,0.40349641352443905,1.0,0.11627534820103161,0.28037717670407325,0.29567442630742413,0.1817916246794542,0.33636460512180744,0.10049279028961178,0.067563981924102,-0.043854333893408703,-0.008151557552213943,-0.23081089894648982,-0.6457653518368467,-0.5123720237997342,-0.11095938594756795,-0.10278279362471313,-0.1212228032850992,-0.3893274265592401,-0.53157195306855,-0.4522987241736954,0.1292714731162552,0.07244362943043617,-0.3150477516274025,-0.11098433464286464,0.11878720856665277,0.0017974227024247264,-0.17931685729288754,-0.11322972163032402,-0.15871111503489307,-0.23724444827967206,-0.232388280229549,-0.0250566668453878,-0.15472095012380352,-0.031892101037857466,-0.26905197129215064,-0.27183581345974706,-0.11392494994631103,-0.18879845937306808,-0.21786768189388808,-0.20249918668067446,-0.17857591641809795,-0.19892515716258308,-0.14687501841673106,-0.19868434665874188,0.16922219661717017,0.392196780042785,-0.2477046311382233,-0.2916073465993646,-0.03773129608908852,0.09134798240574839,0.273149853757045,0.089937201047714,0.417576291802049,0.41831604743829676,-0.21081870559476568,0.01512638250595019,0.29141302399902,0.3990911973080451,-0.32845220893079213,-0.24420750688689888,0.02837430167647561,-0.0055579491912795265,-0.07782442972041174,0.0310975618756211,0.0009339678446545511,0.12284888407461898,0.07616145990848983,0.03842509231378714,-0.007947973479422082,-0.10503725431997221,-0.040038526820559354,0.06707053838316882,-0.03063879128890261,0.012849050919143942,0.05487656152906127,0.07905863120858762,-0.009506106654844129,-0.00687472017053237,-0.3337782510332929,-0.36921551392163315,0.228033646444674,0.11969003010635851,0.08736543983038432,0.116119297725685,0.16803832032022498,0.11431853391391614,-0.048166356693180465,0.10576786288183203,-0.30029754168215045,0.13584612989865577,-0.164462734692059,-0.11160384419816292,-0.2154726405019332,-0.0047030042912781615,-0.14844383134861774,0.03577384344886275,-0.06512317754113954,0.13556651136381348,0.3116748247109331,-0.004320803181341104,0.060740050526632415,0.18204111075685697,-0.18815104773727073,0.31990701701788815,-0.014590928986578943,0.21530278695708532,0.028863485260195137,-0.0816231354774401
0.44461156994803647,0.032569061692898506,0.1259141020331352,0.02125177420490967,-0.13887362427494973,-0.014622142188913887,-0.0839773840156051,-0.16929073008113754,0.017624088471251603,0.11627534820103161,1.0,0.4135581545048935,0.2863411392556612,0.08893134117217802,0.18181808517067094,-0.16931415300317018,-0.04514652474085475,-0.11381908374135753,0.022588444884763678,0.020384267262858368,-0.26267097555269225,-0.1707855866421119,0.15521624849035046,0.09608860563656368,-0.2625756243914126,-0.2934872382835759,-0.15644064914175365,-0.1138352756628652,0.17005128620347232,-0.10885371071567898,-0.21763601364500534,-0.1722783712962266,-0.08813651078280993,-0.17977501277089816,0.07639422696779677,0.13803033468811768,0.06780745831480992,-0.07366605150400884,-0.1368721134752586,-0.130526308240973,0.004227558284638148,0.04394929152081869,-0.230349758971324,-0.22022219467298584,-0.14290033215308454,-0.08595472434873717,-0.1303761219394611,-0.13663541538240806,0.10641905850592387,-0.07872561880026314,0.06424390010995944,0.18888187683555635,0.1065039815350148,-0.039605768892847885,-0.07906172959712324,-0.2771103992126891,-0.09793403491610309,-0.04868631274861122,0.23812602055861715,-0.013783697820844366,0.22487921990601256,0.004886797144173732,0.022089157940721048,-0.31933370462621136,0.16308515794825126,0.2883649799092252,-0.07894681653372773,0.06296471001480831,-0.07134030882975645,-0.010473187842686098,-0.1142623932509821,-0.06942711313195203,-0.023925557261887977,-0.08450287268761128,0.05268473972794994,-0.005046303015699994,-0.12582006710265387,-0.07585387047288472,0.0510915868503941,-0.05931767665768227,-0.17772450506959195,-0.23570129337279985,-0.0023872783404078747,-0.031567831256598775,0.3634759472207905,0.2727449376260561,0.10072450873712355,0.14391572642211278,0.12380248498760285,0.09488564049668263,-0.07563424987959418,0.2701392227323094,0.23313800569398702,0.2515329266661156,-0.016663972806675868,0.013379974377439683,-0.09469933246768593,0.1491240197563629,-0.22354227070946256,-0.06433433254074297,-0.13042168951799218,-0.015306277671693505,-0.1835059822757074,-0.09416812782688186,0.05902547600601955,0.07389719943796613,0.08815307534250899,0.03926222155158719,-0.037520925641061374,0.06835775265580617,0.06707603479131805,-0.024338905748153762,-0.17597034858194202,0.08353005227239489,-0.09417036443732822,0.11659336038195552
0.16861382267370598,0.213882754404611,-0.11144906391912936,0.20867441999740824,-0.17947288777339404,0.21566553506884148,0.04881040023438944,0.25013230556211774,-0.16621485802514707,0.28037717670407325,0.4135581545048935,1.0,0.4288534993872772,0.6148361956560838,-0.013308951259645966,0.3354456872534862,0.061731474083762866,-0.03301058250794651,-0.2827236591945287,-0.13111115355756753,-0.3482351353441831,0.0608977457017831,-0.25670697038583046,-0.03376559161642821,-0.36430455607244266,-0.25100396468054476,-0.37262242974343374,-0.3372608309067965,0.456135347155232,0.2744483408484961,-0.3272897781790017,0.10301366131103527,0.057798839309292645,-0.31724924026654855,-0.35547418896106736,-0.25226943143332203,0.17736370888915184,0.15446876908763044,0.14023194507569783,-0.05890236952221772,-0.12496114376849819,0.1954160081800286,-0.22637462536360606,-0.2853539882340857,-0.23302949153492913,-0.328598824623541,-0.2969607524111465,-0.31826300334637714,-0.07860481834848931,-0.2705251019703143,-0.15189709886866073,-0.06919844346022334,0.07251468623288057,0.23060472849423688,-0.11675469228783851,-0.3436725303027786,-0.11649788670626622,-0.06329938649177001,0.022556860967075595,-0.03437130861009621,0.2503224254181616,0.19019837566443087,0.10362847519792141,-0.0062048803427872876,-0.09909499055604268,0.3731196016076136,-0.02754423375876531,-0.2105894463270065,-0.2214969352245964,-0.42123358010388307,0.12261289806189342,0.3384630072233209,0.2096351633931747,0.13035559348923792,0.08875479907599285,0.42032010727610436,0.11427631943648925,0.06346228363959174,0.04156523989328403,0.05237187533672583,0.08804658385562894,0.019538094849344993,0.15416113101048795,0.41715017341412525,0.12253596649109692,0.35235091284496173,-0.1902934523810186,0.13422784930238343,-0.16421746164237136,-0.0344592522090352,0.0006202019745978804,-0.1841523343597864,0.45392062966304736,0.08396416213816774,-0.2742477666234649,0.3317318252515829,0.014275024000513909,0.12306599531914501,-0.21413011077751037,-0.1331319227949095,0.055311021418618565,-0.019667139559775643,0.04532907513807994,-0.1615695021048492,0.18786608978867309,0.011143908342950237,0.25458592353577125,-0.3291692306756289,0.358123548375839,0.3792271675337887,-0.3137682983690548,-0.009353963264013143,-0.09356995367917359,0.2867849057245991,-0.04828685179871924,-0.054505568352266595
0.23407316949278112,0.2652373837308878,-0.1573793528650223,-0.11989554998850306,-0.10215331357068619,-0.06756308933626323,0.06265483769105529,0.12290808795657102,0.2949247769026465,0.29567442630742413,0.2863411392556612,0.4288534993872772,1.0,0.57183683045415,0.09244584017420322,0.039357782177231064,0.37234192985306197,0.06976669691343855,-0.016230428600442905,0.14482343742770276,-0.463782792435982,-0.024486051392152125,-0.380527392682143,-0.279438119084887,-0.338968742762486,-0.35617325032475383,-0.41127200255600993,-0.4881233204273104,0.4469516596608255,0.17800234710849938,-0.4803344122007171,-0.21954097981082266,0.31818946753426763,-0.19054134415762677,-0.35152255991518633,-0.2479451697827339,0.030735500092582555,0.040783760835186145,0.21703672951894346,-0.04361335539229307,-0.1834127005819437,0.19673358022494924,-0.21576409285006432,-0.27641124978988896,-0.2582065383825799,-0.3440817635363337,-0.3035509235269205,-0.24106820459582023,-0.0033860320056577297,-0.20781501738142621,-0.40853436913085217,-0.2090100198502808,0.005357200441066981,0.20164364096018003,-0.1418468999842687,-0.38209406482664643,-0.10125959039117498,-0.06607377081255808,0.23516578110801378,0.13916869379140426,0.5522838108334321,0.3788533825326033,0.236779964802454,0.08049106369585309,-0.07629856684925784,0.10397120525432943,-0.04650770256809869,-0.28944539917223316,-0.09927263983319742,-0.08962178839001066,0.0936131988768593,0.15755036364573602,0.31524038878449523,0.12727122134289692,0.042075005552051375,0.2850597241974658,0.0024955464565079035,-0.02466721658577131,-0.1983216093195766,0.08278865860574242,0.19413483574178902,0.2281481132565947,-0.09059349251169527,0.25873672000456166,-0.09380643427174869,-0.07985877666763605,-0.30885496198945644,-0.14275370630486067,-0.08001112562012994,-0.047476523262977216,-0.001648192359920175,0.17198298600823686,0.21024932342910796,0.11226223119758177,-0.05192134614226309,0.3271275412471308,-0.0868481188416763,0.1566289392486038,-0.19072750864914423,0.001033118855772532,0.17011077883293563,0.1531969146747054,-0.03760847426065619,-0.09984777497499345,0.011163969003869947,0.2074218384202954,0.4750004663933295,-0.28687681908947665,0.2570562985025889,0.284533514946259,-0.14162574342332354,0.047251357686127274,-0.004737970860058591,0.13155308950731862,-0.04439228019318744,-0.07627040195126478
0.059394944341425615,0.4658344372746105,-0.37623033598325967,0.07478503294355644,-0.3513264362301757,0.2279719603703885,-0.17614003330966993,0.10981705390279885,-0.021433093236772106,0.1817916246794542,0.08893134117217802,0.6148361956560838,0.57183683045415,1.0,-0.06212913561736393,0.38518474057389024,0.34581850392528213,0.31987688280854787,-0.1564488520324654,0.17710597006929482,-0.32005543236709744,0.09121858152793014,-0.4714351389228694,-0.265252045014673,-0.4150582881211735,-0.19152763497836411,-0.2755653219932519,-0.27823547165575974,0.41994826819945213,0.27119000651546116,-0.5681890963456012,-0.11316951447026197,0.13763619314111006,-0.3455147537348776,-0.5217017676349281,-0.4657684224111345,0.11566831654092326,0.22749332224249622,0.2780879356109003,-0.0854104956488201,-0.24434706470653103,0.2308320857145099,-0.0668762731057655,-0.1889812879365894,-0.273988494593236,-0.3931055312345748,-0.29851375182102574,-0.12030596507212317,-0.1002121235204424,-0.1815692520682182,-0.40021346159492693,-0.16189686469988662,0.0040514279255574725,0.2314450848824835,0.07595504888999074,-0.17235394305610252,0.14133799970597838,0.13075817411892715,-0.07968721230101364,0.04770276601251244,0.16606008634693856,0.210416740184424,0.3068316867143464,0.1889748150994113,-0.4339783406989505,-0.03402902743101859,-0.019060407261519464,-0.3254581898527245,-0.08254509625177947,-0.1796281625367233,0.18795922301603663,0.1871894932470183,0.23920826196676823,0.11304833480278531,-0.007820874351326909,0.4888143637197873,0.2092162884946916,0.09020613214981836,-0.04039944436977677,0.17565943445263812,0.32280151585349215,0.31402089114310927,0.19770630079691215,0.43995594930581133,-0.19723752307140893,-0.04661148132828252,-0.2184611443441189,0.11602719500729149,-0.26280022246284007,-0.010449007627804633,-0.04449161869943561,-0.1479549030528001,0.2175690498024668,-0.056175947565300255,-0.14154826331351192,0.3212255109278194,0.12582615229042018,0.15617165619943293,0.09421703682449925,0.0849382548994704,0.07253323968391209,0.1096801469325197,0.1400150805575778,-0.011042344192871732,0.206165793373118,0.17788119429214755,0.4787867040534554,-0.2942750016289542,0.45719893898724745,0.18646142527809248,-0.11476969991852143,0.01814650601612785,0.04376510116176322,0.2729388746187376,-0.15777620627335087,-0.05177352474473168
-0.2790174794305721,-0.01523531974281355,0.5690473796304105,0.3019141518087194,0.27779549698098244,0.07856042218810809,0.1296242263687015,0.09364685438084841,0.5165625118588224,0.33636460512180744,0.18181808517067094,-0.013308951259645966,0.09244584017420322,-0.06212913561736393,1.0,0.23330233530722605,-0.3689158820010074,-0.040221996252504014,-0.20609739736383906,-0.2986481118870355,-0.1558058962968911,-0.150992264960967,0.46803315070207696,0.38351461153327043,0.2614532307692407,-0.13480588270435373,-0.20789125842812617,-0.07889737586225182,-0.2725938073071253,-0.259685783362368,0.046987503503222366,0.03447075656352198,-0.1585763162499316,0.09258002638828276,-0.12196642585277623,-0.09357516383754619,-0.08677212141736877,-0.22914302504379264,-0.04635740502867927,0.08835765632207342,-0.13820612335864083,-0.24279812061148262,-0.03982356253303226,-0.10494090686876517,-0.20534092202288523,-0.3031723480332479,0.03677515785509238,-0.14344489656702997,-0.06509751938665664,-0.3048355442893561,0.19131990704819815,0.007751646318404134,0.16657885995691557,0.09218785592003728,-0.025952547701390456,-0.20733200996639334,-0.23781402082398495,0.12044572166559189,0.24453167367251802,0.10654666618911475,0.17515193237633592,0.08637766910830792,-0.24925245216099293,-0.024661020132398574,0.5414848476317913,0.21454758697861345,-0.17446143625681282,-0.3229835562093351,-0.04946995409943918,0.20611393011871515,-0.05834949497953766,0.03565232840291796,-0.3486601296442466,-0.04759882086683324,-0.007333398075159186,-0.28307649523371925,-0.06640395712565726,-0.13200324754607418,-0.011722978130140893,0.19813988210307817,-0.28467073683207667,-0.08953330833939245,0.06724222588064133,-0.20432859208495532,0.17205280825519095,0.082279426029867,-0.1566499451802173,-0.2035344893527955,0.6742424802733978,0.2708563222923143,0.04403580538959353,0.0475715164819775,0.32638983728398446,0.15862346121910098,-0.17445622722454687,-0.2886247775822877,-0.041316289524776284,-0.17649444585030297,-0.11246180900092335,-0.3627868561038003,-0.09243229336464305,-0.07869711282163157,-0.23223868798980074,-0.07881312809941686,-0.17485094481141694,-0.3829874833475322,-0.20539983408226192,0.09030116698056982,-0.4047094548288372,-0.026023868380879403,-0.09928469761379091,0.12066848965009805,-0.06060962761820973,0.11961519846276898,-0.15657792346349758,-0.11575594699331795
-0.22857182940176432,0.22339514574918268,-0.29506472436549736,0.5233441756752909,-0.20974805635345403,0.4965679249995028,-0.13198466092484323,0.27785462194104626,-0.07542835561310285,0.10049279028961178,-0.16931415300317018,0.3354456872534862,0.039357782177231064,0.38518474057389024,0.23330233530722605,1.0,-0.14075939750584823,0.07023370549863925,-0.15488788621140798,-0.05276525651554138,0.010641046171087886,0.3506007041148495,0.024969499741897556,0.25032019145430584,-0.0032170618270780595,0.3719419186190829,-0.024266959096009743,0.03894171883381377,-0.01854633907445675,0.035073942437677814,-0.0704693479955698,0.22465906926175735,0.011468942489855314,-0.17839656035547197,-0.48709105215114534,-0.4181181168802222,-0.017553115895277645,0.1473942022015526,0.36013515600318974,0.2836782477669429,-0.16024277780696544,0.11784039288679768,0.21702304846651,-0.20505220222646087,-0.3206182408514277,-0.4537057885398313,0.14370736002394677,0.11993674933818838,-0.2381612262209202,-0.2556735229354179,0.13309030872087696,0.1347155990866288,0.23837193947250757,0.40637124344725045,0.044267359267836336,0.10595199066900135,-0.051838812570134035,0.05682144320302772,-0.3340061288984584,-0.03687842328449311,-0.10111490772805326,0.012207439943721718,0.2596875720894856,0.29419263865461354,-0.09649335926653439,-0.022993776138100077,-0.3621370414541135,-0.5280944423070044,-0.07574288025056297,-0.20191624344882025,-0.06174884842849138,0.07181808819517427,-0.06677770365177009,0.12334729809069427,0.0939436956572233,0.1117895482353313,0.09598999162104195,-0.06305747455776856,-0.025620858990792965,0.07730320148438709,0.01400157915563955,0.08955694494514892,0.4552183074579745,0.3241187268379309,0.05864144631478483,0.30591215260175425,-0.0276364618116843,0.051523154068381614,0.046031232382705685,0.08893608854540636,0.1141750694260519,-0.5307141037755629,0.22419563940776882,-0.4176530079673953,-0.2855812303079524,-0.00021366621894429417,0.22768572756668606,-0.13782756354508938,0.13708030928663617,-0.16593384775710826,0.039228094770824416,-0.3743419931185383,-0.09450808643273069,-0.4129442094899315,-0.14380083611112687,-0.2619960069771401,0.12533638896669752,-0.4106891779390369,0.24720857240136324,0.017699154873541355,-0.1599718964185005,0.04336987687277842,-0.015098192787702764,0.16514053705318532,0.06323542610440411,-0.31011225403518083
0.23436375208661622,0.20991816865073118,-0.34797898334295674,-0.2809955276140025,0.027370996363063466,-0.04756192025236358,0.04681714548271158,-0.030155987344555425,0.17345110146295814,0.067563981924102,-0.04514652474085475,0.061731474083762866,0.37234192985306197,0.34581850392528213,-0.3689158820010074,-0.14075939750584823,1.0,0.5410990062431872,0.33356544042966324,0.5643037470956493,-0.24429786911476148,-0.1804092833233486,-0.583162597968704,-0.5339572916020062,-0.44421640685889074,-0.29737346594878344,-0.1769613681445163,-0.3388184585510225,0.6229350356719674,0.5306673487621857,-0.44589080990705887,-0.17248870687439985,0.37284964778317925,-0.01308033716194784,-0.2888450898046947,-0.1500823454741202,0.3282945862466478,0.12521373488766627,-0.07153117648939082,-0.28833071598686866,0.10721091926839466,0.39877083898485227,-0.2600579729419073,-0.10173255431052261,-0.17820264599282934,-0.1248540183565967,-0.30602980175241534,-0.09623525962469988,-0.13902787376774775,0.08426048042570504,-0.6162534613362364,-0.3569404257473426,-0.2883911079313005,-0.07630277623612147,-0.15234926626181214,-0.21193218863904847,0.4619783901923265,0.26783047171577257,-0.12027581804740282,-0.025818730056828887,0.2215216423422341,0.04760541068856782,0.3607213568551966,0.12344923254427059,-0.4494105304367731,-0.27151243677581677,-0.06413814103666676,-0.160389461672523,0.12753150096778365,0.015410431044916234,0.12724134907325538,-0.07623419044010402,0.5458000486293799,0.18473171288920856,0.15308756095989207,0.42942834835820753,0.34769736162974757,0.136942298450722,0.04591864500248049,0.24168525672892255,0.6674053174708894,0.5233172910925024,0.27843252663715645,0.5269122146026081,-0.3590356612349444,-0.3214267114676692,-0.2183566497887769,-0.12942337236910603,-0.5221326443710883,-0.38549412641855335,0.010801506389217721,0.12558141059508401,-0.0919161394370112,0.002741389712729694,-0.028396732297206406,0.2887843084025017,-0.1523315105055694,-0.050811438482532036,0.046283230047801584,0.29153645828185637,0.19031836422897902,0.36180530800946287,0.1614448372152592,0.18561844576398118,0.09282716816539621,0.2819350832850684,0.37751114675578135,-0.029825482885897214,0.1941696472601846,-0.1374923041746856,-0.07052271639645041,-0.03072838935892398,0.12514250153879536,0.05214248732336367,-0.13880133349076754,0.03554179860520319
