1.0,0.3146681636813513,0.22876618405562923,-0.23277912643552398,-0.3980134888060166,-0.451350726755187,-0.2873728403930354,-0.4125920155239024,-0.3105480374101021,-0.5527923944161955,0.2170999200904744,-0.17980123707131815,0.05461312681170071,-0.2461478738203785,-0.022997826945350772,-0.5259425187588087,0.25466195422948806,0.10626731680017017,0.7800003273531293,0.4382895851710042,-0.4448050897127875,-0.3353641485850679,-0.024770549142866104,-0.4130450779591716,-0.37406996558589645,-0.40624225658989677,-0.21646915383881232,-0.318754627756016,0.3911423130643105,-0.00018807395906206113,-0.26290364829294605,-0.3380222428800888,0.4499358894081616,-0.13929600614704835,0.10059307073243232,-0.33020148567136975,0.020861233484807576,-0.08709807580263744,-0.08999604693323526,-0.14238205024743608,-0.09860271805025204,-0.13616782579006226,-0.09363651672970202,-0.02782999713143785,-0.10266086993385423,-0.21106790523121335,0.013749049141956356,0.046425574617937795,0.1427813091069067,-0.038823537847362186,-0.21516914403935916,-0.06001249375542987,0.0912862653511952,-0.1875999331547616,0.1773798533798304,-0.03931312061335976,0.4069761948706207,0.10110579439060204,0.4630310427130602,0.3117744803353805,-0.047615194438422305,-0.054880717786463716,0.22235287384377614,-0.19114632558034717,-0.4070180314189621,-0.5169113493709104,0.4816522542644729,-0.18160768880879574,0.4152898143730414,0.33441167165589875,-0.20261156666347044,-0.3125620618339014,0.20353021892050618,-0.26301870116369963,0.0029343765245740516,-0.3696753457401028,0.07693102014764887,-0.19041540951773261,0.07642130854464785,0.061607901944977665,0.25874795809707063,-0.27966335589741825,0.19238037521896612,0.13030930104968544,-0.033349241285651185,-0.178546839392491,0.033761494292773045,0.127469020652602,-0.03369945339130211,0.07230712633849701,0.011541856142029579,0.04230176854487502,-0.1154845788265522,0.3450795209570443,-0.11050181199547993,-0.15740074117312952,-0.014388105992418005,0.16401597934066717,-0.09720702068505277,0.3530605912144948,-0.04741858949855011,0.3452269602408093,0.23675274785466272,0.4579516462415356,0.02224881712266375,0.011968296805103666,4.6511108947630955e-05,0.0379155625060552,-0.07247181589319757,0.053959043570563456,0.08694916962001493,0.09656960497986027,-0.025609129471295566,0.12465473538486893,-0.05014658941589459,0.03973721188765138
0.3146681636813513,1.0,-0.1669412092824387,0.004734592330934122,-0.44574202981266386,-0.15797768125306746,-0.3057181951286467,-0.07801658464159658,-0.22607136714756856,-0.3337299281968539,0.2014795730254491,0.16997807668729153,0.12818407633227338,0.06479010214235925,0.18076381192454374,-0.06538342096606115,0.2859193646364334,0.3004797832845037,0.3246008182040596,0.46919111922739903,-0.1482578557021842,-0.19443624669188198,-0.24828026147852636,-0.4124117929656249,-0.20145953172039593,-0.161435121236361,-0.34153831901672116,-0.17178638634328414,0.3794780076927496,0.3946908070169349,-0.12294962433816686,-0.07823752753132766,0.1877110821633989,0.1546619521689862,-0.3582119823970765,-0.3813285931165656,0.16603019623916224,0.20085233879631242,0.0806937107967964,0.043028070838937116,0.08876601019219402,0.19499707371070657,-0.15251082046767225,-0.12261096385992165,-0.17284203023554875,-0.23620638837480706,-0.09653797991633496,-0.01725645936880809,-0.14510615769994195,-0.11460858870298757,-0.19189555770088781,-0.06264245122999268,-0.07428659278867637,-0.2325594004821773,-0.09918394015948581,-0.19813124763465378,0.07745811871354068,0.5298368136426944,0.1735872872433607,0.295868268419599,-0.04533424405974588,0.15925137276747417,-0.003289746768397066,0.11950689973773262,-0.30028091327925216,-0.27888042254649836,0.13668384233724318,-0.35530935066624536,0.32553027083477626,0.21692308639248822,-0.12389992521229426,-0.34589631345808164,0.3610132333846374,0.19464274730840075,0.07059043919842693,0.03441015908567459,0.1930531120414008,0.18980090451207465,-0.00702847891122989,0.09112750804527084,0.1026554534891834,0.02739163359255538,0.2347961720353259,0.35876599338465753,-0.19004755074728485,-0.2630686397835285,-0.2767312075931497,-0.33036279278591496,-0.006432447252368908,-0.20103490623228643,-0.4990066977147007,-0.4889340848287541,-0.28856975206181484,-0.06627607603511534,0.1180743265426877,-0.02993402750729793,0.30982439691757957,0.10919796339626611,-0.3055719034196293,-0.15137322408943224,-0.21504813297553357,0.008187186046627182,0.191590900898056,-0.07746826663316107,0.14422375967166132,-0.001246130916792768,0.20501933357535676,0.10207570457521509,-0.1397526603249739,-0.215156907638513,0.11649918662618328,0.23103377509184184,-0.022338310898940145,0.22248668979530292,0.08640379818101983,-0.04796819632291597
0.22876618405562923,-0.1669412092824387,1.0,0.3343873708544315,0.42167578516299725,-0.12147990347526053,0.5965103627737571,-0.02791298967042298,0.3660427247072315,-0.08556851171842941,0.013710987505196741,-0.023764061880436955,0.34287735810569886,-0.20166381941097491,-0.005323356870888469,-0.17239289436515776,-0.23309691497235682,-0.02193379661824359,0.2794235064656099,0.26504757900712944,-0.3549266864743947,-0.26163712614694035,0.33118904802072124,0.1156216817361194,-0.015631534113375034,-0.25661568562241927,0.20306895237660166,-0.029699415355976307,0.00560636217183443,-0.27917583935332874,-0.07985080871098196,-0.13493578680796622,0.029805579432134143,-0.15870552484599326,0.2578449355756069,0.19938738929995248,-0.2411757134568315,-0.3614498829147152,-0.2640594315786792,-0.3003609301849609,-0.2410396857778719,-0.295083115672954,-0.2305893008939441,-0.2603273259112237,-0.0702219417612038,-0.142301340772354,-0.23012377293637432,-0.2852484636256464,0.16200202908745898,-0.21326958653025685,0.3944860317135006,-0.09705201525976781,0.20542160214573219,-0.09303483532833288,0.07253254571971382,-0.2960084407239541,-0.40501329341401093,-0.4015015266268048,0.34994088975520155,0.17411707207465232,0.35442757577437034,0.12525399308472052,0.4995243086742008,0.15527713370597526,-0.010782208144689219,-0.20065911092679553,0.19624089320941496,0.09121658715224225,-0.13199191185306308,-0.12911973399981566,-0.4020750066691165,-0.309259876061297,-0.27175086186328484,-0.46324039635892367,-0.4226079335517017,-0.37605939283611595,-0.5305296586561657,-0.5426095297907338,-0.4958834804480711,-0.36892455032537236,-0.12300551486660419,-0.11919435038813919,-0.23869527259762532,0.06072302118886881,0.1421164027729288,0.18484196331724942,-0.033062119383122236,0.20389768672810993,0.0739612474685961,0.16734343018852402,0.25087382135191166,0.28514961172827336,-0.016309994333547,0.2828544693454229,-0.15399603405131793,-0.09135076059644685,-0.2684072362606938,-0.07499254894713842,0.04817208913102415,0.06664735197301781,0.07985171442469945,0.3983039319906662,0.21675769137742187,0.23033877355744006,-0.11523694352092814,-0.0322648803766367,-0.005437033805337057,-0.025786078004727996,0.059425814563336725,0.0015234813511468448,-0.12542618691900986,0.11681369735787818,0.1819255330478346,-0.06161043168368312,0.11252016519543201,0.15914755770919037
-0.23277912643552398,0.004734592330934122,0.3343873708544315,1.0,0.22605961266720223,0.2600010101660156,0.3292964259822457,0.4131799478859194,0.11954235465584254,0.10371855865162825,-0.14886012512363225,0.5383724896060305,-0.019409046047879408,0.0954344311548263,0.0873834933036867,0.3720778461580903,-0.14881591606951894,-0.006815779602228614,-0.05905832956570678,0.2311539009744756,0.09299737372375956,0.004975760455438057,0.235137836409032,0.5229027561626653,0.2541423663057481,0.1158626640304433,0.059669526233613164,0.06264766318739819,-0.05956085780766703,0.05044584273278792,0.26001181334025575,0.42558130272497463,0.04222283938172706,0.18600352688516728,0.02252258550453853,0.24258438185871364,-0.1377136333743041,-0.0890833449416741,-0.026750552800212112,0.08522197194286432,-0.0356854876577263,-0.035496061979057414,-0.12172121801606353,-0.13794990043221142,0.05428768620053257,0.0915434441003976,-0.1522198113516604,-0.08720634117073371,-0.07356047281656723,-0.08047676317940076,0.25292665002230713,0.03813743117774162,-0.04115517263899699,0.11517395037252301,-0.130433081675318,-0.11095312517093853,-0.4231599086644684,-0.1846958626421782,-0.08333543563140418,-0.05892118722525214,-0.012673303700568997,-0.06651480950426202,0.12602021567844732,0.18425920018605035,0.19239561696885144,0.24693740541066983,-0.1518332637402709,0.1460178880117384,-0.2641623600649373,-0.43372238370790867,-0.27680689055847046,-0.3097008115315141,-0.08987144253323649,-0.04350475951269189,-0.15467624349441086,-0.23082460621764764,-0.32990345645768365,-0.38310673286034946,-0.2950353880704032,-0.04880578454450999,-0.17761538404692157,0.0935120500842161,-0.013078913524987103,0.3967072192910502,-0.09414351344107838,0.1427872727011873,-0.19265448257063364,-0.09503037631544914,0.1199691314620406,-0.012256005647445539,-0.2107815603926818,-0.26315478197681746,-0.253605024446898,-0.39554766951123876,-0.13197556485007667,-0.15150044507689203,0.15788144164750484,-0.18980924666153803,-0.06858606069997131,-0.3465561419565133,-0.20606427270269062,-0.23444311277570762,-0.002422568540097068,-0.3311363509989097,-0.2144078441553338,-0.2234275944457647,0.041956647085936966,-0.03761111887951458,0.10698421917486249,-0.4051892218924221,-0.26549651447320216,0.0359514929420927,0.11362693751677296,-0.07670436478517756,-0.1538796255257112,-0.1746929733828334
-0.3980134888060166,-0.44574202981266386,0.42167578516299725,0.22605961266720223,1.0,0.42763151251514553,0.5056308858794863,0.31490239184778684,0.39058410636954777,0.46351001892530475,-0.08250451055797996,0.22067128468178898,0.0920866243958834,0.19282456958384342,0.18094407800336665,0.3467173587030118,-0.26699782046872167,-0.15872458899506017,-0.24242147498326075,-0.14553746621928604,0.043329441216207534,0.16984089328472193,0.10255964758494271,0.413045398387143,0.22983105230576062,0.1915702300604271,0.4681432731339857,0.2996131097259758,-0.27511830748161575,-0.25063902275969163,-0.057918953166203116,-0.043298004286490624,-0.24473086164222002,-0.045396753462969744,0.21612556175508807,0.3444215908687929,-0.28550213157447724,-0.40751996948861247,-0.1516353075260179,-0.19739052678067304,-0.1743026957345545,-0.21810997832249543,-0.188326906989743,-0.23129594521106378,-0.01515875850698962,-0.0035095424741978026,-0.2902471865234679,-0.3189009545802102,0.03785470435223298,-0.2487426414198456,0.34594575129450417,0.04335035616466953,-0.004793563862831905,0.02270609189357938,-0.1182927748104331,-0.26337898157156947,-0.5025175742362238,-0.5175358169857256,-0.018129038236358017,-0.16002119139071702,0.3660356593675003,0.16308247516661742,0.12046468250454746,0.11630340079779997,0.47261152347546875,0.48653194391769283,-0.13039429880683032,0.3018399923707008,-0.33669087128077335,-0.30434043911123154,-0.1462476632398936,-0.055125592336339437,-0.3378922895479037,-0.22305112159360635,-0.2022197671553446,0.0025820189570212467,-0.269576012792534,-0.2240675844072068,-0.2495504572154108,-0.25215861941891754,-0.12486848870186446,0.05947926575414557,-0.24042185331721036,-0.11672611292511831,0.2154392921895544,0.23794149581690519,0.12841485796233124,0.1448212084640941,0.1585486700508892,0.1800478024384833,0.15735288984029866,0.2824708261888079,0.155232030662856,0.08785087404797724,-0.1199019678735018,-0.04668574268121704,-0.4013214989878202,-0.16841263574102192,-0.07792974277143722,-0.24752296096268003,0.00959365247493986,0.01609916707968669,-0.1973977928745953,-0.19026412463637957,-0.07974944462636245,0.03824805432563557,0.040139626453077906,-0.15961868187206812,-0.04732611454848414,-0.014997853403730659,-0.17076655260105578,-0.06621142297668452,0.049292097933046806,-0.15504789441115058,0.20159712475418726,0.0009635498015361371
-0.451350726755187,-0.15797768125306746,-0.12147990347526053,0.2600010101660156,0.42763151251514553,1.0,0.157505171411537,0.4318626266176725,0.2564715075750173,0.643925095580449,-0.152871768139914,0.4011417542944604,-0.14180451897571955,0.2939539647527282,0.127917109887091,0.501972044470672,-0.26948296462682403,-0.16437880738376381,-0.26782533540398673,-0.19618779671758113,0.21865665820374072,0.18829850738295806,0.09661189766887097,0.5673646802848138,0.58781059544424,0.5346900621902574,0.30972651035882137,0.4184438001703612,-0.4116222076891297,-0.1709798574556743,0.10800245330455976,0.1459873330928919,-0.2401819325489358,-0.02803487322133033,0.06639564469688737,0.33589037557231677,-0.28049285586062916,-0.2319907877138643,-0.14723312740534703,0.019368480334304272,-0.13703497360455275,-0.2047864887130669,0.08122738402940291,0.07311421765929645,0.16941952385877465,0.22757439162885587,0.03868249756904294,-0.0300402283824874,-0.06265763154241932,-0.01570442372435668,0.23167759140790234,0.12300519448276877,-0.2068718805380524,0.14818774740148027,-0.3132771009965476,-0.17174143323193555,-0.22900137702855716,-0.14103417930645695,-0.30638997140376245,-0.2976305789509184,-0.09524176106096241,-0.020536057141827713,-0.2807937939087374,0.05583148451968921,0.39061290599231796,0.6743970033511246,-0.045464451612655735,0.4107834987678237,-0.1400228934283231,-0.15270410543981633,-0.12518055626902286,-0.07079406773468168,-0.26710598013126785,-0.06102193939857903,-0.09349030233472294,-0.02938103216916343,-0.14646447146813202,-0.11543295992660042,-0.0807338355690804,-0.011530345211158016,-0.32281379548702854,-0.10119909388993181,-0.18463369535252513,-0.10390956935859859,0.003221477933623378,0.1316576347144263,-0.11913513359723261,-0.23323641316623656,0.10271941795789735,-0.007480789836378595,0.001544917271122945,-0.06838160475924075,0.008441254814049389,-0.3448929395679045,-0.05656215628912912,-0.03805498851915419,-0.02138726608611364,-0.3184229722019789,0.01641598416862223,-0.45368843912009704,-0.13015653569538224,-0.38564535203278366,-0.11405440690325563,-0.3088047738641395,-0.056468219898910314,0.04557870863127288,0.004525912569225674,-0.06251807471093049,-0.024373439058757676,-0.23005627404280643,-0.059209714309597476,-0.07144962508700116,0.02340867978925219,0.010398591424002837,0.16763702996537677,-0.2140630985362781
-0.2873728403930354,-0.3057181951286467,0.5965103627737571,0.3292964259822457,0.5056308858794863,0.157505171411537,1.0,0.23084499419997248,0.6265978129951104,0.40367409640161933,-0.08710534183241994,0.08601945482579834,0.21862544728120661,-0.14012128122605202,-0.08321968786545882,0.08147951979570138,-0.3775148079754059,-0.2270360938708198,-0.1720495420666215,0.031557198554016154,0.00166707784508765,0.01944724356687605,0.12013619084968166,0.251632667839843,0.15607761457035732,-0.021632379076874188,0.2273114828583178,0.2179857111947497,-0.2672798647763396,-0.2699882361235168,0.047711497474399095,0.08001477515962203,-0.19730337531070335,-0.033099885668066965,0.07112589535629447,0.2422546050672271,-0.26900615688395507,-0.2571682778245331,-0.24843977123556865,-0.07533175355870357,-0.13750124513205608,-0.06822085189740887,-0.0523986808862307,-0.07686247123905221,0.10540636816910973,0.13229747801411787,-0.21964734086219218,-0.1620825386757892,0.05655840106505624,-0.07490725369175417,0.31070580311356255,-0.10673360913175468,-0.06816048603222256,-0.15525578288788985,-0.1941629389630328,-0.2567129227713147,-0.5532606739527038,-0.4153337177632142,-0.09858519385847382,-0.18128512614164916,0.1448257644127642,-0.0020552335251656432,0.1021151577557395,0.06116855717141339,0.2956341768353914,0.2088509646165632,-0.1771595122302551,0.20647267402530245,-0.34131375438301065,-0.2557251416001,-0.13107082427301922,0.05316395559379497,-0.34153302662867174,-0.11355933531213747,-0.2105110837359061,-0.0776077626455394,-0.36885642040876376,-0.1753800067536291,-0.4228506990257951,-0.4652651712222971,-0.3098021358918872,-0.019929934098336145,-0.417089242809712,-0.07584008013818339,0.09678377027791676,0.26132836430456735,-0.15591770840473834,-0.002805231189162096,-0.07070630878104721,0.01147586173661048,0.23869252019132065,0.28926820968240785,0.22495083075668917,0.07493740837404099,-0.08733462517610521,0.14682736757411743,-0.2543374537455897,-0.07222601194969366,0.19425468516333508,-0.027355859331438297,0.24708078838657202,0.19485605099983774,0.07508093730126293,-0.09177122914212103,-0.06714637474708203,0.05639025962937444,0.01827768777550896,0.069797194920059,0.13827729039679393,0.1034818861336536,-0.0826777334783581,0.1656419459520544,0.236119155996811,-0.014767056139298242,0.07246310769252932,0.243660041614896
-0.4125920155239024,-0.07801658464159658,-0.02791298967042298,0.4131799478859194,0.31490239184778684,0.4318626266176725,0.23084499419997248,1.0,0.1047110531123439,0.4258777217647008,-0.15420252270650917,0.45213956165906416,0.1799347416083103,0.6268548213314566,0.19545448920283648,0.6048387632889959,-0.4369528455294824,0.05723089399499109,-0.3723312802619519,0.10936331748341165,0.10133235040876164,0.16084528899409914,-0.03390459528242081,0.22971366122725198,0.25866946797284013,0.16665777826577868,0.16615856278510674,0.1786321707160671,-0.2644804560260426,0.3267294919061134,-0.09679197935096667,0.34181382766002655,-0.26605451172272093,0.2231574750140367,-0.1749132135693316,0.2522688123477489,-0.06522606898896047,-0.16690470792979717,0.05888692217657446,0.06701599430192055,0.09396048185664102,0.15970870172590187,-0.285046420017138,-0.15620223793581667,-0.13800959868544288,-0.008683207622838732,-0.15017279473236048,-0.08215990064220546,0.1860053864699685,-0.023852526845502976,0.17676807732408698,0.3957126576349291,0.20701360979981706,0.07940807466995828,-0.06815416344334531,0.030711279161893007,-0.2487328198910614,-0.12649247359763402,0.17058607855915434,0.25470266771268724,0.13207653507852132,0.4994742659540149,-0.3809703981172892,0.31064467911909377,-0.09126576571932903,0.4854035438070304,-0.48774004250545655,-0.19169573793168343,-0.4650613270872134,-0.5932650026679425,-0.092763047904147,-0.11022347834997923,0.10529730762865026,0.3082899526238104,0.2531827762784312,0.09012458413511613,-0.07350958213361258,-0.02382221453742267,-0.3068058829940217,-0.13902846773091773,-0.294522562013333,-0.12542385616445703,-0.21413101337067214,0.10630442760171148,-0.49139335900350856,-0.43597171407092516,-0.23961654783424538,-0.4286487539438854,0.15520453166860992,0.14708755839311966,-0.15742752092449694,-0.24355293333966918,-0.14944781748548636,-0.2802628436292812,-0.1587473878381878,0.020668358524475558,0.044023807103015206,-0.18331978119902795,0.21898817639352747,-0.1394651437414314,-0.06100506375809981,-0.3867202629391617,-0.012316531795646998,-0.41480769234438675,-0.17731223528834378,-0.1347638068725885,-0.11539560609548502,-0.14096381973518085,0.07035331156544361,-0.2888844807055967,-0.0558159173227838,0.1905172893413081,-0.01576797468123662,-0.11791536301921754,-0.013125432149262527,-0.05707826015820209
-0.3105480374101021,-0.22607136714756856,0.3660427247072315,0.11954235465584254,0.39058410636954777,0.2564715075750173,0.6265978129951104,0.1047110531123439,1.0,0.6525124847284325,-0.24414412537949107,-0.06793120320987628,0.1432025101446833,-0.17487191899236137,-0.10749860780893254,0.09831072861555491,-0.3396026117297192,-0.3343379704544027,-0.22534052737161794,-0.18297027069435842,0.17880032249806446,0.21522491023871437,0.11768313583694674,0.16656341520963422,0.33291403676253356,0.10655911880465839,0.38564039017212975,0.4208482537082166,-0.49378588456450706,-0.438238015189629,0.01984808612653046,-0.09429051691407433,-0.28821431732743336,-0.108049548033334,0.07896885469294226,0.13003939494749658,-0.22747578246393074,-0.14409955561672108,-0.22100867091875764,-0.07402328597814016,-0.2481518545201917,-0.17634137693059276,-0.06788774298858175,-0.08708547213357401,0.04936629078898621,0.07369362028817251,-0.052490698336616064,-0.14347177123312166,0.14710920131076818,0.0326135439915577,0.4294691832728525,0.2478208116867747,-0.04965422276089479,0.14825072910015372,0.004508321457564923,0.03215798763825706,-0.21881909320848442,-0.30811008925395533,-0.04823346069985648,-0.18101866813706663,0.007398150544519253,-0.04035038987783937,0.01010682755775027,0.06807037589885714,0.25203067783977057,0.2871638317138668,-0.10679508420510701,0.27555131520329457,-0.1512556220659461,-0.08338709005748732,-0.27361624646358956,-0.0759337840974523,-0.4959839494641517,-0.33382111572884954,-0.33682089017522393,-0.27809174894271443,-0.4894122727200783,-0.3294341234154208,-0.2885929275944142,-0.346858882837808,-0.4172566314853292,-0.07324798687399317,-0.6224204314169979,-0.35455042422107697,0.0742916846082182,0.3170552237497291,-0.13203724521820362,0.0697356925375334,-0.2628617263406478,0.23809407916257483,0.23157219954721978,0.3299727622300431,0.20012755634810744,-0.09257461964085031,-0.06669739541145954,0.17702127234281131,-0.20421545392234755,-0.00881282878229198,0.27364971093273466,-0.06323544833526946,0.0035512082270185816,0.10129456391283773,0.016945918983402367,-0.02810492823414746,-0.10522704476854611,0.1397746134516756,0.007490617095895998,0.07661744547231644,0.03575238756142376,0.020858504802060595,-0.25410106953737777,-0.015631852305383633,0.17377436796529497,-0.06963602501988374,0.20542351467830144,0.13938505630965192
-0.5527923944161955,-0.3337299281968539,-0.08556851171842941,0.10371855865162825,0.46351001892530475,0.643925095580449,0.40367409640161933,0.4258777217647008,0.6525124847284325,1.0,-0.08067769318108871,0.23954592630976512,-0.05279586174443136,0.22546716492431831,0.10530515929964222,0.49872109777957174,-0.374432296218214,-0.29024022282054013,-0.43343105466420634,-0.3912944527961867,0.3985489451139615,0.3849199611799476,0.13291394354627248,0.4175167504345924,0.5934901127851074,0.42141370923276084,0.4728261748342503,0.5888327516837324,-0.5676046067008822,-0.3097480362825089,0.10516343194766373,0.09550731798091948,-0.37254194276648483,-0.09304012031754916,-0.023971237991613104,0.2251284554228629,-0.29430552172187946,-0.1938193185229618,-0.11495677755681329,0.019641954327650084,-0.11254121624304225,-0.15241527451972522,0.043239174442208254,0.0756502607813593,0.0322506876863215,0.14769136620121068,0.0297324703747087,-0.025417981512812722,0.04967316687052363,0.08744352399867596,0.2917294622387288,0.36711857105166856,-0.12734034540406838,0.18634572753141573,-0.19788436519625388,0.05398758770439585,-0.17365329194636825,-0.15324765672667398,-0.2462366840553932,-0.26717314948246634,-0.03586077915386522,0.05057662995955929,-0.37336081878545935,0.014368879274179656,0.36241016176262103,0.7630988837801085,-0.2882415023480841,0.28518871044845134,-0.2917932381682532,-0.2523414758679813,-0.09721439811628112,0.05075861670164535,-0.4177723077813719,-0.13650468465793794,-0.0528335327346316,-0.047868630786341626,-0.1918928735053194,-0.016386517844953975,-0.08372742093170198,-0.18312073868352585,-0.4938158807722691,-0.11568700981605001,-0.45516850353633315,-0.41320671608054227,-0.056641098204588784,0.12403259944601451,-0.14177570775398302,-0.1453764669607503,-0.02287507800524213,0.24158933553518228,0.049083217451288616,0.16818092542366297,0.17269153937815276,-0.3110681368836745,-0.11906777108625363,0.1898986627307492,-0.2087590088516773,-0.23724751505465833,0.22622330478206204,-0.2829258960145828,-0.08239998510637643,-0.23137115571229655,-0.12004285423048824,-0.2907572427301862,-0.22899891602508754,0.050818980194554435,0.016879993914023766,-0.0701190797946676,0.07797371121452915,-0.12475439998752672,-0.17844612184127515,-0.17062247815878598,0.026795547904837687,-0.1541045638106743,0.1049896690944528,-0.04969253045258947
0.2170999200904744,0.2014795730254491,0.013710987505196741,-0.14886012512363225,-0.08250451055797996,-0.152871768139914,-0.08710534183241994,-0.15420252270650917,-0.24414412537949107,-0.08067769318108871,1.0,0.3170369642769941,0.36799567434131125,0.35096410971953534,0.4163491660337349,0.18976953286929057,0.1713459116310011,0.35289055321996105,0.15268354474965634,0.01692585393494748,-0.22365275983753835,-0.14015210279863088,0.15971816337465544,-0.09500708920487297,-0.154705202393746,-0.19602701169633296,-0.13356387024004474,-0.3095818490448846,0.4680438079356081,0.19490484678973058,-0.25367675373225457,-0.19701650983793834,-0.09262728066629948,-0.3463868017825042,-0.252196843785594,-0.22244739670407657,-0.1806141504654988,-0.0940156889592557,-0.04896666518339572,-0.06513919174752285,-0.153007400906363,0.06827061447559189,-0.0047563163923399834,0.06935475320808077,-0.19595607046012453,-0.2542528654426384,-0.13178283807153957,-0.04799106906710856,-0.0943972013449637,-0.17751175079487516,0.04574019438976736,-0.12397159562130215,0.1207431762523019,-0.1719130248780572,-0.03683002829746159,-0.3294128903942202,-0.16594137951457058,0.12324770660969969,0.12689298702453572,0.08867799098678097,0.34601600180055875,0.20101016798515794,0.26060253986678517,0.07795806119138983,-0.0776585929685856,-0.18284833987340918,0.003798095756453216,-0.36496911618335315,0.07409052510289023,0.027629062460461956,-0.05898631374429781,-0.013198997401099482,0.15069796607630864,0.04851759845893062,0.0756386948191811,0.07738479394258205,0.12068755960137277,0.16549501314571116,0.06563973637852019,0.12139405896095681,0.08966325414706776,0.20249106476729034,0.36435936812853303,0.24017316321123106,0.17915578301155763,-0.03941294278757217,-0.007951861573081585,-0.005579533710797956,0.2898569226617807,0.03581866936088421,-0.22228240928273638,-0.1965236020957189,-0.2690915774686732,0.01742731387609387,-0.03565352488538581,-0.17630196586534266,-0.1787157492619482,-0.0455759467874442,-0.32287734464648865,-0.19851521205206554,-0.2017827537008314,-0.11042145487303276,-0.20294666723475385,-0.12453673961427311,-0.1565689539442155,-0.1372371553460131,-0.02219160375484749,0.04697693577709816,-0.01122314303448521,-0.13375957299613278,0.07006312540647709,0.14695802475446246,-0.003911175732164001,-0.015422152416954264,-0.13239998818785476,0.00614040562455705
-0.17980123707131815,0.16997807668729153,-0.023764061880436955,0.5383724896060305,0.22067128468178898,0.4011417542944604,0.08601945482579834,0.45213956165906416,-0.06793120320987628,0.23954592630976512,0.3170369642769941,1.0,0.20839811267699082,0.6163897992993638,0.3444208551853565,0.7197261033505832,0.05393597464156924,0.10576579586518142,-0.03550321039944521,0.2714485952329095,0.044821529678080056,0.07150454185569174,-0.07638413553618574,0.34923923603104184,0.003504897366461368,-0.03348835197765374,-0.11243652913112491,-0.02252565088134564,0.2429061204825099,0.2859174777391983,-0.11430830260671644,0.1588518647741156,-0.05293017993389404,0.01818856437774793,-0.29194170265811636,0.01568989100992849,-0.16015078592774526,-0.11979972116726187,-0.009671404436840647,0.0340666530292543,-0.03428033939576936,0.02989163821224611,-0.05404769430181888,-0.017798902265067133,-0.015557200657227141,0.007276802321847123,-0.12206260914367907,-0.12899968038340573,-0.16567797828974729,-0.1879025423204241,0.05697700843033205,0.11556584074927086,-0.015997529388707816,0.05073489170038544,-0.24497790639687142,-0.25975635768954036,-0.3904718882445302,-0.17055064869530742,-0.1359980918863017,-0.12046973785258568,0.17099960148127652,0.13494649186738572,-0.009002844588045181,0.14454905618311398,0.16981735575007317,0.3638931998463881,-0.30138583069483044,-0.09829414199867055,-0.08024089290156376,-0.293125706177478,-0.1867435754137713,-0.14787586821411894,0.17253521708893815,0.09550924447182772,0.0954404205622898,-0.05963839326097954,0.05118682830760164,-0.08763940699841694,-0.10409579702931758,0.056687964922970846,-0.01744293138250748,0.06631891557791213,0.11977807785503725,0.515736405300263,-0.13575523117986896,-0.0857423819189717,-0.22950393570951375,-0.307338758014573,0.3522234477398275,-0.017623258348417496,-0.29527675543145593,-0.34310701496867535,-0.230835218307561,-0.3650006772232426,-0.1897921014515391,-0.24448913088897692,-0.051398796007794505,-0.09072963331172462,-0.24282856700845928,-0.4243133092410916,-0.2380539577743608,-0.3878145919944083,-0.1623145683128086,-0.4370970234783396,-0.3121631318602525,-0.15854096790341646,0.12020751308051662,-0.2200877727355756,0.03139014090480735,-0.4252383418434551,-0.14054900010871657,0.05046782590827802,0.12294035654275955,-0.04804429621043965,-0.01788249142859814,-0.266393741864199
0.05461312681170071,0.12818407633227338,0.34287735810569886,-0.019409046047879408,0.0920866243958834,-0.14180451897571955,0.21862544728120661,0.1799347416083103,0.1432025101446833,-0.05279586174443136,0.36799567434131125,0.20839811267699082,1.0,0.43984454861858585,0.3092837302139849,0.2765543702604845,-0.13719451919529885,0.27720336363750786,0.15147044050442138,0.2753542370727934,-0.10044274408309466,-0.07118637518072991,-0.08952108270140016,-0.28171473427158106,-0.1564062821091322,-0.37049537073782934,6.246276370771487e-05,-0.1599410081902445,0.3720453217320817,0.4042143058046629,-0.35550464369129703,-0.1315801103052549,-0.09760223198104599,-0.07659892538253332,-0.3656244369676624,-0.12015875520491644,0.11474430825164524,0.06221433932115538,0.18019499916054982,0.05770799482245821,0.07913696160478424,0.20988220567877505,-0.34015511854012115,-0.23128191635260714,-0.3342989219511072,-0.3698566976305804,-0.1936457775063937,-0.18456577121215934,0.2085231519092473,-0.1951603259771256,0.14163204155348524,0.1162029557612523,0.4766637652644682,-0.1727664713530122,0.24572159997935342,-0.0027283322535754263,-0.3712869951631287,-0.1959845983451679,0.46074982889225896,0.4189049793590672,0.5409878217216147,0.5461866689651038,0.3642980333861421,0.3376252386629998,-0.40009248648863477,-0.2800480441616894,-0.19164919489698548,-0.5796614246383488,0.04557215800175382,-0.0763158287200526,-0.008097601890616944,-0.05579356216484646,0.31958214818331476,0.16752033637924993,0.05361539415066183,0.012165005321375356,-0.07842361292088589,-0.13513877025847892,-0.4063545437325721,-0.17074116904961376,-0.16215631929470053,-0.11791644966712801,-0.10350903759243273,0.3847174332062569,-0.32874422073279796,-0.2761462090660422,-0.1433397745593233,-0.17341243092014963,0.256309792166133,0.2971210534490601,-0.22162860346959026,-0.2584809016714077,-0.4048440591736748,-0.07793638964487903,-0.01953273381612054,-0.21656695821277017,-0.12380864684840272,-0.06890190531883007,-0.1162523609736637,-0.1054115960168474,-0.11909333025732337,0.025110087726168098,-0.16221854227844873,-0.07021296146054612,-0.23000154879391085,-0.25393605926868124,0.019684710995949588,0.05627625788100769,-0.1814333802067957,-0.218231638059425,-0.2378773179588384,0.09122515511094162,-0.14785160841399392,-0.10888170747279491,-0.055936726107454975,-0.09024872680829316
-0.2461478738203785,0.06479010214235925,-0.20166381941097491,0.0954344311548263,0.19282456958384342,0.2939539647527282,-0.14012128122605202,0.6268548213314566,-0.17487191899236137,0.22546716492431831,0.35096410971953534,0.6163897992993638,0.43984454861858585,1.0,0.3548972498906574,0.7308065028846301,-0.10416099184205395,0.2698655123368288,-0.17352363864627135,0.04127620395674921,0.04596265250755987,0.02261513767340219,-0.14623728463821212,0.038185854006511054,-0.0006782590993076754,-0.03943470035282676,-0.060103883431775196,-0.11169588725635746,0.18959965946434712,0.50551306835813,-0.27513139647192675,0.09645469463458681,-0.14617404741503767,0.00499515947039058,-0.35080575686213433,-0.03135403477758713,-0.037889207616112315,-0.1421399106624861,0.11456009814983557,-0.01776202042521777,0.05434666910604934,0.11455383365207182,-0.24219161704632985,-0.1239084159626039,-0.24331772950267222,-0.23339367080294712,-0.1653384222367621,-0.14220935013437966,0.1162512162494263,-0.21289612896971163,0.11974977238064172,0.35654826297847536,0.3656688405962153,0.11396239360521221,0.016519562068763594,-0.054957138037221014,-0.14158779245620215,0.015726192318847174,0.23374773887358258,0.2599813271601129,0.36327556427192476,0.5388235466134338,-0.18122600767868272,0.28357536183743703,-0.17794175820304517,0.22313847836030412,-0.3210526219740947,-0.412643950168956,-0.08825062112621149,-0.2674815953733739,0.034188159169915154,-0.096249689347619,0.32691203919315537,0.2998651481738783,0.38661061523913215,0.13255366146311048,0.24451730605533434,0.10506139547897392,-0.10776244747500824,0.16918589138963988,-0.18766093051768992,-0.04311663028945532,0.023308114614679097,0.25668351743570356,-0.3921557855703758,-0.4228601045956195,-0.22197005960044236,-0.40602691436170313,0.3328725319267445,0.1860289598140001,-0.30175245627850644,-0.3671665198683619,-0.3831323974577632,-0.2722390467152747,-0.04734131201223806,-0.18262806791572084,-0.08011578956247482,-0.0654179053154158,-0.1757878648080351,-0.2672113714635968,-0.2562542268210705,-0.4396093036192741,-0.25697721531784823,-0.4783332436939741,-0.3390805629163068,-0.20349985849285954,-0.015927555408508393,-0.1891231807473415,0.009577420753583117,-0.31719745878314964,-0.022131410719884188,-0.06138516640677879,-0.1088696805728714,-0.06146053868395538,-0.06353462022143644,-0.09755307374717506
-0.022997826945350772,0.18076381192454374,-0.005323356870888469,0.0873834933036867,0.18094407800336665,0.127917109887091,-0.08321968786545882,0.19545448920283648,-0.10749860780893254,0.10530515929964222,0.4163491660337349,0.3444208551853565,0.3092837302139849,0.3548972498906574,1.0,0.44582245709331453,-0.024269864476583625,0.13305073237541098,-0.06052063097326605,0.007084280145848255,-0.09070423794464247,0.11124529286174277,0.19878063825101813,0.1527436248488314,0.0838801604435841,0.1053524526604637,0.05051310561093175,-0.02645722423376025,0.18222348789727696,0.1487222474873461,-0.21900925503307705,-0.081036960647407,-0.16475698404694974,-0.13238328142721784,-0.4659262607380091,-0.08887862309132326,-0.24136346674529172,-0.2456640576914693,-0.08676443698836572,-0.08623035025616474,-0.26059884778737713,-0.08391321691638905,-0.10216860382181127,0.07099763085128687,-0.24539014475449328,-0.13480758630654266,-0.14892227968771132,0.07880031053304415,-0.07471011292452155,0.01792462785557301,0.08376855518341851,0.17667891477879388,-0.0476063925820961,-0.10265684465742472,-0.2122114184153508,-0.07623111351411592,-0.05055583876198904,0.13052041173656972,0.08422379846708672,0.13503667787682752,0.2887693638928034,0.29514086398650535,0.039746352649337485,0.17435194905424187,0.1411728989591541,0.21794502514528138,-0.13210285353101164,-0.20213931300763116,-0.10135648542985169,-0.13574914394978882,-0.13891583027829382,-0.04644939143763458,-0.03064826204358674,0.025617449150735657,0.06674833700134544,-0.026016058976516255,-0.12211604901224506,-0.12056006113076558,-0.010925084994555896,-0.02581910031968391,-0.022027623326883336,-0.09248573760306492,0.2772286034624282,0.2094704586173918,-0.11594839732600391,-0.17246054563642196,-0.2652656331328204,-0.28858346384701233,0.15668938292505588,0.21033052373233985,-0.18982465357298742,-0.22554940176049748,-0.2030278471230732,-0.09510002646101359,-0.1922555972854126,-0.2063557888011249,-0.14052021534544992,-0.0698630353890803,-0.316618346882403,-0.21249919553255686,-0.1382799708242523,-0.22627617569472372,-0.10230698757857323,-0.03539381178681907,-0.16371367143559315,-0.24450371115777772,0.09843040259901115,-0.018984944761536664,-0.17291143171145662,-0.3223283534052093,-0.1397829493208556,0.08024881073305504,-0.10498055506834124,-0.17227175952679408,0.023761067562785287,-0.09994008986596051
-0.5259425187588087,-0.06538342096606115,-0.17239289436515776,0.3720778461580903,0.3467173587030118,0.501972044470672,0.08147951979570138,0.6048387632889959,0.09831072861555491,0.49872109777957174,0.18976953286929057,0.7197261033505832,0.2765543702604845,0.7308065028846301,0.44582245709331453,1.0,-0.18480108617367277,0.04689510712264019,-0.39056905889530996,-0.060465875473416905,0.354273281471977,0.29791916133450047,0.0930992090828172,0.4769309458923027,0.3105149403035947,0.2681128422845967,0.13815532014144835,0.16531869183727455,0.009463211133438981,0.28485172481714227,0.06339925704121968,0.35524919952277273,-0.20865927728406763,0.14246651014725067,-0.3916802081452049,0.23239091508618664,-0.09213576125361146,-0.059613551848252996,0.08935972709126958,0.1909488201017518,0.04262681462232998,0.06178450078802151,-0.18014101963167364,-0.06478163318675435,-0.14875808991488595,-0.06759924366931659,-0.14448727773594472,-0.10029880252404709,-0.07828401128997871,-0.15841589301080333,0.17636679575147926,0.32056878529352145,0.12666717202162409,0.22917713737871068,-0.1058022467605069,0.0626296713940947,-0.3440131761360138,-0.15657407757750869,-0.18730273413981874,-0.12599282591877473,0.26289458254050796,0.24220171378530617,-0.1503390023385647,0.23035667385187186,0.17994809467810416,0.5328372464360884,-0.5059248255965614,-0.13914499358050647,-0.21366419866903022,-0.3475589020866929,-0.02674445006426735,0.046636072123688324,0.07270169166640403,0.23849172632403975,0.18802977215942765,0.09832921678464769,0.058738384425707946,0.027961067031192454,-0.07963569535885595,0.10100366532937367,-0.2181162569073687,0.06083513051821364,-0.00875559251744227,0.2965769208657945,-0.2982859066606512,-0.17502256551703105,-0.16465861887979288,-0.24132055629282742,0.32076831487965474,0.1634449529819544,-0.3332826938691231,-0.33323758564558437,-0.29821503335286004,-0.5018357128505672,-0.029247217060167124,-0.16573183894762436,-0.03212651625483003,-0.17524155196114571,-0.21402335801403452,-0.47584092000837275,-0.27705975022288615,-0.4983140448725983,-0.33628481056733067,-0.5638812633798919,-0.35847687569915,-0.2983615334032284,0.08814150707553382,-0.1443234415812335,-0.040735824345884464,-0.417654003332877,-0.15526449826672556,-0.14959789587890873,-0.052503145954609136,-0.11265444300668596,-0.09925991602004361,-0.33854768912523037
0.25466195422948806,0.2859193646364334,-0.23309691497235682,-0.14881591606951894,-0.26699782046872167,-0.26948296462682403,-0.3775148079754059,-0.4369528455294824,-0.3396026117297192,-0.374432296218214,0.1713459116310011,0.05393597464156924,-0.13719451919529885,-0.10416099184205395,-0.024269864476583625,-0.18480108617367277,1.0,0.5054664554756484,0.19368315757262747,0.13472638134565806,-0.0889369843700076,0.10315104397236034,-0.31453671816947804,-0.1641062763501274,-0.3333325739131958,-0.13320084560349588,-0.24130059646370663,-0.18403179340545295,0.5771667407523682,0.28210418717447855,-0.11786868404364348,-0.033175352300896084,0.09295987725347529,-0.03816246603014226,0.002195572866313485,-0.3010040622956943,0.32992724215933394,0.3037043809749996,0.31664766472422257,0.19325940524246815,0.08143156169367385,0.17413408452754128,-0.04803220244330611,-0.031750713009622594,-0.2571204265417494,-0.26364230282375384,-0.11190693843145852,-0.05267739679100743,-0.5302545316810814,-0.23673044777608726,-0.34191891990305584,-0.24057716687955885,0.009903872200078469,0.07212627307472812,0.12775170739970285,-0.07611974872929025,0.1909125259306174,0.34422903288189227,-0.137698942448485,-0.06907649538371563,-0.043378819182356164,-0.163010245715201,0.4220962968004936,0.062343064759511825,-0.07089558488767243,-0.34397750438579383,0.14944772090029662,-0.06720709306714992,0.22489929265567854,0.23774866316087884,-0.03908663828422955,-0.07018782979021568,0.29211910267365787,0.032755929111729594,0.0653131356212804,-0.015358433315188075,0.29997760251080924,0.23608054526105118,0.5796250668616053,0.4448451596609197,0.7113311673527485,0.3704842064408028,0.419204209910298,0.3344005636931785,0.05200613679324584,0.016180707596823374,0.033117798699593304,0.036443375774839,-0.18512373663128934,-0.1778439928561236,-0.19745249325489128,-0.22304668710688652,-0.08400305543046639,0.05259391728677166,-0.05593496568879867,-0.23219291879883872,-0.0011141286308962118,0.13959040088428712,-0.390282130191521,-0.1855683752950696,-0.11627278907870552,0.021979639787207923,-0.08288183401416499,0.13918509049999744,0.10048236199954565,0.07550611422344429,0.09924524154676143,-0.03985912728455805,-0.11054049663799119,-0.07637707224731202,-0.08120347656602939,-0.2778866644330009,-0.2139102234972317,0.0839082075062859,0.04235750907391219,-0.18171329691345653
