1.0,0.4641421339239248,0.01240928753056116,-0.11825267609001486,0.2823461985954705,-0.05126441263592745,0.24038092798544644,0.0962793457093816,0.24078018435369317,-0.031069881568900556,0.07145138155399705,0.1064465934831453,0.22554340584761676,0.18585025437674818,0.12170431608697216,-0.009658236994438806,-0.09422836857559042,-0.22732994851065078,0.19100835442054773,0.06749142300855424,-0.01947327326777213,-0.0002967595571825695,-0.3410320771012689,-0.3208355393519848,-0.20514940573432258,-0.10551589485241812,0.08878006874550275,0.07733437410966153,-0.22362758662091653,-0.15804416189571044,-0.3378162347495184,-0.47009342483539224,-0.14497890141727163,-0.22364309320319303,-0.15915506506359461,-0.04073946848326146,-0.11245769944127382,-0.15465961482281382,-0.21575026978074488,-0.07438781399912871,-0.2868756436183272,0.015128658309563173,0.07900145173380035,0.010551004749143047,0.0663085035056982,0.07165694096096191,-0.16303123058093175,-0.05880362599848524,0.14849994777596973,0.01745733051662978,-0.3491048066827301,-0.21915540976284506,-0.2452257209520563,-0.364516125572449,-0.03208250740323917,-0.04589058141644603,0.3049854779334562,-0.23762234398308985,0.5873431581489919,0.357641742579112,0.2824943256965432,0.3327478410397968,-0.3358835799130334,0.024395705374107107,-0.29502045124415044,0.17414947100373548,-0.19827383481627886,-0.3394411136428087,0.046757164627932495,-0.3115882041751231,0.22634796935200577,0.07901564555731928,-0.13202175849549236,0.038303268585689935,-0.0014388559740992654,0.2738924282847248,0.2897912205911839,0.1443091770274426,-0.19482750100227533,-0.27803410749362584,-0.19612726020378554,-0.2959378487982784,-0.007118784546225082,-0.20061882657671423,-0.1456849880057893,-0.07724202047014601,-0.04543142684534871,0.18065437514041008,0.11522525396087217,0.1690914079502284,0.2824501133434562,0.1351640920409955,0.19139515814148594,-0.08796512826451948,-0.08723613915700511,0.21638177236629955,-0.09682284673556783,0.03312390094463465,0.08648398190875553,0.3665158745225813,0.19166456115498376,0.1578741972936294,0.3103994244547244,0.13750702269497808,0.11564747200944912,-0.023732766533765243,0.030049696221313742,0.06377571105823315,0.17715469422360813,-0.19129893566349201,-0.08566116715553125,0.05537979960069673,0.3553335549414254,0.06279369294355286,-0.12277037317687643,-0.07883229529866566
0.4641421339239248,1.0,-0.09929832448885376,-0.08203053301808644,0.23960934517841703,-0.05130662006507418,0.19871021439790632,0.22544349744582096,0.3313854219261599,0.21398884610163196,-0.23812606570766154,0.22280654789836646,0.2204243925074898,0.35159358709743993,0.06988086858074836,0.03478219178997023,-0.08329696429473465,0.20578708951149546,-0.034717271452948104,0.3024689368436411,-0.05754951469392562,-0.08823313874034158,-0.5297050139753682,-0.6454487283689682,-0.46965430494596033,-0.44012271100944583,-0.018577299189077943,-0.2218254417168773,-0.04950066114382755,0.17145637593791388,-0.4065369209859343,-0.4382018037853752,0.19018578216984866,0.16720044311695048,-0.3660148899777197,-0.20048989372461198,-0.2335271279251548,-0.2812496593760728,-0.4002649438061165,-0.15993737864589577,-0.21179846739350683,-0.1551599884533399,-0.24952573693573318,-0.28865348783885986,-0.33900568040212903,-0.46697579467849665,-0.188423666109969,-0.16757713003135813,0.033159938168854174,-0.16359285852684083,-0.37617852264757384,-0.16055091226407392,0.08666156335103034,-0.017154599781063366,-0.18766752994236505,-0.2060924825174979,0.18236846686567434,0.046681511068868635,0.3571895849731022,0.5639198827319223,0.20886480630884544,0.615263533779393,0.07259622398042997,0.5280284924162393,-0.4661600477529185,0.0795606632047434,-0.19071704692218563,-0.47385193346143767,0.3004991167903603,0.03781938929321098,0.15076497774624723,0.009042809725919088,-0.028845152156295233,0.08071399936143446,-0.07855292686831436,0.28380735042968147,0.31428066007940403,0.31285624034093396,-0.17010017446007958,0.1200838479595164,-0.026897392161699462,0.17206390976929703,-0.06778927644435502,0.09405406546621284,-0.2683116368209808,-0.34668238259201656,-0.07433422885090521,-0.11571542837859539,-0.07757590287962288,0.09956752723985002,0.3304457669204056,0.0675853662531108,0.22721346165909526,-0.0998911532813144,-0.08304450391450119,0.07922061570109032,-0.11506075310347222,0.09250437900027844,0.09510167604778301,0.23113776343152184,0.2827369278508521,0.17361261705765105,0.4726319413309693,0.06837522917414343,0.0849900954972298,-0.22507372160221992,0.09776798414704771,0.08030223143423526,-0.16773891941370367,-0.30618018994334384,-0.23011209606309943,0.15163730869417102,0.20753043337895027,-0.07516493866505725,-0.2198934510009417,-0.20778685922560236
0.01240928753056116,-0.09929832448885376,1.0,0.18579589139450056,0.4316316378176075,-0.024996978440890685,0.7391659543908878,0.5009290453572203,0.5605680162305694,0.3418032413676544,0.19183985812497628,-0.046993956662770175,0.22781892128408135,-0.08257200201884754,0.21058587200553186,-0.13962741372579512,-0.06673682224150182,-0.2736802181602117,0.1601823336411918,0.152278710761695,0.1427251117227068,-0.12813089090300064,0.04759690466283483,0.10996307729732126,-0.3232039073636005,-0.19854558511489293,0.16267610744078767,-0.14602744149651714,-0.35665803069421914,-0.3557426847573664,-0.1416634457642654,-0.05734593737813751,-0.19332259462894175,-0.16923917607890873,-0.24247308451486652,-0.2773095057668153,-0.42517658556149,-0.4058547651835611,-0.35127667534979073,-0.30579281324962015,-0.4184886447018654,-0.3413159539135785,-0.15264518995473522,-0.3059518735050043,-0.24543238821370722,-0.13715876183106404,-0.3891648850170458,-0.40675723523204665,-0.051553501983574945,-0.33714838669428815,-0.10820961822955162,-0.441794906139339,-0.3753610629346368,-0.5551970867005839,-0.3821482915418771,-0.3764885371324812,-0.15041413406257276,0.006792749623431851,0.22740489545678733,0.07962326713464682,0.3417978464831176,0.1920967558006497,-0.08354221533691138,-0.09500857571201823,0.45820594752315025,0.49058227043223473,0.40732111705351975,0.37597708335730806,-0.23256094996159501,0.06621084369908926,0.08146322966965856,-0.15473234250974577,-0.29421966964039076,-0.23947740402012938,-0.26710773611368865,-0.29662820304047177,-0.17879259864982916,-0.17988250879973147,-0.26549578717971384,-0.3633007547716614,-0.30956555243162986,-0.2728474317026306,0.011627205361381466,-0.2270546489050318,-0.18358119563662909,0.1547436724664523,-0.08855807632653012,-0.1343670577379252,-0.08148321660504003,0.17185903930854116,-0.020748935848480234,0.20111246711869016,0.07280775394625906,0.18893978716060122,-0.04514954997219651,0.087376993236374,-0.2688647838691651,-0.09421325282807479,-0.30393903636725306,-0.053233443449604956,-0.01180479471404397,0.09409160803787597,-0.15972233509050246,-0.0930230853111095,-0.1621063399589494,0.14741252550456374,0.03550823478104876,0.19848307678445345,-0.11879191575609112,-0.07923705998954511,-0.29186344679384807,-0.1662340350322643,-0.06661941273257226,-0.2875889744422013,0.10952373458492207,-0.14407707279398638
-0.11825267609001486,-0.08203053301808644,0.18579589139450056,1.0,-0.14762234173899186,0.2988908762697601,-0.14062306038331107,0.6402273867181238,0.0008486371552367857,0.5282576741580918,0.11859986408640939,0.092554153916603,-0.09268307389722208,-0.07131544019490223,0.18105190621827885,0.26485280370375053,-0.13715619616265842,-0.37858387815624545,-0.15107340411316833,-0.22236664385032404,-0.00873847503308476,0.2969606562709521,0.39998136911897414,0.5057838330825241,0.30358871082126226,0.41121804938507256,-0.06322096038041798,0.27312455920950396,-0.32705461993581214,-0.37633414146751587,-0.013178856421543672,0.25419714745637245,-0.32926325910547444,-0.2200676877044271,-0.10022897094891148,-0.0616749994484213,-0.09392046626296377,-0.06558960909081897,-0.03689473758170628,-0.08842813934400422,-0.21848493673900127,-0.33508434225381256,0.24829694548094308,0.2921056889282165,0.10286054876528676,0.21072684744216696,0.10755407091687247,-0.024962695470484287,0.1672970276102961,0.1896322413309818,0.24301072761007733,0.22675274347506338,-0.043075167611711325,-0.15412723348163634,0.16418786080407166,0.06716468884591473,-0.22135256532496647,0.05540446605172866,-0.22844249839151026,-0.09401808761956203,-0.38573007812599813,-0.15236641735504716,-0.5047038871715536,-0.49087335209956423,0.10359541765058056,0.5989118996908666,-0.049912875478239166,0.3034419716912244,-0.3600971649641521,-0.0937494480834816,0.09869127303265654,0.05128965896699276,-0.2813467524740204,0.03870334544892661,-0.003180127161003601,-0.15416032188345005,-0.32088915265767687,-0.09597449026770223,-0.07368447746259622,-0.2599540992842062,-0.26738945212283916,-0.4286695911916087,0.19339815098918683,-0.44779017936072446,0.05980916262677617,0.24913699049570265,0.22816367251261468,0.22283108293561837,0.11479502846380665,0.3558037047922902,-0.34496289330810825,-0.41673694785581455,0.0138920477239518,-0.2955530397129668,-0.11742270450484693,-0.24611702998845308,0.049662247198545145,-0.2128805736302007,-0.14221463024640832,-0.38625267639810273,-0.17945993359234674,-0.2334946847430439,-0.05412272611229768,-0.3472227004361803,-0.001170595296734147,-0.20558043818087557,-0.1885944231656296,-0.2309355660453589,-0.333513051533937,-0.19764429892936827,-0.2836428061047207,-0.32492242940557237,-0.25390763914425335,0.030781964123670527,-0.19240543076689479,-0.16887594768214356
0.2823461985954705,0.23960934517841703,0.4316316378176075,-0.14762234173899186,1.0,0.2938667413464008,0.5320197660712239,0.30540111366626194,0.8231753070438389,0.3533795300307573,-0.007425547810678504,0.0013743445705517393,0.2789679783737936,0.11122102597266338,0.0801496074340182,-0.12895115829702372,-0.10885686507563154,-0.13681437998401486,0.041681008760969036,0.2784545289626412,0.1871499781095372,-0.24028077395692374,-0.3961712146518763,-0.2889222126828504,-0.5984819356280303,-0.5310091786889648,0.44289576599320785,-0.13382264547725062,-0.1744467929467358,-0.0550668696411053,-0.4288083953913543,-0.46956559755857147,-0.014054327048436873,-0.09494314182364232,-0.2962022265360751,-0.274439774257228,-0.29075155800821567,-0.3157865287944366,-0.24106160535759577,0.06213638989325799,-0.17422088891168624,-0.19878725439824177,-0.27419218356136627,-0.36926434237493655,-0.2305257009233762,-0.29677613791146357,-0.32333581092942054,-0.20452742841387622,0.047108514655466165,-0.19790031828839927,-0.434346119093173,-0.4135673241359141,-0.28094897525106294,-0.44902990281141203,-0.29198284508440214,-0.18016927426603332,0.057213304385749245,0.0009647810594494384,0.5373646092875366,0.3496313305437884,0.3458823359797051,0.3522881781135634,-0.07235782412142297,0.12893581627879921,-0.029155674930874134,0.06564184368170807,0.11936864984345465,-0.12106488517660516,-0.03133420618109722,0.14526309355655653,-0.017366635378904025,-0.23716003806452868,-0.13697526117334596,-0.1530123627270586,-0.08932716571839906,-0.12349488736869611,0.06016115462235569,-0.08814734890081344,-0.12567932120075495,-0.20238535814357,-0.07024701023002361,-0.021914491257555537,-0.18851161522640072,0.14441837627522489,-0.07808465614427099,-0.18569502897404835,-0.18490799949059197,-0.14287348799013005,-0.08990932394949008,0.03503804364737319,0.4072417086290211,0.4423249671873415,0.2285986825166698,0.2720371922652234,0.037661755125268995,0.3132695195485779,-0.15341768396731267,0.23935981131129375,-0.10290398719303523,0.29098791397716867,0.24653680294001193,0.22361285343131787,-0.024554636131824348,-0.041124965778391656,-0.22477237944126108,0.22022356961205547,0.2774774563740665,0.32207425026768954,0.13623695496919214,-0.08373342390794049,-0.20037196389634895,-0.013692134075006555,0.10927542467236992,-0.2626896466825131,0.23334554713784822,0.14741429932718197
-0.05126441263592745,-0.05130662006507418,-0.024996978440890685,0.2988908762697601,0.2938667413464008,1.0,-0.11278679370459356,0.43014497647601213,0.24476363375688143,0.5062304551205449,-0.15581091359151433,0.27230390212622285,0.08695625001963649,0.24007295775626247,0.0021883970486567955,0.5137642273024985,-0.17591881461369957,-0.2876922098729304,-0.41391667497369605,-0.1548440823926912,0.014942308473916695,0.2143193247757717,-0.08676441057625182,0.16624762989617078,0.09948662912433862,0.15184561016266918,0.19509508674537168,0.2972420364751576,-0.17604568669641268,-0.07947662375938842,-0.13479321595545124,-0.01502262198755506,-0.20415037238355913,-0.16272913648897927,-0.052308418578277414,0.057853126872994765,-0.05383823486510065,-0.09072879917315117,0.19020080223185212,0.16568998973869017,-0.14093559751282214,-0.23769875389160725,-0.05860074798070765,0.028063071158860874,0.03363768305488453,0.1520541140673207,-0.11953101370452174,-0.09850963938062418,-0.09161486051751697,0.02543160498489135,-0.2304359642513266,-0.07477344115906893,-0.07066251342292341,-0.18828665448700121,-0.026876323544160072,0.05302594693158285,0.06002421744949844,-0.0804800166495896,0.09423301609364504,0.023109100366765948,-0.042625859801097676,0.1696839609429848,-0.26462435662910916,-0.14189246699081196,-0.14541513669037415,0.29580801454908573,-0.12486732969905426,0.12901178047321538,-0.26765622758710367,0.010049279285730123,-0.15380299367114977,0.1290951890434572,-0.2212968139378905,-0.062242755408087845,-0.05227610504645419,-0.25839821314796213,-0.19303082577672842,-0.16087047247031325,0.11352543790696916,-0.31103129143764147,0.12845794029166546,-0.27434426883176166,-0.10629979034272226,-0.07528054870062231,-0.06994219288476804,0.06827648825531905,-0.011608209230320302,0.08433739630816282,-0.10034372343267214,0.190137453291619,0.10637739904124673,-0.017303073842638808,0.29829464107365894,0.03995098562883387,-0.0554247688636439,-0.004901556933413647,-0.06361390225718289,-0.04654177628070782,-0.13762089674127342,-0.04487601026182993,0.04831212623248172,-0.06494090809520774,-0.024128493737932594,-0.21137803408373024,-0.1775888121410846,0.13813542670420378,0.10128404710808445,-0.11833806180287257,-0.00229314637043822,-0.0743171201577905,-0.11349954429576643,-0.18962158861522224,-0.13689369117155264,-0.0020277933104225184,0.09114518469654492,0.0719029475379701
0.24038092798544644,0.19871021439790632,0.7391659543908878,-0.14062306038331107,0.5320197660712239,-0.11278679370459356,1.0,0.3490848206230989,0.6197101999600355,0.21271309359862278,0.24239295653568027,0.215010725479334,0.5378597613457811,0.29787701819778956,0.28086861041748723,-0.031207641142414956,0.03811590845549144,0.035640364093978284,0.2681638882666125,0.27061354607116067,-0.00826799137576835,-0.31252415522514687,-0.19410558145124845,-0.23709625701402404,-0.531176453621204,-0.5273503143194089,0.03756196410007208,-0.36248534109926167,-0.058937481758159424,-0.05029291993344431,-0.2512189216857824,-0.32817816917608617,-0.14366189094419993,-0.13857350847394526,-0.351347190121268,-0.3110485054989702,-0.356346649975632,-0.4684893523308517,-0.4754540104590597,-0.3088832085708081,-0.3593211544509108,-0.2291926105409076,-0.30262978543437263,-0.4820552998036956,-0.40356245097626026,-0.35937292195869797,-0.4426565651091954,-0.4176520529252257,-0.1511622521416425,-0.37411211970812425,-0.30080013331340766,-0.48685494066902757,-0.3403036923734128,-0.40072667580359816,-0.40086254888569495,-0.47822605738949475,-0.16262601259798484,0.056142008561268976,0.3337204973479813,0.12944118832901028,0.5882887951494538,0.446517001494944,0.059105888833129464,0.19763944065742578,0.2940312269096225,0.27275524357226694,0.11299279214347518,-0.023825586021395936,-0.19448932009109107,0.05273113395353093,0.16177067692576413,-0.0944032900482438,-0.10273289945562421,-0.09821778826520484,-0.1930287372673504,-0.030341706050647666,0.04585526420861151,-0.14924707183259067,-0.18549471912613077,-0.08245622563315269,-0.15364142131343336,-0.011153006135547608,0.03880737126746739,-0.02469958669618622,-0.11405985444811305,-0.030254085309456266,-0.1526401422446177,-0.3033495626276207,0.03387788775748318,0.15352809935075584,0.11390310063831136,0.281166118837718,0.11164346215255687,0.22864269274424875,-0.17924415117576198,0.08806326869600921,-0.36066752230573734,-0.12215941719040381,-0.2964449626161337,0.028625184007286076,0.10896625420524915,0.13433519090339363,0.006147024763883566,0.06858784105776518,-0.19313468773827094,0.08265853658049406,0.1569601659754679,0.21899070975745044,-0.03478719100940129,-0.1970548990686556,-0.2937746587962987,-0.14608169265453874,0.2137988502318937,-0.24191911245908815,0.0033669726654416174,-0.19681592352177743
0.0962793457093816,0.22544349744582096,0.5009290453572203,0.6402273867181238,0.30540111366626194,0.43014497647601213,0.3490848206230989,1.0,0.47662090484172553,0.8350075589353328,-0.06917156290589134,0.2747136494311463,0.047795496098880105,0.1638937469911713,0.19457984161561162,0.26102727209706894,-0.18084596751953133,-0.3636443955027279,-0.1443207988641572,0.15914246545029875,0.02022094042422904,0.07918010264000495,-0.15512713303725056,0.09867133872729594,-0.24325789019916016,-0.10629030167256029,-0.012086143345524662,-0.06446928089775,-0.2944717982693633,-0.19744260502919703,-0.22244871235480349,-0.015178325885772167,-0.2275778899294924,-0.1256074756100917,-0.40046585094285425,-0.3548985713831284,-0.33128290075726247,-0.336993198243027,-0.28897235174084757,-0.12345442907154092,-0.32720159300875135,-0.5257258263528051,-0.1226288451715287,-0.15968200196985105,-0.23864907516130907,-0.16752993289588555,-0.19357250782136246,-0.25428542104764207,-0.008459634015647076,-0.13297597569252598,-0.22747727342985283,-0.18511100737449226,-0.28325192422921663,-0.37091000206213237,-0.2759071060128185,-0.22920081850432947,-0.12403964376822015,0.0019629079544402663,0.016051426606544364,0.09900679059085514,-0.042687371735848766,0.3000488738096816,-0.3460618696056302,-0.16217179446131819,-0.0622502176353777,0.6389041525609798,-0.03697057521371155,0.1308059263466633,-0.1817440097572885,0.07458422524203141,0.0875811918033433,0.016018835426826476,-0.25476888589669594,-0.041335366369187436,-0.13610833564649527,-0.10938346391258716,-0.19544279086190725,-0.051232306876459535,-0.14983022507322835,-0.28611030231363305,-0.08937667310520221,-0.3386099717256722,0.07683135136924119,-0.19286152326514064,-0.09126416372967226,0.11838327644661555,0.04214953021519211,0.04431796502727492,-0.11892808984451637,0.2577979718547917,0.02477219520828222,-0.10174757265385827,0.29546698975759456,-0.16138259840888394,-0.12292657755493866,0.038321237343660254,-0.14735419563640278,-0.08315515219070152,-0.1560649475681685,-0.12951888814993132,0.10285400915874689,-0.03993575898402371,0.024933463761636816,-0.28663483966752856,-0.06320489760451613,0.00441819991203834,0.001831753224904374,-0.1044069450789468,-0.14445267743047613,-0.21383363780710835,-0.4221465191032787,-0.19054886250065758,-0.15914890142666946,-0.05972087006837025,-0.05660795628623376,-0.11327659875628494
0.24078018435369317,0.3313854219261599,0.5605680162305694,0.0008486371552367857,0.8231753070438389,0.24476363375688143,0.6197101999600355,0.47662090484172553,1.0,0.5432185283905754,0.020313439125790905,0.12667070618814505,0.30108516189494794,0.20943733495263425,0.37077811180401166,-0.01836581182811958,-0.0723365758422339,-0.08239709689695472,0.026844372255604924,0.24400059741264066,0.18389077646476415,-0.19624649483237686,-0.40111641019682714,-0.307596373795097,-0.6383467555746545,-0.5591208074699303,0.1458819438944175,-0.2962034279629345,-0.13887332585525697,-0.007652794657271854,-0.37090390095726655,-0.3928448817157554,0.02160666977896268,-0.04118004639180309,-0.4251685604103563,-0.3646179287340504,-0.4030841764352117,-0.4626584309452871,-0.4245764859236277,-0.059535434275123505,-0.1882133047986784,-0.39182513026685956,-0.30274151560697865,-0.40186928069711414,-0.34058576521055156,-0.3380423836033793,-0.34991764477010034,-0.2703749171407564,-0.005080199139222323,-0.24191682125708136,-0.49749057199950825,-0.46585831040385717,-0.32402084343912896,-0.5462065787399308,-0.4509815735689475,-0.330547875094307,0.02084781901088416,-0.06375606713974509,0.4976631534062286,0.384495470914548,0.3228035639893658,0.5378149313259958,-0.08315459422174032,0.16142440552683424,-0.008480095747829942,0.32668199179335894,0.024541615609916956,-0.15560381243727597,-0.04561393806446341,0.13561157243033378,-0.00297898767122517,-0.244524986372656,-0.10241834754077338,-0.13255503845461264,-0.09769803777833162,-0.18973977548253473,-0.053206941499194436,-0.10562553328951721,-0.1451405828892207,-0.15902596187404758,-0.12615670136687707,0.05781893664732988,0.028243874081352576,0.06253775150215987,-0.201954432310034,-0.09313289354726523,-0.1157727747586821,-0.2801546140321611,-0.1751045041530702,0.14737794855052838,0.20662003556230296,0.2771010878635141,0.25973373679726985,0.17638103689308993,0.01489745533332915,0.2913823629157812,-0.2495916772818936,0.09033191361184092,-0.1902735192914373,0.21893313316001517,0.25059308280246906,0.023998333698350843,-0.045065646149173196,-0.18902990757188248,-0.2790859373941727,0.0608021672981032,0.28156530904345317,0.2564305576103486,-0.000737533167422185,-0.17337429352396258,-0.33816468268966,-0.10292640279930416,0.061267359617783304,-0.3015453127614848,0.10811446361885825,0.0429652211923592
-0.031069881568900556,0.21398884610163196,0.3418032413676544,0.5282576741580918,0.3533795300307573,0.5062304551205449,0.21271309359862278,0.8350075589353328,0.5432185283905754,1.0,-0.11808329750973437,0.19650010125478687,-0.022994346639276124,0.11956983044293558,0.20276404654932545,0.22500076007420092,-0.056237733815219945,-0.19250835754373152,-0.21448617126421027,0.1756119406684109,0.09062528091898632,-0.010716872100128632,-0.23790297767675755,0.025682223154066906,-0.316049011522402,-0.21841374839789993,-0.03677245164241951,-0.13275583155708578,-0.11784127720966567,0.029292844037696834,-0.15713734286052927,-0.01968911094531713,-0.07062449346564728,-0.04030998380763903,-0.44005528315106723,-0.41086149634472163,-0.2477841913688646,-0.21747246093217823,-0.25742002619976434,-0.08468444817530839,-0.20251457196570455,-0.4481656302623,-0.13428144298044659,-0.12057205959135704,-0.2240135490092365,-0.23823780443592335,-0.06416647883227414,-0.11093686984293075,0.0067742547473394425,-0.07531445522432591,-0.251339188549484,-0.07603877114405841,-0.1614465751807462,-0.21929058572379498,-0.30931337312710844,-0.13740058324850143,-0.060373980803379156,0.027139955335334184,0.01125825052509029,0.16244984614514868,-0.13463343599562438,0.3157468134616655,-0.2197187517833252,-0.07181210337729824,-0.13085567169727477,0.4649762145260088,-0.13707677955658573,-0.031782461748563626,-0.15094709330651282,0.06812462382708413,-0.013902566590008882,-0.028794489335933742,-0.11915709054282256,-0.007697349483424536,-0.04470563236428934,-0.11060605743295625,-0.16903796776078767,-0.01416724566908859,-0.06345860544293347,-0.10510185488845068,-0.01936752541623442,-0.11957528784899227,0.0783685924453096,-0.0030617097596314768,-0.10483107573242101,-0.00837590408702684,-0.022003338540120813,-0.1436404932558779,-0.2562635168851626,0.13713767423558182,0.0371542996210176,-0.06860274746258514,0.26720431641681497,-0.07757207410619026,-0.15547707906295716,-0.004501484973274941,-0.205819142582415,-0.03301622268762716,-0.013545268694590456,-0.034642051186622544,0.16677736676501906,-0.025075973529867155,-0.0030172020791461177,-0.24176945418013102,-0.11154572743950242,-0.032996740288172385,0.003829520557388676,-0.09375613367489764,-0.15455819854361508,-0.1887770750914353,-0.3861826749326938,-0.13819043742750328,-0.20603813463017254,-0.07291450134988983,-0.05886848988353114,0.0017370944107134231
0.07145138155399705,-0.23812606570766154,0.19183985812497628,0.11859986408640939,-0.007425547810678504,-0.15581091359151433,0.24239295653568027,-0.06917156290589134,0.020313439125790905,-0.11808329750973437,1.0,0.28032141129918586,0.41484099128656104,0.048765120860438195,0.6441013646614817,0.02003932344608633,0.2646610053685014,-0.10901317432863351,0.23807599750037856,-0.02108197325334053,-0.13532716617866894,0.06863363963158851,0.3081552524432029,0.3582885570106712,0.14805524178065976,0.09029412678147188,0.011824625280096566,0.0743678703070168,0.14726243813883483,-0.29173247010782094,-0.06530123424945325,0.0809089241852154,-0.325244307069584,-0.41961802505462237,-0.08233133380090685,-0.10305630827515883,-0.12868023117908786,-0.3758964488294762,-0.20308585387124017,-0.35167798628367064,-0.2646124033009048,-0.13221389906832268,-0.09947161879590598,-0.095293795100947,-0.1577204938667505,-0.004112749590960576,-0.237355349561984,-0.34319173859637236,-0.02051697446773133,-0.07060829576850745,0.07731352704140954,-0.05380721262777523,-0.09680194081475853,-0.20519589703079363,0.20103761430358652,-0.2033468210663626,-0.1861476326809853,0.14218582382582715,0.10938639658871964,-0.08702068903183388,0.12049306683776688,-0.13443215155073834,-0.22582848020212173,-0.2440458854247525,0.3198672257740168,0.21506683063215692,0.06368813213693235,0.12161120206700748,-0.346280706211886,-0.042276109566785104,0.08215935621367874,0.040818408205003244,-0.18759243618911753,0.00011180779045334049,-0.11952780359498624,-0.018313806154326245,-0.2736298794453053,-0.2587423127283167,0.022161320099028804,-0.09065759319881198,-0.07917982675299738,-0.06974255165701858,0.64401611073729,-0.06368861862405621,0.38406824576385656,0.5460982540710241,0.39609736084208685,0.02414831313135218,0.2972082045357672,0.3479771314319456,-0.23618831475385546,-0.07762934299601637,-0.1904842047375402,-0.06329942237863373,-0.10353239192451295,-0.07525572552473675,-0.27168533847980897,-0.19288625993738462,-0.4360078320553288,-0.3120024668536783,-0.2573648005543961,-0.22163426311309273,-0.285837012699333,-0.23392994894848684,-0.2034776337289054,0.04680063342882567,0.03251681896107505,-0.10940890929423205,0.03837080453908182,-0.15669933967432692,-0.27677073437818683,-0.32587398854125993,-0.005700717187578388,-0.18082713593852073,-0.06331714429461298,-0.1303373762718843
0.1064465934831453,0.22280654789836646,-0.046993956662770175,0.092554153916603,0.0013743445705517393,0.27230390212622285,0.215010725479334,0.2747136494311463,0.12667070618814505,0.19650010125478687,0.28032141129918586,1.0,0.4029424052911532,0.5978899766509187,0.46358431242446335,0.4865736447043661,0.18769379197353658,0.21008360916046853,-0.1326808632071913,-0.0031762163723178453,-0.088965160895025,0.0654754610447681,-0.1609292747123022,-0.11936153501368844,-0.09023655144170313,-0.12109478632921529,-0.29625367973524624,-0.15639617752090926,0.3381661496042591,0.20353283605542546,0.02241881979010743,0.04252638344633272,-0.1562558691402787,-0.11181885282293175,-0.2661473588405617,-0.07630200983443186,-0.20424043959611965,-0.32791898495623073,-0.25381748940045273,-0.24020036085810395,-0.13775447826434029,-0.3152519133278161,-0.1770039084929483,-0.13516029463480858,-0.24197373952091644,-0.12608922360653244,-0.14778695002494213,-0.281486536337854,-0.10622960037868352,-0.015310183865588328,-0.3076402115298443,-0.08015420046669702,-0.004861167966379654,-0.11143872308301614,-0.20164025891835285,-0.30024514215294856,-0.24902865158861212,-0.09620975462803026,-0.06797781922033087,-0.09823710887276325,0.1870111455124484,0.3398291930002963,-0.0160745915138127,0.23369630073287456,-0.19773041561532037,0.2592901229097272,-0.2664223054271983,-0.09684523800215901,-0.30073231970641023,0.017054488741190678,0.2538420359489458,0.37347629741240024,0.05262158637575935,0.18931614897696317,-0.06651573557731487,0.25389336809419194,0.029116499582233762,0.05701229589493515,0.12202428541327529,-0.01748076166998925,0.19433337825711985,0.02308910573084285,0.35631679619766077,0.056450993591171846,-0.1351082515591308,0.11616599036419516,0.1345745361872929,-0.1678401443476422,-0.03758387759249829,0.1514852951845566,-0.0865464030055208,-0.14953368279072962,0.14200005048466338,-0.12552225031093087,-0.3147740064590465,-0.09821500988037107,-0.20073652402082034,-0.29888749795613645,-0.30748850233757813,-0.3051130271483455,-0.05501235763970791,-0.0966937349489819,-0.10021208718508394,-0.07448342657970446,-0.09809957128517548,-0.18059628893992172,0.09957358520360171,-0.25361693255688306,-0.03481738036854751,-0.23589491225542758,-0.16972957991510443,-0.23377641299927224,0.0025384135589470356,-0.01553239316694031,-0.17018166257295264,-0.11241766282353496
0.22554340584761676,0.2204243925074898,0.22781892128408135,-0.09268307389722208,0.2789679783737936,0.08695625001963649,0.5378597613457811,0.047795496098880105,0.30108516189494794,-0.022994346639276124,0.41484099128656104,0.4029424052911532,1.0,0.49847902640122893,0.3934896724718247,0.2447844454322339,-0.010157517552895652,0.08877376154438112,-0.088787332549433,0.15362051694969217,-0.20434147853158025,-0.11360806621060993,0.012291405395561,-0.16146127843019115,-0.21085769692875042,-0.22863025410279583,0.015001536414542433,-0.16196444674549149,0.11454044179484674,-0.10005035192263445,-0.26684924443559144,-0.3360983840788298,-0.2516923537181473,-0.16581279892061193,-0.32781293643848697,-0.19499027181338513,-0.1751693203424603,-0.4666545357804508,-0.17359353890245327,-0.1379435602554459,-0.29520059156910144,-0.13537369155029363,-0.22345633056917388,-0.2851635972525417,-0.21445861143091022,-0.20100130404999803,-0.3572979560812427,-0.3449860803927724,-0.07892005578893885,-0.13204531645657908,-0.2535781886183783,-0.1589221962442158,-0.10125039182895428,-0.18888617220286955,0.031254788522632825,-0.2572348172588014,-0.10484621503238895,0.18582563907407115,0.30472648007342146,0.028996196030563498,0.5302743368095691,0.3009552096246451,-0.08948118540115411,0.12542784435420548,0.02978859504114238,0.18202339254052946,-0.12030304067117475,-0.11475193368537334,-0.19847454581729496,0.16238562534375203,0.04310621402488255,-0.05539248521213766,-0.12607772706456308,-0.21889087095782614,-0.21935974020660007,-0.0981253913177505,-0.1998470592451157,-0.33106626047294824,-0.01780832045385534,-0.12741707941343092,-0.07119324918317473,0.050371341059503735,0.22981762020722551,-0.0880248306740923,-0.12089466068666632,0.030853165825789623,0.19910048785025736,-0.20351280065655106,0.22681225131422594,0.3003980747495109,0.09699180127743909,0.1177963315361455,-0.03226272110132501,0.1191744486551969,-0.07636781022321527,0.006729006222630269,-0.2830016331680277,-0.21954184253395342,-0.3301094490957786,-0.08962226026318429,0.09265291636210592,-0.05106800043363089,0.05709762221483344,-0.06903191998919467,-0.1955305471089245,0.07101270975353059,0.27505209922103135,0.2019982186860893,-0.10629123021159008,-0.1950478340689983,-0.34953777196015434,-0.20106658406709232,0.14248040441214757,-0.2766655747011654,0.039254129817874205,-0.14024302265300057
0.18585025437674818,0.35159358709743993,-0.08257200201884754,-0.07131544019490223,0.11122102597266338,0.24007295775626247,0.29787701819778956,0.1638937469911713,0.20943733495263425,0.11956983044293558,0.048765120860438195,0.5978899766509187,0.49847902640122893,1.0,0.3522935765738256,0.4775576460783358,0.05706011549627954,0.14317637628941707,-0.07325820100906004,0.17329120252379723,-0.16588160061556428,-0.07493484565601187,-0.23822351235567504,-0.24026515949579516,-0.14997579717408663,-0.2551759547395668,-0.3342315808769581,-0.24120263977608092,0.21357075506822754,0.1927036617798557,-0.11606455077570793,-0.25024188528832647,-0.025541020577245638,0.10647855477493139,-0.22607437037598402,0.02365130619321638,-0.071179511884372,-0.4232710964411134,-0.23604694912977775,-0.1698703064076304,-0.09947156785296542,-0.2093590835273526,-0.18566881321259393,-0.21247493825116945,-0.12089339734998575,-0.12917339894827903,-0.19550744468284845,-0.21340226698904288,-0.11120625060964541,-0.07831212248536079,-0.31364023240123684,-0.13686532369331328,0.08762997844550115,-0.02386691753483271,-0.10319709819989428,-0.30861646032618456,-0.14724133443335202,-0.06342068944515802,0.18902013040830315,-0.07529028710048355,0.4443150645057542,0.5591495999425049,0.009707133263450936,0.28912983549389837,-0.1903865013100392,0.08912395853485573,-0.3441507790252144,-0.27494176245350344,-0.08724534982710748,0.17273551932013942,0.15287561912037928,0.05111321083665338,-0.009662919600632505,0.07458261120934731,-0.12315519824361117,0.05906798167393674,-0.16479622118715068,-0.17926319078148992,-0.06259846743411655,-0.07221129599213034,-0.015859683459946382,0.023742268017331244,0.21427724229076903,-0.008704220290439851,-0.01814885993570629,-0.08316872121687587,0.12135779930561172,-0.1980591060615799,0.15572731691891895,0.3181959532469982,0.15738091371950164,-0.05547011545918235,0.09430316194943554,-0.013503837779908842,-0.14102264391054067,-0.18910820375536097,-0.3164858422960054,-0.26341227751658136,-0.2292430433317054,-0.14283330731324265,0.11890230786921739,-0.1302237569661517,-0.014645530454584747,0.03139176903353094,-0.14239420383779275,-0.04927979649655163,0.18581940901284502,-0.039717745058847176,-0.16073592488213498,-0.39528796807552896,-0.24653410495951783,-0.29098707017568937,0.03817567732978223,-0.2266623745639655,-0.1495509019823215,-0.2696010096481617
0.12170431608697216,0.06988086858074836,0.21058587200553186,0.18105190621827885,0.0801496074340182,0.0021883970486567955,0.28086861041748723,0.19457984161561162,0.37077811180401166,0.20276404654932545,0.6441013646614817,0.46358431242446335,0.3934896724718247,0.3522935765738256,1.0,0.15823615011860087,0.1441337592322249,-0.034979288847404824,0.17329422638196051,-0.021762481872155095,0.1375226536016659,0.17054963163214062,0.07416008114857525,0.059102296023611375,-0.05160867580809193,-0.06542915119679588,-0.2075756036121303,-0.08946340982596307,0.2558769380898782,-0.04148282271584911,0.027630372301050397,0.11817659135763676,-0.12361550237746172,-0.09718810717867842,-0.21898898526942237,-0.1305094661609401,-0.3728194249511876,-0.5666112982774856,-0.3450850205640003,-0.35753807683696737,-0.15696036106543074,-0.3776079189982176,-0.11552599663661778,-0.14230286895322375,-0.17248017875737812,-0.049755262013773074,-0.23616091007317377,-0.24210029640484743,-0.024083096958522277,-0.02623270864969079,-0.21257378758912096,-0.17314940962398562,-0.19938623389519658,-0.29613500039765356,-0.15188895287108467,-0.35427484908700535,-0.2968383691166199,-0.23148562839586542,0.11807327902128133,0.03638479034529013,0.12925568439692992,0.27659879705597784,-0.17384350982695637,-0.04223720077357299,0.057325076552597914,0.3865429450580819,-0.1392195542566312,-0.05456928925997036,-0.22200264014944782,-0.039027486968357984,0.1688942396870459,0.08007939134633257,-0.0990513216240968,0.030578352363915894,-0.1290753995422355,-0.058754647267457334,-0.2557684387225016,-0.05635742868932031,-0.09049061376498657,-0.11208154287522662,-0.18537772557329213,-0.014063980852077078,0.8357337287922241,-0.050682612720905997,0.01562206889607656,0.28181165863907187,0.49512690210932647,-0.20296897895307375,0.17704630677959166,0.2713545704219214,-0.26605556472607367,-0.16063486554581233,-0.11769781007884209,-0.15755561501313708,-0.09570035933915544,-0.08497062468924904,-0.374972454089012,-0.18298659706744855,-0.46272613066826,-0.23536217690246794,-0.1538920623394109,-0.3729176466894259,-0.1696121619736243,-0.3217245689224501,-0.1288927460033055,-0.10003200926221015,-0.00961604874733467,-0.06909693628531546,-0.035715772724142995,-0.2750795044782611,-0.252391034563704,-0.28819890133696424,-0.045548848448459495,-0.14675815893014207,-0.2099173197391128,-0.22719809166034344
-0.009658236994438806,0.03478219178997023,-0.13962741372579512,0.26485280370375053,-0.12895115829702372,0.5137642273024985,-0.031207641142414956,0.26102727209706894,-0.01836581182811958,0.22500076007420092,0.02003932344608633,0.4865736447043661,0.2447844454322339,0.4775576460783358,0.15823615011860087,1.0,-0.11193041043448138,-0.15322736741945842,-0.14033938655493042,-0.268888552090953,0.06622188086019327,0.18689982856308596,0.22241105064262592,0.08707202763629049,0.22977837678383384,0.0819353020160974,-0.24891182685931512,0.1466912442586803,-0.057374737796121504,-0.04184973805860217,0.08529410595915105,0.08326332658786952,-0.2540513412922844,-0.06122014762176565,-0.2104660816747471,0.1606417410965048,0.10505736409300191,-0.21551030949070946,0.24122701848257377,0.3179104353710267,-0.04694905601991424,-0.16397725501080632,0.06009765537498657,0.06989371898958345,0.028912445235569257,0.07989891753848455,-0.04211539464260312,-0.127160869342769,-0.22826004218894555,-0.008493150486015401,-0.2288722930054633,-0.06940914938031272,-0.09263047239703562,-0.14163939031582096,0.03617138802286667,0.05260054627451046,-0.07240584442930063,0.00550155322768093,-0.019898421127818523,-0.16851130592278185,0.0795781260787674,0.35824084450178756,-0.36349754307658677,-0.1669982829188482,0.060859807313527574,0.3912599300122351,-0.4016706732949862,-0.21592878143889446,-0.2824158698334467,-0.05058311033693666,-0.08599488272086744,0.14597625339215872,-0.14925977122523834,0.003183638542701137,-0.08129135837451706,-0.07894795849656297,-0.18989039102534713,-0.18404316183674374,0.04431602824771924,-0.12319859217790659,0.11948630935122001,-0.06391284841776168,0.04815291691716277,-0.029395871719452755,-0.11830250183755169,0.002371107741020544,0.03595571978164733,0.0512987768810825,0.2258573230494141,0.3699609703633423,0.02573055249370608,-0.24203147373182876,0.1958882477173555,0.035212111513659904,-0.08996023045452874,-0.14653519697079162,0.021238624345424947,-0.22343989641906217,-0.1706535359987254,-0.10623026529015467,0.1412893731385352,-0.048480506310879724,0.08934959116685237,-0.02739252492009614,-0.18017465386389286,-0.20590488956907754,-0.05621078279088961,-0.21394547015961554,-0.0679475223392434,-0.2518224626848897,-0.22973685702278168,-0.1907204799379376,0.03466672580440489,-0.024703430007681555,-0.26209438542222596,-0.22010360318456654
