1.0,0.4930838468973324,0.17862866225752852,-0.032098023347493836,0.01832559944232973,-0.05185413482491533,0.3693155813036186,0.19225570688263205,0.2244538874056239,0.06673998924610636,0.5127573030047728,0.2270499373892313,0.5795243810877954,0.3331898314109208,0.3569651454292191,0.15726546934204233,0.09657322219360717,0.06547139095270292,0.12739955052524035,0.17072651746725123,-0.2943697369536209,-0.09080333751013839,-0.28446641825690044,-0.20245051107629417,-0.34595633603651643,-0.3562915288677731,-0.12162156768120028,-0.23426348571445613,-0.02330980164113222,-0.10044366199112376,-0.24875621463519482,-0.3515375158860763,-0.030490954872973878,-0.010615297246964892,-0.34904183793057886,-0.23568974113034993,-0.15103484110207827,-0.17064900200281705,0.07468870876552865,-0.1784173345363926,-0.27763120514625106,0.10336149526028726,0.07640979570554554,-0.12501985179920644,-0.3210665446106128,-0.4215554747674074,-0.11844881148260485,-0.17021090036065764,-0.012026619242098116,-0.3182143543993653,0.003057691658468773,-0.028702275061342656,0.14342406687559778,0.03521052433038621,0.15521103580735315,-0.05543259163857018,0.031004716852042747,-0.13546323253208378,0.12336289664229948,-0.005400851124313453,0.44316386404422375,0.3248669557352751,0.08500756139193308,0.01805058345823265,0.2879899810824241,0.2459123441680221,-0.029182595285835947,-0.317384338584578,0.0597151071068921,-0.04056087249436138,-0.10150581667206317,-0.10755621713781853,-0.009968304295288236,0.04107468150703551,-0.04407662891730052,-0.06223165255606327,0.06745938043910321,-0.10554746457251443,-0.16624192161411847,-0.1227122944337785,-0.09810590332776627,-0.11866124499984167,-0.07972473926526918,0.13487032875005456,-0.18617447189998387,-0.11707760526600726,-0.12417935493362331,-0.10082245934425328,0.13039808634345657,0.05336773970526262,0.21729185032645762,0.1043331952714377,0.03814586370173834,0.2653282204457093,-0.21248351569101884,0.009950865304436113,-0.12514734854761989,-0.05022044711641164,0.19284701927783035,0.18121800615641212,0.19879370743623637,0.2526137860695908,0.23110623676218994,0.056163722384641505,-0.07224450220232953,0.007759079589272703,0.39027344922698926,0.5000075256539269,0.23978747095427266,-0.15070352524625988,-0.3526205905663659,0.12569030028475794,0.29852426865449116,0.32184571145203494,-0.07338340678568996,-0.29387625542670787
0.4930838468973324,1.0,-0.03188009593463842,0.1230234188690555,-0.2108588673431866,-0.1209277131812359,0.04706775832585272,0.06478183939295552,0.20316920470968136,0.03402061392957945,0.16577734160917,0.4145279235272541,0.18748192339778452,0.09065544060438717,0.02933336152647716,0.041992550687304564,0.17983370034322846,0.2651727456000121,0.09386298274127523,0.2532815297760567,-0.17848733405856168,-0.07209292579083558,-0.24193195464535835,-0.17828880770798491,-0.3147503350967561,-0.2507947857831972,-0.29677054130268904,-0.3179398759804536,0.1514223589738315,0.12788642306103246,-0.1800341306178356,-0.22079029209538656,0.1271798612412221,-0.036523080487001265,-0.18704698469390274,-0.33536212445841623,-0.10436165082152667,-0.0235520406317284,-0.07665969625027495,-0.1677677352965384,-0.2318867438519864,0.10645328394403043,0.001671828844001588,-0.15695830319858972,-0.2572274502463036,-0.41460716710020057,-0.07249164757390525,-0.2003385090027903,-0.013193234329457291,-0.09039448958581518,-0.00818007631287669,-0.04062796138896069,0.08882109281844745,-0.1674857167797022,0.0522651905623955,-0.03172903520612283,0.1257662145200703,0.19893779711209889,-0.007926880787618875,0.25013316040333644,0.11009703307379683,0.16509915617160908,0.1983810448435064,0.19125829334419758,-0.0908143805291872,-0.00326404320483233,-0.11022755867282252,-0.3923618757549255,0.1174935100045911,0.13199834199623597,-0.08023989939948452,-0.01823432845237863,0.030676328709299143,0.10169800163304785,-0.05307278597251829,-0.008649961781505082,0.05613832511173285,0.009074564559697917,-0.12827272146709143,-0.055151037390915106,0.03133899509930614,-0.024408892073267817,-0.0848422796551522,0.19696588057683292,-0.30387539628312715,0.014578088965910849,-0.20528886440896546,-0.1815472368518512,-0.3481142051610526,-0.17150591044456875,0.24108355690513109,-0.03230500169333535,0.31357408377636203,0.2010877354846146,-0.06957017940985002,0.2721558090082988,-0.04355765567757424,-0.16170001316337881,0.3792680173428186,0.07437658682547944,0.278443389375536,0.15018886328865225,0.2634570059930502,0.05683858903510689,0.07915967549874883,0.049702692685781286,0.07220722970187123,0.032771693796409304,0.08428365961259628,0.1230208434555227,-0.3576519119659335,0.17829854578309054,0.23865397015011863,0.10566551991496681,-0.09303159841957878,-0.08619576455873872
0.17862866225752852,-0.03188009593463842,1.0,0.23562737578475723,0.28855299013436775,-0.2790548137802587,0.6558912549794159,0.2953621255907658,0.34262755905129255,-0.03771337020384369,0.2090835347311267,0.09126460959626519,0.23440230323267205,0.1436157350119056,0.1508971939252982,-0.015615293265746859,-0.38499752541670124,-0.23388607672774991,0.3854566588519846,0.2413814832678813,-0.08405824895082539,-0.26681864999672306,0.31222950235603464,0.2538755893354701,0.1366231101807844,0.015398134576386448,-0.08108200461739468,-0.11125569775263654,-0.1312489308395401,-0.19139122821068397,0.05509111219016119,0.0014063240975688705,-0.12477901643962096,-0.058195008276278666,0.03513860393836809,0.15121534944319878,-0.05496780020764739,-0.22835123157779363,-0.2650450789939814,-0.4069510784262538,-0.16043542900944963,0.026143319249894145,0.047466842238171554,-0.10550128727778861,-0.30173170849807485,-0.37803563433562504,-0.15160419382123377,-0.06280524411053366,0.03409008584721136,-0.31386131823104124,0.054255470073796316,0.09293573218200672,0.08019393287372832,0.12796430587593963,0.1128462837873574,-0.2941547636161145,-0.4455325367681344,-0.3735131463201272,0.09344387679449329,-0.043650886281933504,0.12750199751399396,0.16138137808979106,-0.2951630186479414,-0.13167298778847042,0.5477494064895937,0.15471021916985006,0.06945171781165387,-0.03660961810320637,-0.2689172391543647,-0.14546498376255912,0.09396776558176635,-0.20138734013435297,-0.12568412564656742,0.05026164476180173,0.10405625753954283,-0.22462520574310427,-0.09062961832688098,-0.013868184736621528,-0.37470958974114055,-0.4113759950445869,-0.5015770309764186,-0.47080219270757234,-0.08087718544992892,0.04857552029503916,0.00454510536384688,-0.2741737802898559,-0.1300800027436981,-0.2255116348263092,0.3014178560329812,0.015594937525788288,0.44357654075944297,0.505278255544601,0.10863639208241617,0.48580593077771256,0.0661055055172567,0.13894773513199013,-0.2005174457617091,0.04703871561727155,0.15129416145441726,-0.12081723532442412,0.3628926151747392,0.029148951976269193,0.25993722292971005,0.16588625110756197,0.22337574137016716,0.28479111743611346,0.10990522774823266,0.07663504273457836,0.03686471072214065,-0.032705631197672703,-0.15421766235098702,-0.09394518143478756,-0.11440645216642675,0.05820319513729698,0.11296460551884752,0.17869983173110607
-0.032098023347493836,0.1230234188690555,0.23562737578475723,1.0,0.08087526368896802,-0.04421898495113751,0.20468204836516843,0.3832018156822466,0.16803135854112325,0.14817163470130637,0.25843855831169393,0.4276197758579633,0.04009771005041539,0.2240242851350629,0.07216765400622344,-0.045932203362929414,-0.174551244545674,-0.1435315327660236,0.40662621069020877,0.4074651705150797,0.1317139447736176,-0.310475638385759,0.25552733628108,0.3960101926465813,0.1398523371614058,0.017010709559615166,-0.16016913718840703,-0.09277091150877569,0.1484597103092508,-0.041234472637398004,0.4068775719343173,0.308706279646792,-0.0981343887330253,0.19548676037170573,-0.18601576162331165,-0.11452926789390781,-0.21041412135714965,-0.24813886709529515,-0.30974682374120865,-0.2559360412610085,-0.009423927299903212,0.009604098637320296,-0.24739560019270485,-0.2837778236477254,-0.2647089590930713,-0.2120647558691956,-0.18411073804614844,-0.24216088872875832,-0.009173316147197848,-0.16389441542577707,0.1401120151408601,0.2653065665006927,0.15697644278039505,0.20869686548382427,-0.10800483050449217,-0.40372386821555967,-0.17781932483343688,-0.179092885335064,-0.2565697177303464,-0.022236338606102808,-0.23633167459998017,0.008803947969937833,-0.24355294614830042,-0.23932832544740598,0.21365407901192887,0.01685954377963003,-0.17327085654487875,0.026405754123467143,-0.1756344370597632,-0.08981342098430098,0.37594975261675334,0.08156556069374798,-0.0225620017869854,0.060874968696025655,0.10642585081445925,-0.01458671800274921,0.11237751065245705,0.17791827169031174,-0.18208588978017967,-0.1900020775431951,-0.34211669013636686,-0.3148164269429377,0.22568963386476437,0.25542816851972855,0.019035964862631337,-0.02601817806365021,0.20470239197816054,0.11600884543580467,0.03469139744709395,0.19759104381354264,0.3317471685707545,0.23463771341335168,0.18280735940297144,0.10516805278164654,-0.26613020679280674,0.022293288608773876,-0.28320592761291036,-0.2587982203829965,0.0051612197046635245,-0.2401859183305748,0.24395790932829853,-0.2194690876617882,0.147961413107239,-0.0033596537981770195,0.20218697218679366,0.09307220896841414,-0.06912894882839464,-0.12184646063920261,-0.30458511420641826,-0.18796680143914585,-0.2929839527843409,-0.21017149682178418,-0.03950647887784907,-0.05201372830187429,0.028658552204419412,-0.07426418774115583
0.01832559944232973,-0.2108588673431866,0.28855299013436775,0.08087526368896802,1.0,0.19618267041734427,0.34333745865915954,0.03356802785642558,0.5885171325204366,0.2792187418079565,0.09344684476831486,-0.09755761490495185,0.22758452526824333,0.16204890283865092,0.37509908144078963,0.28794387481242956,-0.16947597680629145,-0.2733843831061554,0.027373333771875324,0.18735217441691057,0.16556678026899693,-0.18495041573867085,0.1295615393809486,-0.02420992696556163,0.2668277186680412,-0.11777044234207124,0.6272259766562374,0.15373217642056386,-0.09764854121979233,-0.4125191487770079,0.1462696457143325,-0.045487789093952374,-0.29017845781397567,0.07701581830373279,0.1311954035697408,0.467308455636717,-0.23947021182221087,-0.6252336003375587,-0.13434528483149497,-0.16468806109680942,-0.06216155927775776,-0.29587483694570255,-0.15436845418856002,-0.2741701912056217,-0.15741838798710728,-0.08735940359769817,-0.3115191960065746,-0.24059856188462755,0.09585593407864328,-0.22701506822890533,0.093017288242756,0.11416030287212982,0.29251781755421596,-0.038865233558131575,0.23225990727671972,-0.1474190134093495,-0.19310845132413837,-0.1197812874869844,0.18980349630571167,-0.03496388141154032,0.18745754641480425,0.055659234074885454,-0.2500903446690282,-0.29372481244032894,0.1675341093333432,0.2070880208520413,0.09826018135378821,0.18218335759450113,-0.21599823372361995,-0.06673928857372435,0.14561696285294481,-0.04702162361072283,-0.16468888359637945,-0.30522485054630544,0.04003324006397093,-0.1991021520433146,-0.09284866289813093,0.058116457874478715,-0.2118218057576457,-0.3207630793272678,-0.27746196619484753,-0.3263104551560669,-0.08526994866955451,-0.10613891738248322,-0.11425663647209514,-0.18984525518399345,-0.2012745911861395,-0.25278923882414406,0.3917957690692242,0.3238469620642808,0.29749288514188865,0.4808656313959913,0.17859995004532733,0.14157643054211178,-0.1830231099326091,-0.14995265789214085,-0.3552609954374992,-0.10791394606836971,-0.1405950063694997,-0.10014354434019154,0.1359951316557764,-0.24286974101337508,-0.15187751990271844,-0.1280495412853302,-0.017373573494357208,0.09346757561066954,0.24380964594439627,0.2668491910272062,-0.17441201309411763,-0.04096021391704214,-0.04302917123704137,-0.0556480994380179,-0.07493078725436222,0.042522404320967135,0.292380181977677,-0.0030939082236787407
-0.05185413482491533,-0.1209277131812359,-0.2790548137802587,-0.04421898495113751,0.19618267041734427,1.0,-0.3614124461305064,0.2347420574507823,-0.027425654224893597,0.6123788416057792,0.11669679584736925,0.0148257027048251,-0.004124441512658201,0.38731943683968023,0.32298327601062754,0.5120341856464822,-0.28005464377803535,-0.42143752948900665,-0.29323363017103543,-0.26386875176801755,0.3199023971684888,0.27549267708884584,0.07728521637618196,0.14715536821779432,0.32639484296510146,0.29596235970422513,0.38740201052816237,0.47935937356758573,-0.26370308825304545,-0.28942139556359814,-0.05926948039225691,0.07443962987086719,-0.5723542177431896,-0.3682701976144821,-0.16980891967536038,-0.1254699685208496,-0.05459227815605403,0.010567436194625197,0.28622300442887305,0.2506534022170868,0.0759731064416322,-0.07728950394537312,-0.02393163658577784,0.034461490113531924,-0.13400548064711656,0.020080883412379225,-0.15642105097338577,-0.039271875676436724,0.03425469642987822,0.07478364013058732,0.22461165192788723,0.26070219255631316,0.13566839447708962,0.00720191532591713,0.31060714497157504,-0.07069095640558605,-0.06485382961347094,-0.2017205268500398,0.14365060478609462,0.12356333607601452,-0.043666165866938,0.21965661602978134,-0.2967711330033276,-0.4328525799938325,-0.3188132385602628,0.3010188175288976,-0.14943942710001856,-0.0028913946971714246,-0.03326159455171045,-0.1314348166681732,0.048901539444113636,0.25325415095116643,-0.28935676416959705,-0.13071418205678584,-0.07393632054760867,0.2234462035436139,-0.011533057801351122,0.1322945257064772,-0.15257759097011916,-0.03356561427211751,-0.23666937613083378,-0.2371943121044881,0.013886474842689936,-0.31444622239082004,-0.020314318821992937,0.0060348747705798525,0.13186183547612462,0.12360667661147484,0.1120299051664635,0.4548907532058219,0.05897245924542537,0.08914686448550103,0.330813193252759,0.013561055916948813,-0.11361325643603216,-0.30095205932656377,-0.0793195895291795,-0.14037248664729496,-0.15527600149002888,0.13746796700341898,0.0473838684568765,0.043199787909655986,-0.0044696933552681685,-0.11369831808474724,-0.05923793537490667,-0.21227506717672182,0.18303071563278783,0.24370936200538532,-0.17899528369060563,-0.22728704486541168,0.14967490908717462,0.05863585792354626,0.18504111350164829,-0.0009605831578622463,-0.16216068022379582,-0.21640803882517792
0.3693155813036186,0.04706775832585272,0.6558912549794159,0.20468204836516843,0.34333745865915954,-0.3614124461305064,1.0,0.5170302719988373,0.5450864445130624,0.13144789105108134,0.27886996107447726,0.17976295281456559,0.448626855309013,0.3189924091571597,0.2502056407890788,0.07573082210791436,-0.07620168919915732,-0.1269536093066869,0.39847030899252567,0.3785106805300065,-0.3169855404513226,-0.5144320308672649,-0.14549116208640248,-0.11732381377243595,-0.23555885247710556,-0.38039683255277856,-0.1836216763807925,-0.4586851148309473,0.08348159062073458,-0.10010469539012813,-0.014878564781328742,-0.25919588280088574,-0.027355377052893717,0.16326515324679164,-0.09875843222169386,0.15751583907519123,-0.04598340733796302,-0.3962164071228791,-0.298998241253527,-0.5786474762984899,-0.22458389114660948,-0.04346891996559189,0.054420884566550164,-0.09050958222310122,-0.19996912069299286,-0.1981516637792891,-0.03791591130803251,-0.12873758446065917,-0.013960284455234222,-0.37747962972757143,-0.15649008242671505,0.02404345489789558,0.1688705956321968,0.20294097906145542,-0.11290960405587051,-0.2618231577512395,-0.36529594994852327,-0.38529673922970825,0.007258400864648169,-0.0006201601271476017,0.4331706841902907,0.3227473563409504,-0.11299495277598019,-0.016590234579577954,0.5671255914141089,0.17397015157428886,0.09832499187704659,-0.0844238850142911,-0.379313825715349,-0.25869455399713426,0.09504317664384085,-0.11037944899219934,0.04612996739253202,0.0030812683675663804,0.02641959607711976,-0.15573201002515505,-0.004999783876547303,-0.10870375767254592,-0.36323131409442433,-0.4344589744225652,-0.3740265326902159,-0.4698832720319971,0.11360150016401971,0.2519465848916903,-0.17440061592794515,-0.23343247530391661,-0.14962931222415668,-0.33389596745045963,0.19340778458033733,-0.1275566728669122,0.418083440346115,0.4961846550199059,0.06410063937392861,0.44320045180220097,0.09757808714101536,0.13568541182337995,-0.2518595882962724,-0.03474654032459278,0.23009236709945258,-0.1650502828844347,0.23938722386234126,0.11065616455100467,0.12860423202778837,0.08351806846413223,0.11410712555361097,0.22834463730360005,0.171227863044503,0.172627116101963,0.12220075273847202,0.00044861677311541895,-0.41953442031018073,-0.10662261067217026,0.05585253615832384,0.3048300511486596,0.30676739859865954,0.0742651088590748
0.19225570688263205,0.06478183939295552,0.2953621255907658,0.3832018156822466,0.03356802785642558,0.2347420574507823,0.5170302719988373,1.0,0.2877825055059116,0.6088171056547319,0.1568724193721785,0.30765264713876217,0.1077987533800632,0.6102386744206265,0.12225136796403352,0.2574744359282881,-0.2635438675705903,-0.34236794905055495,0.05711885296172796,0.14164837880299525,-0.046158671838356514,-0.2469988970831855,-0.11053307763276438,0.07169071500965926,-0.016956288861791045,-0.01240910980641263,-0.24026679544643756,-0.12376685774073319,-0.13461132775222673,-0.1663624467163089,0.03946315084777532,-0.026026618958735644,-0.3234481712387402,-0.08845192264110414,-0.2611455518456157,-0.14040300927858373,0.027089171385689927,-0.13710121377482912,-0.08581899970188564,-0.2763781490693997,-0.2091343539126481,0.042732774170458544,-0.090593812412509,-0.14153233178960153,-0.30202888767008307,-0.17532048930063288,-0.15528660392102764,-0.27121768224485304,-0.1520070855310809,-0.2646694877170834,-0.030253280595206614,0.16370381766268766,0.07255851817446608,0.11599120105599792,-0.02105332395956371,-0.3812290938067947,-0.259572329769603,-0.48067378874139133,-0.06874880963326392,0.08787069342573646,0.1439314366876259,0.5947632637429091,-0.28335568336190037,-0.2617238232170847,0.3161852152908168,0.5250591222090997,-0.06995070094118613,-0.06695432517959786,-0.24505085087933248,-0.23295651876344914,0.11083808507606877,0.13734427202014987,-0.13009723863680814,0.0669406997071436,-0.017167239827829636,0.066403119669924,0.06121233500291696,-0.03112459139303887,-0.3420911052975054,-0.2967797686254939,-0.4246405524628373,-0.5067739640839825,0.13490423554474895,0.02853621281975126,0.005330985168120071,-0.06099249528645428,0.0703379213100362,-0.058900403891353585,0.08809521672974573,0.16881162616408885,0.41288316609906156,0.3639468976208977,0.3766136530917188,0.39351740594744294,0.11157822488294668,0.047335113979704344,-0.20079316851104004,-0.08990443658576304,0.1361234140340399,-0.14136812675524904,0.24395897116526116,0.1360780146312962,0.27228565205052485,0.03819568023491201,0.11795115893856876,-0.0460455055611085,0.08584421577104512,0.08245096180195496,-0.13416576972392427,-0.13182843139865094,-0.4016971937138498,-0.2823183929405174,0.147940853705063,0.2491598292998344,0.05265094357552802,-0.044928506150652255
0.2244538874056239,0.20316920470968136,0.34262755905129255,0.16803135854112325,0.5885171325204366,-0.027425654224893597,0.5450864445130624,0.2877825055059116,1.0,0.38761655368603015,-0.021700340860676924,-0.0660708372046128,0.2124053090827218,0.03872178318081694,0.15347408121232775,0.031514346613903906,-0.12127681847266751,-0.12488471308851931,0.3236484487586384,0.38484216928276593,-0.07089279608708556,-0.31540215429447044,-0.16189413897053975,-0.16202429662461926,-0.0041839051254824065,-0.17888951159469157,0.11783402221255444,-0.22203558223025477,-0.09566453807548594,-0.12508240112639288,-0.042708848745457016,-0.24169377446191082,-0.12172212680020421,0.0994783883821851,0.10773291029715974,0.2474865151635112,-0.06627594007117972,-0.43172155574340965,-0.3272882568547367,-0.37808134234374235,-0.12966482809772514,-0.08086352449613793,-0.06183628551481016,-0.2507812245056536,-0.22141183001863213,-0.14697561359398906,-0.21545665467712263,-0.257885622368873,0.08928033388683833,-0.20977168214836506,-0.04406874709529204,-0.011150226413121328,0.11760079530208878,-0.1300531065794299,0.18396677413923715,-0.2912582809731811,-0.23099597532693952,-0.1623034098382761,0.03719450644785276,-0.06992370260903182,0.2550054263199617,0.183579582673729,-0.20846239082090676,-0.17714749409658234,0.3919831492713961,0.1768818554534948,0.14209544675223745,0.06313909785194895,-0.2326741291832896,-0.007897188744219578,0.0875810004059266,0.04415404044700189,-0.025164033411306012,-0.014102743491202168,0.10017952020867818,-0.13707932207791096,0.21539186967843024,0.1305839202458144,-0.4720261995972762,-0.4395161316171462,-0.39832520768729845,-0.5131227539081965,-0.1448749386331645,-0.18966612073438466,-0.2540859511314776,-0.1919589094489923,-0.21351649891771055,-0.4599642233342843,0.18660748352951814,0.036430951333432764,0.3341285187366007,0.39623333170528335,0.3333593297460399,0.3231362391867406,-0.11958287286332077,0.13978016920254896,-0.29890077111662516,-0.19036993720495804,0.040946410415592514,-0.1000217398451575,0.25496074035348654,-0.038236879973686626,0.012996190467933995,0.04969370584320365,0.14405361623495452,0.19878854179108274,0.12268033744732679,0.06454463898565121,-0.03784934433578543,0.18789124208429492,-0.18400289211338497,0.07246290846383369,0.05926974072559753,-0.09214961480662938,0.2659136788300121,0.1530154277167228
0.06673998924610636,0.03402061392957945,-0.03771337020384369,0.14817163470130637,0.2792187418079565,0.6123788416057792,0.13144789105108134,0.6088171056547319,0.38761655368603015,1.0,0.16616995484446273,0.16932215461536737,0.016390415331375384,0.5207774197185313,0.32490562668933587,0.5904052938897005,-0.1750935246092729,-0.3174859849006394,-0.11014690963379485,0.09569545893011545,0.06173575133049881,-0.14506956155548456,-0.16715298940722756,0.008773164144507954,0.09133667075942686,-0.030018464107447344,0.14040835947041305,-0.007526849875946422,-0.09291505037146434,-0.1413272043454406,-0.10311116644850345,-0.0949075346598451,-0.4405207376220735,-0.10487536574819259,-0.19422280629515803,-0.015493627651619624,0.008642193734852479,-0.08902450987090375,0.12289683337221884,-0.09967607268350867,0.004838912422261258,0.02018590320406918,-0.1146250020710665,-0.1479416915995275,-0.28326067899050644,-0.057414923262793745,-0.14929950303804526,-0.280715586510679,0.011273201912772996,-0.11225630963378255,-0.07935962868076639,0.11870632406376777,0.16421268180775028,-0.0855033635617089,0.148896580644632,-0.29337429925484126,-0.1529943386960462,-0.31659427812140933,0.07516662849321802,0.16579476522397615,0.18158139572440615,0.4506137486773518,-0.2093184144639656,-0.29990991269323775,0.11881483867852374,0.37458606175171005,-0.05064715066462188,0.03380818389770186,-0.25119331975200804,-0.07213971975254738,0.17856156973768214,0.30738630942653455,-0.1307389489701351,-0.0319122149856345,-0.02447594419346846,0.19906779123602056,0.08194373067163616,0.1358193468025163,-0.35180251719356603,-0.16023801729578852,-0.3547530780523074,-0.521478714443036,0.10219770239327053,-0.12315287863031191,-0.14853460685162215,-0.09126704224814597,0.15554289246686762,-0.10444767503371892,0.1790123944146168,0.3400962783322087,0.27159252947664364,0.25837937148271206,0.4734856157920458,0.1974119762675738,-0.060639285673212494,-0.16667101254770644,-0.3011398746295311,-0.20785548846835414,-0.16765115332793312,-0.05850643460877718,0.11325303848933928,0.045767612734889565,0.01777467036640048,-0.08237552277446976,0.036459751115893856,-0.17943875363781941,0.12744319400703513,0.12407208750387384,-0.08909860422767339,-0.11032319436681037,-0.18591572804673784,-0.18073727418598998,0.12993820568884695,0.09640178554088577,0.017143593214133026,-0.08270906102423267
0.5127573030047728,0.16577734160917,0.2090835347311267,0.25843855831169393,0.09344684476831486,0.11669679584736925,0.27886996107447726,0.1568724193721785,-0.021700340860676924,0.16616995484446273,1.0,0.45708188749589407,0.6456577570794775,0.42779737382548877,0.5663029339499787,0.30372882574485416,-0.12295702332615159,-0.1947220040807956,0.3251316796726925,0.3296241624653679,-0.3175422694286416,-0.26384517788197587,0.07139989963092098,0.07050397796036333,-0.22826251110968934,-0.41606543399903134,-0.11665940376953167,-0.2220700279780955,0.12826826448950143,-0.10346772013252167,-0.0468623769322469,-0.04699745966353977,-0.16381874734273363,0.1766962255606781,-0.2876563804203868,-0.12365346419993178,-0.1853902933731892,-0.17345274673718036,0.1285825152071902,-0.19150368468949122,-0.09590107277985638,0.11816955343638995,-0.03117316603544772,-0.10224821601838104,-0.35444847395537077,-0.3603817035038619,-0.10237307127735168,-0.20384170352592862,-0.05199508231656537,-0.2668861724242637,-0.031692534033635734,0.2079933498181854,0.21024013594756324,0.18956965599572498,0.019580660071342897,-0.2492337142857849,-0.12785211122149373,-0.2293387782468196,-0.049589571732580766,0.03641052120833787,0.28675794142643335,0.22186223079477885,-0.10732040775062975,-0.23010323386876652,0.2857264305302965,0.07946077612300045,-0.16091217248379505,-0.2938380162875515,0.048719663821321466,-0.053105476727137384,0.20132904955579534,-0.03549320639783982,0.005790787571089051,0.16272217883992346,0.16296954235130273,0.16029109558231608,0.07714087126057839,0.15744373003819953,-0.21699897343605537,-0.06213788011018537,-0.3477694477887313,-0.26049770113562937,0.2890276277687798,0.28740430095556324,-0.09834626581353471,-0.11066809772766013,0.3017707124829562,0.24840699663706522,0.30449315704484203,0.19673213974566134,0.13111016100327877,0.10978466572404139,-0.002414361412409788,0.10536414287537896,-0.2728740970583887,-0.00894660216276284,-0.24845984558684078,-0.22820992351190983,-0.11303657674179639,-0.07968937889490828,0.1994459617495056,-0.0419064348503997,0.0655521883314323,-0.016695990092697646,-0.014032873081859916,-0.0028378278231343803,0.3052442232328303,0.29982774645229265,0.11930222034364023,-0.41544558623523903,-0.26699376380745155,-0.13187620833350952,0.06033520263488968,0.341138570583591,0.0247078788088197,-0.2701334309969623
0.2270499373892313,0.4145279235272541,0.09126460959626519,0.4276197758579633,-0.09755761490495185,0.0148257027048251,0.17976295281456559,0.30765264713876217,-0.0660708372046128,0.16932215461536737,0.45708188749589407,1.0,0.11455546915420212,0.4397215717075808,0.18808564277380982,0.28276802287492725,-0.08751842166325473,-0.0275053521442405,0.31322198574838295,0.4481923737402879,-0.045352202498278225,-0.13010807000352217,-0.09854721899723001,0.08659161309129415,-0.20528663885485496,-0.274421856482292,-0.34080934821573694,-0.44878083585515927,0.42032632127844405,0.23777286314086993,0.22047824015195983,0.23932591404252235,-0.02954553392153796,0.16960252863903613,-0.4162678120218985,-0.350640700950472,-0.0776270569255955,-0.02510666736068871,-0.010572027852671289,-0.22408851308243766,0.10395039075585777,0.21566031859621962,-0.0932342749487489,-0.17888284503563176,-0.3476380855570241,-0.3226185008973043,-0.04041072022729464,-0.21808322039126155,-0.1793269558369528,-0.20188219542667815,-0.21375818917571734,0.10601670960720298,0.07939234424653321,0.28728872067338995,-0.21229232305809106,-0.09770366901828542,-0.21168288100666627,-0.303863518521408,-0.19749565111320774,0.005614435993229248,0.1031183456808401,0.28447099618222804,0.05202327500918431,0.08940675183361325,0.12960422448506936,0.0679462119098334,-0.4314188859737253,-0.5203709894709896,-0.1899166717104155,-0.27844041794225743,0.3735940872486692,0.21261073375381997,0.3049483860721802,0.29697092715148876,0.22575236993288492,0.3483477948568876,0.32072254760668756,0.19183562732083714,-0.19124039597007822,-0.06567642697657311,-0.2173743684709255,-0.24804803625347793,0.3653519439967988,0.6350349260459508,-0.13772700422587175,0.02678055656139107,0.14897731472097114,0.11806479695480852,-0.2184621606721159,-0.1308233014340849,0.20070980450447137,0.19778564797141168,0.006933254480146973,0.09408429473410374,0.005458561206807001,0.18933875235258027,-0.17815131291722083,-0.13330923594116142,0.20355040808873173,0.03886691078646021,0.05755520322379309,0.03244854357051362,0.07687969698106552,0.008512219712204035,-0.03165575310764621,-0.024807022322268026,0.030716371228481965,-0.014349334915184022,0.08238728773306508,-0.09305706609302773,-0.30751113033062716,-0.07347989637972437,0.08574864001459119,0.2226388365321507,-0.04537278745514962,-0.16808958561994844
0.5795243810877954,0.18748192339778452,0.23440230323267205,0.04009771005041539,0.22758452526824333,-0.004124441512658201,0.448626855309013,0.1077987533800632,0.2124053090827218,0.016390415331375384,0.6456577570794775,0.11455546915420212,1.0,0.33515427913151574,0.5662840562964013,0.2708189778630698,-0.1819401394494074,-0.20017648108080371,0.34596453689636414,0.169462017549017,-0.48604400999565134,-0.29249662324919756,-0.04462593458927194,-0.14276646646082122,-0.28363371991699604,-0.46848390302333626,-0.004977473663053172,-0.1338859450412042,-0.08861595115799087,-0.2996356919270411,-0.24527566772090262,-0.3919202584383521,-0.08652149039778381,0.08725706416863015,-0.145715806186963,0.04428407312128374,-0.29307523065213975,-0.4145762199333386,-0.01194963627006921,-0.20463672918692932,-0.32532325983050797,-0.1225264650723312,0.05055064071440676,-0.09223776837311458,-0.14275868503008882,-0.22036854933314512,-0.08089663046283216,-0.15921588804403844,0.1928920145871754,-0.24014183167267977,0.19856615512420067,0.13420470357276507,0.256647411857457,0.0881574860921483,0.2013258342961219,-0.16733337916137628,-0.2565988509479276,-0.2140874675023835,0.1613663216730998,0.011153876635927104,0.5185774144835732,0.2661113923475896,-0.1862884423224102,-0.2104948869938562,0.30282957458398263,0.20275132999115322,0.12499130405787144,-0.1466724660054248,-0.0014471637237230604,-0.06212749903546996,-0.08583234756088744,-0.2918518307240721,-0.15056826700415185,-0.15352968097784403,-0.03993399249910188,-0.14098173122593344,-0.14888336317147666,-0.18975682387041592,-0.3073940088333889,-0.36353688350493374,-0.35804964036803943,-0.30641639270773025,-0.04652650246770313,-0.0026042152413985557,-0.19583322088894606,-0.15237282506701194,-0.09716320062022277,-0.10962842171792052,0.35197703743314035,0.15245892522537544,0.1954368314263842,0.15713995193716956,0.11194413450720525,0.2805527471743288,-0.25107317800088474,-0.050449231288932084,-0.21502769119092063,-0.2436968248011436,0.03632088478200633,-0.06523898042447324,0.20224925377974218,0.1169463463367446,0.07504772708960375,0.05857452520486113,0.1124815174090726,0.16225540684830964,0.38787285515807784,0.41433015691459474,0.15047984940043743,-0.3203791937360774,-0.33701628225406516,0.16395786998773149,0.03813104092596471,0.3137047613684746,0.13679022319323647,-0.10126537949975854
0.3331898314109208,0.09065544060438717,0.1436157350119056,0.2240242851350629,0.16204890283865092,0.38731943683968023,0.3189924091571597,0.6102386744206265,0.03872178318081694,0.5207774197185313,0.42779737382548877,0.4397215717075808,0.33515427913151574,1.0,0.4843039072213219,0.6487985152856555,-0.1732901429315604,-0.26135247366681974,0.03872763518655315,0.09150174942317793,-0.00568013042865712,-0.12000828417791436,-0.17324822144264565,0.04339044416605561,-0.07386202704364203,-0.18280260375266802,0.05484763385479749,-0.010861179190825106,0.022424546886211105,-0.27666737088703347,0.03347407823165977,-0.07824102883576424,-0.42068839385871937,-0.08554897626214389,-0.3705210268747767,-0.10048758350933254,-0.049834884245797635,-0.13965872693076936,0.20578881179934141,-0.11895301492255596,-0.14884528180468856,0.024000636062873646,-0.05331210460573875,-0.09039563361838193,-0.39727278872946553,-0.28989419374735725,-0.15704597861192313,-0.25264854529856057,-0.047432546400371166,-0.32896054566245214,0.03923168152221271,0.14808917597389076,0.1643980030562746,0.08363226793254437,0.07685823971681771,-0.16678347959074205,-0.3008780157286889,-0.49842292899613777,0.09900559636754379,0.15847138959685803,0.37638899121216435,0.5679511681323753,-0.17062349688469053,-0.2602011510495247,0.07519674071605753,0.4338077312950544,-0.16166851029275453,-0.13684707928762505,-0.2316220437969981,-0.3246421393880965,0.23254110231868325,0.033695359267378544,-0.052670340144168895,-0.04202981039609274,0.10033599541024804,0.09744165578535723,0.03513444917547755,0.006082030374639732,-0.22498534612055615,-0.16756101696921394,-0.283191110280542,-0.3595843430139832,0.17513837630294596,0.15154531018930503,-0.1801170288601602,-0.13479082169388304,-0.04871405162035644,0.005224249944098859,0.17867852619693145,0.34977141842467113,0.33399800236186694,0.21117637597986627,0.26116103634217047,0.24249460989676913,-0.04777522611724036,-0.16112240401253874,-0.2415465294947631,-0.21403076233946294,-0.01739227481546084,-0.12339041902064406,0.18487482734220043,0.10104778311785517,0.06696709749612303,-0.07444072563065175,-0.04397961794319903,-0.128597897591436,0.3796668962155474,0.2759790200448766,-0.09090402304967438,-0.35039299330297696,-0.32634221487775894,-0.20732322104493836,0.21346601109807387,0.382633416405331,-0.052835499048893474,-0.3397366000988951
0.3569651454292191,0.02933336152647716,0.1508971939252982,0.07216765400622344,0.37509908144078963,0.32298327601062754,0.2502056407890788,0.12225136796403352,0.15347408121232775,0.32490562668933587,0.5663029339499787,0.18808564277380982,0.5662840562964013,0.4843039072213219,1.0,0.6257248451614372,-0.04248236970940226,-0.22555424708436053,0.08211219235842293,0.1539816951067934,-0.1569703478193085,-0.07490813813129678,-0.017501677953698322,0.008076392166188218,-0.04569723897465409,-0.2326607646199091,0.23790940475080893,0.20250641689970642,-0.03177646923322901,-0.35052073934943995,-0.19521755310001596,-0.2563632377244719,-0.32866215655779657,-0.021697251213395944,-0.2593282128740237,0.03244554549078051,-0.22128224487932302,-0.24528397464948973,0.2568958791224859,-0.13713164511038461,-0.14697095247317596,-0.05528789364919962,-0.06582637746617914,-0.15385254185467237,-0.42199489526331074,-0.30222358839720725,-0.2323175714537829,-0.15587548385818778,0.058069477860252516,-0.2652145992538109,0.12377007966308215,0.15575978285878764,0.33410028684576565,0.1457673972054938,0.19475738827250474,-0.17936911416741494,-0.11085825933101778,-0.20168681473392952,0.23832172625121553,0.025178910042366047,0.3473592298056141,0.27910605559698526,-0.1911762770730077,-0.3289648485645405,-0.029548451087558596,0.23752259191447514,-0.08363679916995412,-0.07785047552663613,-0.09438434167827675,-0.04097936346229529,0.2495231877477405,-0.08774549887792568,-0.24818589233324764,-0.13778219624025528,0.1010242881081826,0.012177906948906664,-0.1170430643645913,-0.02234905207585312,-0.1903552666738966,-0.13809988523548425,-0.2701614626112809,-0.2801828297716938,0.20240035687540534,0.03983141412974648,-0.23199071727032358,-0.06445515908518092,0.05535653468169937,-0.045428967466052295,0.4245217124590754,0.4644083461245913,0.21623727135626167,0.2419216600996434,0.27591692345447905,0.04448495021544195,-0.3226358538147326,-0.29595800348773593,-0.3317629226475755,-0.34851674644576014,-0.1853059431002461,-0.17571231712271984,0.1282703436993883,-0.03897113181540253,-0.1612783502008366,-0.19826367868355227,0.016204571953522467,0.022017127430952046,0.3567994413213588,0.4572023875367392,-0.1594576373555335,-0.40537892609400583,-0.26355149830980484,-0.08653005804730461,0.06807912655027824,0.2781782962453179,-0.044054810286442016,-0.2788312784040289
0.15726546934204233,0.041992550687304564,-0.015615293265746859,-0.045932203362929414,0.28794387481242956,0.5120341856464822,0.07573082210791436,0.2574744359282881,0.031514346613903906,0.5904052938897005,0.30372882574485416,0.28276802287492725,0.2708189778630698,0.6487985152856555,0.6257248451614372,1.0,-0.06629475921220689,-0.21306173495149316,-0.19081926235494046,-0.037532116853254915,0.039870880717588396,-0.0011873029552561332,-0.18420338346582782,0.016114558116842932,0.002467248867289933,-0.04840117024007907,0.27794701699458874,0.1253816849164675,0.011008666458074691,-0.2266674915332319,-0.09483095158086854,-0.020306028629293163,-0.3589439676407354,-0.1512157582261892,-0.13386857618539125,-0.030340118416314225,-0.15796825715996365,-0.16995258474670122,0.3024865006155116,0.046114782760801734,-0.034164006401314916,-0.03815484404747279,-0.16227175715960332,-0.11918713674517786,-0.2809451986752834,-0.17636999253620456,-0.18141691003736107,-0.2386262393974477,0.11011868248500499,-0.1654536055404591,0.08086525905575616,0.15062275134809117,0.25127645926807785,0.07626312982374267,0.1985301564418272,-0.13148508911543244,-0.14667434610978378,-0.24282397361576216,0.27251235213315167,0.26076453898277485,0.3484451050871103,0.4096846422230684,-0.1314843943516702,-0.21142999723769001,-0.03188872817914595,0.2893721083946804,-0.03565485914023738,-0.05081405893511401,-0.165376314875418,-0.15842336135926688,0.13224222461224783,0.02655044422937045,-0.20747092986397891,-0.22461379117918479,-0.062351953315746306,0.09596359542255227,-0.1873496008222908,-0.07479528201016372,-0.23434528184105757,-0.1786800256945366,-0.22693630815123295,-0.3347493686871877,0.09817079948621273,0.07774445171576674,-0.2766456742803642,-0.06113832532431362,-0.07268550661084333,-0.15882741678368323,0.20261855661582223,0.3950544041009675,0.2704638125038698,0.16678819578849857,0.36096138559746993,0.07179559807098163,-0.14806552664977768,-0.3081952582028105,-0.38269657104646915,-0.279213897669231,-0.18333508252716316,-0.16475845176758194,0.061880124575954445,0.0522598651593844,-0.09842002816221046,-0.19230006264864988,-0.021687981369183866,-0.11284159663905864,0.36739690587870244,0.3465879364093629,-0.08044318586223423,-0.2849382575759625,-0.2575983112374728,-0.19848301327338141,0.19543769627152993,0.3283633912540606,-0.07282336036567515,-0.26141034368839516
0.09657322219360717,0.17983370034322846,-0.38499752541670124,-0.174551244545674,-0.16947597680629145,-0.28005464377803535,-0.07620168919915732,-0.2635438675705903,-0.12127681847266751,-0.1750935246092729,-0.12295702332615159,-0.08751842166325473,-0.1819401394494074,-0.1732901429315604,-0.04248236970940226,-0.06629475921220689,1.0,0.7089357165311644,-0.21994942179611332,0.01633163576250298,-0.07348454393049428,-0.09672697055619822,-0.46202801320688985,-0.43586928632201327,-0.32469391588521285,-0.2902827047965892,-0.0491799572986337,-0.1797425122389207,0.4812174353948196,0.3020874576112495,-0.10555315741417598,-0.21541133955294547,0.374971033374144,0.32625353537221025,-0.07077333771886525,-0.07406001662836671,0.14123198305643853,0.02616044968876291,0.1242384506523899,0.09458212372902325,0.09979049540385793,0.1110397356959292,-0.15801046812568778,-0.017326370758695957,0.09029628646563767,0.09601286400917518,0.011043148620257268,-0.02449938102698187,-0.2618656198369801,-0.030950849204365014,-0.34292577051045786,-0.35060996639804654,-0.0176791108437476,-0.12449617879472262,-0.2585268665773109,0.10996600728823819,0.565293698435017,0.5250036561101757,0.04679185952406247,0.1045182906793164,0.2154472850806065,-0.18794961966270982,0.7388030012273322,0.5647443486852907,-0.22462734067252885,-0.2607447928515532,0.07399992063276063,0.041476098135896616,0.15679558200455238,0.1774854296296636,-0.04485534953766481,0.13587061265923855,0.31206281020617305,-0.01850147916377173,-0.007951314324603899,0.0202350969082974,0.01037143114716466,-0.07723788247910396,0.5483074468698991,0.6297970101152771,0.7900236349373918,0.5885532384780933,0.2150387887206082,0.317774288337045,-0.12957539239176527,0.11968354606676268,0.03221586187983743,0.03392088519288755,-0.16432516865813468,-0.12447669898962432,-0.34968172294824135,-0.3845692109777179,-0.32066501067335446,-0.5054671577307839,-0.19810321087544555,-0.1723788781673778,-0.10750012190719123,-0.20004748356315602,-0.1389810034105024,-0.09180791129439309,-0.2742048522203857,-0.0839710687184051,-0.42416279016029984,-0.3349682544490146,-0.2825573068551016,-0.2410979038753855,0.015483436614210186,0.1225085701694815,-0.11114672536671864,-0.006147738854088714,-0.2627033914657392,-0.27049042962389735,-0.18709654855979402,-0.07531909312364364,-0.21503555475284944,-0.260852824387525
