1.0,0.1141155728810574,0.3606420813743286,0.03639788543123807,0.03700363272284491,-0.29347274369872767,0.07177433304602698,-0.399135674028885,0.08585762078520584,-0.17850912642563344,0.6798721282754139,0.17420584360484404,0.23046862689409478,0.09565219785989232,0.4006871978793699,0.10841751194231382,0.13360503870358081,-0.1251429122734885,0.4275753659629495,0.09648253184454111,-0.4770594789659533,-0.26305473619344144,0.3695278023459154,-0.05664546473109791,-0.12952912316669693,-0.38444327614349005,0.19294172898535789,0.04915614854702203,-0.13064851238567096,-0.5062716596027586,-0.39717004489555224,-0.6056770007390596,-0.07539037686705756,-0.4554415683486829,-0.15635936810330361,-0.399344896477565,-0.032535751697590584,-0.08398116372400731,-0.1046885371115231,-0.4721360877692876,-0.18156224025163384,0.03852216262956202,0.03156595591575623,-0.0945280095969042,-0.051426285609522206,-0.228283311351645,0.0916572529449805,0.09504858374114475,0.2191400791564076,0.12380973022533692,0.2196438648271728,0.2531451156352473,0.29231775640178237,0.13092069335540002,-0.028653250475863756,-0.21543980274499766,0.284527309862781,0.011333320204856669,0.1930833185385187,-0.08487511984111339,0.21728384158487724,-0.06832150508129842,-0.025467975619721403,-0.03747413954668519,0.3604924819851781,0.17985200036076135,0.09456046277828187,-0.1840484073488752,0.1390601546707114,0.07645051609472994,-0.247345319150169,-0.18185802437065554,-0.316220515658758,-0.24564819475802016,0.013162523921715625,-0.19528323967663455,0.1320785527323856,-0.173908092136782,0.026374847166882657,-0.05291441973050748,-0.07957605101645034,-0.11477814820359221,0.23302520394850285,0.01610111799728445,0.15845881453282173,0.12854963508118702,0.028746406745299193,0.05334023145861038,-0.045230119793178675,0.19602321825857377,0.003825414085009895,0.14269976686986904,-0.0637909800450417,0.1579341066048109,-0.2608295747845987,-0.11608960394330628,-0.3918007589633925,-0.14896818509490686,0.008211256474468997,-0.003903418774020138,0.05417088291922544,0.08484793161216789,-0.14245522678326114,-0.043733730123027455,-0.23457835177046274,-0.14586159102774693,0.040657168079761254,0.2819411618809739,-0.026192375795385078,-0.017827858759035954,-0.35812043032898755,-0.071332437618763,0.14708379974225416,0.006368790612768589,-0.16142075590767277,-0.2681678518137409
0.1141155728810574,1.0,-0.38107621247870266,0.3115926456224237,-0.17013030926753536,-0.158548205540774,-0.2447422820858684,-0.09772953286160146,-0.23454458583897198,-0.03747249248605005,-0.17054188743664073,0.04195588151222716,-0.16760297617106393,0.13876861823051323,-0.23958515329373167,0.07507476450806541,0.26504556953373415,0.16248322325953235,0.15467906185756372,0.5304317408914407,-0.16989192852003923,-0.23320054860487188,-0.4134794454541331,-0.385472595158972,-0.5645843309236213,-0.47007370115686437,-0.03338533840730683,-0.0064327705622819285,-0.1275159256657363,0.007837014088152761,-0.44242289723678224,-0.36251567924755346,0.1520191587436694,-0.20026235810195542,-0.5331117951863427,-0.1950090178320523,-0.09301011115218065,-0.06033958112287447,-0.011423413900723451,0.033775058401571086,-0.06378841845498733,0.05527761981220035,-0.058157653368738446,-0.14655653954486877,0.20289103956978763,-0.04006760949924059,-0.10799438760198835,-0.05515585844163447,-0.31752448214353224,-0.2526801254524278,0.013450128511802547,0.011445904767136313,-0.12193963846845593,-0.2609734095471253,-0.035483456211725904,0.047237154276668476,0.14312097664543263,0.48693536998552567,0.07698300368542761,0.29526367520193963,-0.034270944558085326,0.2586431530926928,0.5032526016341877,0.4081917053531666,-0.3308519357756149,-0.031114850423598482,0.11108402613926496,-0.08899631172048139,-0.07244806000865824,0.2070793424894507,-0.4079185659414141,-0.22556825792012197,0.07832145625822201,0.19629681508307323,0.16821763683276306,-0.03280223181397051,-0.08021916875821473,-0.1578496557820065,0.2603606489832773,0.14275016424414716,0.42920652567278744,0.3110414530072199,-0.12755362702474873,0.34421969486889153,-0.20319530557301962,0.15910325954282267,-0.16627965151550997,0.2969365870123678,-0.025788038893186264,0.07372098227699492,0.1682160993250621,-0.27421412141682144,0.014882541668913242,-0.340843317653266,-0.3074542211412226,-0.061369533283027994,-0.14611081133389497,-0.05749349465619827,0.4523721689382671,0.04582923696266677,0.12842897564759784,-0.008777507326219328,0.5420634376245889,0.06661481702454625,0.0636497126162885,-0.13054662856895646,0.26417787705593726,-0.05850321478533526,0.13645428746429814,-0.07800253842293094,-0.43371006099229187,0.3236457094823545,0.2910015287401887,0.3027645535035283,0.07154316003383372,0.1325383841783972
0.3606420813743286,-0.38107621247870266,1.0,0.008871488999625652,0.1821931059352533,0.004114109413957398,0.7471596918974642,-0.007831484549491593,0.5155421985359618,0.054613493529442725,0.4504313162329306,-0.04003022250655942,0.3558442089367077,-0.31904023786603736,0.4140299146413588,-0.1792773807082778,-0.15314431676116094,-0.23458307850434568,0.12413943006508503,-0.054747202475692286,-0.2653501081191158,-0.15661592290564566,0.5870986171805062,0.2401910402233811,0.2636898993822915,-0.007825201579992625,0.026699770480256995,-0.0520054964522609,-0.013572360153665114,-0.39161041559986437,0.09845913211033944,-0.21627395329659857,-0.21974779293159485,-0.171655827731152,0.12412905334776332,-0.14209222775209224,-0.21277727416647862,-0.33659650928886564,-0.3255463742743954,-0.4464064660766228,-0.08191674773870757,0.014826453182111966,0.04898990260534421,0.08740974369391369,-0.10244378286552137,-0.04034871752525404,0.04356213278054245,0.05013965731577511,0.3203604003229944,0.2539376699537217,-0.0679318588239516,-0.008578725594777558,0.1255155331902505,0.14546011652081073,-0.2383678687853906,-0.16662825127291925,-0.07303282773478964,-0.32101955200721904,0.22698928591163653,-0.20852635886911636,0.19886875551744082,-0.17596990175097812,-0.5806654165754497,-0.3549947926507234,0.38259225941900943,0.1926721537926857,0.049757268620834745,-0.015623638983626915,0.0730707891722577,0.031200288312761507,0.007225795974021751,-0.11381168513888201,-0.26156190312762995,-0.4416694542965893,-0.23970186661231033,-0.13653121673419888,0.028334092747721785,-0.09655471928486374,-0.25758484795549824,-0.23396648193684297,-0.5103065807078886,-0.45104968020271474,0.20024220134746742,-0.11470086681669457,0.09377712615724455,-0.20718348073815093,0.010135120351077193,-0.27216004167815755,-0.022894405635567987,-0.013564668837078644,0.0668637918149375,0.3401412951701781,0.018119460039370594,0.4800019999599206,-0.057642581413612094,0.07997365337094374,-0.2804447744175977,-0.3556200945521934,-0.21172934288315345,-0.05881221026775238,-0.06400327783141478,0.09191379900611912,-0.20635766106338008,0.14461415719508297,0.04051333751726826,0.18232178041162875,-0.10446514371877608,0.44824959256638763,0.036846269516542345,0.2789093554682245,-0.003988518176142426,-0.14443518598003255,-0.10079314128633741,-0.16743919618701197,-0.01883232225169504,-0.09262448869384315
0.03639788543123807,0.3115926456224237,0.008871488999625652,1.0,-0.18021878508994815,-0.25969313250105935,-0.18450578792285494,0.14569799333229222,-0.28198178495595694,-0.29413526074318747,0.07836784190310135,0.28655086811748776,-0.34315028840805994,0.20815649033840314,0.043776283227553926,0.08077019270593278,-0.026499870546626336,-0.21130582453213098,0.2802267122306777,0.37800571571297803,0.002042939743572745,0.02138826230013213,0.12703732237973536,0.26201392489789527,-0.18380657032246525,-0.3200701790120123,0.08992035049963136,-0.054217364914069546,-0.126271177464157,-0.1131780492754217,-0.05879241167090116,0.008914946507639649,0.25368517762661463,0.10991217938567323,-0.22325143562125496,-0.15575574104265205,0.017864344548710248,0.08741974374847958,-0.092391904363625,-0.0632192478932827,0.13191547976067858,0.01647930920367016,-0.08886092009784566,-0.06891005866472608,-0.10010944429950631,-0.22899170924413387,0.014773013319582223,-0.17521240318715003,-0.3172953755164406,-0.24257819133596067,-0.271030627380547,-0.14564588475895912,-0.16855224364323165,-0.1390169717809645,0.06497558884638482,0.10029300768489058,-0.26209454424199935,-0.020966319933550553,-0.1972459385489859,-0.016008176483014135,-0.34855107214396963,-0.0646451251000765,-0.04412675243431424,-0.12914428592398028,0.2902599687898792,0.44989458087764483,-0.10400142383322881,-0.24403772872033436,0.14719287198494205,-0.0023738001684389183,0.02259150093118824,0.04439802904612366,0.03277783180908922,0.2813261475094248,0.18184791651710497,0.04508583567701034,0.24137805976892676,0.06937756357175243,-0.07851438903888593,0.1224392879154792,-0.013850321799648789,-0.1528200218366138,0.26343873619286196,0.2769686442992825,0.22896963039633797,0.26633897611733665,0.190665048329832,0.2288869717803956,0.17158872796114025,0.23380180739326362,-0.12613014391628197,-0.12696650447164817,-0.06459410363678524,-0.06491732049337906,-0.14768499418275274,0.11482890723879446,-0.033231062024535185,-0.14206045505286763,0.09950826758722231,-0.17600159669785398,-0.05945890459992433,-0.2013195589323509,0.17601323264193194,-0.0701850426025651,0.29698556871032694,-0.01993149721058921,0.1420776383039205,-0.05087917597215515,-0.014678656089302345,0.06907371093911895,-0.41075936238032285,-0.13210788565867337,-0.012112647603936405,-0.07053224710269818,-0.0644933771194645,0.176965419663153
0.03700363272284491,-0.17013030926753536,0.1821931059352533,-0.18021878508994815,1.0,0.5025117403207183,0.2398352113799561,0.19950163949474697,0.6235086065912939,0.687353890489554,0.05577233725228075,0.27028178494827515,-0.07063055105827383,-0.0018816253345765397,0.545454850872912,0.5255396754041589,-0.3939421725827225,-0.2734881924942957,-0.2467469985484198,-0.14575991692608292,-0.06016934863426702,-0.13747585422132697,-0.06434664378909612,-0.07468905435009424,0.03816396802456454,-0.12820530177480843,0.1105497645495797,-0.23924119628855114,-0.0473371872289767,-0.271642047268688,-0.08756479806975585,-0.2436878452039823,-0.31571272223641084,0.002268892139948385,0.20491914556448987,0.22766854332111505,-0.22237879907861863,-0.2517842443960696,0.05081697626241174,-0.1690051594841045,-0.07540744596635997,-0.12311812928238919,-0.2705461665928824,-0.2655905188018933,-0.16757828772018715,-0.09045416235780032,-0.28411101651126164,-0.24554261233866168,0.1518544669156671,0.038457324189690285,0.15409114547903874,0.02367141796748157,0.12343484802272427,-0.14129341086641106,-0.2627535538514752,-0.3456372797818246,-0.2519104804323286,-0.08836409184542865,0.4766330823346997,0.22369869979878945,0.4362024982738494,0.23327341278267544,-0.4126924800177163,-0.2076302826421128,0.1229381472860835,0.2022329265370585,0.18032897254695285,0.17363681600927564,0.13620591533017848,0.19437656219152571,0.04927589676341132,0.17809706232521044,-0.33119287833694216,-0.22060425121013083,-0.14117069400298402,0.10589680611672334,-0.21561334895511827,-0.04991081240292048,-0.45390613980473005,-0.21670510146237368,-0.5099501015537163,-0.4292053258036387,0.19875205732362805,0.09326636743336161,-0.3086451020756466,-0.2502138796057772,-0.21423059060921423,-0.2847360346123793,0.24484758562267495,0.11892374153026652,0.3340184781871181,0.5655215641663677,0.35251098887520965,0.35242096078616086,0.1797653948338804,-0.036735991372561325,-0.08805844244514577,0.07909353556983349,-0.36679446398496907,-0.04970788173306992,0.06436269194736152,0.2843806318947748,-0.007113711162712932,0.15887106567877823,-0.10515915422594352,0.17186805573321556,-0.18081195071008496,0.08778970185462728,-0.27965269591069747,-0.03617982649804802,0.11145304557700408,0.1559006428632273,0.0009302217194814845,0.03444613531055626,0.12427302192959945,-0.0069255711733852456
-0.29347274369872767,-0.158548205540774,0.004114109413957398,-0.25969313250105935,0.5025117403207183,1.0,0.26743778788134703,0.4569621063561767,0.5658276992412474,0.8267111119984749,-0.3020682211731972,0.059756490725481635,0.02665410469494064,-0.2565630171653967,-0.06799348820139815,0.06795350020595832,-0.27200639217933675,-0.3110165229415824,-0.2184698634583636,-0.043101716257088286,0.12170087961409347,-0.19332220715596013,-0.3453470802446593,-0.2596599809981809,0.04319891562188624,0.1546030331743964,-0.0688511603601877,0.12564115313684543,-0.08485841031419701,-0.05479191913574324,-0.11146236468968332,0.03678738110024712,-0.1541678507234691,0.36118536834857007,0.23915452900460743,0.3570104970784079,-0.4025968348842515,-0.5070908953885156,-0.09310266428714735,-0.032251055678556136,-0.28257000185333947,-0.3366312031852181,0.032468682813465294,-0.0998563342581149,0.18067038316401476,0.3369843800607121,-0.2047161313016342,-0.05744200502435654,0.19644388542772837,0.276764391116017,0.04900879381582554,0.10712975350668291,0.023824623746754755,-0.018523302744191568,-0.184360410263145,-0.1502244443483131,-0.23994972456769253,-0.12918821999786703,0.2907103928933748,0.38581981285046163,0.12489623115785164,0.33003349560780565,-0.234784645808075,-0.3206214802265952,-0.22265300318071266,0.004073646271354161,0.30897423789490164,0.4486076201179124,-0.06246598621231154,0.14427507659809122,-0.13588044904906219,-0.035952113478560165,-0.1878099808206833,-0.20844169812350546,-0.25179772860342,-0.08397044566710933,-0.4305492034891062,-0.13392475853342853,-0.22373434349160634,-0.3341929574049952,-0.3050628004079124,-0.41414885848402194,-0.2251706075016782,-0.10847258585052238,-0.4890725566937411,-0.5065254723050217,-0.35007582998696607,-0.4298367011092646,0.028382367259827828,-0.13348852103452052,0.2310041599523025,0.28496213140551,0.21548272516095512,0.07564222244951793,0.23633834674937915,0.07321975093304942,-0.004876526372614416,0.11357487484454651,-0.22164644398616706,-0.03182225601285523,0.18921431447208076,0.3133975556490751,0.1345393956560505,0.28365559053942874,0.24334427181042492,0.25202677963209874,-0.08903806546490443,0.043195042361694656,-0.18667942899717835,-0.11445452291875188,0.168992917235629,0.25540978711226636,0.046295570290404216,-0.09787182471618565,0.29371861709403496,-0.011725628767190095
0.07177433304602698,-0.2447422820858684,0.7471596918974642,-0.18450578792285494,0.2398352113799561,0.26743778788134703,1.0,0.3582714283741296,0.7104943252178468,0.34581223417511264,0.1960701648742178,0.048736327393010384,0.5431619503911682,-0.2965627193690787,0.2668887747574631,-0.1640769693878222,-0.0034892451900760467,-0.07161274465443622,-0.12049666231924995,-0.08724580746163059,-0.2532378477002054,-0.28729195721615003,0.1663265572897395,-0.08575520577692146,0.10161314060318248,-0.06675028153785675,-0.29973028707637944,-0.2196315824702795,0.14028590186848952,-0.1480147266190204,-0.04922843764344507,-0.20748571097377677,-0.2038543306103046,-0.052815471618340736,0.23573215568074554,-0.028839627096027064,-0.27465079125115915,-0.48281335367897105,-0.29913486176975307,-0.31110945513102434,-0.229208543521566,-0.11339233088802789,0.038558860263323176,0.05998414347920289,0.07569577785506722,0.1873370306875612,-0.11215650125588174,-0.03699900620170967,0.19972739644576562,0.17371599257015247,-0.13472091035873424,-0.1351355777212038,0.00625938568366192,-0.05131941201996874,-0.3260894137473639,-0.23520954656569026,0.10746211707168375,-0.04723753551334327,0.3733470063503491,-0.0680936493443528,0.44262576992446484,0.09110283869138631,-0.3652247543529683,-0.20604734752825124,-0.08397341745033027,0.04538801780743253,0.1729164665487964,0.11619695872389844,-0.1223124055367157,-0.020771215326680536,0.010540634866932798,-0.06337647085275065,-0.09146339433385624,-0.31763059636848195,-0.2791186492121006,-0.08197805844352558,-0.09791392595431052,-0.044547271195280125,-0.19961471143482562,-0.2372746170760609,-0.33205894045264883,-0.32499943132718445,-0.11559427166024393,-0.1476482759121994,-0.26109965039668503,-0.4885839524176159,-0.2675210191309295,-0.3946622649658762,-0.11400303908016372,-0.3321174379756498,0.2592604625517298,0.23961763220762397,0.09410758620549393,0.3112085469003508,0.026199964501777726,0.051001775602250145,-0.2781811757596899,-0.2089401798907387,-0.18891710189204283,0.08866414134449206,0.10196770956761017,0.19859077620217164,-0.03665913126687521,0.25809102287283914,0.12479902495269404,0.2076643406558816,-0.021952742794377412,0.3002028472505699,0.025982630190174834,0.18588312278567112,0.044068975849660394,0.008694936587529152,-0.1049987583246027,-0.17992193543555451,0.010297401856498611,0.04445589182295645
-0.399135674028885,-0.09772953286160146,-0.007831484549491593,0.14569799333229222,0.19950163949474697,0.4569621063561767,0.3582714283741296,1.0,0.3377450712275853,0.48032860828181884,-0.4013448856279439,0.2935404255698886,0.15902685496434416,0.0412604567578417,-0.16540592825329253,0.18598464610798127,-0.00043945871766749124,-0.07511934039482418,-0.28572998822253315,-0.17292872152726357,0.105400539680595,-0.11895046170728582,-0.3551333291778873,-0.18997951996698212,-0.10118282351862835,0.053377842725081226,-0.5307500383192395,-0.3403121637547458,0.05961669963287004,0.18882311039243946,-0.014196557878282116,0.11068925215457223,0.18775600691222372,0.4379520952852867,0.2293286498442701,0.1856490936983633,-0.27464544071018937,-0.265913931093065,-0.09625088381424017,-0.013332945562089284,-0.13897132481183835,-0.22431230015141437,-0.038846211530372925,-0.004785190005005485,0.08482804437061595,0.293241437544305,-0.24322293448034915,-0.2667448145442364,-0.19078170233465594,-0.008679271935162056,-0.12247223908357685,-0.1647862156036227,-0.10246227973070145,-0.21513348908694746,-0.11039806241576351,-0.03446328828207293,-0.08558512571802705,0.11652415889338083,0.09666955192341063,0.2389981077393003,0.20267793960437222,0.38939544250018554,0.05374510885103862,-0.10720450177766953,-0.3739784591054888,0.135405669876739,0.19682686596444587,0.2603340069253239,-0.25353097786599676,-0.14863817818410816,0.1344661363725662,0.2814310293073872,0.08556898394550172,0.31783378398085194,-0.008697604136101836,0.20703107496497639,-0.07290600040302533,0.1916291823944836,-0.1977527767591501,-0.1795772495076665,-0.11395362343747487,-0.16852346016902556,-0.33967076375969285,-0.17872978509615056,-0.4565684746536869,-0.497557464741577,-0.2807000450765979,-0.42161412197315457,-0.07295504159636151,-0.23645638531063945,0.1923277561420746,-0.03502140696973454,0.10124918813963793,-0.0316300553321248,0.026877178118179055,0.035993179001302084,0.02425960719317115,0.060280393429102505,-0.1048455466940755,0.12782352319943158,0.22927268472417425,0.08068972825174867,0.06200819003802216,0.13960938126991382,0.2848062985677907,0.09137661055199497,-0.02113161061023194,-0.11960227423162685,-0.1341828415842757,-0.06742192251881551,0.043705325331937925,0.10321830132744657,0.028312826681044706,-0.17186107312541404,-0.072626754128055,0.11481000503368313
0.08585762078520584,-0.23454458583897198,0.5155421985359618,-0.28198178495595694,0.6235086065912939,0.5658276992412474,0.7104943252178468,0.3377450712275853,1.0,0.7058234925649173,0.10072611848561423,0.0692070563340751,0.43710431357540835,-0.282437131759922,0.38471627119869184,0.1681770707776646,-0.17172723542090268,-0.2892724694860059,-0.17840210110873891,-0.10064583673695347,-0.23812077590450556,-0.34092614447728453,-0.03310193014371161,-0.13888963742735544,0.08815342631416748,-0.03235230781027149,-0.17354697933458488,-0.1840462281334589,-0.06857880412066902,-0.3190668702937651,-0.19185306361397997,-0.31346078583856146,-0.3223646006983989,-0.04533963740954071,0.22214555502536576,0.15331293187404113,-0.3912958729405123,-0.5149476893053777,-0.2565933789938652,-0.37065725069200217,-0.2872163292402364,-0.16235527461684232,0.015583467203001251,-0.07653820317474183,0.0896242418124617,0.21507576476995083,-0.11527541019527196,-0.11376976813899393,0.36045204615151116,0.3222738461583405,0.10932867461697826,0.152029566455346,0.1729684357737044,-0.01167044685309194,-0.3564488948976156,-0.2785148998316478,-0.12919401170405015,-0.12460105306185745,0.535978060379513,0.23671971567890554,0.4897473351146467,0.256383864694545,-0.3583689970547836,-0.25027670655185474,-0.13218546266326953,0.0611470246357409,0.2562549914357079,0.20727471226829997,-0.01605735654777052,0.12157701468705903,-0.02581705783517589,-0.04457461345045696,-0.3497440984491373,-0.3826520189805281,-0.3123417128597624,-0.05242722431722095,-0.3780965790081777,-0.26765924438545285,-0.3359073661834393,-0.3264727350828179,-0.4737273380595323,-0.4675754194818498,-0.11262293435378304,-0.1061904410006711,-0.45947302289204744,-0.4727066927974793,-0.3887249805138974,-0.5053049493231476,-0.08025809674360859,-0.09280168545230603,0.35541054314715864,0.49364262153917193,0.2697297952256559,0.33974518721230035,0.09016588660451126,0.030112110044733572,-0.2725436003120118,-0.13444964593190833,-0.21171423219992225,0.12865413177710278,0.1729644937502563,0.3586756122313907,-0.06215825711208969,0.30661277848968677,0.04710167261140755,0.23045667968274972,-0.03341116814220061,0.27809580452388405,-0.15445629775298564,-0.06835926470383903,0.03734803442613991,0.12931729511684464,-0.06186040632857268,-0.05576779439730361,0.06067036384906261,-0.011319460411797223
-0.17850912642563344,-0.03747249248605005,0.054613493529442725,-0.29413526074318747,0.687353890489554,0.8267111119984749,0.34581223417511264,0.48032860828181884,0.7058234925649173,1.0,-0.23703943215809903,0.21776411827405656,0.05797728869737879,-0.16221433894678178,0.07436199552466886,0.302093034846733,-0.2286966424322293,-0.2312550644658193,-0.2671176160762041,-0.053700404887679784,-0.0987200480084602,-0.2964065095356372,-0.37852689064664624,-0.3245975896797823,-0.03820810360359821,-0.001567007115372984,-0.19094899837410595,-0.168612883630423,-0.028400545197491522,-0.12323714649244943,-0.16089313267632957,-0.14202427619657318,-0.22073486110488932,0.25901863321787766,0.2043759344285711,0.3658472918919286,-0.3764061938687739,-0.5214207766028585,-0.11450144471049321,-0.07467507027810054,-0.2533411818729645,-0.3055754774232977,0.006764277665647671,-0.09179800819270648,0.2077809762861981,0.35401609650544347,-0.27922210081916093,-0.1694386261601978,0.1193643492696699,0.1962226368207071,0.04993665651153082,0.08462876231171287,0.024857410608790285,-0.18881943133990597,-0.250232064694494,-0.24021343394930264,-0.10814149559949571,0.034887890403317495,0.43880492521322334,0.39325252153361,0.37289313737702545,0.46095554646610637,-0.18542279827021935,-0.1877707415899846,-0.2526783723946649,0.06334879477396065,0.340308419176059,0.4074704723046102,-0.05780379453856876,0.17007437801332848,-0.18050569832067542,-0.06468443119736424,-0.2655083151507917,-0.2318594892015717,-0.3180334100881651,-0.07025397233422102,-0.46321422907111837,-0.20244089115854758,-0.3138382626158361,-0.3770610645267127,-0.318751427221004,-0.36839445656511827,-0.12992449597786113,0.021843653386561464,-0.5857598243043712,-0.5391280567434017,-0.43929748612209946,-0.4602633282824552,0.04186102245888914,-0.16711571466973782,0.3771699220111837,0.2983458487614467,0.31874967199613813,0.0823648498098886,0.10631069620385948,0.0035861119779004233,-0.13460665699038524,-0.02063915613408796,-0.24363713406748613,-0.0070583525870187265,0.1823662827907495,0.3508587500582165,0.07993918006342471,0.217317469294932,0.11844277899836136,0.2878772983421236,-0.14520278803193343,0.14445127986012735,-0.21466816951419773,-0.15581417868524067,0.11640430016129392,0.31398637134211366,0.11497204392004093,0.009288008662307445,0.20582822239272647,-0.024358508309595052
0.6798721282754139,-0.17054188743664073,0.4504313162329306,0.07836784190310135,0.05577233725228075,-0.3020682211731972,0.1960701648742178,-0.4013448856279439,0.10072611848561423,-0.23703943215809903,1.0,0.2429463127147232,0.2762364997534401,0.22633138543413603,0.6375981622632053,0.043393623126898484,-0.09697425764683876,-0.2818101340257385,0.43023626113289387,0.046011957527215354,-0.3337403761628281,0.010599451277763511,0.6231043985106899,0.3129125258278576,0.1317208983319913,-0.1857208462145043,0.19836276149384455,-0.029177437787826388,-0.02919251673891082,-0.4822711438712931,-0.12034920755997451,-0.30869103934645165,-0.2211897030642678,-0.3218679710257603,-0.12079551754279302,-0.24455362800922875,0.004718469086895439,-0.026222915579040544,-0.16119297791743012,-0.2816565961005892,-0.1242457859965025,0.012547236777345322,-0.1147612274072199,-0.17824043092983896,-0.27620722830239636,-0.39744342063131677,0.06109512688105197,-0.05379781527312017,0.19651562857238697,0.015777165832113024,0.06914248119101365,0.09707072686472293,0.25441334940455407,0.16829367850692742,-0.2001426622942833,-0.3149118413270607,0.045370392530800475,-0.19649231040920723,0.04357223668903493,-0.3002349511343464,0.04007361836975293,-0.3703288147841941,-0.29358045341044514,-0.3205494210557178,0.620689293642251,0.219940591089315,-0.15416233635048388,-0.310184494946585,0.3214310360568537,0.006153824627685009,0.06645225668925489,0.07871442961880074,-0.34020725744628955,-0.34925815504192076,-0.11958713679602936,-0.19261150771328506,0.21518506865483825,0.08291862040059154,-0.2495253542438,-0.12603380234543674,-0.24379393761751192,-0.2307701880466533,0.4918142785530364,0.13654684681576976,0.4151659669164022,0.30890278992679193,0.2731521601691148,0.19117377856436757,0.02228134105002025,0.23149897257131735,0.03602082954492171,0.32151817497020774,-0.015579611499232178,0.3573319844014594,-0.08010092895711936,0.07790557460596717,-0.366255396995158,-0.17792430364309178,-0.23135615178918292,-0.26811022564421083,-0.1295515698392344,0.005210582160641069,-0.3550086315280343,-0.056041469453698305,-0.15914426371015403,0.05407566547099341,-0.08663651873938127,0.26533512793199093,0.019448477173776818,0.1321095566313792,-0.20222331641466568,-0.31804047544050595,-0.19164523203720496,-0.013385207743222651,-0.07736609767003379,-0.25559189273928945
0.17420584360484404,0.04195588151222716,-0.04003022250655942,0.28655086811748776,0.27028178494827515,0.059756490725481635,0.048736327393010384,0.2935404255698886,0.0692070563340751,0.21776411827405656,0.2429463127147232,1.0,-0.07476893026594343,0.5400849769142406,0.2724032749540526,0.5091258154747074,0.015288945985635207,-0.11576325650657918,0.03686605301829344,-0.026609824268690213,-0.1119822602068064,-0.14210791244351537,-0.0899912923177785,-0.11674287420439249,-0.2403359244446962,-0.35894401394834363,-0.24992101417654444,-0.46078841101484314,0.21830714545924157,0.04712549445678615,-0.10110565086225093,-0.09959243614308157,0.07428200217538576,0.0030572659385415405,-0.10769781538525648,-0.12231881266789571,0.10294671727479761,0.03687521318443245,-0.07314959370640779,-0.05292260697494731,-0.032478117491083015,-0.06319330940129754,-0.16240319753835813,-0.07170286970345763,0.052831782464197626,-0.030845130957464103,-0.09669902131372807,-0.2587442701684736,-0.3189969693664007,-0.2194666069965504,-0.1941525988431694,-0.15508727178750828,-0.10303047722253225,-0.3811307972079836,-0.09276322262602088,-0.23054742211196944,0.0792593445691669,0.050421459586047705,0.029249457626917923,-0.028669425613177656,0.17906705499846792,0.31211255451215714,-0.10514264709874765,-0.15360695680563977,0.11221759328483923,0.4587641461109529,-0.056587429265546704,-0.11864569902309031,-0.03948058062358165,-0.11004127831620622,0.10110053132844915,0.3119771986270618,0.06594699778155988,0.30223833962405905,0.22338430369922463,0.2588600784940568,0.3334580745932609,0.3521248838379197,-0.24632604177035153,-0.17113371389874074,-0.2165197110617028,-0.22600822366582451,0.21074889329402138,0.3025113043230524,-0.1837257456624609,-0.050224007916049695,-0.1421364796182184,-0.06994543033346033,-0.054171124109868296,-0.05775745662543508,-0.01606829599184879,0.11236443767334611,0.24091341437892994,0.1524259596639386,-0.010422769692407036,-0.039627896673979854,-0.058350359630160054,-0.06991444603546706,-0.18432294360686,-0.12028283617086287,-0.011297110619898123,0.1299610435131259,0.0022645792307342807,-0.0672299622889312,0.07595700090399968,-0.08454283461432062,-0.04005315518231724,-0.12305418259347232,-0.18605208719313276,-0.08177968723316453,-0.2603508085886842,-0.08005098804975729,0.20418554637998493,0.1119950500950738,-0.05258173944805832,-0.01061054521976237
0.23046862689409478,-0.16760297617106393,0.3558442089367077,-0.34315028840805994,-0.07063055105827383,0.02665410469494064,0.5431619503911682,0.15902685496434416,0.43710431357540835,0.05797728869737879,0.2762364997534401,-0.07476893026594343,1.0,0.032341541545348795,0.17613110261263032,-0.0754381855123316,0.2747341297765812,0.12055697297422394,-0.010671006297435013,-0.27648143356572763,-0.1977839306401744,-0.08587900142129769,0.11842468419182844,-0.14297143762372916,0.06538228078074562,0.02542627181498978,-0.2808616120458309,-0.039337326270426666,-0.08013443690865622,-0.16254963657015462,-0.2117008913045073,-0.29341464191045247,-0.1688904597888134,-0.22476324764867572,0.15688621671025604,-0.12225138010964148,-0.23110358004169526,-0.25232983096139777,-0.18608265459828457,-0.3231204361198116,-0.346571803101427,-0.020713185925362258,0.06705290341713012,0.008070039195324235,0.04565113368095912,0.10917176146374745,0.0720966430094937,0.03296042549702239,0.22146426977940467,0.21023554891626958,0.2396739579677908,0.17112246823232952,0.33650539275710833,0.14275964802808558,-0.2601295781868828,-0.16368584567065206,0.3709277085733119,0.0786599809168361,0.1517376343049944,-0.032355791470117884,0.4413031521154651,0.021153677185100424,0.11540768857132949,0.03150424629014609,-0.21829451696678606,-0.1870823824397697,0.10065055257719312,-0.04957701708927947,-0.23745288522344893,-0.16900473035543148,-0.06716523527652486,0.05186486191688199,-0.1296154912053681,-0.1508983235319676,-0.1405858197438766,-0.16673677001439585,-0.0468129419965125,0.0010425783228409078,0.10712652767665161,-0.05938451012339049,-0.004355746668364007,0.04529359301293514,-0.33178184606895633,-0.32026558759708035,-0.14344724307422002,-0.23215927439689654,-0.06133466398136869,-0.1685304390302916,-0.26192004173638866,-0.11641096503472861,0.10490812161097712,0.038101691329492454,-0.14421822920300456,0.0872734091094069,-0.20157908353942186,-0.24051505884379945,-0.3499329268326487,0.037008784162265704,-0.13174445486548297,0.16347690941304258,0.09889613512925793,0.05458674255025253,-0.19962568650975343,0.12440232152907134,-0.2564010173635406,-0.0926184891037157,0.058209866535405,0.24978451736523996,-0.07239022589917281,-0.09158120506531753,0.011506530295518753,-0.048494342454480796,-0.06918402012347759,-0.14048143922504822,-0.2083821463288098,-0.19643928915283426
0.09565219785989232,0.13876861823051323,-0.31904023786603736,0.20815649033840314,-0.0018816253345765397,-0.2565630171653967,-0.2965627193690787,0.0412604567578417,-0.282437131759922,-0.16221433894678178,0.22633138543413603,0.5400849769142406,0.032341541545348795,1.0,0.0873071985753447,0.4247686099337336,-0.029507560595106258,-0.079198377821979,-0.1788720102365492,-0.21938396617931014,0.021122041776422067,0.22781047515003214,-0.03840075727901471,0.14502930300327668,-0.07299235182878774,-0.11925532471914448,-0.05049399757057926,-0.10329043921823777,-0.13870145334909711,-0.10500273930699909,-0.05511400078757781,0.06368009565859295,-0.027033566193536675,-0.11203251462814401,-0.10925568216087107,-0.056746073967427514,0.18366461300074238,0.2998751789869429,0.1872365212858259,0.022069018411756892,-0.0024921959603530293,0.15206887589611723,-0.253047232285846,-0.06220072926633947,-0.09572004379867587,-0.13683568628540602,0.04367059751952971,-0.07822338156832302,-0.1908750953956249,-0.1834727634729451,0.11945941448906272,0.01566698182322154,0.1291215558542295,-0.3452510869858421,0.09808471330305346,0.08777685224925098,0.024679743269128345,0.006891864339254806,-0.12778910761945514,-0.09104123018431359,-0.13009607443364907,-0.05871994626001564,0.035172608793744675,-0.09089285944778712,0.01569785619208309,0.316568455749856,-0.12201448106983402,-0.17504279098637682,0.07543524067616635,-0.14289282428544298,0.11728275076268106,0.42823855675065975,-0.13502353321491767,0.23852328465889383,0.05645867333898762,0.08059867354210251,0.14761011764144893,0.34829825114527324,-0.09280398432363966,0.004311545404369986,-0.053262593335871015,-0.048813962159200065,0.10837152980162529,0.10378707447213738,0.011813808300400148,0.38807092968044576,0.22676671716378688,0.2607639813804622,-0.08484805800087954,0.23983404260214608,0.06478933611050311,-0.08942526722076813,0.25336080163681385,0.08076414759731236,-0.1484260908616928,-0.271786791392124,0.11644440337850402,0.14689900449050802,-0.1502872380237893,-0.12399116952828726,-0.03779580533192739,-0.05402695958621896,-0.04604902725536686,-0.14005635152734508,-0.1410529222310758,-0.28561310016457353,-0.02600431466985591,-0.09444946601620022,-0.24617973916103109,-0.13469285090122166,-0.08622347274592768,-0.08783585631702018,-0.020290287422902578,0.17658643932226567,-0.08647610037178066,-0.015546423706529729
0.4006871978793699,-0.23958515329373167,0.4140299146413588,0.043776283227553926,0.545454850872912,-0.06799348820139815,0.2668887747574631,-0.16540592825329253,0.38471627119869184,0.07436199552466886,0.6375981622632053,0.2724032749540526,0.17613110261263032,0.0873071985753447,1.0,0.4322939696721405,-0.14905829789433617,-0.2140682952892173,0.21016438721912883,-0.11873723439899443,-0.17600999200051518,-0.04441754641913409,0.5273011128153723,0.21050321378985123,0.1316225699233892,-0.14395148866145951,0.2994062252122724,-0.1849513959044194,0.16287231374050404,-0.32213887381729917,-0.03694513473689698,-0.34097576969199017,-0.23804681366332997,-0.2010696422196354,0.06690450598426108,-0.05239512162835797,0.020595298366481444,0.03324969349083752,0.012987879217626584,-0.34165821039659383,-0.01193973695568024,0.22080870638947997,-0.2444719817071564,-0.2786758538403777,-0.33680740490863587,-0.4199923032488113,-0.09786901124135115,-0.34043883170672384,0.10463747767206788,-0.09189322162171791,0.008720231375942545,-0.08199320943246925,0.20284804682148963,0.009018205737801207,-0.1379786080932781,-0.34150911977089005,-0.11495933080461287,-0.18181419728656883,0.2600470156678446,-0.2005370194581841,0.3357261961158837,-0.11271882155046993,-0.37694436299249384,-0.22589650713736034,0.5356973614844485,0.11702417334293141,-0.15026650518357149,-0.3225942446921476,0.2869509494339839,0.018376926772398463,0.22092486650713328,0.21468044967599015,-0.23809482972046778,-0.2714139415843403,0.04740857167348398,0.06211545086758198,0.24675111537998917,0.06122640886731813,-0.30611040571581855,-0.06832852061464896,-0.29477290613195184,-0.22183541704312973,0.5876269452519668,0.14326470916488288,0.19683349347619059,0.012860726176274451,0.19251961489153493,0.0024794219466373808,0.35998695065846004,0.2808032191241361,0.0822364170633661,0.5224921869567485,-0.04795390319545116,0.4416359473245793,0.04474854523236515,0.05652267195379251,-0.2514755031473907,-0.07114341153614481,-0.3115847654390635,-0.22602505228892988,-0.09211853529610062,0.08122269696912651,-0.3199178504144843,-0.08260188525294122,-0.28976605567165126,-0.02141536703822947,-0.032923708274616895,0.19573473365049793,-0.10694336352081754,-0.04994859846975641,-0.13557875677978756,-0.2532945861939731,-0.18404533513813828,-0.1782849364408469,-0.09071603540104095,-0.09076749899059895
0.10841751194231382,0.07507476450806541,-0.1792773807082778,0.08077019270593278,0.5255396754041589,0.06795350020595832,-0.1640769693878222,0.18598464610798127,0.1681770707776646,0.302093034846733,0.043393623126898484,0.5091258154747074,-0.0754381855123316,0.4247686099337336,0.4322939696721405,1.0,0.0613959573017526,0.038476110872703986,-0.06511756252914361,-0.12100989098902178,-0.07153845322792887,0.02825731817123436,-0.12971311762241083,-0.08699096860996836,-0.2146578102790403,-0.17685450690474774,0.13936058818505692,-0.25072527760794455,0.09781052831159073,-0.08336078391461603,-0.11976337284030127,-0.2545273021103574,0.03238035390833466,-0.05061757787764338,-0.0796051722985018,0.13500788783357695,0.03941971382581706,0.11810551268932612,0.24504402070038284,-0.025423852460104517,0.007074552351361057,0.1736123952864216,-0.38860674446377746,-0.2553379601107052,-0.13875570985053562,-0.13502897581424805,-0.2613787602153483,-0.3697522278740598,-0.37460142755210046,-0.3094493855818174,-0.01476366374106996,-0.21266386641624288,0.006899850338106527,-0.3511938386477679,-0.12695922152927006,-0.13688982401638528,0.01706247335107996,0.12542663369017962,0.16803590515746503,0.06219076177286579,0.36650149730864184,0.3255613072328029,0.0180079801133826,0.010894630375238386,0.07932480968727647,0.268790612525775,-0.029246440899313587,-0.08050159872393786,-0.006567290963059596,-0.0006286036861046992,-0.047406016782283476,0.19152685562175117,-0.10520700522576235,0.11785312010017022,0.18514032853984114,0.2230074425498455,0.08436519613482855,0.0924666513514185,-0.1524732925258455,0.030846820926476136,-0.08691341515230629,-0.08703119632043255,0.2906161413096521,0.35266579610671495,-0.15011546173473575,-0.08378206984993067,-0.17520671228347312,-0.08864782330069954,0.2757622838231,0.22314585388118766,0.1710660264092073,0.19002352665510214,0.07546725705214019,0.06071926499902653,-0.007418275857089464,-0.09411974015619944,-0.02342689065438543,0.06743295683350424,-0.3115761519736617,-0.08315227378054853,0.022670059094909413,0.06019733825245881,-0.017068864889023174,-0.019166877782067993,-0.15150766115893535,-0.06580835830467399,-0.045979311742149365,-0.0428598877940239,-0.20632889663628892,-0.26846958218299927,-0.08617169298028084,-0.10394785492020844,0.08548150266054255,-0.06862867358834021,-0.001459594754992624,0.08759709763949933
0.13360503870358081,0.26504556953373415,-0.15314431676116094,-0.026499870546626336,-0.3939421725827225,-0.27200639217933675,-0.0034892451900760467,-0.00043945871766749124,-0.17172723542090268,-0.2286966424322293,-0.09697425764683876,0.015288945985635207,0.2747341297765812,-0.029507560595106258,-0.14905829789433617,0.0613959573017526,1.0,0.7109603953287142,0.32169652153458744,-0.001065202748038146,-0.20012442302232472,-0.21179981130620548,-0.11211489488400103,-0.40054894660514123,-0.2626635237048275,-0.16522997538011264,-0.23764529918022814,-0.15966158983521758,0.3748610284460478,0.3695809064267757,-0.09832650864799906,-0.1842192509376451,0.42298390218523724,-0.13581440978100043,-0.23970770672485886,-0.40551209461874144,0.25470959128914866,0.2244901973182348,0.061376344651065576,0.052707994460725875,0.09924833542312377,0.11927055917166615,0.04830535283597555,0.11068564763785904,0.1540655351609243,0.03836400774350171,0.1198216401005591,0.010657521346311172,-0.3171112864433202,-0.18885104317005202,-0.016978946741597473,-0.16359402992446306,-0.11057589935458954,0.08054078212302551,0.13381288341658293,0.08875661437975176,0.5744387786371628,0.3534552572478447,-0.2658842393519794,-0.2929998829053738,0.15769784126998618,0.10097150606999068,0.5706226132884423,0.46674117824351746,-0.29988874729234033,-0.300438856118428,-0.20003604490642904,-0.3493053130837215,-0.35236363196416814,-0.44668661754486244,-0.06905842412144993,-0.05963165484299186,0.564657900033506,0.3735581612805975,0.4846491705532566,0.20534203728164005,0.41842128376630633,0.2221130327043162,0.5563453250807744,0.4721522468948382,0.626408454052317,0.6302666688246172,-0.31698640250775073,0.0019505649887558282,-0.0442700466164676,-0.2189840912110209,-0.36391966958472616,-0.14266605082486797,-0.11825868337426966,-0.43630169464234425,-0.25244694374475357,-0.44593719739520493,-0.3431029426718813,-0.4084522217589777,-0.13595806248703093,-0.13333573202342125,-0.002782518913585594,0.045532885473215934,0.23497337599000637,0.30161848804087865,-0.009319582757801025,-0.12455375567735211,-0.0008901181504123647,-0.15232877329290945,-0.08592837958802012,-0.27649052279390113,0.12536155477986316,-0.1572552149781542,0.06764695517465097,-0.05763022204697921,-0.14342957260160336,-0.053602530655861985,0.15039455792449058,-0.050790039537015455,-0.1666462233439501,0.009245855981553933
