1.0,0.5488093426143477,-0.20530851575437212,-0.15633673314389,0.06364469120531996,0.02440409927960132,-0.26172974293335605,0.024648334185614133,-0.023162471284667283,0.10281820051844454,0.4339031152269036,0.1522754026083935,-0.10652331966658254,0.07489347027522218,-0.11377033098389329,-0.002225308502570631,0.3275848446189189,-0.03898041806058879,0.6903601450518416,0.36181479232390545,-0.1348314182712829,-0.057357639994034815,-0.7372039619046789,-0.26283706518243727,-0.5371965687460408,-0.5097951669072874,0.13979731138069548,-0.14546666643816167,0.2791549540753102,0.17539047543422023,-0.5042030282111066,-0.44304593008853627,0.3902192603702613,0.2644645329348759,-0.47493508305090615,-0.3366466761717652,0.05200058431957033,-0.4490851599974483,-0.03849623811768469,-0.4381892989408214,0.30833256167839096,0.07890040322059536,-0.21820164821453772,-0.246588168578759,-0.06364587584434352,0.025351663975734004,-0.07583277472484044,-0.5108256654086294,0.15505640310040664,0.12210270322793303,0.07152225003284711,-0.27178124244657226,-0.053811316421282424,-0.4983260256569318,0.02385037660113992,-0.09759542624911692,0.18890576903351428,0.51172088996166,0.05836945548597843,0.36536635641091303,0.200853899525221,-0.07862119672646091,0.2605645791101398,0.11601364111253021,-0.419766725421873,-0.1075030205949623,-0.06242700682711202,0.017007864940962195,0.23971228452334614,0.39759854788943916,-0.1644803169702492,-0.42217175289035896,0.27845445058159846,0.0009153214829504616,-0.14875124092239475,-0.2544092798402901,-0.07770773556637596,-0.29391917800030637,0.22583740976107916,0.001118820638476889,0.3952968618506957,0.37571448890212444,0.1837577917105955,0.3052068525547333,-0.34388180187085016,-0.08042202214147703,0.018474235066944383,0.23378654111797256,-0.25379033973980464,0.046579428425571036,0.17769803978412857,-0.37227053202859667,-0.4020250524636108,-0.1762559142110624,0.14395094158375535,-0.2870312400320116,-0.00686586646357598,-0.30885834299760173,0.39003203671150083,-0.018974000750408827,0.09853818812495647,0.36103125326223745,0.19135397576863683,0.3577602393421078,0.12354554079408799,-0.1295103701446383,0.17601247644830678,0.26388223467358496,-0.06197266612384114,-0.12184807989177691,-0.3758019906790311,-0.1697296015303721,-0.2740169619949699,-0.25395137120135997,-0.17128535632818082,0.0021918506261053333
0.5488093426143477,1.0,-0.43111813310814456,0.3516172701006917,0.26757782825378096,0.2926001996931375,-0.14110129397049104,0.1570076063873867,0.19179261124121605,0.41154389480832987,0.5276933870651943,0.5644489446246436,0.12266249171055328,0.31396608638136586,0.026266612552511236,0.4121418702369901,0.16408398064219065,0.0684908551619645,0.34050217997341314,0.3460998552519853,-0.3680289463249491,-0.23678621765847288,-0.6341748705860579,-0.25953439294847613,-0.5430246077691708,-0.43961309162707557,0.390933875018509,0.05882877533397554,0.18624461405870216,0.26370860057638407,-0.44465235431666356,-0.3570009961519759,0.016751662186842188,0.10716000596002616,-0.5955524944533623,-0.40779551792696156,-0.40895558054238507,-0.657450280818052,-0.25883628687457544,-0.5231941464497729,0.10486912549892566,-0.06621613011960623,-0.08793949270472141,-0.25598310169109567,0.018161371690258617,0.05978768413715744,0.16772452637378987,-0.24046014849300268,0.4742964856535689,0.35740752846756607,-0.17424377900598587,0.11910557494489381,-0.1458660341134821,-0.3199056625808317,-0.27541093664904115,-0.30825447695532443,-0.09394036142801244,0.5926859267381525,0.13894677229187127,0.4991533277579116,0.22474822505198552,0.31053346668122467,0.13542006055071362,0.1600821249499392,-0.4009440727257664,0.1099089068034691,-0.2990390758531737,-0.2891701107308185,0.2244174663804806,0.27498658980993473,-0.46162745446213377,-0.38869829159028385,0.09098172803419365,-0.05697680829005477,-0.31225561507336763,-0.32341159952004256,-0.4634895798937575,-0.43100625318179575,-0.03967624918144693,0.04937457284487803,0.2554109597928879,0.1469425793473116,0.14516868886649695,0.507140441775082,-0.5639858984754397,-0.12145199143798883,-0.00998739363371148,0.20588124739570765,-0.6263991509420419,-0.4181792741969947,0.30694005497552673,-0.20922256850919282,-0.05839668314737444,-0.0708683161596405,-0.13185802063693827,-0.44639153589734865,-0.47347989940424334,-0.3332157186203676,0.3272974632648126,0.1545334747824813,0.12860685462853677,0.300363499153997,0.32340121906859276,0.5571213616165782,0.41810419493760786,-0.15811516929150446,-0.012696703861194326,-0.10076793960336661,-0.12973180205536364,-0.32926570394603116,-0.6412242790009973,0.07232070383119864,0.05068089718090887,-0.2184372929004268,-0.47370074353773484,0.42769531393033466
-0.20530851575437212,-0.43111813310814456,1.0,-0.36695473694490566,-0.27811085037007494,-0.41560772085926395,0.5790575026507109,0.4143644629461144,-0.1638161458918965,-0.06866653669111454,-0.09338933474196955,-0.05366259534090883,-0.005497344314847368,-0.07557862900576287,-0.21339015920255006,-0.4347769617258504,0.04877443773823218,0.30037321806027056,0.022137902158355417,-0.2691750719736125,0.1462884150518156,0.03889810167348996,0.39766337253306566,-0.22209425354282827,0.22331991420216285,0.33808851960905517,-0.4336204781689172,-0.3043573122554572,-0.055175493207786835,0.17315707510426742,0.5106409290540468,0.2741740004555356,-0.38202657551191205,-0.06105835404822266,0.09225747290585248,0.20980871899348433,0.21896907712030014,0.39882980173784066,-0.09471813124977704,0.018343969644027118,-0.19581333606834697,0.27475640021337305,-0.1939101775624715,-0.22423911603450497,-0.16542847742062763,-0.1857365796846339,-0.2245879642179166,-0.08479161449288494,-0.28532355841692264,-0.38177875455378396,0.5541826186635248,-0.18017796054978158,-0.025165765068758023,0.05554652899506698,-0.08388813238473622,0.29064817344161076,0.06673101095344737,-0.19685089021121152,-0.4231243425807522,-0.45238977324029317,-0.25929216730730414,-0.2076957946341515,-0.36209211869994834,0.12020107058091803,0.4926533768201843,0.5025414902293198,0.20232353536183165,0.19889388002794872,-0.2846318606759545,-0.33528099394333594,0.31266074406233546,0.4910816301892863,-0.03615998184509789,0.37070492465543764,0.38237000719895553,0.3673998327776884,0.23487048434389796,0.2989562982592407,0.4422327361534467,0.3750808258820407,0.2606552285819218,0.3764474607340071,-0.2859155071230959,-0.26073478827013197,0.3896245248748419,0.3129512557244307,-0.23174076901179777,-0.16970084074288866,0.49775581315968515,0.29838287896149734,-0.21176005851781968,0.04267171181486641,0.13545772632301267,0.07928242081245107,0.14177907486174987,0.2811533269944429,0.013376538791109355,-0.0888959655186823,-0.1837872824237805,-0.005348031089806168,-0.3265037919430338,-0.38195964341445593,-0.3058502381997522,-0.44853795853997075,-0.28883672213741557,-0.08691168321276874,-0.0640009908641961,-0.061605110320315036,-0.008880960114951717,-0.04745969076805279,0.07769353381993056,0.025847763856675164,-0.046649963907515586,-0.09503619115622441,0.04696808214380194,-0.2786959406590852
-0.15633673314389,0.3516172701006917,-0.36695473694490566,1.0,0.6625323853629799,0.7427527807457308,0.20838736183978787,0.025919278094937492,0.5679202143523445,0.6297086819026446,0.08126027680240415,0.06798043692924147,0.410274901563759,0.11174201166856798,0.4872387502139981,0.6987101348811628,-0.254294892100594,-0.023957189468477982,0.19361762236370098,0.4629944426156813,-0.3076341101804889,-0.49133994226588873,0.21763349495547385,0.49841636322515853,-0.19726218943414428,-0.16566494714631752,0.7742859899801333,0.5750953155397662,0.21810796828563486,-0.0429490813870411,-0.2638112748035567,-0.05756753124372285,-0.35693205318464316,-0.025034070032214344,0.04851814976050645,-0.10053198302968719,-0.2609405346270243,-0.1352234069547423,0.035547010451146874,0.004753036891019438,0.48098666860368955,0.12044883464089234,-0.41550394732005036,-0.4247880689270346,-0.40794828285162893,-0.4530052543901005,0.08195224612108153,-0.09627406846099947,0.17316827889026892,-0.11450087695036737,-0.49813444971338827,0.2940315527530597,0.17003455320394206,0.25049675900199586,-0.05178741645234219,-0.14719346105953535,-0.1466277712651363,0.06638578372082533,0.34598700881572764,0.3327567065414301,0.21283793474169158,0.5309514897742662,-0.07381215288871318,0.18072142699033647,-0.2000171632525512,-0.13240960088842238,-0.5147189202827691,-0.5213753731286721,0.04690454345179762,0.2845352061952143,-0.2605213644280558,-0.2905497646494506,0.07839295259182952,-0.3832373679162124,0.27318243880517,-0.39928467403337226,-0.10043166627459585,-0.05773785946355539,-0.49167113274194474,-0.22645805917197118,-0.25318858044162046,-0.2563602235886702,0.560985430087784,0.5085021383661261,-0.3102452990842004,-0.318103578987074,0.18830635745533303,0.28996706878885564,-0.33520378655218813,-0.3395653529929595,0.47555437857546135,0.17767264078255113,0.38764667894660204,0.22952403231200424,-0.08314039963041639,-0.13668763902040706,-0.3427767089123639,-0.18930028316047479,0.03947949144840772,0.1715606613383735,0.3939951450614884,0.22501865083741254,0.30564966552286327,0.10531593526574037,-0.03317779515211083,-0.3822444323808449,-0.2623898121278794,-0.4960139046129821,0.10084063557043796,-0.14203717714325473,-0.429540408035755,0.025548983056630704,-0.07024208269822081,0.06534192409643977,-0.12680845097346122,0.24325258514395237
0.06364469120531996,0.26757782825378096,-0.27811085037007494,0.6625323853629799,1.0,0.9013258648350659,0.10668051066298614,0.08131751652056968,0.7759702505570966,0.7626941452197445,0.03496127464807147,0.07845537790794005,0.3979632310405921,0.197678678395688,0.3991867147154799,0.7780113097817113,-0.15164602200827046,0.0024430582711827318,0.34119030297366304,0.4516601931664501,-0.5469723128515436,-0.3320497078761029,0.0960238693614987,0.50945684797896,-0.05357276271570021,-0.21332643690919625,0.9479029136600488,0.6972453354189594,0.1109023528648269,-0.19262145703089018,-0.5553578920790935,-0.3543597565049224,-0.2988695401502689,-0.17991192250190985,-0.022526845194679315,-0.26965112127418306,-0.22361797972397762,-0.18840321261261211,-0.08092384950263462,0.1630464994470889,0.13480004382080463,0.11308822488348122,-0.37880511497566227,-0.49236141244897313,-0.47163314584783556,-0.47694297107111394,-0.034147694702254885,-0.4539253870171633,0.1657392276247207,-0.20292617510928043,-0.19110930010750515,0.22735822083786625,0.15650542981622975,-0.018545015197971297,-0.13653582368758826,-0.05395788471897215,-0.19679299074722573,-0.06023383459153752,0.39741868915294826,0.47461485584755775,0.18942014784482994,0.34832516028696764,0.12502207343933813,0.15013084725344902,-0.30932760536761184,-0.19299016971841457,-0.2218911460434936,-0.322950943656301,0.15366044477415935,0.3617272846960759,-0.3521389929199313,-0.6549794870984441,-0.12021613186983568,-0.4865576633960777,0.15636799407435756,-0.493401552681773,-0.13718402868067422,-0.1824336391351497,-0.44715307893446615,-0.36887302223393625,-0.12745371062881516,-0.128899512535433,0.2586668044164679,0.4147449704937716,-0.1175937436467923,-0.2811509814526575,0.23426160780790847,0.4142775110190608,-0.4536031406280187,-0.3911541717938286,0.5207544049345701,-0.14572555688451166,0.2432404450596933,0.12324957149763625,0.330489515168558,-0.07617458145382197,-0.042137807351912755,-0.11777069174026382,0.10772486257658465,0.13609395325223242,0.4025461552151787,-0.057190757270232095,0.39207296588726265,-0.11619354093394761,0.04222979806218616,-0.3639544880462635,-0.4254625592906258,-0.4402039793834705,0.3262305812202026,-0.33848009000901663,-0.41420859628662215,0.16531960607413057,-0.05813413818997491,0.06830106068216046,-0.041369968404742455,0.07354716394707529
0.02440409927960132,0.2926001996931375,-0.41560772085926395,0.7427527807457308,0.9013258648350659,1.0,0.04961159491513745,0.07907028254840046,0.6526136083339377,0.782374969764342,-0.047735652319958674,0.08254106771497936,0.1850205679367337,0.038144498067815946,0.42661855972918045,0.7464904030406798,-0.3019014420490096,-0.1235739419041542,0.38012647450334863,0.5613005296657966,-0.4544936244135807,-0.23808272600052258,0.11403680235937602,0.52156911005556,-0.026167168318481357,0.005404032487401066,0.9383051466432688,0.8377616798105824,0.09100234926931064,-0.3464252039477082,-0.5245587529647688,-0.22815694039083048,-0.3503659964683253,-0.093150971737051,0.15702902939352525,0.02132259062048869,-0.3410011329250136,-0.27553808162048365,0.057520547338368914,0.11350062857293755,0.3103168219709321,0.06910242901759303,-0.3337503529234536,-0.395456203721631,-0.34621862474310355,-0.32536046764050536,-0.12302427438097453,-0.40771103679825166,0.009347620632687497,-0.11595813303022554,-0.3045166970757888,0.11969722372941353,-0.01487998962216417,-0.0500154464838862,-0.19601752302932177,-0.19516700561538106,-0.20827291968886727,-0.05711903474205261,0.2746744039768338,0.32888010383497956,-0.03224804805547762,0.26933976484511685,0.0011041727113754313,0.041664974618508405,-0.28033983306173,-0.16338668901507847,-0.3488965213103394,-0.23329085301898078,0.07675865309309131,0.4163795677724264,-0.4086210285945728,-0.6113058851144807,-0.11784714252975367,-0.5374751410640936,0.0421759483210594,-0.5158348100456733,-0.25944358981736504,-0.1703675106185591,-0.5256601566758985,-0.3655528156268749,-0.22032355682275295,-0.1975755077934226,0.4422167253535048,0.49232100771491066,-0.06654090062040095,-0.19742310185861345,0.3461231715388015,0.5435249108578069,-0.40197961781027297,-0.38566469052667407,0.41870735264186826,0.023879358876641756,0.37563906004388353,0.2711029382886691,0.15852925572214419,-0.2774448929114868,-0.14285598437826844,-0.21502374358029627,0.016641409345369007,0.028689389462282496,0.5679031262599988,0.1525475402169841,0.489676006895653,0.05088760877666556,0.10422011657247253,-0.2788329478843501,-0.33151836386911265,-0.4533500496522374,0.2551616201113869,-0.38175902547559387,-0.2977637467069837,-0.03617183229865898,-0.2052295204409186,0.05376509076975416,-0.12425065982191753,0.13043990208206807
-0.26172974293335605,-0.14110129397049104,0.5790575026507109,0.20838736183978787,0.10668051066298614,0.04961159491513745,1.0,0.662549199508707,0.19885804493423184,0.2126107201640282,-0.09682803383301367,0.0029178144054263235,0.08923276815776718,0.1873160472060928,-0.05038293386938005,-0.026933253113097376,-0.27669242312657244,0.2709617094534315,0.19528277830237245,0.1819194562406968,0.0524231674320965,-0.2607986600206011,0.32723688198786727,0.027931605711208035,-0.19578239905075323,0.11028483690945912,0.040955291740411966,-0.16708431257780046,0.035334494722956133,0.2426857422407401,0.4310631950000677,0.40132105802389756,-0.42600007314797445,0.24327758898096014,0.10359045444456559,0.13414455551452314,-0.2029337877628151,0.17703958981518111,-0.17625070003217577,-0.055564455916644516,0.16394533803597158,0.47259791350603914,-0.48809190075997433,-0.5540780657762696,-0.3680510181316986,-0.404308600886942,-0.17462874709863524,-0.15899569569507427,-0.20084940605098003,-0.4280921407040701,-0.09472235640188637,-0.05462074636440855,0.05713897498423603,0.24628159826177304,-0.26353567437740627,-0.06301090350554889,-0.1916587838897508,-0.04734528088539458,-0.17622909747897514,-0.10801038878402583,-0.0031566052900582815,0.2557635038051236,-0.3495572725847716,0.3803102087222612,0.4649672400060574,0.44203192054931373,-0.233462212047842,-0.1162126354516373,-0.476206950476456,-0.14539072998858463,0.11422260353133304,0.14463552280690667,-0.027400390672350596,0.049653642084855454,0.4842356153179874,0.04537436342758668,0.06512453045353864,0.15275714387715222,-0.031071211295834456,0.16554221684772966,0.13143756239879148,0.2293012017645278,0.08637044227232853,0.20638180968759762,0.10466471738759736,0.045772326405121494,-0.10102601459639551,0.201928462359107,0.11265283297729779,-0.2400824613457881,0.039961926246814196,0.11289829123576878,0.36153745514071695,0.2930376434261211,0.2494984606077193,0.3773647108384595,-0.311744716143982,-0.2963439999090946,-0.2210743529580626,0.1356475764483788,-0.1047907023604222,-0.19274934264468016,-0.07915378990438196,-0.2772619229167552,-0.13095806811314845,-0.2575555564538426,-0.12047481982680848,-0.4499874371304004,0.4436827135637021,-0.2094239556034097,-0.3537964067964436,0.17199860297879502,-0.052562326475689355,-0.09480643507740386,0.02434117066946405,0.25898663693074075
0.024648334185614133,0.1570076063873867,0.4143644629461144,0.025919278094937492,0.08131751652056968,0.07907028254840046,0.662549199508707,1.0,0.015542850124373965,0.3890393930352264,0.07003313892412881,0.5443364464692054,-0.16705127973582543,0.3158207852778824,-0.24210257771751506,0.021725569403845242,-0.35246789113313554,0.038202048319410285,0.19469020351247204,0.32089323965555805,-0.11314949215811461,-0.15893365346667204,-0.1480943930143164,-0.1347323365119832,-0.3530445447899072,0.03595620688887642,0.007611083624191042,-0.19580778243819458,-0.12982433940522098,0.10277141282555302,0.15877940624887063,0.1328168211083504,-0.36094954446517874,0.10235926939247712,-0.08841776137799065,0.15647217304322128,-0.41916989732526516,-0.24299902940172086,-0.17293665857460916,-0.29064520689699297,0.0539386090353652,0.2999232659612725,-0.25534413457307337,-0.39261869232458624,-0.09580592743433726,0.020086725900216654,-0.14110531335731386,-0.2954970854270265,-0.06117469203930219,-0.028028761038694217,0.07330479283881298,-0.11479094823745414,-0.225628638958018,-0.0732230853701156,-0.5574774063673056,-0.1538966285558104,-0.4004613723098007,-0.19820156544933332,-0.2844190218181787,-0.032928565951701357,-0.24924889678238238,0.049874472740907574,-0.327182894040751,0.06210706909639588,0.1777198308228667,0.7102951772744254,0.035503862427050906,0.18960716276742004,-0.513589734444034,-0.0053066521098533905,-0.022919071021913345,0.14972032529043428,-0.22036725893181203,0.002201313486191496,-0.0050706195827588925,0.11751070660432683,-0.19948328547312116,-0.010433278511345144,0.09606252473600164,0.10734003485052455,0.18513248057960885,0.2515330508248349,-0.15396024957438234,0.4194207932711705,-0.002143977047104406,0.29953103225994704,-0.1943890978236806,0.35093583843544285,-0.2554664918901562,-0.2989623403798796,0.0203829027297069,-0.06031611894274562,0.4886682018318669,0.07534547269348947,0.09962017281683802,-0.1264324234956385,-0.5036318650944449,-0.4467338633398959,-0.06881371832528234,-0.01521626138368401,0.09246564150959954,-0.00857501997271143,0.10596083351472968,-0.009277593028321525,0.2355908746199056,-0.09921163200083423,-0.044948088889133625,-0.3511379744386467,0.206919004941992,-0.4123564449515747,-0.491446328221013,0.1310553771493523,-0.08594681336147797,-0.18010675123968384,-0.2979028951784713,0.2473688029156037
-0.023162471284667283,0.19179261124121605,-0.1638161458918965,0.5679202143523445,0.7759702505570966,0.6526136083339377,0.19885804493423184,0.015542850124373965,1.0,0.686385655581873,-0.044509930991716816,0.0851961836019759,0.5505924795655598,0.15295968236291418,0.37631117055991403,0.7198920147721711,-0.03548115660283879,0.15056388727660097,0.1825569862688136,0.21999255390908526,-0.49512217650302215,-0.24055848981128827,0.2422555977742992,0.543802711907036,0.08643888419888371,-0.2160487852747654,0.7507418326865521,0.5085124553425291,0.2354144852081432,-0.05169759302421033,-0.3844745790238778,-0.21157507238681575,-0.2170462414223328,-0.00998148415860176,0.08222858219613371,-0.3030139618818093,-0.13119491701383973,-0.06138999896105654,-0.2939212144150558,0.13096798005334462,0.05561743003146572,0.15011295126256596,-0.4003674931451698,-0.5762821086146118,-0.5929433624973034,-0.5896106391550158,0.1323294928745055,-0.3237679826858551,0.08429463836522405,-0.46165443612282925,-0.2139418819462188,0.08728839672130197,0.21901455599040862,0.06023550571568228,-0.2544034551611403,-0.047079980488842196,-0.024467834176047677,0.011043301704582372,0.3320051873802258,0.27263717995250625,0.18768419614409917,0.2535001197555659,0.1517295866199755,0.24593623205248366,-0.19868667115875144,-0.18890133619534483,-0.36258600003643243,-0.4224397785555092,0.31270832229033846,0.1410515732114599,-0.4426710811827643,-0.4359642038101278,0.02802788329937916,-0.4549063312524235,0.20837708756698323,-0.4347257369226627,-0.030941993718879214,-0.2447387409459622,-0.3852626030835224,-0.04867002759284326,0.08259941153822246,0.030865773351017697,0.2510273321877519,0.4108706020598286,-0.05545834466819741,-0.0746445167821392,0.2194379430700164,0.2579301167363849,-0.365715917613641,-0.37776806119144507,0.496860806107677,-0.14183652293261803,0.3270868947673292,0.18846242275148312,0.3456688554446547,0.11108123940320784,-0.048101264917853805,0.19339989210354525,-0.04641136952504989,0.276013896902475,0.1080108013788073,-0.20402160941639289,0.20326013903556622,-0.24364022798097032,0.05786831602909094,-0.33401863744913285,-0.49465604278853004,-0.6089492495979466,0.21728217652975412,-0.032206391216073854,-0.3368081912254812,0.3448781696237,-0.09562535315723214,0.025302926118105515,-0.000944304967519477,0.12839224880174596
0.10281820051844454,0.41154389480832987,-0.06866653669111454,0.6297086819026446,0.7626941452197445,0.782374969764342,0.2126107201640282,0.3890393930352264,0.686385655581873,1.0,0.12133635936765685,0.47972875056690323,0.28603258206901416,0.2290519860075136,0.35419201595019145,0.7533440006557205,-0.1912025480838873,0.06585231547703378,0.3913149617993411,0.5082087264583784,-0.6329807063737541,-0.40235044954946875,0.11933054070964283,0.39688293232878336,-0.1435910136452331,-0.08936806874433183,0.7765825951267528,0.5789043945044587,0.10339130111757353,-0.20336548875515129,-0.49813621097519384,-0.2919258590062841,-0.4952978159919204,-0.20241923186798955,-0.05936861624015132,-0.10705142837980786,-0.37083262960404145,-0.29296907571130565,-0.1516274915139287,-0.120771320767147,0.2054717124823541,0.0883613391120023,-0.42920585499472097,-0.6055670901520265,-0.4894139144839312,-0.3980581814717644,0.018655820691218197,-0.45085410425994854,0.10748377075474198,-0.2198359339081411,-0.040447607872986624,0.08238995123607736,0.02555751459494226,-0.04986746780815507,-0.36336287838984305,-0.07766770208364956,-0.2683387372578486,-0.08262938422448095,0.1453729150618434,0.2797691532169062,-0.08614128037659018,0.20133750310800289,-0.0549139701583419,0.1165913212596231,-0.26661476559782227,0.19006620611006958,-0.24817325086679895,-0.23702340689470272,0.11101107553389557,0.32423779969560435,-0.5582604287202563,-0.39346444537572084,-0.09161892747173418,-0.38585489303071213,0.09057341719337128,-0.47036925981045674,-0.32571418183584067,-0.24825700777077744,-0.31384478334437216,-0.12309624157829996,0.020699238084532556,0.061515489072335144,0.24674274582040046,0.5787249267035584,-0.10241841149395182,0.0230484346527855,0.2129937229969167,0.5555870893962123,-0.40843345390947666,-0.34724583501713785,0.5648893133218976,0.04878808117018084,0.5437285969746362,0.257482750281616,0.16427110940869674,-0.3238023564901574,-0.3103077917809702,-0.2522147485049983,0.11305596002085164,0.24744206267882965,0.3212182955078222,0.04553443252190358,0.4211464775086898,-0.06900774002634923,0.20886348899764784,-0.36495604256965347,-0.39481881865408486,-0.5781840231680155,0.033069574532497065,-0.38302452768600204,-0.47838657753931435,0.10244036478431529,-0.11347273703343905,0.013907972738773871,-0.2288907148403857,0.16585218375003366
0.4339031152269036,0.5276933870651943,-0.09338933474196955,0.08126027680240415,0.03496127464807147,-0.047735652319958674,-0.09682803383301367,0.07003313892412881,-0.044509930991716816,0.12133635936765685,1.0,0.44134171184300575,0.4416150393633069,0.6241657254447103,0.1583389896839535,0.22395139046211415,0.447607831815613,0.33315807637324557,0.004358339427542642,0.04195247247835438,-0.46901352455192147,-0.5120528545010357,-0.4018554780041233,-0.3816124166616238,-0.4479538203662903,-0.4821237797753358,0.10273936687412294,-0.20498173751562673,0.2786962059834486,0.3255133568355385,-0.3238696209477111,-0.37979383687325363,0.030782954878731814,-0.23850285669225196,-0.7382672405237769,-0.48866207543725887,-0.006481422013596444,-0.19932783359890477,-0.3287309646932602,-0.42999407153452274,0.07478112367042716,-0.01188970467239752,-0.013689382735484625,-0.08999440441257107,0.15744140858628378,0.12439655095395123,0.29702623716536186,0.015994588974645053,0.5007295569341418,0.3926464773845215,0.3658640675513839,0.13390757529001035,0.0307478794421435,-0.17384394401850242,0.05378960793525478,0.11605123570787915,0.09486901129721098,0.44069399829291517,-0.067561570004588,0.27438212333110445,0.2891215748154383,0.07118639295051028,0.22247493662192241,0.08288662462473967,-0.1986355517810154,-0.015920602040055652,-0.0633483685797724,-0.19694005636687284,0.07791887087525015,0.0016263224524115923,-0.24715944101690981,-0.343752612767799,0.09199114964361195,0.03212363949693573,-0.18534455587717433,-0.3032909848366657,-0.29442084122331086,-0.38525641106910835,0.29463084488913477,0.2440408724394113,0.40562395068261586,0.526018220152863,-0.16830900257432607,0.07635439453225887,-0.2910715962355251,0.11823867695571792,-0.43357639991184566,0.008702127766466597,-0.4149563920520683,-0.12097081328912128,0.13863776622986126,-0.03939981948072848,-0.4016206140675468,-0.3632461008558631,0.2193405463883974,-0.10593401636130254,-0.20153325763226163,-0.24456723548191833,0.5634248071841119,0.3604910374749146,-0.3857662052847244,-0.13476700947336906,-0.06374136255835584,0.14124076318167872,0.07996487073403682,-0.2391386504704429,-0.14388026996302705,-0.020006568285928658,0.07332242918671435,-0.1610638184669596,-0.44583969633281906,0.23845800928577865,0.31589174292800865,-0.19420976771048423,-0.4915540279628938,0.1261212332201346
0.1522754026083935,0.5644489446246436,-0.05366259534090883,0.06798043692924147,0.07845537790794005,0.08254106771497936,0.0029178144054263235,0.5443364464692054,0.0851961836019759,0.47972875056690323,0.44134171184300575,1.0,0.03643552359144693,0.42708402855839045,-0.1505696448835772,0.2760554684510714,0.06668163553911594,0.06465189220234492,-0.07824596930791933,0.16526130596297914,-0.489098513920794,-0.261712122334632,-0.29741854407576895,-0.2260051772737149,-0.283110624974693,-0.27217647263310024,0.11912920112431098,-0.11577850194513689,-0.05040733680726835,0.0770790047200329,-0.3035025003709262,-0.3646869360832169,-0.1747515379265475,-0.21211443320755868,-0.44568418603153437,-0.26472102035110323,-0.27631246259931136,-0.43411010835936736,-0.17139478687488574,-0.3454379573969702,-0.13995784194824484,-0.08969898933814129,0.06298519988446763,-0.1329921070126207,0.11027119127802407,0.2475977109534304,0.33890562147223063,-0.037892124029978144,0.2931179638273327,0.2856713962622981,0.1898347773121133,0.1033192243256654,-0.21411496552218254,-0.17875463362324315,-0.4214999069156848,-0.17450834590523132,-0.32357609267044757,0.0355494756377838,-0.09618715070072063,0.16998218282546254,-0.12981559758489006,-0.009925487622990607,0.0476499891278998,-0.07216217658099751,-0.17199437681714663,0.49466401012333144,0.058477534587987365,0.040554787399781744,-0.04614601136831215,0.0523919533822269,-0.4422122556690693,-0.048535138284363046,-0.12754444788839175,0.05443681782183902,-0.27521714408311965,-0.018594943781085147,-0.5009579707965724,-0.33151391169868405,0.09157473670536634,0.09526436282487831,0.29862060611275526,0.1749227808212693,-0.28129044512642987,0.391962768406798,-0.18244960860292803,0.3376022002511404,-0.20103694370681993,0.2618762305947474,-0.44219914421272666,-0.25897444188335783,0.20847358593704102,0.034453535082499966,0.20082246883704244,-0.21625495759780028,0.0224771367423736,-0.5181749350725591,-0.42869738474799207,-0.26478394196615174,0.2027019180828432,0.1107470735522092,-0.1628567472176144,-0.06154454002919401,0.16643535938589044,0.21098526862479086,0.4978425323944083,-0.08925383428014272,-0.16817013763662808,-0.33252903474725176,-0.1449784594414896,-0.30927083033283737,-0.47964358844218424,0.2356478322087813,0.23500735775807366,-0.1478582774124061,-0.40750088274380325,0.393976775150118
-0.10652331966658254,0.12266249171055328,-0.005497344314847368,0.410274901563759,0.3979632310405921,0.1850205679367337,0.08923276815776718,-0.16705127973582543,0.5505924795655598,0.28603258206901416,0.4416150393633069,0.03643552359144693,1.0,0.44268785664097426,0.4709259207363945,0.5278913566260715,0.35645577184762556,0.43284109265210197,-0.21538658570089164,-0.18175817576023087,-0.39891105862666315,-0.4285719533023722,0.22579244067463908,0.17043222446813777,0.02002573515965471,-0.3434791467392388,0.3577308926917599,0.14723355265854804,0.3648472492502843,0.285601399269155,-0.18642086435410923,-0.21265447583097793,-0.09925196799538546,-0.2977764223945877,-0.24540271928672605,-0.5416180096479039,0.1636922413787598,0.2984693920949807,-0.31394571520499276,0.10025201642071498,-0.052121818596376775,0.050316702069845384,-0.11592360946880907,-0.19501631980814058,-0.39966628862646003,-0.49246109181477454,0.47948980725472756,0.22372025459181297,0.4591861085819625,-0.19646850957015555,0.13714491443618815,0.47715259594439563,0.5098869323120069,0.3817504745954811,0.2416409546986763,0.4671258557923662,0.14720708870007337,0.11506108537400699,0.2668664553646016,0.19617711395712262,0.4538250863700627,0.3661314451160563,0.1400507160739604,0.2623096141941238,-0.162468154491762,-0.21207749213557764,-0.22294599492831224,-0.6145152958881156,0.3611421391842429,-0.19861420016111425,-0.12720473687968553,-0.17762361880898025,0.19362896379526573,-0.053421047248094225,0.2827142294092553,-0.15331131427872793,0.27652838305761135,0.06408448742219693,0.04062175349062987,0.10821046494350493,0.013500043747184493,0.12303979821986544,-0.05712920622383865,0.04189986239005736,-0.22056316650302088,-0.14750698215207003,-0.21314411733924887,-0.1954791069623683,-0.36986417295645097,-0.0969344897689921,0.3656865504829382,-0.07029488386013426,-0.13692049753807237,-0.27707016536474416,0.38878568031527566,0.4243989615931262,0.06724462224029538,0.33908443885781725,0.423268256893461,0.4895612173374635,-0.4126370387959351,-0.4916210086469195,-0.15121515671017624,-0.4258658405682326,-0.3677751008063277,-0.4919014299378926,-0.5614693077106594,-0.4111008825130003,0.18441202590125114,0.2484069139892699,-0.25314171459140916,0.41521883079561056,0.4082347069279434,0.08183789418552469,0.04279307308114643,0.047549561739963574
0.07489347027522218,0.31396608638136586,-0.07557862900576287,0.11174201166856798,0.197678678395688,0.038144498067815946,0.1873160472060928,0.3158207852778824,0.15295968236291418,0.2290519860075136,0.6241657254447103,0.42708402855839045,0.44268785664097426,1.0,0.26091627376540427,0.4529146811739878,0.0963088387709051,0.28284266962517735,-0.1514149740787103,0.05034543231462326,-0.48046243832603297,-0.427359137782533,-0.2167121978291322,-0.051850144904852964,-0.3726105317664024,-0.4087098958911315,0.1778120923449859,-0.1848992049848502,0.03860846850275022,0.20460538297357825,-0.2548396766042655,-0.2467842835676704,-0.08186885386792092,-0.28336825714060626,-0.6176306984284863,-0.5255119163297618,-0.21914034921717707,-0.1063079653337819,-0.43706291556466653,-0.1997217051762886,-0.0411815929680303,0.059660178651677595,0.020430238986482975,-0.209127727692772,-0.07609809778250734,-0.07612429806742657,0.5102738316823071,0.09589736902132244,0.619990750813396,0.19607459255682108,0.15931195913056148,0.3786853247261071,0.3680542444223434,0.20028297241304452,-0.09116520799835169,0.13291912454829147,-0.2892465252352885,0.0017253823429149012,0.21586189917772708,0.43006081203513313,0.3638674267365163,0.25036299545074037,0.33408405411461517,0.13186427648913898,-0.2559561407860085,0.00033583130999157855,0.1168152295247243,-0.27358330521408375,-0.014386337654989858,-0.08553451782003822,-0.3108325867139202,-0.3646349968407064,-0.13626329274852989,-0.18309174009303342,-0.1537208198582925,-0.3598541547011857,-0.32299756378623057,-0.4471069333478139,-0.03359133933254525,-0.010636313063205564,0.2422450157171098,0.42045788173109383,-0.37035196030324585,0.17384577872508464,-0.314735909777536,-0.035148795341519656,-0.3418900237273637,-2.6269997112481357e-05,-0.5948095237112497,-0.45833939584632793,0.26010685696273117,-0.009296310642592582,-0.11239821409205868,-0.26643144135666047,0.4150369991600466,0.19540761419808864,-0.23404426019836425,-0.07606447924915288,0.48762169468889044,0.5595158658681222,-0.25629537582421696,-0.2724059127325443,0.0007500825036478995,-0.10233650731694192,0.2452577552572616,-0.20756656168782628,-0.3382827594862221,-0.31383703090588594,0.298459764318822,-0.07750826825396473,-0.5185149752908617,0.5947206351474309,0.5746867860711299,0.06577279847758659,-0.2058006619481789,0.25494318512211783
-0.11377033098389329,0.026266612552511236,-0.21339015920255006,0.4872387502139981,0.3991867147154799,0.42661855972918045,-0.05038293386938005,-0.24210257771751506,0.37631117055991403,0.35419201595019145,0.1583389896839535,-0.1505696448835772,0.4709259207363945,0.26091627376540427,1.0,0.54427854532591,0.10434254230983393,0.2179589732983563,0.026619685255294012,-0.010854539848932861,-0.29303194625033735,-0.20186172172130862,0.2870645043991866,0.3086979519894677,0.1774124430213702,0.11824716236781473,0.42048712989016995,0.39551163931826916,0.5337858018111467,-0.07644220678533115,-0.1589880338327121,0.254296656307895,-0.08833671365055425,0.0036521999327693176,0.09586759327053136,-0.02931036927566718,-0.07958732052360655,-0.11616602279603519,-0.277416703423138,-0.22855402982617845,0.32044510942150656,0.2173989755078857,0.06355078170300245,-0.07784324088144057,-0.1038970748062955,-0.18904354346302593,0.11480768212654896,0.1635721510789917,0.07860517204185297,-0.0016342646993562323,-0.14920124261963147,0.047260532039836496,0.15226855351175614,0.2695416581648642,-0.019109051605085595,-0.13543247042805578,0.03051673257294354,-0.01230318962902687,-0.025863121723173503,-0.08010387213031905,0.023464032416255103,-0.0881986207795656,0.1980706705509377,-0.14312989698076736,0.10652973149919902,-0.3940174227941203,-0.4314748607720586,-0.4348412714290327,0.22067894158807422,-0.22210410195249594,-0.040993113926545616,-0.3126807135473922,0.2862584417015708,-0.19716719394066617,0.20149977172779454,-0.45894768038323375,0.020900036607912145,-0.2693981639563251,-0.3498928846593992,-0.1265252497574714,0.05310729382999315,0.14981105477281076,0.18200793141053864,0.2402839107162362,0.15211158562396138,-0.11634648237399893,-0.1802244316039572,-0.19661822876462842,-0.1366892007655531,-0.32824195461872285,0.1658319962407415,0.2606658689449319,0.02123911387811745,0.1597723233695017,0.08860071980832228,0.0537098286791995,-0.291970945296801,-0.06185991868832941,0.12048064387040634,0.26491679372789556,0.02133762564774349,-0.053214598923593544,0.021318006896052157,-0.2256473893328752,-0.0982466789615489,-0.08628737562226992,-0.48914293747849863,-0.283835531187112,-0.0638211451144173,-0.04337646862663961,-0.09303144064585878,0.3389742435271929,0.16581580009455046,-0.14856213050682307,-0.05011591611707692,0.0794336057046349
-0.002225308502570631,0.4121418702369901,-0.4347769617258504,0.6987101348811628,0.7780113097817113,0.7464904030406798,-0.026933253113097376,0.021725569403845242,0.7198920147721711,0.7533440006557205,0.22395139046211415,0.2760554684510714,0.5278913566260715,0.4529146811739878,0.54427854532591,1.0,-0.03260207717343941,0.13136144664006072,0.08845931610942434,0.33602021059150833,-0.6404062320465139,-0.4208800736366606,0.09066739938124754,0.4691332398618567,-0.0756609288628612,-0.22530680161754665,0.8145671189809268,0.597910299654078,0.1713415903798077,-0.09907400617312617,-0.5557559648568443,-0.3392865205652579,-0.3120029012786561,-0.2591394650752079,-0.12743193696473054,-0.339478626796321,-0.37252086507067395,-0.24099134544153633,-0.2228039402335365,-0.0051156587369161855,0.14915149164949137,-0.05984275811428897,-0.2247356230000943,-0.40295025267396684,-0.4689888901305766,-0.40332477445178816,0.2722197748995667,-0.18008717538827218,0.3351992122696127,-0.150888488303225,-0.24305615018650603,0.3208809308373062,0.2985089538626961,0.20267418894931802,-0.2259617759610612,-0.0653697052567966,-0.16799833494504882,-0.01635261318746392,0.3975210330299117,0.4194865011195571,0.24979882417541635,0.408944890359846,0.20086633430733508,0.09313178240042594,-0.34549749575199357,-0.15800272862470277,-0.32554704065875784,-0.5138290947628813,0.3479219169599064,0.2264124022082298,-0.5348476369115218,-0.522219691145912,-0.06504634019556542,-0.4257958995296683,-0.04039389917489212,-0.60886015197957,-0.28447423562831714,-0.28577159511225514,-0.39768610990513165,-0.2363680724055021,-0.10844026680455421,-0.04411393478932756,0.20422609352928953,0.39265631358998876,-0.305107891439505,-0.19847084840856719,0.16399302791690334,0.292118160818859,-0.5953387844883993,-0.49808818191826737,0.6716778461291681,0.045336361127692515,0.3089811775967651,0.012242083287367015,0.18448720484000103,-0.08042287840957116,-0.2455775543764443,0.033908188153196704,0.15580888808613116,0.41288199909054063,0.23749024705155206,-0.1360170310555613,0.19699167910170814,-0.04381668082857268,0.13197245626129908,-0.17568488242007413,-0.4057875551326747,-0.44863426599998596,0.13880699378194414,-0.24687931515289463,-0.4100809789184491,0.2499358051260353,0.1801541820831694,0.191367634950821,-0.14994440889799907,0.2733230745882626
0.3275848446189189,0.16408398064219065,0.04877443773823218,-0.254294892100594,-0.15164602200827046,-0.3019014420490096,-0.27669242312657244,-0.35246789113313554,-0.03548115660283879,-0.1912025480838873,0.447607831815613,0.06668163553911594,0.35645577184762556,0.0963088387709051,0.10434254230983393,-0.03260207717343941,1.0,0.6354218858288867,-0.09252919228425553,-0.41774230393578266,-0.09292726609737365,-0.08040276545713193,-0.13053489078805483,-0.4294647074825972,0.07912095342370516,-0.28165792955249175,-0.14679864071600035,-0.22562133937464365,0.557623474701964,0.45904875500280096,-0.18536565590772044,-0.2878148867478191,0.324161652499858,0.043372482053787846,-0.3949735638500543,-0.45588390326249506,0.49223598941849755,0.15333683819695584,-0.07953969589279826,-0.11904709782275617,-0.21870869451905975,0.13287594247932544,-0.02334490760563391,-0.028787594420644404,-0.08252003487712839,-0.13232993175285673,0.13442087216553764,-0.03559504728751107,0.11705941631840998,-0.07628200886521178,0.35880494607696956,0.016560029523690494,0.1529156053123239,0.032860048327856654,0.28190828784190025,0.027881547806218956,0.6746422925542824,0.5473617099351628,-0.0992209329221949,-0.02170530446221373,0.3741712860811802,-0.10294073201372755,0.5007829995545577,0.34127968850349527,0.04941115654924702,-0.3104648219732819,-0.1482854865479633,-0.35702930590075055,0.3773280923445751,-0.3740574539629482,0.139488045121533,-0.10345243335700564,0.5633128195885114,0.5985318480081178,0.18774116240839547,0.05516201535874072,0.15954903385719876,-0.05091836337927731,0.5203690410859637,0.3994632083428306,0.44667707892235353,0.3346355852264062,-0.28027845606115964,-0.2084563953750788,-0.03956300994932403,-0.008147888591031228,-0.3035690516278962,-0.23976021364020458,0.10012056279904655,0.34442275824870094,0.09772118568485641,-0.05264683490961008,-0.5715129586553468,-0.3114893543047277,0.1729440158470545,0.016984851584716156,0.10645820464148444,-0.027792163930627722,0.20385516569180925,0.2554097210518062,-0.49867929156538315,-0.2636260393323976,-0.2005725021643672,0.08065440592955218,-0.10194510988747499,-0.02346054523340964,-0.2656292213097372,0.20039689127719465,-0.14060225397288026,0.09079508349876307,-0.11865471276726035,0.11831730543584634,0.37183002670572,0.08209903318336689,0.16652799942660304,-0.07265716852342083
