1.0,-0.09117070797035134,-0.0591966380431375,-0.4740051719086349,-0.44065135362598945,-0.30632536091076684,-0.244452004677857,-0.017027313217440856,-0.34475945457695206,-0.24464789278556134,0.2903615040723431,0.12520790728040357,0.2236088898931547,0.07827236635108802,-0.32611957537662845,-0.09603792856309594,0.5004336163276386,0.24470068231374806,-0.37256508237040803,-0.16960418128664242,-0.36589003578455676,-0.24678159060140398,-0.4375350117861118,-0.19957591223357532,-0.35962487329874304,-0.41555149505153066,-0.5818024183367292,-0.5827825374912101,0.06567718624327484,-0.00449128440833411,-0.4378506963554585,-0.23861231498077318,0.11666947885360988,0.052043202468116945,0.13448150630893446,0.2648236003833658,0.35461023548123416,0.01862496090520016,-0.17786105752018164,0.09092404915224266,0.14058804767949287,-0.14067968597605665,-0.07859497188509243,-0.18431672342775507,-0.23298204531154076,-0.12179003899008782,-0.3879649398417266,0.07818606186346377,-0.03314545615965759,-0.225062027460067,-0.1598882774473059,-0.14628668965977168,0.03981059322468882,-0.04596525657263195,-0.23516118235988337,-0.19146791334777416,0.4255226701668533,-0.24479932594917533,0.3265108881882832,-0.3613328272110719,0.3316696178463519,0.4019177179885466,0.4410861476182355,0.438829627957289,0.24825298986873176,0.48205299512147387,0.07016236914328303,0.14997705847823772,0.12096096224298503,-0.2063946977713303,0.017814281259289397,0.0828031277965679,0.012555983426301346,-0.07828396848545853,-0.03997099183340276,0.2709341989158833,0.21017817924353394,0.2929755575524048,0.1926427013694676,0.1273671055714441,0.17413049206516576,0.18145005402895764,-0.4306751020375368,-0.2363226030002553,0.05749244689613155,0.077054193059977,-0.05561264344610586,-0.40332323748336996,0.16088773912243118,-0.1432520821114706,0.2401278851078536,0.013718946080299041,-0.08543486007161612,0.13431661787477972,0.010449455383154832,-0.0743330875767793,-0.10011605798420475,-0.09838172045322233,0.005950350411863177,0.2798675338460398,0.21905041512140813,0.20467209097451497,0.4083749357563111,0.2935504956540107,0.1269810794909338,0.07335519599004302,0.1389975329560054,0.2959150538196438,0.1022588780591516,0.15716487850905156,-0.09740283611307073,0.04886167956184257,-0.20900386043435515,-0.3033703858241526,-0.44096703883646265,-0.0395111899772296
-0.09117070797035134,1.0,-0.29586928944310165,0.11795356425650264,-0.26937159890587115,-0.17037398888217534,-0.24356529288310258,0.04107704620677519,-0.3987664687201372,-0.33917039667131366,-0.15911851563872992,0.3952929850645413,-0.15590380251807653,-0.029453672924315194,-0.312852480352926,-0.3945444301970008,0.004426693581648755,0.40043940928213795,0.03826782357467144,0.10632440748894514,0.03596255332639861,-0.1251902325886412,-0.2133767191600035,-0.1906809337599218,-0.3434906626228905,-0.34002778895814956,-0.1756525892669204,-0.2532001716667993,-0.3246114968999149,0.05805683295630142,-0.2744748652451109,-0.10740417027036646,0.30222310613056563,0.4369448470485578,0.18675252263025344,0.17825356724264937,0.06841482508022219,0.45214411456711234,0.23286914473514003,0.39716957437026146,-0.41122348916640344,0.30039708002267734,-0.4757804473031641,-0.18163885844265354,-0.13430390674947643,-0.21088676290699104,-0.22451900951188578,-0.2348204690355717,-0.20408537945435481,-0.31860265092938644,-0.1389999528137845,-0.5652617964478132,-0.10671734044173666,-0.5744237799505219,-0.011871060769865703,0.09014117481872846,0.015118882016867808,0.6153908977853728,-0.08871787859803064,0.057524727451742204,0.011167188141096534,0.25976616894452026,0.22139156735301974,0.5600627959726451,-0.05483471538554385,-0.05617275074958974,0.2559238758705773,0.040892471180660604,0.17622822588946357,0.5667887471459562,-0.2797644378260246,-0.4565309501352137,-0.10534227890885672,-0.16266933060065858,-0.17675790137478575,0.05017449432449102,0.17842696928575966,0.20596820693652243,0.41788492901924246,0.4450723184544997,0.450401037504516,0.4891190635956441,-0.23166348603846873,-0.05740505283736222,0.24995588463483306,-0.020787902369865045,-0.12577266665346779,-0.09363294118746697,0.13303489692243528,-0.10619972551293318,-0.25142476478325687,-0.3538531300534065,0.028796285626110685,-0.31205481196711254,-0.021550586431486194,0.01250645762587373,0.05905589936138281,-0.030534971765207777,-0.0720038760527722,-0.301871048447417,0.008576946530008733,-0.08304507108164152,0.09461672878769421,0.13627097305318664,0.3081672417337873,0.05709871570347514,-0.05412306809838498,0.036102728815765366,-0.2293019978044373,-0.07172401965528886,0.019148993797286448,-0.19787874054576177,-0.492357866590468,-0.1282097430749562,-0.07164869879549671,-0.267641692038832
-0.0591966380431375,-0.29586928944310165,1.0,0.5469446157401366,-0.33086359578917945,-0.23403300378995254,0.6794025723077103,0.7343871111109641,-0.12818969044791834,-0.057672956509349844,0.03380023673120974,0.3581773752520039,0.1963966008591228,0.3882673647492197,-0.02559852684222499,-0.07427886262982279,-0.06886212989087791,-0.16347649333903627,0.3228416568981279,-0.06557006668508102,0.21524430634396347,0.43662592826836977,0.6391175654298484,0.7769864425739419,-0.5285498871036438,-0.25228750484458445,0.08269965805166547,0.07066096361589973,-0.04491365249399751,-0.07936718615036245,0.3912868330706345,0.6228875577031155,-0.09115390698814484,0.08377867489139594,-0.14486780514942948,-0.24008309392938398,-0.08826132565879255,-0.09162355223882934,0.16353436154256193,-0.1617818936584862,-0.16789798695013286,0.01841052635683635,-0.17051073209211895,0.062066090027406234,0.23324172503467352,0.2139255201177864,-0.14624818487034943,-0.4202302343902206,0.27715613475308476,0.2058794675436421,-0.13496400496268215,0.23829156535172424,-0.5363181691623647,-0.2536728010366356,0.011291951580228209,-0.01701632983884843,-0.217783752734372,-0.42488657559068566,0.4056280931988806,0.36185155573170047,0.12634391165260597,-0.18520498310833441,-0.13485058640261066,-0.29910933539980383,-0.04427408821365173,-0.150169913076776,0.21109902232095157,0.028397616587810384,-0.3643228382292124,-0.47335781389655385,0.42564784663013605,0.43498280249314836,-0.028297732776287828,0.17987751192290158,-0.05667175576381512,0.1775720622571485,0.05976700012892129,0.12497465691779873,-0.27210359937333845,-0.2841734054099865,-0.31974877705093874,-0.2910873968661955,0.09721043971186641,0.1968518941355172,-0.03360104656927269,-0.08073509483730043,-0.4196926015707656,0.24725360031907814,0.04757869729767662,0.0186799581234753,0.09660804891083515,-0.42177063942622733,-0.42508028270106973,-0.3623289483064325,0.023696282881615127,-0.2341732018473393,0.01823362715083741,-0.2649164502320004,-0.20708330074026493,-0.436581205813541,-0.47684043031828044,-0.21746755113907548,-0.2786429831171564,-0.13366108096290938,-0.12063667248834324,-0.13617245007942136,0.1148340148659976,-0.010950604305920231,-0.23866432189459166,-0.3589177588131199,-0.31146847490275015,-0.2911539372492221,-0.17435712824685579,-0.38826662000199674,-0.10774344140736682,-0.05905488989151262
-0.4740051719086349,0.11795356425650264,0.5469446157401366,1.0,-0.02956827212087308,0.09060903532722092,0.4844408245585476,0.5745552535262675,-0.10591618664650755,0.10164796840558146,-0.187232101508152,0.37670143339514695,-0.0732469456800755,0.0916329349962598,0.1478434548556244,0.07996738898352101,-0.40593584194604976,-0.16376434876736704,0.6123908832661731,0.14560567783589845,0.2906380670377614,0.39791644662504777,0.6123270685599244,0.5298832871366104,-0.21774209565054115,0.07300827855829266,-0.020577938222537458,0.4139537169236877,-0.14735769657240713,0.03951876848426307,0.3520781080556431,0.5503217035482678,-0.05396182793235867,0.17289820320322002,-0.017642300242111095,-0.36594095785868375,-0.2841861689434675,0.007055266100257279,0.3936852515161667,0.13132951037447815,-0.34870879460361304,-0.020380516734239202,-0.3071061348830622,-0.15888794446319968,0.13926547679745127,-0.001598044045961643,-0.10333871772731308,-0.5647307177984658,0.02643519629683456,0.11588795414354419,-0.07748975329979178,0.05814843096527407,-0.34218700323634277,-0.2823761920472518,0.03625479881226487,0.050053389592369955,-0.489595534925962,-0.09088981841323467,-0.13798598068192947,0.19747331527726078,-0.2861930837101286,-0.4248636398505742,-0.4013427986974959,-0.41590581071546545,-0.07246435811586543,-0.1761636747673032,0.14166059164729425,-0.059827070541330005,-0.3954927377297833,-0.2459135302286992,-0.028199040163412487,-0.15937455380409063,-0.12010566962623095,0.049777532305543284,-0.0093175949248936,-0.10687807399750299,-0.21491907759955423,-0.20486166406275788,-0.07520877101454586,-0.06831013997650945,-0.12985980256516277,-0.06247636838764311,0.4407161467143879,0.5226157876953047,0.27526838971140033,0.2403350361383663,-0.10105111177141078,0.6179720810062996,0.199158986346156,0.08880064005725745,-0.41583788316286874,-0.26413022062107916,-0.0650061831544069,-0.13517890747916092,0.2307720640033563,0.07808813538680716,-0.17051452535723696,0.22282353345917336,-0.45068650816728406,-0.45089721511819336,-0.37985005526807025,-0.023321007446913133,-0.47110821258609054,-0.15180137639983932,-0.06550846238647716,0.09902182545010509,-0.2041975127965472,-0.10236924352848377,-0.22603350812429085,-0.09601676181779116,-0.4143459829571668,-0.5806296834135727,-0.1265369181539829,0.03984756507400931,0.3253104248588772,0.019254870014101703
-0.44065135362598945,-0.26937159890587115,-0.33086359578917945,-0.02956827212087308,1.0,0.6765642938756278,0.12328373869420212,-0.19908222211098164,0.6877647734616168,0.5019501122300807,0.22490454873831037,-0.36923865905905234,0.016999102594223818,-0.01928705662767295,0.5064797687699187,0.4882630136339513,-0.16773750328279893,-0.24966992595751383,0.25517536461564516,0.11620820635888776,0.20077015707853701,-0.02329997505691011,-0.05310316451473259,-0.22615736898107613,0.8701932793973407,0.6857601863543776,0.601211743049612,0.5294356889242041,0.2641199697018131,-0.11256822496106962,0.31285207181316227,-0.06229188352703799,-0.5325928106628636,-0.21194354286442782,-0.37063567661758773,-0.34852105040315545,-0.5210920216889641,-0.34767096581242135,-0.23937030178193977,-0.19964529268782363,-0.0390133272125611,-0.31890183193231103,0.21938974576417375,-0.0823909095201331,-0.10970588730793074,-0.13959860750715591,0.31478119473846866,0.13040829815776134,-0.2792555911588614,0.03337865602402578,-0.05302890822240502,0.057863982807331266,0.2742232802954844,0.4952239417291653,-0.14294391197808054,-0.11266892533618816,-0.09903666376346794,0.0775542455084133,-0.43246722035424884,-0.07555903612761776,0.017704494576666594,-0.16496599813100438,-0.36380231703680516,-0.37240658923553704,-0.22590246395450794,-0.10219068911676436,-0.42555775648202704,-0.3275270298906661,0.09705919510037131,0.14215503149227374,-0.150854055128729,0.0052812025014611795,-0.037829607368485306,-0.2124280216573303,-0.11484709243324903,-0.5904264561623572,-0.5396259864148811,-0.6419048266604921,-0.2828122288485924,-0.31597975549654045,-0.2581559627781269,-0.3497595964832002,0.41954387873506543,-0.010909082103729845,-0.4061556581414757,-0.27964526889412594,0.36394300689958614,0.004169075185600372,-0.2910841441472116,0.18649018956087865,-0.05860863353832734,0.5983241825504894,0.5129386072181688,0.5458876025188077,-0.008371962859452934,0.020083058730834148,-0.15568998201860434,0.2979200448458079,0.13662798372538834,0.1864221020067169,0.24465650964077013,0.3157156497708923,-0.04320723416557301,0.17379475211542997,-0.10984059733326672,0.19748951279264265,-0.019976926781032144,-0.1129472421922907,0.05738010573787118,0.06154780741796589,0.0034816908691391304,0.16595487566863568,0.5154221137975923,0.5229396917218099,0.4210235325624092,0.16190591380614894
-0.30632536091076684,-0.17037398888217534,-0.23403300378995254,0.09060903532722092,0.6765642938756278,1.0,0.1108716204159661,-0.11280369070118,0.4693046688141809,0.7511455042046247,0.1156744587411438,-0.27709567329662016,-0.15098293700382182,-0.0927370368599682,0.4474601209059681,0.7231403926216138,-0.2577658474151551,-0.35785013807313426,0.1229267366566653,0.05166475199504051,0.01651500419572617,-0.09814804791100809,-0.22283792636456598,-0.19753030801825944,0.7028680294160777,0.6927549133967695,0.17363900350917047,0.4983350639146832,0.20997329525153463,-0.016418607048910693,0.12479200466178009,-0.09999195746535418,-0.5103648521728222,-0.24565848431415527,-0.18544470721609801,-0.3360763373473352,-0.3094219532239559,-0.21497022593925036,-0.2332798869686388,-0.368755694717169,0.16041126478893614,-0.3464035194802517,0.04682508074397449,-0.2213851786843402,-0.3368858218193966,-0.41732131196686,0.09080971426342771,0.010099806610361124,-0.29327455082735865,-0.19127589746427978,0.04685008010164426,-0.02429446516292053,0.42990000664200084,0.387080280885755,-0.08580496506196668,-0.10746232647809982,-0.12467334899577869,-0.015310421917233781,-0.4477912562439442,-0.19418161285221255,-0.1794685440192721,-0.19153376439616476,-0.313809637762495,-0.24965231769044,-0.03904741961092832,-0.017179081746402244,-0.35912924226959597,-0.07255196316240789,-0.12307325338713171,0.3022806224451644,-0.16147715273357927,-0.07243214501459581,-0.04290179713003606,-0.11228896958589844,0.04932384898285114,-0.31157569005757396,-0.3982375368435966,-0.5191617329520484,-0.28317082505778335,-0.3327393980371026,-0.20881402190703394,-0.23063130343916824,0.4199350058116176,0.26365776671373703,0.01744248075626991,0.17522466578648097,0.6779132133882265,0.2921959529271868,0.1459328644782398,0.331976415088271,-0.11939422404736202,0.6318852258982759,0.6260730837646077,0.6552137148491856,-0.07325465706769274,0.10136832879086373,-0.19104073689286655,0.1308240583068175,-0.18021651430459554,0.23401899419582406,0.4162042514911224,0.47275095566601566,0.038611663706986994,0.061579312258442334,-0.47523801897554746,0.07642689180209551,-0.3397638985243498,-0.28550611974413614,0.2515888264085854,-0.007777507375521369,-0.1204949277512412,0.020106957039886866,0.4203870703266101,0.45410683032386767,0.37075487798143697,-0.06105617288817194
-0.244452004677857,-0.24356529288310258,0.6794025723077103,0.4844408245585476,0.12328373869420212,0.1108716204159661,1.0,0.6945372060507659,0.34060981186423145,0.32562714442253204,0.20403000516700756,0.30999173577377276,0.39548478362445516,0.5233672760181476,0.3740944872966822,0.33856013856537537,-0.28678222055323005,-0.260178934811744,0.45098008897744274,0.024406255720770424,0.4037167462265343,0.5625249215226695,0.28259661417708715,0.38978338495490306,-0.15052119832108482,-0.04123929166428487,0.2896907477390299,0.2665127286440021,0.2296089263404246,0.04498664904581493,0.5960165760214513,0.42148798364068407,-0.40114697027156426,0.038993759035625304,-0.47062595749617386,-0.35849952864931134,-0.4209841072754715,-0.2726181116865191,-0.13542576302955414,-0.2637139554703856,-0.30054097213654385,-0.13639921977455233,-0.11273902582718368,-0.14207317776578846,-0.04873247536618192,-0.0980090954304452,0.04495767243883151,-0.4282679026738426,-0.01375855939639691,0.03070464199464871,-0.005236403346490231,0.209288036253595,-0.10917967677381349,0.057910876449778693,0.020951325183749772,-0.1354011920463109,-0.32862090944526595,-0.4941634438600624,0.05580749407420261,0.23105301814544996,0.3045628390814026,-0.019524567308577514,-0.15576183636674693,-0.3327208726168861,-0.21784806871664414,-0.1103775624857305,-0.07765484440785936,-0.2837715387630138,-0.44795741456703614,-0.3366739781734175,0.2598956773605403,0.3970807826248738,0.2218341153923614,0.07917806506484043,0.02845514586762022,0.09042708749074503,-0.22280865352542212,-0.20214211790209322,-0.575901267915223,-0.5295755325879765,-0.4752064142710362,-0.4747153259455937,0.3056485067630193,0.2094733930169388,-0.31276731053544404,-0.350079491239018,-0.06814893116182527,0.21034475204506312,-0.23602509995860324,0.06985522191756871,0.03420912030383716,0.03833669729460464,-0.014643546495234899,0.0388097565965153,-0.14867126786466012,-0.09361422570270374,-0.1430681565256807,-0.0494282366646859,-0.06858548163549476,-0.28698154211048976,-0.15622113172179977,0.14688711350453648,-0.1376883266057252,-0.03811107050960257,-0.09206379105695527,-0.011985594126399155,-0.009485717593415651,-0.10117111259250929,-0.02175687644115042,-0.23206186810372054,-0.3440899062891536,0.014103158579493177,0.1832091756169779,0.15354390398433304,0.1974488609503967,-0.17596977658067
-0.017027313217440856,0.04107704620677519,0.7343871111109641,0.5745552535262675,-0.19908222211098164,-0.11280369070118,0.6945372060507659,1.0,-0.09030275341888062,0.08397490367827597,0.18669490962477495,0.6554063278754243,0.3235480005359493,0.6167155983040797,0.04406953772574049,0.05127690313033084,-0.27313868803590585,-0.20351032842688546,0.3453047744267379,-0.012866164255462498,0.1682132097428838,0.32699527746653934,0.3728406451307639,0.5858777923982827,-0.46862580517018076,-0.1688220074842798,-0.01775373998644246,0.09589450374217388,-0.1550798137387326,-0.2691224669765096,0.38405927192560413,0.5707095466356356,-0.1680282832175195,0.25083247701164707,-0.18489369185328164,-0.22252374841227074,-0.26206640353320826,0.01973348079850659,0.2054351212111294,0.020545864621421862,-0.4742362304642196,-0.08896579422721612,-0.43525292842454266,-0.2666124223116629,0.13009349777329682,0.13710320319846783,-0.3457004458528932,-0.6576768328340351,0.16019141733265943,0.099360570385571,-0.1100030917781376,0.008390178975457106,-0.38937563466719016,-0.45132908459037224,0.029744858622538187,-0.08334785068310267,-0.35651569478008466,-0.4035358643409821,0.40558454063575416,0.46707009555233275,0.4474815633327758,0.20378698112270113,-0.0098103520363976,-0.1353073435691485,-0.028441592520215258,0.12829680709282207,0.39726730156825607,0.18914516390146727,-0.4571638169309219,-0.25407761993538,0.22261258507220014,0.1380428537806015,-0.27412370920091705,-0.20003919935982487,-0.2780222770468527,-0.03580571272738662,-0.1439399131899676,-0.0219105499603248,-0.3379590394354179,-0.38978726745350567,-0.29744620708618513,-0.3492165924558969,0.15414870724470836,0.22715008044896437,0.049151977393048954,-0.15804657580361853,-0.4593696259210841,0.13322350305694372,0.0653511117778642,0.10828551853089251,-0.1534272891783675,-0.42084407085634884,-0.4008572494815273,-0.3301067431274591,-0.05706063846017839,-0.18008187296264905,-0.06446954054271414,-0.1516790584822498,-0.42541502109522983,-0.6473702487221454,-0.395041505254993,-0.0952018899950216,-0.2998729496917853,-0.13938012391811316,0.04049840961052234,-0.03983339034707033,0.08596172025385779,0.08677892329502578,-0.23118772660988743,-0.37473917547250324,-0.40514817219257215,-0.5490001650160814,-0.420421431713917,-0.26648804343291815,0.04899947208370877,-0.203848954783526
-0.34475945457695206,-0.3987664687201372,-0.12818969044791834,-0.10591618664650755,0.6877647734616168,0.4693046688141809,0.34060981186423145,-0.09030275341888062,1.0,0.6397448035527148,0.25466629034577387,-0.3052890841441716,0.3170527769901636,0.09304753142831905,0.676454744780745,0.4426601868894946,-0.18772650613614691,-0.24603218290569825,0.058500268761925205,0.19868145025732567,0.32601704520569985,0.21178378174909668,0.015197223601333649,-0.07499494283441753,0.626804162123907,0.481951217180357,0.5907122174605871,0.3256218814295138,0.5160961656585495,0.03281680592447652,0.5033592737116185,-0.04922394386578393,-0.6243364622933302,-0.4670683330967018,-0.6279636078442681,-0.5247664870514542,-0.609214147728127,-0.5520415138476785,-0.44836539809627196,-0.2397541640836728,0.07593060151996366,-0.10457822473889203,0.3657859774566246,-0.021367837400257772,-0.09912466244369701,-0.004253390388328346,0.36552671553007554,0.13621984500627168,-0.06840307091932443,0.1270726637355968,0.29141153720293167,0.4562879780460921,0.4241832122706129,0.6367089468035663,-0.14481409984214205,-0.2123955118489783,-0.2911812343529713,-0.21460398878899742,-0.3782151798149935,0.04630372917346823,-0.011886382741373944,-0.07448266517566329,-0.24447803408562646,-0.39005457285743766,-0.3409144150732831,-0.183437506818091,-0.5219685178025145,-0.3392598159018215,-0.07712306063746766,-0.007834462145446218,0.23777401539208778,0.34547262847074145,0.24374475748319102,0.13823002712094873,0.09738848639996031,-0.31927905148748803,-0.5618712778083229,-0.5984621081905518,-0.42809802153627535,-0.4248603450922199,-0.33814524769250304,-0.4091452710184903,0.5098220006251103,0.295438867683999,-0.4096263774281593,-0.31370651631924446,0.30333701309689415,0.13790651239255364,-0.46952679817595017,0.22020006633184122,0.12040712308011862,0.5095546004124578,0.266721134389456,0.4027217746001557,-0.4485441359804498,-0.06355526935128536,-0.41109190062114215,-0.0655905461658844,0.13346747510678109,0.15057839346818044,0.2236730487869548,0.3046280042001734,-0.011525310165478699,0.009835841597708601,-0.3621165401022812,-0.057235270596214534,0.11348090061853572,-0.06534657762068284,0.08339035159596717,-0.09833328397893687,-0.17904515563203274,0.420649156820704,0.5678261200894857,0.4619204264334496,0.20971311774640572,0.1277105799371676
-0.24464789278556134,-0.33917039667131366,-0.057672956509349844,0.10164796840558146,0.5019501122300807,0.7511455042046247,0.32562714442253204,0.08397490367827597,0.6397448035527148,1.0,0.29784798123054496,-0.14703600360587732,0.3114334072565211,0.1854988835713993,0.687206861453438,0.6970721253697322,-0.37910408088919106,-0.47302456153037514,-0.04370003956508063,-0.10081534779667801,-0.05226661324272397,-0.08291952434400097,-0.18244658355171686,-0.05400314352491506,0.5854859592646964,0.683365671257987,0.11376668570778223,0.47754394781532983,0.41881440031105416,-0.013677919807742122,0.29426990530738806,-0.06663924502045533,-0.5160846171409267,-0.32856428940724997,-0.2151404106836612,-0.4098390965670348,-0.31842964028869863,-0.3707064530465155,-0.32571729382988196,-0.2155607240801475,0.22174598085567473,-0.3527140246821484,0.07970309923741095,-0.237133173046495,-0.28676286136851115,-0.1464662642439287,0.06750323686500659,-0.05468530035870536,-0.2248066780640343,-0.1637216529968658,0.2985788715016698,0.21578258053617935,0.4206598377416944,0.3736204765634537,0.011472506219788415,-0.0998477887996616,-0.3243631757613465,-0.2472494332855554,-0.4534188026021808,-0.1292948280100319,0.04387248555716105,-0.010869985151621093,-0.33096021741708553,-0.36093624640511374,0.04125965761373231,0.24052768835013044,-0.3728673663782439,0.015559424129251351,-0.374880557867229,0.05405044543559456,-0.09567070120863749,0.12130235710499651,0.14862737888123706,-0.048762223979941975,0.2427500600627602,-0.09203611973961927,-0.34244067202398104,-0.3833647380101795,-0.43389490695685373,-0.3566579433072001,-0.30506365319337647,-0.33410043548295565,0.45659866487072803,0.31493217164960735,0.05585371927388471,0.18503408445144534,0.5105941296142127,0.4104596336637681,-0.05667796371202712,0.4034755572256607,-0.16968210901821104,0.5510258027846362,0.24847950132997268,0.5204669205400054,-0.2777133029895323,0.1775261824483345,-0.17864801739000938,0.06290585050684648,-0.3042649570316398,0.08482171334443288,0.16794754257374703,0.2957583755040831,-0.14326784990381353,-0.23402287747465808,-0.5291798437697183,0.0057168584717529015,-0.367897128338938,-0.3345927765829895,0.45516417059677405,0.007946396314921549,-0.036728906054354506,0.05782387077837802,0.3940698913733633,0.44683060416194137,0.3898711602663623,-0.003628740927318539
0.2903615040723431,-0.15911851563872992,0.03380023673120974,-0.187232101508152,0.22490454873831037,0.1156744587411438,0.20403000516700756,0.18669490962477495,0.25466629034577387,0.29784798123054496,1.0,0.33769863725885246,0.6831669753032945,0.6246818933937737,0.5028212766441184,0.37709635586875373,0.4157092025580591,-0.022529323270661122,0.12537799794340693,-0.08795667598248375,0.15329690672181132,-0.09684053700704003,-0.15242467976253535,0.09320071377726565,0.18431324200780552,0.15505351577428092,0.11189732768608465,0.0055487538838770445,0.5418101660155137,-0.26060411139265593,0.2623519024210469,0.13085969368596584,-0.41185632459785243,0.011538333864897141,-0.2284483491981732,-0.13799372552617875,-0.23897045374094275,-0.46121153315859004,-0.3612456604050599,0.030423704138964697,-0.18365878982833708,-0.3660426041191743,-0.27224695587834835,-0.41158711271410287,-0.46379797472080525,-0.18968451846251402,-0.41947188583458317,-0.10624618625334964,-0.31622932907659523,-0.26290521089895347,-0.04996781266100184,-0.1455877291696998,0.022826809256459447,0.006275550559806824,-0.4521713205559125,-0.3779109141184007,-0.06125182748182841,-0.1313676050089872,-0.037080879864201256,-0.1655417205466039,0.42013557449159483,0.3302274132354438,0.03817157050297398,0.076299142733253,0.08006862641759603,0.3693171996859061,-0.21531921230987106,-0.04099815817703625,-0.12967650118021565,0.052925514765551074,0.24438039273819054,0.42139953278173503,0.13288154142419809,-0.23145436038853615,-0.1424763624091539,-0.005045264604477513,-0.22247951893212195,-0.13681645086373953,-0.16482811394982488,-0.2156537994408621,0.08810818785459741,-0.23936318726851938,0.0649874079011174,-0.21361601501348546,-0.07672498584786995,-0.13219038032861785,0.0030426367211213025,-0.36248701704072683,-0.34330337766262453,-0.0045975182022303645,0.035734803446982245,0.26902507723576125,0.13139451455120543,0.32114863028734053,-0.08819852489808826,0.07053082519562533,-0.22107148611549238,-0.05343411823415757,-0.13256472481832507,-0.0315310996480706,0.13474371338539212,0.2630021047716934,-0.02483294423373001,0.18331353267452627,-0.1933613240528442,0.27301615434855153,0.399480886345914,0.2438481811922675,0.23535073422179945,0.22017744274173176,-0.04888306657469825,0.025349086062981713,-0.06940390152987685,0.011404601834975433,0.07064852327818026,-0.006160119168361226
0.12520790728040357,0.3952929850645413,0.3581773752520039,0.37670143339514695,-0.36923865905905234,-0.27709567329662016,0.30999173577377276,0.6554063278754243,-0.3052890841441716,-0.14703600360587732,0.33769863725885246,1.0,0.44255186602660357,0.7170965165761203,0.08609666104815836,0.03490666337794785,0.14063741749493947,0.34518657870995995,0.19021990123951596,0.07455549585037426,0.291738268491916,0.30011775526282264,0.21976963315845777,0.3465936386006936,-0.5356735979811071,-0.2998139636185345,-0.12403755994602948,-0.036071699691213495,-0.024482766502683603,0.04047088982106818,0.3064920340745142,0.486374659628834,0.19111111860118965,0.44158503828337303,0.054367188572047496,0.013828982179378965,-0.10595420827378474,0.059646943634818164,0.14694733747099412,0.31358662273457416,-0.5698878649417334,0.14775626945410353,-0.5797664053365802,-0.3761210670426952,-0.06199857962140806,-0.04367514671006628,-0.5067382387654045,-0.6581950750097479,-0.05379203073011138,-0.08182403070165557,-0.09344702109022922,-0.2787322478689813,-0.3424097203564562,-0.6461846839632658,-0.2625465998140039,-0.36416654063514764,-0.08018550402346138,-0.0045887595070585605,0.2639640108645832,0.14486068665803656,0.3083001552756131,0.14019076313024686,0.2639389714463464,0.32303557750584894,-0.021761296631245958,0.1525646586762341,0.3603955957585848,0.08765952225840855,-0.24335362054885565,-0.1459364388135715,0.12081092956798492,-0.011043165911141115,0.031879938919644364,-0.1203147370515694,-0.21360504709267567,0.14414827989006862,0.045301614779127954,0.16942229447688414,-0.05284391779476023,0.058665273712123614,0.23463046472410745,0.2024712344968737,0.04934675642206036,0.15957249415696945,0.08792337323743592,-0.08305480151906311,-0.3351994710239635,-0.19995394943545908,-0.1525236786820247,-0.30713637881905065,-0.3102974680070304,-0.5532415262704854,-0.33340522136622197,-0.3418864102069853,-0.07242808064368811,-0.19840483262294328,-0.25677878700215906,-0.12055908124094307,-0.4604292331566509,-0.5865375300156979,-0.3143225945980632,-0.03999660201252793,-0.3088336484235184,0.05420281576380954,0.10699908737729834,0.15644485650779116,0.29581554689884587,0.1418426693677915,-0.28506878781198025,-0.1735780320916571,-0.3530704755417476,-0.4838625874364675,-0.5815357056147838,-0.33505855823788483,-0.08523598972732103,-0.24259059507998118
0.2236088898931547,-0.15590380251807653,0.1963966008591228,-0.0732469456800755,0.016999102594223818,-0.15098293700382182,0.39548478362445516,0.3235480005359493,0.3170527769901636,0.3114334072565211,0.6831669753032945,0.44255186602660357,1.0,0.6379709629170179,0.48024511083596483,0.14900331607125236,0.12281800324141653,0.05931427294960061,-0.131881662630717,-0.17613280092756942,0.10292672794266773,0.053026597866902336,-0.07325065549904052,0.09336640043931989,-0.04454504054269304,-0.010325801736963383,0.06626619517944432,-0.07877695058984541,0.5172001112861521,0.02175682748300125,0.3511696732463139,0.08902166872374233,-0.32250295346886043,-0.13565841590270583,-0.30767406746151627,-0.3066577185156853,-0.27955178325908253,-0.47029471696944664,-0.4206056538133591,0.22806768086376386,-0.10585142080962184,-0.0895791516053291,-0.06908767663304576,-0.24445694832663112,-0.17340247670246783,0.06520424789999026,-0.22227055215406086,-0.19661919335291744,-0.07922597235026067,-0.06567943870702869,0.22584392851574386,0.13555221595934722,0.11318690681437515,0.03609207378148839,-0.29137981755060854,-0.38412130662142624,-0.22222031593447064,-0.2598594193171864,0.07022569156385168,0.03208406264536036,0.5123505289532747,0.34615750775240633,-0.020474683213474607,0.01254788269125319,-0.12268043540136478,0.38472677756850504,-0.20968605611181537,-0.13127510882341495,-0.3631689310814801,-0.19366861924523027,0.11763834075536023,0.4417490240082361,0.32478101697271133,0.04462848833828557,0.09335908062295287,0.18334331589938133,-0.16007380760537376,-0.04935142649977046,-0.3499500214228175,-0.10271151431376924,-0.07425440805165653,-0.13653015488980597,0.05311397334015743,0.08568901965200262,-0.23381274839937446,-0.24496042492452702,-0.060992383669058924,-0.18683706283415316,-0.5074817841806982,-0.029053025946933257,-0.032150305386803045,0.09637132177458228,-0.20045571430839373,0.12065856117264045,-0.3694784483427378,0.018590575524573383,-0.3194406979345374,-0.17692439174126692,-0.19605310593709305,-0.18725514594775258,-0.03170642350964312,0.172184012563793,0.015854501888848245,-0.0024225523033633194,-0.08155170304676716,0.10058881912385252,0.3003601369834623,0.09508529556810405,0.23354340236706442,0.08394021106961955,-0.11641855120971521,0.0823323098090972,-0.06427968249871059,-0.013498541588774733,-0.012941290150099625,0.016619950599085873
0.07827236635108802,-0.029453672924315194,0.3882673647492197,0.0916329349962598,-0.01928705662767295,-0.0927370368599682,0.5233672760181476,0.6167155983040797,0.09304753142831905,0.1854988835713993,0.6246818933937737,0.7170965165761203,0.6379709629170179,1.0,0.3994743212671318,0.3402154389124811,0.15398754441875465,0.11559992272090125,0.09415303973983286,-0.11195969048549077,0.31572422461187166,0.3184836601723562,0.10401834994651779,0.36324209733009233,-0.22026317349560467,0.009530130497666503,0.27813361101763767,0.21153001551788989,0.17561597294445244,-0.1861277696082524,0.414850856011462,0.3411921373811319,-0.14748289891032718,0.1762089568945519,-0.1597419820750049,-0.05103915553799669,-0.19910882673013466,-0.1613630368495458,-0.0728087782965528,0.007252822354632907,-0.45707264445590085,-0.07953284105588135,-0.37180311336947514,-0.30613520186098797,-0.15482734271775525,0.0009456410350126389,-0.3176514007374626,-0.4706624033438267,-0.07660399250610544,-0.04669089905692125,-0.04165970079978102,-0.041913385325698646,-0.22766254267474853,-0.3230789208884797,-0.1288060284330254,-0.3642691340496545,-0.0026736578959976305,-0.20016926063081855,0.26122915051087336,0.22243589601511876,0.5631046474961762,0.2633234055843268,0.19729688551753174,0.24450071167472157,-0.1646805560974118,0.19768299321737767,0.1205409453512287,-0.009375182878877179,-0.267550489342186,-0.1960591643371551,0.3289736968479853,0.3329700508815177,0.06228357506860138,-0.23089922474717825,-0.29161808148328794,0.05135575802859733,-0.10383479445649631,0.07705795198879131,-0.4026458194214123,-0.2817044033683915,0.020501374720612045,-0.14244754889122374,0.18805109293420885,-0.10687267616492463,-0.22733532954327249,-0.27399751214636153,-0.3098627400549184,-0.3093874710682155,-0.4706465517922769,-0.06249762982297936,-0.03666896682932187,-0.25881724355480734,-0.26339513631594613,-0.16325509272139443,-0.23222305794065018,-0.27528531685045043,-0.13480966849017673,-0.20168843938191203,-0.27500905945486875,-0.5494519636166966,-0.28975024320562365,-0.03969148460223599,-0.37669166940304677,0.04076390908794082,-0.044205699133874184,0.11218135393490856,0.32114670048001465,0.14450623061430906,-0.1422129624674757,-0.2629460967715825,-0.19042973677979233,-0.17072404603659913,-0.3174825582495334,-0.19211171775212504,0.0005988132442275223,-0.1681268622401829
-0.32611957537662845,-0.312852480352926,-0.02559852684222499,0.1478434548556244,0.5064797687699187,0.4474601209059681,0.3740944872966822,0.04406953772574049,0.676454744780745,0.687206861453438,0.5028212766441184,0.08609666104815836,0.48024511083596483,0.3994743212671318,1.0,0.6935828521242343,0.02324711488996226,-0.08381385607606853,0.13396952381621044,-0.022381985515715366,0.5303846359125957,0.38757157062048153,0.07710184347048692,0.08897074548703325,0.48303451517816076,0.5882407476798629,0.34721185227525153,0.5155710894155076,0.6895723685392156,0.08247861878460247,0.6373961912673938,0.22706794390471327,-0.465769900264222,-0.22973294502860006,-0.33093237034077694,-0.4884087747871341,-0.428640955525268,-0.5720359700170765,-0.2966684412570448,-0.14420593340729085,-0.13535269003766565,-0.25723333473133886,0.013520335582292538,-0.2613764926008444,-0.3133597790961955,-0.17740974500063836,0.015659361659802733,-0.1763492051594572,-0.33748348647092413,-0.10695841461862807,0.18854937898748644,0.2224414009633526,0.24736167197769776,0.32134311271510624,-0.3172135033902561,-0.38077107871161675,-0.2566684803555017,-0.20169766571382391,-0.502534768385385,-0.10093978334547031,-0.10687607435337591,-0.25360600389576,-0.11556847295295337,-0.2441669390007687,-0.1883620499022103,-0.047713133537406555,-0.395218550855285,-0.29930589253510403,-0.2897720977672038,-0.05632638327213196,0.2185608412866365,0.41435499854538155,0.41657687093446233,0.1636266850648394,0.1879810782823648,-0.13271962248324704,-0.44460490348541853,-0.5000034154430698,-0.33702216416166586,-0.3093090175020926,-0.05160210728709544,-0.2626657811669246,0.6987897307967407,0.29922105603087157,-0.07885318495131727,-0.028097703095160388,0.27689972880598934,0.16985000246502935,-0.5374508418232741,-0.05617409508969983,-0.1267422827043442,0.37604529734799974,0.25734852195847957,0.46472529911022037,-0.1595580840773698,-0.028320831001727966,-0.3634369075952145,0.17733123664113742,-0.17702329738668413,0.08565848153636477,0.07108356991909812,0.3810676893927116,-0.32454504492787883,0.071668332778198,-0.4234373987792629,0.3290199055368121,0.05672815963289934,-0.03164805105987635,0.17934069022995602,0.11336080470920054,-0.2644502513222352,0.1931863301332808,0.37533704202675033,0.5218542225506205,0.5241139490673568,0.31867724561093047
-0.09603792856309594,-0.3945444301970008,-0.07427886262982279,0.07996738898352101,0.4882630136339513,0.7231403926216138,0.33856013856537537,0.05127690313033084,0.4426601868894946,0.6970721253697322,0.37709635586875373,0.03490666337794785,0.14900331607125236,0.3402154389124811,0.6935828521242343,1.0,-0.027607019942230818,-0.22248948038312993,0.1740877392719388,-0.01704488066340311,0.2793479099316678,0.23562887136666863,-0.17236173411187186,-0.09467594693879965,0.4938862915622808,0.578111311767214,0.1391181549678055,0.516084816739184,0.41523556480507967,0.045206767440622124,0.3040132359858304,0.03501156949526853,-0.4315738673095675,-0.20167432553216327,-0.2604898810260603,-0.28207797314804894,-0.2224058963433526,-0.31581047160513,-0.2206350481506168,-0.3709069637983652,-0.05432179883480484,-0.4097850071782059,0.05874814033750053,-0.28062438242215043,-0.4426076152909944,-0.4676151965664416,0.04321356662130906,-0.07755838072085743,-0.24394394599335636,-0.15917309886090508,0.13032674844821668,0.12074363400842307,0.42927001743549825,0.39878772813059365,-0.07162946399460392,-0.25842044682546533,-0.0872514577604361,-0.3492464562431641,-0.3210107345160613,-0.23796266306828243,-0.03787527033087471,-0.1702530615078793,-0.0707748305485542,-0.13872465307495693,-0.11898758245202185,0.027670965851415326,-0.4011928746400503,-0.21639925203566632,-0.2940453916003769,-0.09101380447103874,0.10596180091073708,0.14508922579619576,0.1951436609969,-0.07213358678850962,0.05781571959098101,-0.11925118529250059,-0.41202901451579543,-0.42253343662885706,-0.4335141762499091,-0.5062694858516817,-0.12690852553735818,-0.2674223399111524,0.5588960978095326,0.19700061168194524,-0.09456957424378853,0.0989247251089468,0.5365083476779956,0.08896558920639841,-0.16430600190578817,0.12487952478677437,-0.047991725760742274,0.5198765461794776,0.4711019270759549,0.5968358425906041,-0.0349796776907259,0.038876445454068945,-0.29808642051045237,0.21831233501494254,-0.17470498507236784,0.19501065379399596,0.29841251598995633,0.46385588926686516,-0.1644778284192514,0.08330128056864916,-0.44917073059384544,0.22879200744009975,-0.20404389196322195,-0.09819136131689427,0.22870546770169503,0.05716840262095841,-0.2397622642552286,0.11003989056731033,0.374790624793269,0.4488655796477663,0.4012326324086357,0.09866523684107122
0.5004336163276386,0.004426693581648755,-0.06886212989087791,-0.40593584194604976,-0.16773750328279893,-0.2577658474151551,-0.28678222055323005,-0.27313868803590585,-0.18772650613614691,-0.37910408088919106,0.4157092025580591,0.14063741749493947,0.12281800324141653,0.15398754441875465,0.02324711488996226,-0.027607019942230818,1.0,0.6571327046389391,-0.11398370887737559,-0.03382403698270983,0.24730855643070188,0.049880999529341295,-0.05176207966093733,-0.012458538991728028,-0.19614332141441568,-0.29406852827835167,0.03874033588794398,-0.32240442768358746,0.2874061368137086,0.14510600191906387,-0.13954236874744017,6.014862839989273e-06,0.0594102735299074,0.08321745462484881,0.01613275829446491,0.0696355349119829,0.2803955953717044,-0.07187235673797462,-0.08701609579200574,0.05382795224020972,-0.09428584131567208,0.09602701634584002,-0.14024057288049926,-0.16550312302503528,-0.4433158452372093,-0.32196858988594573,-0.2907838233932696,0.04661772874760134,-0.23664742920235646,-0.33315385918751617,-0.2786631755142074,-0.27451570455616614,-0.15336980946350934,-0.08294952543806743,-0.48906206873262453,-0.430661893815861,0.5998948549024823,0.20239427884855732,0.07775946716342998,-0.34028383333395107,0.0008671692261385621,-0.1392569640108145,0.528281127714592,0.5537678504478811,0.030741584258521838,-0.17657055560013837,-0.16895673802793137,-0.24838001456715544,0.46005906344149317,-0.0009301892431951538,0.38793758328640726,0.3456074877109491,0.2889871454909969,0.13383678643758581,-0.10671920369611998,0.07177148051380643,0.15635297381248348,0.17502028502218292,0.41210847369231723,0.24445167294516362,0.6047088425865969,0.42186004061704013,-0.14912957225663603,-0.32845611333632563,-0.14767289449923748,-0.15071961147496085,-0.1521349700290811,-0.5886012352650485,-0.23012554239427913,-0.38877793887807327,0.4189103282976981,-0.10209419700528377,0.07535702212626537,0.015126663667008773,0.09645349703822509,-0.29687516666710273,-0.2099694053964501,-0.11100881763750518,0.23881211377660067,0.21456579709998416,0.06898697992833867,0.06072405252298941,0.15975138876256295,0.6133911913364896,0.0780366357281949,0.3544554180704961,0.4859785575233671,0.3224437796804564,-0.16613333841362307,0.060055691151793246,-0.1293178679500566,0.23999365956054544,-0.18313838222266254,-0.34499107074979957,-0.3209451618883832,0.20964452928566998
