1.0,0.45600611192201496,-0.04524373851830751,-0.5904915550136021,-0.2395252822786314,-0.5527887595481956,0.03095691247173469,-0.3832203603951303,-0.2227469972260736,-0.1994593938340206,0.7195721500345841,0.04549584515766543,0.6704248270489442,0.4273378425686062,0.11097183525840532,0.045721243481837835,-0.008900800810658275,0.09828511412373565,0.43175631264744296,0.08629295122399795,-0.23239834015142127,-0.2584381429353133,-0.4479880548614214,-0.6262360046924892,-0.5417056058376561,-0.5277027871190575,-0.4366811804821887,-0.49807521977934976,0.058691278285208336,0.32733461870519076,-0.5046185903509605,-0.639304753865908,0.154909670712412,-0.17227807261760242,0.2563638048085379,-0.06910019767274259,0.04422665914198847,0.33873446059030304,-0.07520506620740568,-0.236335341302752,-0.2187497579587204,0.26686079465341733,0.25051597302532674,0.30904325289899004,0.040473586002373635,-0.2859850495665919,0.41482082464517955,0.4653382308216887,0.29631814424714464,-0.09503741933146165,0.1167330862964952,0.313980505121619,0.37154961792713037,0.33796771307442125,0.09774081547713433,-0.10235800240491556,0.19733009862624495,0.14752799422543167,0.644230041368207,0.2510741543933273,0.7384710455859641,0.5742089505177062,-0.08709041067279125,0.4371697144639601,-0.21260243709804644,0.10562417885451213,0.37353342102533127,-0.05277687846329534,-0.24396818810362714,-0.31276524034897496,-0.5150719756697977,-0.3490197714640611,0.21070598799220305,-0.09656151093080763,0.19565608316525349,0.1866194467787234,0.46415877757871926,0.24018819319692852,-0.3381704271268514,0.14507931292538817,-0.5505626784836345,-0.3494775523623535,-0.07025272683862681,-0.028129666065872194,-0.15848342480768765,-0.5277569810305162,-0.16231879757192846,-0.3610413283481362,0.07692704499660433,-0.052460993811528314,0.25673986022674317,0.00033755966140263635,-0.5601825999306604,-0.1657081685918639,0.31079200913079763,-0.13080531891310163,0.1264034018318315,-0.2907834055140864,0.2855173540182097,-0.08248865265633815,-0.249709051948393,-0.17425966082942626,-0.2590001093916371,-0.37097263523495194,-0.11871757043370479,-0.39130095642990376,0.13325638463261402,0.24920466881279454,0.475624597152041,-0.16700058681807708,0.27350686719834716,-0.19781355611558557,0.3346361807207883,0.19632309136623843,-0.09336114946717311,0.10867074640065841
0.45600611192201496,1.0,-0.20458707507290236,-0.4005169417909379,0.15754371072348594,-0.3135083436865106,-0.1378766682464577,-0.06127892246665479,0.23428690962341225,0.25960849320687673,0.3619098696670683,0.2597621870026793,0.5267028420058544,0.6404482917439777,0.5643832834050655,0.5628083806658764,0.10118597147450083,0.2772510235931215,0.3988963407170548,0.3877543611386457,-0.5951989533581019,-0.20439484930926935,-0.43624789027183486,-0.31818077267281386,-0.5301530921955219,-0.5102392014929986,-0.2586097086542836,-0.4587221412842816,0.30805784639106143,0.24590793144802256,-0.2389527298448169,-0.18134793938784535,-0.04531122909813453,-0.056683601879381276,-0.38479600016671106,-0.483262580657727,-0.2350015226844358,-0.13117878797066862,-0.16759867714750626,-0.33891804099677053,-0.17421200619334953,0.12947173429495007,-0.12253723052491437,-0.13773204253831792,-0.12545910167318974,-0.4106799134739129,-0.08774415617786194,0.081295492928089,0.29737784269597467,-0.010784926354087957,0.01997664445504675,0.23870887050828155,0.43666355064180845,0.2737261061367694,-0.2470599832681779,-0.5684393036944567,-0.08188733298419475,0.13156215320977457,0.256545420313377,0.3856232378114003,0.33176744074564046,0.6404906390736752,-0.13134170321513755,0.43353415467879175,-0.19151755404096946,0.4149435496133398,-0.22874274916403248,-0.40515623438872234,0.20852461266074782,-0.14764315608803522,-0.204176802117292,-0.1923859597817308,0.21987033368644857,0.13253520164843385,0.24987396284961916,0.3904268032260758,0.4001103548502607,0.5646611476523583,-0.1711201105999383,0.005843124593133013,-0.13051722532828433,-0.16253838547466354,0.1394560280790945,0.21935832385942636,-0.03155052095537359,-0.4626086815098174,-0.5282920783420593,-0.5115405736658979,-0.2112769323215059,0.2309223856650094,0.31090861960752286,-0.1504274254938295,-0.2732807488182537,-0.17669390654431205,0.12100533076795186,0.20880166585512738,-0.23971535702898153,0.1192358678038433,0.3508697755673972,-0.03015941735615242,-0.08465657198444107,-0.057550947138470226,0.09978405824701611,-0.32544138474418516,-0.017490734913622182,-0.22596313841529225,0.4603786384796641,0.17643001822569088,0.22167714252760537,-0.3531370659350114,-0.037686633089076174,0.20432609885671507,0.38928946828402106,0.20208497709122852,0.11014263365716061,0.19409327631851792
-0.04524373851830751,-0.20458707507290236,1.0,0.0903547755706481,0.20517473289618796,0.07124244657745066,0.7962207904008824,0.2625218638809447,0.37920775120905675,-0.004454390950683118,0.07781563453442136,-0.387504592245626,0.026840484318749955,-0.4320335226755851,0.22430927543092086,-0.3169618247211291,-0.4636313034834153,-0.48101105709210606,0.14497126048596104,-0.3053742253923334,-0.04834940865275273,-0.4369961359592325,0.7198319142216801,0.24749588725457664,0.6267069490921316,0.205351293659013,0.24663481668898962,0.0923832799188939,-0.30855324626632585,-0.41672317198653386,0.2548428874363547,-0.0504444613827645,-0.2335258386580492,0.08248479331041642,0.01175683521222815,0.5158188544999622,-0.0815881468616995,-0.35060473600497005,-0.10959225582737313,-0.04137551572340409,-0.0710267368131923,-0.12944968683059196,-0.10833480151970616,-0.06256140582277571,-0.07869002558898112,0.2705824453027286,-0.08261331641459628,0.021918676373997657,-0.3585134525717806,-0.15791495204356307,-0.03462767013706219,-0.09503058474039391,-0.4738210046917202,-0.1339857849244472,-0.12583401077233064,0.2332560090987092,-0.47129811935638444,-0.0968879843033651,-0.15420152267144968,-0.23916883950914292,-0.21403394329219724,-0.38492408274275697,-0.41320187164140443,-0.4924758488578402,0.7732445817096488,0.2816754149516542,0.024375798434261162,0.10455414056396996,-0.04724502254814412,-0.0689288232127143,0.08545491720914145,0.12053749493127631,-0.31772109188070724,-0.29767669162860894,-0.07538482874403378,-0.262464694554157,-0.33061959940846763,-0.5303368574254045,0.03462305590736454,-0.3370859508292491,-0.1519090788745624,0.1649451461546657,0.3201200733857941,-0.3213056984112736,0.2703847320801561,0.17440841869361148,0.371844071823136,0.28305515858282826,0.4385034367886978,-0.2176991055913002,-0.3330716933530076,0.09516105330078133,0.01000893860220415,0.3381416638067494,-0.02610080988938769,-0.010198670400891502,0.2334100743473955,0.17899835206485587,-0.5352221599572206,0.14254147718327762,-0.5185635020647524,-0.3189131259985674,-0.627972841985692,0.22356059167569797,-0.4274359022245481,-0.09644772112212716,0.0031273246884763383,-0.35494388921871,-0.07318432356306455,0.3817893057673619,0.22695529830150923,-0.07953499446230253,-0.4653694293218048,-0.4612503152770187,-0.22241502936566143,-0.018213317148414558
-0.5904915550136021,-0.4005169417909379,0.0903547755706481,1.0,0.33901864491587336,0.6823323568568916,0.019819970947638484,0.7328484173518689,0.05678173184548638,0.4879304904698485,-0.5898919892678102,0.00806283243638817,-0.629896590831297,-0.4975691973023375,-0.13682602883842862,0.011856141965091643,0.06550645974862326,-0.026631776028003477,-0.010352198219993131,-0.15801856263426203,0.3404019470406078,0.3169923802252319,0.552587201917282,0.6204532113945624,0.27633738357741466,0.40256257529819944,0.40847605192933906,0.5701225873411907,-0.23089683882398468,-0.11127676736903362,0.606551267934807,0.6461075276142028,-0.14690499815372693,0.34732726556044075,-0.19196462552407886,0.07313149743609751,-0.22075848662510347,0.02581383398525547,-0.04402129118574273,0.12484912050378365,0.12075200309769102,-0.4511301011437789,-0.440629643840054,-0.3911212612841408,-0.11313486627004343,-0.052941643007271534,-0.44318654263417456,-0.5027913285623153,-0.41520043159683023,-0.2608413424838591,-0.35762059126288087,-0.4711579970487479,-0.41242537768611043,-0.4818920980032752,-0.23126414220931912,0.0827436462897504,0.1293058567063403,-0.2613065034329229,-0.3792686568730265,-0.2423236395322435,-0.31282336995006493,-0.5091404292416208,0.2878053023689624,-0.25109831690780277,0.10994088445796915,-0.1949013350505636,-0.13879278917917454,0.13573241070739375,-0.17251029755431113,0.03968811328927941,0.12284785717741835,0.172271621363313,-0.14247068477955585,-0.18018700232163082,-0.28471107829080133,-0.31339674716824084,-0.4296618012687488,-0.469487902666974,-0.04236956300536231,-0.05637309500961319,0.11878509586326268,0.07418187489212341,-0.16782065137379013,0.166136086629875,-0.00027883969131506137,0.5480211301524653,0.15385778618258486,0.5026457037959376,0.14891838748541517,0.3010841233524901,-0.06149119802168932,0.23073413365910858,0.7894037061047927,0.2936965474711418,-0.4792737503048406,0.24898432109184065,-0.1415500972773013,0.140107746272671,-0.1767361541302283,0.22075218749580974,0.4620041326817439,0.29204149471682056,0.3721463509768833,0.31609826877428004,-0.058683290321831345,-0.015782089143209655,-0.31451124188457213,-0.38170877535802616,-0.26855256547117917,0.16191990439110887,-0.33639505452699137,0.022312231316277534,-0.33640111909561005,-0.18376107529660204,-0.0808990377700125,-0.17896661978375605
-0.2395252822786314,0.15754371072348594,0.20517473289618796,0.33901864491587336,1.0,0.6196643022450622,0.4272834069787966,0.5260636272391898,0.2841903670777781,0.659344469963378,-0.5497951719411355,-0.012375750773496477,-0.3478097692069336,-0.23246808097719876,0.049677266615249745,0.23304002609103736,-0.10936776074377258,0.044625381067982584,0.20551564175655188,0.04695348377030081,-0.3497199688045325,-0.19689979822506498,0.12604756556971464,0.319099065921021,0.07002207307498681,-0.0894524027018025,0.34110994451116977,0.19971382166765067,-0.2697259601446535,-0.3333298864771693,0.2819810833210732,0.4574604064921902,-0.14528326036513103,0.2220255609236708,-0.5273016659784519,-0.3701405790482398,-0.5197925728338724,-0.16523783441723605,-0.20726909308617295,-0.027772618068413416,0.1068403313579859,-0.3225582722143905,-0.4413343022232909,-0.5302898541698046,-0.03996883979008685,-0.14251545337328914,-0.4872696732827257,-0.143259434475946,-0.25580358126256664,-0.17254164225182356,-0.4213041335242284,-0.2994732208239384,0.013493123556032058,-0.30609029094732115,-0.4283260276394645,-0.26644963006318534,-0.04692467494261539,0.2542705183310864,0.05644538921030313,0.33581784374226187,0.027466333308345095,-0.07375062845143043,0.19782735758314682,0.07152862840684292,0.15830532581556755,0.25715054569324547,0.09008061628427104,0.02433919327822741,0.17052407704656514,0.03536648992377193,0.05618559353357186,-0.04865288354429441,-0.32441188537673715,-0.22455871840901268,-0.33193980584192434,-0.3261418969364197,-0.48808480736456894,-0.13609479528670104,-0.08831750358897164,-0.24930010780460804,0.1617466257220606,0.05835619723784725,-0.00968366456010073,0.3891387294614318,-0.22027703738368157,0.3217972111829352,-0.2146711063783874,0.1776719828357422,-0.3377593942422244,0.18718021911562627,-0.31442703744021416,-0.06915608107678452,0.17002206469211456,-0.1561496352465709,-0.3573699871367766,0.2807413863064311,-0.2455516124283056,0.24976601851665367,-0.07181373309071133,0.1840120182256896,-0.004950794147696978,0.025754016189098946,0.13128901005624255,0.2703706578690487,-0.13603501826681483,-0.1382663352942662,0.2198201781971096,-0.289441374132934,-0.3504487274229611,-0.26388749214233415,-0.21892826384010683,0.3612243798809532,-0.21612993877332407,-0.31015218706076414,0.1297387377179915,0.059028240824760846
-0.5527887595481956,-0.3135083436865106,0.07124244657745066,0.6823323568568916,0.6196643022450622,1.0,0.13617818707987603,0.533146546824881,0.11008393991785842,0.5372872549092211,-0.6494996909815647,-0.08449624683979046,-0.6254812946091004,-0.3803262718012532,-0.22442656717570708,0.15115773563083393,-0.13448228967661705,-0.06812261240322606,-0.22792495020732434,-0.10990952370567147,0.2679101807362643,0.3635019378400044,0.4306437350974841,0.5341384746002791,0.4461321670525309,0.5036837601442458,0.7574638202236631,0.7835102703024769,-0.45832239579753625,-0.5288956705559755,0.4221906997429734,0.5712259522607407,-0.16548260276573654,0.23224906932193898,-0.2317055410712979,-0.006716697333055973,-0.42758155179077095,0.10671243761699752,0.08119031254693429,0.28211200882371235,0.13903862978907575,-0.36559954091860114,-0.32508531058759776,-0.44910357895249536,-0.1625193649432909,-0.06561300713953398,-0.4200149151955345,-0.3481593260139501,-0.41338904913863184,-0.27824718249363145,-0.3353361857393187,-0.3607758627114345,-0.28908895931127876,-0.2759931558834792,-0.17464149545159413,0.001054558267219297,0.19553784857610715,-0.042084278990590786,-0.2906744761415335,-0.05278868073824829,-0.2847712482879422,-0.507045115452452,0.0520402735669729,-0.36957627110737273,0.19598866981340218,-0.013430516351230415,-0.05578493784888395,0.15597264790513815,-0.08881181961763168,0.15602517548928557,0.15179654735034573,0.22101128953284677,-0.44810644086748747,-0.2148301365297931,-0.37397816220510544,-0.48520244860333467,-0.5976482028589661,-0.3065850811997031,-0.009828086783986644,-0.23223651489806016,0.33621357369855354,0.21338951900116973,-0.2287644854266263,0.21136052230612223,-0.16819219935619348,0.43066820949720913,0.055469585529403134,0.514433655185388,-0.06975446770890971,0.23525746705863923,-0.31882002838567836,0.024953076109515575,0.44691460876867445,-0.11460407510667404,-0.45766982160524133,0.25658258728935346,-0.07771567950530782,0.17095953619406748,-0.31447435582971917,0.006868715943798148,0.2748311087497574,0.10021061402019696,0.18347255530756296,0.3778431227649965,0.13333995710532617,0.14861578338122064,-0.10924271226758023,-0.34278505855109076,-0.31845670095572065,0.018382666879960576,-0.29993103305325813,0.24258487314728724,-0.3952941762695224,-0.18254210498982093,0.09281510785852531,0.1515711976793447
0.03095691247173469,-0.1378766682464577,0.7962207904008824,0.019819970947638484,0.4272834069787966,0.13617818707987603,1.0,0.41333752150054015,0.43927142121102625,0.17532298353849976,-0.08733890541506358,-0.2045533629073683,0.003014710472853899,-0.38082450827739067,0.14891473716854262,-0.2211287171954513,-0.2680882667434404,-0.16230423655450588,0.17270036290694946,-0.22254885989385134,-0.15780034252979275,-0.4739638305562607,0.4435613334128998,0.13328150805083322,0.47791799999345674,0.03575228381040338,0.0720616190186932,-0.00012174029385139787,-0.23443552813871124,-0.2949175123452016,0.2155499910914389,0.11402190371078616,0.0536394222940424,0.2768646939980288,0.002560716499413274,0.28244135480861643,-0.09175783716503783,-0.29564087114151655,-0.026299921585621167,-0.04494545632085669,-0.05750859059329875,0.004888434692122229,-0.06712115991860765,-0.11311492643245284,-0.08121971780403735,0.24757445574688336,-0.14050002979460716,0.0022221052578100136,-0.4613258210929078,-0.16293926676355236,-0.35612002449866154,-0.26685526100666196,-0.38928626964585206,-0.1716723991642841,-0.2908677493347674,0.010087050032220324,-0.36851754897366157,-0.017954902755231313,-0.105012603598921,-0.11392789461368447,-0.009609943872428086,-0.1785368291371109,-0.10691193960867038,-0.16436054516857346,0.6084073959251598,0.4091661456165585,0.1828383520909696,0.14133346565459048,0.01397561402417611,-0.16990510301298492,0.1450048175496585,0.01161096056782031,-0.2039078728990631,-0.048398279765067866,0.03472326632911471,-0.20470628416575565,-0.22149147709040026,-0.3020166899965964,-0.08485332569233417,-0.32425282017024687,-0.09705174679263377,0.1215734037729012,0.2249527010919576,-0.015758269468904913,-0.03479413235204353,0.1484689585703827,0.20602984310601877,0.20572737113775386,0.17072300117924208,-0.10918545024128783,-0.35660866144384645,-0.03994775900342836,-0.04346232154966064,0.19342827725837125,0.037205368731589056,0.186426875178759,0.05494103619945674,0.12640436437174934,-0.2805229812861363,0.22048563970782098,-0.4238991305630949,-0.38142738035710433,-0.40807626198148567,0.19524920110405541,-0.4865929326474894,-0.2708778575221394,0.09119036392204928,-0.2910478134203794,-0.011974560853019681,0.06523218837640021,0.11791317925275731,-0.04205639476598549,-0.32042845525464686,-0.5284934574377499,-0.2455492392734999,-0.03375848575286122
-0.3832203603951303,-0.06127892246665479,0.2625218638809447,0.7328484173518689,0.5260636272391898,0.533146546824881,0.41333752150054015,1.0,0.45525848385447165,0.6291909131771943,-0.5578233790773185,0.042339052899851494,-0.306255577364267,-0.31130987099156926,0.07393149904531324,0.09740412790116974,-0.13623612099321156,-0.008275885641114878,0.13660294035798307,-0.17083554332405648,-0.05724957944933172,0.03211328763513536,0.4112333476963408,0.39287581869317056,0.23807607912702686,0.19206633901502387,0.20463580287980143,0.30916320526017327,-0.2230448664962711,-0.09426435428549747,0.536929176754182,0.5795899479484005,-0.04697233713148906,0.4595460085185629,-0.32487256520722807,-0.03762118498866646,-0.44264836937012003,-0.29986106957365444,-0.1391431189687078,-0.12695366932984609,-0.14377715793485357,-0.37168459454226205,-0.3730166472701592,-0.34958334791434775,-0.14479040757069975,-0.04289090146825001,-0.40364701926172575,-0.4640191703410619,-0.3842963739550302,-0.1903798097945272,-0.39156425187831634,-0.28432194331568394,-0.2932105513417214,-0.2883080762074907,-0.3719190509284861,-0.16730057759121514,-0.05755259355156466,-0.20970929211864667,-0.2763570867243251,-0.07444508558976137,-0.10251426072875185,-0.11905312730215835,0.09644063437662581,-0.08642150977128506,0.3688299860133382,0.35727457734504164,-0.1627536382264492,0.033361939174818084,-0.30195619931954054,-0.13967146967632418,0.03861644141989961,0.008994760403117778,-0.18266134077925783,-0.0876224913312418,-0.11602723617644174,-0.17106316808141428,-0.27021069595871433,-0.2058864592361679,-0.21326331715994581,-0.15060414021467225,-0.07311355279858615,-0.06693709782999234,-0.1420685181895378,0.13756073012708284,-0.1682950878614868,0.3931318045591576,-0.08320878903042415,0.23186502077940874,0.07170376317227928,0.361617111601916,-0.03303825355542172,-0.04580140038022738,0.6116344648752504,0.15837494193220297,-0.27759001122844196,0.448175851948407,-0.23390629410911942,0.30170996191365473,-0.08760844674890088,0.14475817483408362,0.35072044458632556,0.04916597626793014,0.2750830012250203,0.22534179652684927,-0.23535720132204888,-0.2017919231605541,-0.13372754322752864,-0.41043816117573895,-0.18317244230146487,0.03787151267022134,-0.27999991921980816,0.031868847933290534,-0.11576874274596832,-0.26327931169352375,-0.10831154170172103,-0.04921832155825127
-0.2227469972260736,0.23428690962341225,0.37920775120905675,0.05678173184548638,0.2841903670777781,0.11008393991785842,0.43927142121102625,0.45525848385447165,1.0,0.14679420342184354,-0.23359849911211258,0.18030184491665613,0.18721078230374838,0.017908280398729236,0.44670017478168916,0.0855611583387701,-0.3606932713503621,-0.04878301515237737,0.019900711329613276,-0.20360549942811193,-0.2611218537509099,-0.30768152716419356,0.3433331951101558,0.19417561357328675,0.3378411248793893,0.0012135363298476191,0.16479345342468668,0.09056662509310821,0.029884889110394625,-0.13823798194262502,0.3455498300599525,0.2279872392152065,-0.09340306752921822,0.3110812581391965,-0.1900548359144207,0.055452457164384995,-0.20543007881802133,-0.5219694178920484,-0.08761489333013826,-0.3024679355802131,0.06839954310318754,-0.1559011223500455,-0.038761648572353015,-0.06680345242954365,0.003129831568543715,0.0876872353722655,-0.1262908789986342,-0.33858919886129696,-0.05902460064409403,0.2015589258438549,0.009198643810174666,0.019755522952287028,-0.26939648115465054,-0.007695222339091656,-0.2373605378047942,-0.2860013989966998,-0.5363588639329966,-0.3736142207822805,-0.27416132511604097,-0.1370190361909523,-0.2277734367329687,-0.044815740737866525,-0.30238340978056516,-0.19979857309709634,0.45703980428650626,0.49116190330647036,-0.3439774073334965,-0.14828136904604863,-0.046384863945596856,-0.17456302598052612,0.17659363114226415,0.1367296545480536,-0.11502506743642225,0.12119603393158207,0.28882347269349673,0.12929708287760538,0.05919165123714904,0.1051577409922446,0.015768003427983703,-0.3912393719432033,0.06958592837819293,0.21323233137346578,0.11993783156540708,-0.1276933849070515,-0.28572400294865247,-0.027972651536748844,-0.28810650285742295,-0.04999052889592158,-0.23027518173929518,-0.007172622990954091,0.062095422950969544,-0.23967253412214673,0.2166499853035766,0.10432521156255448,-0.03690251697189141,0.27811487315033206,-0.129208571170525,0.4888461420474621,-0.09870490869011743,0.07985375853615626,-0.06887448620206818,-0.18331008328875584,-0.050364088357754716,0.19893077040148877,-0.19547329540858954,-0.17667411537755948,0.3507465117808737,-0.3540704222660656,-0.24439021660896443,0.2471510817584075,-0.22885325993654101,0.22922289035431898,-0.0009358536197262824,-0.14640950454057663,-0.15836729416986042,0.22578326499324805
-0.1994593938340206,0.25960849320687673,-0.004454390950683118,0.4879304904698485,0.659344469963378,0.5372872549092211,0.17532298353849976,0.6291909131771943,0.14679420342184354,1.0,-0.35401403553283817,0.11975057973483395,-0.2541136245384107,-0.028331340319258914,0.16688383725179956,0.5997318354501177,0.22134063297266268,0.202061311587493,0.42348274093595195,0.1424365190521143,-0.29313094688606106,0.16702087896673287,0.14368406084737975,0.45085420399096876,0.029665425552226968,0.11135776561362001,0.15095730577732863,0.04528213113348864,-0.08610524935409312,-0.060639577473883974,0.3236685620103213,0.5274454379795456,-0.10201195687452655,0.24290286715258405,-0.5321131808987232,-0.3940987266278164,-0.5627962668356028,-0.046819020429657764,-0.2254318868803815,0.015642118900183032,-0.05012844958298839,-0.15176597085601395,-0.4051888072467419,-0.4834553678454675,-0.17362675411521578,-0.1987448307775679,-0.4357467943539024,-0.27184724061057836,-0.2922778910740044,-0.30282293170848273,-0.44796951117790834,-0.2502151087132447,0.0411084390128134,-0.21363173060780716,-0.5222459441627957,-0.3057468103110685,0.12540818150729027,0.12456240095995612,-0.20852463120646855,0.031990601287147404,-0.027528835875355512,-0.008326715915589186,0.18273456664775978,0.06060288117224761,0.1409500644425148,0.4317723669043769,-0.2555562374465776,-0.34425926516542277,0.08844644337945734,-0.23605829757086771,0.09670166231757388,-0.02028819197283934,-0.10182133541914876,-0.07875985074874862,-0.1477625750353145,-0.10645017239205883,-0.31986688648430067,0.05925315724413724,0.008205443757741763,0.14794357973965797,0.21331977701834315,0.001359989651732568,0.072160716825994,0.5268740849353588,0.010889338878646302,0.2862077526754294,-0.14726418522324722,0.22020262899540488,-0.0759391887055752,0.43475877129471646,-0.09246483999293262,0.055157253038870445,0.31478700018082406,-0.2174518888156898,-0.37860063100805813,0.5305587712907527,-0.3283080083946549,0.1598386235589767,0.08553812589159593,0.30288329651438706,0.1928231433320066,0.006206372770264157,0.2108814765563988,-0.04530696890300674,-0.23692604890449884,-0.19011117967718993,-0.02186152875239757,-0.1771469765972281,-0.06369749784074574,-0.2485828481281602,-0.26620521353698395,0.3015225771023235,-0.009134633242950255,0.01712145840444819,0.22682026629152174,-0.1442325303553871
0.7195721500345841,0.3619098696670683,0.07781563453442136,-0.5898919892678102,-0.5497951719411355,-0.6494996909815647,-0.08733890541506358,-0.5578233790773185,-0.23359849911211258,-0.35401403553283817,1.0,0.013253834692912633,0.7702122550127715,0.5486709710895453,0.26499977614759623,0.1266015903303291,0.06876716325722496,0.008060166414486683,0.3243719220241967,0.1281956405855535,-0.10186597256055416,-0.06170301335838256,-0.2181383415941851,-0.45537957201650303,-0.28497342767915107,-0.24239183729976285,-0.37057248570895474,-0.4591491811521595,0.2720414395916813,0.3191631097486035,-0.48927221025360024,-0.6369129304042642,0.07801845681101643,-0.3162482587781622,0.42470145251346153,0.2538608534759838,0.3604989027692533,0.21798284470101992,0.08431172910282596,-0.2026543731994404,-0.1320306491214459,0.44236466394324786,0.280783156438135,0.3342239190315967,-0.046796213076942796,-0.10238934457841789,0.3792646368274947,0.42749246990293177,0.31287421706002816,-0.05265685106101574,0.22189523707239284,0.326669043818995,0.17059879086775742,0.31480997034106195,0.28935888145065897,0.03731636328075161,-0.14700666181229538,-0.06967946169904894,0.29861462904591696,-0.06796277518983831,0.44231173000709173,0.3523822800348896,-0.17878176712079777,0.13130488418220707,-0.1365033991998046,0.003645582583989718,0.06086358690694597,-0.11104513845258308,-0.011325859472858779,-0.27617919143943787,-0.17360262191028672,-0.20127265332548566,0.40890911014229075,0.08568067049198842,0.39472041366824046,0.2563155590894932,0.4913300163426682,0.19371746089698252,-0.2739719119116128,0.08497353964303996,-0.389652290208315,-0.33573312159889335,0.21824927621011714,-0.16071006939668778,0.1853600679984802,-0.5849840425706191,-0.003720757501998935,-0.35392482657786983,0.26603902746533803,-0.268499814868958,0.1814161897452117,0.1710993681941828,-0.48842636184412047,0.03884771363698319,0.46888236021038415,-0.11166224667187814,0.039583913089639836,-0.4157215216465906,0.1659855677586567,-0.07650862846064045,-0.33939610678926196,-0.2706887839943446,-0.4539801339124389,-0.4218662428585408,-0.03366084689153785,-0.2854274604978939,-0.00046592238490845766,0.29784730115574193,0.5929850032513174,-0.04376021727367358,0.3302028106279763,-0.35213486613871753,0.1707562459362636,0.26340940849448674,-0.1340947169568364,-0.10690640285946827
0.04549584515766543,0.2597621870026793,-0.387504592245626,0.00806283243638817,-0.012375750773496477,-0.08449624683979046,-0.2045533629073683,0.042339052899851494,0.18030184491665613,0.11975057973483395,0.013253834692912633,1.0,0.0453567134153324,0.37610821354878426,0.2664947201874727,0.23980321136000377,0.35355945803558353,0.5281353947215317,-0.001659233001350299,0.14590503331009735,-0.22711126941035248,-0.13947308260377003,-0.292671509858336,0.0222170314864251,-0.3690661669352339,-0.3475653009617936,-0.2476969541893658,-0.08983486909521302,0.37999408863759543,0.24491049992668507,-0.04096847760721779,0.16896004687579982,-0.20827293992592644,-0.13087588724899923,-0.21692028564500418,-0.41122914614214934,0.037285088514545706,0.12532820525834337,-0.118080664044867,-0.1883649787339123,0.10675566810330622,0.04906071329965238,-0.0049605376070597975,-0.13475897271199666,-0.20446290461742958,-0.2731945916593122,-0.17363132133167464,-0.15520294628972559,-0.09364856969113737,-0.011791368671520547,-0.2328851130229838,-0.048594512406631846,0.2605998833216789,0.22834609641425557,-0.25346932291918217,-0.5331252240155664,-0.04554729422931258,-0.317401746040161,-0.1031256228326721,-0.03962617705986138,0.11573946483156136,0.22085313191526668,0.36436607407431193,0.36102315327726586,-0.29587010465999003,0.0810790401342973,-0.17395705619765833,-0.10415668510277577,0.10916607044270905,-0.07411892416605592,0.18167013164588622,0.02512030999341651,0.23761527492611675,0.43280322728509213,0.36739036198994757,0.1742039467576673,0.2326757865205194,0.3171453750802523,-0.05396906067465348,-0.059533639278314114,0.27755065834492276,0.2642084009703618,0.17551735643873206,0.4513686799352775,-0.11896310326127392,0.25809096341231796,-0.2206056794487705,0.1522906208748001,-0.27977480837855084,0.36281452731365793,0.45206100717749587,0.11420470885344358,0.2625993889384234,-0.11238970357646641,-0.3439096239166219,0.23769887846861285,-0.4656806778441557,-0.17129536012229868,0.2152781192124445,-0.11074003619942792,0.13155938850788304,-0.1219795918920666,0.2769830265964649,-0.08710027780417376,-0.10496235690090827,-0.35041644596758026,0.3322147917149171,0.07625097849883382,0.0668184941780744,-0.10853868860593158,-0.411452809580678,-0.14200122036739,0.11720721557512616,0.12811606264116543,-0.14497108721501117,0.11283957348582009
0.6704248270489442,0.5267028420058544,0.026840484318749955,-0.629896590831297,-0.3478097692069336,-0.6254812946091004,0.003014710472853899,-0.306255577364267,0.18721078230374838,-0.2541136245384107,0.7702122550127715,0.0453567134153324,1.0,0.6454479946717041,0.279054479868505,0.1191188036044429,-0.1579192566433892,0.01177174896996761,0.34329805414498354,0.061062823609821335,-0.30118578682959857,-0.17632383119770825,-0.33548601653627913,-0.47419782551331213,-0.33510353288706796,-0.35544082865518495,-0.4138435734131099,-0.5220282899972402,0.3146188980114099,0.37312319622726453,-0.3154952012681166,-0.5323246059271518,0.05039481128498159,-0.131150900721324,0.2665215171121848,0.11997319887734169,0.11967334948660364,-0.015782615299721026,-0.105851223383787,-0.5200678937213643,-0.05782306587226441,0.2885107384673401,0.2955961812949044,0.3837407791818812,0.02142894006702256,-0.1461346064065238,0.3797686520992996,0.2202744591209062,0.49784441020961073,0.18872283839952908,0.2888589220552219,0.5475254171535635,0.3014946483454357,0.413857573302197,0.24506565766592922,-0.17148973501916087,-0.3453143121872245,-0.201215097045735,0.46348383389082026,0.1411319194793551,0.5702862655555277,0.6194629179216191,-0.225237934904662,0.25318001695032977,-0.0645952239206724,0.28229836190186525,0.06007237485651001,-0.25781459564546555,-0.21523501820220528,-0.4904101193916172,-0.1802148330804136,-0.13293488300186948,0.41268037660568074,0.17298616839147699,0.5266975545347771,0.48694004188147355,0.6540878293155359,0.45922434160204434,-0.3511544308289622,0.05686576245889684,-0.48850771785455915,-0.3968635664309391,0.04022831538154956,-0.2525729623210286,-0.20466657718901182,-0.6311340211703935,-0.3184542201367895,-0.5539873090516626,-0.043564682904674315,-0.16820853174422343,0.25231678307204636,-0.09650779757666152,-0.4416795399329374,-0.1364030102752849,0.4610106657779469,-0.10639330034195661,-0.07484248341793724,-0.26977794736013944,0.2184026087918977,-0.18882980351288892,-0.11959519316407864,-0.18612100805392914,-0.22437523755767386,-0.22762427084870987,-0.007838062092266326,-0.4228526877048448,0.14379188887767652,0.05637071679552256,0.27945600665266174,-0.11207444874012354,0.10759131749508535,-0.24689702201567085,0.4106681251296261,0.3463783332187659,-0.2293692756221869,-0.024288006768772318
0.4273378425686062,0.6404482917439777,-0.4320335226755851,-0.4975691973023375,-0.23246808097719876,-0.3803262718012532,-0.38082450827739067,-0.31130987099156926,0.017908280398729236,-0.028331340319258914,0.5486709710895453,0.37610821354878426,0.6454479946717041,1.0,0.35285957256935624,0.5681956389528289,0.19956671298154716,0.39649919931703637,0.1751582828103165,0.4394945177983734,-0.2386093012652379,0.09441412989443686,-0.5130823970638503,-0.322690342400746,-0.434372694752079,-0.2768621665186448,-0.23774132556945637,-0.39683251386791785,0.41632118282879454,0.4354305099531969,-0.3987553321345702,-0.16939839143905186,-0.13500693062520902,-0.350816531053551,0.012763572878701692,-0.22057914633321143,0.1728061321627056,0.20802365685067,0.15386072949793095,-0.12850751308065486,-0.1153620000070552,0.4582232669721671,0.013627077957139815,-0.04746157114529431,-0.26699675266004724,-0.49279284037786025,0.06588693942156512,0.017260047646056667,0.35947737745461306,-0.0492518825071765,0.0012480126184412708,0.4324357121821196,0.5923605695052823,0.6424020870109591,0.23006427527811615,-0.49628326480651574,0.02775850717780668,-0.013168675517035135,0.2030990972774465,0.22875169339621734,0.43662408244312767,0.6799040009500165,-0.12520611130196302,0.4063059850310518,-0.3719965595660179,0.29625207659339736,-0.29047278715168634,-0.4028602873763911,-0.020430194365526434,-0.20945963915993376,0.07881388366693352,-0.03175559132537444,0.37276573392020057,0.41816037323971966,0.5362138165728864,0.6004436946772821,0.5605030875782946,0.7246380839064059,-0.18370120802853815,0.06568221949611124,-0.09911560948381141,-0.339817267112939,0.16015408305145393,0.20519273402300767,-0.15426696082692973,-0.5653950691848348,-0.3534414150237068,-0.43940881136248844,-0.14676428195389227,0.16571782169139723,0.5165845024901218,-0.007520757468524713,-0.25895650870120046,-0.18316370854194544,0.30463316664328455,0.12044360254654234,-0.30238309253293905,-0.17319922105674562,0.3524824996602946,-0.37274016220039563,0.04967879864127297,-0.05741376146011282,0.09453941212867975,-0.47002570742715016,0.1450630364179426,-0.31281833480756505,0.2724236547148133,0.1809816197237575,0.36790231150444413,-0.16923734529356127,-0.11262259022408545,-0.10906309188785436,0.3768794143348629,0.32169591362712086,0.008054097495785643,0.029085016056390058
0.11097183525840532,0.5643832834050655,0.22430927543092086,-0.13682602883842862,0.049677266615249745,-0.22442656717570708,0.14891473716854262,0.07393149904531324,0.44670017478168916,0.16688383725179956,0.26499977614759623,0.2664947201874727,0.279054479868505,0.35285957256935624,1.0,0.5516380100286694,0.20642841079221896,0.23509468025044641,0.43580491785780434,0.16059844212631819,-0.369397595054219,-0.15412649268862527,0.2401620801527913,0.19172777483805117,0.03171565846169608,-0.11996656543328606,-0.07175550910197216,-0.23117804767574593,0.5536966324185274,0.2027945439129999,0.19861456841463127,0.18412481981509637,-0.08945723387547637,0.0884821505287564,-0.2930503203437905,-0.10277824203539948,0.015523820295657308,-0.3847612091380142,-0.0028024696330291804,-0.3202466771157854,-0.18335682894154853,0.13556594323630738,-0.3526738990863526,-0.3621495451690464,-0.38858587849196147,-0.32015413012444366,-0.356163347268173,-0.2911079871146954,-0.23414771148540994,-0.24993419971601763,-0.20448260413643138,-0.11341021452079016,-0.05669574835930874,0.06484288589345007,-0.30964736160281386,-0.5371512039882214,-0.299267311690918,-0.20942113152051475,-0.3148302332806863,-0.18826342789142705,-0.0382814229146737,0.17271020711214263,-0.18285656966734432,0.21537800326235795,0.27990874469023086,0.5140984702697305,-0.5675457077999029,-0.5467614120168333,0.3013489080600968,-0.20209127455501005,0.18895243292661298,-0.019392451189778982,0.2663648568007929,0.2241265519019359,0.5164628186855728,0.32122435706868974,0.23038213554738168,0.31358706588712965,0.08626052607627727,-0.07762793283761107,0.3168376920559137,0.21180873375983658,0.6138563239865702,0.12203757714070566,0.28352776792798207,-0.2568500916370487,-0.30415021868272063,-0.2854947182255011,0.17373314631666764,0.18812083549904432,0.2586425424364999,0.14691469770169105,0.11869878260946413,0.29778666751445754,0.10874780507531023,0.301381070350384,-0.4232841608496953,0.25431870391705547,0.09585544098243025,0.13488957855748385,-0.16772368228915346,-0.18661651236374802,-0.15719363810310635,-0.2192357009686898,-0.19247866137883934,-0.19377580214740595,0.4485506750671256,0.09448595335349032,0.3045281246152869,0.0359764186426246,-0.279140076670205,0.20694845155791994,0.09680464015902301,0.10762809437837599,-0.004480578855115047,0.21951908124554467
0.045721243481837835,0.5628083806658764,-0.3169618247211291,0.011856141965091643,0.23304002609103736,0.15115773563083393,-0.2211287171954513,0.09740412790116974,0.0855611583387701,0.5997318354501177,0.1266015903303291,0.23980321136000377,0.1191188036044429,0.5681956389528289,0.5516380100286694,1.0,0.42356221436041164,0.3799639828650937,0.46273178260010356,0.3620904664402927,-0.3121097803661245,0.3420009895599336,-0.12665713918648222,0.21058508608214238,-0.15289628955585688,0.03192099601012133,0.04186705572185588,-0.1429207181819383,0.3312808111282823,0.1984057853734806,-0.03939510750238787,0.31000310010820936,0.02668383456631283,-0.060490507847464806,-0.3136966002925418,-0.43867920942743854,-0.22576346975921024,0.011634509394798166,0.030545624668874147,-0.06264335714167912,-0.12380719218399938,0.18624119025203145,-0.23942728407261,-0.3559864919340514,-0.22523035657722057,-0.3747581476839471,-0.2362629892518563,-0.15818972375214166,0.03385685763940418,-0.23070493790816604,-0.22026688140723294,0.011596801610249582,0.2597927794330182,0.10488296282327987,-0.2194751270374053,-0.4860684820994127,0.19377872427941584,0.11371165086760805,-0.2016647549565428,-0.012821976928569925,0.10553045522811762,0.2560667676206949,0.011938947240135993,0.22431050523246465,-0.09155439604925049,0.4086132397237453,-0.5395798759238853,-0.5928811584632857,0.23372314102363506,-0.2270451506158263,0.14912050176658845,-0.16711540111331627,0.1940829311748671,0.18513743080338144,0.2714646746133105,0.20921755329271904,0.08142177647790413,0.4959710260750004,-0.03444073970174141,0.1397078696820084,0.3530512425117717,-0.10241136185857093,0.24922642999407732,0.42874645539368755,0.05473801412654254,-0.2509515308938264,-0.4063174005992781,-0.23412508538771393,-0.12956334494795452,0.19400697228642208,0.1907947340706426,0.07926538424723245,0.04576082765721681,-0.14805980832898905,0.06045799095106474,0.45605374080094774,-0.4945336869660726,0.04369980953786746,0.35309047699683044,0.09713635685390355,0.12487347762457786,-0.08563586329752362,0.0764835239861156,-0.3925750173472682,0.06181935928244777,-0.16635725372342983,0.2156928089935699,0.14451685983472287,0.2877021840275577,-0.2855202695977473,-0.32722482914650103,0.33673539422320387,0.24174146557892906,0.3323148400714079,0.32581766512240046,-0.021013970485226994
-0.008900800810658275,0.10118597147450083,-0.4636313034834153,0.06550645974862326,-0.10936776074377258,-0.13448228967661705,-0.2680882667434404,-0.13623612099321156,-0.3606932713503621,0.22134063297266268,0.06876716325722496,0.35355945803558353,-0.1579192566433892,0.19956671298154716,0.20642841079221896,0.42356221436041164,1.0,0.7307481302426199,0.31509283508075697,0.5288608511283446,0.07711798519017637,0.37881465357096367,-0.24930595401156447,0.0987127767821741,-0.28924314206802615,-0.12752206565363705,-0.33878648539227685,-0.2714282535973144,0.6207367241926257,0.503820146409621,0.09177192411180084,0.3482511635876315,0.2761498379380804,0.051670726505032294,-0.0503232699434044,-0.31880314977089735,0.3135734475973842,0.20630127481269725,0.07882967436577615,-0.011547798268823144,0.07239613270563439,0.20131296595657366,-0.1493148681196804,-0.2359207148807093,-0.09639799148010604,-0.14876664737720674,-0.27804882201757003,-0.2931705123936002,-0.20908416041443578,-0.15850408299416185,-0.47102606318236195,-0.40305624308448473,-0.0016120588424791806,-0.20179091755132456,-0.3249615379180404,-0.40437429185683477,0.3593418610073629,0.0054752880435870515,-0.25023805152554224,-0.15287467810685224,0.020694861316304144,0.04167578496278051,0.6546663347921002,0.5018235866735687,-0.42697815186152016,-0.14443614017179673,-0.1977583336697954,-0.35350473697037044,0.3697844981831534,-0.11155399946298733,0.27305202428623754,-0.06120347868767402,0.5840940458187621,0.4842460688360152,0.3355367584209986,0.31183817264333313,0.32553167934901694,0.3218637640457416,0.13445492252350882,0.47711978987608206,0.3864537289712789,0.12734747420226908,0.1978257677079734,0.4063207855000255,0.20968796225454747,0.01909863699842619,-0.044283230340147584,-0.1362042600659309,-0.015941902506812496,0.22561686128782335,0.1336671155479213,0.2519683861877211,0.16088787408014638,0.16987705486421614,0.029715757180647343,0.19475482118123533,-0.44456550056682553,-0.21518041418252215,0.36855685079800016,0.30692574042351684,0.31418497113141297,0.2163674107318161,0.3912969933506841,-0.3243018412730704,0.05322516922304336,-0.12400051252981768,0.03772142606262277,0.31275155865314896,0.37016959254246495,-0.26642888394476844,-0.34676762229368235,0.05976344727944555,0.2234257819019147,0.27752819840963794,0.05249560202426763,-0.3460764200611852
