1.0,0.6192127797674793,0.21523663514256366,0.26632325944243546,-0.594647911674777,-0.6676266581761187,0.44443734453641853,0.544519978950625,-0.3581186674813831,-0.5625390828047349,0.4628056948956506,0.5516251744586622,0.41529775362067306,0.5669060569926345,0.0013033298351301764,0.11702345887180525,0.24220100533159789,0.18453341313134602,0.4763021464083005,0.5902478460712666,-0.38503820082264356,-0.09823590134185148,0.30925877081122416,-0.06385318833137918,-0.343255255344848,-0.35768388537601187,-0.19375343164225142,-0.06617280435369763,0.14627871631704853,0.05541821917246843,0.3493106075829279,0.43110141237681504,0.8113820098898231,0.7499984146956881,-0.4052521478860749,-0.4429270688139728,0.3889160291960685,-0.06586126925615518,0.1100397022663795,-0.04839722076231575,0.2551455969727694,0.18122740665883566,-0.19404603068618556,-4.845978051107441e-06,-0.2006629838982175,-0.2623519104018278,-0.031010995151027346,-0.09636525855435583,-0.3435658391879736,-0.18379454235708775,-0.6728958864875216,-0.46554135342915876,-0.4475641979832363,-0.12532007688964966,0.1875309987213728,0.30509641507075635,0.652558750643356,0.6350236089293902,-0.15541266216505747,-0.5895768948396101,0.3458996514097537,0.18826231160898466,-0.06043506995603194,0.4739187776031397,-0.3041872728472018,-0.4240781624259509,-0.5157285790278363,-0.5619356340864295,-0.10242601437441982,-0.06062367589852042,-0.521136667335272,-0.5490087164876953,0.21048090631882896,-0.16480806894095412,0.22297420262273182,-0.2881305448742669,-0.24183931800767658,-0.6883108851977912,0.385650693570467,-0.22535963483365787,0.1533342388220321,-0.08995676725523934,-0.024226595078094514,-0.09720026971763294,-0.13275932380876146,-0.3748622808433661,0.3307757643597005,0.09055420455955451,-0.1349967525605826,-0.023455966115973816,-0.590175275963984,-0.3055054669851613,-0.21587971639037393,-0.23828753044746204,-0.5156605018558353,-0.2200645250364598,0.11016101610947783,0.061428405620472144,-0.07208957609859236,-0.08374238001951322,-0.3700119791555006,-0.07015036060513034,-0.35534454321652953,-0.1568575207969913,-0.3656905169466052,-0.2299092868083328,0.11887686861021558,-0.16513734828782067,-0.18148325883659938,-0.18992786976826923,-0.48047370963935937,-0.02012354566692066,0.17136721932481377,-0.19119626297806763,-0.17611982628124037,-0.24356813122279503
0.6192127797674793,1.0,-0.011671846751604403,0.254686275278484,-0.5772640050051661,-0.5649084988943204,-0.14121267328017711,0.16368710630184485,-0.6956966195127843,-0.656352197977392,0.03157610815245639,0.12473844408282718,-0.1771097212462355,0.0518449626961446,-0.4855417376214867,-0.4037321943472569,0.17773483864405354,0.15888013836034973,0.36228428069957713,0.46494037436433944,-0.6823009519972201,-0.31038698291769246,0.21855083092624245,-0.01936218754507098,-0.3248686451326366,-0.23627101686224555,0.015988810950444847,-0.06989315155604613,-0.23802779702688387,-0.2809577145781051,-0.07395925768097843,0.06456305527206407,0.5157620909715712,0.5599732942194529,-0.47059541101178626,-0.45583554495594397,0.07728659616635399,-0.3040814426723259,0.22833523506397568,0.0694786932727537,-0.0388518240783106,-0.04560742637649007,0.1379603362243848,0.2053457254566218,0.16059120391784434,0.0026279176848988026,0.1880067932603114,0.3102310565306429,-0.24752779069024144,0.1088156397369189,-0.4827787119963618,-0.1483414217716405,-0.16986643972342585,-0.1095625960442539,0.12873143009596644,0.20917304063656433,0.6052948995376273,0.8228146803228837,-0.15526304266859303,-0.09032906801691173,-0.15776786639313028,0.16850087629945826,-0.1275221653694833,0.21047858636803543,-0.6862733888840904,-0.4622185787085634,-0.33936619636325754,-0.3718698486853622,0.3042259035429323,0.2863596510444344,-0.4918202113814045,-0.6689406238539854,-0.1910464596040209,-0.31665465131772264,-0.024670965939565907,-0.3885988636928231,-0.1050754863412865,-0.42603900884039064,0.19433206398202754,-0.2888837778750817,0.17159070285811828,0.216615978468,-0.1546090458282365,-0.1985311845270509,-0.04461476198464622,-0.38722870182029157,0.16596341782720403,-0.2254830731678592,-0.27535166761574814,-0.29582454710408984,-0.2609128009526822,-0.3543204519375562,-0.3428389465729855,-0.16300797258628016,-0.33030713000452844,0.006765598110413065,0.07096785828480803,-0.14149775479214213,0.17577469140661867,-0.0664068402215854,-0.24548007737156544,-0.25653336108617963,-0.5101508265048177,-0.2392119946110493,-0.2856664851660691,0.1170679157380644,0.17563917574617371,0.16094736180758215,-0.010016244954150363,-0.0305313107150845,-0.32639025973162716,0.09683031563421479,0.0954744440687168,-0.2867056261735794,0.17817063697933894,0.09752336458953738
0.21523663514256366,-0.011671846751604403,1.0,0.6535266525902718,0.3402806610044512,0.058078069735811,0.7347305488492207,0.6139106991070921,0.2951271682464529,0.03517972540110501,0.0028209596277438344,-0.08696722101503918,0.09381407658578318,0.02016287550437383,-0.12010794161965073,-0.3233905305070648,-0.06993710917947571,-0.10553597489325713,0.5603026248693556,0.491789166927251,-0.17262772589028783,-0.25562547636198185,0.6990048073589118,0.48032461592502934,-0.10619377870447955,-0.10457248527033779,-0.08197455490413313,-0.28467814827062954,-0.3062677882180044,-0.35634943959871085,0.06824509560271326,0.07168142273566423,0.1457585877845346,0.2913754297571973,0.1455061069111533,-0.014249831254043919,-0.2914779445678134,-0.5224054390308571,-0.2416191401483173,-0.442529426302805,-0.31659832467222204,-0.2620071500601791,-0.5091252296171351,-0.46536806889208787,-0.35044997518921367,-0.26269003621784054,-0.5416992923139063,-0.4236944755110027,-0.4671778868400095,-0.4474593807102465,-0.30503400487342924,-0.5178284195901772,-0.2963505576062222,-0.025285280827685823,-0.18318464893878408,-0.15984697646405305,-0.12189553925824614,-0.11173864313965537,-0.19640162188924734,-0.3754104006987203,0.3143966881177535,-0.34419763981250756,0.16512889045381482,-0.08705642869672547,0.25186798497189894,-0.28832862614699634,0.07337472307704039,0.24248176491039344,0.02502362175576182,0.4448038943337114,-0.0736072285945128,-0.14348652506700232,-0.37313302428194633,-0.4889238561324645,-0.39421469680396065,-0.34117841760839795,-0.4619825420042363,-0.24174980729024936,-0.4067869482817224,-0.4745994631526281,-0.3319995744828646,-0.49030145266210473,0.11037404097800668,-0.13909302217810673,-0.5320500098370488,-0.5143694709023158,-0.3296188227053637,-0.07685872768915415,-0.16702732063442535,0.014635997424259889,0.06539146624155465,0.4750770009683515,0.3724664069223485,0.47046549332919546,-0.524361961370594,-0.005367950791668292,-0.33938839818639044,-0.14668963535478796,-0.3529166805916037,-0.10136065787136896,-0.08126458496464276,0.4649579553050119,0.0024174258970058506,0.42910771621161553,-0.03625991093902542,0.15914093116878722,-0.20760585439638818,-0.14703888474598356,0.06045223922776342,-0.1976374011924992,-0.08151056889970643,0.12363979402075584,0.10409469386817922,0.044037605588143125,-0.029648322730399922,-0.16320679013104036
0.26632325944243546,0.254686275278484,0.6535266525902718,1.0,0.15912521157309858,0.0686835982702506,0.4441432508745337,0.7597452379811656,0.1392946782903326,0.04109386998100879,-0.07577850140564431,0.010836186765379154,-0.06625914401305247,-0.049559379413453244,-0.30249167039637664,-0.25977302031723415,-0.024190872200431656,-0.09464830216368367,0.5603984693271802,0.46232307454960153,-0.45198765622430714,-0.40252945594495554,0.4623863585698265,0.4771797232637227,-0.1631901049084724,-0.15799938550736078,-0.1392382942553328,-0.3792141820623979,-0.340491799787231,-0.42409836722797756,-0.16600447792520612,-0.0741222375913413,0.1952610484211796,0.3388462895849525,-0.0816338609956743,-0.16558636663579815,-0.16855577248214415,-0.4881403199702948,0.11434718181719103,-0.18909846637083927,-0.15641110318529133,-0.19298865237301063,-0.33818406429333686,-0.288659014288754,-0.20279730034436583,-0.18233264261172716,-0.24775412473291192,-0.17580969966472676,-0.529760188506032,-0.3406226712660935,-0.6443251921941401,-0.5382253638893868,-0.2861504093767013,-0.04954846401448611,0.17144299521463277,0.27738131622415796,0.14897924522991457,0.05036751426899144,-0.3747830846753951,-0.43319608024798023,0.24480085117141187,-0.10828565084824907,0.05259497677588696,-0.031799627851072924,-0.15252562338078796,-0.4507040042258172,-0.3485248457386261,0.010950110895808392,0.2070166619901901,0.1552210918797265,-0.373643518408136,-0.40338203868125566,-0.31255134771080006,-0.5959103784674215,-0.4489588018917704,-0.641813287214286,-0.6579494964931208,-0.51619980619655,-0.3387585518980588,-0.589346342828513,-0.18976310208178543,-0.3430467584358399,-0.15573828192484093,-0.06840736149908869,-0.6592449374342393,-0.6922424644024204,-0.17511952229201364,0.091667737592875,-0.14227569905452112,0.17777709560720828,0.011680721677674814,0.25455569160438907,0.317992250790481,0.40543414259515415,-0.30087323804609256,0.42142909779579724,0.006643987782524613,0.15716776743450972,-0.12751630254093363,0.282547340104248,-0.15556575468645892,0.3423131462714997,0.034721707168591145,0.2654558030209273,0.11789678443685737,0.3078985936901011,-0.2514115413652711,-0.09447524330078749,0.33257881246460047,-0.013206219044405306,-0.16473579020533988,0.4078896716106419,0.1770185987116345,0.022301530815820123,0.20308274362829265,-0.08867146493073044
-0.594647911674777,-0.5772640050051661,0.3402806610044512,0.15912521157309858,1.0,0.5371225497630171,0.1663735061080101,0.01783288960774489,0.6349048892814934,0.5208102566884635,-0.21615021675401358,-0.38510062544301876,-0.1718792754095797,-0.28822682633623364,0.10736576373593724,-0.13821068147241433,-0.22003921299238757,-0.17959380672513597,0.10453578533843431,-0.020452529115910893,0.33654866157260965,-0.03440280552034948,0.03549815527771292,0.12738287435759832,-0.0832576228877804,-0.11030085258286594,0.25750752687057454,-0.2148785854429075,-0.21298662683299957,-0.2432491040487818,-0.43538268333134,-0.5087010077296874,-0.6201701937878903,-0.45132046397070624,0.24480107368661722,0.31721744245425687,-0.5735330826360864,-0.20745650796670714,-0.2666018458063595,-0.01625445162852086,-0.4591717912303203,-0.30107540549509293,-0.3318138962282018,-0.358434731352685,0.038407896089014855,0.20165970852413181,-0.45459794716067586,-0.30586636257120864,0.17134517901437013,-0.12743874302691657,0.33835428820263447,0.1952349447104671,0.2529997434781656,0.2313513370023658,-0.4080614376104763,-0.4836969467650509,-0.585384358633001,-0.6569221531550834,-0.12934366697282113,0.08410631380902084,-0.18263394182370304,-0.3913234852402156,0.29865062795950537,-0.5103870277930445,0.5030984334578336,0.1378888165850974,0.3474520270030711,0.5329020247550431,0.11266994960701614,0.3492331755480026,0.4554155825408978,0.24147864844587597,-0.4083039560025908,-0.21113888369567396,-0.589996555297991,-0.019470351841284275,-0.060248886504597685,0.3529361662630638,-0.5041089914595995,-0.049270873566364004,-0.16322584838862886,-0.1749299074117539,0.3471903976774911,0.25976068224932153,-0.23669963878455239,-0.09222575379374105,-0.3644612755845241,0.12814471107877573,-0.028579135845478554,0.1671808008209472,0.6591066767715769,0.6619924920329453,0.4658126647194944,0.526709857954429,0.05805202423318969,0.06012466749945272,-0.4269201570611706,-0.18110912051617098,-0.13468533596144863,0.11450956758774622,0.38113721582684484,0.4073018809458805,0.2863896098794912,0.47670195530494625,0.2476778377425005,0.28067012218090315,-0.3668968284028089,0.03443835927740496,0.09117498771703625,-0.2028374019130998,0.17553654151809311,0.18645669145890256,0.08542910153044933,0.1584648559504304,0.1873102997817591,0.046613492781237775
-0.6676266581761187,-0.5649084988943204,0.058078069735811,0.0686835982702506,0.5371225497630171,1.0,-0.10412869387878457,-0.16804863602861228,0.3675112818138345,0.5848850964484739,-0.5036022876841353,-0.42405565983682375,-0.2973037972367931,-0.44801060470545445,-0.017864379496401395,0.03066985524698396,-0.29533930299974565,-0.4295988840589653,-0.31656844397461537,-0.569546206668708,0.3471687614041548,0.3309840830141259,-0.031589749248339086,0.4688672054084172,0.6996234266324554,0.652312495762454,0.40101400536290355,0.3515328303100202,-0.2682248227213961,-0.18367930600300691,-0.09560709551709144,-0.12079919556730015,-0.5044496462272143,-0.5616214379903641,0.6254751183930575,0.4616253702801487,-0.1468763881746076,0.009045425142554618,0.18824343508108932,0.0807668890235163,-0.055855040125830854,-0.002964422495915523,-0.13178641143752115,-0.17605954177045852,-0.20354221700927203,-0.13254298736339076,-0.1947858412998453,-0.1772604706109845,0.005010672952787972,-0.1306305252523282,0.4775749821046475,0.03587645669627382,0.060414010646932505,-0.11973194612494827,0.10049772878713671,0.023074622285798364,-0.40402634518602565,-0.5135038127906656,0.06927967820989303,0.23828700817098852,-0.05266562416987888,-0.347021906587359,-0.288274079849367,-0.5499537522125564,0.3563896611010335,0.43288428390490197,0.40757025658092466,0.5233749529394238,-0.024737966028028427,-0.09695471431903634,0.39545128023848963,0.48350158029559703,-0.22419423621393234,-0.031167361698841167,-0.24368970922376337,0.12262502050783497,-0.2921939175144146,0.2917290181890643,-0.32206357903187716,-0.07718805052947096,-0.34420374476861804,-0.23692533633266158,-0.22403391664077638,-0.23806966823923126,0.09173243399301605,0.39959256451869646,-0.1794376225953537,0.21296688983910395,0.3733514581806883,0.33488273895059045,0.15914561723097664,0.19690346524387103,0.23529736884737237,0.2468154148034075,0.4031920016118068,0.25121982628976897,0.1619818336631949,0.15285696726862769,-0.32014243462395203,-0.03212691735731688,-0.018166979200467174,0.029029170572806726,0.1177095954069156,0.08666542385506998,0.27394603220932934,0.2471185921756197,-0.06928360309849961,0.11114805077756573,0.03380993845397225,0.015703035721365353,0.505749233565782,-0.05051125379275123,-0.1981510771821488,0.10648329182562369,-0.024256535205334218,0.2360532307463231
0.44443734453641853,-0.14121267328017711,0.7347305488492207,0.4441432508745337,0.1663735061080101,-0.10412869387878457,1.0,0.7416624534754525,0.3769229027365303,0.1206315998661596,0.3604698229208207,0.3850654302801792,0.4921778874504616,0.4946097285797971,0.20035810168315452,0.12977935097498577,-0.09049018738549051,-0.1160831125717741,0.3438292997002859,0.40571789182605117,-0.06507900042215344,-0.10683312618295748,0.3212420070320835,0.16243574025778829,-0.2307356826315261,-0.3023933427590261,-0.2297470646129894,-0.24831134412380107,-0.07130622493075045,-0.10102722949402211,0.15059372373802069,0.14478719297454265,0.2907768851928747,0.41216576363602114,-0.0031338238314528428,0.017080481969775685,-0.02409409375797886,-0.25515141883539383,-0.18279589912516322,-0.2109657969086752,-0.10338100877496813,-0.16237495940149796,-0.5736626243701538,-0.4753828826497109,-0.4105206340524337,-0.27783145725831193,-0.4943466502642921,-0.5415561881414676,-0.22126209108864306,-0.46721504635561767,-0.28120122541028975,-0.40829090288350206,-0.2648879073650145,0.03465947750717833,-0.06815119751505816,-0.03205916308668322,0.04590741889493867,-0.056780161054023504,-0.06506598217360103,-0.5837038627432327,0.5853397887159566,-0.07606725536381805,0.07226156911542854,0.09311885189819086,0.36369787430478173,-0.01450114429320214,-0.11794536338994485,0.07104297471325285,-0.3156517634928485,0.04865938803649421,-0.12559557668564528,-0.20282139582068834,-0.05034947632491659,-0.24959745052619703,-0.18025907511114952,-0.21278387485733763,-0.35198463679385567,-0.35606072895918495,-0.13894772215768134,-0.3330433491967377,-0.24022658678531783,-0.607725790947245,-0.04017671591678756,-0.10312050085336764,-0.4781011695805738,-0.33993097368300373,-0.16383342803783002,-0.013151398734051824,-0.04985935869073128,0.1727397730022966,-0.12310906940582243,0.26737130401267667,0.3895872931619419,0.1714222404765632,-0.4740727877541457,-0.180872198318174,-0.07922506387771672,0.059683300838441415,-0.2473501547679942,-0.029685054707929166,-0.08418025821166068,0.33208664892312406,0.16953235431696267,0.3014780679542561,-0.06051323181551407,-0.18728339841169878,-0.1875170344023721,-0.48831646415459,-0.13420607524260109,-0.2529671629577645,-0.21075270640100235,0.05196296528900927,0.09707070907343342,0.10034948487414735,-0.2506583761224161,-0.5433121314346304
0.544519978950625,0.16368710630184485,0.6139106991070921,0.7597452379811656,0.01783288960774489,-0.16804863602861228,0.7416624534754525,1.0,0.2508556434458882,-0.058517950242363226,0.25163446852335936,0.4302009450048356,0.4151447119513942,0.4748030684536237,-0.028097300931231757,0.0404015438998239,0.0637171083861799,0.11161901578320424,0.4654893194635949,0.39426476073637395,-0.4068285511472872,-0.33028613890082104,0.3267383050704305,0.2879780578568659,-0.20903847892099858,-0.2255251459823278,-0.2280420185868879,-0.3349348379030617,-0.1228496924676685,-0.20721470158674915,0.07542304033100096,0.2068326557657383,0.41822227671903583,0.5588722584110642,-0.18828018738229155,-0.1725821793138703,-0.04240495931917291,-0.34665904440080836,-0.042859800859703354,-0.19735262730340636,-0.015474150413801107,-0.062121682123068324,-0.41407778482471636,-0.2897537720588711,-0.2719014379276144,-0.21840019365627708,-0.32650493734030367,-0.2804121248081817,-0.41996848561186645,-0.4116577098872954,-0.5904121930107452,-0.5797124338136829,-0.47090691584017697,-0.18992992420392196,0.05613262902756192,0.2075072291670654,0.3360044085712667,0.16693071815449506,-0.3700653097056548,-0.7322068236681597,0.4803460104369827,-0.007618713046866558,0.020357146434812397,0.09772030532470315,0.03512339656990719,-0.3175304042403325,-0.4531064873938622,-0.09834800761532159,-0.0829628247436071,-0.061963144991089424,-0.3823043122915137,-0.3797719035746868,-0.06343885349450032,-0.4252073882070403,-0.21606507576907827,-0.5382038012340947,-0.6241885117669915,-0.7058065765185138,-0.10869644829063883,-0.5304888981877268,-0.12224280390209102,-0.4314099684494844,-0.2185493197277844,-0.033660667817628824,-0.6196139999396371,-0.5679572510773273,-0.18067247412488768,0.10507980181740925,-0.14284874198333358,0.0343814366371636,-0.1596620549018602,0.16996071517423075,0.31171935233053544,0.2999547836704424,-0.47827348905037487,0.10820380426454494,0.027075659304165476,0.06040978648792162,-0.1420931333077134,0.17401913211854375,-0.05057276342791274,0.36378930022269873,0.09821323107052507,0.19773591687117925,-0.036498562745568466,-0.10152229470696793,-0.1063775440576231,-0.3608420754533819,0.041493562246081236,-0.13672433903535203,-0.3160413081731008,0.21420450316951,0.114226896100566,0.07520105555196374,0.01771476608376288,-0.3814067190575065
-0.3581186674813831,-0.6956966195127843,0.2951271682464529,0.1392946782903326,0.6349048892814934,0.3675112818138345,0.3769229027365303,0.2508556434458882,1.0,0.6508123385071041,0.11622028748444294,-0.020229497814448306,0.39493122595146785,0.08295171693782351,0.5446727171662926,0.38176771006477295,-0.18793895441512973,-0.05809941257197902,0.0027273494014306916,-0.05341377901320725,0.40406498780734945,0.04207180875629946,0.009567594424543576,0.16209054885173607,0.05413021771479316,0.029283995314833125,-0.09906021380127833,-0.08447093847776513,0.11128762250705922,0.1615100758497475,0.036448778159917455,-0.0557656293092988,-0.3993741510740029,-0.2932893880085156,0.3872787554273349,0.5390359295182192,-0.4465963093305154,-0.024290840134355587,-0.23039741153650395,-0.26125766104410697,-0.23798994053445116,-0.3276233660959533,-0.4436412979378884,-0.43697937316746155,-0.2447957213941332,-0.02271872497959501,-0.5186790084505793,-0.504217821169014,0.09887687727384982,-0.36068061743765406,0.09917997416149668,-0.05101461959474865,0.0017454461454229646,-0.17840026300202066,-0.2916872667428616,-0.39767026095051244,-0.4979268283600504,-0.551193825590079,0.11256031812409406,-0.09704088259186937,0.2905343200900771,-0.15271165579961044,0.23860274352294192,-0.1737739460680342,0.6658606192694904,0.3536192854523344,0.03588304266841569,0.40866851724228154,-0.20438615272760383,-0.022538652707049106,0.36028458298994837,0.4368171405478288,0.0007895352349043445,0.002327944922583898,-0.2987185269889284,0.08984249536752245,-0.19901123593780023,0.1474126697174488,-0.5664007202636768,0.023845955099815776,-0.3852089286726224,-0.4486349552238333,0.08264379688332812,0.0686640788737626,-0.44438648545105724,-0.1722477271439771,-0.32996769711207635,0.15595809412807146,0.08890798434093676,0.10843372655972634,0.34884002252389096,0.45163954575022114,0.5751240950147024,0.42594214172368233,0.05175021350582145,0.0625718025238785,-0.30033725496714386,-0.0029656133309805552,-0.24265837889311084,0.030790028732217214,0.3076463060785552,0.5101304274299692,0.5167869584525079,0.4211147404484959,0.2144528779054696,-0.14878319276863158,-0.2659579062863213,-0.2564668692584918,0.0665628531650636,-0.07210968224077859,0.13923391141908673,-0.005932072961168144,-0.0006812910280264882,0.1925189354881934,-0.0582153970606533,-0.3087346144522663
-0.5625390828047349,-0.656352197977392,0.03517972540110501,0.04109386998100879,0.5208102566884635,0.5848850964484739,0.1206315998661596,-0.058517950242363226,0.6508123385071041,1.0,0.07078046813196706,-0.0604819145999245,0.08850219092704446,-0.0624028404372675,0.20580297732687544,0.2844458232510472,-0.12056418064612151,-0.2998806530699952,-0.21654923191697348,-0.30672793624906913,0.24531370825090604,-0.02405149088224011,-0.36672908848650015,0.007305626466983511,0.2161154190415138,0.20050024688780962,-0.27607703342486706,-0.21808072299779058,-0.02106587900574932,-0.09148561511816718,-0.21262060563584528,-0.3193254190468459,-0.6519606416879719,-0.4573056214912809,0.5022270708263308,0.5545161573282958,-0.3330455201053705,-0.14865729002473005,-0.20851326393533495,-0.11724408533697278,-0.1493916238754736,-0.28863290855878054,-0.31280760568964155,-0.42285049478153647,-0.11633404279257786,0.021786538605863246,-0.37691674803890934,-0.3613647298771269,0.19453381114243226,-0.21607158183871208,0.25196106153911035,0.1216783716110438,0.08476708756342158,0.02048408029756724,-0.20742088684000481,-0.2770725288376325,-0.431704713705146,-0.5587415406481173,0.37732691328083257,0.2317408353304607,0.3299617694281133,-0.06308360294915641,0.2823172226489696,-0.29741319302226926,0.5028787264904169,0.5263256860944749,0.1971889409823507,0.5374719268216368,-0.21147625983590576,-0.14546479491258682,0.3821190635162188,0.42782008356354095,-0.0830254814192909,-0.07979604316731675,-0.3606429086349916,0.16067311030599754,-0.0759002170712772,0.2634502814606868,-0.36858235973269077,-0.041702849202423814,-0.1972572599740456,-0.32871937228468723,-0.15970539439094047,0.046536922303293496,-0.1627015821105862,0.09632570945453514,-0.4751330385986035,-0.08628185255951597,0.04843188027569391,0.12084469395962756,0.4159739990716799,0.37547402009034686,0.40833209305075024,0.2509060099903148,0.2578788830786141,0.07385044443184029,-0.0856094736924024,0.101918136586401,-0.12876183260487753,0.07488566304294997,0.22177432216243206,0.30451505709829074,0.5141698003400615,0.30403024351135194,0.4203696372042722,0.12143831746603934,-0.13451051806740438,-0.12828319763758492,0.13403580577924612,0.11859694072311454,0.3169811510001326,-0.005065085417258618,-0.2591096298255929,0.09446005517610284,-0.061376602592370606,-0.22005011778954164
0.4628056948956506,0.03157610815245639,0.0028209596277438344,-0.07577850140564431,-0.21615021675401358,-0.5036022876841353,0.3604698229208207,0.25163446852335936,0.11622028748444294,0.07078046813196706,1.0,0.7811115650704715,0.8230414723243328,0.8338779138218909,0.4605778286308857,0.5092756237191326,0.30446044068902367,0.3351467147814859,0.1661318041637827,0.32947757798478683,-0.007269265525118104,-0.12670543407090476,-0.09774993621949805,-0.5159737559192392,-0.47564586084366695,-0.47901608419245545,-0.5439640000192468,-0.2731098774744007,0.5750161389823124,0.360670752778431,0.23756826337398057,0.21760540698287584,0.3266098840035671,0.46176647794793074,-0.34062943011181634,-0.03782950282903635,0.12048026434003609,0.0800600343600003,-0.3130761517086682,-0.15329862232469849,0.1776555122672749,-0.16208703275729572,-0.2951173315816368,-0.24085443837573342,-0.053943577000709064,-0.0517310795331854,-0.28664981173958065,-0.3072285112680092,0.14266610006654146,-0.1035733404737584,-0.4153922108586058,-0.10393094745424324,-0.19662305421130508,0.007128242244987026,-0.21372940662153952,-0.16955216995992287,0.1167288852946522,0.11971006522513855,0.2542768857528463,-0.21470928788896454,0.5195990611478858,0.5160672139383794,0.3542813849224769,0.5718909642962984,0.17379647273492765,0.07617781754758815,-0.36955551366519773,-0.35770431378364614,-0.40813231573129505,-0.14692230486752514,-0.1085428436479581,-0.13819006730964453,0.46645190833551636,0.09080810296849443,0.18075217172117455,0.11808917400381938,0.0929422112894505,-0.2454148476167945,0.1970818159465542,0.14127955521147242,0.22077685359824478,-0.14429377060894544,0.17093833879989853,0.25943293359210834,-0.032380114940238375,-0.19040727050266962,0.025949144052052498,-0.02015309408049549,-0.3530715203167342,-0.2897501610060224,-0.22068618413765903,-0.14861414885086757,-0.06653861678538228,-0.26778573689473123,-0.3223120785221966,-0.48544572413704284,-0.16776649114715653,0.0624885226183585,-0.03598130904318697,-0.11107423111403579,0.07331383098905773,0.1183347191346742,0.02926375153949805,-0.005031233533396077,-0.2713979948013905,-0.38531011441229734,-0.02511816768895061,-0.41121079535337224,-0.1602567394816542,-0.0896053612758455,-0.28767064629261135,-0.11772802254781325,-0.12560774668037172,-0.08421427289983886,-0.45683392459520605,-0.44230355655655823
0.5516251744586622,0.12473844408282718,-0.08696722101503918,0.010836186765379154,-0.38510062544301876,-0.42405565983682375,0.3850654302801792,0.4302009450048356,-0.020229497814448306,-0.0604819145999245,0.7811115650704715,1.0,0.7395286040441136,0.9361542201112805,0.3839589154145714,0.6095253752320797,0.4036285898350561,0.42291818144733456,0.13864001410489232,0.14284599161191455,-0.13763813424333304,-0.06980594939007491,-0.13316401188143923,-0.41642867311713805,-0.30138619018796364,-0.32478712458817144,-0.4229222487101132,-0.12489980535796005,0.508994744683811,0.39831302065504476,0.293172679736248,0.35951111900022376,0.5028830308898947,0.541149935156431,-0.4775426715484912,-0.23975351932432634,0.24466773779888024,0.11856083680558309,-0.18342680959115418,-0.07833112137771878,0.28395563692020365,0.10563186568934112,-0.1644655060816206,-0.06178223212774775,-0.04006159370320427,-0.11100825711508483,-0.16443420142330203,-0.15781643188174566,0.11332331686127627,-0.006445336834927754,-0.35021119398390754,-0.1055231543154651,-0.30423877165860197,-0.12184046145370477,-0.0793685121968099,0.061597627332012204,0.43744892788051903,0.27435038238048837,0.15811961481969428,-0.39915272634282295,0.42555911777316424,0.5721485885863171,-0.03351929836069397,0.47982006670215227,0.03231106177407992,0.09808412829697974,-0.4472690070260684,-0.4927251601217897,-0.37093356164738395,-0.34560620448766805,-0.27416208411538867,-0.2377648033048824,0.547126643073154,0.17847838965568727,0.38603208475940515,0.09941160636764966,-0.057011882853966085,-0.46657298508468215,0.3592039890582545,0.02548637441847037,0.24298993627020488,-0.10101474288672659,-0.24726730152319257,0.1839090198800526,-0.06961611932993403,-0.057360644330405865,0.1245007703629528,0.0914572592723335,-0.30512256078752015,-0.2614279058770337,-0.4763936841512641,-0.3868278413138251,-0.18209180427545218,-0.3803942023316804,-0.20809916924519822,-0.22741344826478127,0.059033780317159994,0.08035233144307474,-0.0781274352738154,-0.09597695411062761,0.03834219802938075,-0.084822448461741,-0.013527566302349128,-0.26635461455038406,-0.2296231602638877,-0.48247426020556744,0.09557284724801983,-0.38836784756768744,-0.08575222329444457,-0.16559714464987807,-0.5230604041680966,-0.2679945003455018,-0.24999171588296987,-0.23135426532870643,-0.41178143579017734,-0.4014714599311953
0.41529775362067306,-0.1771097212462355,0.09381407658578318,-0.06625914401305247,-0.1718792754095797,-0.2973037972367931,0.4921778874504616,0.4151447119513942,0.39493122595146785,0.08850219092704446,0.8230414723243328,0.7395286040441136,1.0,0.8231730554039883,0.664359369059473,0.6766530991085917,0.14048959781627982,0.3603340418165148,0.02045203168184853,0.06887363613997939,0.10356262849115501,-0.0029719458622411454,0.0257660788006142,-0.21519220991315366,-0.15022982298207943,-0.1850348684809933,-0.3907621408923758,-0.01686216447220459,0.517485165622474,0.4988410071054485,0.5020316040096481,0.4917050483991015,0.3359540880712948,0.37814317510097195,-0.1183705353081228,0.15978872533758678,0.15679335427451485,0.2559173064659161,-0.18092056459076236,-0.2283676454173737,0.24919171110203653,-0.024024584522519783,-0.34053310200738873,-0.22167152078706917,-0.2202102107024456,-0.1493831707604538,-0.3909764359046918,-0.39476489731907677,0.14168903439954492,-0.22889525927831725,-0.2922876458120951,-0.19075053671076486,-0.3342216492948038,-0.2710407777142178,-0.09921389680481303,-0.1531789367661061,0.038378751026884816,0.07026506312396397,0.254171319788282,-0.31545563847325925,0.5888985451078065,0.3282879832852592,0.04649314578423474,0.40814380538417466,0.3665357363994284,0.23701397827210532,-0.3233779269582811,-0.22007196630603054,-0.5680381147559918,-0.2992225771689439,-0.013837954507838006,0.12281219410272821,0.4889841900811181,0.22186847188945522,0.2686444070624383,0.15722706662214891,-0.06329548349797094,-0.2635867538301902,0.04854588007455573,0.15373786227274008,-0.056748713756869275,-0.321520266611568,0.031912386656981734,0.12349002074631907,-0.12243177419157697,-0.0993281255564965,0.020514547152105204,0.09301759667235535,-0.09336093746665773,-0.20614574185180046,-0.3478662641813894,-0.19373705189538573,0.036295985223138504,-0.20346420829826026,-0.20977785927240294,-0.3629705352629692,-0.12637413053790325,0.05956753509987741,-0.22524375360816395,-0.22665586638007923,0.0031619226064654535,0.11730862304040675,0.10189428633817829,-0.08199141920531687,-0.287198715180456,-0.5452122359425625,0.06068033264084125,-0.48499066792914447,-0.26706057801124194,-0.14382585700064981,-0.21549638073851657,-0.21755769184965978,-0.1465187794035049,-0.06174869262376386,-0.48011454557306565,-0.45583226413282485
0.5669060569926345,0.0518449626961446,0.02016287550437383,-0.049559379413453244,-0.28822682633623364,-0.44801060470545445,0.4946097285797971,0.4748030684536237,0.08295171693782351,-0.0624028404372675,0.8338779138218909,0.9361542201112805,0.8231730554039883,1.0,0.4251249907948212,0.5582416215250056,0.31042147908151685,0.3641083960432688,0.16004993454489422,0.18631829177658998,-0.07153996370015216,-0.05255317471734422,-0.09049266370182103,-0.41300978918606107,-0.31698464448838093,-0.3335721276301715,-0.38323898990061356,-0.1210157641530411,0.48337212575855437,0.32563814176002465,0.30118252247463617,0.3726871020833509,0.49252088966584967,0.5666200258494696,-0.38981186671044793,-0.14621977266000774,0.14504089447757573,0.03706182923889288,-0.2906059981987509,-0.08533212611347311,0.21703859328760008,-0.012774289220007493,-0.2436761691798151,-0.1331433579074344,-0.09564132529322195,-0.11871616556604087,-0.2336008900745119,-0.25363269419032153,0.0636007697909777,-0.10246458609247505,-0.28112255283500104,-0.1531199050716441,-0.32036180141570425,-0.1385856652622397,-0.208784622725687,-0.06611952832223775,0.37238687530951936,0.2390617162327453,0.07894822805271458,-0.49531395658107424,0.5045388265523764,0.48716679945980923,0.07522587998719471,0.44688888040145003,0.20389662009553103,0.11829375212839745,-0.43450088998608033,-0.41085063491992224,-0.37866777825284087,-0.28676475779797395,-0.21195534896768362,-0.22513305897255828,0.47037344724743996,0.10021443302645391,0.2834026860251333,0.04187154725468951,-0.08842559828112534,-0.45420972239735746,0.2992143754835021,-0.03149502679154395,0.14958411922728543,-0.21595504520015307,-0.13051209776272268,0.17973249359057827,-0.05070059164976593,-0.047882507630172946,0.027048083045481553,0.04609045716206142,-0.2730946098382499,-0.31458843725139524,-0.35940170566822693,-0.2057622631823518,-0.043021173128910156,-0.23510290703320194,-0.3532930878546649,-0.4205648126291087,-0.00012862267860264782,0.00695232407039416,-0.08339428090448184,-0.11904612492167697,0.14078562677885287,0.08248417344819851,0.028698049359515223,-0.09005796735782291,-0.23850541306327389,-0.4992031096450163,0.04635506467593147,-0.43127473994761645,-0.19905901255741995,-0.16840002217031988,-0.4258370282533001,-0.2519021321869743,-0.1831795150526699,-0.047267297172467665,-0.39154261083448555,-0.4890595826961775
0.0013033298351301764,-0.4855417376214867,-0.12010794161965073,-0.30249167039637664,0.10736576373593724,-0.017864379496401395,0.20035810168315452,-0.028097300931231757,0.5446727171662926,0.20580297732687544,0.4605778286308857,0.3839589154145714,0.664359369059473,0.4251249907948212,1.0,0.7974271047679554,-0.044213758080164894,0.09002804294526873,-0.1363255350973989,-0.1400955412355835,0.6392972589445972,0.3478662438907038,0.0022907082651245974,-0.2151832642789679,0.0037854738065191615,-0.07428842198165328,0.002457590088450053,0.29017623396216474,0.6391006115848119,0.6203258426963799,0.5164766190458848,0.33436959194525573,0.06403766770132877,-0.03546169518829882,0.056382314852191674,0.344522460122436,0.11475766268263705,0.49457263823752873,-0.07702470670564858,0.008486406458408445,0.18613767542269108,0.011142499749434534,-0.33215067520708585,-0.19714516997292614,-0.316409702949875,-0.1796268588476104,-0.3787783417048595,-0.41525622289608766,0.2930087281492625,-0.25100758491037223,0.08323067869907548,0.05491502985091919,0.05985401902571245,-0.20226681343275252,-0.09836791411630949,-0.2600552260318469,-0.3236356162653106,-0.2559988448751576,0.34059297734608596,0.008023241021862124,0.28577570251244394,0.28077826948437695,0.06843663285128301,0.3731797598155382,0.5250845459653865,0.3955171929252272,-0.016203988772767453,-0.06023006886541655,-0.35944316425290135,-0.16258793100696392,0.2516419646649332,0.3761921091146054,0.5463946239011046,0.401151799343829,0.329568611252459,0.4414383987428914,0.16335783682992805,0.09073014168794177,-0.08913273464863736,0.42870685562395067,-0.19173914436445347,-0.19607704481129742,0.1761185400355728,0.17531375681607972,0.07768471119337798,0.07207280664351556,0.3071594638111842,0.3027286103288141,0.2201555602232653,0.11160512429036949,-0.2553781392496242,-0.21793391454724295,-0.010983315111612543,-0.27108775848238764,0.23029024421760155,-0.08262318470409977,-0.1413775479742522,0.16827747780727134,-0.4338954733000347,-0.3543498713025009,0.045651567188231476,-0.03267304975523805,0.16892515652316656,-0.09782290560381678,-0.14270388753207564,-0.4242200142369741,-0.13421849401303151,-0.2697242668030832,-0.010929712830594974,-0.08775431822415826,-0.11465917103716734,-0.4004877811681281,-0.2696064857689603,-0.10357185836118869,-0.3684607852448389,-0.2765171073837515
0.11702345887180525,-0.4037321943472569,-0.3233905305070648,-0.25977302031723415,-0.13821068147241433,0.03066985524698396,0.12977935097498577,0.0404015438998239,0.38176771006477295,0.2844458232510472,0.5092756237191326,0.6095253752320797,0.6766530991085917,0.5582416215250056,0.7974271047679554,1.0,0.12453960556717382,0.18556876151261012,-0.2137474171371526,-0.23773658979851534,0.4258666473382503,0.3364523701528113,-0.1973928551593034,-0.2482791947720962,0.1503707412038246,0.06547375996852052,-0.19315681712833527,0.2846076654477263,0.6502632792819003,0.6839674201117184,0.49711287769325,0.38401039357786376,0.17462466413430025,0.02769109686227626,0.03481619126099894,0.2545869473416907,0.30531440828616985,0.5613196209964423,-0.002366443128365177,-0.018063571961617814,0.36039691887185,0.2985340486550972,-0.14714460919038644,-0.01300268792659346,-0.18630153851425324,-0.13233387739965446,-0.20589807088176354,-0.26962421244063417,0.2812690122104954,-0.09748801803785805,-0.04573772124120575,0.02474362864534375,-0.21551024692165996,-0.27221739054963695,0.05238293120392447,-0.005425668595684488,-0.006597692792735894,-0.11260783648004315,0.3846812372246625,-0.10297990238453296,0.34504571795213484,0.34952562134668635,-0.13713354302252234,0.31471963149063914,0.31924632445795703,0.414217938084206,-0.17158538956268982,-0.21278096125152665,-0.3991426063956237,-0.4807366567147145,0.13260581619886103,0.34660523866789633,0.6972463194568925,0.48835875646312826,0.45742752060100905,0.4644155779151935,0.0248303809412827,-0.1021304688751841,0.226481911798399,0.41872462402402927,0.014195396883915912,-0.1140037600025108,-0.17007019282736777,0.13999325582750244,0.03285333611075694,0.1544934427589978,0.3034458115319611,0.34312679297965126,0.11464443452675324,0.08882432291749483,-0.4501285521608722,-0.4047856498745092,-0.12641674218584759,-0.40890021686206024,0.3266762410688182,0.0019147551159644793,0.1320422954051214,0.2521024269281951,-0.27059666157588397,-0.15724914656812006,-0.08072376001470362,-0.17181908465100906,0.13984246571571754,-0.30219102343828314,-0.13387287626725422,-0.5391309342908751,0.14510361859483822,-0.2977049921843915,0.024564838937271165,0.006384123851192797,-0.15390853943991564,-0.39344396395680414,-0.245925135311638,-0.1670351516174429,-0.42739346544998763,-0.29402838700134826
0.24220100533159789,0.17773483864405354,-0.06993710917947571,-0.024190872200431656,-0.22003921299238757,-0.29533930299974565,-0.09049018738549051,0.0637171083861799,-0.18793895441512973,-0.12056418064612151,0.30446044068902367,0.4036285898350561,0.14048959781627982,0.31042147908151685,-0.044213758080164894,0.12453960556717382,1.0,0.7248800154623739,0.11421967901987112,0.14134489072959067,-0.11535688429620991,-0.06253236175398272,0.034376979649592,-0.05477718757947583,-0.22439029159921975,-0.1384336772618313,-0.31751475328194084,-0.22627128241664854,0.5301055350691855,0.3890367197629512,0.18266499776164102,0.22637346863881402,0.12451073804073737,0.03361869623000053,-0.5774227477527356,-0.5877291645604287,0.1707751081243607,0.08140841524084498,-0.23514903612003474,-0.26785688454045026,0.09012448767332759,0.2658391965701135,0.12071329272619481,0.1680184427725256,0.2597382570009073,0.09201920957861641,0.09365662444964884,0.3436593721561735,-0.008398485456638056,0.29957340258666304,-0.24518865267777798,0.05710215196183035,-0.23313329329869484,0.0540734192577564,-0.17565903056466176,0.07000180597554027,0.5878797152481285,0.27685045727364294,-0.28164912139485865,-0.2967944617831807,-0.2552212840073806,-0.023958116016515093,0.19912952784665103,0.11615014145569987,-0.4053793513630898,-0.47372736065888754,-0.4057894398923821,-0.507355368758692,-0.20654831138728869,-0.06589857551074979,0.21471977413098792,0.03366989632257855,0.5416219857206286,0.29563997904489403,0.4250681382004629,0.3137163879486531,0.21342911036589612,-0.10856223087669227,0.48549656903427646,0.2154754805533051,0.7531569846363371,0.4595596299381947,0.09493714964753326,0.3242237715143673,0.04793200542102427,-0.0655018440124038,0.1018235326717795,0.19207127253707654,-0.3355945380424162,-0.3129253317000141,-0.20294703593013905,-0.1281701549569246,-0.3790150481472044,-0.24608354658218554,-0.09352829033578962,-0.11049960475136529,-0.2574951783710707,-0.016454506828525624,0.23441231333641738,0.17753103378463472,-0.15467478572239582,-0.0798941296605931,-0.31495283799881774,-0.3370417985187418,-0.45157999746718286,-0.41361398189760207,0.18989291193816418,-0.10382213536479164,-0.013279576949405373,0.010578618979038097,-0.46136825622750016,0.04564008631198489,0.047979496952748495,-0.3421199524342253,-0.3124779766682402,-0.054258805584626625
