1.0,0.23247448884900096,0.42196906994378014,0.32811217783875735,0.5249490976181348,0.40717106165114514,0.34874380487851464,0.3221091401949211,0.1440185604554444,0.01561123821135766,0.28174395244974576,0.008996907447892843,0.3629241919868276,0.20602447271585483,0.37807424164749504,0.18117450348419567,0.16457726912382178,-0.05976951699537046,0.04910975791081151,0.16969678539460764,0.033915973649759235,-0.12311576221512031,0.39868045992996665,-0.043662684228688305,0.27995046673678253,0.2758019171798048,0.33989571634120236,0.37283518697931933,-0.0822085490291727,-0.21214274725396726,0.07377743038963096,0.11363258845425135,0.09249614707951606,0.35490724380916083,-0.048707661174843195,0.04015453698754258,0.2539996418399029,-0.49640283988337797,0.007412055893708999,-0.12013253614126769,0.01839016283417152,-0.042982891517682226,-0.603054700610835,-0.44132005162006915,-0.443126822152708,-0.21937547357122605,-0.6341593508033702,-0.45346212394490837,-0.030108543929251767,-0.5057642609998707,-0.2546509619675861,-0.5807978094344239,-0.4921378213096981,-0.488735384757432,-0.29548446956995844,-0.6069761050972702,0.4017908463181045,0.29006821838626723,0.4101255147559802,-0.20686814501186107,0.17386252026095356,-0.037307598792065286,-0.01535413581375193,-0.3127762672818618,-0.09070666839056046,-0.2919430458199487,-0.020399698722979205,0.3723597430458074,0.013108701714511851,0.12792708004169429,0.43815333845150845,0.20493598945484867,0.2223870291310027,0.08395591588321336,0.2098748481996014,0.46701271071539585,0.3294697078021831,0.31941829629230356,0.2713873821160217,0.15149943068588334,0.1155398716735676,-0.3268980369587537,0.23847223821123772,0.03030693776974947,0.06398682204540163,-0.4910450991345996,0.21915494855061113,0.18369236293450283,0.32273804485518076,-0.5882524326825345,-0.19867702371319962,-0.028170947258149094,0.12746098950495066,0.03373196934388608,-0.48769349839680537,-0.47400544124551586,-0.32485003283978736,-0.52086992538805,-0.27568775515683486,-0.5179529928071807,-0.029246872623385465,0.17919667589228092,-0.03696039509066157,0.08813502245987626,-0.09454075552987541,-0.2135646326975964,0.051010412311111926,-0.2415272505530979,-0.3044253286036999,-0.2619039421374748,0.21843461483357735,-0.5089982859194492,-0.5274700631828211,-0.32823690725231613,-0.34604452009071235,-0.45043330122770364
0.23247448884900096,1.0,-0.3312559370593406,0.12549482019368174,0.09194693495146065,-0.008728219762941521,-0.5300356310044083,0.0026970464754180142,-0.4995868314045229,-0.48149335708672264,-0.38453761242571627,0.3536624481495052,-0.183015330735973,0.1453211767613114,-0.44290411477871267,-0.1755834131651673,-0.2875872885976169,-0.11927764195678753,-0.33309980677732887,0.4940298207617772,0.0035742532467801275,0.20137569137175354,-0.004661868024067045,0.08325660858991925,-0.12847896039249834,-0.005388308043310302,0.16756322898157977,0.05507112255855769,-0.46216061655677826,-0.11884931868560777,-0.48064573666401694,-0.4112076304262119,0.3419339853165616,0.5607400166508565,0.13161228451518636,0.1669963622845233,0.20224704079627495,-0.03129628742543864,0.4748617386030572,0.5082324894540886,0.4702378022350613,0.33263249722293026,-0.19291469658915827,-0.15142596447560708,-0.45279041837444267,-0.32972874623537846,-0.06993140572029505,-0.03233036755198097,0.012846201279288316,-0.29048480457978526,-0.0552823140981841,-0.07491169153715227,0.2808752547612912,-0.14096365477765185,0.1423190691865018,0.07814716876332056,0.7565055745210646,0.7730526906146699,0.09086701404606888,0.3451494863689865,0.07890081677487447,0.4791067808429849,-0.4422705776389929,0.24827489010881584,-0.2538308309511073,0.13666732223287215,0.17156488131727324,0.2116155828092853,0.6711674278574713,0.69637568678281,-0.28568787402650864,-0.12479774260296304,-0.3422698905491197,-0.0392356844127346,-0.07858610096754717,0.17854772932273086,0.2426576422197145,0.49538302718639055,-0.2503422035507241,0.17258896664028126,-0.16958694908330288,-0.0614813468802931,-0.07831919850247604,-0.21109716685558982,-0.07972888530081393,-0.10712218617714034,-0.11077192130171694,0.12164836577010794,0.13444869877862148,0.07612070525823005,-0.4000000292816071,-0.5120286622661456,0.08979025975438737,-0.2772789957822925,0.04752684496069421,-0.1859062638325447,0.08770368579928825,-0.09564850830161321,0.18633454694329674,-0.0862532371534418,0.22499859558986485,-0.014725578562095594,0.21322671224598327,-0.39031580872609134,-0.09339666350371477,-0.14704112455134996,-0.2949577271367607,-0.2463589691844275,-0.2977720429372483,-0.2208519918335174,0.016087244693430234,-0.03554561180690756,0.2464649457622842,0.06598533401017742,0.196403460747008,0.21369140540834602
0.42196906994378014,-0.3312559370593406,1.0,0.5303920972249994,0.6848761119082443,0.4844238093434021,0.8554127418869881,0.6069695201559898,0.6712290006254288,0.5701998303318694,0.5253211965950142,-0.05670322550782695,0.5202016292039628,0.4076752004538284,0.6723347482246956,0.5955229712600963,0.20030859196592488,0.06203324284569239,0.25531150829747284,-0.41205774504422726,0.14814903788950753,-0.057804223585481734,0.6182345607404226,-0.2051636439152275,0.39131101860666406,0.3770665999497316,0.26065902564734517,0.30875133204348915,0.26040193594595673,-0.0794764432399091,0.6089728020733123,0.6306213461337156,-0.35913135498980975,-0.1408103191422855,-0.12681977637381936,-0.1492028042979154,-0.1326360431132341,-0.36721670762035646,-0.4956681616582685,-0.45527425352552653,-0.24017017570678006,-0.2750897326063793,-0.4825273290053874,-0.46739170746354614,-0.21867977074628603,-0.18596487181534258,-0.5650669036420959,-0.49195470968665334,0.020346712381415263,-0.18568148246156635,-0.2188554209751925,-0.3282602638231651,-0.4292722036749416,-0.32635936826313533,-0.5127116909780881,-0.6255570319515725,-0.28427065068382285,-0.2707327743828664,0.24086024467665257,-0.26437551954971744,0.3369647669830942,0.15729966554215424,0.052188592919420525,-0.529388754662164,0.3703798930660352,-0.13276741944639303,-0.3255777155115945,-0.08087073649067952,-0.5483650486153521,-0.40379838109063687,0.47207496860197057,0.4163160605900373,0.28728132217112007,0.034169164620435996,0.10890213214897776,0.29075184381302804,0.027362421508185544,-0.14952223075735935,0.28867755226087455,-0.1543877760866846,-0.1864324851148926,-0.3124782979423745,0.32649563968038003,0.4237101924174185,-0.06315878733264099,-0.645458607173011,-0.058368746106825305,-0.1429480610545578,0.2707923125403469,-0.5874331228501303,0.014689520989800735,0.24964761918727782,0.29516111190997085,0.1761607655133678,-0.34151178328628445,-0.5007030723667716,-0.36826232901055017,-0.6605004234222884,-0.5646585288899078,-0.46421969380596806,-0.018559170515943767,0.27833952870344225,0.07617894821248139,0.31048400644836677,-0.2873558694102498,-0.16694191864980715,0.16981677908930173,0.0016877963074241424,-0.15399624882599539,-0.3438740533332132,-0.1548821376590452,-0.39650214205781614,-0.48667474639119834,-0.3266395810571438,-0.39411354365545204,-0.4139575815367532
0.32811217783875735,0.12549482019368174,0.5303920972249994,1.0,0.4607196245625891,0.49782121141440094,0.4369262089959856,0.7779920336352742,0.14009637547764295,0.30744902236027677,0.23764070794566944,0.20945457047483304,0.29971092789367865,0.31327313143134183,0.4403725446440975,0.39642676583150993,0.05978261561374356,-0.1296145852113885,0.34968401895242535,0.23589671892667227,0.21798971267517814,0.1770213616246198,0.47705079996703326,0.26586195733939616,0.20404305079171434,0.23972496306356061,0.3778481078784377,0.39968947216587525,0.13915891348807247,-0.3001876462368965,0.3632708011142408,0.4435766502536728,-0.07936247855273101,0.04474664069306831,-0.3535944710947644,-0.2576323308577158,-0.04828447864469544,-0.3547198587412846,-0.14561704764261235,-0.20405521315319033,0.09413241404404223,-0.14051874262114758,-0.6037755050748714,-0.5925520764040351,-0.45944233515122895,-0.4010614584619473,-0.6455094508213189,-0.6320014109468958,-0.2122147847210289,-0.4082022230153281,-0.2924236925077787,-0.377486050184683,-0.26791758715878483,-0.4725859052785175,-0.29631890198024485,-0.5621259474193467,0.018145759597289982,0.21478364405061393,0.07824245841418709,0.006927373335158412,0.14090101971433194,-0.014630836156651346,-0.14424269781240773,-0.40107949441757695,-0.06463739777558873,-0.3124810779582819,-0.15045607340996234,0.03778769106828671,0.05941303571728386,0.10348040602125451,0.5703526582732392,0.5605695874605279,0.1403983030749596,0.16892734718850155,0.08363395630118683,0.23271725557221967,0.05277880438963131,0.15469823092167653,0.027449071202473457,-0.3696467135255553,-0.13695564506423885,-0.6392072810414338,0.30058277724218796,0.36991134439394713,0.021654891514909454,-0.5023174761485478,-0.08480558369437019,-0.39889212488357206,0.4051025857462769,-0.4079848045430659,-0.026487906460526543,-0.13712012165729087,0.48262084593163124,-0.24807715905005467,-0.17636401028075888,-0.6978374973079603,-0.45155199086461206,-0.6443526902854206,-0.4701270482858491,-0.49634319150235573,0.19342215997809808,0.4277001310851074,0.37199702200277274,0.3060208368997655,0.11586435679460415,-0.36053403498155334,0.4006119213566315,-0.16149210046512438,-0.2635070711562028,-0.4299177705563978,-0.47072791536091063,-0.36108487183263815,-0.42802277510433123,-0.35579405299697975,-0.2152697188230372,-0.26854469635416334
0.5249490976181348,0.09194693495146065,0.6848761119082443,0.4607196245625891,1.0,0.5200361373343889,0.5862232047511967,0.5906197215959069,0.526054156578949,0.41270464001752827,0.47209454030638887,0.009883966292081488,0.6219962444482138,0.5790688253785825,0.6108725231433849,0.6390585280952095,0.26243214474693066,0.061732382223810785,-0.17050991442602786,-0.2409446106882958,0.19184270712632676,-0.02986483517188767,0.6792293113624244,0.09511897448044677,0.5890167689863604,0.5150018844805161,0.5132689226826223,0.4318345393241834,0.1662912649449906,0.07309632367383051,0.46830117395146453,0.5387406514932661,-0.3900085178164173,0.042264404083107235,-0.16127637359055025,0.022816995655540302,-0.029496014462942293,-0.43845847235885294,-0.3162338054180002,-0.4002606393756362,-0.008857327043301468,0.10463608510106068,-0.750533233178635,-0.7100170309817028,-0.4737425392349514,-0.1355780713759728,-0.7549780404782627,-0.6768090038539226,0.42401486666848126,-0.12094778666100398,-0.1954630849674302,-0.19701512294904644,-0.3534438073060846,-0.4036051188140953,-0.5734704439217275,-0.6665275187822886,0.001886665448638927,-0.05879790420245127,0.09859994981062493,-0.12995385689327532,0.12921006653484043,0.3551172440239333,-0.22454332928568155,-0.46906389937514326,-0.05897184068548563,-0.06621554779243544,-0.36075048061228165,0.008027569648545563,-0.28444480231634667,-0.25108015106202713,0.4044389148639016,0.5358595869930637,0.26855345272563264,0.237760082071827,0.2509648013722054,0.6151878709128943,0.21066109103400477,0.21170350736070348,0.17094998265445968,0.0462768612769181,-0.1547751023681871,-0.2203100516003468,0.2139514089886539,0.15970472383400267,-0.41493091787804504,-0.690902725268926,0.12294775134881002,0.11187644140732315,0.21752460040208796,-0.5638722669009767,-0.19492349707793943,-0.029632340601612402,0.11644561217684014,0.17834497528458684,-0.3710918186903062,-0.5157781144330472,-0.5262008751236112,-0.6984205424300115,-0.6780264192544175,-0.67991322795916,0.02692324480884572,0.46901180799397674,0.14452779946625213,0.2003924656880347,-0.15240267580437364,-0.09144280919625886,0.12682232381168626,-0.08532401493470128,-0.30005374142282537,-0.4517122728684095,-0.1618711458665815,-0.5100615603866591,-0.4234945238154271,-0.3310334057395687,-0.3517497840949444,-0.44780660301208824
0.40717106165114514,-0.008728219762941521,0.4844238093434021,0.49782121141440094,0.5200361373343889,1.0,0.4427743029829619,0.5555852321947184,0.4631566473817331,0.5771924243893353,0.034893063987616886,-0.22574213880717917,0.1202773748263338,0.1805440049300222,0.5103666359687716,0.44639846146256823,0.1913187539372863,-0.23717379639877909,0.1025867514541658,-0.02284274739887761,0.3954320321030909,0.286376626169222,0.3762553084910337,0.33532704884046727,0.3197871060511019,0.6771825814778376,0.8252376166276602,0.8133354025613945,-0.026133251125080935,-0.3221757954435994,0.5251866964614694,0.45571129437449553,-0.11983455809740062,0.024025527040997887,0.03648521802740189,0.12019586997023785,0.22460865460595772,-0.2522877100956415,0.2108325278539308,-0.12232166727818967,0.09830554770964806,-0.13666574657346067,-0.5943780177014152,-0.5846401806953113,-0.5847375326796169,-0.3083488127256226,-0.6332823255870624,-0.49613295071737296,-0.17224150234005176,-0.48740933301547745,-0.4213906402516626,-0.5079491178874083,-0.6055789960607624,-0.7490478239359263,-0.2514132412993352,-0.4733282463420191,-0.023201858453399803,-0.1454643769309283,0.40713541625551297,0.03900401714917956,0.12307612210417247,0.056715455797321006,-0.00580322683033326,-0.22445281042565254,0.14122988950157747,-0.1482254202503204,-0.11078083077073814,0.2516534816562181,-0.14682242562445436,-0.28586724658048307,0.5140122859744948,0.42596258720595265,0.2748925929423836,0.19026880578386665,0.3361909517165298,0.43557889005967454,0.35300972897770644,0.23236645270534947,0.30316651440613707,-0.3150447172888927,-0.046965077869227996,-0.6198748006652042,0.3389361124441586,-0.11090867265220203,-0.1391264474519348,-0.6958794450621253,0.39672684164336125,0.0925154779059317,0.716341649960546,-0.30653473714545665,-0.09320641806902141,-0.043575109835130015,0.1843262481549002,0.20480141242858663,-0.42213537283440933,-0.42042372180011145,-0.2543013233872308,-0.5351286979559686,-0.5702420967338658,-0.5080912269330136,-0.041276732284379856,0.24409404256516382,-0.060770617759381015,0.18313399707957934,-0.19134170962593997,-0.2769722534386364,0.20947908050895192,-0.0920225552267407,-0.22209275940735845,-0.4073647198913026,-0.17989831056455835,-0.6746780726938502,-0.6313491814536664,-0.6959427877869567,-0.4086400077294055,-0.5622153055635305
0.34874380487851464,-0.5300356310044083,0.8554127418869881,0.4369262089959856,0.5862232047511967,0.4427743029829619,1.0,0.6834220057553644,0.7452017406969572,0.7272330955945471,0.6690346279000117,-0.0063553958544735325,0.6114908223526206,0.4572716622352416,0.7732302426627156,0.6133079128365809,0.43691240983783547,0.13596669378030196,0.18700327792058452,-0.5457081269624833,0.19440497783259372,-0.20089308372106282,0.589329661534839,-0.006068437156286273,0.4743932448582365,0.25738541306656965,0.1346619090426344,0.17289978136269388,0.39621377170395816,0.1568426961348353,0.7455376924610839,0.7278134294743758,-0.3172559852981411,-0.22624441594458228,-0.3845177102538339,-0.2982975272873024,-0.13022067876312202,-0.4317965405433332,-0.579132004869509,-0.670752488414973,-0.15748381705049014,-0.347251243296362,-0.47362361549125626,-0.44761707375336385,-0.06400955219107013,-0.0496422220332475,-0.5680229530400952,-0.47768862563927994,0.0701472485661275,-0.00038610286472981324,-0.31504256960455396,-0.27513539534824066,-0.5729981613365825,-0.30683097413102745,-0.5928402075533408,-0.6709601358227245,-0.4084565771194902,-0.50451232828911,0.07369579293688623,-0.39039596851087843,0.16075402514895393,-0.011937050847556191,0.16243165220867029,-0.4258417597982266,0.30442161793053946,-0.13276508076636817,-0.47635368983488297,-0.17791958795819413,-0.6708508100467071,-0.6252597897184013,0.6143306251592972,0.5213905029453872,0.5225524315903884,0.39003939945030164,0.4081645053370691,0.4242699505610429,0.1904900552359664,-0.27208052972644087,0.37858500928682576,-0.09048814679035294,-0.08467337369164568,-0.21565319373607014,0.261098091192246,0.3913750069787743,-0.1421629010964047,-0.5110804402822124,-0.09742161800169478,-0.1125982077092278,0.16332948179934598,-0.5880496707553289,0.014220227015404143,0.1867738965663461,0.2111868158190725,0.15433111434838853,-0.45078493744697934,-0.344174788912061,-0.424985344582548,-0.6251982050457933,-0.5848698597599361,-0.5310438615281305,-0.1909228390590386,0.26519849369138937,-0.09621254815647605,0.35189859866885226,-0.11243116203492444,0.025408455785861303,0.3348349095704691,0.08273204360214308,-0.030242915762920146,-0.33886958437014686,-0.32389506395993806,-0.45542489657853324,-0.6350686542196597,-0.2569585763088759,-0.3031938118555145,-0.39650454538821234
0.3221091401949211,0.0026970464754180142,0.6069695201559898,0.7779920336352742,0.5906197215959069,0.5555852321947184,0.6834220057553644,1.0,0.2890679156302545,0.5968613272513826,0.3801221843826605,0.2966306278206923,0.5270745462292549,0.5742753399254501,0.47984004644250594,0.5382026622649795,0.18700576198639823,-0.21419048229858226,0.15980233690618198,-0.14190742275278748,0.14790738974549134,-0.06865500094340063,0.4907130720983553,0.25098558279070826,0.31643218049638505,0.20695822777192305,0.27610798216751736,0.22948632035015853,0.1587071354623097,-0.09541082867234851,0.5160351061586893,0.5844567074971041,-0.1935163486107184,-0.05258353994765972,-0.43405287854817387,-0.17273286206483265,-0.01908417392506204,-0.4442620179661147,-0.2764868554836903,-0.35800533722566996,0.22548410273483413,-0.2776284894779459,-0.6120783209201515,-0.5746706940499806,-0.3649957240940933,-0.3166113253442255,-0.6322995493414817,-0.546102761658142,-0.02915865206162229,-0.2983959222021568,-0.42368205895292366,-0.3566932095776576,-0.37074553968167245,-0.48139229811915535,-0.3755390306319905,-0.594164581850456,-0.14971851587893642,-0.1649949623881123,0.022089513755219305,-0.14538961375387416,0.27427937702186395,0.24022635412155896,-0.03463340629638359,-0.2616100802230402,0.10908330256079679,-0.023092713217068527,-0.3893815303204092,0.05266865156016177,-0.25528862221624266,-0.2211403412426169,0.5370880131529923,0.5197147397342882,0.2777995247032526,0.37155062991975174,0.3030222720080402,0.48351182282419775,0.2946699768191078,-0.0009154525307684627,0.1196601256480824,-0.34927703991290254,-0.28961469821134034,-0.5521325403190365,0.16528346351743228,0.3154171750460394,-0.2564645088688379,-0.58285141620384,-0.23203400437380503,-0.3449726753233039,0.3409903592167646,-0.4358297622976583,-0.04187147502435181,-0.10509902277479766,0.5572802581421932,-0.11030012942732068,-0.4595993128058832,-0.5600613791098068,-0.4548336520833349,-0.7218933814595017,-0.4951158979787908,-0.678749490859491,0.15257002874182368,0.4116181757646714,0.2783766704452388,0.23703856635417014,0.02337372697345857,-0.3229193959971501,0.40968725933130457,-0.11647230074375858,-0.1974449545088327,-0.48964549520996853,-0.5172780878244074,-0.4117512668625447,-0.5539354355728615,-0.34502677687033045,-0.2536943825109392,-0.35298771928980893
0.1440185604554444,-0.4995868314045229,0.6712290006254288,0.14009637547764295,0.526054156578949,0.4631566473817331,0.7452017406969572,0.2890679156302545,1.0,0.7613190097537895,0.4676041868641115,-0.16571545319445422,0.380405171622048,0.38789741236351977,0.7490214278496552,0.739408760728713,0.3899277305388923,0.2823076344753049,-0.10922893922249481,-0.5211495602560501,0.4341611817787399,0.11601457501188057,0.586613011380287,0.056529276328761584,0.5181876711432861,0.5217361188602899,0.3062985811350445,0.3590659438266127,0.3281745324469411,0.23571008148178277,0.7424388233623435,0.655668853127839,-0.4472685749466849,-0.2125322245740412,-0.09113942554687886,-0.13339481828459018,2.103346596021823e-05,-0.148273445832081,-0.3792270689203985,-0.5118098439397475,-0.1644526685600905,0.010403491184451958,-0.44061850369758454,-0.5328096247048759,-0.039812518378488294,0.09136903411983364,-0.4453573199338639,-0.5395201254167947,0.05711646557547536,0.165918274940613,-0.1687308849681905,-0.11992920254916878,-0.5268607952163211,-0.21838488165855688,-0.4509004776533751,-0.44725327264904635,-0.3308640858741979,-0.5514375151674591,0.007720671452759766,-0.4216834359240793,-0.14194097889201382,-0.05515127220056251,-0.0816485835449688,-0.4746004241573531,0.3912149778847701,0.05774434024856115,-0.58910058059757,-0.24299177279553066,-0.5210012264835239,-0.6179844072403935,0.46529111307942,0.4489678723353115,0.38402616998050215,0.2815591214667606,0.3692402915508554,0.36533646925170504,0.1255450316122085,-0.2549546577379277,0.40546272481042633,0.04330934796177035,0.03494211269079818,0.001292818471870386,0.28549886610843994,0.2866610856701395,-0.03987854020265763,-0.3759780942338752,0.11986947537393791,0.20947991252409848,0.28155382003096924,-0.2700595473063192,-0.13471420575471635,0.0962269703360825,-0.08998017904052766,0.31538857300761836,-0.39639229215519933,-0.10663583138248478,-0.23962257233095166,-0.4012581775621787,-0.6449648972881219,-0.3173010106512809,-0.2948052802665225,0.07517331321709658,-0.1939707252831366,0.1499421091748668,-0.2678536284764235,0.20932763140456506,0.16771997876821607,0.27259001341743855,0.0994147947149507,-0.38098336539052846,-0.21356803288495035,-0.5489962010448489,-0.4191421848661923,-0.18714863800455447,-0.09607775222318636,-0.2159379952017722
0.01561123821135766,-0.48149335708672264,0.5701998303318694,0.30744902236027677,0.41270464001752827,0.5771924243893353,0.7272330955945471,0.5968613272513826,0.7613190097537895,1.0,0.42727599760633284,0.036990784737688215,0.37917214749756506,0.5000837314588835,0.6895372260976405,0.7691635250259399,0.3685646885563007,0.02900205315515889,-0.10668739162386368,-0.46743470465047515,0.28652083915243415,0.04736662652775351,0.46570557610167,0.1955802689183377,0.45750369108527694,0.5049032546707243,0.2934196681517819,0.3705015529880548,0.30948803908158923,0.16497549597176317,0.7318828670270222,0.6696630980931563,-0.5347694968330381,-0.40495764440432036,-0.23737498606954577,-0.07334074475573565,0.12001966608751076,-0.055060914866250664,-0.29761633120276515,-0.5392413872734952,-0.020470499074549335,-0.06386886329754886,-0.4542824198224562,-0.488396990989802,-0.12147884007910643,-0.040171095922989064,-0.4612850530852645,-0.42712837563063083,-0.06349647009914311,0.058810334400778416,-0.26223720291712144,-0.14559137314366213,-0.4619043155785155,-0.3074237925756004,-0.3480072602330789,-0.3398611728511001,-0.45540646771238485,-0.6332232302554597,-0.1218532151762551,-0.41693234133051904,-0.048764862215171144,0.030855577144357448,-0.046671462882233214,-0.3240284678854258,0.3722996549025333,0.14860870145145533,-0.6964409715516147,-0.10669521616395823,-0.5835234517282527,-0.6692976274194032,0.5304462365904193,0.44292460867603495,0.3688800340911807,0.3631281062992678,0.3819337539016297,0.480670546181962,0.2978879932382518,-0.24221773523421555,0.1807368280537547,-0.21606150176561364,-0.07784899331912416,-0.1871950735724939,0.19997605480988417,0.36225842960591814,-0.1292611802402247,-0.3640616683243023,0.04300407492728889,0.021084132803736225,0.416725868482206,-0.039913997406823554,-0.03531276263144142,0.019811468537154982,0.25253014898927667,0.26772771068876566,-0.46957941396961284,-0.08374368041078303,-0.23815514309515434,-0.3970893879991538,-0.5368406156725096,-0.3637461910969921,-0.0027732946221693494,0.2437630354994894,0.020460598561688137,0.1386342255373385,-0.18713309243999532,-0.07246563270124909,0.25480714426105644,0.12312812583562543,0.04151185645445766,-0.4143196899957839,-0.44805060801438007,-0.4246031645332062,-0.45140891356292484,-0.3399029702347396,-0.13267695720398526,-0.24164462169232165
0.28174395244974576,-0.38453761242571627,0.5253211965950142,0.23764070794566944,0.47209454030638887,0.034893063987616886,0.6690346279000117,0.3801221843826605,0.4676041868641115,0.42727599760633284,1.0,0.28449853638091444,0.8869632246444542,0.6007724296501392,0.7523365501050003,0.5881552231381535,0.6269408681938374,0.39016183305488694,-0.08783949101040206,-0.5134751108117979,0.06752794980783773,-0.2033372991547774,0.6924339693298817,-0.007916500550174031,0.5426192901377134,0.23647314958572307,-0.0965568982105138,-0.013787977471786542,0.7772976275226069,0.4855755477101781,0.6134374857583781,0.7095321011136083,-0.2482133721808133,-0.05271091483277673,-0.4880647076866218,-0.4815743358430042,-0.23839307875072466,-0.4350599130107655,-0.49881930082347387,-0.7761894968004485,-0.057338785405948375,0.0496188112052047,-0.3444656248245949,-0.23171543331681954,0.015303149348376574,0.12312075153961252,-0.5187067752948039,-0.35928056995453456,0.21632385629911155,0.18939644708779446,-0.1507549809044386,-0.13624901470831424,-0.47938648968147934,-0.02762257255454831,-0.6381933588269062,-0.6441361096895837,-0.2516336296016653,-0.35305146878704013,-0.2947370421926538,-0.5573575361167024,-0.010647551961998904,-0.11710165984622756,0.20060483025096792,-0.4149275655292896,0.040771456237314076,-0.21192298507855506,-0.5325564232935436,-0.4199407311853984,-0.5174417221392522,-0.4132956418053075,0.5492036720375715,0.5913548201399554,0.7240762551042075,0.45871783071913164,0.39464262143015516,0.5310517351667083,0.10286280575678236,-0.23600556182982346,0.19428344705777753,0.11175552455342497,0.23546521755571923,0.00017890375521929599,0.240727126981074,0.3834583529505269,0.03764462587721434,-0.21695351090800147,-0.1195042938528107,0.045468317460837064,-0.1766337112343696,-0.5603059371184805,-0.25652302949376493,0.05105293565725759,0.020814670639183058,-0.04865377269921057,-0.3827438621406753,-0.09649269356151165,-0.5244979939700305,-0.46029127470435577,-0.5236121418884802,-0.4172234994352076,-0.23451200504109243,0.31352772307802207,-0.185846339170042,0.3017976666102548,-0.04729645574204654,0.13484779992987478,0.12871163429443605,-0.1523207636426047,-0.26948895622650093,-0.38281091489088265,-0.3357308692161126,-0.23209117306696964,-0.34079876019904054,-0.09435703690914422,-0.12363425016212629,-0.14685932719160727
0.008996907447892843,0.3536624481495052,-0.05670322550782695,0.20945457047483304,0.009883966292081488,-0.22574213880717917,-0.0063553958544735325,0.2966306278206923,-0.16571545319445422,0.036990784737688215,0.28449853638091444,1.0,0.30763855634053877,0.6106450194482235,-0.027775659495395972,0.2305698946744914,0.07290487331567617,0.16008626581842408,-0.28150556880685573,0.01516024372566326,-0.07129272847663527,-0.2529599136174897,0.26407481840523617,0.12648966183932833,-0.10810744368409393,-0.1079976377756228,-0.32854474863330096,-0.2660847701359922,0.1259935682666297,0.4039852302898775,-0.044223644598715584,0.09426802886328128,0.28910090132598676,0.3678280344175657,-0.35142202937200223,-0.3182385371552031,0.005902254887846179,-0.03822486262828285,-0.02902673267628151,-0.06040195002414679,0.40888787061797144,0.04516617993027852,-0.05891823639793114,0.039675290217530516,-0.1213974055107977,-0.05859712249022852,-0.025914487075329794,0.004681019193075965,-0.06950562822477294,-0.08806123218311349,-0.38114421573991875,-0.07868578639910971,-0.1119327509943037,0.05025358031837898,-0.12307978307219039,-0.10034554274920099,0.22417031492741765,0.11670927530288003,-0.5333778352817053,-0.33711927649139545,0.024573085818144016,0.2949612467983085,-0.2588227798028058,0.042753737531913714,0.0774329582509066,0.3847004794505437,-0.40139853222091393,-0.22105707366823515,0.23809348578638562,0.09433908529095475,0.04588774731732756,-0.1268221184783286,0.12370637685568332,0.3914865002646173,0.20460048188039542,0.3626990927387839,0.1795271729913304,-0.11985029441215195,-0.08530497105563827,0.06924297450065131,-0.2017376198301777,-0.04740183314691881,-0.27103544282676945,0.2832671448452349,0.02193370157394146,0.22961877539861233,-0.4883072396694252,-0.015993210249949052,-0.1630990075771589,0.032491844122021496,-0.4883585890900439,-0.35726323233747453,0.3164136471951626,-0.46375693626474207,-0.19502623003053512,-0.0075050141962397085,-0.05255657435659929,-0.22873586030783435,0.03595853666771699,-0.1248545356312309,0.07402779233555047,0.1487756202000854,0.09439467940876725,-0.032544787993496395,0.053092038463492114,-0.047379844090854085,-0.07580918921679461,-0.3425588745027622,-0.1882840792947499,-0.3088127899983055,-0.4415552440798457,0.17941784003241582,0.07852056075235456,0.15514680341034884,0.41565299434802516,0.3104873357194909
0.3629241919868276,-0.183015330735973,0.5202016292039628,0.29971092789367865,0.6219962444482138,0.1202773748263338,0.6114908223526206,0.5270745462292549,0.380405171622048,0.37917214749756506,0.8869632246444542,0.30763855634053877,1.0,0.6937112208380299,0.6806224841000361,0.6360194170202824,0.5022263472354633,0.13853147767947951,-0.11450039085940959,-0.46364346134962403,0.10114790488266825,-0.16109588595886645,0.7049712803005911,-0.04093606187063695,0.5808803629988755,0.27467053205925984,-0.05748993043923206,0.01578728889068218,0.6730844749635353,0.3515378468829268,0.556578606595283,0.6783239918678,-0.26424673187440795,0.09050657217145545,-0.3888775844446704,-0.29370471072021215,-0.26296078625357167,-0.5286732224906542,-0.45025488700355104,-0.6854426141861245,0.14534153722910173,0.0977632222234673,-0.43666857195750786,-0.3156653632922987,-0.10811201124348276,0.09003501607546491,-0.5962322162356097,-0.4675119767445577,0.2712783503811085,0.04985783200452956,-0.16128409890710427,-0.17814980446424294,-0.4443493787070324,-0.06629908470323861,-0.6101249307862942,-0.7185167491480956,-0.22792123613256843,-0.3249786176391442,-0.20317772795688716,-0.4717998564637494,0.034946411094857646,0.03582571837507711,0.10325194848763636,-0.49948652466394916,-0.004793291701029985,-0.0815347491261125,-0.4921111812051437,-0.2246186264448452,-0.4273514974478541,-0.29755596849744004,0.49005517399555665,0.6025317582959651,0.617526043025167,0.42974249426981354,0.3393857126429388,0.6116092986744242,0.17518226127180245,-0.04354944246108227,0.09582818123144482,0.0570748785426124,0.12497490211005838,-0.07825124902228242,0.2746552088839935,0.30773703905819105,-0.09460156023441349,-0.32271831610902796,-0.1755206780190755,0.022870012671292708,-0.10974301304734958,-0.5895537164804384,-0.27498226000656234,0.0226892269371163,0.18138543064484622,-0.057278567513293625,-0.5067924285040045,-0.24066803569664844,-0.6250456247907467,-0.5444076341458574,-0.5585566979774209,-0.5454236125574311,-0.18972875649233645,0.3765354961460616,-0.10563761988044748,0.2564000128309907,-0.10014542612230959,-0.0013571805001665839,0.08639696835019628,-0.2534010154655938,-0.3963151179381748,-0.492989388286059,-0.24005126670885168,-0.2654425419714331,-0.3197514353060344,-0.1495913334713027,-0.19559447955867096,-0.28942808954281896
0.20602447271585483,0.1453211767613114,0.4076752004538284,0.31327313143134183,0.5790688253785825,0.1805440049300222,0.4572716622352416,0.5742753399254501,0.38789741236351977,0.5000837314588835,0.6007724296501392,0.6106450194482235,0.6937112208380299,1.0,0.4662282461374069,0.7513562018076589,0.344247535191252,0.22961634293547964,-0.49158222206898744,-0.4117538270860846,0.01125556626670713,-0.19633612262461675,0.6706165471273531,0.019539958739794753,0.46660975495317686,0.3506113441877548,0.08527514486886165,0.0882514381697982,0.36072481608545187,0.4088435912011063,0.3840141247737959,0.46048265606422994,-0.26793108548976513,0.05471135156838338,-0.2798349381371753,-0.14944201800483925,0.19213068498642605,-0.13625594331175636,-0.1294169952336231,-0.41813472027940585,0.4069518406896926,0.19769684599017256,-0.4941994756361462,-0.42026846815302876,-0.354611901175068,-0.15707590186425918,-0.49251195211794424,-0.40295204260342987,0.10653053286391732,-0.02255496690309363,-0.1948435823760876,-0.18359703298842675,-0.3272484520767729,-0.17819687820034352,-0.3702540976180978,-0.42302888339004074,0.04840115665836071,-0.20970313062539683,-0.3783544779690521,-0.49063175411915816,0.04559156384309905,0.4330336546299718,-0.36183086579144136,-0.30438255967182143,0.2650005685880835,0.4009447448924928,-0.6859115078628407,-0.18702046775884623,-0.15767300437917817,-0.21829040656763585,0.22037679023220608,0.3466826046309749,0.35766870026658526,0.4375700842942323,0.4087551154681266,0.7364464582223301,0.35219299123800446,-0.10556638521976555,0.10577460546582318,0.15165974905141796,-0.10404288282035064,-0.07689304012882332,-0.0563262793782754,0.31030514914427304,-0.09790418982963146,-0.2979075856755735,-0.2679248769337487,0.2185100458845845,0.10589893801017648,-0.20408513249033647,-0.5324914358196514,-0.39735588089958057,0.26021965158790455,-0.1339850229683767,-0.5215903889442909,-0.201620173407624,-0.2564143837371262,-0.5512706334394335,-0.41132704516166746,-0.5088602029717074,0.04638374989666959,0.21810084404778002,0.05776027812393278,-0.14961913019184375,-0.23803270338364826,0.0647129634019277,-0.12599422607442015,-0.2221273203593047,-0.2514898029266205,-0.5545882418702445,-0.42116248042709675,-0.21224560473956186,-0.2108442828025731,-0.03984541198409268,0.08479647355176814,0.08331649889701166
0.37807424164749504,-0.44290411477871267,0.6723347482246956,0.4403725446440975,0.6108725231433849,0.5103666359687716,0.7732302426627156,0.47984004644250594,0.7490214278496552,0.6895372260976405,0.7523365501050003,-0.027775659495395972,0.6806224841000361,0.4662282461374069,1.0,0.7968395129355458,0.4954977348994358,0.18135632492411655,0.025274259288423678,-0.33975162699509015,0.3766531247058654,0.0929223884722366,0.7375555963099982,0.12193561001449446,0.6697396035462416,0.6292253979763393,0.3739788536385873,0.5291868951647121,0.5889462712051095,0.2341828102441319,0.8323192018927639,0.8098320394109644,-0.3947291755319421,-0.1359553318147795,-0.3305494502801102,-0.3027470973716279,-0.0755271593119693,-0.34317164865814,-0.40450717634874384,-0.722787601287437,-0.13070179013348887,0.08357440651727102,-0.6162397348521241,-0.5347644920695066,-0.2199175185352791,0.07167081035285656,-0.7736012141033324,-0.628969328705248,0.021995817551227027,-0.024245330744543662,-0.3274859254746573,-0.33413263745756167,-0.7086901888434959,-0.3698674187799704,-0.6630299892684374,-0.7491547156761397,-0.2827775256665902,-0.3727404824187322,-0.018205354871530865,-0.4496013562184783,-0.17203106928392595,-0.23168205810711542,0.005104067208449197,-0.6315845923263432,0.10897432645231331,-0.2770763362134712,-0.5407549979144501,-0.1921948926680319,-0.4785611415391891,-0.46523574949926333,0.7632035907400717,0.6990293558337114,0.667020618913418,0.45341430393845755,0.5033071352364492,0.5805002278718014,0.2594135538750606,-0.007563273677281081,0.2571188753281827,-0.054785806468477555,0.20091240929709384,-0.24915513523150581,0.49233645771763623,0.4359191589503946,0.05648269892592755,-0.4185454165568723,0.2835063292336165,0.17596497311880024,0.3049298178456657,-0.5037633358568686,-0.1898849770081025,0.07628788269955603,0.0749221546175736,0.20986583556465915,-0.4624260066692361,-0.2701520458357497,-0.5340123418571336,-0.5535221645249739,-0.7366339757463065,-0.49552200833993326,-0.16209376008717669,0.4330400402244766,-0.07575520771298487,0.41019704445000643,-0.12295556728922552,-0.07785246885812691,0.2937749096475429,-0.03925824508360931,-0.28378237644974297,-0.4378852235463462,-0.3422409718923432,-0.5707342031744774,-0.5570050898092277,-0.3467412810435948,-0.2352961369318289,-0.40573609403771704
0.18117450348419567,-0.1755834131651673,0.5955229712600963,0.39642676583150993,0.6390585280952095,0.44639846146256823,0.6133079128365809,0.5382026622649795,0.739408760728713,0.7691635250259399,0.5881552231381535,0.2305698946744914,0.6360194170202824,0.7513562018076589,0.7968395129355458,1.0,0.37669154078464057,0.150955170743227,-0.2833816793479723,-0.34196509173055883,0.2888185235005273,0.12057254429957788,0.7505343804378722,0.04384312996609564,0.6159120487369669,0.6513221577837576,0.30633803973139234,0.4401713797371684,0.48584371624428563,0.28158579130379474,0.7117804463374874,0.7031143216741514,-0.4831370031715916,-0.07737978985289697,-0.17377566708981862,-0.1303605738583613,0.07551847050298342,-0.19099752161940142,-0.2520603299470733,-0.5187776436620203,0.12971310680188347,0.254338516275579,-0.6312553316854254,-0.6233125957367331,-0.3869674104762754,-0.1262227631330965,-0.6475918636922036,-0.6080277491834627,0.03384827648753987,-0.05456781055236991,-0.2599165219548406,-0.2701436454295799,-0.5054144514411472,-0.3454062651967226,-0.47026996512207536,-0.5617437643488274,-0.21699393393295147,-0.3733345495069804,-0.1989088715199229,-0.4418681760034901,-0.06153690860736441,0.11523350432333324,-0.2339316338294647,-0.539074061218463,0.2880027359914361,0.1347144317706906,-0.7046345309563598,-0.23578528626762676,-0.31327259223869297,-0.35345905782388337,0.4930198991505872,0.5569552444920488,0.45573439498457086,0.367199498740198,0.4248038731284183,0.6394257315237276,0.2811490218145192,-0.04155283233088909,0.20158913457759817,0.009006456978333442,0.07011819171366564,-0.18436462806102175,0.32979970752442633,0.4588482218848885,0.02717145200918718,-0.3874805763820106,0.05556312063098519,0.20142572313776796,0.35407371455105735,-0.20382350003445002,-0.34911987950385875,-0.15411976735139984,0.18859632206956953,0.10346449550958446,-0.5261285677436549,-0.2509305901739974,-0.390421761497237,-0.5263867680841826,-0.6962546444664206,-0.5083196216995762,0.08085246713931983,0.3902058754288694,0.09818293427547359,0.1518638447928082,-0.23825255149284846,-0.06628058272155235,0.11074257311799536,-0.06560890108203361,-0.25889500962263373,-0.6321058836848888,-0.4066874212272844,-0.4888979412983996,-0.37671335499444847,-0.29114275566528014,-0.030697665998886042,-0.12431853318014932
0.16457726912382178,-0.2875872885976169,0.20030859196592488,0.05978261561374356,0.26243214474693066,0.1913187539372863,0.43691240983783547,0.18700576198639823,0.3899277305388923,0.3685646885563007,0.6269408681938374,0.07290487331567617,0.5022263472354633,0.344247535191252,0.4954977348994358,0.37669154078464057,1.0,0.602250702992566,-0.35619078489248635,-0.41614528376169807,0.1811643967437724,-0.09008292819725244,0.5485122097894132,0.3013690744191584,0.5974245135850191,0.32714969651780873,0.06868460765261913,0.09545890454884096,0.6663410640572487,0.48060970203281955,0.49498787779231074,0.4854354119780056,-0.03463753958334787,0.05774518119034843,-0.2854857727067954,-0.4664714543424061,0.021360513382413425,-0.4599107887781168,-0.051690414730703335,-0.5419402194313881,0.15499713064459128,0.07619349934885035,-0.2767232774848665,-0.2722837529250896,-0.10667557388992237,0.028206570400532545,-0.3438766475652405,-0.2816615505747156,0.41504245136307255,0.2755266174259788,0.045851221912926385,-0.04019740398119655,-0.4413557193643099,-0.19793560466725865,-0.4721889372596137,-0.5050785918573719,-0.08929204556544332,-0.31066836991635327,-0.24385371090763477,-0.28598097415873175,-0.07821466783552597,-0.14640527216721186,0.3020094392277906,-0.0551948994512559,-0.08850196047709796,-0.20287517516892092,-0.30124124920510714,-0.5474602230414375,-0.34209333177818096,-0.5367660275203111,0.40467365633298935,0.5092769130688083,0.7968917993220651,0.5739299876243495,0.5911411043139431,0.432353171973839,0.12826290056006687,-0.20108708067911638,0.4003803814250594,0.38204939267760346,0.6227803170654566,0.13212521529894447,0.0988253531910377,-0.19223504632552282,0.007288626671845794,-0.1828078780059237,-0.0455303295618114,0.04379799897181483,-0.09475609110981434,-0.3861634921038036,-0.3654699236106347,-0.2641777156737516,-0.3234265590517901,-0.18598143548659493,-0.25561086717975656,0.09808921004602847,-0.4874920282293755,-0.20521318467931773,-0.6021174731716649,-0.5007024055213563,-0.2846674991143959,0.13945911735945307,-0.4317606286069916,0.3429896939011338,0.11957736688310797,0.49759575231979525,0.02387796911637697,-0.19349645037853713,-0.10498402739327242,-0.5300573350189546,-0.38383612657563393,-0.35990704949021535,-0.4897542098869763,-0.3592607767234822,-0.02618556969229174,-0.19192618717238674
