1.0,0.2807812736320494,-0.11311567097262624,-0.33331234711253754,0.03480897742518481,0.054871224206439626,0.04839761885956157,-0.31997695843045304,-0.07654761877425591,-0.037344776831092816,0.47370122945366033,0.17372072019364626,0.388084399204283,-0.014704963248926471,-0.12542555576393852,-0.14707136825910636,-0.032080027809069066,-0.14400228669109957,-0.09776157234876054,0.029420356579849642,-0.16537515674163938,-0.17990357751283942,-0.2825290273349424,-0.2949409935919512,-0.10508943312225627,-0.0785444709912913,0.07951507356080029,0.06659927954118616,0.07900471778668543,-0.11729723813663517,-0.12357894263552503,-0.17618399553849387,0.08612232647287851,0.029536997213874486,0.053741021557538085,0.006535688249124156,0.0256410727038193,-0.0766093370431437,-0.1291157053523504,-0.2015982424850782,-0.03589019821282186,-0.07929701018217614,-0.13773873291993735,-0.1457793630535433,-0.07403329523632245,-0.19628200732235873,-0.16351502240074528,-0.07021438403127539,-0.0045919298078325585,-0.29045049404259377,-0.05184402184334466,-0.26995917251231033,-0.20582859791555705,-0.4311232000037735,0.04281972705782037,-0.17775123189402806,0.577594977100532,0.19002047565271057,0.4317923462387839,0.06535052138391906,0.5899397244370486,0.1258910112158693,0.294125162023895,0.23028161013253237,0.20805289432626262,0.01036702776665124,0.07988082346442278,0.05892861670178449,0.0711793566466774,0.10359623179019543,-0.16225944711617682,-0.11474746669488411,-0.03398450533044969,-0.03874070936223861,0.02815079741095263,0.03627807633732301,0.19649514508564636,0.021778220914668044,0.2610464866297908,0.004637613273579915,0.0823290465602799,0.08198420040158272,-0.18967245458608495,0.0805853316739779,-0.010572021364909364,0.05380788661184357,-0.2054219364582211,0.02032884938273219,0.2175399194349217,0.19348546413834428,-0.08250733231492641,-0.07990558883502918,-0.1935503027615742,-0.12785563186562365,-0.44662639927704356,-0.2855521704487161,0.028877203428385845,-0.2457952827092695,0.08292614579109282,0.018878810363434702,-0.003890173174057942,0.07334599169046703,-0.16410874734732778,-0.10557836904652634,-0.35887027352818174,-0.3004010593983662,-0.05068060073179495,-0.09612490643465621,-0.1351618240509073,0.04429808142147708,0.05526431647925739,-0.20418066462512474,-0.23395345274711885,-0.21376027374019535,-0.427508771302242,-0.21887041941191865
0.2807812736320494,1.0,-0.26075541065174185,-0.022543791961789628,-0.2699702893749708,-0.2521091272022853,-0.09215821293863144,0.18474973723190916,0.026884310302249227,-0.2965632307951962,0.36538330783225087,0.6376888616301707,0.27039301928372966,0.525830688391296,-0.4885693791703893,-0.35880760609141715,0.16123009465886343,0.35374280083002135,-0.1261723906843369,0.1653645657992244,-0.5638251851284214,-0.5531913303166532,-0.23036136938154383,-0.1561043850384752,-0.42032488747740593,-0.3429935646684476,-0.2928575596749725,-0.30233565434666193,-0.09217445714912478,-0.15182069350115018,-0.2056224098744453,0.0631858709939552,0.4655571064042666,0.49969524092146045,0.0063526193443983235,0.3421160027963223,-0.17461602970243686,0.14189215752546566,-0.3411480549347637,-0.37635498804054074,-0.43628297363061364,-0.36872601447626124,-0.33690933432490106,0.12774523167641366,0.01695978545588766,-0.01441829764292036,-0.2962323222789464,-0.06501931109261716,-0.025576269687334653,0.020028479021788184,-0.04977346385460262,-0.08437109363573177,-0.2913194685252853,-0.4518849410322775,-0.28647419385164447,-0.15607726343163603,0.3036260790991828,0.6735286879209497,0.20980734205074172,0.2658501543788813,0.3280408899958517,0.5412445991533367,0.45954926625253845,0.6632936934122197,0.017921227242811158,0.20997284512931583,0.16744143735384961,0.21357750059100394,0.09451165456954753,0.24094960192789786,-0.3265084237067223,-0.018651199762697718,-0.24001669550947213,-0.16085431733765188,-0.20916007090575198,-0.13647030127993368,0.28102494702040093,0.3600383563473115,0.14497737460302704,0.21645214606585347,0.15812703982964377,0.2827638607313205,-0.3142953713105615,-0.057392504115369544,0.03997939114368625,0.22878759426942114,-0.5525275667739402,-0.456690603752093,-0.28615735651062785,-0.15111987533650836,-0.044235636969005725,-0.18849271265999967,-0.3010190929278051,-0.4045648560149444,-0.3194783413642815,-0.4025714962009386,-0.07278522585581902,-0.04489086350502753,-0.06550407542217371,-0.11767419303331919,-0.0384637655892843,0.19554924829616227,-0.027308792712486235,-0.05484690506823166,-0.14138906664304407,-0.3278545006247499,0.08394960893921838,0.06257091651450411,-0.14398842968591635,0.1415804501606943,0.33287895663319317,0.061229314082755885,-0.345574302700539,-0.2316430886239066,-0.37445409690341636,-0.17860137675278157
-0.11311567097262624,-0.26075541065174185,1.0,0.454182680915511,0.5505428608215969,0.4696719446808305,0.7591289881200507,0.5685699833420029,-0.07294003767763478,0.3219715711028951,-0.10166826448232127,-0.21296623662037445,-0.10820746184439982,-0.17666334033182754,0.20089842807214214,0.2937333595242994,-0.26162731708659853,-0.4323251745315841,0.45619172367773,-0.15185982591450242,0.03204914659333343,0.11810476497564332,0.5052047697288473,0.4786121852856395,0.4320816123237113,0.4822890741572727,0.45176733926183915,0.46781688657163417,-0.28751604128856706,-0.4055517165176477,0.03095640642812891,-0.21785619205292764,-0.4225906815828519,-0.37554740023417565,-0.10158048911374759,-0.048718490961020315,-0.3665343809253125,-0.2986729989691949,-0.29580204002792787,-0.0449415607132054,-0.0222202668486846,-0.1969576446526088,-0.4571332032228774,-0.48988643950046296,-0.4009199996872581,-0.09429868287188305,-0.4932491538297557,-0.31645739723983507,0.29534345043219373,0.03210569349275638,0.07307769803309073,-0.029665163300169203,0.14885222266159748,-0.06049153314870329,-0.3342398244533879,-0.48712097044796765,-0.3178544334804789,-0.20107649416251264,0.04015136702933775,0.12498315333664213,-0.17802330739845987,-0.17342032378634462,-0.4855292698419537,-0.5428316164084535,0.02035286773411437,-0.04573450329704261,0.04510538788527243,0.3531240838579365,-0.3057325590842984,-0.135051782336549,0.22813352909174728,-0.11678396846791048,-0.2505251961197714,-0.2621980247147458,-0.23838434480940507,-0.3800132248470334,-0.4840288118595339,-0.33713852238334463,-0.6084243784092822,-0.5917184021377537,-0.3310746128743049,-0.510530866025759,0.144690796952382,0.07080429221904765,-0.2893646267476889,-0.47315678034234393,0.09067451838775599,0.11996796821086983,0.14416220365845586,-0.013064917743927103,0.3067150333483033,0.48071512886576473,0.4108072823034328,0.4880248049037915,0.2594069458845758,-0.13222961317256224,-0.5573716890150228,-0.366811538492958,-0.5011287143616857,-0.302557381543349,-0.1499558182815239,0.09159739047762978,0.08452810195211423,0.023841514265100498,0.04714818203278435,0.3960879731234094,0.20582791348291402,0.08649849486688303,-0.21816024849389304,-0.43902328995303314,0.001856036578009096,-0.30185533722213514,0.17914168294440472,-0.15848112867744665,0.247012464255238,0.0927138268722236
-0.33331234711253754,-0.022543791961789628,0.454182680915511,1.0,0.1861674091408402,0.31448650397263467,0.23378353040723332,0.5439609635228561,-0.2677500601366768,0.008537874215934839,-0.17693308394494534,0.21332886183611713,-0.4475534738639975,-0.14404291772267863,0.3407473048175342,0.5199220195422696,0.05229837435787229,0.0776066301090373,0.4352710975702668,0.16014840913759412,0.35578185740449475,0.38997069346863955,0.6618601513732366,0.5284980861520012,0.23482978624643913,0.2866725327274819,0.42092943463295296,0.47593329008444923,0.08872818826719947,0.11620587002723404,0.24688168761267013,0.25580209772113066,-0.0890406572868504,-0.10842316837480125,-0.18065119020696438,-0.3144882969702794,-0.03910901110507384,0.046989397361917075,-0.010105590542899043,0.17059499131239736,0.005771344023715301,-0.13345793395079378,-0.11518269440581054,-0.2247615944222638,-0.33980209471015005,-0.2832479499892719,-0.030199323380668712,-0.1523089639173098,-0.1566562360946311,-0.22928462482128412,-0.05559106550619084,-0.22016777993211792,0.027312991359133773,0.17173930666007595,-0.2515616900563284,-0.041485140989202356,-0.3962930076338734,-0.34593652640090555,-0.4837451602079104,-0.4220085952892341,-0.6130227041994962,-0.3506603453120481,-0.4014987308929549,-0.45320711016008514,-0.13914584031096294,-0.21247644446649805,-0.41201023007347126,-0.2258914555925059,-0.1934269050858367,-0.5087797386545563,0.5218832814764197,0.31016034927006064,0.20945136864454683,0.14335573957690353,0.07191182936060062,0.01047971227134598,-0.09573437759157566,-0.09770598581780834,-0.2917704568449385,-0.16483223820065293,0.07547710610846907,-0.21800449411921968,0.3367815911809358,0.2689070290354957,0.10542736239976545,-0.08775494209860996,0.3293324665559905,0.3445257337778903,0.08177895033228991,-0.16520903495698472,-0.12615953490082435,-0.0834518993187066,0.09135596729113257,-0.058510986301370485,0.129264143417549,0.16178166468157026,-0.39965328024742264,-0.2159943041905304,-0.24428353957388318,-0.3241329645284985,-0.6085040263779101,-0.37213532986758513,-0.2612705883034483,-0.2823782892272929,0.09552066851567582,0.14471479822414893,-0.12624085652915015,-0.11426180258550454,0.005588470979927371,-0.027581619134471786,-0.24731183066977327,-0.03471246938613546,0.23996732283452482,-0.04867799579272009,0.22129332125901524,-0.016324569046563705
0.03480897742518481,-0.2699702893749708,0.5505428608215969,0.1861674091408402,1.0,0.5963818589070031,0.24229602992979915,0.02960447533035543,-0.056657921822460794,0.5375098234592516,0.026465845923563172,-0.18750261402290877,-0.09245617545108582,-0.30273487205433774,0.40441019862813854,0.37466940291038797,-0.08666420055421906,-0.31991448277929985,-0.08164566408273499,-0.21414992868651758,0.05527378988170256,0.18221473557413054,0.23757930976994485,0.22186559111637802,0.46895706120616915,0.4886288493663076,0.5638106814487233,0.5273229382536874,-0.09951100271010659,-0.17329984209535793,-0.19286266524010887,-0.36546166582441614,-0.422174070838843,-0.4480246774136723,-0.09304593080872497,-0.11409226416882398,-0.14613706078710162,-0.039026296132001585,-0.17415591281146625,-0.07582103732528994,0.13106015725466152,-0.18444651032181056,-0.3649829813156775,-0.46961544464716226,-0.24102488288956145,-0.051104751773249274,-0.26471834716237663,-0.3868188161287545,0.2981687583320933,0.07912329172671541,0.14816293707395145,-0.008947427754958099,0.08665744661107419,-0.06611575292074644,-0.16682320543185405,-0.3048528177762303,-0.06926438022582332,-0.17386663250015633,0.11995323331228316,0.032736716145924584,-0.11153114156775881,-0.2830207725118314,-0.4199709975503648,-0.43975638389133254,0.08961395582290556,-0.23374732847661076,-0.07698356089215709,0.08077409453937362,-0.3516409971312886,-0.2796857524083555,0.15714596161549507,-0.17482871738234743,-0.07192591029866964,-0.12337145808059441,-0.11261160801091431,-0.07350160503799788,-0.34239485542577647,-0.17419316914178398,-0.22180559186652268,-0.2666525629193393,-0.2069023905575038,-0.20435273301347678,0.26988147469118773,0.3037100816757612,-0.2858989444327649,-0.3656555748228803,0.16493467065846965,0.1600310639943841,0.4665078327900798,0.0470192182206513,0.2032696179803944,0.34629290773405474,0.25302713083417544,0.36793684413023253,0.20048549455049613,0.014343369986370775,-0.2097315511500172,-0.26678309451406057,-0.36939250582613514,-0.20614289259869267,-0.12076576908054536,0.013668385797420128,-0.09457716749029275,0.06278154773953126,-0.02019404551396902,0.31794076636742075,0.1732907216329984,-0.009363829060344282,0.002109663704918865,-0.1847762962906531,-0.24325469407897202,-0.20758384041783598,0.15632133859739758,-0.008284745691952058,0.15637589623006212,0.1761291838952688
0.054871224206439626,-0.2521091272022853,0.4696719446808305,0.31448650397263467,0.5963818589070031,1.0,0.3725014163668015,0.2737416643976606,-0.6632958943800602,-0.05367501928139757,-0.11031098748080516,-0.3425638073819079,-0.05826122315803819,-0.3571174892452724,0.3757051819404132,0.5403391487676421,-0.2274409490725831,-0.357386733128786,0.13438783088857467,-0.2598741867880942,0.09716763614901756,0.36868986349934757,0.1730129340566165,0.23638175795590127,0.1588536546135728,0.3611209431382458,0.92296778098991,0.8578917665811848,-0.21208760701761079,-0.3785159246083564,-0.12095052801412412,-0.3149199475296695,-0.472289645447819,-0.5114781128451747,-0.2485370895721304,-0.19182554513565286,-0.27393564525305675,-0.35545277611081477,-0.37211763004715953,-0.06480764254143155,-0.055823089702254525,-0.22637619993254052,-0.32076612942632926,-0.2785173735600457,-0.32126693995910294,-0.23615171887148037,-0.2384277906750076,-0.060142137113425,0.26992622718542003,-0.022040353197999962,0.05030436383525697,-0.053224200262227524,0.06826447332489462,-0.0430811821397813,-0.34464759060833233,-0.4057196859990037,-0.01860349823791643,-0.1872757464839872,0.139156624102045,-0.0753758726932371,-0.05864450518750152,-0.32931044276050525,-0.16279377356398392,-0.46312254630954985,0.04019792363600887,-0.1594478385328609,-0.018105945653022797,0.12450124962404771,-0.22980763917676378,-0.19958046767993204,0.029556721705995152,-0.29738036087628245,-0.17977972741786216,-0.30462904397295176,-0.3101985246670306,-0.3590326637990919,-0.525849008329583,-0.4834831913294524,-0.3722960184549833,-0.46071791814586865,-0.13336929793990804,-0.4301369941446449,0.4019460848818137,0.1627483789742335,-0.237870867813729,-0.38969558301329377,0.27070906941179584,0.3148873148103173,0.21464563884819704,-0.27898961150560725,0.1781616339745899,0.34384159910076995,0.30280680884828526,0.3759846017923219,0.17088964758215083,0.04452481681087679,-0.3597788071948108,-0.1564319121804282,-0.17006573997575633,-0.11836697287062568,-0.17278956613562718,-0.07030721728344683,-0.03867369800823257,0.1297769798908133,0.0818516085621658,0.5180156345772375,0.35364524307649664,0.272617482031335,0.17581436802734224,-0.20674579950380656,-0.08035789365254298,0.0031472115473508565,0.3462431614975091,0.18620577634085925,0.25280996343834583,0.35557438708285205
0.04839761885956157,-0.09215821293863144,0.7591289881200507,0.23378353040723332,0.24229602992979915,0.3725014163668015,1.0,0.6612956091605442,-0.07472054389468245,0.18051516431125889,-0.01698623831607389,-0.14700196798266868,0.1648449233843491,0.07356398887379001,0.021337347435935208,0.19578619576837317,-0.1801105919501283,-0.2840646126218149,0.36855229813665513,-0.22676761947180013,-0.09387274465054475,0.005019671192171848,0.28369715612849183,0.30984375249102486,0.1131410665076553,0.21452477415468216,0.34648874618542624,0.2908010932316291,-0.3142195152698379,-0.40125391862360527,-0.019692390774648457,-0.23588052482647812,-0.3450666344139176,-0.2603656618906305,-0.2196829881065518,0.026330677864279065,-0.29394233863544506,-0.24039304529702105,-0.2679841804034965,0.03430547767293959,-0.07524329562773653,-0.022574211459114705,-0.4414003176996881,-0.36940436190326603,-0.40151561742672287,-0.11493082524533427,-0.4945065390311515,-0.10135248579511454,0.30618349432943387,0.018543405779429156,0.05615755529330964,-0.049569996947181665,0.1300369627976358,-0.09782409682814425,-0.29284217479160124,-0.4647744046964034,-0.19013933205421238,-0.01418963522761715,0.08122872292051753,0.1455790823337968,0.04106643509569794,-0.11813997453323201,-0.12196760506723028,-0.3593778123520918,-0.1528464726879993,-0.053288178278717985,0.00034441675879026966,0.35499738231189853,-0.2857725444048363,-0.001961298917223413,0.052727519964525085,-0.09058719758492065,-0.26260803276238165,-0.2846241189152405,-0.31178955531341046,-0.4622572257068836,-0.4343066471382631,-0.3948431364952948,-0.5475462872891848,-0.46650496195293073,-0.2560860067770683,-0.3994527185644463,-0.010534301281981552,-0.012518614902883023,-0.4335538563200661,-0.4445792095991253,-0.08731108764517835,-0.058548251034357325,-0.16993993384567346,-0.02797112036310735,0.3990340784568122,0.45708761957838195,0.38917198325666064,0.4109483160643793,0.02483927510097534,-0.24108014851828685,-0.5408690899226396,-0.26533135235607386,-0.3014229625753049,-0.11619320863937437,-0.13623167369813352,0.12681123155220536,0.2981729301941798,0.011991340027275574,0.08867680558490124,0.3703522911927273,0.15319234950367053,0.16634526993189336,-0.25897256323971307,-0.37615250708110837,0.22512477094457062,-0.10542852349456361,0.22013117785117578,-0.13250455822855223,0.1307732786978672,0.05313856038010372
-0.31997695843045304,0.18474973723190916,0.5685699833420029,0.5439609635228561,0.02960447533035543,0.2737416643976606,0.6612956091605442,1.0,-0.17724568633132254,-0.017932923140013945,-0.20013202212401496,0.1603774927238061,-0.12452737157078363,0.2486019447899906,-0.1244416479214841,0.1792436408795826,-0.2799177149087527,-0.1301883856110596,0.28454978196570624,-0.18327566844710236,-0.20085100034051237,-0.08766993153808571,0.3375726821343105,0.4119588798185345,-0.06865758624337645,0.1503826399556705,0.19192997212876467,0.13901458680446493,-0.4490275280662462,-0.42365758704596096,-0.01143223141913608,-0.010726244587037628,-0.11865231501331697,-0.015553348893985797,-0.23617467074266724,0.09115973002327316,-0.4197902638688702,-0.15604167409797978,-0.3873884419088609,-0.09909187517562233,-0.2870599491253363,-0.27755805817993484,-0.3789100604875663,-0.17226276663147724,-0.2629354381701133,0.020067740399431502,-0.44433185433369365,-0.034686384896379506,0.2845416055484078,0.1770783179627,0.09336880269578711,0.0696407888965974,0.20732897779325357,-0.06019460529084251,-0.5223905115794548,-0.425898840317245,-0.31928606151157674,0.01969439780189523,-0.10050947290021035,0.1827906409619557,-0.22692834731485614,0.10749934930779091,-0.12808514599958842,-0.2198454210873808,-0.08631324272373023,0.21949277297718517,0.07126339037179386,0.3898317024740579,-0.22518664116866227,0.01711563387409299,0.040007729754065136,-0.0017829478363879396,-0.35354793813032004,-0.36124273828945047,-0.43814157535515075,-0.5329417487213194,-0.44536025015389646,-0.22782807580925152,-0.5673110418734655,-0.3843950990733061,-0.2902550749245485,-0.39678955378192227,-0.03475160377791509,-0.01561159186322475,-0.26874835709491834,-0.22100367779517563,-0.12943535043108917,-0.106402834165999,-0.2704360342809533,-0.18201793376248693,0.3723760364182023,0.3160096342208101,0.40318382632399685,0.2475096076513975,0.0845391416169714,-0.31437392344243403,-0.5026782137093646,-0.2808175096086119,-0.3356377873592542,-0.3149265796122435,-0.14357921999043624,0.1303811858308319,0.335116997939715,0.04111130497575425,0.2037018933945672,0.2846417732983859,0.25181053295904204,0.21548895498429846,-0.24017468578812318,-0.3636441606911156,0.23613587024865823,-0.16440125231950684,0.15757630081013835,-0.1531019273939472,0.10911955865355984,0.0438143259438746
-0.07654761877425591,0.026884310302249227,-0.07294003767763478,-0.2677500601366768,-0.056657921822460794,-0.6632958943800602,-0.07472054389468245,-0.17724568633132254,1.0,0.6090257701243239,0.2442894573787295,0.16304600946318162,0.12459044498921086,0.31401863630152643,-0.07093510783702184,-0.24271609784246384,0.034632493215489855,0.05379429708563315,-0.16880114153516737,-0.13662125376962722,-0.03194306054565188,-0.23827702692339892,0.050404285127005635,-0.08013929565406157,0.308213143226094,0.06275297413229529,-0.6041676030362662,-0.6018223498747881,0.04303027398905293,0.17217601594977505,0.03342575374888573,0.04862531553391546,0.12726367536211397,0.1482147685542422,0.24077067860574003,0.14176962781546643,0.03248494267346807,0.13818201752978065,0.15493716828085144,0.026793189116259743,-0.008495312639915067,0.06250083424423883,0.06070833471768679,0.018543717156069138,0.19168837812310505,0.28535894323979294,-0.051015302918259404,-0.13148274843701432,0.10644883432452634,0.22387764594627446,0.19786521628639564,0.17991990976963035,0.051308965289756515,0.064286825711953,0.17237526170400835,0.15305522806153304,-0.12308102220327514,0.01133434193210958,0.05345714250026212,0.24199040388151963,0.07733701694198719,0.23018308398798742,-0.17794986895293577,0.13826493179429855,0.07751472986873292,0.1917657705800191,0.10734480444011726,0.07058075386167213,0.00597905670561599,0.19344148577582623,0.03438759382155702,0.1784667490604632,0.03982740985971925,0.17398443822939233,0.1779386495150465,0.25925627103780813,0.21753232989157667,0.12294655395872324,0.1107182430678144,0.16224287724709927,-0.16164630641323527,0.12499991723555566,-0.3999191155354802,-0.11078511459462456,-0.11665736919626983,0.18760536881561155,-0.24239520272821244,-0.3164602067744577,-0.10487493107227026,0.3444625374311024,0.005091199017750119,-0.028554286857582406,-0.06108076603488998,-0.03214772667444792,-0.12484637651076125,-0.08208430398789261,0.21234587014777606,0.1232902574835517,-0.07645809889738431,0.1005334775305834,0.1378573884075422,0.13598390211264721,0.11628129040259488,-0.06156976075836691,-0.027056715779518906,-0.2841321398411325,-0.3471540715413755,-0.339667195350184,-0.16735314925626252,0.10887037990543014,0.02743531269083532,-0.005322270530301157,-0.16693430093957945,-0.12374248179466987,-0.17616994479264583,-0.35710240512095426
-0.037344776831092816,-0.2965632307951962,0.3219715711028951,0.008537874215934839,0.5375098234592516,-0.05367501928139757,0.18051516431125889,-0.017932923140013945,0.6090257701243239,1.0,0.17930213493095165,-0.011298220817528636,0.06050822889034625,0.006995031318445951,0.26627957893041987,0.2560007415346067,-0.018827679230567027,-0.14880623901761822,-0.06963750744404104,-0.2371727716174505,0.1421335892855225,0.01448162357173495,0.13852868224835943,-0.00026646279777880447,0.4984813477212583,0.38849269148032545,-0.05147077365258346,-0.06557654707399643,0.044826888537657934,0.09593757417790406,0.0696325225478691,-0.10010135218445343,-0.22745071196328495,-0.25622913080555904,0.052976488137855104,-0.05464095855840787,0.022297333061325024,0.10663753218471299,0.1340031086868526,0.15882589328198984,0.24259285829340066,0.10642681542181423,-0.07547864178415846,-0.28287073806497304,-0.02812538406378995,0.15586403995291243,-0.13362727856147244,-0.21304623811566548,0.20279940126939747,0.14376940909507785,0.1295949616749299,0.11007104207049588,0.12504226397629656,0.10791976518252103,0.0214279032690223,-0.0806356524157137,-0.20759993309875108,-0.33300167051906227,-0.04463237432555221,0.06940585499718807,-0.14178345480847343,-0.16987911382153706,-0.4728697450926787,-0.3941078983124325,0.030684353274322087,-0.037628885264101936,-0.08202466003560882,0.0033212384995861483,-0.26208529671281383,-0.12141795640274744,0.2546644634021398,0.14777242949482472,0.08528574499868542,0.1726191528155088,0.16727221040805296,0.23495662140232482,0.01093199969934212,0.01730100267483942,-0.07149352970170526,-0.07900170105741167,-0.23087204279928145,-0.14806301160804877,-0.07978550345941715,0.3442968097392551,-0.295024998718378,-0.14253137736906443,0.06285714572184918,0.08900408722907892,0.19304905839390263,0.29296875242027903,0.16800965390029768,0.1519518864167187,0.25417591908437254,0.24742201102498174,-0.14416264083408234,-0.08878304952827788,0.007967542776492764,-0.23248200820880482,-0.23914521524955065,-0.13966393276983305,-0.0054798916640555985,0.029526303659648454,0.07895396022415324,-0.04731517778964604,-0.08414395624049764,-0.12238593496132587,-0.30167712416150255,-0.4663715560551084,-0.19105574577805434,-0.13747325357290927,-0.2745079867234762,-0.27039774636101227,0.03251899326078188,-0.16464841535526473,-0.14939667192665024,-0.33947356590719036
0.47370122945366033,0.36538330783225087,-0.10166826448232127,-0.17693308394494534,0.026465845923563172,-0.11031098748080516,-0.01698623831607389,-0.20013202212401496,0.2442894573787295,0.17930213493095165,1.0,0.48245720930020886,0.6818398681580697,0.4594577375232209,0.02895225691958849,0.047815190389003,0.24216680715804337,0.2384862412405088,-0.15695768369901827,-0.10365534824914695,0.06082610769826963,0.0061463983750939186,0.11358517864972888,-0.05687664147960345,0.1923100897915157,0.0799471032789454,-0.06101536407157294,0.034468332587543955,0.3483556998658372,0.13597245065245137,0.1915614639821633,0.22750010070444396,0.0668201867781078,0.2059843965924009,0.12621948948588826,0.23143216278145218,0.09878990284507615,0.18088473977851593,0.020244405747122492,0.11731440167787054,0.039418490086960696,-0.0071594812117506505,-0.2301242976491069,-0.07147315100041264,-0.2169611942543591,-0.1132067244398935,-0.24067404354926827,-0.14466760583624835,-0.22163623499686208,-0.3359923395215922,-0.18391969283203705,-0.3408309912877656,-0.3763386243686372,-0.39775201642603003,-0.09061014508948972,-0.2050839819727913,-0.08078216103359744,0.02823428159325287,-0.0318845247451918,-0.07155457406520196,0.1572638079123402,0.03902819737929819,0.005171120909851682,0.10059652486131149,0.06187677266987837,-0.21405320128975303,-0.25976607955527997,-0.13369380283608756,-0.10814750519283207,-0.0016333612009947582,0.15995438394543987,0.3456476017022561,0.14817961673107646,0.19139521499637802,0.25388934090042553,0.18556828643021328,0.37837161791508617,0.1992193677722741,0.3075464846433885,0.16473628071401578,0.23723901217490387,0.25227684449093163,-0.19552687071829827,0.2699147075403007,-0.031242021522506824,0.10635186446259215,-0.10811794462172829,-0.02206063971691091,-0.022454244663079576,0.0769058312638513,-0.19062096406725754,-0.26382100482053833,-0.3160552216538167,-0.38106246192080534,-0.4265058435460591,-0.2789077721847371,0.04675909141109292,-0.27705441086077603,-0.16196882079138156,-0.1936314153676665,-0.13618777248113398,-0.03584628449825643,-0.13966623722500554,-0.2866846809331207,-0.24557663028917773,-0.40234168989331975,-0.21997860354423363,-0.25661358873653956,-0.26102955936654976,0.05908031021186998,0.04181943693443842,-0.2193657266343539,-0.3234770446742406,-0.31403856936251234,-0.39683092911263906,-0.43794227269266744
0.17372072019364626,0.6376888616301707,-0.21296623662037445,0.21332886183611713,-0.18750261402290877,-0.3425638073819079,-0.14700196798266868,0.1603774927238061,0.16304600946318162,-0.011298220817528636,0.48245720930020886,1.0,0.1516753601774813,0.5839621712577874,-0.20132564955971977,-0.0302922630594014,0.16529156811403226,0.45272523536246634,-0.12466865833917029,0.08732611497414154,-0.12064842193490247,-0.1712969037214943,0.08398532220390918,0.08701191261508569,-0.012491025823847758,-0.01563251797525827,-0.2634130558015759,-0.17670867218552175,0.1439087054630087,0.22570587524921723,0.17369557524109372,0.4404550993834262,0.3824028207812282,0.48974679838348184,0.11896207863512272,0.1320063891245243,0.046470101870274866,0.4225365057199564,-0.026285407555814957,-0.021836397367476387,-0.10970083172420811,-0.11953007131810098,-0.17772386568735887,0.0009671859892291478,-0.017666665085970853,-0.015867149253710765,-0.17869885174261801,-0.18189195719344883,-0.29095651411158074,-0.1820778380069643,-0.22060344297186796,-0.3285143468885019,-0.3547199300885609,-0.3272062503123315,-0.36538532743278684,-0.13990883467768894,-0.00610388650239826,0.18892246074880417,-0.2584331190350316,-0.1489558476550774,-0.07274341358566594,0.23269778664633997,0.13542633419401479,0.33365317321917387,0.18463226357443696,0.16851494538134595,-0.2565974770052027,-0.05907978351752624,-0.08455039645683006,-0.10532055045841035,0.05972441013267316,0.39172837282217227,0.10142470863967776,0.1689740889616304,0.17650536152286223,0.21089346439637366,0.3900616907829406,0.47885033568800933,0.2438005241948426,0.3918209434179046,0.22808188424495252,0.40907576558862346,-0.24593255366658962,0.22566452365274664,0.07094221355879315,0.3687092366697586,-0.194381475352133,-0.09236713436560069,-0.14048324787323158,0.0364845799103432,-0.3572389296436213,-0.5042961287284939,-0.34142309385452074,-0.5073323387975996,-0.30395416736547975,-0.3165528609839465,-0.07897481344997878,-0.2996812876154166,-0.32178430755800386,-0.4194977000678342,-0.3052573276950321,-0.08225597043837256,-0.2355488769349283,-0.4491074415182149,-0.27987391513995785,-0.5222000342810773,-0.34289595147196433,-0.25012916285108755,-0.3696065567768425,0.18015473346543717,0.033028950960308584,-0.29434529214114513,-0.4291981931270689,-0.40665280157121875,-0.41755860998365324,-0.3817499271674741
0.388084399204283,0.27039301928372966,-0.10820746184439982,-0.4475534738639975,-0.09245617545108582,-0.05826122315803819,0.1648449233843491,-0.12452737157078363,0.12459044498921086,0.06050822889034625,0.6818398681580697,0.1516753601774813,1.0,0.5840307435316181,-0.16464757792142223,0.056447151296657554,0.08406391408375405,0.0829357119155231,-0.19690790427565874,-0.16246544496388376,-0.16909519777570348,-0.12925735100469313,-0.1927373806980538,-0.3314230608064265,-0.0865085120014854,-0.13432917968635236,-0.09919186978942672,-0.018876502581728277,0.170932399289409,-0.04899503446051626,0.09140045132095644,0.036072425658857946,-0.042231807969678126,0.09625211955197624,0.06124155575332765,0.2601043749449516,-0.03587179377449002,0.09822448482297563,-0.02556274196757102,0.1015030619774237,0.044048457061968374,0.08719016617094241,-0.2532079144132458,-0.057618504033229774,-0.05569050826169023,-0.06081126831563217,-0.3017308308624051,-0.017842815008678778,-0.01620584983878191,-0.10901774110558415,-0.11832673357737433,-0.09838236341930456,-0.23952031366436202,-0.29423458220136683,0.04209722260437935,-0.203148179159638,0.006191147358365748,0.20192098768734396,0.15695614341904277,0.13309885996751805,0.4201959493340338,0.18446955090683395,0.2899330273644508,0.13654704490215386,-0.18788764013691914,-0.0680178064487809,0.007831711465882818,0.06538488393784275,-0.06471795264718486,0.22730698457352838,-0.22035697849075267,0.10211342607077438,-0.05579644755246995,-0.05195367630584505,0.027182541410926374,-0.06017790445627398,0.059719148591211385,0.04094068341983079,0.2666501501804414,0.0792933595467517,0.11556113373805203,0.1259574294476475,-0.3394000077006911,0.10919575366363199,-0.21540627314257307,-0.028330408896449038,-0.21880001331861373,-0.13832826284575292,-0.2897286804820846,0.019999858679909027,-0.09786685234850419,-0.07634310147557434,-0.1259796522889141,-0.16052381789405165,-0.2826316825529861,-0.4103559253440464,0.009192067589734622,-0.1815758365992991,-0.08853225924889258,-0.031360308487530957,0.27936970202055894,0.10116286866119983,0.0772986271703085,0.0439101315891676,-0.26943509647181507,-0.2826876952006963,-0.012431830099365238,-0.1451619737363732,-0.2504837821576541,0.044406408421865766,-0.024325852374073142,-0.1390871720693958,-0.2697679930200921,-0.20344126699753712,-0.3261781024910397,-0.22087719146609094
-0.014704963248926471,0.525830688391296,-0.17666334033182754,-0.14404291772267863,-0.30273487205433774,-0.3571174892452724,0.07356398887379001,0.2486019447899906,0.31401863630152643,0.006995031318445951,0.4594577375232209,0.5839621712577874,0.5840307435316181,1.0,-0.2986635119094871,-0.045861758063096315,0.1674820646818771,0.3622635254432074,-0.19051024577991685,-0.09939529416309766,-0.22817403948550677,-0.2674686583800949,0.013545886311258368,-0.015773077996788606,-0.1614820623325649,-0.1696591391984922,-0.3645531261195087,-0.3089375514679317,0.03555964980328605,0.075064325813551,0.06685627181875142,0.2603363455453764,0.27792228599074215,0.4558697962923693,0.1582564037928468,0.46965571267075407,-0.08573698830680035,0.2145548937687321,-0.0428166488352654,0.010672435522061721,-0.16224184802213837,-0.008760296825203448,-0.260636947130123,-0.031199329028728042,0.044152280185216865,0.13899705402672896,-0.3523151184588225,-0.15085338309978488,-0.10275722454712953,0.07733911675172545,0.02609652810743767,-0.0832877488895676,-0.16426288693391677,-0.2790769318349508,-0.21189691518029366,-0.2710645400283549,-0.1231264534123442,0.2876779291280874,-0.047940693253568895,0.16921798672354604,0.1807490859325235,0.4088361031721171,0.2554409286442868,0.3476217071328163,-0.14564200307361158,0.15963648555145976,-0.022732527009402956,0.08659706310752845,-0.04033698706745991,0.19704357492175034,-0.115613069632404,0.2732130758018311,-0.05349735573206118,-0.01264917412357161,-0.013141918285776015,-0.039124565499048594,0.1310279328600679,0.2636559878827169,0.15716639359174972,0.2575693521966333,0.12703258509989274,0.27899607815900196,-0.4025919692893015,-0.07347604510841746,-0.12956877005819128,0.17058573322413595,-0.29666475920831015,-0.35305850312315046,-0.47632546213798244,-0.0939212612775152,-0.15432671613985777,-0.23872947726266605,-0.1953924791377056,-0.26784032083073556,-0.2718632476716875,-0.4568224859893805,-0.12716952551298222,-0.2075750737150873,-0.24908174344896788,-0.2591911182144435,0.05737582493477115,0.0134832469851775,0.05362013533114146,-0.1945665930199942,-0.20380099261978407,-0.37605148723532233,-0.12770500688209366,-0.11576291748607098,-0.3331769175106292,0.029008569051248816,0.14914367558043468,-0.14835457453263298,-0.2812856703134088,-0.30971573594508445,-0.301787642405282,-0.3362984824500786
-0.12542555576393852,-0.4885693791703893,0.20089842807214214,0.3407473048175342,0.40441019862813854,0.3757051819404132,0.021337347435935208,-0.1244416479214841,-0.07093510783702184,0.26627957893041987,0.02895225691958849,-0.20132564955971977,-0.16464757792142223,-0.2986635119094871,1.0,0.6740197949255281,0.14152200548739188,-0.025934115310502506,0.3263528350072944,0.08101105193319287,0.734192522401978,0.7282859672214733,0.3781762161772496,0.27926937803851914,0.4025579447352413,0.22284824462215735,0.5415233128214967,0.5635315672929558,0.36922581479500055,0.38419600287933897,0.0673702427023536,-0.09042694997015051,-0.47138423827650466,-0.5133999502011922,-0.2229953749215543,-0.39307185637400494,0.32481688635771166,-0.0798130102676034,0.4110758772735437,0.506117354486934,0.4008641380110965,0.30907068038682994,0.057579685911897195,-0.3718843962837997,-0.36566376828142,-0.40031302660531964,0.04546351855096317,-0.2684662035058104,-0.16160442586588628,-0.2775207063602163,-0.032061346294759686,-0.16909337685034562,0.05840442858602428,0.25893548485418894,0.2040753501367697,-0.011956178913413773,-0.3171050508153543,-0.680861829641091,-0.24185529114929621,-0.3366401481513907,-0.4039497151362914,-0.5132614370773576,-0.5047308919449437,-0.6166632559022316,-0.2459586788551365,-0.48999529888290383,-0.40918562912999074,-0.471346092897909,-0.09091383189220145,-0.5232110057192375,0.5017470188576317,0.23156734822730646,0.4823470426232182,0.342225741412791,0.34093571306247833,0.2551733426225186,-0.0636617724643567,-0.30034344205847535,-0.03860689320391939,-0.135006782740895,0.1275091551263656,-0.1699907874903679,0.6602239024070535,0.2857713716297157,0.04078171020220266,-0.1495389308073908,0.6725700036988203,0.5438961904152788,0.31344810950659646,0.008191988933075663,-0.14457774456902103,-0.007987501339074743,0.1611807455408327,0.16507032379696437,0.13787220710330605,0.38837807852033573,-0.22551760699063172,-0.12310603848437203,-0.18768662865470379,-0.11260964661981969,-0.2930029651281403,-0.3611583819468581,-0.21579602087398508,-0.20092989305601944,0.020034875690288542,0.20866416503163268,-0.2934268044538135,-0.0650519585000782,0.22796194002330103,-0.018733814752507114,-0.5557344788810888,-0.0674978827167801,0.4019744472276684,0.24578698293404455,0.2886810410108273,0.05219448053411821
-0.14707136825910636,-0.35880760609141715,0.2937333595242994,0.5199220195422696,0.37466940291038797,0.5403391487676421,0.19578619576837317,0.1792436408795826,-0.24271609784246384,0.2560007415346067,0.047815190389003,-0.0302922630594014,0.056447151296657554,-0.045861758063096315,0.6740197949255281,1.0,0.05289621241661993,0.03455180445032925,0.20379732734144504,0.024999384897819922,0.5600312658142687,0.6132449279246683,0.42056750629969203,0.2630036380904266,0.3519884108604722,0.3732801136367157,0.6432552384464352,0.7132464075717801,0.3402976759150489,0.27925257873425136,0.33324083702857904,0.15501874627439272,-0.3685894776761475,-0.3230441712304299,-0.2716214322315513,-0.4224563600704225,0.15195057166807346,0.08741097364018512,0.18192793837461588,0.41047798648653394,0.3545755817561373,0.16889012646150567,-0.047211010468002045,-0.32393324425039066,-0.3106466091863245,-0.30318322353247584,-0.052518420653343924,-0.11510933406900828,-0.14775383723138294,-0.21615316664250042,-0.1821488322313256,-0.2229032197775331,-0.10201979582265573,0.25890093349769105,-0.14794794236912315,-0.12647878084317557,-0.32339797938953846,-0.5247401843963692,-0.42274780309581694,-0.47208781040020625,-0.46731455407042943,-0.5155667725569496,-0.34235058607032676,-0.6668734348375305,-0.25533884496182907,-0.3706735977980454,-0.5011925610758838,-0.3782941956170894,-0.2466527642712042,-0.42091904439959144,0.4680787040026742,0.28657274913307573,0.3730260084672415,0.25612013526363336,0.2247995181867453,0.15991541736518167,-0.12778176126908522,-0.22821577568175894,-0.029575362880116647,-0.14155929107898607,0.15195058241902912,-0.18296148553478522,0.32224159016998905,0.4782867925720129,-0.23774404570327046,-0.21947681410530448,0.4796335063320743,0.5157715354670745,-0.007814927155921652,-0.13858020891878808,-0.22509273310692798,-0.12839819992967252,0.1659339090320076,0.09519529242493738,0.058723695087764344,0.13625702159235847,-0.26501141244162163,-0.2237299967868868,-0.29058626641947977,-0.2525575014643901,-0.3968340056147142,-0.3775458464344597,-0.21728612281039267,-0.24432202134217595,-0.1059298371095421,0.042334032237913,-0.3055708374247425,-0.2789265277273696,0.03989821217547039,0.003765211277747867,-0.5384925311859835,-0.11026470018674207,0.25117543817535615,-0.024588828987193678,0.04895765281255899,-0.0338251411832763
-0.032080027809069066,0.16123009465886343,-0.26162731708659853,0.05229837435787229,-0.08666420055421906,-0.2274409490725831,-0.1801105919501283,-0.2799177149087527,0.034632493215489855,-0.018827679230567027,0.24216680715804337,0.16529156811403226,0.08406391408375405,0.1674820646818771,0.14152200548739188,0.05289621241661993,1.0,0.7686283573018894,0.016193336934973233,0.38211459110554563,0.2084124060292881,0.023418787251412877,-0.05083142701859329,-0.13454564276716968,-0.2267841070210978,-0.4534961468659339,-0.16058321906965456,-0.0715859307366707,0.6715530870794025,0.6399778864055888,-0.07482924636287572,0.11506437440828454,0.3740227239919807,0.33776602295632285,-0.08471890881026176,-0.03356302557244699,0.6454457106702318,0.3540884027009518,0.46795609877738986,0.2824317886579421,0.39465151901459145,0.3699490875119043,0.00316802115893369,-0.09784942577964784,-0.13324290780617393,-0.21930764065442068,0.2454739099831367,-0.09497803187268046,-0.5020893129151625,-0.31603296365717704,-0.3451954780123947,-0.37481165759491053,-0.395620778525726,-0.0926594518950864,0.21551868388627413,0.226522032664705,-0.0821222815092162,0.07585461840089998,-0.34637477620565793,-0.29205162157382636,-0.13595227961397147,-0.2894456006451319,0.2155328270344181,0.12980717678713943,-0.47071737765157007,-0.5941912913318723,-0.4343331610873611,-0.5419367230846088,0.20171036352470836,-0.1979291842804898,0.3116245709400481,0.2733299605992557,0.6405417579429526,0.5619037134980952,0.5731164902450218,0.4622728303288826,0.5726316724396613,0.32642702922274486,0.5788006122728546,0.5249575094557934,0.8278145657259294,0.6563402374358587,0.2769962724292479,0.18290238564380829,0.25078166868404006,-0.061700099755489804,0.24160036102599738,0.008909210464993982,-0.11881964918111951,-0.27478215064624917,-0.3334024470080926,-0.40348342086260747,-0.3301839699010621,-0.3349978611319973,-0.2791740966000845,0.3038586120326242,0.019735948022873376,0.018709303639548022,0.2551843487062399,0.10281801238540869,-0.24483138189097373,-0.37788985771648514,-0.3098056167862163,-0.29547140024226975,-0.005640753187241806,-0.2202211337705592,-0.3058092027608078,-0.19500619669167132,0.20846360388072,0.23144781812784251,-0.23207251757742953,0.1842589478829875,0.09310911725776454,0.08670177599644241,-0.00023222367700586442,-0.19162520838290353
