1.0,0.6284566930374477,-0.2196919798733496,-0.12969365731683782,-0.19514381990522384,-0.5484073480014562,-0.2427254286621401,-0.3155118655961517,-0.44320415978310906,-0.24477259427302575,0.6280976576928528,-0.028238267897831956,0.33082712607863846,-0.03517647050200236,0.04724467733373648,-0.15025794998199773,0.5204016690591485,0.051446481451626995,0.5514413878885328,0.276474793728202,-0.41518002589195674,-0.3434206333996437,-0.18306852728641648,-0.22133375730456345,-0.3946601016478167,-0.4262024736633764,-0.26579215336344747,0.07183385495379546,0.15144042063155605,-0.12288803428893234,-0.18477175280816377,-0.20476539433500882,0.1428787511743863,0.01104905195421652,-0.1875660541390752,-0.17572365956627187,0.14820865714356085,-0.1454806823240358,-0.163185021315213,-0.22311108872329924,-0.11042275586630676,0.09560093053072966,-0.13470478766527316,-0.1412203117076808,-0.44796280766955704,-0.3882576632880088,-0.2678180263176341,-0.18618311945536908,-0.24242578699334505,-0.3466381627309509,-0.06890039812093547,-0.20471308299574245,0.11839585496094963,0.035429542800157574,0.04931077111610097,-0.2938138003160793,0.613468984369619,0.41863120925918684,0.24549858060778726,0.06719305499607889,0.12485843902433721,0.06645274346588542,0.3655130733371195,0.2052589538664941,-0.14660893354467927,-0.2875302712942636,-0.08773922925617719,-0.23149089408709134,0.2624254899790214,0.015933502687727894,0.14955423151559727,0.07280988736221516,0.07812432232422668,0.1436788625202008,0.28515556414411014,0.23199790531661157,0.3045591078111757,0.3198878352966802,0.15324061283851995,0.17729163690687583,0.2744823310555847,0.14066047285537014,0.444396065402006,0.25568403653131555,0.27307507101535794,0.13529164392337228,0.5381336357192743,0.3586652538270604,0.2496485633242625,0.38018653918982004,-0.2298887799955466,-0.3328482908451923,-0.19424210033048453,-0.004888491313793031,-0.09681439766828367,0.025965551822862115,-0.15478323817025405,-0.21628210840623477,0.1013362221251317,-0.11763016393317789,-0.19032163277951075,0.14681681319795206,0.01683727775156663,-8.81845294167561e-05,0.08523208890068794,-0.13462513428602865,-0.10528502419339444,-0.06120577898222515,-0.038002507656993006,-0.1831912355618948,-0.24197268727765545,-0.12572119408517535,-0.16565250262013378,-0.040272471571744226,-0.20687470019632426,-0.2169701744045902
0.6284566930374477,1.0,-0.26556886690565373,-0.05916809812548249,-0.31096397915841095,-0.2690320035323679,-0.4320154634324132,-0.35248665148906505,-0.36313081914813095,-0.12674739474076244,0.44249126159482743,0.3105655819409094,-0.02435125611242117,-0.16156699881865205,-0.21531031617825683,-0.26742037683718795,0.49990282949021747,0.19548336411670897,0.35013832022287344,0.305305680439541,-0.28989545194737776,-0.2612276464159937,-0.12614187217496492,0.05653966571125291,-0.12261761482747367,-0.0885460937162989,-0.04932026205369535,0.13950921504844935,0.10466939959290965,-0.16734153905188318,-0.2773484084771584,-0.32813655615431403,-0.015587440957908318,-0.3557460449524551,-0.24273063531069589,-0.5270451979238697,0.21422527937337144,0.13154633595144546,-0.18676408510492057,-0.1868356140224032,-0.09639650468105496,0.11402402969409232,-0.26713239409701134,-0.2926237041855245,-0.7193990691721368,-0.5296456401951978,-0.23255907468102405,-0.3227113933585516,-0.40000976465343496,-0.5658688512142926,0.21312381485065388,-0.1893947232575926,0.398364315679544,0.05295066039364919,0.10432934447814905,-0.3535341869338332,0.2891653284296349,0.65919945401642,-0.0999552309010998,-0.08824637470815797,-0.10757921794467194,-0.061664128149127244,0.4235407947265594,0.2141482736138987,-0.0883011381656557,-0.3357160465480191,-0.2694335565450637,-0.1294369370417903,0.23268012512196024,0.13551794543110848,0.1266357954033062,0.19250015946237142,0.023582594226204942,0.2977137621473451,0.2592591393785181,0.2119867822053531,0.36573670385794393,0.4183903646909721,0.2575532004065497,0.3465939819042697,0.2425629476859538,0.24909717234783874,0.2834454573378556,0.28591412974467123,0.33167989576182816,0.4834494500315164,0.24930018753146016,0.2447212455648123,0.20472628261401968,0.5649469040289394,0.005430586656089167,-0.23870356699979764,0.07165732966922368,0.0098319770169912,-0.38243869669477193,-0.19652446356560185,-0.18645118773744934,-0.09138555382845175,0.17444624468505976,-0.3000095766516448,-0.11887872524092948,0.13026219538318454,0.08667767028618664,-0.055034729840042464,0.09328370679787615,-0.1463860872881411,-0.10404294480076431,-0.14644230503077693,-0.12229038145222235,-0.1304417441581742,-0.2940321343314369,-0.15372408662896656,-0.008336878499436247,0.039410248875192885,-0.044523364107286044,-0.23278980607654096
-0.2196919798733496,-0.26556886690565373,1.0,0.2662724058594396,0.6504626656681826,0.25779824751797314,0.8105008608863437,0.5464299926854496,0.5046196131621371,0.2898980450248298,-0.30169936149492477,0.19495793907887418,0.22279542015014092,0.23673853417118404,0.20980522398616966,0.3533875593110189,-0.42170092131524145,-0.30918943025690193,-0.14650426581891007,0.1684054999300755,0.13287129788164706,-0.03407737015093882,0.2334767049747443,0.32765676064679666,0.08448691466230404,-0.0013229782746243396,0.05729759107821589,-0.04751451654227582,0.05705074881443379,-0.06292755798434953,0.3361100386188063,0.28525927558889314,0.0011383518111972447,0.25842521487084474,0.021972303303504446,0.17572354250113137,-0.27907720492350857,-0.26638362396406623,-0.11349578288671162,-0.19085136441275577,-0.29197205111539604,-0.015131436852101566,-0.198449822348128,-0.08144994346258574,0.02240773275443882,0.007464208442446039,-0.0637413100585009,0.09822102590890583,0.23076999557454314,0.10737332592599906,-0.09411524832923075,-0.01512124357518666,-0.23398835873258403,-0.31714232209700366,-0.21093148457303856,0.12120314032175626,-0.48357666895151163,-0.48155332996647493,0.1616575638805817,0.01287056592832904,0.27531858758268185,0.13108412085713522,-0.4293688255735265,-0.23840121431996056,0.351298961354852,0.19873732149662673,0.13075978251604187,0.1961522710900414,-0.20114086969784392,0.18411923629978713,0.07361288670315154,0.16884165203243806,-0.08124793321789173,-0.0009136013529841791,-0.014998615486160601,0.0661879297224942,-0.032119861842457235,-0.009398337374572662,-0.4919254318498454,-0.4228949882111546,-0.6244747621098183,-0.6397041777397321,-0.2625326877853049,-0.27940547861431786,-0.5016267916637324,-0.5097665540028742,-0.36523349447177234,-0.418925899442895,0.18329015964445536,-0.22447865592561536,-0.1505805244521759,0.12454471223581186,0.024645329836210542,-0.1804191515392751,0.09371419225081445,0.05957386100173933,0.15297442907846073,-0.09757514131581602,-0.25239271424004467,-0.04396042325413858,-0.26005714605947255,-0.31875734127889127,-0.5186708115308749,0.04352470456235287,-0.3490402774445049,-0.14442065464705792,-0.06826478360226554,-0.01973120834453878,0.053191681611121026,0.12031538983139999,-0.15105243763381965,-0.14019142990901576,-0.1396775681648213,-0.03351901325921655,-0.044417807696949335,0.02593975563106045
-0.12969365731683782,-0.05916809812548249,0.2662724058594396,1.0,0.09962126056146231,0.24899930861920602,0.2633295188347022,0.52628228939058,0.04857660547621926,0.18048427958395905,-0.11523704888062149,0.17977916438511785,0.05100004761115184,-0.04263097319372765,0.02702869811624234,0.014801144078750592,-0.4165233415962752,-0.5204190663514814,0.08538962563215911,0.14788513169415585,-0.19758537607924279,0.005746741902958464,0.334634060535378,0.4778555987096123,-0.0436758305226136,0.17307840174981579,-0.08131858183024365,0.2031889475750914,-0.3317395613479145,-0.3836043430454339,0.20477289890184,0.4262196422376569,-0.20176114616199442,0.17556745171633562,0.13887076997483377,0.22145857561970606,-0.16413979232448286,0.13733036125179904,0.07144968448854007,0.1344167030182291,-0.07612511503081971,-0.0408896346552528,0.14515664367738818,0.22712916897651367,0.08880378854207223,0.15373166204263022,0.20040421740469036,0.1798960891916829,0.15344472399450118,0.08953153196305612,0.21525311508435205,0.15336250107076085,-0.038452533392872856,0.039765907234375605,0.0491641710580647,0.12169840488188055,-0.27556259831828717,-0.4735583805031221,-0.37257599258864854,-0.22148825109382478,-0.36185870359116123,-0.3321786685061965,-0.5206079483682885,-0.5890812058728954,0.1593334224741611,0.05743778027340385,-0.17595968328260173,0.1809611649487746,0.11740541870320786,0.11643141275414534,-0.08012383936165918,0.10695065668375449,-0.3909406432831682,-0.21861185793228433,-0.305385856177899,-0.2533096856406946,-0.2007172907547533,-0.10431081977521636,-0.453433729427335,-0.39481856580147584,-0.43644099603303166,-0.32143137620984785,0.024159925234016784,0.03160364492498967,-0.15678241917163754,0.16490937328086003,-0.08811660769356787,-0.10083838565375869,0.19374935707152216,0.07035248135424514,0.08930417446643842,0.0809794122404259,0.2878328919623593,-0.19268834962126052,0.2116703677526893,-0.0015313250325004997,0.14873173218878058,0.08452406408745386,-0.14137824443325747,-0.11312490424153168,-0.06174488031424391,-0.207847917661263,-0.25812060951467836,-0.05779772367889395,-0.17051475177090036,-0.11289543443868556,-0.20422545525709576,-0.04725637767998019,0.08007782390057368,0.0888383370123646,0.13768071347980507,-0.004784844267463402,-0.04934240342613514,0.0022367987691630444,-0.09183137336298135,-0.11153169876921794
-0.19514381990522384,-0.31096397915841095,0.6504626656681826,0.09962126056146231,1.0,0.5145772054226523,0.6736124348072551,0.493442250343383,0.6120900615924032,0.627482160759253,-0.09301845106885766,0.28979235471526194,0.31387364615961955,0.4571878646174504,0.36625296741198976,0.5900722161364006,-0.2759406289572671,-0.28906764753284653,-0.2711487244310787,0.024000812464589034,0.21045810627010927,0.2523212386739053,-0.0854272470226559,0.20395041530883454,0.023897844344669055,-0.1605432002327832,0.4598274051130076,0.0262204109879021,0.06229625121503141,-0.009114493759365957,0.2457997234505695,0.2914262277183042,-0.1082749176397,0.17058836894481502,-0.18338591307583232,0.14098486884107594,-0.4736536594991967,-0.42688896786437863,-0.37359494781576513,-0.2464848563223509,-0.08109617616242551,-0.244036494006013,0.11598975483520949,0.11140441377664385,0.21162677161757706,0.088277094729225,0.09013165150120091,0.25697346249918535,0.4102581187283648,0.32328838582066727,-0.1571256922330213,0.2013042252269143,-0.23493081524351048,-0.2942699911166128,-0.45068551911869914,-0.00023665392074711988,-0.30535802094277226,-0.4960832886535305,0.13347918274811665,0.20832708329378924,0.20195224813801096,0.21359134624222342,-0.31475388189324277,-0.19019156903873438,0.18020372259384845,0.3116701914432312,0.16554333081132558,0.12507330296934763,-0.2801924218557995,0.10186086260560696,-0.05282657534538748,0.0865361605067098,-0.0729494975020388,-0.05929760475667665,-0.13372026772811837,0.06670334949617711,-0.3061600903312517,-0.2851037560184354,-0.510130096174875,-0.5219249460418975,-0.5333053224619837,-0.6479895215345012,-0.21013962359915694,-0.3446232805897915,-0.48010887453420387,-0.427469145132448,-0.24749011114422714,-0.33675073684251516,0.05779933443342158,-0.28624468557288296,-0.28032564340762833,-0.07070137704133729,-0.17484743395508787,-0.282377766542116,-0.023995305797356193,0.058084486320516354,-0.03563882699822843,-0.2626846598539596,-0.22271723753192443,-0.07284612225819732,-0.19026104455930307,-0.16275910826582943,-0.3277188078412492,0.16507143216357684,0.005985347807043039,0.015651727338044298,0.12447137212463757,0.020699524283825266,-0.06623765172464612,0.007110546443729934,-0.1064442055548705,-0.06417413568659482,-0.20046884700420872,-0.1580696147971915,-0.07997354803963924,0.0681308087012598
-0.5484073480014562,-0.2690320035323679,0.25779824751797314,0.24899930861920602,0.5145772054226523,1.0,0.294366265437422,0.4297351383179939,0.7021468536045271,0.7647500520709762,-0.30001124793553,0.3834506725187929,-0.08951531038139465,0.26619063384337205,-0.0005261296959806918,0.5027753659410372,-0.3700346919922156,-0.3033220157204813,-0.5113072765920678,-0.03916378639853754,0.383014622780141,0.37592963353246206,-0.0016390879379126581,0.3258383627468437,0.4165328339323577,0.32774632543851767,0.5414868600444487,0.15973966254016847,-0.30552811521088097,-0.17794221684413072,-0.0809668587896532,0.023725686594257108,-0.2883109725928879,-0.14035099373921656,0.08618922070345193,0.08402391200514434,-0.44533101406435793,-0.21616405847837503,-0.34109647228609674,-0.15239337303669784,-0.15360323987541954,-0.20806434618762876,0.26252979949481303,0.2014006131179642,0.296074399821931,0.317589503295865,0.24192565572944338,0.38378729108986565,0.41247647957337863,0.31712819483228,0.20058441443195224,0.30727583620208454,0.0005746861380149408,-0.07818332491472384,-0.28049409349630505,0.045145720713294896,-0.37658877441216493,-0.4638761911414079,-0.2507876173191854,-0.07070840254422735,-0.2483305812609372,-0.11419933386826532,-0.3580043807814168,-0.3770417544405095,0.08552324236881448,0.42291386684889437,0.17998193685205446,0.4732821336959154,-0.1076267706055387,0.22012609152734758,-0.007957392054337169,0.06275021308314302,-0.30072067303466404,-0.12020755262565272,-0.26254861168613336,-0.05512742967388223,-0.3282233247007633,-0.23827553153394987,-0.3694471343010211,-0.4146188040487492,-0.44289671775140244,-0.4615930847483425,-0.5415836240979888,-0.40124160884618576,-0.3485173378504929,-0.10715371593031237,-0.49227615332528263,-0.5304976422536526,-0.03964583308365613,-0.33829421632413287,0.04689114038099837,0.14735594451597445,0.15216762879570617,-0.18071612666240516,-0.2656912845481415,-0.21092202322612685,-0.04963719732455631,-0.0945941784563705,-0.2819761631815634,-0.19332429929840778,0.1459573333194354,-0.19303523633238626,-0.11249171987023027,0.21654156214710155,0.11165955996646583,0.18634660921893367,-0.07652033818910556,-0.13889036044464761,-0.17464657848635387,-0.06429758208302029,0.1876892915344352,-0.17831438176728315,-0.22710135022873146,-0.16904493649364621,0.12826368849379108,-0.027358006013096858
-0.2427254286621401,-0.4320154634324132,0.8105008608863437,0.2633295188347022,0.6736124348072551,0.294366265437422,1.0,0.7053690239360881,0.5153097846448047,0.27663596465771295,-0.4337759625012103,0.06630001218901097,0.31277483202131984,0.4998391501982085,0.24875542965247505,0.5511691657804205,-0.31935335049488767,-0.35248093543481945,-0.17612592013616218,0.051844738950774495,0.05622193035078958,0.055692120002476336,0.06664010865911892,0.032266662115476824,-0.07300063100316374,-0.23228876707208815,0.06381471631914165,-0.22168004414984252,0.10275559376297821,0.05050483198753753,0.21641696327692903,0.27339521027324865,0.07252441057036123,0.4887791484206235,-0.020784735910844288,0.3460285450987144,-0.2756455309077684,-0.31063505470855085,-0.10394226688668308,-0.06138866245078763,-0.22600404133645607,0.03809029920975396,-0.08189000762133901,-0.005404800833941492,0.20498842658519292,0.06100397516146822,-0.0755988434443052,0.12488203642301454,0.4306097920685079,0.22654502232475013,-0.2607650780138282,0.005745182359511447,-0.24844654305152325,-0.29993234106630356,-0.25236426296264186,0.08422990190883485,-0.3424247444182725,-0.5803543981600988,0.2481509912041919,0.15325482827399234,0.3697059744128847,0.27281625108545765,-0.34736302676855113,-0.21326279530442294,0.18341467562376138,0.28154693119418633,0.16539988630876293,0.07792857894551046,-0.19374866272027028,0.1294942912856931,-0.1424625928632754,-0.01749850888797873,-0.044920176535571565,-0.14286253221051706,-0.12907262187570603,-0.05511856606277981,-0.2528981900446112,-0.2786149773307921,-0.4003824232369426,-0.46149417573076945,-0.5577845492081521,-0.5161934663188994,-0.2934925630552735,-0.21551849438109022,-0.6690204510985992,-0.6524775556061255,-0.2893574135074607,-0.43596880738262056,0.12805862381965885,-0.3535670261076732,-0.09492096043913141,0.04870965356901024,-0.04577832991777401,-0.32087120081286075,0.08388626313496884,0.15949453254020496,0.16319078864198333,-0.13268511102961403,-0.09636374341343872,0.08658686116738225,-0.1173362168983595,-0.20854392633965707,-0.3547851933794027,0.1258511168131889,-0.19880393153174,-0.009432615707930204,-0.06463138866414556,0.12016928568046523,0.06949876516588742,0.005947622468490614,-0.11986513003272063,-0.05662484979265424,-0.06006890211135099,-0.08030419792358799,-0.059993648513015495,0.1376675492718622
-0.3155118655961517,-0.35248665148906505,0.5464299926854496,0.52628228939058,0.493442250343383,0.4297351383179939,0.7053690239360881,1.0,0.2410560883894576,0.39961789965688854,-0.43195836287497624,0.25846056414897234,0.045046373319572376,0.49207033258233673,0.04129177131621789,0.43211718994918646,-0.3653748956611888,-0.33020907518939,-0.315586985113504,-0.005159943684181805,-0.02537309814216989,0.23751689471262452,-0.19179170087698763,0.06292037739860688,-0.18218755752772825,-0.12583835516160222,0.04605251058738799,-0.014579666986014496,-0.19250784892763617,0.033688936634650835,0.1561814879260444,0.38693037339714437,-0.029301366908342428,0.4020412636013427,0.14160089112333504,0.44834022655616407,-0.32701382046615196,-0.039154542969025825,-0.1694258468429725,0.047433905561191585,-0.16337370306208512,0.006480107601076227,-0.02447043904529547,0.10838792023375436,0.31929413348096475,0.3517335901177021,-0.07746621825884702,0.19128656924112747,0.30251008656364636,0.28822740579556894,-0.28565059929408976,-0.007479873776114325,-0.3998357775415068,-0.44039098318172337,-0.4096151561102023,0.09475810643155282,-0.33683412810021235,-0.7126301933411845,-0.015159318267553207,0.21634218068441052,0.1628296274254863,0.2008000116644369,-0.29486645696520764,-0.19904122982681632,0.015753064596100787,0.4200869235329745,0.1513942610382718,0.3612079206307572,-0.23977321902934057,0.0422433827952533,-0.1776136625792045,0.1495132835610815,-0.22406434505293255,-0.17010061267405774,-0.4193354534248551,-0.14711168639431915,-0.38849953508345375,-0.3214017823562924,-0.4188500165771312,-0.5281349435863847,-0.6165180603056308,-0.4896144828810002,-0.35724209147363895,-0.07970083987616933,-0.6130308622085303,-0.38446917884618337,-0.31793036982920686,-0.3517858265046538,0.08264494689698346,-0.3204034814621949,-0.10941401381164902,-0.02235671384352787,0.11654271435837713,-0.4091216676814037,0.17128160421706484,0.1658253854793229,0.13724084253876345,-0.021790754508666462,-0.2767679574257956,-0.04536796117596052,0.1549020416371019,-0.14926830042470202,-0.11111499319365406,0.2273446737594229,0.056581537019485435,0.1408333154414715,-0.03969231891426521,0.2354324003082858,0.05164123861162189,0.10059797623450235,0.01713026504840915,-0.041289569609368366,-0.012785080633163333,-0.0007026584090139523,0.06240915181651181,0.20109754915173014
-0.44320415978310906,-0.36313081914813095,0.5046196131621371,0.04857660547621926,0.6120900615924032,0.7021468536045271,0.5153097846448047,0.2410560883894576,1.0,0.6239634385122625,-0.2617348806712332,0.1792474687662859,0.19682352929724578,0.28942905870384794,0.2888085925438001,0.6347474544050271,-0.3596853600842873,-0.25934376715107216,-0.4563250634900471,-0.081718024524567,0.35308734313067425,0.1854146907194164,0.27674894350377555,0.2598276038599511,0.46100124588630326,0.2922379099412804,0.3111384037974862,-0.01481749174396814,-0.03238156825614663,-0.10538750023476928,0.07026520058892242,0.014062887686792815,-0.27715206804875747,-0.03480278095302321,0.015168249217347942,0.05286806860724539,-0.3898805871407315,-0.3772208145980158,-0.2831877234031694,-0.22569586108599124,-0.15002279144415862,-0.2530254543927824,0.16073985455787887,0.12894535485573674,0.19070275820188107,0.12873997373743065,0.1953877519744715,0.1915905913016035,0.4239340517751191,0.24723323878268108,0.19929040177299212,0.23632478647000518,-0.0026300216593166054,-0.012528711095587022,-0.16063215129592773,0.0833217811679534,-0.4621628300441666,-0.3281089295347292,0.008241867403731526,-0.10571406426710049,0.023061998272973623,0.019209639529819002,-0.4726629786692346,-0.3344809901852705,0.3020097778209765,0.40139020408160503,0.10629670506058424,0.2387050085708465,-0.10805600988949322,0.2829173835245076,0.10469181350623993,-0.019250019716335217,-0.08156978603930404,-0.05166496058055355,0.005001848183782732,0.05245753938764111,-0.14304122530389127,-0.16560264687643692,-0.40615301514441216,-0.3380973512998945,-0.42345958342089135,-0.5434048614491769,-0.3867185094202039,-0.5248800272436857,-0.38176785189069656,-0.4015841863524114,-0.43734595612118404,-0.5258851535093315,0.006387243862577383,-0.36522214750487353,0.005751585734273081,0.19409896233133594,-0.06641752694051441,-0.13055152763875835,-0.23459895029157624,-0.12812084810918914,-0.027114985640115778,-0.16709911898944352,-0.14586444790716746,-0.08359832217319599,-0.09957439875080784,-0.23735046883129768,-0.3237392155875975,0.07873320396485668,-0.1264799893241984,0.08423565125354827,0.03841761363048585,-0.21739454197910626,-0.10033022194762589,-0.03789870252792969,-0.03670876276176806,-0.17308767933676034,-0.1903405448163406,-0.1564236867837599,0.03037690764922679,0.0019362739259583682
-0.24477259427302575,-0.12674739474076244,0.2898980450248298,0.18048427958395905,0.627482160759253,0.7647500520709762,0.27663596465771295,0.39961789965688854,0.6239634385122625,1.0,-0.0647557145899761,0.4125274661377307,0.024442774804945756,0.3404763852669833,0.20662140832909126,0.5791926546724113,-0.20769491592927025,-0.22587869076943665,-0.33048915512672344,0.03553592542082546,0.3978128314288753,0.3175179135707213,-0.19345250334353714,0.32051283425257954,0.16943887008119854,0.1563193882871974,0.5255731044301174,0.08630538384168412,-0.11631797361322957,-0.0773201355611428,-0.009317715296053294,0.10181498582199403,-0.2561957563710178,-0.08941026239786468,-0.1728459443827783,0.036817550986911654,-0.41932518849976586,-0.31334284954499775,-0.45252748890061495,-0.3046711549634481,-0.026664220759584405,-0.0967125122195783,0.1115123716522067,-0.0009702556422445685,0.1529763801163911,0.11848973435826463,0.10772468305906538,0.18092886944997214,0.31392660533655364,0.213129697764375,0.04870666175259966,0.23693778577808564,-0.13806891819236464,-0.16696487126440543,-0.40636124529768064,-0.12413883917164933,-0.24944568013307392,-0.396455316896997,-0.035810835203739295,0.05029062964934366,-0.05237392999419807,0.0923776109195385,-0.2343699372654743,-0.17270175382937983,0.128865138284568,0.3523545745406772,0.053931954763572376,0.24228275589720186,-0.05926863069218279,0.271790749272232,0.07647566737629337,0.13291429303460287,-0.14362377971081894,0.032898960777356955,-0.12070523549678087,0.1534211061636602,-0.2365855814073059,-0.20707775740824982,-0.4152849816229525,-0.43106431670789436,-0.40123714469481214,-0.561657141773261,-0.24959649392865152,-0.2522192759747566,-0.2958542457985414,-0.15093804974726407,-0.34849307490687015,-0.38734652323238433,-0.10477263306694451,-0.19809267953467288,-0.24452705970753247,0.02280276370579695,-0.11331598257566974,-0.24454738974386486,-0.25590314082042354,-0.1056085142010056,-0.18382274633709444,-0.1508400742907857,-0.31334019797320584,-0.1877345392901117,-0.0523606544650431,-0.08978273163163687,-0.17360322923511073,0.25531371377951445,0.09553156077494385,0.11291592074114616,0.02106741784139557,-0.08992747342023057,-0.09110654220887969,-0.031218596626398087,-0.06127973436944012,-0.1523784627545459,-0.2484414458907418,-0.21425291556844142,0.09372006483880396,-0.04931181324657528
0.6280976576928528,0.44249126159482743,-0.30169936149492477,-0.11523704888062149,-0.09301845106885766,-0.30001124793553,-0.4337759625012103,-0.43195836287497624,-0.2617348806712332,-0.0647557145899761,1.0,0.16460577161075615,0.49107888217824114,-0.18131606955290033,0.3990290561478461,-0.04082670812404503,0.33818418211355583,0.04403403007771523,0.24029242889949534,-0.01924927749275252,-0.11701794855772751,0.009679952352867238,0.11412151586146173,0.19179386883581392,-0.13674983833081433,-0.08040761010848971,-0.014106232741155201,0.08780021977525738,0.11647810259217024,-0.1985916691422271,0.17225916189605442,0.02584792198034246,-0.32128134565865146,-0.41156679061153445,-0.19593452040766063,-0.3181782737231406,-0.051928697625336286,-0.16939890177833208,-0.2775092577171955,-0.23632415467677143,-0.03179743405989377,-0.16553907474233515,0.19526233250348643,0.16377695214742147,-0.23912993417856215,-0.1345243819074939,-0.0051053575750341935,0.028008628404843326,-0.07010113646509968,-0.0362193324367459,0.108258090531095,0.13885059607244826,0.02404234189405777,0.2296590892500679,-0.02345049965836156,-0.22694324457316736,0.4203425135235481,0.2408805175390181,-0.1382893788347371,-0.13502368139685916,-0.2343858968749086,-0.20076848475113915,0.12708919810318534,-0.024242979468674763,0.023194956104973876,-0.20619673291535925,-0.3247437560854532,-0.17958955636497953,-0.020367982092031365,-0.20359199747716328,0.24101434517759363,0.24608766104448432,0.03042721295767161,0.12980965842646483,0.14105814417817272,0.2869595005411828,0.12306451031763546,0.16222369403009532,-0.01103775906378941,0.02518121589000067,0.3741071926230769,0.09140299994716199,0.6326141395729508,0.08405031840044157,0.6175634846770726,0.4118313314450179,0.6804719125221445,0.5512027360846237,0.06887076989698492,0.21045079165512276,-0.25787563410861036,-0.26071797144597136,-0.15697075017726467,0.016969553690433088,-0.0746813915140574,-0.14992258731116687,-0.18714795174561566,-0.19260627583840162,-0.10366763495414348,-0.2341559572580449,-0.3012248968192909,-0.023406162566177554,-0.14918418935885086,-0.150592536397846,-0.0038487881905741902,-0.25983151348698935,-0.02826754245115297,-0.17464067863704197,-0.16449851353586908,-0.11926870680183733,-0.12099837230380381,-0.2433516478888142,-0.27807303148271634,-0.044351876516779826,-0.31231582830853316,-0.32501028812646443
-0.028238267897831956,0.3105655819409094,0.19495793907887418,0.17977916438511785,0.28979235471526194,0.3834506725187929,0.06630001218901097,0.25846056414897234,0.1792474687662859,0.4125274661377307,0.16460577161075615,1.0,0.09590441299345408,0.2166450546390869,-0.04010861541150556,0.20318587310856864,-0.038628953311000275,-0.0762268759933284,-0.05094600126344478,0.2485521110008518,0.10509652750696277,0.16370321262761506,-0.02115340403267301,0.47078670066594347,0.20062219550723806,0.10582561946888568,0.23656014639963077,0.07853332739199237,0.12634595613213542,-0.06437659893622669,0.14184156393443137,0.3161622404374658,-0.26111087429657615,-0.20174550347601056,-0.03317498306671009,-0.17315006466554486,-0.2918255479403956,-0.19149611714749698,-0.4881620690689204,-0.25851583369228853,-0.13700050892400553,-0.20947057428713073,-0.03399524848229398,-0.11896313636465636,-0.16860337043404858,-0.043489830737994666,-0.1861051699304663,0.03101724274296015,-0.03794338067434609,-0.14584022730768662,-0.07782824406282407,-0.1437652407604187,-0.19455605272189166,-0.3040068330798202,-0.5318043871040633,-0.34155824692068393,-0.0767233220991949,-0.05401901024709429,-0.29467051274431166,-0.1282650762058829,-0.1212359083853976,0.004167646461731248,0.01059206523580105,-0.08206299290295249,0.20906236977819664,0.1800567606708168,-0.23625799389426425,0.15065867760078225,-0.27079643914002594,-0.043399397743579544,0.15296561423465999,0.48622454606943516,-0.12696067431839422,0.05309540073561684,-0.1127939210797206,0.3383580691112754,-0.020147793996679847,0.15277918127090107,-0.13481131934857762,-0.22790053386865125,-0.18685277140994896,-0.16881843800588595,-0.021509983443024676,0.18607238144595967,0.027001070864598284,0.2240919767188769,-0.2531349009700624,-0.06273331737810646,0.23492053687510306,-0.06600045107911216,-0.3055556262749005,-0.17936960000909147,0.19234582774764336,-0.18064288133905806,-0.23961548534544644,-0.2627688496105667,-0.23103085848108118,-0.21364813447660347,-0.4444749858288843,-0.403863461915746,-0.178009523223082,-0.13733902759317174,-0.3524007169506197,-0.08986941891686892,-0.11098475231966383,-0.11600298179364424,-0.11063120563211408,-0.10440573101365257,-0.2368000709523314,-0.1058831522639071,-0.2384996006748501,-0.2842181998633929,-0.25303955438688613,-0.12918604955889798,-0.05768402237775453,-0.08363402033973148
0.33082712607863846,-0.02435125611242117,0.22279542015014092,0.05100004761115184,0.31387364615961955,-0.08951531038139465,0.31277483202131984,0.045046373319572376,0.19682352929724578,0.024442774804945756,0.49107888217824114,0.09590441299345408,1.0,0.47659668223348056,0.7105642959468081,0.4644411882954658,0.2501191607080026,0.04737186460607224,-0.016866611377809593,-0.14263634944246603,-0.018315899327363196,-0.011888880725960794,0.35081370611424334,0.11771800402402803,-0.02394393402715431,-0.12199973344963025,-0.10670656052102905,-0.15169876593466514,0.41748859875141725,0.11588358670752802,0.39760261879068015,0.2367121695186763,-0.33477021498130355,0.01614934624506502,-0.17845121398743494,-0.0232121380690135,-0.29377564504024073,-0.3281623244375978,-0.2630398939414067,-0.22635089223382904,-0.06409704060233398,-0.1987690370011828,0.15229644857787247,0.19595331279973507,-0.062515629732014,-0.17554525652211606,-0.10017736469343855,0.08450698328571248,0.3712132083769131,0.13041086459361606,-0.042215193979106225,0.1614479954845264,-0.1112640872873357,0.08403455022747036,-0.1357878527166289,-0.11361691705751897,0.01978372115510096,-0.12576591613892676,0.09111686855662267,0.03009563084595079,0.20680391644401783,0.09443475043097538,-0.04791206077773414,-0.10652658542212175,-0.01885501853506834,-0.0032129373049428886,-0.2529833330300622,-0.2501972909983879,-0.2485904704086107,-0.18918990863889631,0.22082821852232506,0.22291024009543087,0.23136484550002265,0.05688872120062854,0.07755981367013923,0.17632848392861428,-0.07170079661525922,-0.11005292925297139,-0.1421696616234321,-0.0956780393300615,-0.03821103161402052,-0.18439271692680864,0.4304620647828776,-0.16211368074597549,-0.008820755076154792,-0.26154797928500534,0.4217407327586218,0.22832064033414262,0.11728104549607835,-0.18076604484897843,-0.1826080764144237,-0.26071051462487294,-0.25416504539673956,-0.34783998520344184,-0.16365281348467353,-0.23246970306838402,-0.18969045301312637,-0.4140208516363071,-0.1948812067912519,-0.27371395430205775,-0.42373485294970376,-0.294033984157417,-0.38796215652468696,-0.19629570608693528,-0.17382329388445783,-0.2939953294733866,-0.19721626901010142,-0.0530658663157327,-0.38807390316167917,-0.15559789066327076,-0.28803718059069744,-0.38098586950968116,-0.36382725940750327,-0.1325041572739483,-0.3358697376368247,-0.28806715650018594
-0.03517647050200236,-0.16156699881865205,0.23673853417118404,-0.04263097319372765,0.4571878646174504,0.26619063384337205,0.4998391501982085,0.49207033258233673,0.28942905870384794,0.3404763852669833,-0.18131606955290033,0.2166450546390869,0.47659668223348056,1.0,0.2872880610801039,0.638786673690731,0.243990213170451,0.2289322257694771,-0.31757843942013503,-0.22138530063312542,0.09337603289380711,0.13309761505633683,-0.23032924252469528,-0.23113469265370387,-0.038028878758169946,-0.17056188072242157,0.03329505929868359,-0.29103813345548274,0.39312166798056836,0.48301804164467593,0.19689269099924359,0.1960989884039681,-0.11835068299741398,0.26542842581773146,-0.07947015467848627,0.2658750186834951,-0.28280760657061005,-0.24477168967020949,-0.33511334962478323,-0.2058446891459582,0.07906656229472299,0.0009307285943978051,-0.1017217718350633,-0.09674557530196966,0.14268083430540782,-0.055128504127587324,-0.30876202821307214,-0.09148534552637874,0.3809959870580361,0.08065600385373697,-0.39825424714402535,-0.12593018949411866,-0.2638036880288642,-0.39109176875661134,-0.37455340375643736,-0.28490330489145493,-0.2108713022993301,-0.3281420102064322,0.3640075850903339,0.4701451677211564,0.5376378769361259,0.5609547402923817,0.21004627722357067,0.24922934396181623,-0.25173038510555856,0.2655559287914056,0.008239626131855509,-0.12292789258166385,-0.3728494643883681,-0.13180945201854968,0.14855473787913,0.21004342437518989,0.34699001660368584,0.15615054955934524,0.02311914384232528,0.17676331837493547,-0.18486630734642154,-0.220749545951728,-0.012640839720647607,-0.11172411964133112,-0.18934003385198586,-0.18888523219349862,-0.13993942771761084,-0.09394344457843815,-0.47044655637960864,-0.5324312786393218,-0.11514027472260505,-0.16498036159491508,-0.07786251630266529,-0.32867635516378696,-0.16410520926201558,-0.35742291168569684,-0.24416970715050698,-0.5055207784793266,-0.3459248116868496,-0.16939275058147593,-0.29017681347250157,-0.45278034851418225,-0.18394320756223523,-0.3583938330170373,-0.07851731991955754,-0.07759101544756472,-0.07977535135248533,0.11449037555835473,0.06878194286146504,-0.012616696018382924,-0.013674856466476024,0.22747700466521595,-0.3546410842699901,-0.21164261809057977,-0.31781262283554834,-0.2657990456992324,-0.31216997278359815,-0.25456685559982034,-0.12073621166806352,-0.09281687961778377
0.04724467733373648,-0.21531031617825683,0.20980522398616966,0.02702869811624234,0.36625296741198976,-0.0005261296959806918,0.24875542965247505,0.04129177131621789,0.2888085925438001,0.20662140832909126,0.3990290561478461,-0.04010861541150556,0.7105642959468081,0.2872880610801039,1.0,0.5989277042422326,0.01025811806953435,0.04629394204973695,-0.2431797965786411,-0.28114586173666667,0.20980600993961993,0.2196017842543593,0.3343626562675057,0.1875024205337348,-0.04073176554860315,0.05719589582910657,0.14215198400047765,-0.2029692188008011,0.30240996465694775,0.172206420807178,0.507123579651983,0.3156635029655179,-0.26150255541639755,-0.0024833709986632918,-0.22798343904880383,0.03056785318813124,-0.30637495136644327,-0.15952932850844678,-0.1773386380149707,-0.0790525693865161,0.16154747740725142,-0.08189909860536182,0.07257886299108936,0.2305198588881604,0.1800809316985392,0.05574385639049554,-0.02210858452978564,0.06744279201221698,0.2920828425268553,0.34309017288935584,0.03684253338130417,0.30221308259029006,-0.18046605343722655,0.11109582987930108,-0.1553054745632679,0.04914875408282422,-0.09968713893657512,-0.22844157956523822,-0.019480926135986683,-0.05358174931684047,0.01835151835319809,0.018551779641249943,-0.22677937219985178,-0.14856083595381103,0.20283475190479652,0.17297856213554785,-0.327621724798014,-0.20984554591725146,-0.20038740618838663,-0.19085511974804642,0.27221158242078153,0.20529404834877407,0.24035286347048965,0.19916485428674333,0.10770430621228543,0.18007122053085245,-0.09345016259554093,-0.19373445015859692,-0.2527165233436557,-0.18087522994362146,-0.09232874650532107,-0.252219149790356,0.4112307888408717,-0.2768367290257854,-0.020116450482248274,-0.25767861930439767,0.4326456358431298,0.20823815438281354,-0.1851280550999578,-0.24324170190252029,-0.2501611759910418,-0.17195323479555383,-0.3505659168199491,-0.26122566255449675,-0.0481268626057804,-0.11823130546963026,-0.15200392321954145,-0.2345925918970369,-0.21709071762301776,-0.1322790101752214,-0.3471666069981538,-0.27989836490016284,-0.26109380380310293,-0.16130574958409705,-0.1063069487479916,-0.2191557649198719,0.049548691242488146,-0.0003636191353950628,-0.30102858114622094,-0.08234884634628477,-0.2630631487842695,-0.2842134352236346,-0.24103897751822553,-0.12158493493130228,-0.17444800874417282,-0.13407185593367615
-0.15025794998199773,-0.26742037683718795,0.3533875593110189,0.014801144078750592,0.5900722161364006,0.5027753659410372,0.5511691657804205,0.43211718994918646,0.6347474544050271,0.5791926546724113,-0.04082670812404503,0.20318587310856864,0.4644411882954658,0.638786673690731,0.5989277042422326,1.0,-0.04241855187309071,-0.071727493574189,-0.5215422299112118,-0.24206755204120053,0.23320307145395344,0.3228603240756028,-0.016603878998051522,0.012388068164766987,0.08737948327696851,-0.006644113147235986,0.3274731217090874,-0.15562438264364448,0.16851570701338633,0.19845153726309386,0.12515760714663207,0.07131856283394204,-0.1669682197095622,0.1171300713568284,-0.10093669288872573,0.14727699666698932,-0.423710415180496,-0.35974610247706634,-0.44652835983215583,-0.23726576305536126,-0.0352100580712957,-0.08145466180410978,0.060905568780778276,0.06965820665921711,0.2418241516539791,0.15881492232436428,-0.09482211546507345,0.08183518394163815,0.47612873410440965,0.2573273655667857,-0.05657794928338648,0.11478147311947486,-0.2028530608578511,-0.19086357595605885,-0.40031007033125193,-0.13928418446898902,-0.15144652471853196,-0.41052317154876744,0.09840981346561448,0.0891778879635929,0.20210671186619591,0.29560325486508454,-0.15548574759674846,-0.09472020640953308,0.1357339037733324,0.5973121551023166,-0.017436931859201157,0.11776347442593132,-0.18199619557519522,0.0400876245828601,0.09579715194314378,0.09330236214694858,0.11413975804854636,0.07842144602974863,-0.0033528397832057787,0.17425359826072465,-0.22957516875545186,-0.2651510857044579,-0.21132676282496746,-0.31566875143720013,-0.3090449171392255,-0.4394669925064124,-0.15223962420246834,-0.3805193119912089,-0.41819174774940454,-0.5237681842092432,-0.03168852415759814,-0.2561032684984851,-0.12299874570072011,-0.47743245641485466,-0.20184072053885838,-0.15552172567450812,-0.20711110092023977,-0.3682554334954493,-0.28622782136421987,-0.11906434203523003,-0.17904998997428323,-0.28346167399109773,-0.26537704648419397,-0.17992469605767542,-0.12314821698532584,-0.2157650932703073,-0.19362315372336006,0.15532199880692127,0.031787703988216086,0.06065140648701177,0.055699072149665664,0.045494540356156354,-0.3254342451916759,-0.17161721329933044,-0.21127214268586222,-0.3589713616649664,-0.27304701310737617,-0.1710204657117905,0.004100933794610337,0.029978994897232134
0.5204016690591485,0.49990282949021747,-0.42170092131524145,-0.4165233415962752,-0.2759406289572671,-0.3700346919922156,-0.31935335049488767,-0.3653748956611888,-0.3596853600842873,-0.20769491592927025,0.33818418211355583,-0.038628953311000275,0.2501191607080026,0.243990213170451,0.01025811806953435,-0.04241855187309071,1.0,0.6959249138666765,0.20586459009791375,-0.01357919228021599,-0.12268656706551463,-0.10871485446153532,-0.2927033627810139,-0.4329930088332849,-0.11311169230952825,-0.22273712724314274,-0.10483224993119547,-0.24022796802866528,0.5570336926225918,0.4909239439279412,-0.15698593678752268,-0.3482992685284658,0.09252316974602279,-0.15057867685529094,-0.2749240513298018,-0.4285148440100075,0.255856333976494,0.061841370052305486,-0.14865860842906164,-0.20725398723417288,0.0876759322906211,0.1784845982835534,-0.2758675783823032,-0.3952118796160533,-0.49602655471373674,-0.5305145973406907,-0.3915079417639245,-0.4299647779365469,-0.18201014553679296,-0.48208223864728106,-0.15444482868249024,-0.2885799029969985,0.14948442498036293,0.008178974062141539,0.0038662094697249,-0.45719114758168367,0.4355289057862106,0.6064322389166015,0.30815761875850145,0.30035734113837353,0.3586847227531684,0.38963092573364877,0.8339485816036125,0.665843607293974,-0.36260896868458664,-0.16654061243148216,-0.14652919137407788,-0.43961291751800236,-0.04082519412746482,-0.15345577630725238,0.11126326519729283,0.05417498733271163,0.5574604538025164,0.3678036029358703,0.4307913483028467,0.20536351872157743,0.2781230874728963,0.0925494878729452,0.6897688602340704,0.6674488481891498,0.5496401807615936,0.545668093998688,0.3496933029600424,0.27688139889518126,0.1947585060582306,0.017588130778889592,0.42867534270801155,0.33250777472103893,-0.03923336746726647,0.20083171276495268,-0.06482168485920717,-0.3764134452680162,-0.3059404000343422,-0.19845904492078692,-0.380127483895759,-0.20838097030294292,-0.3917057109818415,-0.2590943979957497,0.19322497792691917,-0.17907691246917604,-0.18918523467428594,0.21334117809794295,0.14417506091668045,-0.05038280653188132,0.039367765087858816,-0.12957387143686452,-0.045103102466731555,0.09615050270837106,-0.34762318054772756,-0.2574922950576593,-0.4577903090854727,-0.06940345864697516,-0.04235242325675631,-0.16509268365328597,-0.13231833056828338,-0.1272976649782432
