1.0,0.4086226543726698,-0.005686641618490488,-0.11630181609548566,-0.20814155014064042,-0.058214169389174626,0.29523016719027023,0.030712149329408054,-0.1806181670630302,-0.2608575974921631,0.2818856581423585,0.04418094556480971,0.2003216935659668,0.09606327809454265,0.09272175916708313,-0.03502486106150667,0.11864232827637311,0.023891081133070643,0.1956337865414972,0.3685856387943388,0.14678363961636953,0.03887873026900163,-0.013325643129278506,-0.2735217155575743,-0.12163039518711977,-0.10158255722436896,0.12884370320504804,0.13790332304476732,-0.11648771065492425,-0.14954165418680063,-0.14892649100742975,-0.08067257443828636,0.06871726347304667,0.06621820782302443,-0.1718588310607343,-0.19543377011741708,-0.0025693474876846358,0.2391169827136946,-0.08450969509593262,-0.10971239869779084,0.23865571460420568,0.14406879895667904,-0.02973604931804038,0.10967751929971761,-0.1900520556576601,-0.04844939602321324,0.054657348121851815,0.04135922526278002,-0.20280036532995502,-0.10332069909371569,-0.23134399021560242,-0.22392189365375637,0.28181302672994757,0.1415528144159924,-0.02895863590215693,0.035940534221170294,0.6534534378633847,0.44993881372415107,0.43591746923742336,0.40860321645569964,0.023660267899369647,0.2190561247441223,-0.2715582893019134,-0.00946979109948479,-0.28200692403021804,-0.41688503806130256,-0.1253750698993425,-0.28099475173591365,0.36820294655031865,0.20852235842268307,-0.1079216329544216,-0.22926719705854398,-0.16571833788736745,-0.035655311194867895,0.05891272615239368,-0.041862360909064616,-0.01976017756659336,-0.1308654721141356,-0.062307642382933764,-0.17153941672894826,0.018182583984167226,-0.04649168457540994,0.1421699007076105,-0.09186411671716567,-0.0062771775470584395,-0.2669106654640161,0.005243083325033966,-0.054244882981934285,0.07371382035228352,0.07119595134135016,-0.10069356990249989,-0.004557807231724838,-0.20461560498084314,-0.02396124829713406,-0.3596031552427968,-0.1331147253880957,-0.18589384266649053,-0.058319951529522296,0.0226811283423274,0.08967652693949349,-0.13095805603354158,0.11958827468821374,-0.12682463579037834,-0.1008738382841419,-0.29037745224307193,-0.17867662803595988,0.050987441111846235,-0.04148253262911938,-0.14682317379236223,-0.268585248441392,-0.15230793865702444,-0.15720499885353592,-0.06367390772008333,-0.13475897869178094,-0.25572957652006884,-0.18285882774766868
0.4086226543726698,1.0,-0.13498213680769255,-0.1282493025087442,-0.17939074418807158,-0.2081354784769461,0.06457269272754325,0.008429198627990561,-0.11238575696215962,-0.3402519394484695,0.1754962202650984,0.19367022737914497,-0.02552272797224075,-0.11592224198636411,0.03704264844797832,-0.1241838577206404,0.06427056409034052,-0.021909516391372615,-0.10206740163296735,0.09933135275344646,0.26679966366244695,0.1896994926493053,-0.15863964889565216,-0.3438798216792904,-0.08584626907597817,0.0036129885418669447,-0.03583821952549339,-0.017153784978781228,-0.04012243317753904,0.06095816672626873,-0.25048638817915964,-0.09759575799954695,-0.016861955335262992,0.1019746395027847,-0.29081848993510473,-0.13078882546551246,0.0254011420695621,0.16725312889122113,-0.00013100644888458445,0.027325266601001853,0.24093563360155604,0.22834158779479863,0.0418189872348166,-0.03575756601127057,-0.08287831360072435,0.05307598582525279,0.15159191253041845,0.02255325107650302,0.03371227365821922,0.09013673585177956,0.0009184197477973175,0.012304995881254874,0.30978037506891803,0.07748752437994146,-0.0803914475301678,-0.12099208833094702,0.4074251093252626,0.7348833444068817,0.019770287151240903,0.057853059775673635,-0.05171907590737886,0.3718946210507671,-0.217795930866126,0.3127955224271611,-0.18435698619378474,-0.2808544520245071,-0.4200518752144993,-0.2910295226206384,0.1915075545058818,-0.029749994938816318,-0.0314055354829307,0.01068861187019605,-0.10402516030996256,0.0218517325350552,-0.15700996741583317,-0.08397216047695734,-0.17626173920855207,0.0037745829987995846,0.17470078824377275,0.07654979822117132,0.2238579884465978,0.1506999096123511,0.15029250854881984,-0.012104958345331542,0.1223806347375791,0.08250774347494595,-0.1477037000530256,-0.10230050603002377,0.0956910292371622,0.01220397156696279,-0.16716761794520368,-0.20470388565472902,-0.2006749304567174,-0.09651509899289232,-0.2709325167463996,-0.21124994318300952,-0.06404610044550765,-0.1490552933563348,0.009255619807521567,0.049980597651338,-0.04950192345515178,0.03229508503738243,-0.060624387814416085,-0.35178198976260744,-0.2114409348569038,0.015636330105828117,0.06378989742900519,-0.28720650720783386,-0.1270106272384592,-0.013449473370952748,-0.08067023703189458,-0.00501135257125211,0.14283666324080688,-0.08349219254926685,-0.17111394587280862,0.07825427086736732
-0.005686641618490488,-0.13498213680769255,1.0,0.21151017201536246,0.012206993205497917,0.019213279891491453,0.39964918488092105,0.3917572182446401,-0.030945328253143525,-0.053638060097857834,0.18573856486333018,0.0642278575813898,-0.018667374979847332,0.07707821550661295,-0.12324557689920725,-0.06087786906522929,-0.3128719221293315,-0.13460426800675773,0.23904340728190437,0.07580782158516289,0.06057684385101573,0.052109085057533235,-0.07696944683520643,-0.08093130601536318,0.02170369863794994,0.054461173989880665,-0.05987310788301239,0.05113657578844082,-0.18356934299078723,-0.24823576416015514,-0.09597504530968462,-0.1801527620094097,0.1403598162878876,0.15195652634962634,0.06040835860434257,0.060252235168798934,-0.10805583599204577,-0.022099944364257613,-0.17526543959603447,-0.22134341199004,0.006516412773662223,-0.16662471060028203,-0.1849752608249994,-0.08302682009747475,-0.05023374966952994,-0.1121836731689696,-0.1653057394712424,-0.26444868543603783,-0.07665120367736615,-0.0686409743742098,-0.07008541631979456,-0.09969963227984413,0.08458035991697777,-0.07580166821317191,0.027731742018517625,-0.07431620156700389,-0.040011483001566615,-0.08641752736896566,0.26867738600486457,0.15420366432854454,0.23914419707200357,0.049072856114930626,-0.0031402012011780074,0.12024128115269435,0.11176909401264151,0.03459445520028114,0.42531678921432864,0.24403849528234992,-0.12550148502416986,-0.12398783724988685,-0.13175121201204437,-0.07940068770780134,-0.3109723828255496,-0.270727804260611,-0.19030356571295076,-0.20576337811965023,-0.23729907471786166,-0.21388743846596647,-0.13760712498695682,-0.16155748327509453,-0.26892025405737857,-0.40095167847398516,-0.026000808365615323,-0.1379231151600765,-0.13688518264197064,-0.14391776949371848,-0.04339951185123723,-0.022978498899958115,0.11569278531942229,0.07636543096569676,-0.08795121333324503,-0.0463541000607404,0.014913309036104688,-0.005157543961283677,0.018992324583213642,-0.008647775520540378,-0.08143044889689278,-0.10960316129711016,-0.1540314666641503,0.08022035174032746,-0.07164086321860347,0.13338863572845938,-0.07770473328220004,0.12964465446514903,0.008041665295907139,0.01303251619294418,-0.14333723374738278,0.07601484642271618,0.004999362086140617,-0.09920216582848931,-0.12864119164732812,-0.07480778438539026,-0.06971275801412702,-0.1206666677091225,-0.0663819101811168,-0.09539185556015675
-0.11630181609548566,-0.1282493025087442,0.21151017201536246,1.0,0.05938870050199854,0.037823103237635776,-0.21461369697273056,0.12327860934951364,0.10811992174919151,0.11341001657376429,0.06951874525445634,0.2166156416057596,-0.021285702213283502,-0.014417161794476642,0.1625335986146236,0.10083551512814644,-0.1284661224003598,-0.2578237505539839,0.173246790873564,0.08116637766537871,-0.18253946652456485,-0.08997045561094655,0.29175657157532425,0.3963169529812768,0.10135981389948752,0.18787650744861456,-0.01367841852222536,-0.05594193840669724,-0.06050439792915369,-0.1783632269303005,0.16963306874900622,0.17039375132545034,0.026696198953008704,0.05741810003076949,0.009641251160241327,-0.10315438825914126,-0.26996802741018955,-0.18736562253136277,-0.2793236918661974,-0.12476881770667636,0.03939086540960373,-0.23435394606874946,-0.017649333808543086,-0.035735237400514264,-0.12975723296057715,-0.12961179220116387,0.05383216694006389,-0.23774911560550396,-0.014261506000278805,0.008272644396029654,0.07063334403220331,0.05115841330731381,0.19032050803502298,0.08590399924198708,0.20243060920900185,0.09013602571800844,0.11565885704675463,-0.023561789072622415,0.15111210258923477,0.13075454593788527,0.051386704371892675,0.15948757124663912,0.06236895971704203,0.06269828282332437,0.1525959928646433,0.21098721318351857,-0.09482446998191886,0.07466864716795098,-0.21496818456770453,-0.1403160420429701,-0.14331952038146675,-0.21889598742136607,-0.1086487901692899,-0.24953042734227804,-0.176772888765909,-0.19778855036032875,-0.2403057025706836,-0.2764134389165611,0.05741254223574677,-0.09556397314364795,-0.007438937612077746,-0.1146639376134863,0.18396183076417788,0.08891945895574699,0.15972483822215375,0.16701428010567212,0.24449693136111722,0.1625005645402067,0.1778745327196623,0.20397116317183236,-0.07783053019328977,-0.1851540319139739,-0.06808453295617696,-0.2520241393158046,0.0682602482428744,0.06276016534473772,-0.020911687873915792,0.05172805870028552,-0.07045922666074202,-0.03920216255988266,-0.08282785830041829,-0.26171810573240223,-0.1303120974173732,-0.10796083721581665,0.08145119864899247,-0.03821400088576633,-0.035765224447610273,-0.18118852478754857,0.08984588121925194,0.019774476734659818,-0.33985463201122734,-0.029919945672814537,0.05506951040962261,0.010266604403356042,-0.03864514162904322,-0.17228218336874132
-0.20814155014064042,-0.17939074418807158,0.012206993205497917,0.05938870050199854,1.0,0.3047705888250831,-0.09012146437102798,-0.09686610443225963,0.5472160774798844,0.5196229625691589,-0.08319307295472006,-0.216102297011165,-0.09535508321017436,-0.09355605927722858,0.04564009065848551,0.49914344759929,-0.12082164118180946,-0.1055577218515809,-0.07705234677872241,-0.1693167128047071,-0.07474527016557526,0.026247214226950966,-0.035617353877809926,-0.004655681242138943,0.22864757562121482,-0.14203163260961157,0.5397741805846261,0.0728835947981695,-0.1057698760695299,-0.033169386384996016,-0.05393274887401093,-0.2313836275661485,-0.2985532287695692,-0.3670341727042998,-0.11365228288025009,-0.2654309659064938,-0.037451589446449204,-0.10115601778398807,-0.003956538961931463,-0.017907224538109622,-0.33593659905361417,0.003466847382464323,0.31094188288909264,-0.01220873699537337,0.010134221626183378,-0.12969978870032417,0.03168537236647162,0.23733528728220113,0.029648166292129463,-0.050108213390719,0.24707430312571074,0.17559165301650262,-0.049465991330786864,0.09696882658823452,0.14327862917609857,0.12484187661884992,-0.1698597814749111,-0.21561158649885834,-0.13357441375013834,-0.07108938788943578,-0.2023516100354849,-0.22191727529093738,0.09319444316845088,-0.34504481865672987,-0.08396586602186008,-0.06040311934935577,0.10951013809843578,-0.14277208029518215,0.11051334004282315,0.2589578575314066,0.1626095166020465,0.3131991684300209,-0.10997718795391563,-0.07326452050300714,-0.0969808058463843,-0.03223588276936721,-0.11710350526915511,0.03490753406953759,-0.1604660928416313,-0.12884267814428815,-0.10154306753628178,-0.08880239676410209,-0.21275906425119626,-0.09632006706663876,-0.11892693319123138,-0.06202160008101929,-0.16561064172457166,-0.1556789084747708,0.10382911522981819,0.01871362988915019,0.500101286302448,0.4272204248299744,0.3414503562822929,0.26320405894267757,0.2267435009361693,-0.05174710307185277,0.018716907265030235,0.031850068011066386,0.2238395551724289,0.02082732790601968,0.10340936665483165,-0.08673165304327837,-0.008457927976221361,0.09422890367261678,0.047367821469859635,0.2111793576801168,0.004654915762555797,0.08381726621009726,-0.05572414467203452,-0.060579706222464544,0.11042723572402982,0.3234671342117124,0.2061345274490164,0.09328324407929255,0.06787763142242834,0.1422939823809475
-0.058214169389174626,-0.2081354784769461,0.019213279891491453,0.037823103237635776,0.3047705888250831,1.0,-0.004838032073064107,0.0504874439187761,0.1746124777953616,0.34818727835432683,-0.008934867410706968,0.10659723313045624,5.3245041723948985e-06,0.1728863425640964,0.2045636133421358,0.5319146922856745,-0.04331337040086988,-0.3694322247910109,0.017819405027755378,0.02723571292477646,0.0688091813499873,0.16546259252854228,0.1442555873941783,0.3974331568163139,0.40520223836841424,0.5604675790786101,0.570220653244817,0.564787989409921,-0.329360697046921,-0.3526203794073566,0.014488703779477604,0.0005778405281049298,0.1788049307458741,0.10383957177768809,0.03915592867387339,-0.12746935571104293,-0.10203851178632675,-0.10772692657058999,-0.16416766837069802,-0.19355003452884606,-0.1471224427851962,0.13145575618757047,0.04888958719571832,-0.1392713352449201,-0.23775864489130033,-0.25815773280210597,-0.3511927245476956,-0.160578613749979,-0.2272226993401908,-0.29644638089967545,-0.11365508775418715,-0.0660982588590486,-0.15478388820214023,-0.1628920717045984,-0.1774301673324603,-0.2705918874778707,-0.08432069748409832,-0.12065954053617614,0.12052371046289026,-0.09587288030934496,0.2003833313475131,0.1319355179135031,-0.14961052102784325,-0.07447711875055447,0.11630887330276952,0.20287986037426772,0.3712307622864821,0.3716665017412593,0.18112805343476668,0.2650338461495561,-0.15991936002340842,0.058631573696721194,-0.334546194353444,-0.10461083996561632,-0.1319976260154811,-0.035392081236766806,-0.24167931495673992,-0.18065767110340453,-0.24304702231205436,0.2585491380199475,-0.26128795379615233,-0.30267431909930326,-0.02678964001436949,0.10138269113499367,-0.01861549978154057,-0.042023539167740605,-0.00783688951768447,-0.05344020871593225,0.12529445002412465,-0.008528572162153773,0.19203553092363074,0.2219199766446039,0.21460909842158374,0.16439363921149344,-0.09622455301927742,-0.22647669199243467,-0.2923547863094071,-0.1687728216416066,-0.11467100468673962,-0.022515383723877427,-0.0064419547072884255,0.028058013324330715,-0.09089127346705204,-0.061579286367108285,0.1116059348869914,0.17741177568556085,0.030165289083283368,0.03674975349138219,-0.1258753300578826,-0.19360571859358205,-0.13997656505728748,0.012981121589272376,0.027979409372084683,-0.06400318348135174,-0.049228994876660916,-0.08413033943553007
0.29523016719027023,0.06457269272754325,0.39964918488092105,-0.21461369697273056,-0.09012146437102798,-0.004838032073064107,1.0,0.3109361172453806,-0.036871843734540735,-0.13532605450389498,0.2189107408696689,0.15324221557126042,0.1823681060696299,0.2898257159840679,-0.05707542259135268,-0.011346231699248279,-0.27457472653629295,-0.18981268747263771,0.01909135818753131,0.12903157508798793,-0.07009517294795455,0.14602486832821052,-0.11254773012711851,-0.24780695864959149,-0.11577015178708172,-0.17239002221764355,-0.10720769951431298,-0.0011240569231467119,-0.1503213437831346,-0.19125751825962198,-0.11643251550693665,-0.17770436895749622,0.006313801872968003,0.07853051281624572,-0.009783196158714053,0.016076361468058756,-0.04909979528762583,0.17348281725556908,-0.15961069460833374,-0.12946925954412444,-0.09143688972109958,-0.07609201788248335,0.006848242424225332,0.06504271479781569,-0.0791768552883468,0.055060212656667065,-0.03065872027921674,-0.10650276473113603,0.011262501595291725,0.14786356990638908,-0.034440801744598216,0.013482013582937748,0.014885577425153678,-0.00787971257921201,-0.17796189537837134,-0.1552932437311011,0.11017183034701694,0.03704301353040265,0.3137795174160401,0.15327287952320517,0.2086069015678266,0.1145385685652162,0.009771408800916847,-0.021598915656043282,-0.08666137545131046,-0.11953803966078426,0.18657248023007797,-0.040391250413938234,0.11576609563657742,0.052406506752445355,-0.08633716972581791,-0.1320005131597009,-0.2333907719243232,-0.11923035602309091,-0.2548083537866665,-0.10090365538440142,-0.2742339172391358,-0.2067221282537594,-0.09951231559822239,-0.11124953235779042,-0.10816972859732404,-0.2208076640612915,-0.06228256360466158,-0.10700994095461902,-0.16508765198252198,-0.13113773047915067,-0.14784844581479437,-0.11645091728999477,0.08947978395455378,0.022959233126633272,-0.05495441427530772,0.049190929503044836,-0.07476398866201756,0.004803602575959128,-0.2871381181559594,-0.29794655156577493,-0.1756554615426346,-0.2521747557940648,0.02800952726037956,0.14039412242832364,-0.0671601498964293,0.19671739023119272,0.004077684501376306,0.09559899177124673,-0.03545021609251875,-0.05500916395552889,0.022168524895230142,0.03323753531923958,-0.07525094049958002,-0.16908851967103292,-0.09296380206744563,-0.13017394831821438,0.23104168394051738,0.08081775899978205,-0.009380215355542202,0.03591436006048382
0.030712149329408054,0.008429198627990561,0.3917572182446401,0.12327860934951364,-0.09686610443225963,0.0504874439187761,0.3109361172453806,1.0,0.08979871887554522,0.29340753324594737,0.13572728958113042,0.18359527380456409,-0.1203629814006047,0.28443017640797064,-0.10205860096736963,0.20451195040843714,-0.22159345716762804,-0.22607932240002107,-0.1715468420044364,-0.001652795082065331,-0.051005345654784616,-0.02727815237772808,-0.2971130127563876,-0.2803777858647091,0.12538018040982338,-0.009972958721901355,-0.2586336173197075,-0.271711750868222,-0.11731705128780764,0.004938264870084419,0.006053351676744922,0.046898265992690154,0.0066525862149198894,0.12307524975760019,-0.030752570743202774,0.18137603364472893,-0.22290187667662562,-0.06954757365646183,-0.2357419670955672,-0.29795724370332066,-0.10437163168001308,-0.21725180414500342,-0.06713915604540949,-0.09686100269744652,0.22421326625721863,0.14006881968213336,-0.052573893406446,-0.18893295457254108,0.06939229543992219,0.13925854284122904,0.05903221842876152,0.05274585624955134,0.15467903457642743,0.13502392293899795,-0.09369606619951383,-0.15507541864288843,0.05500883524924597,0.01667580491040728,0.2746983951216668,0.4247013776343654,0.3007161412226696,0.3326598593960107,-0.04700649053369536,0.20156686355663414,-0.20949614918641934,-0.04970386389279675,0.12121709181996151,0.2880697953480412,-0.13967546604188222,-0.1133586641945648,-0.2088091936335795,-0.0007538708289445998,-0.1980314997101465,-0.08897770868161867,-0.19652766202533203,-0.12471443790804379,-0.19122346542447033,-0.12113074513333569,-0.09126294707081804,-0.05182249292976961,-0.10339893081957274,-0.2802147119306451,-0.24779486575340617,-0.035120336696207594,-0.37243767616034285,-0.282706212186361,-0.2559440517589891,-0.24838868401654082,0.06545348520046264,0.09983903991334049,-0.1002585042704463,-0.16217668837903074,-0.004968837478511526,-0.1530158010884093,-0.15118853486442047,-0.2357658110660691,-0.22392018733669963,-0.3193636780377054,-0.30428003707066487,-0.17096735993274598,0.06260103959507987,0.00861943011105033,-0.15051365340818637,-0.2288396676354275,-0.10275784084590467,-0.1224687625700398,-0.07515279312098345,-0.21379439492465846,-0.06990208563907256,-0.03333830129759335,-0.18102405817216602,-0.15685590354181475,-0.04587571670261006,-0.12213516042268856,-0.1041211157986684,-0.05701606565687888
-0.1806181670630302,-0.11238575696215962,-0.030945328253143525,0.10811992174919151,0.5472160774798844,0.1746124777953616,-0.036871843734540735,0.08979871887554522,1.0,0.4203012294701036,0.10184169193449473,-0.08999349639943828,-0.03815255632082721,-0.023039351123648813,0.39334122987486836,0.6924243966248055,-0.17481011552128595,-0.24238252668652427,0.09175979795009563,0.026920705000505574,-0.23576897138652653,-0.05526316883452929,-0.1560677940587275,-0.051085426381322546,0.03289665188299529,-0.25857878652106125,0.22292933667398773,-0.09486425159387822,-0.024923062392321917,-0.11983173701241134,-0.2022117036521097,-0.4096425744531776,-0.2974734647447109,-0.34114337230065284,-0.12895385839747323,-0.3367019451122815,0.010252580498339057,-0.08856709548528925,0.08897404175163022,0.09267627379033752,-0.14506108415733865,-0.08956790608677895,-0.035938444722919835,-0.19445156659552598,0.09271059152265004,0.001601266256506311,-0.14023996710676537,0.016096686212247267,0.0358449477115525,0.07620465789284428,0.0681910691255991,0.09759735871794756,-0.086824139024634,-0.1456938125346008,-0.2367019137868854,-0.03271918132700069,-0.054308932858804164,-0.10321675247571979,0.041180947162154986,0.03869925653522494,0.1390391808548403,-0.01536010817417963,-0.036607747056507996,-0.11217861117305793,-0.041151231147303444,0.04053442190576231,0.03409383059394647,0.010786906182050643,0.24734621501165285,0.3779179709897258,0.09409869588858737,0.23196283978140958,-0.06366883450378776,-0.22519817889259522,-0.07617726167543028,-0.19343363182009193,-0.23839874695829935,-0.1585048957617402,0.018545108494420016,-0.14867826814595503,0.03503472220506802,-0.020610647441526613,-0.11411411999387255,0.09605092347878062,-0.09896408281082418,0.03908146554357491,-0.13023321512752215,-0.07404396697978473,-0.06015301194438698,0.1892650261695993,0.369749437083028,0.3159642609417399,0.4100269235590657,0.24921511011811906,-0.07008479790512918,-0.14567005170228572,-0.2584628779143856,-0.15345220017804534,0.08880394652036872,0.0820433537072799,0.06389538109399454,-0.020786592570052786,0.010114032015488383,-0.12921123899194914,-0.03412641664884044,0.11169010221151503,-0.019070168330072267,-0.13766525565412727,-0.34952440160904347,-0.09588408714995929,-0.1388461121346424,0.013753420387054046,0.1516718100954306,-0.15459582790971116,-0.10224698451516784,-0.0010287839671552696
-0.2608575974921631,-0.3402519394484695,-0.053638060097857834,0.11341001657376429,0.5196229625691589,0.34818727835432683,-0.13532605450389498,0.29340753324594737,0.4203012294701036,1.0,0.01989297122492811,-0.20664457371846526,-0.1777247565661808,0.07713272922459141,-0.1610698913325177,0.5254154240794662,0.03565311559389692,-0.08220290628710882,-0.2267535101144483,-0.13060164702971241,-0.27245079092127417,-0.0017310523248036422,-0.20651986656927446,-0.10502082589679895,0.37381994750991704,-0.09520214992127375,0.08178434357492358,-0.2775615133720079,-0.005575969867046653,0.031166041452697656,0.15317048310492984,0.12326832496811324,-0.19518407069596524,-0.20255105582885397,0.12356629963414595,0.026920040503702263,-0.2288092306146509,-0.3054704021772316,-0.2299774437390774,-0.28349029716499075,-0.42011455096703576,-0.24191158222636613,0.33725340358819755,0.07673777228712411,0.1991688428033495,0.04381107230637702,-0.023518791609017372,0.10411805171805334,0.11597504238581142,0.07361707134021872,0.18622445088647266,0.1882084508910152,-0.0850620196725339,0.14023565656945175,0.05554005006144836,-0.034605327830304594,-0.059358328855748856,-0.25966989700205495,-0.07422799788961888,0.04061960955457034,0.06699815242398252,0.027669392745081355,0.24192620485601038,-0.13905080819482687,-0.0729142212994218,0.020347011241715843,0.11356511078949483,0.08253256384003035,-0.18909325798243,-0.002865281963341876,0.0646411560455003,0.2809582100430801,0.006396899965194461,-0.03480609286969414,-0.08346558976079245,-0.11625624267827843,-0.04304849711191726,0.0020006173937578637,-0.31462083504689664,0.008187815941885184,-0.1988373852886958,-0.08307182593631497,-0.41726475413738917,-0.17533588554623222,-0.35133283370115076,-0.2606702506248234,-0.36517989261205147,-0.34392239135614666,-0.08374968877121393,-0.047444014790833454,0.38088402251720066,0.20393030822995017,0.28323009748754185,0.1598955668439679,0.09190657350965875,-0.014957933726032002,-0.11899823243922256,-0.18268786019992017,0.025355618855834483,-0.20393770933638314,0.1252476265579237,-0.06473468973269433,0.10547647633643926,0.03094104998587029,0.20680025944360947,0.21817337656849642,0.029651595576396045,-0.01326603577352784,0.0028086050327758598,-0.052303831374948234,-0.009366535737208161,0.2470928300471523,0.023589474572654173,0.06939883525388522,0.014011202258255945,0.038305369503218924
0.2818856581423585,0.1754962202650984,0.18573856486333018,0.06951874525445634,-0.08319307295472006,-0.008934867410706968,0.2189107408696689,0.13572728958113042,0.10184169193449473,0.01989297122492811,1.0,0.3756075786521614,0.5994297102892334,0.43979500007505073,0.17532881780320314,0.08712028033954969,0.15754480943234953,0.0909523563343401,-0.04454140758674487,0.015371435468832843,0.09658529346719215,0.136432092048137,-0.12285072626404557,-0.21991738365684682,-0.07303368306073381,-0.10579104805920606,-0.0023929098218587095,-0.1278841571899442,0.014274674772030425,-0.19553890168048793,0.02776932032630433,-0.08155851490888955,0.057478826169928034,0.08912955789209821,-0.16547138132447092,-0.2649303516119338,0.018146275542302727,-0.1830034060041186,-0.13613490087708205,-0.16188873935963446,0.33390115438985907,0.057922030578901905,0.08475949923585231,0.18037227290583605,-0.10472667933701017,-0.05081538961450336,-0.13664777506688128,-0.22405077886615452,0.014949707646736166,-0.06340246623593668,0.047775392646097065,0.05743676701270067,0.18236401075067712,0.09064133616063437,-0.0989804801518848,-0.12876596688201886,0.4143580413334791,0.19232848781293346,0.13363943581522247,0.1310719771258556,0.2781271334153285,0.18352952211166926,0.2064609449198232,0.19411314507137328,-0.007741539616007148,-0.052073893801536646,-0.0023674994338093464,-0.02619476251124057,0.012281406715487563,-0.05913249951757967,-0.017764736355860677,-0.13047817710528586,-0.09074435835002548,-0.10252166726255002,0.0845251626083263,-0.019067734011783615,-0.24185142789601152,-0.2156687923999867,0.009769570352863875,-0.18286904644003266,-0.059142958541704004,-0.13625382675391015,0.24265543749516036,-0.06921173892927206,0.11621142761196222,-0.03493789785567984,-0.12036371071312968,-0.05726621917833236,0.0636002673343251,0.026130612676458748,-0.14073680957039744,-0.23182182613759345,-0.07145685622636318,-0.08677812986208767,-0.14009966077748096,-0.12084430123866596,-0.15914880637690165,-0.17081847295069244,-0.1540711806707434,0.006806230838432898,-0.1283569305705251,0.049882376747124806,-0.15181646665083287,-0.11432746331047625,-0.18543605003249988,-0.23215620148852553,-0.16476994288942912,-0.1557569195735154,-0.04242774924844794,-0.02973708550241957,-0.23344505829342138,-0.18011318276187632,-0.2033677670179956,-0.3310687961187101,-0.28613969471534645,-0.3064874466114404
0.04418094556480971,0.19367022737914497,0.0642278575813898,0.2166156416057596,-0.216102297011165,0.10659723313045624,0.15324221557126042,0.18359527380456409,-0.08999349639943828,-0.20664457371846526,0.3756075786521614,1.0,0.3858280955065084,0.6150796520272915,0.15560541543753534,-0.026091142737296867,0.04810355769448528,-0.04402869651432532,-0.07880329150576618,0.08885110768869779,0.10913249947866391,0.09573548255094934,-0.06321389283013858,0.04481847774150521,-0.10816440851919674,0.1778005562380165,-0.07764827827101595,0.03314752365791107,0.06525023423999314,-0.11450324954688555,-0.09409349300675744,-0.015297920485377411,0.2578286488385736,0.3143649917180374,-0.2230913888416339,-0.08661576772109082,-0.025480092605907636,-0.12609105841732726,-0.16744590461764325,-0.08399880109398541,0.14753315020535077,0.02152086683902227,-0.030058498192456977,-0.029803576557721284,-0.3850433198996191,-0.27638242111536643,-0.23743809630306775,-0.368713174986685,-0.2112618054945676,-0.251372202853538,0.03331957276973248,0.16037630351101317,0.13044645229094695,-0.10915135899706352,0.1409541792505456,-0.052994740323443625,0.13005713838995817,0.08455815624994314,0.03391533881832027,0.048263758277657325,0.19178320827922174,0.36364279203208577,-0.03154906032880649,0.2334614803603078,-0.06575176595945667,0.2641130725165794,-0.10297222335045145,0.18655499878838244,0.0357165233169914,-0.13329381429499476,-0.2452505617605379,-0.30831878985926753,-0.1018497676654534,-0.08505701184383097,-0.12829610628494,-0.06828443653935495,-0.3171329466315761,-0.24032531678439337,0.030527041930906728,0.011258278459171002,-0.1004459927911479,-0.3039025944852243,0.2682697792682833,0.13257892455085277,0.060724995799590537,0.0897067502305232,0.02300286562199036,0.15875661879069572,0.2539956381285246,0.08308138255100869,-0.16754312684556447,-0.24745296585032564,-0.11102993382346504,-0.17154168833312494,0.0600584164649848,-0.03149179658080262,0.025885821075223685,0.05589718567363025,-0.2571566515201901,-0.15604503823938476,-0.058136228282685554,-0.07995558094991456,-0.029445161378031222,-0.17178188937633837,0.124222927536594,-0.03388868552730315,0.17377252248107655,-0.24783073185829219,0.02832567493330576,0.14796533528020528,-0.15640628716127805,-0.14553230296693487,-0.021417698946303968,0.0051798424766256995,0.07365658754062078,-0.10165868337230677
0.2003216935659668,-0.02552272797224075,-0.018667374979847332,-0.021285702213283502,-0.09535508321017436,5.3245041723948985e-06,0.1823681060696299,-0.1203629814006047,-0.03815255632082721,-0.1777247565661808,0.5994297102892334,0.3858280955065084,1.0,0.3778798641066591,0.29351671384004485,-0.0581909894015443,0.12257668048474811,0.13955225971025817,0.012674256755928589,-0.050919830222592055,0.05209002877067361,0.05073070250173704,0.22834716595333132,0.04596103970126017,-0.17215901890075963,-0.11584635785830553,0.10155071225823434,0.16009248208002477,0.00504280088779416,-0.23799967843365655,0.1337788030719404,-0.018823023209886564,0.18735420038224176,0.09965851768417594,0.009898724428319575,-0.0768521211454707,-0.08213848902021682,-0.16866018373218516,-0.09998590068775395,-0.12622199068378692,0.17384127495385085,0.012129805220914829,-0.1276178002957171,0.03612450259478126,-0.15683958885623983,-0.1187807362009369,-0.20416069333822076,-0.2498277436290924,-0.10088086594731438,-0.18872793244032132,-0.010042373274858667,-0.01544503801482536,-0.08026731126476554,-0.12695703196492636,-0.04514850693693618,-0.010525221940160178,0.21620128235269664,0.1434765863940308,0.1518779323347843,0.10865634353524276,0.039638497925316096,-0.01096747602530321,0.17272381022687966,-0.11740238234594885,0.19233911091889097,-0.011469881449622193,0.07082144589395191,0.041538412394465735,-0.06436899057982073,-0.043734364081674616,-0.028218612024865808,-0.16675082966041727,-0.16625572240362824,-0.14106028191078543,-0.022715640761119916,0.03713954801271693,-0.00939658116974304,-0.01588646925483255,-0.05551986314410334,-0.09729407769270716,-0.1558733779627039,-0.13037566116355007,0.3292178334557117,-0.043143446323211626,0.2716258299146257,0.0891671849294298,0.0693006754953499,0.13852862261813517,0.13504212141052027,0.13178564416764624,-0.1594078787574425,-0.02367434410811969,-0.14225629739176368,-0.008130059247363871,0.03315594585156993,0.0461278380209928,0.002806277892764313,0.046807004598315646,-0.092298261041756,-0.036208259824516094,-0.10124842984998843,0.052838190354291825,-0.20018201390906723,0.09470449565634456,-0.0998970166982044,-0.2127092723828438,-0.20639649567378174,-0.003875341302367015,0.010047046803461364,-0.030261033614464233,-0.18921809600868597,-0.205984656649868,-0.2317746022283831,-0.1851044471760468,-0.12802586310777883,-0.20193877836773635
0.09606327809454265,-0.11592224198636411,0.07707821550661295,-0.014417161794476642,-0.09355605927722858,0.1728863425640964,0.2898257159840679,0.28443017640797064,-0.023039351123648813,0.07713272922459141,0.43979500007505073,0.6150796520272915,0.3778798641066591,1.0,0.02027175357111806,0.09951571352594189,0.06688720519215997,0.11907455414656765,-0.13043310790187843,-0.007324570873645737,-0.06033883867123776,0.12276116227233794,-0.07982465142030143,-0.11446784304341737,0.033783412567509996,-0.10280479517546057,-0.07866092861513034,-0.012775344017705808,0.11441102508974894,-0.16487887423534503,0.11265656415247835,0.024060926738770822,0.27783029026923756,0.1854187529495724,-0.01942878809140315,0.026263300032110366,-0.05214529674384172,-0.1758602929444759,-0.20069987249680654,-0.27351304405432186,-0.06897773230467041,-0.10206519215696665,0.027965001146268147,-0.04355381975732189,-0.16129373711990416,-0.16939540868581543,-0.19126342101657168,-0.19985386257699633,-0.20471984328806114,-0.16660748254336732,-0.07413483891815016,0.15280590356364304,0.05550550427973739,-0.039713446103945754,0.12038930742719334,0.043552105824164265,0.11767325714582046,-0.05510563891672028,0.17907712707903706,0.2172084443856727,0.25222505704626763,0.14103921703254704,0.08221379919338055,0.05168190449261967,-0.21961905428824888,0.09492571663118674,0.13346708173475189,0.21775978029180434,0.10743731860574521,0.028426716427947887,-0.1567495483308886,-0.22394581382627707,-0.11538110056599211,-0.12910218403083618,-0.07960096868289675,-0.07066267827864324,-0.23618781437662684,-0.16255627176267393,-0.2917411254228176,-0.17904491506406253,-0.3264637426686533,-0.3805134519419949,-0.10101001805361447,-0.06665987419562265,-0.3194466501725682,-0.2390325082646742,-0.08674953118376998,-0.0741611373530235,0.13345723184896638,0.11239691061694383,0.037216379317915195,-0.06799210782544342,0.026276624117349316,-0.014097612147279876,0.06650540026877141,0.021699652826742286,-0.031374871003053174,0.03971334399559832,-0.2219705371543472,-0.2671725318875098,0.02431642438084778,0.06343264892142457,-0.007694969775083858,-0.05742055053313459,0.016524404793108936,-0.10780926820294383,0.06677499234152627,-0.17025821574966243,0.13646300539411776,0.11209260715503719,0.0035105482086256277,-0.14309377510224022,-0.2022409605462625,-0.05183939458781913,-0.1468831286207416,-0.26060798893968723
0.09272175916708313,0.03704264844797832,-0.12324557689920725,0.1625335986146236,0.04564009065848551,0.2045636133421358,-0.05707542259135268,-0.10205860096736963,0.39334122987486836,-0.1610698913325177,0.17532881780320314,0.15560541543753534,0.29351671384004485,0.02027175357111806,1.0,0.40001563228730036,-0.10042746003072764,-0.16900941605591777,0.2631491996378638,0.18331895770555445,0.12313437171253966,0.08428703729929625,0.22279945961201064,0.18909366931089086,0.05963376031769662,0.12082687345271713,0.42198562087010494,0.32121443971041513,-0.03252025658472025,-0.10898490871847703,-0.08020771896173788,-0.15777995579120546,-0.039248385750012216,-0.10783741861819768,-0.0038648650673707183,-0.2483895821143193,-0.006765557688621293,0.007256879063621264,-0.07519278526430134,-0.012518884396288793,0.21407011364836823,0.1426014431146043,-0.26300195372640645,-0.22272957920227768,-0.15206981584003676,-0.09361213850454511,-0.0667566901482096,-0.14221571491573123,-0.19854974637734288,-0.09562862244919279,-0.08726023966781508,-0.06856012660162868,0.06600179727749873,-0.15670129998472704,-0.2371691435417943,-0.2031326918158425,0.14307688111266856,0.14545639915857794,0.2155080317935514,0.09933408982344241,0.12344116681194893,0.0589714494516504,-0.25739123918164025,0.010627184151295464,0.13229021949871905,0.0434050218074438,-0.03504886021506904,0.009145481023779918,0.2281629288497225,0.28173803570204753,-0.06315474704933571,-0.13369994039749938,-0.03699994317644687,-0.07826701094599894,0.07770758000833045,-0.01073574375626797,-0.08533491734567884,-0.1984362264084537,0.10546642868044322,-0.05261836838530451,0.1955705558474037,-0.03381484934455141,0.39441182429906513,0.41925843602399715,0.4118214296122379,0.22897227212590945,0.15105094402803765,0.07674508933772091,0.06915463627224296,0.09974079430178596,-0.00661392283159,0.048112626837874296,-0.0648893231665483,-0.03656196171348067,-0.29774988944941005,-0.29855100136368096,-0.22267884456755963,-0.21457562218569157,-0.11345300395766902,0.0555033515443329,-0.2017358889244899,-0.006415583143147218,-0.24867803952439294,-0.16255975804141512,-0.23616433267151832,-0.18590177725405457,-0.037126480454240135,-0.18645758974053264,-0.28148949752362074,-0.046008052712232225,-0.2296517273585503,-0.3293192939817581,-0.05372877061912572,-0.22127239690808664,-0.1455558886447023,-0.17738494346217798
-0.03502486106150667,-0.1241838577206404,-0.06087786906522929,0.10083551512814644,0.49914344759929,0.5319146922856745,-0.011346231699248279,0.20451195040843714,0.6924243966248055,0.5254154240794662,0.08712028033954969,-0.026091142737296867,-0.0581909894015443,0.09951571352594189,0.40001563228730036,1.0,-0.00753601523437526,-0.3429849974714141,-0.03015080487442037,0.06290797980532808,-0.17638776871433823,0.04421325937525119,-0.02801195713541345,0.028400204075109903,0.13952142976065326,0.042000337300542014,0.40883178018761496,0.13941943987932937,-0.10901267099003692,-0.13085706294018795,-0.10981732126153126,-0.15749945358683806,-0.06941569821239321,-0.10007535907228962,-0.03628332973667246,-0.22159966645015677,-0.11976064151704315,-0.11045980457017984,-0.026613408852404093,-0.061228244059691364,-0.18763903202022403,-0.016724710877403643,-0.007481306018634079,-0.2130680867915366,0.09197894827183427,-0.08413529999160899,-0.14942964275186058,-0.04486877617160611,-0.03673556584508656,-0.0703321170335672,0.07420003173760774,-0.009661251311575641,-0.12644208505336968,-0.0718284476648671,-0.17413104472765328,-0.08053246909868195,-0.007371410280368629,-0.11055436038684444,0.1367080851463981,0.02688265127498963,0.16853533827981398,0.01675474595555835,-0.09979781408202971,-0.09310072677312915,-0.08767030105970369,0.06833938014895244,0.1412946957904025,0.11773650384221668,0.2593228758816157,0.3345180174254646,-0.08543526869486623,0.0989132040021083,-0.15000208790408343,-0.1564962998365769,-0.059571730332333844,-0.13073886335111917,-0.2731562930738143,-0.21947257418326435,-0.007568225233568585,-0.005917847055229204,0.08771823959209771,-0.030339197599153395,-0.1986635084383172,0.22559649941206059,-0.15353694012889743,-0.07344595832305904,-0.22591454292576357,-0.20661821654616255,0.029871243727515363,0.111516349419912,0.22919634724194465,0.23361383644933967,0.17504367841527357,0.11569829405189368,-0.12685262836855402,-0.2819358869627157,-0.19585107452972728,-0.19483696215867624,-0.12037626738750246,-0.002151028692836124,-0.1023031739348647,0.008986716429216748,-0.1641126461030204,-0.1807805742712301,-0.07627756210208574,0.010352522794928829,-0.032723916820281175,-0.15973266063922437,-0.2705597765939428,-0.0625993067168244,-0.17116075972833752,-0.03643371862850578,0.09778229009459487,-0.11974331156887888,-0.10722274358579577,-0.06297071813479943
