1.0,0.40649132482237793,0.08984996368988576,-0.2727831855626506,-0.18127632969370736,-0.32998513681700986,-0.3106992915039127,-0.3906963105847055,-0.18923033124712127,-0.3158578237181642,0.5056013809929691,-0.10242327633401602,-0.15623577226742016,-0.12583106289681226,0.15422250642896587,-0.18219480569957597,0.6221314781289757,0.4508606792975962,0.2637518824197778,0.3607753468147749,0.09630821758367451,-0.4157506958641078,-0.4372314496330118,-0.27603690074591714,-0.3254333952817138,-0.383024510566393,0.16713710552719158,-0.2955442362737895,0.48127092521661774,0.2571113177773683,-0.05391917302655047,-0.10913830597803424,-0.3512788816108165,-0.24463360629873246,-0.4342862692627886,-0.4381347249997586,0.03806310230336301,0.022654067734204492,0.035337976657591516,-0.15957891784060446,0.17614109141261694,0.15559616413828542,0.11047048674080114,0.20897375441069072,-0.038459634766594086,-0.11000719265609511,-0.13492569845472868,0.05092043586117719,0.18470835661958324,-0.19815921396524444,0.06568672048700967,-0.2234396081913288,0.021343444820811616,0.4818821985758254,-0.14546076012279022,-0.02245557153252483,0.616747954056874,0.7215921516915832,0.11467774079933106,-0.005415968909013111,-0.18857245209968143,-0.1099052555852021,0.19053897026288266,0.5514753217950097,-0.47324673568111925,-0.4161436845463812,-0.49305238635553034,-0.45995511705282144,0.0848566539791497,-0.24597296648854322,0.40071013628052154,-0.06248284122573024,0.5051095781042936,0.370318728808334,0.599133953212304,0.2521473196216422,0.5132357210837696,0.2538414068342563,0.5328408423993152,0.35410854599210656,0.433207522636909,0.549596607784663,0.3516454031931899,0.15162293301760213,-0.07936904270559016,0.08815159264196273,0.0394004211630095,-0.16804396295634316,-0.2981992698632388,-0.44499379617552726,-0.3864822382993374,-0.28756852913290526,-0.30494134889155816,-0.17801679270502696,-0.21631471444439296,-0.09422793924846606,-0.1791080576759124,-0.07741706502880177,0.17721747748228087,0.34055456669250805,0.21732230708076392,0.4332038661452035,0.22785197902547794,0.3350697914836593,-0.2945002901551304,-0.29180010776786885,-0.09534583984892953,0.0602855550725656,-0.2528301841827366,-0.06378856776664081,-0.19457206824086354,0.16912832945767828,-0.08086181629761946,-0.1881149555225089,-0.08847511520555217,-0.12096322399351538
0.40649132482237793,1.0,-0.138221029098885,-0.05910533182686748,-0.2714653781341021,-0.33958773266427855,-0.1202932147615212,-0.14584017999525203,-0.07637519101723832,-0.200231762327194,0.45507160563641075,0.31774275533121304,0.24896270205440368,0.2460664964819672,0.14431537262344749,0.11093571682676391,0.3677634689111862,0.5014111797568007,0.04983897935254414,0.3217334606987322,-0.21118449286222848,-0.2717056561705376,-0.5135140636219454,-0.2755122858232698,-0.5717418387804409,-0.5552630094102311,-0.017329774349465425,-0.34014014925759667,0.4150314227500537,0.3755791051964409,-0.22066226482986062,-0.3171039327262362,-0.2192867725823838,-0.28961722321680783,-0.42139884839321584,-0.2849545867665703,-0.1072696998404634,0.06082813688992965,-0.07405338598702205,-0.03941423574691001,-0.026670615727497536,0.1012675036688477,0.17861266754994087,0.09091825240160668,-0.0336800835655148,-0.0666597617656417,-0.15404009664157353,0.0067533861675952355,0.1762633507186882,-0.21033633594720857,0.06955644487811709,-0.24351198899326348,0.026009207957509405,0.24054937604063575,-0.13865917177564455,-0.06637473625767665,0.28745708142584464,0.5303086618089916,-0.15708217690197607,-0.027626591722189942,-0.0036857167801417935,0.14604404289782752,0.34828830444622,0.5092979469489939,-0.30219880846927893,-0.14214999646917428,-0.4667218887603561,-0.3867066038204944,0.14325078854163248,-0.10743456743541907,0.14507934679486642,-0.07863903082928245,0.3256224793305641,0.3054012382004521,0.3699784000698864,0.18054071863882312,0.3993493607836378,0.35741529155431423,0.4396852085914806,0.25343516950785716,0.3926570109303536,0.4952936954094574,0.30199107707749023,0.26364486650793567,-0.0515217598620895,0.20367572621877372,-0.19269373796583178,-0.08795839215435279,-0.33670890612224735,-0.2780137044437206,-0.34978078186025013,-0.43177926417467577,-0.16520264626914402,-0.22532675892453827,-0.10235142161216756,0.06345317167402709,-0.043480608653348234,-0.18666298421827318,0.18076115358095965,0.014691612412283981,0.18134274680473797,0.07048748781815853,0.028350581396372844,-0.08544988066657529,-0.11457994123341146,-0.21699331350084206,-0.21436873977779572,-0.05002336130949036,-0.22378645090397567,0.046328744074725696,-0.25623094165440946,0.0427706691168494,0.049897253389472665,-0.09919623111271147,-0.0046561008089700245,-0.040886172307727044
0.08984996368988576,-0.138221029098885,1.0,-0.24041481734377515,0.432483348417036,-0.1408460954770485,0.581366374870764,0.2273075937463603,0.21233503157541309,0.08462520136670441,0.15577348966875332,-0.13929664916482448,0.10957691812766042,-0.00416097294387771,-0.03196105844778846,-0.09994048019055762,-0.22038529060519202,-0.3073881513444516,0.31384523144085585,-0.14225418347703309,0.002794518500081947,-0.1201334377568609,0.1784141541127349,-0.20433154853266783,0.34540998811236395,-0.05249561575581245,0.18250208874908325,-0.19835998407987254,-0.20208587172445858,-0.34457447134122554,0.28050860963728363,-0.11587211827785819,0.1323509106926669,-0.14817264628644758,-0.04653159986025693,-0.08612835173447544,-0.42355287988042123,-0.6503870713680965,-0.2228166630389211,-0.3417003914881074,-0.3502325818278608,-0.27824930335851694,-0.10428932495503859,-0.16072442108287405,-0.11503569397731785,-0.05579157157612138,-0.324557906371971,-0.3918384423161578,-0.2537245529597561,0.22455865763740376,0.22995683631440908,0.4526914571636636,-0.07351761221376814,0.002819786575438096,-0.11073739285045425,0.04940066515331664,0.19046140669409772,-0.1602694991522697,0.5371183246083908,0.11459283831062718,0.4633494137453671,0.033914281593459876,0.010342855190406168,-0.2859480673064489,0.33037402963631074,0.03767133548012098,0.415975855037925,0.2988930904356623,0.028812925525923055,0.15354037988390376,0.05508898559694334,-0.11958481437559061,-0.19695517737183785,-0.06113083947372045,-0.12648038004951356,-0.2327308918823027,0.021889779199305986,-0.25684098535313116,-0.2104798233149428,-0.22784129671574785,-0.09426086406193468,-0.22862541931540734,-0.08322931709453686,-0.2066976182394705,-0.019286565717066866,0.0680810543429091,-0.06775935782215628,0.00587144851983074,0.01577112861068706,0.15327572263843467,-0.1661867218216921,0.19067978231327867,-0.12649897446102956,0.40299358254850864,-0.24618821246551228,-0.35003268109709756,-0.19673615266703515,0.0674349917688635,-0.32910974129145704,0.19820908782379063,-0.056407231599107946,0.2480327122584056,0.11814820721384946,0.26132534012108355,0.04116793449158653,-0.0940085932981173,0.11840439780578584,0.2502929609281087,-0.09229214077069739,-0.2623942304155602,-0.12652321641714695,-0.2107513582364558,-0.1878354846098881,-0.02769587859943891,-0.08649067530220036,-0.1087707323081514
-0.2727831855626506,-0.05910533182686748,-0.24041481734377515,1.0,-0.07287203333126871,0.3539026633982977,-0.27988921420268986,0.06141189598743162,-0.01925369913049181,0.2605698715387251,-0.09803595148465148,0.20708906453272088,-0.04453279001593115,-0.07769449342928185,0.15928455375937436,0.13316977980862418,-0.314125782703625,-0.005377730880539473,0.07878857481758714,0.2060222739796054,-0.0904456649431998,0.21820476201626637,0.20007633887222664,0.6195453425470541,-0.09406878403113376,0.16413594312626698,-0.20479667138491242,0.2542218900197416,-0.12479048927224258,-0.013687979383859282,-0.05970778565471851,0.14052098853468978,-0.007316946502887176,-0.04930666730530768,0.0529135942674279,-0.02856607209120601,0.17169239185718482,0.14503081242798813,0.019460188282267293,0.1698140692539366,0.14382102024077112,-0.0743342096883148,-0.03098353702227444,-0.043058439333116746,-0.1620008248012075,-0.03796821006032222,0.030094117471407486,-0.0954578908877731,-0.05847683616230985,0.09536106744065125,-0.04501855178654516,0.12676533410832155,0.2189117678153924,0.15791519730379877,0.0850895810993029,0.037476515589570145,-0.021473385693187956,-0.09308707911744822,-0.26662909655431766,0.029062134982865633,-0.1144550491076856,0.09960201899577438,0.2930789919489117,0.08331432818063376,0.04703386671003461,0.21111911126437005,-0.21275606790880813,-0.19075172109520666,-0.06593539512046158,0.0151986154389827,-0.08866513019422563,0.06953258045138874,-0.029799579334969416,-0.1352682445862559,-0.14017658514698503,-0.11822351528782064,-0.1965087591631492,-0.07362973393494852,-0.29605132232760095,-0.2652755922336879,-0.24191833815980573,-0.3442969918507452,-0.053762974156758764,0.31054873789004656,0.22239978876961997,0.15086575541388833,0.13890047386130014,0.13705255521497337,0.021657039676476874,0.3534656291802633,0.26706344741605287,-0.016532817896288278,0.19485006963897641,-0.20509005148559972,-0.02303009174685602,-0.05238708983153893,-0.11751150132940581,-0.20811311118076103,-0.0654098585335979,-0.33116719092738844,-0.009033980712484097,-0.09139276624230874,-0.08359457490014284,-0.17968938951361477,-0.17110272370533808,0.09449070788390947,-0.17347384726733606,-0.19789407467826448,0.05809421104930025,-0.18548529032247385,-0.18636765764204033,-0.38155550499655994,-0.2087255238303393,-0.21517642253940317,0.13989516427207818,-0.025140809246705594
-0.18127632969370736,-0.2714653781341021,0.432483348417036,-0.07287203333126871,1.0,0.04004676310027823,0.6082059941643583,0.4389975042965144,0.6024780002682676,0.4686818954611187,-0.17412301601737545,0.09075291953877153,0.09478033953911164,0.2343218116200972,-0.011991774120307507,0.3896375344403127,-0.2991708565334506,-0.377660275647498,0.03924762250092121,-0.11479777079383523,-0.05334546693635524,-0.1629954087929215,0.3916484487093015,-0.13991775887806218,0.5611889623365911,0.00517648129082516,0.37854141997784274,-0.06051296095702691,-0.28915432727532947,-0.30172214455179375,0.18057695083570027,-0.2080176390078251,0.08834750021310084,-0.016601264384274693,0.17297770001697715,0.22178688052608844,-0.19064359109294848,-0.426601295293484,-0.15077090922943703,-0.1658927010516787,-0.2283333981269862,-0.22832825296356077,-0.1986826891120428,-0.20020106736730348,0.07492730823986211,0.06374801972419165,-0.21818851648863624,-0.19524702124172816,-0.12819326313187004,0.11075377837944499,-0.08118033875021939,-0.033129768177223705,0.14117274768522828,-0.007160317342345285,-0.07846625728127293,-0.06223876702569441,-0.13962293275045382,-0.3526080135513735,0.24510545360025765,0.17749141339229463,0.4989946558745689,0.2827561914120247,-0.15065303023965013,-0.3705996883175063,0.27586240454224986,0.3679187133164692,0.4281808792093078,0.32717736139229453,-0.1878502375759415,0.1214553137238158,-0.14727788857886415,-0.19903607232218742,-0.29235312924229684,-0.34580097180434943,-0.2803669454793735,-0.27300572875594825,-0.18814445363633048,-0.3956380801483639,-0.24889206824801494,-0.3498889945451965,-0.2918958581833091,-0.36552482390043306,-0.21227096344145088,-0.06675013769437149,-0.21265822642524054,-0.28092813166222885,-0.2074055692269776,-0.12859977802383488,0.0762648678605754,0.09807451580969376,0.35744129154653015,0.4430379206962998,0.47437257308579905,0.5341699353175656,-0.15052443231182755,-0.1848027029639529,-0.22177164741737018,-0.07314000636505548,-0.17534622269205927,-0.03913237828088649,-0.01342510104115412,0.017663494646347772,0.01722077047358276,0.03489724360661614,0.021403928292873957,0.02834830266526252,0.2984051293202199,0.021297242239776037,-0.07881218330392395,-0.28857737965101404,-0.056386626798102094,-0.23107085679820888,0.056268666634139965,-0.17482957048948244,-0.29233214426572635,-0.00958169961410431
-0.32998513681700986,-0.33958773266427855,-0.1408460954770485,0.3539026633982977,0.04004676310027823,1.0,-0.07880630734517152,0.11375145664632683,-0.018593926878000874,0.3032205828896166,-0.39319903231732944,0.09976874606922986,-0.05586502903606521,-0.33997190179903547,-0.16976451325028816,0.0470843391611742,-0.2900484570909713,-0.38671825127492493,-0.3490881014033712,-0.34901626341059633,0.3158952944313051,0.44832635195813386,0.49469392037524507,0.3533067005177777,0.413236363580435,0.7570649155087447,0.22643907326980783,0.7801825417837059,-0.44723885469671093,-0.2755547029577315,-0.11005915363552742,-0.000918888015319944,0.1182496792015386,-0.16152993383736064,0.48609585308982484,0.37633871737982116,0.1622123664611003,0.29558568805790786,0.2759005141580765,0.2546008601761535,0.03642714922510392,0.2303227844635446,-0.058263871192015676,-0.21146759843209084,0.14476815878792335,-0.023516752503597388,0.2101280267824741,-0.013044209888268894,-0.24704252239237834,-0.07328159077850048,-0.12711727592878663,0.16998886713656156,0.224743113998204,-0.09668637032564929,0.2609981742529879,0.0230678644495506,-0.3298883012269789,-0.3710267537112967,-0.2605056295732582,-0.15036552839838796,-0.11540424874794458,-0.2623963875414332,-0.28665941497986536,-0.35249811447568863,0.5061303650561292,0.3917599614324615,0.27570419966286625,0.17278847166606714,-0.24837999676500633,-0.10660808942699929,-0.30858864304996725,-0.07534300765185233,-0.43602554878945654,-0.3175230787542061,-0.33586927217634893,-0.3243850280869618,-0.39717262846447476,-0.3029409229068805,-0.2735173854785164,-0.2533881765208616,-0.13720205950841968,-0.32458930155101157,-0.13043867204122114,-0.2701347638808026,0.2846630302071003,0.13890027671177807,0.19974660149030468,0.1776337173293737,0.22309789646634365,0.4176129064894413,0.4133553403320633,0.29337892240576724,0.34988659117834214,0.16707077758330494,-0.011398081375312653,0.1884258667414627,-0.037083506197704626,-0.2254756219860357,0.0460166139832509,-0.35204779899686434,-0.04018019226439315,-0.17622024215004195,-0.11131840974030352,-0.14141496582449437,0.13891018499609767,0.32941832944524657,-0.005791843719515138,-0.18275768422946023,0.2201019765900236,-0.1459034441860475,0.09106229646570413,-0.2640325477708127,-0.00061836544040422,-0.005312248848622133,-0.035891856399550094,-0.05286082580437293
-0.3106992915039127,-0.1202932147615212,0.581366374870764,-0.27988921420268986,0.6082059941643583,-0.07880630734517152,1.0,0.5975293676964372,0.6296943761239538,0.35112802260183235,-0.0729033682697998,0.08367332332887327,0.2957178768143748,0.4175151092318517,-0.16621059473217886,0.35366621950660904,-0.286920521617782,-0.29140955104513727,-0.002731956532010428,-0.3366304598893252,-0.298295929340812,-0.07804070147999849,0.3904100495181628,-0.31356598437804906,0.3925865086490194,-0.0556691615944399,0.1704631687099295,-0.11541697108647235,-0.2729320366198182,-0.2924059813707097,0.052750964460149354,-0.2106488889874464,0.24786094045194473,0.04890899270517038,0.1966232963318106,0.2570247923548079,-0.43115451280313444,-0.6158954642161345,-0.3115472442181313,-0.3175540100657517,-0.49893036081243003,-0.4135207171222032,-0.26259892838271115,-0.3682186248926589,-0.032833396922827475,-0.0528307858038642,-0.36837549438004685,-0.41936254541961077,-0.26149102560133874,0.09780400788831456,0.06196871220992844,0.14499077979098046,-0.05014957809486895,-0.1728032652452133,-0.16498245151189128,-0.08784075527734943,-0.21743514799408983,-0.4311897876633014,0.39541041007179406,0.12631898249313195,0.7652371167658409,0.31554074891978606,-0.1544493509943884,-0.46832054377402954,0.4259255089949609,0.3793335603952766,0.5095260763209153,0.4026942528880997,0.056946319707309005,0.2508960928225501,-0.15591972106308694,-0.07303678867339593,-0.31904328528658404,-0.2683141032016402,-0.23289349294707998,-0.22445997814720173,-0.06282750047818285,-0.23580016992639788,-0.26487941760672,-0.17309787786351918,-0.37758462181301833,-0.26894459191168024,-0.2623969755617372,-0.27847825577509605,-0.2319863571434164,-0.37273662032326127,-0.2578402507903904,-0.0573659156445846,0.017739535128415907,0.15211540144569716,0.13602469297077172,0.3700679465241874,0.2884003605228905,0.6163951363579496,-0.10173227393153383,-0.23367652160064412,-0.15913156128195313,0.058940857916048486,-0.2103103914193693,0.0907837419128885,-0.033908716345457966,-0.12268995034703718,-0.09339963843355989,-0.10816137776483004,0.06966613685272215,-0.06533212863533987,0.17058276889163967,0.2280885270799611,-0.02391610133170474,-0.03200802978007178,-0.12674620241003332,-0.0817073377357162,0.03069302325010636,0.06865076113094078,-0.13785562079878572,-0.002193250621296912
-0.3906963105847055,-0.14584017999525203,0.2273075937463603,0.06141189598743162,0.4389975042965144,0.11375145664632683,0.5975293676964372,1.0,0.3113304563887493,0.7194341605101596,-0.1836010850186729,0.23012677006780352,0.08937239967009308,0.4177370449121827,-0.43794891911387474,0.3826409714663427,-0.18332334665359912,-0.19210361204274004,-0.38388360847837216,-0.4487351582313599,-0.36387199810557913,-0.04317419238369293,0.25644121769017,-0.18225075697976406,0.39844647400524397,-0.02106636507035865,0.09358691583121469,-0.15236030233367265,-0.4859012026128213,-0.21165632141057453,0.12534556511117914,-0.02474554405997728,0.01581867528280244,0.14793238920816473,0.27600103638453405,0.3682335222355126,-0.2794262270411485,-0.3377303142078826,-0.4194315173562163,-0.2612261847837009,-0.4575212375586746,-0.3164798855323903,-0.18780045315245295,-0.19142776787893165,-0.012641387125388096,0.02970059424010764,-0.1587025795304167,-0.2768670464949348,-0.19437134712760176,0.1886426620072503,0.11123935052876571,0.2575482121135801,0.03230983965896165,-0.17206553038442915,-0.24258912054033968,-0.23326903135922808,-0.3559129255905506,-0.49207210507479804,0.046180696607369405,0.10971860547094213,0.5477997387857271,0.4198083506521344,-0.14019881634194967,-0.4689131058695273,0.30411717022855306,0.6476617746058374,0.43651835230149466,0.47636203942513783,-0.12072732174361508,0.10821793670549232,-0.24143100489974834,-0.06430042898404979,-0.36211558127872684,-0.23002531387927033,-0.2372015110512905,-0.2831276224143767,-0.3037909084120098,-0.27435573681374265,-0.4082784805516199,-0.16902021994758215,-0.4565848995884925,-0.3359669767549269,-0.45988372470022915,-0.22626719800422945,-0.15717138336681902,-0.26277438651716073,-0.3590569421419089,-0.1096268047764001,-0.11241361749974493,0.13915211178000456,0.5035841640819865,0.22289817089705855,0.5418384543040744,0.33124043064354314,-0.2774696144877074,-0.2581616293611999,-0.24549294734676264,-0.17703439334522855,-0.11311937643592825,-0.3312012186471459,0.053739856341656754,-0.33726063966787573,-0.20873573220883673,-0.16825359806230744,0.12729693694388572,0.11019283995147133,0.20364443810485233,-0.19286519880675126,0.12588033852108038,-0.18287287952798584,-0.06561347572340852,-0.16381852304664726,-0.015245667614523794,-0.15723991420314634,-0.15442591244654974,-0.14017081754220415
-0.18923033124712127,-0.07637519101723832,0.21233503157541309,-0.01925369913049181,0.6024780002682676,-0.018593926878000874,0.6296943761239538,0.3113304563887493,1.0,0.3404232413764636,-0.14723144006279998,0.1256788362704603,0.17239209824138152,0.432755940632587,0.14308075748121268,0.6417194940467968,-0.2649388919706574,-0.1856142152429914,0.10297177063149439,-0.0432308690983598,-0.15297521936901404,0.02646991738438039,0.3990000411310186,-0.18287945027977232,0.2596016279387089,-0.015824827610422636,0.13424803108836186,0.09374510494732934,-0.018297826742276004,-0.17100553408793487,-0.07405180953139029,-0.35365882288443123,0.12590804932927374,-0.10207481823400713,0.15549297861412856,0.16943046473797774,-0.17428772150467114,-0.39819250387256366,-0.23033376299387445,-0.1039681400811516,-0.25798041570683083,-0.271419719931419,-0.1332570974100061,-0.25630237499258907,-0.07467332382406291,-0.06304924974170044,-0.16389414406813416,-0.2542883281446784,-0.21750315588150398,0.03449774191671406,0.0048396096772624336,-0.029190805913297677,0.20272475038269547,0.06376856070691794,-0.1557114284929754,-0.13473698107962942,-0.1366174544290215,-0.2508509778239318,0.2454155619963575,0.20156239233259657,0.5601045053063013,0.282340531358195,-0.007043411640939282,-0.22337141579349806,0.25806978339155595,0.20188290738926143,0.23809966357202894,0.15767693602128333,-0.0035915994419132465,0.16074917947051023,-0.1463342920068434,-0.07725316032490284,-0.11786634994883015,-0.25589333526694885,-0.1914824445683898,-0.2221669578258426,-0.07800530976601038,-0.3058874382591288,-0.22021376641085855,-0.16506772999687153,-0.3460713535720527,-0.15505884259183836,-0.13365749416457515,-0.05375004799789724,-0.16391418957828002,-0.36480692446383095,-0.2678392743576843,-0.12127375139094611,0.02535930001445978,0.1561904674063849,0.19030745633605398,0.34078081248712117,0.3250040815275546,0.41033242537489634,-0.005095000748633547,-0.1421777056517331,-0.15405247274488262,-0.0017211418002775214,-0.13957655322973594,0.06131940520631614,-0.14974991641619995,-0.14915315810667854,-0.11231398867401743,-0.1662525814086562,-0.10426349982048139,-0.21597131889394228,0.19394582547788333,0.1007782559211107,-0.11443599040680714,-0.03721031853155373,-0.16522017526960728,-0.0745754531105976,0.013337500704952435,0.048555433915086425,-0.06952188464799067,-0.04382628729133743
-0.3158578237181642,-0.200231762327194,0.08462520136670441,0.2605698715387251,0.4686818954611187,0.3032205828896166,0.35112802260183235,0.7194341605101596,0.3404232413764636,1.0,-0.15837937843321861,0.3290537036374605,0.0716441288763593,0.29357114211243934,-0.17417808405829213,0.5046436198723384,-0.27613095581081515,-0.21959901730576764,-0.22800861200054773,-0.23024706627109218,-0.22949236630390143,0.0777868029694922,0.2242565268571013,-0.03942603462603959,0.5287973476598552,0.0858029747666632,0.06590259198931275,0.006701563053259441,-0.37805571990838255,-0.1575178666057568,0.1063927206898193,-0.0814208474866307,0.04147898920254185,0.026861047261373935,0.2496592691750679,0.31192693557514595,-0.16693904348975513,-0.2178522839573641,-0.36728404294630507,-0.14344374271202365,-0.3135036856653545,-0.21009789457893108,-0.17828163139582656,-0.1533713985865657,0.0763671456845141,0.09661789002894923,-0.11269847725653503,-0.253393535089031,-0.07043204245436467,0.17368566270055574,0.11084511795393448,0.12622512106774492,0.1590003147391124,0.05707431177703899,-0.20602300979491575,-0.2390917894076246,-0.15344224188339903,-0.40832316502790145,0.04458202079575308,0.178637082649984,0.4263295650087059,0.37846771137407875,-0.023204298018625048,-0.3071746373262143,0.1918421390296259,0.5576659159657186,0.27765081085975224,0.2481636259073708,-0.09017483788009507,0.14017634347580277,-0.21022144425769912,-0.09502462179382452,-0.3299425116391573,-0.2721903811515217,-0.26627940159477564,-0.27504286233618264,-0.37294610201881484,-0.33832688605524336,-0.38477772534960636,-0.3145379586309226,-0.3394342752990354,-0.3523127003607808,-0.3153901157226186,0.0017592222053378888,-0.016587474073896043,-0.08986042648816904,-0.23676324171196275,0.008279011360917202,-0.1776712922706033,0.250603570929619,0.536117837069773,0.2584253184587133,0.596557778411793,0.2732296475481841,-0.23262372847959775,-0.2332663114929763,-0.29187004670096983,-0.24976322320922664,-0.11430071500960633,-0.33456013687407427,-0.05368813809963631,-0.20913272398516258,-0.18976313950667062,-0.1484594229544504,0.01392210389195902,0.03910691764037325,0.17985692786414578,-0.25429513983521085,0.0981451254907489,-0.3119482325506128,-0.10384760984706858,-0.21494197757839256,0.025814331056451978,-0.1948556708827844,-0.26648107381933966,-0.30065101205927725
0.5056013809929691,0.45507160563641075,0.15577348966875332,-0.09803595148465148,-0.17412301601737545,-0.39319903231732944,-0.0729033682697998,-0.1836010850186729,-0.14723144006279998,-0.15837937843321861,1.0,0.08549452367093247,0.25554787350970587,0.11300495861964628,0.08357178142747447,-0.07517939686872264,0.45802669640578314,0.5648097964688502,0.2388010820442835,0.1998083815041198,-0.2067376775838443,-0.4308284810452539,-0.4941820398338792,-0.293786246644881,-0.47350367982080316,-0.5714409529796032,0.0564950815144176,-0.3585406150220939,0.5141966769140525,0.4232880189552707,-0.11008237774094398,-0.2722679748857661,-0.3113110501740811,-0.38076750026216055,-0.5767596110070304,-0.5324429530196669,-0.08901291854576635,-0.15353002971921478,-0.08666192008150651,-0.28939915469545713,-0.030349430756040328,-0.16924024589372233,0.16732895343456566,0.18311751736022913,-0.22028271542232117,-0.20640508638569363,-0.3466134506710168,-0.10183589897777243,0.10677855895755024,-0.010442273327998389,0.24851802464668896,0.08582413334027861,0.00024212051419748826,0.3532091771479164,-0.05208486988822419,0.16105329380724961,0.7079094962870975,0.5643503945709857,0.2238772386473758,0.07312561592333197,0.07515208045066535,0.11973440288427839,0.3953579758406934,0.6146520356539966,-0.3948607549946801,-0.372798838499034,-0.4653826585307553,-0.4324692202062848,0.14191653213440547,-0.04769764469299343,0.17205263051106345,-0.1690018309659483,0.45430460575619114,0.26977468006623767,0.4587909454331249,0.13921705195665773,0.47649850800577753,0.27435806413199715,0.4908653371159367,0.33699825144281914,0.43647642678155596,0.43595721223592965,0.37649217065748586,0.15618235239504122,0.025710618829682924,0.19016480500057714,-0.042479026533348806,-0.06071996801904592,-0.16879334111987584,-0.1572659091132144,-0.4648525595134952,-0.45275102158488,-0.33432564004521503,-0.2089225253966011,-0.17861720335334816,-0.17668822181658778,-0.1802821458948754,-0.05129637138096048,0.02192085147636746,0.24977008898154737,0.14009828079001194,0.3024911253536849,0.1426605715052271,0.16437791554509884,-0.15378728449306805,-0.28481503735721847,-0.14594470577613938,0.034972527403296934,-0.28230182286833044,0.05510638693930859,-0.3066382366167928,-0.0646954780219331,-0.10398252601439333,-0.17027420397709656,-0.21734418947265594,-0.32188979866616374
-0.10242327633401602,0.31774275533121304,-0.13929664916482448,0.20708906453272088,0.09075291953877153,0.09976874606922986,0.08367332332887327,0.23012677006780352,0.1256788362704603,0.3290537036374605,0.08549452367093247,1.0,0.47812036051765394,0.26365602754413925,0.20989285428982896,0.37365958874569144,0.042289211368660776,0.14844087636266573,-0.20064590369527424,-0.04109822548585288,-0.1748342258088828,0.025332803645678494,-0.022500605125953022,0.1443846222969085,-0.05814163365105154,-0.1995311740987198,0.08940396578856186,-0.0399860565567123,0.26315562991469954,0.402350053343612,0.14741453623664763,0.09623361345493987,-0.18572167938677644,-0.11781489371298717,-0.04403707908123268,0.09297067456828446,-0.13945827175195633,0.03691136279070455,-0.10899163616491596,-0.2031615120567838,-0.1429729023961667,0.0025734674684426166,0.1396820346528678,0.05189712628445819,0.17663879799298113,0.11377133856542494,-0.08638970482685839,-0.0003392435826067388,0.023927736191177527,-0.23100215068521168,-0.1490549117384623,-0.08442622761598839,0.09853881328413995,0.20618494230979453,-0.15462561197177918,-0.2141369318040108,-0.1882447968736095,-0.24882803628974737,-0.34601212944880455,-0.3204711229329781,0.1124770078498263,0.018620223140141733,0.14030721207715632,-0.03916008305892563,0.0058100843101528184,0.46994138666840773,-0.16396936348481392,-0.08257129503614659,-0.1913032308020912,-0.20204203775647264,0.04839405068994537,0.027880404382117703,0.20284714103537127,0.14552961760231556,0.2622867368023951,0.13389648733399437,0.2610884296386412,0.2432814461378414,0.13490133793978062,0.1373514021731883,0.26181811844271646,0.09214527480904151,0.09850432187381482,0.3921229628166053,0.23343429626350862,0.26719508199729824,-0.05091151971581862,-0.08307580685220493,-0.36002921094574036,-0.10931953335613008,0.015179326252859743,-0.252998456954317,0.23081813497299972,-0.1874527118669996,-0.24836517052719556,-0.027392558007132535,-0.38122611108457505,-0.43034206034753075,-0.13728483693063284,-0.3339112120790956,-0.09421695413500136,-0.1959450954395376,-0.3145968342278912,-0.29971093391331977,-0.28393612480574193,-0.12493316446171637,-0.4217807434992304,-0.3658410384629096,-0.12022829968201915,-0.043284904397020554,-0.28019427341232267,-0.30581704791391456,-0.012666122409897368,-0.35824872349506287,-0.25241106721107176,-0.20208295485463507
-0.15623577226742016,0.24896270205440368,0.10957691812766042,-0.04453279001593115,0.09478033953911164,-0.05586502903606521,0.2957178768143748,0.08937239967009308,0.17239209824138152,0.0716441288763593,0.25554787350970587,0.47812036051765394,1.0,0.2806263220550311,0.30196821375480737,0.1403938220276153,-0.1288334843161417,-0.05170294251289094,-0.010232599475241565,-0.10337041075194081,-0.29004257014137547,0.07468993549005838,-0.017040372738812405,0.07583678726559775,-0.1979211531111418,-0.2107387352941042,-0.042336371181858796,0.05488837751746865,0.08596068718133953,0.08539128010149455,-0.004538833410438664,-0.1484142422391333,-0.13564296789552457,-0.25376218159218933,-0.0295372413618532,0.03737287191270288,-0.3408963280461565,-0.24408637729036936,-0.27662618260013916,-0.274861176327317,-0.34974356191241174,-0.2617568254148685,-0.030354784276733972,-0.1300799017314455,0.03530100180448429,0.08681775232653552,-0.18991343455932083,-0.0632895268717916,-0.08963790137601699,0.08560025294970312,-0.02208022607883257,0.04309479278495562,0.06323061627028385,0.004028274078114294,-0.09937911261943576,-0.1391655510392787,-0.04044594906729824,-0.12658336855063215,0.07428286622519303,-0.03641053959464728,0.15357990219852322,0.07265211015886602,0.06901130072872688,-0.11126420153128488,0.13813165092658983,0.12212170117603073,-0.0026166568140110163,0.01835811060852572,-0.12886716538465562,-0.11969709856150641,-0.04291066518903295,0.00058594718733761,-0.008831292828085204,-0.052284123548835985,-0.01009677111688997,-0.001510666769967534,0.11767909997622049,0.07125247125725126,0.007570978444166531,0.02334610914456849,0.22387132003085328,0.014309740205008336,0.14311008879221268,0.09370970166274134,0.3487859044852223,0.07007130130444346,0.15145517710954767,0.1740095062530382,-0.009397173613286238,0.2019214555523531,-0.0430094386665428,-0.08963774376997052,0.0998485832649465,0.16322475457504212,-0.10832582645739708,-0.18467858131056425,-0.17566720838145577,-0.17574712171060322,-0.10107540326861511,-0.09004721657626816,-0.14318103083234776,0.028111850185340976,-0.10837399163643012,-0.11419200520491726,0.018317926112897162,-0.04055957376775933,-0.18645946976383512,-0.1634610801563625,-0.11021072309051956,0.08735105838957812,-0.11444795924116524,-0.16894409468644533,0.056741345221689596,-0.05220721411459072,-0.24066421275203714,-0.103700948155055
-0.12583106289681226,0.2460664964819672,-0.00416097294387771,-0.07769449342928185,0.2343218116200972,-0.33997190179903547,0.4175151092318517,0.4177370449121827,0.432755940632587,0.29357114211243934,0.11300495861964628,0.26365602754413925,0.2806263220550311,1.0,-0.18561217660615226,0.6366007651002885,0.02644339647117333,0.21626324400313454,-0.07281682797825495,0.020255939814102213,-0.426061522163529,-0.09901600116159877,-0.01719330881333932,-0.33981906325122346,-0.029108386582617114,-0.35370748373248123,-0.010657367130166658,-0.28433769434181266,0.08760592893215928,0.28000714377301655,0.09614824866986169,-0.0638196897992469,-0.021456768892210452,0.19319514131628818,-0.05350861931309218,0.03471937127367512,-0.3004443276000064,-0.28089743726199157,-0.48692627033642516,-0.27870487092709206,-0.42964958809652315,-0.28372337515218626,-0.0015016943217392863,-0.06100162666639061,-0.17075715775150638,-0.06928795275367804,-0.2822774697624004,-0.1803380992949392,-0.08053616126213561,0.019787649490608773,0.1784214265088476,-0.11809892679372443,0.15666731118396107,0.13157702841824245,-0.2925157112790245,-0.2707443259971348,-0.002480242932895745,-0.060419062527348924,0.10448476921887548,0.2195435296920472,0.3867305727215211,0.47874365649262246,0.05429084898309888,0.0558390423224598,-0.1922867594674267,0.052620815837117654,-0.10139866524934157,-0.04826037258698383,0.20142968971619607,0.2104716978427417,0.06422491639423734,0.1811755339185038,0.10620952964621377,0.11415795874041772,0.053773046919737034,0.12830146733498005,0.020391988920558404,0.08449847197318817,-0.008257166856802086,0.1755222397780612,-0.22088968695446423,0.14844863032031158,-0.22327574671300524,0.0698100945452159,-0.300287615196911,-0.2675769621787005,-0.4277898936235733,-0.18714821720336633,-0.27185380605207404,-0.1106657226864566,0.010386924567825952,-0.0749560692130238,0.21183900323542107,0.04246148901505405,-0.22376186907171966,-0.3271185579099728,-0.2188391092068795,-0.1649089661227396,-0.16782681356334334,-0.1825307325019467,0.024168898691770614,-0.2855835840862516,-0.22929313107423424,-0.2548432089746314,-0.060795490226505565,-0.12320192037393293,0.1004325660908125,-0.115350917909182,-0.17174223164755378,0.11973317765825502,-0.2773706802536279,-0.14740691832690514,-0.05622754921827742,-0.16252455754174228,-0.03531632841600153,-0.17407429200064972
0.15422250642896587,0.14431537262344749,-0.03196105844778846,0.15928455375937436,-0.011991774120307507,-0.16976451325028816,-0.16621059473217886,-0.43794891911387474,0.14308075748121268,-0.17417808405829213,0.08357178142747447,0.20989285428982896,0.30196821375480737,-0.18561217660615226,1.0,0.0418515832366767,-0.11706564951984247,0.006345694903099152,0.46736940514389275,0.4564492901141161,0.0993315189542146,0.02366182332663235,-0.09450266547587646,0.38566393546200317,-0.2541509931098513,-0.14736770946773084,-0.09038319025958377,-0.06334822726204781,0.46254800621643405,0.18770509543080616,0.08274493407420073,0.10545372906540183,-0.17508266091022046,-0.22926877901574944,-0.31842537814815297,-0.33922280407104455,-0.0818178591171162,-0.09934127601288999,0.054612377793334235,0.02799766697006368,0.24099294178515546,0.06950770518110191,0.030957353573283393,-0.11048910690220244,-0.14416485965145895,-0.10000374247695894,-0.10496641475748315,-0.08900449523088573,0.1023962010709144,-0.037729057668188896,-0.04725388238555896,-0.19790431924477594,0.06906539262581025,0.1556399182546397,-0.03650785747783817,-0.0454035299470372,0.1932016595096441,0.10611299731876449,0.028188137015761294,-0.04836095200871374,-0.1105604664299216,-0.07923329932992447,0.4420950317743729,0.20101594408171472,-0.2197695837021272,-0.2145331420011939,-0.39313019060971405,-0.4313321113699839,-0.08668860356150987,-0.1918670329001698,0.19051263355513604,-0.017002345330032278,0.2924115433838346,0.06754927378729529,0.14844187655432073,0.13581547339392874,0.2062976268091259,0.07143085407377067,0.1099280611574933,-0.08514969584165778,0.3598949486293233,0.04991213950795456,0.5667495262132725,0.6421172182849924,0.31878645013950013,0.2728122179881639,0.3772402505111783,0.17118913930478807,-0.024982124075234115,0.06044202292705398,-0.15825026938516581,-0.05327657405597294,-0.0868452490488989,-0.029144974105175213,0.13172472356296186,-0.03961747409457545,-0.142207433715144,-0.007431148757183459,-0.002920637756726895,0.1927712061603638,-0.06882543351712542,0.3917387390718841,-0.027654014113912894,-0.012317604119102855,-0.37797159235370903,-0.3487548964769326,-0.29931323478630956,-0.05003509711815113,-0.25943874275796686,-0.03188210587557287,-0.2023908376796011,-0.06020317278801434,-0.021386820726363356,-0.05077876265961236,-0.1479841103865018,-0.005941530454999193
-0.18219480569957597,0.11093571682676391,-0.09994048019055762,0.13316977980862418,0.3896375344403127,0.0470843391611742,0.35366621950660904,0.3826409714663427,0.6417194940467968,0.5046436198723384,-0.07517939686872264,0.37365958874569144,0.1403938220276153,0.6366007651002885,0.0418515832366767,1.0,-0.196313297974342,0.04458527193443876,-0.0750062315434334,0.020338005130367154,-0.07625197654984109,0.006164208625881719,0.13696402539408756,-0.2741435606003275,0.08202078097488812,-0.12741591328421376,0.285901029642934,0.00895342247461414,0.05763012855216873,0.2292161567453857,-0.05846081818039915,-0.22538095793575577,0.003903243410629096,-0.06241617987160181,-0.01328757897696845,0.0817196572641123,-0.14624909279792422,-0.10515154978284483,-0.15577510544884454,-0.00317783812148962,-0.21377062798803687,-0.10515763348803094,-0.14602262011675082,-0.2332840552960554,-0.11841218568127793,-0.0677930044510447,-0.21404425489198456,-0.2510781839992175,-0.09560660087482455,0.016676117067751125,0.06210678830773007,-0.11021056130354098,0.22835411887044613,0.15956100025096073,-0.12760283592198013,-0.17851211094489738,-0.015234325774884287,-0.12978833996746253,0.06078323475007106,0.2800867341531543,0.4900684483207449,0.5265478808334995,0.06555760450463514,-0.046377300830939584,0.01744717491662014,0.3268429402798595,-0.0723241255785655,-0.042177999621505924,0.06553096339736969,0.2034721074172024,-0.16139382566194643,-0.06445388587066912,-0.10930971078030816,-0.15416066085673813,-0.15306307916548853,-0.13141175962669424,-0.13147810950045447,-0.2092501405934254,-0.12866042242344758,-0.09662318613904922,-0.24400160749382685,-0.11724795718470252,-0.14216122513162546,0.12169019265840544,-0.19281566340610015,-0.23573804277787008,-0.38489662738073416,-0.14795020109112622,-0.18240297398220587,0.08936050246045575,0.27930621080954465,0.0660696118843354,0.4901992397262479,0.1568611170645561,-0.09509231423627923,-0.06478309412557585,-0.31597820341570193,-0.24460050938593075,-0.04806361154832228,-0.19857899778780902,0.023627885548582108,-0.155396013201586,-0.14431417228125692,-0.19671771793921738,-0.18027627278060251,-0.14385681492662356,0.06655755787289791,-0.10448804163746103,-0.07353282610634229,-0.06873605497393562,-0.4021018135258417,-0.2642191683419465,-0.02729359028621788,-0.2096460723902375,-0.019958190906822236,-0.17241112278944792
0.6221314781289757,0.3677634689111862,-0.22038529060519202,-0.314125782703625,-0.2991708565334506,-0.2900484570909713,-0.286920521617782,-0.18332334665359912,-0.2649388919706574,-0.27613095581081515,0.45802669640578314,0.042289211368660776,-0.1288334843161417,0.02644339647117333,-0.11706564951984247,-0.196313297974342,1.0,0.7572710266405519,-0.07595960932740684,0.2229256609115319,-0.014244159875326935,-0.48740362715764757,-0.4116563603030062,-0.33970053918050747,-0.3377496181887211,-0.4240131155707907,0.1324683203825083,-0.31109424602877617,0.48258677639796277,0.5315901931114598,0.025565175578231975,0.037861379807069336,-0.47445345293837693,-0.046403890410383626,-0.3681270310396257,-0.2880154704518613,0.04780464940622643,0.1625167116451443,-0.023031459451066164,-0.31373556607316516,0.06927345962965968,0.253739854997976,0.1483579943625277,0.24895233424523583,0.004589094279124385,-0.20293272716678865,0.08237611129871014,0.26050338893604347,0.24421574124228548,-0.35324992500193875,0.06485460972832208,-0.2380238363672851,0.003472282631543039,0.3454808626705883,-0.1718428803763668,-0.028182009345374452,0.17542540155989328,0.5102024733938932,-0.22496115069817374,-0.34551499736032626,-0.32740451180914626,-0.24404651734730676,0.04143767353289491,0.5791113327741179,-0.5719546846885926,-0.3379344328337773,-0.46969993146410083,-0.42422817491232145,0.05623831699870704,-0.1920650988668981,0.3032492395191342,-0.0087823904431758,0.5768720277960121,0.5063174588121655,0.6676008202500701,0.3577964346150584,0.5263411077752604,0.5296645858871589,0.7094198528318032,0.7219381253980296,0.4218021353681678,0.7939269729695395,0.2744503073546652,0.11479905834656205,-0.16931928569674284,0.0006218467472335504,-0.23628442550047035,-0.36668978510832984,-0.3569825122382032,-0.6531828302859033,-0.2798783316047045,-0.4027774354741082,-0.2265963222862139,-0.3441534440223689,-0.22137910435784633,-0.03662010574489899,-0.0870780031018879,-0.15850190943041179,0.26931476882200767,0.11305308858706718,0.3196892966145872,0.027133882650280113,0.05928707878219512,0.03646498207729295,-0.14503361367731415,-0.0916310551586838,-0.10113076101020206,-0.18419663287320623,-0.22062406372941062,0.17104224783348498,-0.001338598119706337,0.33349271911493156,-0.03910958880886752,-0.15085584193820908,-0.18934108680756392,-0.11839907222603901
