1.0,0.017905673866753465,0.19000610239240262,-0.06821745824838832,-0.03268907884755159,-0.16220256854984066,0.05001662321909756,-0.19997895041000008,-0.2583119819242599,-0.4630404543699858,0.40224517072604027,-0.110030341619581,0.15318901781014832,-0.28352997177075356,-0.15833782656096562,-0.34586253764919506,0.5694156070168261,0.17087820086961375,0.1963822400940488,0.03640913316306464,-0.08205268982027185,0.23646085912827272,-0.29334428694554987,-0.1755887654670438,-0.19563890057254074,-0.3668357429151177,-0.2143111666343056,-0.11848472280421642,0.3116283470238496,-0.20049928520189728,-0.29092616280680744,-0.14633942349048162,-0.048295568024175235,0.02001123001968393,-0.1974067473760469,-0.26966034258271865,0.040678839690950264,-0.03223595681789338,0.1323008125190006,0.255588165678189,0.12495729038375664,0.26239931933630045,-0.2838430194903509,0.0761722244458182,-0.13890278101285813,0.11192740290714359,-0.22646667558948166,0.039214719830009806,-0.12859450808087566,-0.1881532997947261,0.09174660713420484,-0.05066887504767452,-0.041156552392517046,0.08474538154979848,0.31198849450510363,0.17423103115491712,0.6286055459967836,0.5174206572235559,0.07952599131838581,0.1799583912129007,-0.21183025429909108,0.3599682010170923,-0.028212071646608407,0.5987467732529228,-0.34101920876729475,-0.21482633147233995,-0.36196526740001844,0.17348728306499853,-0.04971411872923907,-0.24483073711824557,-0.08859608518425591,-0.011646421954605784,0.288650471840681,0.1471520838853356,0.10597416761790142,0.10021148752899471,0.09898303536442009,-0.22652979877123922,0.591560189533146,0.0774760377621374,0.30126801971026895,0.40767520544611874,-0.00428624298305123,0.13391591410206827,0.04582466908728231,0.1385196119114651,0.09026218802738513,0.17999742299293153,0.04848587157539376,0.32394286326991834,-0.353453156809499,-0.22136743605557313,-0.3094605100507846,-0.46601266339104913,-0.12496840028831013,-0.31053387590820136,-0.01049157873691132,-0.02840153126363227,0.15837617115300215,0.3142883908134308,-0.060600167847426535,-0.08326556702975366,0.10069503481310445,0.08638180192250498,-0.15885076587814995,0.013342028878421818,0.07065273928487047,0.01741155053448768,-0.2753971200589549,-0.017347069832640987,-0.2324329163033922,0.3235724552198411,-0.03213887096172196,-0.05890932877377763,0.06185972069362777,-0.04308458188061455
0.017905673866753465,1.0,0.02203357493197523,-0.08904619999939409,0.21244347800831764,0.04338167846113188,-0.06469742092072804,0.10842977704283975,0.11187898932244436,0.00359211773395889,0.04760189619276148,0.04397671152659596,-0.07030795402480725,0.17065777951506478,-0.09939029437393192,0.12749982710017416,-0.134032885892831,-0.21515217478588775,0.31456022930585253,0.12355424483525466,0.19124928946790337,-0.07237294173225624,-0.10768248762830199,-0.25987565948017555,0.10551714739625175,0.05353751479883352,0.12408941096180055,-0.17289042780058067,0.13196149237530305,-0.11393380437741639,0.19778960812365262,-0.10531715331601303,0.009482529169799,0.0760145858346279,-0.3652817344390673,-0.3035355428429959,-0.004592668385937316,-0.10564690671927668,-0.04240954559475897,0.09911739765624633,-0.00877849399346204,-0.2823138843643644,-0.009843668950794027,-0.13080492453845344,-0.19750198262013705,0.09108487769219926,-0.06942126932066159,-0.09737399550463448,-0.30134794022150346,-0.015996266786910393,0.10887186404392042,-0.060227938029332,0.019574375335070174,0.10593573082295989,-0.09119356523227029,-0.009685562113020572,0.2377293226900778,0.47748002445875737,0.07154801048070185,0.48388993919251405,0.2661917683018434,0.3649208290921281,0.036902733056878606,0.25421457213047566,-0.2029298527631338,0.08984273209671945,-0.26240490174830944,-0.06226733595090338,0.12361209452221596,-0.08025547486952506,0.10521823851868979,-0.062365420500607685,-0.23724155208189518,-0.04432516347181442,-0.158606344949302,-0.2727033538945879,-0.21335250487474722,-0.11949637316593055,-0.022181607543362472,-0.28486998102099775,0.05702129296676138,-0.31454684735609784,0.07530559650522284,-0.10477202015463771,-0.1154318645154424,0.04248579261122908,-0.21468045178533052,-0.3646396541216867,-0.18388000243661357,-0.029452839472268014,0.06037683400475551,-0.025431175920898778,-0.012204917582619703,-0.0658284063989793,-0.041920323038230345,0.008876748108359124,-0.30977370962445117,-0.1402400220596952,-0.05692165627137223,-0.17859277532230242,-0.13287479760431237,-0.07154572363528727,-0.12264761636350714,-0.27278109317162963,-0.08025263129475034,-0.11945375446637957,0.16743368728736308,-0.08727462618169445,-0.17903278396265104,-0.22012102273351983,-0.40159732197200587,-0.08144530301660863,-0.09921528016615361,-0.13099772549011665,0.06795221808238011,-0.19742090827587114
0.19000610239240262,0.02203357493197523,1.0,0.5714661124194109,-0.11697580239161774,0.2023649396934247,0.7834433294509835,0.38912772925352096,-0.4701367350004904,-0.3770920195449468,0.5421251367836071,-0.0699417995603361,0.2578839628574347,-0.15828541151856057,0.045813757400256776,-0.44116849471758274,0.27669721731670033,-0.1077912275752632,0.38435466191359446,0.07837137845930621,-0.3721381045905301,-0.09532757635454488,0.18023829071413527,0.09440755118368731,-0.3479081850487809,-0.39854454500703246,-0.5247972140140876,-0.13308228703781588,-0.2568297513720376,-0.5082988612858117,-0.15857711606894737,-0.006222406350986393,0.06314042794180999,0.2014443070031698,-0.0018884072925221763,-0.3825842298303027,-0.4990270500366461,-0.5064529923656461,-0.05792605548572591,0.049493313367665076,-0.4710380105423467,0.41659377954741095,-0.35310384759686936,-0.08655490125384364,0.007612311038659659,0.043954818506429724,-0.31380199682107923,0.02064364934318318,0.0799578232652737,0.21582459780001287,-0.08585739914324242,0.06184707520412252,-0.34425714427930415,-0.23014280140868157,0.40830701522097546,0.011650544940725779,-0.12277180335091008,0.09076420981333014,0.08430504263878516,0.09137105033847213,0.32115603873092013,0.11960838194007936,0.36713958998400803,-0.027889046407056497,0.1535552058419148,0.16744013924739884,-0.11734655700055992,0.06729887331259643,-0.36455633529182385,-0.3276032294937691,-0.28100058673611245,0.08618031743205745,-0.1303940861298779,0.14999035535659108,-0.2758948859426901,-0.014391702516920069,-0.05994739006670878,-0.2491763285261806,-0.029862567677410815,-0.2510647354650072,-0.4534994510163693,0.0853976997563986,-0.2938434479368305,0.22572828734879455,-0.20377338328163408,-0.09851002328422966,0.2632399350497068,0.3716561156925378,0.1383913572380403,0.41715564294650714,-0.5213288009615596,-0.24216569159102416,-0.33331616086247473,-0.27719731678421533,-0.20221415744538437,-0.4304281392892582,-0.028965362827167246,-0.00017177317308437199,0.048111162292201644,0.39471758330045575,0.1336210191152202,-0.23408151450343123,0.18738073455753557,0.2100251897006233,-0.12651417277894797,0.21862500913062735,0.12599794260997876,0.1114361862380609,-0.393235945439973,-0.1479491856160082,-0.2859217846652261,0.3234869960451432,0.17188973716934525,-0.20207789713509333,0.14436461362353264,-0.06959159563735132
-0.06821745824838832,-0.08904619999939409,0.5714661124194109,1.0,0.013334270766549016,0.3465886107358831,0.4969572047005022,0.5766179879416569,-0.08419330439205326,-0.08662130660099412,0.0396434566065003,-0.3922138770430402,-0.0819004703815126,-0.18757995412370657,0.4654225899475609,-0.12682301104936214,-0.08144934247490856,-0.3854540630384374,0.3779589490326399,0.2296180794148154,-0.08758511424540236,0.12835407125457599,0.4202181822377832,0.549789161481286,-0.19297641361044396,-0.16266381167430374,-0.18914015962821348,0.11126637946360557,-0.36590592634153013,-0.34252484670784095,0.01656998321085855,0.41218968199443823,0.1310414460133187,0.2663172185397982,0.4972531599884433,0.010794281619596108,-0.3286949259037162,-0.4176862194437066,-0.04227804682711098,-0.08712706405787868,-0.40082244962172237,0.17961738303658709,0.012093991679691858,-0.02319295267019293,0.30142109621219587,-0.1317835224590959,0.029741448018019027,0.006655694061958834,0.25846336175061985,-0.05726963690070369,-0.10194323972661841,0.15071263950071453,-0.11428344432319175,-0.37282192743715414,0.10578394868671795,-0.14153200322225523,-0.4673801125299166,-0.17966608682599944,-0.3111902367236177,-0.35642787306891616,0.09483771511189655,-0.40629262335072885,0.27833563127645067,-0.4015209838958642,0.42013528680079976,0.05048402189252761,0.08418937033175661,-0.38734795061084926,-0.38512302100106377,-0.25400052898451747,-0.29865914198966576,0.04949903565569645,-0.40507921761328414,0.04918469997809426,-0.16636831828892337,-0.04098662602253189,-0.060747105871089536,-0.058568508104591015,-0.3105846098431126,-0.3442314529302141,-0.4217223731861232,-0.13861035918850492,-0.181915004554072,0.19344541657760955,0.054483915419325187,-0.10857059827229548,0.29095009730603383,0.12157569653422558,0.15025808708970786,0.1599780024750761,-0.3040577523863201,-0.37115264924327773,-0.034053720085189865,0.18633235384315705,0.011015084411516813,-0.21363131853286585,0.07238369042499569,-0.03442360892974679,-0.19030555008659342,0.06224430069043423,-0.14433962626852959,-0.18058914055315306,-0.10064439281640881,-0.019301123424767194,-0.03962277397775547,0.11922067409568873,-0.22241801170964523,-0.04306803816109678,-0.15943532790182843,-0.223612909522246,-0.06792103598705777,0.0669238702386945,0.05991237663327102,-0.12418192489941002,0.1679083885737893,0.027605178099635416
-0.03268907884755159,0.21244347800831764,-0.11697580239161774,0.013334270766549016,1.0,0.3652329452496541,-0.24049662276399833,0.1973709076075079,0.4615638018061773,0.3156360629627604,-0.4193783619755702,-0.2704867498940497,-0.5119936753053866,0.1582085698202121,0.06852042619774829,0.5323761667830692,-0.2936705629889782,-0.6247234160449832,0.13290960265233698,-0.3195629580660127,0.4312531235397597,0.14537241270003937,0.11140595087472571,-0.10834858275447426,0.8025858341898323,0.5918272670289916,0.5020339184970902,-0.3349183391870268,-0.004085188858109636,-0.15741750070056126,0.44816500671922427,-0.1789732155514972,0.14616091986101898,0.00632136186765402,-0.03039572320056212,0.011843002507531512,0.17742049540987698,-0.20523198675535703,0.01728917494268614,-0.020333249374794447,0.011200813259482316,-0.10709011686776292,0.06814167667727816,-0.19543090281693828,-0.11685792038190788,0.04786668059701504,0.0025975118076577777,-0.4471444806310505,-0.15334700891664504,0.1146667170929082,0.021353142851137902,-0.16564465556569924,-0.032777361257001016,-0.2294401371660023,-0.1758665653826303,-0.2955963596865999,0.1707136437025146,-0.15916106989008727,0.19208778959908462,0.2070635917076203,-0.0556555244970154,0.03318374388410357,-0.27059557002142265,-0.07969541798650427,-0.00889518899550324,-0.17831177085526398,0.08726683827092453,0.14280246155925969,-0.030440740540114822,-0.32661247827777623,-0.13674388314965866,0.24945726945700666,-0.3498180393791226,-0.07673597578542231,-0.25198788111587167,-0.5715458836331764,-0.3331176083412953,-0.19266045605130888,-0.2335101120770875,-0.6111522683288644,-0.1004651524324467,-0.5154037964667568,-0.05247561981926891,0.25881494251257836,-0.12361157577384527,-0.22071882147466504,-0.5037355553028287,-0.39674118094890415,-0.2503513805190247,-0.21443721662510368,0.11622973392757037,0.18379117288691463,0.09850219144210128,0.12966458879453474,0.0357961452456679,0.14270854998860957,-0.17414786725556206,-0.17295873250985289,-0.3224385278115961,-0.3576757944605305,-0.43148077515439903,0.05835411613759472,-0.3634179550136988,-0.2947586119127806,0.05983858654085587,-0.07646767475028637,0.17608259096482487,-0.013947340366868715,-0.11323972672961866,-0.17139851041333645,-0.08194704548028116,-0.29855402159000527,-0.0383382992603228,-0.2022071420117905,0.06490355604873298,-0.24992137434626313
-0.16220256854984066,0.04338167846113188,0.2023649396934247,0.3465886107358831,0.3652329452496541,1.0,-0.03213695026793073,0.281713115297797,-0.02145382924019926,0.5028962968474194,-0.32772391258480904,-0.5737312446125958,-0.2707296749303858,-0.26286085274663906,0.009761316717795522,0.3347113209310952,-0.34013397534244577,-0.474788210141612,0.17802130678395756,0.020814460169730344,0.20858976492223263,-0.22686075959740046,0.15843183493994495,-0.03320361439091591,0.2167241535502754,0.33103612971908697,0.32680451138456745,0.05712149968098242,-0.48279965566021954,-0.17188569235237083,0.14717065128944867,0.055724703873317336,0.07495324144475893,0.1335343961362226,0.12684045466754554,0.07018702603000879,-0.12315503374288787,-0.15034743885535903,0.1520977079294371,0.21169940089449185,-0.21436087252762717,-0.10751438058093445,0.1051278247472259,-0.07887573783380543,0.20281729625885703,-0.011316562643560181,0.1872703939619913,-0.08097130712983412,0.2083762213030079,0.11409280318912346,-0.17130832962801434,-0.04556844603328397,-0.2799318009147529,-0.35891472867987717,-0.1019264649903659,0.00870983439802372,-0.2599621450086705,-0.32187300604568503,-0.047121444781429246,-0.260887102315327,-0.2165135860890444,-0.34748855123885836,-0.1631483759242802,-0.18313816062059715,0.12766570228483107,-0.23870319079021204,0.20947741211139176,-0.06790961140664482,-0.04524943840176996,-0.1714717603336973,-0.3264053452085308,-0.1935332034915665,-0.49002380475598295,-0.11764555171516387,-0.37969370499639893,-0.46648774568629403,-0.3214675471492047,-0.20856325546833784,-0.3516099198826346,-0.2918809459217027,-0.3664748764125305,-0.45859387410772573,-0.09802195603383329,-0.12233630716924124,-0.39627986293930184,-0.11909448936749795,-0.21536813263004906,-0.2670815478544458,-0.011247501676901035,-0.026380256101847268,0.14240618490289506,0.12501328698465353,0.038086315001962225,0.0694389907411959,0.11499504282254633,0.053277843042554465,0.2767846871674105,0.12201641168258996,0.1741789483660523,0.1296534807585802,-0.001768589406329136,0.01986832906310652,0.003822730758157187,0.1131948183501156,0.3685748457246742,0.3841060145120958,0.26990247389205657,-0.23296181894194573,0.2295941673305353,-0.10718810224781442,0.2611288220917366,0.1810959837116024,0.15992340804269684,0.14649087318471585,0.16462515292760055,0.16472846014491915
0.05001662321909756,-0.06469742092072804,0.7834433294509835,0.4969572047005022,-0.24049662276399833,-0.03213695026793073,1.0,0.42180502491332145,-0.34689723310660053,-0.4249042522535368,0.6223695152066797,0.10539755427445512,0.46397522942695685,-0.12023950562711255,0.1286429962374574,-0.4251362369103333,0.2623715953002395,0.025211917526340787,0.09427416182221077,-0.07427832067308425,-0.47954565851194386,0.04422632891193615,0.2687748190717064,0.280549021288265,-0.41837956515542923,-0.4726179229339936,-0.5982984478754708,-0.054235174410917936,-0.1768555411270748,-0.46175804175523716,-0.32447782533923103,-0.13401673461572094,0.023014071544203363,-0.06481612418484244,0.10633448464397732,-0.36544537821418055,-0.45287421135663175,-0.3786368657344418,-0.12275598213632478,-0.0530416613174472,-0.4255384145008544,0.41609296501884446,-0.3832323273163234,-0.05804324482434935,0.04220966759772344,-0.046667405697681345,-0.4425500204365849,0.07580296624427943,0.10305461641653314,0.25677927596163835,-0.12422918557258394,0.29504903244032243,-0.23061901122861964,-0.016667124234997492,0.3758253181910722,0.0883573014355097,-0.3285329926638451,0.08482789279322363,-0.24233327973602378,0.05067898410083442,0.5066676974301865,0.14645746659472633,0.5668220369097672,-0.1366986118727127,0.41270220445975725,0.43061278222542676,-0.1684966292283404,-0.11484987945222729,-0.5545619200392871,-0.280700575971032,-0.3165029123451677,0.09215616545064617,-0.13207110827756555,0.026341240906244887,-0.2420863411032926,0.21978568690881553,-0.08782774988645654,-0.23718270476523123,-0.07203448068964961,-0.13083064289738042,-0.2984085774927861,0.13558636360695314,-0.3260258338872593,0.3289895175159714,0.08981900591815667,0.10222216686505214,0.34946104973000247,0.44553839416798174,0.2863695620173793,0.5151211585789433,-0.5039435520684522,-0.209301613194325,-0.1713785004923694,-0.12403745687480876,-0.16363057492601307,-0.3994905783881476,-0.05117076592728361,-0.033118014754358834,-0.06500861244358427,0.3280306001388893,0.09792727670563857,-0.044302612709731716,0.2038218969366293,0.2125943981039837,-0.18332790323884982,0.12966535139045285,-0.14100137539511992,0.17502847373297184,-0.3324637870854656,-0.11107384498653433,-0.27270752276407734,0.22461186627033256,0.2281351128911512,-0.11124698012329909,0.08664237676192553,-0.1095096077512746
-0.19997895041000008,0.10842977704283975,0.38912772925352096,0.5766179879416569,0.1973709076075079,0.281713115297797,0.42180502491332145,1.0,-0.11414100364669692,0.14748218464491095,0.006244740000852227,-0.10536073212043047,-0.22878933874376448,0.20946609500891483,0.09256940669855913,0.12419898499578434,-0.15228376659928217,-0.3915490391339195,0.09190116168826142,-0.21815581787321256,-0.06810085282352123,0.12715755861841294,0.44982236888150284,0.32828801391275514,0.1007073093995005,0.07572725441029307,-0.2573602436533981,-0.12329610160177419,-0.22476003608480333,-0.49832698098771194,0.2938976131319303,0.13883914731308744,0.1952305744464235,0.0881886736669965,0.23091632093364522,-0.17408634686405336,-0.3054390489157146,-0.5221390432043366,-0.31204681763870107,-0.1885719537435827,-0.4616877133242119,0.18566003887691215,0.0031825733537414356,-0.16482546533274792,0.14614896809302277,0.09591562211532406,-0.12494970929982914,-0.15602948804360406,0.07562415751571612,0.40523582558897864,0.03163976142042422,0.34378612330289415,-0.208157008571298,-0.1797827864787177,-0.06792640979104862,-0.3439082561238171,-0.4028716828459317,-0.2715659370547332,-0.21461615262496994,-0.1379640593505219,0.20076790991671134,-0.17824306452556002,0.138214681251623,-0.23457945222690726,0.4565311222395197,0.2678112302375377,0.18829878154513657,-0.09359358915302761,-0.4006576781019188,-0.2540265541438935,-0.40622589500704953,0.25859556137815126,-0.48549874650174896,-0.14509579305480988,-0.31693646932060465,-0.14196693568414065,-0.3192482907943033,-0.19081905469773056,-0.33235399664674486,-0.47977446583232536,-0.3053952574057941,-0.35985770476471757,-0.22715179274038763,0.2869925028314759,-0.10454795939190559,-0.08928036841242608,0.06469186656425939,-0.023676766864890647,-0.05655242668871041,0.11359375964152557,-0.19992414367538544,-0.04111552693826203,-0.008870588828325065,0.03198367899928912,-0.42795054560356016,-0.4002745972022993,-0.20818881197775432,-0.3931476421326114,-0.1992624505706248,-0.05499059370589147,-0.3533214176001695,-0.07265578113599894,-0.22865292624860073,0.030315411811049856,-0.057797069500937166,0.09123275807897405,-0.15709244392622235,-0.07394574534192688,-0.3714510255859177,-0.2879242173680449,-0.09736044093043184,0.010174252065001527,-0.10486414559363569,-0.11527374003227707,0.1094726791663433,-0.059678729357437364
-0.2583119819242599,0.11187898932244436,-0.4701367350004904,-0.08419330439205326,0.4615638018061773,-0.02145382924019926,-0.34689723310660053,-0.11414100364669692,1.0,0.3356450757330877,-0.5030301992607978,0.07860576639740603,-0.12503902583740306,0.3322426697456026,0.33813376106832654,0.5529726203118115,-0.5569873072054649,-0.2635586546960473,0.0037549269727718657,-0.02350581577037493,0.35545033683533783,0.10944114641789215,0.1252412112380528,0.20946362667308507,0.5682828727451412,0.5918442905870186,0.6583672708789287,0.1271753194065847,0.02432579791565116,0.3773023482976066,0.4001731102855857,-0.11760095794694,0.08553265217167826,-0.0946192953695311,0.07393601902606994,0.2731795832392416,0.2284695847380575,0.2025117022009457,0.04123808307701746,-0.010980600105660687,0.32027567272286295,-0.42205487922490376,0.1564729960140014,-0.0851655729208984,0.0051468622594808685,-0.03725223290989209,0.04407717363349001,-0.24431321769088804,-0.04966236119980395,0.028385316175464467,-0.046576525159682636,-0.19365134161574526,0.169706098186997,-0.09610010724905968,-0.24673155242405684,-0.11289351225558127,-0.03782468217284438,-0.10288644013649427,0.08764068958140375,0.14372690620973444,0.15467709781314787,-0.14135017386361973,-0.1691788479239308,-0.37029463149654723,0.16970864896707905,-0.0672376428045338,-0.013571955527072686,-0.10250063427338302,-0.005780896768663035,-0.21286241615046053,0.25283485651327775,-0.10016551564574665,-0.11762026913026197,-0.15381703634050534,0.21781199324774467,-0.27350667235963083,-0.022947513806784035,0.17206018930672384,-0.39382207778875516,-0.11471454109152673,-0.04509823218856763,-0.4005358341477751,0.02970294290831154,0.1061519504921658,0.11264393465061709,-0.1495813392407976,-0.40316483639120565,-0.4061531840152824,-0.09468885922518366,-0.39799491802605397,0.2019185840977828,-0.03571094545369479,0.260774109409823,0.3050596896932602,0.25432601755738155,0.4367675114963746,-0.19914665331117137,0.0012000635617508794,-0.5020580906152692,-0.5334791308973768,-0.2553565006717058,0.12779398431601588,-0.38641526283520683,-0.4008149904658551,-0.12791924725917583,-0.30825033678113245,-0.08203050977101532,0.12267922031532225,0.24394470692870648,-0.21654148221814548,-0.04581404386829434,-0.5263436528493277,-0.07873841130865417,-0.17084754867274096,-0.09943433363309008,-0.1897766733550607
-0.4630404543699858,0.00359211773395889,-0.3770920195449468,-0.08662130660099412,0.3156360629627604,0.5028962968474194,-0.4249042522535368,0.14748218464491095,0.3356450757330877,1.0,-0.6089265232463261,-0.11138408809417484,-0.3386431932955973,0.3140057559762514,-0.07550567060899459,0.8154970358959147,-0.651902718858126,-0.34247066750058525,-0.08645224935038416,0.038180305978639445,0.2698710087970383,-0.24591452127389757,0.2968995460104723,0.020551203807096637,0.6314302146225712,0.80050690057758,0.3806703536246485,0.020157636193547806,-0.29480725335059865,0.243744150538806,0.3874356795336633,0.10830675767345524,0.26756284765724153,0.1902030357913066,0.13198517326257442,0.27429970283329214,-0.1581820528205429,0.04032050469623425,-0.17724088089521697,-0.13042638600857542,-0.03520992231268007,-0.4061910416130367,0.5131852300334109,-0.030226901258153943,0.35504386467456955,0.15800002102334113,0.3774894645828304,-0.08451472622338434,0.27068143442494813,0.26802736388853055,0.08894369534526035,-0.138626975418067,0.07764801242424232,-0.3212545125524508,-0.47749021626406685,-0.33698087351154116,-0.2757578975694979,-0.4502352308228149,0.16661562381702308,-0.2932009678562028,-0.21857303148465007,-0.4652987922993101,-0.317135587107963,-0.3624710004092644,0.1425437489898533,-0.28494965430107444,0.41969217068938014,0.10355758228352856,0.07054856531666799,0.021184258505822996,0.016684601267449476,-0.21040771749018933,-0.2781774739451831,-0.400257749574538,-0.07311324729637877,-0.44732023777548646,-0.17725233765732612,0.14642918889569034,-0.5120520905945675,-0.1543649583739627,-0.30048799664094855,-0.6095421811500195,-0.19281227525195532,-0.13237216499743382,-0.47768587565460385,-0.3842643790271736,-0.5778835875499732,-0.5968233217629139,-0.37613034597764705,-0.6548834869684762,0.3340921223387702,0.19881300228132617,0.2915139235540297,0.208599944169276,0.002447838028899661,0.32513189118784164,-0.00883694109188379,-0.07617423452365495,-0.15091700780904937,-0.3433370730676837,-0.25969259211004186,0.08148479519602028,-0.4013934738620693,-0.18211488979391466,0.11196947585348742,-0.012000708630403813,0.15299859341230923,-0.12555579958676644,0.29230980861619005,-0.042946223523433254,0.28848266551232793,-0.3087401557452051,-0.17746354432806385,0.010594620039833098,-0.14988540688108354,-0.05275610560585478
0.40224517072604027,0.04760189619276148,0.5421251367836071,0.0396434566065003,-0.4193783619755702,-0.32772391258480904,0.6223695152066797,0.006244740000852227,-0.5030301992607978,-0.6089265232463261,1.0,0.26318770904075545,0.6616206098943026,-0.21880978579347385,-0.13976077721981622,-0.6550493195726093,0.6985420195786806,0.4146245233863422,0.05062416359757499,-0.108171081824049,-0.5365214716821624,0.013213008953782168,-0.17584793267359622,-0.05124774315362848,-0.5407425881584983,-0.5984917580172183,-0.688058798109555,-0.21518573442019795,0.06649950409023665,-0.32637746387074384,-0.3918590282084089,-0.13524355818984934,-0.12304905730371785,-0.1127222429597255,-0.14051087535277976,-0.42250258633719706,-0.2931180282790936,-0.1811036590764849,-0.1351307721082445,0.06851537695694972,-0.22866555944781042,0.4754096360723363,-0.49305528488009204,0.038807822310188804,-0.2860008508707815,-0.04196756440571332,-0.4584379145213219,0.2102775845209437,-0.24462581336802044,0.08148931119348879,-0.1680916264262183,0.2844954330027482,-0.26811304331464114,0.22663679516716886,0.373377711835707,0.25149972466208165,0.18207144599239788,0.46657202398463593,-0.017110984119218974,0.2993397885947287,0.3530021016119209,0.48335538913222564,0.4364883941077369,0.42494031184691633,-0.032420313082398934,0.3105089021192456,-0.284997033966702,0.153375307672809,-0.20542048437675575,-0.035415743093800814,-0.0848918906408966,0.05728486962483895,0.28664381174272624,0.157889095873686,-0.09492520648880502,0.3496361211705588,0.09576583371820607,-0.23957797995821273,0.41075747619051006,0.16684366192207592,-0.009244246722330589,0.4889851720768157,-0.22275702357668276,0.18505875929691998,0.0586851449262025,0.27746268656558476,0.3455845619242568,0.5749041982678156,0.13403209460206333,0.5471535921777703,-0.5450572963178234,-0.14116376269453526,-0.5096122265384365,-0.5269270666086081,-0.1725737798790434,-0.4937117270821973,-0.041905624962870425,-0.08103635371500587,0.27521765352654515,0.5401989042012739,0.26466925409532016,-0.17766992039858123,0.48250749580665386,0.38552011059312946,-0.13710099730501427,0.18633775967433847,-0.06639581908282817,0.04473230849405583,-0.347832899494599,-0.06200665684944332,-0.29491857618397516,0.5040650953770336,0.12940433476735264,-0.06508249073532976,0.13806381104011975,-0.05850610060365122
-0.110030341619581,0.04397671152659596,-0.0699417995603361,-0.3922138770430402,-0.2704867498940497,-0.5737312446125958,0.10539755427445512,-0.10536073212043047,0.07860576639740603,-0.11138408809417484,0.26318770904075545,1.0,0.3277264592007974,0.6151623423741301,-0.07084162572328807,0.0046122694960663195,0.016623577281647244,0.48695368104354436,-0.20330203606775368,-0.057165894888879965,-0.26025221515783376,-0.016263740971660078,-0.12809849102197998,-0.07688583959930508,-0.05136075640286421,-0.03620318508853077,-0.2526417959027064,-0.003795275347655492,0.22111149073522438,0.12796429122629294,0.047148446935183226,-0.2997041581328055,-0.122461568380033,-0.05386441498541978,-0.2722845075515578,-0.10177170740119647,-0.04837060996280174,0.06139130114646248,-0.1877558404915361,-0.17168871598370095,0.05962063436793254,0.07995231446352824,-0.211254337634838,0.14264910220704077,-0.16574029629970347,0.3279036100021167,-0.26194510377559926,0.043568909953216106,-0.14176783388293893,0.2422240055197653,0.2083090495189888,0.04362660260459565,0.17566856927026378,0.3337110205885013,0.12605649542605882,0.01568060580892995,0.05669661194950384,0.31547534318724724,0.20884293050625108,0.33028700765232744,0.3035284520346618,0.32731826597069735,0.06709472605477307,0.0043175211129182,-0.15335380466584883,0.24017663458473734,-0.29722689336518154,0.2585560435708873,-0.03991978457205682,0.12037647933081502,0.21193447253999848,0.16159153002235976,0.33954154013397636,0.04017124310791674,0.20973000366693528,0.23600315416396234,0.16496606940570938,0.1571293975411881,0.05029585602394612,0.20366477999793725,0.049536685853118434,0.2511067001673464,-0.0574737305744124,0.3020264206540093,0.021060988653022406,-0.0974697217873762,0.09637274396508361,0.18269399532169034,0.03075197151553596,-0.022271244593684427,-0.10071891298817341,-0.058285723347780906,-0.11344163773028455,-0.24659453946182028,-0.16207729020420417,0.005073753717180711,-0.3564153867040895,-0.14033702709317913,-0.1720863465350429,-0.1443450704724716,0.04470044990948048,-0.14951116767599837,0.04159018087196429,-0.11435477957940332,-0.3184560695758584,-0.33776901424222217,-0.14173644324087828,0.17098386708784735,-0.1997327707201275,0.02937453265582009,-0.39575404388002755,-0.21234280960884117,-0.14679319285075987,-0.2004964634212151,-0.11083561470194102,-0.17285723021791652
0.15318901781014832,-0.07030795402480725,0.2578839628574347,-0.0819004703815126,-0.5119936753053866,-0.2707296749303858,0.46397522942695685,-0.22878933874376448,-0.12503902583740306,-0.3386431932955973,0.6616206098943026,0.3277264592007974,1.0,-0.20817007122996048,0.06345042122144653,-0.4308614107911487,0.3402513171170533,0.57253915445575,-0.11959249000717075,0.012459723022093562,-0.501671810979003,-0.27475788390407363,-0.05526378327139511,0.03961673562123907,-0.4352605102912195,-0.3456040654483018,-0.35353680705024454,0.13828736190258129,-0.05973104022210822,0.04121213872946274,-0.3911793282682518,-0.07261880586791043,-0.014251579062341042,-0.09213704803157097,-0.021621298275977766,-0.2673435865856767,-0.388970426656667,0.1537569991725218,-0.11221484788762932,0.029764142443101785,-0.05313436552605211,0.14087220005611875,-0.29794250235223846,0.11074993172891356,-0.005907903993508644,0.00366255442896789,-0.3564614409321901,0.29879892069221986,-0.004657402872044713,0.11454973176649252,-0.10927584830303637,0.3065255599532024,-0.10910186274031382,0.16851939560535295,0.15753465835199504,0.28717345230324043,-0.0026329340502364487,0.3316492244839564,-0.011418991485683306,0.12620810229331578,0.3491677416819269,0.2131579365618502,0.5105998870163465,0.1525884015386534,0.16536726106446908,0.19977549481878423,-0.18719441468595308,-0.0109477885803404,-0.22813235275411722,-0.10838836120937911,0.08494393478274097,-0.3338341386240269,0.37105252122665455,-0.1004384261719763,0.14519680976331065,0.32742794424376115,0.2178230092875929,-0.016443085369159553,0.13427930228176177,0.4550332240031316,-0.046123313010839,0.33318073289817657,-0.32947239596007466,0.07040575237510689,0.07282631459770568,0.1830410483596599,0.14156605542299558,0.3998462041785048,0.13412704514567106,0.27059920893211387,-0.3993542932211089,-0.15555179644901612,-0.2651722551707845,-0.2737631219226338,-0.05335621168911246,-0.1960752658308905,-0.01056123134288331,0.0288385545321992,0.14006677155569172,0.37684512254811275,0.32827291606847864,0.024540548793256633,0.3959215041934878,0.3070992981472066,-0.17326938716590437,0.08061268782444612,-0.08938607701644334,0.026059326503883543,-0.06916911677206797,-0.027498756475467845,-0.17638750220381827,0.31255584154635974,0.19083289467613165,0.06926377623642811,-0.0005660526583076858,-0.017388456879529012
-0.28352997177075356,0.17065777951506478,-0.15828541151856057,-0.18757995412370657,0.1582085698202121,-0.26286085274663906,-0.12023950562711255,0.20946609500891483,0.3322426697456026,0.3140057559762514,-0.21880978579347385,0.6151623423741301,-0.20817007122996048,1.0,0.032344673675911415,0.4999714959287048,-0.43311940984424296,-0.1138006570522637,-0.09223856424451833,-0.10087663021760154,0.10051759304557156,0.04150816803509022,0.2788496855277305,0.16287174527367101,0.4269489759065634,0.43733393531231085,0.03767822636655092,-0.1402393926664663,0.1870517709487049,-0.019930982848477295,0.5644429211585686,-0.13126938100714072,0.1280591287582441,0.027181963623362143,-0.12001735374684551,0.02943672110844349,0.0025436613946420213,-0.2080849662901701,-0.332192635409399,-0.33483346047460544,-0.045827925719810945,-0.1679474510005198,0.1439179989185373,0.003028277582178836,-0.022401637581587263,0.21853750748677425,-0.053693473741313,-0.22180607432724758,-0.05157844753256512,0.2495506539344295,0.24320258506191153,-0.11023009904346778,0.23185734732523744,0.00908630083892211,-0.21710395056882698,-0.4687926096202213,-0.023053888111422217,0.00047673433892747,0.27528632409250475,0.21131122289275692,0.29755938420932554,0.05522075795525666,-0.053355132824467376,-0.21247837373727335,0.006455303346807699,0.1119903436843073,0.011917293346299004,0.1947640128561335,-0.04437389152698844,-0.06206262470386692,0.1942400394118038,0.2730973808501747,-0.09035011340834262,-0.103852578059611,0.05073104096024413,-0.13865186078419553,-0.03638782084672694,0.14352830404690783,-0.35471677997083984,-0.20328045177854417,-0.05609775976990316,-0.2798835931681159,-0.07557611798470149,0.31540491060674625,-0.07547549048465749,-0.36281633305353506,-0.20545088265376094,-0.29757603670657257,-0.257607455945519,-0.41725283499264326,0.04121227319322011,-0.049308824829104946,0.10224700847481892,0.03244584838431164,-0.29880602284891056,0.018266402833406952,-0.5636095414244019,-0.3951012084233794,-0.5104307748650697,-0.5843991658940232,-0.37427668990737334,-0.14153262054968307,-0.4874727049896599,-0.42184866068928184,-0.4083710366278194,-0.4191768996372458,-0.14264706433428262,0.047743988632032816,-0.27748861160095706,-0.16490570030821303,-0.3556616873237686,-0.5284315819125114,-0.39337966844101085,-0.4125572430063853,-0.2456166293235776,-0.2901256558893564
-0.15833782656096562,-0.09939029437393192,0.045813757400256776,0.4654225899475609,0.06852042619774829,0.009761316717795522,0.1286429962374574,0.09256940669855913,0.33813376106832654,-0.07550567060899459,-0.13976077721981622,-0.07084162572328807,0.06345042122144653,0.032344673675911415,1.0,-0.03792911407936589,-0.17990383977641516,-0.12586315611546142,0.04540404011259997,0.27058014440686096,0.1488446957759905,-0.12174554983103428,0.3387327765978055,0.5299668733613668,0.002385524576549901,0.0684245873699568,0.10206665792448916,0.1832367408474042,-0.09114899863088705,0.05748136431742574,0.19894240812691386,0.31882698353404054,-0.0830053013728376,0.02540854848005973,0.288952828104694,0.050242447068327756,-0.028700062770834603,-0.0326953937456708,0.06239365869997671,-0.30001736153498304,0.03973818158526367,-0.1278050056887276,0.09232427159676085,0.1310707431975643,0.16901967633303977,-0.09209004370064913,0.16124767425159858,0.22869660046371618,0.09091686256766876,-0.2432003627831316,-0.004744155689703784,0.17745576617127248,0.20124568729203865,-0.16682311517373913,-0.004258386658174301,-0.12026495983894608,-0.37414881959754714,-0.025404393863304835,-0.2956124312616002,-0.30270613634003635,-0.05067230562834889,-0.3789755537079799,0.17774938299858406,-0.43613556678642396,0.23567934414103864,-0.054766415397064894,-0.0794206689804619,-0.5291933230330945,-0.0762680734309166,-0.05488443212388294,0.05559633234320378,0.029294949214552373,-0.09155748770066215,0.14526776648536852,0.16785249272511363,0.08890326116259341,0.23413802865850677,0.2520933543698948,-0.18077852781133272,-0.08055644555828052,-0.07063616532928232,0.07879983058561245,0.22501357368028066,0.1715371317500361,0.3835295304301041,-0.024792291643326893,0.25165148994271236,0.1554317144952122,0.09173503376754191,-0.12817238204240664,-0.13697317239833817,-0.2837725036927926,0.006443436344928545,0.35239810638851676,0.11994482310125475,0.11666291177087408,-0.053193040260878836,-0.02990668954987361,-0.23609873572332699,-0.20068985065909428,-0.07566194751287351,-0.0844334608899709,-0.17042438448371924,-0.22003059080558174,-0.27451217096690295,-0.25291210878078607,-0.3798639517993876,-0.06854387908901008,-0.018200784485064504,-0.15964739325476424,-0.14228672517653915,-0.18509166036830613,0.06773919232450243,-0.14992253158446794,-0.019061555557314497,-0.15155287754893987
-0.34586253764919506,0.12749982710017416,-0.44116849471758274,-0.12682301104936214,0.5323761667830692,0.3347113209310952,-0.4251362369103333,0.12419898499578434,0.5529726203118115,0.8154970358959147,-0.6550493195726093,0.0046122694960663195,-0.4308614107911487,0.4999714959287048,-0.03792911407936589,1.0,-0.7082468490707973,-0.4487785903196011,-0.01470738172643713,-0.07018327436420506,0.44051916596902124,-0.0039008630432508427,0.2571180124813616,0.03668095876993644,0.7683770620912819,0.8300553604242362,0.5164433787510605,-0.10797191956533535,-0.14923825253981624,0.15907178165558386,0.4720497761115389,-0.10578223258326963,0.19474153398011887,0.03443716058373107,0.008101270932734007,0.23330888099933048,0.036026439112791665,-0.01164474553563012,-0.11956357795184319,-0.11373968956972373,0.013034880711711525,-0.33590871474079453,0.3547279486784552,-0.08041168624839835,0.10683363141729499,0.07376449514861641,0.21512135242557343,-0.26901595906871867,0.044897291674848135,0.1564900267797364,0.09135080164995531,-0.2308295162340608,0.14783692514646626,-0.24602243526331588,-0.39229036159751673,-0.36949735538346207,-0.08979536340764194,-0.3183057845403506,0.1633902274678883,-0.03151549929841132,-0.03869096376746716,-0.24226754357536845,-0.28199928967253446,-0.3096916259265877,0.06458152116309879,-0.2140612155192415,0.21614416812192475,0.08902322015297556,0.06742590769010703,-0.06638805198537398,-0.015499036952698534,-0.08166308134821107,-0.3399314739643744,-0.4027128151451843,-0.08763069945105846,-0.518651117033689,-0.2615188149859004,0.07853774028591413,-0.5496077525249619,-0.2968557228727652,-0.2058317010017396,-0.6694310791725347,-0.22017322568417913,0.17425090893633124,-0.304785301377748,-0.4086840329722102,-0.593777920175239,-0.6720529316223377,-0.2378793470961424,-0.5509004295066544,0.32286181973073735,0.17692564792284857,0.3631788510604265,0.2166718572559682,0.04629429854782149,0.3280625763655886,-0.1236462996629455,-0.11741915664378799,-0.3652507710349987,-0.47937870839390456,-0.3881410485299326,0.1031114398103655,-0.48240371553749195,-0.32443217132174856,0.07206918828195427,-0.12282766090536004,0.15689449679959425,0.03733701529392313,0.18542144268288546,-0.06324728608656553,0.08179840528450114,-0.4481367882052858,-0.227262207764145,-0.05136043775974736,-0.10457699841640027,-0.08275494765572246
0.5694156070168261,-0.134032885892831,0.27669721731670033,-0.08144934247490856,-0.2936705629889782,-0.34013397534244577,0.2623715953002395,-0.15228376659928217,-0.5569873072054649,-0.651902718858126,0.6985420195786806,0.016623577281647244,0.3402513171170533,-0.43311940984424296,-0.17990383977641516,-0.7082468490707973,1.0,0.4606648739497215,-0.04322182450515132,-0.10810627668749742,-0.3754258376983541,0.16276280956272662,-0.42312955802216,-0.2400128657537681,-0.5043585422515874,-0.6612998890953392,-0.5366978933141092,-0.1699891100987802,0.27437759275253965,-0.16825341942932934,-0.46213808521709776,-0.0466180341205066,-0.20758378417060225,-0.14042810997325322,-0.1823123820380281,-0.32058177586429565,0.03709071238040962,0.02998377198555468,0.048737547082155316,0.1661109793408701,0.012294899881773399,0.5121511305035866,-0.43330758192008156,0.13126979498408847,-0.2990537385748787,-0.08933679543622965,-0.3400760423183371,0.19467925139471817,-0.2236232250842069,-0.15917611054633082,-0.1277522856691097,0.20499459102372833,-0.13688045689145903,0.2739152919337675,0.41748677510024595,0.2921631358466243,0.34888855806855595,0.33961777582714386,-0.10606037811996488,0.14690906680866375,-0.12580484996785787,0.3946278010761447,0.07251202132307227,0.524497756069158,-0.28049657319367494,0.13101709668262274,-0.25973193816461754,0.12747570987891962,-0.006275625877327374,0.1104728978099959,-0.09245779536211769,0.18627732549914727,0.4325428767500426,0.29840910327472747,0.012360620331963881,0.3899498885509382,0.12654847480059286,-0.2444850147882029,0.7629582139597932,0.21351472466596289,0.3521620306512674,0.7270677838824933,0.06651215527639305,0.11275239558126603,0.1328611654405143,0.36154551546336794,0.3577728482191877,0.6121992160628112,0.12443573513903332,0.5452787849654122,-0.29771389929037245,-0.011550767058140099,-0.3750081887940497,-0.41672014228383186,-0.17425221661211196,-0.3540630137665518,0.09612798047018128,0.009367215210316603,0.40368445027399963,0.5419987970707751,0.26568243876740344,0.02547660213012324,0.5083052473691676,0.42693937686313715,0.04179599008084351,0.12461802192704258,-0.028124848889535876,-0.031404020809809245,-0.19464356049145815,0.18483070778771835,-0.10627141403411242,0.5331154833973528,0.10010015679574913,0.1928526629231749,0.16678696059049797,0.061073734580120116
