1.0,0.21767992161781827,0.09282475347123344,-0.325580930580191,-0.03250712183428718,-0.4510300800721215,0.24994886039921155,-0.12382446712646619,0.1001337503338253,-0.1347896154785596,0.641081562569573,0.1000614633149077,0.3753506518347574,0.3173647544561602,0.3252211083512331,0.0249994176064633,-0.12376389023929323,-0.11861243377269542,0.10607388101830861,-0.20528123881062957,0.05536272835183536,-0.24093499045102953,-0.2533007234984653,-0.3891132097583011,-0.44763060200124155,-0.6729660298818745,-0.24189393850510765,-0.39509963645568097,0.13724942985164656,0.039618993302725225,-0.31321718734423165,-0.46613133246970684,-0.256853441732582,-0.47412084069357574,-0.19461962354808027,-0.06334514626890332,0.23375421221780995,0.17219665049853033,0.26377131721017905,0.30058291002128235,-0.11265385351961267,0.05123913110607365,0.2690679197599186,0.10186843014399771,0.08629444523258971,0.14463063132205373,0.2332176567210882,-0.07501919641911169,0.050870039043126695,0.10725834822503655,-0.13025205091132044,0.15073490527560246,0.14252015233366333,0.38517993062691736,0.46475719183260683,0.3742347376913743,0.2530692317950447,0.04131760806701913,0.35070923812074944,0.12235622430111127,0.23055863140548338,0.240936620886076,-0.19521099885179363,-0.1960532721879267,-0.279090211106046,-0.42555294957802514,-0.15801311777790505,-0.36883375951041636,-0.3610660529580043,-0.393505628539684,0.20010903786385736,-0.07381067436144105,0.030693249068762352,0.10770851209738455,0.21548559775967516,0.09945068949966752,0.4169839854777205,0.30116103172338604,0.03396962278516877,-0.025198587283708242,0.04065219378177661,0.14726043283425336,0.19500769845258176,-0.11537478251564934,0.08541637037774567,0.10487515930787206,0.17791280855420777,0.058445009095988876,0.24891706232982666,0.401555027237123,-0.1436913439636791,0.09226435149922851,-0.08940024624340173,0.07544146252535061,0.05626635442285181,0.14019038718826984,0.22667174913968766,0.28272098972989623,0.43265062128250215,0.4667394536269588,0.06579298277281549,0.15156767855793005,0.10602916433942598,0.05105320960463321,0.07818804894349368,0.09291131932610056,0.0968295824844606,-0.10226420127373954,-0.004302838027961864,0.25088282587951133,-0.0240208575411669,0.433162339930254,0.3357143319693098,0.09431547611068289,0.09493305313321926,0.09009850447622697
0.21767992161781827,1.0,-0.330065521009061,-0.2037213970948919,0.011759439877461279,-0.13318843173687847,-0.2591388596736033,-0.2669944190649186,0.10091241696844074,0.01597765307854015,0.005362119174446906,0.05181033674498769,-0.024229608597951653,0.1793026959514012,0.2820250274691975,0.11359477447109778,0.05289507553352466,0.158698203433568,0.3684601970336985,0.5580732873667666,-0.10965986624934532,-0.1772723269443809,-0.1326686497923626,-0.20452192306322572,-0.08281235763457859,-0.1629830919688297,0.049795989428426404,-0.03792313393672722,-0.08123538279101818,-0.056033230408088365,-0.08634851815112204,-0.16944280132764214,-0.024668635207428524,-0.06323380510504033,-0.2887666340797098,-0.13964740216236005,0.03125090526002546,-0.03155308579155653,-0.16057029729861844,-0.13045035792393497,-0.08459481789539386,-0.04495712930588578,0.0808401702243012,0.12230488310055909,-0.09116215187450759,0.016792549326260762,0.0006982625332939784,0.08318371515302975,-0.05252997578434932,-0.005475246084472866,0.026737603446952973,-0.0036293656596781128,-0.009792915444812582,0.04080755074696827,-0.09223948862809124,-0.08951904229634608,0.24296917772557547,0.6584498421406637,-0.11869403833145799,0.017820138667155795,-0.038538297632896866,0.033928385363475234,0.06803133924202785,0.14627165014406587,-0.03829316343283448,-0.16660372103377916,-0.3627918838763265,-0.3256559477277156,0.36720636593308,0.23458407756973249,-0.18472391416901304,-0.24742185188002427,-0.1830227690791006,0.03847329700049514,0.021706023051024464,0.01477601372349093,0.13795425894411584,0.17583161801404515,-0.03615046077939255,0.09715627663640067,0.03305250074854151,0.15570552847357055,0.26951406034112524,-0.07777770913310628,0.1999661823284807,0.15661034685725095,-0.011244558769823453,-0.019449320784762532,0.04566343209231042,-0.05863861739718669,-0.1924796523531962,-0.3018166180278256,-0.2509623257927761,-0.21846756688147032,-0.13691092422646442,-0.06721681850870022,-0.0034890672650434514,-0.02138350621667973,0.005528203893883526,-0.19491958379596575,-0.18459802587772936,-0.08444545326051776,-0.050266971798546535,-0.09211636628576111,-0.03964599704416458,0.03312411803948798,0.13458558273396878,-0.009539732833698729,-0.11464622359331686,-0.011457173899674999,0.001718242480268105,0.07974801029767223,-0.13939702557320582,0.0292949386096984,-0.09931877457702065,-0.2224212850568962
0.09282475347123344,-0.330065521009061,1.0,0.5763705562810362,0.15456805604518062,0.22792941195786567,0.6342139918694307,0.4279653445576541,0.13778574226702356,0.08132344436962964,-0.1087246627862637,-0.29664881430973455,0.06220084075917549,-0.1748304226430826,-0.3718229911589159,-0.3474598018564791,-0.3696318259019449,-0.4880044739747121,-0.029340526401267046,-0.25908323250408777,-0.09573018692112137,-0.18623101212258156,0.5450612261370924,0.3117501825483343,0.30887581646572143,0.11641829789285398,0.016655524668004865,0.051585628216665236,-0.3596781464784315,-0.3726065993625407,-0.2321231810342588,-0.19746210974278472,-0.34455417140504346,-0.2549174761434292,0.42584752993224256,0.29061258276290186,-0.25828506069386925,-0.19592546615126644,-0.06544923503960338,-0.05588713578742222,-0.42468605057619463,-0.45370647709940404,-0.0792251165885197,-0.1546927534984299,-0.3681634486477469,-0.24818562166800953,-0.21688125490206092,-0.13031835335563788,-0.24982327575831131,-0.04116397748500788,-0.21814388371201268,-0.09240636012281558,-0.03755830084246824,0.0684140193845972,0.08576540772479664,-0.0305434020475858,-0.12824516670922748,-0.17304890717595559,0.5318082157966356,0.3559834322589676,0.15741701779416786,0.04532544148255263,-0.42970405897753133,-0.5053502585834047,0.13953065247079874,0.31588857080064886,0.46876114238987804,0.3640388505211914,-0.23778690526012508,-0.14956702109266756,-0.2132571555014704,-0.08769798174071268,-0.36249212737564585,-0.43600457692369626,-0.3741235158990998,-0.4155834687403415,-0.23751763377899798,-0.2972728393513654,-0.12146058760903451,-0.2784138087299759,-0.4045848430750115,-0.4885867146440986,-0.3441722044348479,-0.2917528181130113,-0.27770694334185886,-0.020764742168716103,-0.12325319219735767,-0.3881862354757185,0.48685563277760036,0.26241806135770246,0.19142848763559553,0.5868502176839672,0.3154057980523055,0.5200937522866951,0.10505825498011956,0.061047121071398334,-0.01064773500164022,0.0724376326491373,-0.17809992549833092,0.09746114046683414,0.14235449500513742,0.43682552624903365,0.08508173920873481,0.33640196687859397,0.2544470335048378,0.19694143160816377,0.10231226999495978,0.2500765401449079,0.20201289903036468,-0.018741390227874126,-0.11315380089386587,0.0891264577035399,0.16613127646690587,-0.17871342243566152,-0.08777635204924872,0.0074940361736266885
-0.325580930580191,-0.2037213970948919,0.5763705562810362,1.0,-0.029596463295913557,0.466180379214758,0.09050835707945204,0.36828474687128115,-0.13481534490723326,0.023114743868927645,-0.41992274720532846,-0.21121915988017312,-0.2739462972405416,-0.18719443093813806,-0.39108711796321555,-0.2659537687918536,-0.18045620734507742,-0.3757818402567523,0.07646249093638281,0.04642184001943664,-0.17319450133523337,-0.09437117759485728,0.69856076000338,0.661018858822452,0.46525068465461167,0.4824129292256912,0.11797503116289619,0.2771878476313542,-0.44777531144696464,-0.4378570509816733,-0.14042221790904189,0.044734762962317536,-0.3050100694861451,-0.05674447754730003,0.43958679041301024,0.37055334631200176,-0.19417874796173806,-0.13190096936149914,-0.2501856750853608,-0.22192146724130254,-0.2710271212000011,-0.44751626755216795,-0.09768719371495552,-0.2002937956699151,-0.2893588069877176,-0.30800774739241416,-0.2456962708099051,-0.08866810726854314,-0.36460789960411355,-0.12680275867882457,-0.20099097250353837,-0.2190538996134164,-0.23224682526699345,-0.0530120630588498,-0.007864545504509431,-0.15024844824753206,-0.1506178116958155,-0.06449476354286816,0.09547324382808826,0.19230626873095472,-0.1952814068806827,-0.15825963985888178,-0.18332660323734298,-0.3598778702613365,0.39447584080190745,0.6231843492855694,0.28202872710174604,0.38758253559083516,0.13014492146531004,0.08078090860051353,-0.3909584294164282,-0.138055995241486,-0.4175284744283708,-0.4918612596036912,-0.40889213257764817,-0.411496578245357,-0.30087017041975256,-0.2875082654737623,-0.20854410532331988,-0.15057782416459597,-0.33518686757128197,-0.4424711107435076,-0.2942053892996565,-0.27150702971979035,0.04014629293980012,0.19132336408195877,-0.13550209797245177,-0.254994688248141,0.4420113421539729,0.24923874705283852,0.29877877878231945,0.41609099436582303,0.4690339904049286,0.35624502079841575,0.005442740755850439,-0.0862772478732112,-0.1540073740146458,-0.1326130279357498,-0.2112649475966863,-0.17113269918763677,0.08406759195668034,0.1161393612069875,0.05886440607894493,0.16924181189168908,0.1570198910161662,0.09291175391586229,0.05313840594302324,0.16407457762375466,0.03740393607115044,-0.14504562830236659,-0.21360911070972508,-0.05685042801553059,-0.0710569489547127,-0.06082559444919112,-0.0920025008679591,-0.022489941579616934
-0.03250712183428718,0.011759439877461279,0.15456805604518062,-0.029596463295913557,1.0,0.3918925540785651,0.3196964522728324,0.3149043612670189,0.793266580035417,0.8117775439395339,-0.2514955369630941,-0.11455031084996445,-0.22214725546547537,-0.19563474895773225,0.1690701934716834,0.10509616584426461,-0.09336594610234224,-0.12588480277411843,0.07905393503957323,0.0911815403346373,0.2525849946113545,0.16338381067863944,-0.06732837893257618,-0.05781418028854057,-0.17504186919327105,0.09103693357089569,0.42265313602242266,0.11132566667328068,-0.04385724856506191,0.09089746379941449,0.20993151067233096,0.15535518962019157,0.1029514438553592,0.2055342433887895,0.04630283946376953,0.08721162431319181,-0.13931617741540334,-0.06694741191524749,-0.03943202522827068,-0.06285155040106927,-0.00388502769666741,-0.05720470617237963,-0.09704584205300923,-0.08903787330691909,-0.19648303735954162,-0.08306667506914887,0.11068828333071039,0.16511388520022532,-0.16002329855298675,-0.005748198764142649,-0.22456247216847805,-0.017263269622642165,-0.07268950898333937,0.21043209832683468,-0.21877567058154143,-0.1317371447947515,0.014351472390450147,-0.04662816408374232,0.0003744981566067104,-0.10440127345436988,0.004619443672410875,0.055512009540537526,-0.21273637370779364,-0.12041111324047861,-0.006081497989149482,-0.05110799382715597,-0.030168804070652422,0.004225038229429663,0.05165222395277115,-0.024538202080706548,-0.0678940631912409,-0.07693236539649388,-0.024645271670190764,-0.1758782604956799,-0.08968815270503466,-0.08700744259133676,-0.060440470607580725,-0.13155849651393953,-0.036658241426277174,-0.16881318347237634,-0.20741886595097603,-0.2176117925804762,0.17718982515477666,0.004600187068590331,-0.2948588360560128,-0.1786274796820228,-0.14477744309467583,-0.13366589728744363,-0.05527189305858855,-0.2568617317769297,-0.15292379162369296,-0.0971954750576016,-0.11110828087925295,0.03102186873657196,-0.11084709153323062,0.07864437874937136,-0.08749301214829407,0.05658033433625036,-0.06647134147869788,-0.09861414341106631,-0.12339523052757916,-0.02900257760660167,-0.18510975750454073,-0.01108362831413161,0.11688470771691241,0.15694172874308288,0.05433584880190267,0.22294042356896934,0.048644727965017905,0.1171017459954162,0.08145098659958666,0.05509932919307863,0.13910040085068415,-0.14280061397188393,-0.1104262863494047,-0.1702244728221959
-0.4510300800721215,-0.13318843173687847,0.22792941195786567,0.466180379214758,0.3918925540785651,1.0,-0.12852489669573536,0.09240198411357832,0.1923862435153076,0.33372574497563606,-0.5136794629420455,-0.42273390810595834,-0.3506147926850201,-0.31337461453411297,-0.13188297091555595,-0.23713953177441677,-0.21224105839266585,-0.35225807986265495,-0.09058804903755886,0.08477001264554211,0.19725787294690045,0.41875516456923373,0.49036158616378406,0.5471486142321852,0.41497703034344746,0.6879060865544121,0.7176003732885807,0.7293164335499313,-0.5552627536523468,-0.48664572682352153,0.0327974174505751,0.29556383099255207,-0.037938728376117926,0.21976183030482063,0.4397873771855237,0.31163656171862597,-0.277506027290479,-0.13423571888622784,-0.0534536958237595,-0.23458645553721497,-0.2558475035927234,-0.28271801559604826,-0.05611201856489887,-0.004532229413919381,-0.17492796061354268,-0.030142087567587086,-0.18022214456597896,0.2696245863029314,-0.1362044109536409,0.1299216238188801,-0.16317962253844884,-0.013999857666594945,-0.1489653428815152,-0.07096589404228025,-0.1573341219512242,-0.3379779828494062,-0.18076976073424497,0.07042222812499573,-0.08213433428433091,0.014947252720861712,-0.25907376698753637,-0.2284322300942672,-0.31858545347268385,-0.34339863282723104,0.24744133378073707,0.47913692565690347,0.19367134139366493,0.4633286425123342,0.24082715431462287,0.21751471852504015,-0.24012094099385456,0.14201928219933202,-0.4527187371949434,-0.467033312242603,-0.4619606999803979,-0.3626888980013198,-0.4663683386970652,-0.41964885201663127,-0.3490941581644353,-0.3183601788495123,-0.40746914346108054,-0.49077754364762655,-0.19570823514450056,-0.27599189675539104,-0.09202161775604492,-0.006404838029771769,-0.20756393574968154,-0.1668336233303392,0.21096213529278388,-0.004145072039533191,0.3486816197558337,0.2491222879175303,0.3778482670782601,0.27731012439060976,-0.25702698937329316,-0.31305675082550677,-0.16689335273000733,-0.3315733564728762,-0.17233804442660974,-0.391952342000061,-0.10472818234648244,-0.020990653751486045,-0.1319726071150503,0.19192270452004667,0.2671333720122166,0.2936108658214279,0.08622201686127813,0.2470891955629566,-0.1219271368965271,-0.2727815279939769,0.03135903357303873,-0.1104450238203462,0.014906763640311347,-0.16553236119502068,-0.2750908315574828,-0.36696240378617295
0.24994886039921155,-0.2591388596736033,0.6342139918694307,0.09050835707945204,0.3196964522728324,-0.12852489669573536,1.0,0.6108553294194701,0.29610750544789466,0.30238380782735985,0.18926310897709814,0.029845202819645263,0.26484484432167515,-0.040891116795826965,-0.1318685023213242,0.05648212054050977,-0.3058519724100985,-0.37423809036369954,-0.06651246855577474,-0.2455739592616745,0.055862053416794524,-0.18968182819038962,-0.04850323811497245,-0.1565548834235824,-0.14574798979647952,-0.28510608371509055,-0.13132818480595887,-0.3203795173053413,-0.028955969034807034,-0.10389759120357278,0.0019107311981847613,-0.15423244673355835,-0.12078590907713248,-0.06126079836327707,-0.02886387090477621,-0.05383448824377497,-0.31945429558487837,-0.33987927236528137,-0.1852700936184744,-0.11338951942163564,-0.23920206606139266,-0.2390111686666614,-0.19917916121968798,-0.3016960850578625,-0.11584755028931532,-0.044356256017461335,-0.06260391978394647,-0.16419610386766617,0.040155497910615685,0.0925464863160368,-0.025205636369517618,-0.002292157628283989,0.13361940543106426,0.20245137741208594,-0.007695891019470347,-0.004523959455780415,-0.08448215156337005,-0.31132051251436144,0.461501789695352,0.24729270618810234,0.4729080523110012,0.3930031714803764,-0.19898009287406251,-0.20203391701720974,-0.08762235892028825,-0.032248852674673804,0.33856073762659644,0.14862978581070377,-0.33842489392763414,-0.20711318970345335,-0.04746877487678156,-0.005667223473332685,-0.10923930009943503,-0.21216021042075117,-0.14416273663664025,-0.22977023374145936,-0.19778993409854884,-0.2329618684880136,-0.05879872269309894,-0.3530665701914649,-0.2496763582811721,-0.29582455484291975,-0.1041287423656073,-0.050873083726131106,-0.33775087693385386,-0.09072437868978492,-0.06620812752932974,-0.4122383948856274,0.11858628726139993,-0.03100860036138675,-0.057483807451189445,0.29009852738292324,0.034342053762472145,0.33500767734858933,-0.010891694278241628,0.08031981068733046,-0.0835257961555855,0.12402113565246703,-0.04053954806937388,0.14809137143615458,0.19530951235734847,0.3909782005663328,0.1313693471637868,0.2168029538343703,0.1949400369014763,0.1006461355978262,0.13047668003742338,0.25478325430666093,0.09350795730659181,-0.03672535403084865,-0.111251604250139,0.029838555693398678,0.14899938681889432,-0.29305180158345545,-0.15244968822191562,0.019739867071940663
-0.12382446712646619,-0.2669944190649186,0.4279653445576541,0.36828474687128115,0.3149043612670189,0.09240198411357832,0.6108553294194701,1.0,0.3016653745673302,0.4556559209847341,-0.08427319397357505,0.2527718616097983,0.0009530729389448667,-0.0009564067987290339,-0.17628961896010756,0.11493890656868919,-0.13297091643751255,-0.32555616149887406,-0.13004760267496884,-0.19133738121027447,-0.12751916918696118,-0.07511714076452294,0.09168284018621399,-0.0019202343015552745,0.06884875240825043,0.14849423648954804,-0.020289056416894956,-0.13286414609148434,-0.12576623696921874,-0.15428651572647448,0.183482530669082,0.2382160375204408,-0.09868890027077129,0.21892489584900776,-0.008050606377291792,-0.038326617802338266,-0.25700341458344295,-0.1934381622564827,-0.23809742523559518,-0.16478831399579383,-0.07348003825689804,-0.25607647050999616,-0.2809623693128071,-0.3113542388863133,-0.08119781640322317,-0.19851022714918734,-0.15373714083001586,-0.1843948257376653,-0.12537679806168275,-0.029129473630987654,-0.01683785132983389,-0.09887902506554841,0.04073598484983971,-0.015948783232640183,-0.10064315119517189,-0.14733834345735428,-0.2647913793876141,-0.41361266835163485,0.08593432980210622,0.0015572115765055774,0.19452403693255138,0.36812375796097135,-0.1482611137721088,-0.25445954843872093,0.2631406074077423,0.35851912194503477,0.1702089431432111,0.173646402336852,-0.26245817263261684,-0.17120169410466457,-0.15851473880157266,-0.004579738064581997,-0.13179091034985355,-0.241416387710293,-0.11185128914132202,-0.30182036897337944,-0.25903863881458616,-0.26944199142727,-0.05014231448009818,-0.23744756778429973,-0.24939133818002454,-0.4048664768974025,-0.1529476400344017,-0.17050054327534994,-0.1600394812953268,0.011432828593778747,-0.07191263960154164,-0.3174115251101938,0.03775513709964402,-0.0886158157026734,0.11826582227765457,0.11782712873623548,0.2536956818489383,0.16960767856747555,-0.07808353881309085,0.0043670148488424935,-0.15054096307957907,-0.018999612575877834,-0.10083940214566099,-0.004778740525785641,0.18286948210460044,0.1542660177501056,0.027978317526230586,0.0490208499553045,0.03030813989622036,0.025416960982940936,-0.05891119640104397,0.19566132879633383,-0.02933550418995666,-0.11207711840717101,-0.19860269448507653,-0.09602972617303054,0.025511826150458466,-0.17819141630517993,-0.05591728256711036,0.041687082907455354
0.1001337503338253,0.10091241696844074,0.13778574226702356,-0.13481534490723326,0.793266580035417,0.1923862435153076,0.29610750544789466,0.3016653745673302,1.0,0.7038480647551556,-0.03858362941397806,0.11674320916321648,0.12872577674788743,0.18272884190895616,0.3029369549497981,0.24577851074411036,0.02915817707188697,0.00044137682832655264,0.11852415070611827,0.045325178936537806,0.012950145134647895,-0.0009920229736201367,-0.127114215715455,-0.2401193069590282,-0.2698216657299187,-0.07330990186761681,0.18396007143034945,-0.04949235428222573,-0.018319805397178056,-0.014324214619990058,0.03204771778443229,-0.04312641603913534,0.030345286757294896,0.045861414119878284,-0.06635975034860923,0.019539079220727142,-0.08315055234081606,-0.03951910018910932,-0.08453377203159483,-0.05774983215814993,-0.04116665552671248,-0.13158930552068646,-0.08794807019890151,-0.013702683646221882,-0.07483804053907443,0.007406525422051245,-0.0006961673146371098,0.08050798235253603,-0.07300979657159189,0.05524265415092615,-0.17531170940425858,-0.09033296449943529,-0.06554069361018515,-0.09003805671774236,-0.19372742234833842,-0.13574827986694224,-0.07832645215433193,-0.07321344570806185,0.07442482215105184,-0.12354301930693737,0.01274883287653021,0.23554016818035714,-0.3373666487625322,-0.2223241215452516,0.002583261682837686,-0.025991097340218663,-0.06284163436145897,-0.03948783254127202,0.005321858565030771,-0.005239950395244796,-0.05005009784420267,-0.08400479850870822,-0.033585195489175435,-0.13185938497111954,0.047344637777583604,-0.015577349725902155,0.0327608220621497,-0.03688791020156785,-0.04714070539690093,-0.04980951815176724,-0.09971751374463453,-0.15865735131779857,0.06668230177406448,-0.19627948075652177,-0.27166511726807513,-0.22852681490049476,-0.23817155941464233,-0.10802753388515791,-0.09235562803242389,-0.2754337093757797,-0.08037227536502602,-0.07435924727959267,-0.13403728360755265,0.016093521184588566,0.04463946306561742,0.20275941148709833,-0.0495281074985485,0.08161607175311755,-0.11506861991343857,-0.020737815624150727,-0.023288497755717605,-0.0013320320528031637,-0.14961314938356865,-0.06198712529053299,0.02274130232779022,0.10182041213518306,-0.12001154010941092,0.04685282206625571,0.19252559871786407,0.27439040500419326,0.08018233001618308,0.07516289631963237,0.16318976377334993,0.0941864948742295,0.0831593416433615,0.01297907083413235
-0.1347896154785596,0.01597765307854015,0.08132344436962964,0.023114743868927645,0.8117775439395339,0.33372574497563606,0.30238380782735985,0.4556559209847341,0.7038480647551556,1.0,-0.23483116602293475,0.06309416450419744,-0.2118955471668905,-0.08054218630243486,0.1617105048438438,0.2771549175794525,0.008747731423105637,-0.055515136658435486,0.0345964489531407,0.11568042426895889,0.0827333767458295,0.11292556942007002,-0.13926156538610832,-0.0336809288731504,-0.22384489323685305,0.1267664801827541,0.2216217295055172,0.04637588207946252,-0.02389440561833831,0.038267823272220114,0.26747002877654563,0.2090528149935285,0.07441521136722842,0.22113571556086684,-0.033433135175759895,0.054317288747485155,-0.1714572356282788,-0.1370500928311191,-0.23367512959321024,-0.14802484486551531,0.0472236509593212,-0.10482218311349999,-0.13371938149603474,-0.12553197861657373,-0.13154372618568685,-0.09453121257004132,0.05873730348193116,0.05864609282292556,-0.16115010494793106,-0.020449270540314056,-0.18972755309519795,-0.18207149798270603,-0.06553363607960336,0.05222394854625667,-0.27534953733789175,-0.2504027510516895,-0.046003965616857975,-0.03393281818723367,-0.03780882668633773,-0.12396248557419084,0.020877464621176168,0.15504070012791818,-0.1282820011062918,-0.15121162699145013,0.07846271404797495,0.04642405474585468,-0.05260486824320669,0.018763470794147512,0.036997103657626595,-0.017220100738764198,-0.017742899288530182,-0.06308425998294191,-0.02118524267286034,-0.17461691869479984,-0.0660261314755801,-0.10608733071137694,-0.11976986012313261,-0.16880495939022502,-0.07110888640704512,-0.07856247958891215,-0.1392433747728958,-0.2208459581623521,0.24972785991719695,0.0281368157952049,-0.18775069902717043,-0.03073374331807522,-0.12272838208880546,-0.10113182884540979,-0.027424463663364193,-0.22424856455908881,0.06079822736622436,-0.11900236225219793,0.04466412360626119,0.03604375356794681,0.005131619120292476,0.056166079571427205,-0.1962114035824642,-0.010203641303258749,-0.07959677174883743,-0.1524523381864321,-0.029261272450115883,-0.05257932504914143,-0.12301826518308757,-0.17811814481207605,-0.11957128567537427,-0.08948043916920895,-0.10148331537824952,0.04638811614003816,0.06033456506228069,0.09773552358092019,-0.06135704022024407,-0.04170666981602048,0.10064444778228872,-0.04489404375712932,0.056533594082619855,-0.021516117774118465
0.641081562569573,0.005362119174446906,-0.1087246627862637,-0.41992274720532846,-0.2514955369630941,-0.5136794629420455,0.18926310897709814,-0.08427319397357505,-0.03858362941397806,-0.23483116602293475,1.0,0.44494637809114096,0.6804863173262934,0.4853602149444475,0.47173926772067903,0.28663911614015225,0.015109739934806712,0.11428223815196252,-0.05078134618135418,-0.233334410955952,-0.02848190788643169,-0.16419818724468516,-0.33358332700635224,-0.3519954088367255,-0.4230254680575042,-0.5831705231035108,-0.3168864444643584,-0.37848357115371883,0.4415312293096246,0.10184360289298669,-0.1368782416717457,-0.24605985926447282,-0.28837202644566784,-0.36138580733421183,-0.31312952030036634,-0.24781583289211737,0.076873733983197,-0.09480694147082548,0.06559286380696332,0.09289523125754429,-0.02582154670923695,0.058725399937366606,-0.092732494568802,-0.1244414530025573,0.18207792346683851,0.1987773865478508,-0.006169504555443179,-0.28512635149172305,0.21810815068039285,0.1719445337953237,-0.03896752103810606,0.16710284364515152,0.1322165963674324,0.018094550439719304,0.22171365167123278,0.07792686940660579,-0.19404895546210327,-0.22066524247873423,0.17336714506546613,0.08088594661791201,0.19716610381164618,0.374167971094614,-0.04062694976716494,-0.005101395081031003,-0.2396171207335996,-0.33028870686784567,-0.1800575382869505,-0.2909359903291468,-0.4618398232142249,-0.3022624859370102,0.39523180843187333,0.23291867602281716,0.21172872333680412,0.13590269054691792,0.27783509666078415,0.08550377000402824,0.19337110011074785,0.10214100230320367,0.08423308730656992,0.03294000696558098,0.24312171594216198,0.28155650223514145,0.20027046239340035,0.07519973299740183,0.26695184159647595,-0.0019168177541295734,0.3176806441480095,0.23900012153776606,0.004535209709666971,0.20087425524976643,0.08251294574524635,0.15498983439576725,0.03954320509205945,0.13403561317287477,0.1767664991920553,-0.02692298693274564,-0.0756477490791245,-0.00701078015412072,0.21947056773047666,0.31080999045337915,0.22276189907711233,0.18317101468476535,0.25142635519272716,-0.028692118639326674,-0.051214809869639735,-0.059682884883345805,-0.04742137016562376,-0.25016193852972307,0.007191686569993802,0.12240793402387104,-0.12652605821335575,0.07230447956457557,0.09619654005893011,0.08451690362760157,0.15836993906247096,0.29714600973235744
0.1000614633149077,0.05181033674498769,-0.29664881430973455,-0.21121915988017312,-0.11455031084996445,-0.42273390810595834,0.029845202819645263,0.2527718616097983,0.11674320916321648,0.06309416450419744,0.44494637809114096,1.0,0.3421978772780813,0.5103287458159681,0.4272546520577654,0.5635426412482626,0.3319608585702647,0.3249169678151888,0.11898593600176706,-0.15991939211931264,-0.16408195932463068,-0.1141304168531605,-0.24384757433411128,-0.31700596139535836,-0.26604008452470257,-0.19335889624038355,-0.2860584944926976,-0.2659306079377062,0.4016046710814207,0.28169682220956194,0.31941656268208335,0.17044062829907525,0.13700578756883056,0.15258317067405947,-0.275104521124793,-0.16295060462294086,0.1276973312411524,-0.0722413256476178,-0.09364185388796549,-0.06408421754485207,0.3934776604947477,0.2197806834593723,-0.4777119627905053,-0.37240054129062566,0.10548055816801954,-0.1142881508035756,-0.22586430891928927,-0.37347389684298726,-0.0132930256488655,-0.1650941437704032,0.039992196308642466,-0.25537891157776343,-0.06787277171613604,-0.32514335713732045,-0.1382620123837951,-0.1528997606427828,-0.10933520225449399,-0.24251886961485902,-0.23130653650136757,-0.2813970821609932,0.18268474056124961,0.38670970998878196,0.2986326899932945,0.2670744519441164,0.21148004609456555,0.10266270261291909,-0.29517568678461215,-0.3629956659172811,-0.1967572862261114,-0.2069725164122722,0.14893114197822785,0.010315618817147734,0.35544990150533784,0.35013713492784976,0.5493992529626159,0.24966070495589926,0.2101875086365911,0.2044922468524063,0.26477969265725615,0.10431442523452293,0.3710811798202871,0.26526904618318187,0.311094493004049,0.11646649387434369,0.34177726803846353,0.1755933272602749,0.29951123072184627,0.2473372343778687,-0.2249251205416097,-0.13194594655350325,-0.08471293089838783,-0.2106728783446731,-0.09870768641312516,-0.16235281524893083,0.0756745040192439,0.09378429450775483,-0.19355112481849768,0.0036134697798068677,-0.11872935893627497,0.10127384860310032,0.12057775225099944,-0.03592326005345935,-0.016172928558257586,-0.3484099218692336,-0.36870770536591746,-0.4143106379182004,-0.23099407804978314,-0.3105708964138383,-0.13919419778706868,0.06849629681011776,-0.1798165679743307,-0.18859467674772873,-0.2379750914215043,0.13927086169913605,0.2620018287966315,0.2632150452342282
0.3753506518347574,-0.024229608597951653,0.06220084075917549,-0.2739462972405416,-0.22214725546547537,-0.3506147926850201,0.26484484432167515,0.0009530729389448667,0.12872577674788743,-0.2118955471668905,0.6804863173262934,0.3421978772780813,1.0,0.6456245721920544,0.3563276936513258,0.3931026716878362,-0.046044636301175904,0.07213911446268123,0.06789454106726679,-0.10457718900587303,-0.06084193298357759,-0.14753070733731485,-0.23317051177248635,-0.2912584322142896,-0.26699927973098897,-0.3921721959357185,-0.19870315416074597,-0.2444696518205001,0.21847698301218338,-0.12426261797857305,-0.17874077268208818,-0.2056244117967721,-0.1674380338964413,-0.2609424011071408,-0.22731600073711616,-0.1848227032608306,-0.1562164317827959,-0.28672798302323166,-0.13537064097724602,-0.1912490275270469,-0.10164648683966795,-0.0582603645772827,-0.20352567794723905,-0.20704293295650422,0.16027928706969533,0.20659368611906714,-0.18842252629924888,-0.32637484409683837,0.298394453995047,0.258049324917852,0.14323980211706375,0.17872779585468326,0.13962331850495618,-0.25344210577463977,0.0411881933124748,-0.18658856285431266,-0.21513788890502478,-0.1789699988443993,0.3334946793113115,0.19792837973674912,0.3159421205288616,0.44003888191904766,-0.09321049403412177,0.044640385365201055,-0.235403112526503,-0.17563397867807579,0.13125511003014753,-0.018973509051404165,-0.1070602232537128,0.1135189180582448,0.07866236272458718,0.1537896164075019,0.01921952879055919,-0.06893332584818085,0.15096845915400428,-0.020236076935781465,-0.0014778764233853547,-0.07291821712704369,0.013649420915969235,0.0056163158663996,0.11099817480355524,0.079559660379054,-0.01687236273160421,0.015302206100432925,0.0320151577512031,-0.2687551193410481,0.04987731529099305,0.0932138672358141,0.06702753400788322,0.026058593469374215,0.09924233951841362,0.13294528325912242,-0.06978300432024115,0.15076641402342744,0.12649214087814573,-0.17513397021245444,-0.21042737639554385,-0.24247723816928546,-0.04835816592796729,-0.027796568733894682,0.10299554578629241,0.0486866407444073,0.10411766322882744,-0.07053663551056957,-0.13544154082982035,0.019165124852028134,-0.09558741388918432,-0.1889401509089103,-0.10343330947643736,-0.04286713385065913,-0.25142597792174315,-0.2148165373081598,-0.11106971984870145,-0.09084485851980613,0.028292271620874047,0.1309793239302629
0.3173647544561602,0.1793026959514012,-0.1748304226430826,-0.18719443093813806,-0.19563474895773225,-0.31337461453411297,-0.040891116795826965,-0.0009564067987290339,0.18272884190895616,-0.08054218630243486,0.4853602149444475,0.5103287458159681,0.6456245721920544,1.0,0.33463902194640593,0.36125817291716994,0.15773028011432125,0.2692984611516176,0.07786925204855259,0.07558180863520728,-0.23498643904833094,-0.2799540538592866,-0.29649324723564996,-0.3375232438188976,-0.30770811850331603,-0.3471949624712803,-0.2873808549669572,-0.2387940911427443,0.2312233427603618,-0.007848586052535942,-0.24645425712660987,-0.3225037130097374,-0.17871666310764409,-0.2792599202698242,-0.2460440860589278,-0.06690245399014236,0.14210457361295875,-0.019347435112883584,-0.24370382588557057,-0.20984792690671888,0.02135465065187021,-0.03652740491484688,-0.11779238398698903,-0.07510956322387385,0.286635615450924,0.19057726494097688,-0.13785689179959895,-0.21766055142102592,0.2166880315118148,0.23239058132721613,0.17954654626143604,0.12082803608850265,0.01729073688617828,-0.33306937111257234,0.038818070807617594,-0.1448769454301093,-0.13628394840108563,-0.05324506524174069,0.14775775881977612,0.10374112705806882,-0.004764467726682619,0.3098244391394619,-0.15040132972286988,-0.017937284622632558,-0.16888605345913352,-0.0542627492824297,-0.06404099053096035,-0.035103001192638546,-0.020889403783215365,0.08772181268001493,0.07536965335379511,0.0263008221180826,0.05306307966004167,0.03858042215896148,0.2955877032305894,0.14183701328935203,0.17403079387896284,0.10026753475606394,-0.09015736805031266,0.23286388683873355,0.23943136226767767,0.13408737748571734,0.03204590153082363,-0.0843623085416474,0.12033976932554531,-0.1955246579623119,-0.011982322552972676,0.17111679013881148,-0.014247296944206653,-0.013396892878786495,0.10637710624294335,-0.03366845259616346,0.020985295467740868,0.0294720892631787,0.1548502707251169,-0.0643418916334047,-0.19459629584163363,-0.19066501934773222,0.10467145459581051,-0.010896951649877624,0.2040803381291682,-0.04926441530663598,0.08491284188604174,-0.23468825068434135,-0.29274477392113585,-0.15127165988688449,-0.26032823564017443,-0.36633726597391003,-0.06870580863184529,0.16814915603918915,-0.24762719079433698,-0.09216766742595404,0.043125699568746394,0.12719943418774135,0.19428741151187598,0.2318051158588386
0.3252211083512331,0.2820250274691975,-0.3718229911589159,-0.39108711796321555,0.1690701934716834,-0.13188297091555595,-0.1318685023213242,-0.17628961896010756,0.3029369549497981,0.1617105048438438,0.47173926772067903,0.4272546520577654,0.3563276936513258,0.33463902194640593,1.0,0.5695904765476957,-0.03955136189866329,0.08081557017357038,0.35348558907159955,0.0893796546374833,0.25192232787135926,0.12249608436238556,-0.26663012664062585,-0.20583420714072004,-0.3804371933948396,-0.22800492388083607,0.16185725949024934,-0.042291647848606194,0.28594894708050583,0.1556298990993531,0.17886945631791396,0.06345488933528047,0.07971093377756898,0.01623322919295812,-0.17344737370330937,-0.08234085687175162,0.13540474210644865,-0.030984209871014363,0.010391880774120893,-0.13863832177007251,0.17705630683948173,0.1626487124415767,-0.11196637694202953,-0.13057333086299505,-0.0050865728680395935,0.04816388639989124,0.05576337885653406,-0.05328209448542318,0.03804213670291012,-0.006985611615557102,-0.14637591033855968,-0.0145479681208703,-0.02961583719024238,0.08843794137286726,-0.05765190422649661,-0.16824820493367454,-0.03431887638947809,0.05687448565899073,-0.16663069045519824,-0.20414755988459832,0.021492127899275567,0.12993916908591313,0.018241042318185543,0.07648399274409158,-0.08212981311945929,-0.2592914879945827,-0.3057572853163599,-0.3594622880245018,0.035478488358956624,0.006146301841667425,0.21512091005092746,0.0678237542119222,0.13962068520737586,0.14718172583519404,0.3595867239314458,0.15360130844706932,0.26200725648365464,0.1730051643829949,0.03086140871613148,0.004433951676020056,0.09608950989735963,0.20704625631463225,0.5684264902859283,0.19427834808060937,0.38978301354587164,0.10432962394072008,0.2139896929474953,0.275336247557629,-0.03527128523573643,-0.0642977939947103,-0.05742742569889061,-0.12941585756806948,-0.18596309794937751,-0.12925295018190042,-0.08780502235597484,-0.13871129010788258,-0.18980481087431186,-0.16445489901727658,-0.004057755070573465,-0.04376894585642458,-0.1819163989134585,-0.18711703127747417,-0.11899386102729108,-0.22162257902825117,-0.19984224595845873,-0.10962957498403941,-0.055306291613755915,-0.22805344014562742,-0.23181998331637832,0.013124482029080894,-0.1230796316841872,-0.053941166631746834,-0.15729236142642541,0.037047454574766985,-0.006568053486058316,-0.08201265245093209
0.0249994176064633,0.11359477447109778,-0.3474598018564791,-0.2659537687918536,0.10509616584426461,-0.23713953177441677,0.05648212054050977,0.11493890656868919,0.24577851074411036,0.2771549175794525,0.28663911614015225,0.5635426412482626,0.3931026716878362,0.36125817291716994,0.5695904765476957,1.0,0.04576268988644684,0.09140822399951638,0.25715423266032306,0.06511045698596185,0.12358541520268279,0.0659149779772481,-0.39878273826946753,-0.2810458236668391,-0.35294551411610825,-0.22378604082773668,-0.002663571168745584,-0.16188194837105468,0.2349073242009482,0.14845246749536592,0.24536396374743688,0.11811324380669216,0.15599904099231549,0.07832218945741634,-0.4324789424893109,-0.34590857006348835,-0.05856679834335029,-0.22559575766248113,-0.1826985303781771,-0.2523541016258233,0.2725622702051025,0.2249765712489998,-0.25331887414228277,-0.3173492353892598,-0.024555289367796593,-0.07529814090287865,-0.07376197813629673,-0.18347934870236177,0.10907598583768394,-0.009500749765058065,0.05145842393403877,-0.10592313066199315,0.11506064934342747,-0.037580698799945196,-0.09472275640433585,-0.24353852364185355,-0.05838146170748127,-0.07055485111499264,0.00928302475225839,-0.03603158333267099,0.2790254606302165,0.4066226778711636,0.21724319951286167,0.2147050273764399,-0.11859921778145474,-0.1353401699508443,-0.04059183062093279,-0.19009441236970848,0.12857396391361434,0.18511796749318457,0.015153650293749129,0.030699733659810546,0.18212388448061878,0.12762928373143395,0.29966015405551955,0.24869668517356575,0.06269449577094874,0.074272964508286,0.07208855859974174,-0.08240297191215118,0.0914585245192615,0.10202912279109459,0.32001403854913724,0.3631855766569756,0.1963626698695256,0.01714690017105178,0.0876041359594782,0.08249266840049008,-0.04578608320305077,-0.13627476815944253,-0.040661472626273266,-0.2454248333258757,-0.20424295944131104,-0.13214498320679952,-0.07684164551240127,-0.14163180083079419,-0.2199910064867994,-0.15713848419263102,0.025484884925500075,-0.050716628502956586,-0.08445541652724897,-0.1904941414379109,-0.040604204074465335,-0.19111581251246118,-0.30959840460780463,-0.2249370576604779,-0.22483885192362799,-0.16701730193646547,-0.2560767154976316,-0.13171063950963688,-0.21815981329580178,-0.215843243118262,-0.2815909784867622,-0.08936057915153307,0.03160047536285818,0.06361537579726884
-0.12376389023929323,0.05289507553352466,-0.3696318259019449,-0.18045620734507742,-0.09336594610234224,-0.21224105839266585,-0.3058519724100985,-0.13297091643751255,0.02915817707188697,0.008747731423105637,0.015109739934806712,0.3319608585702647,-0.046044636301175904,0.15773028011432125,-0.03955136189866329,0.04576268988644684,1.0,0.7611804082393092,-0.037818057081833244,0.05909311428823019,-0.23958190112708455,-0.18411060845177163,0.00594704709963147,-0.04597135640205068,-0.23609184545535117,-0.07571304498246907,-0.3169418560123147,-0.05633402505393302,0.4930295036571104,0.38550660718762286,0.13824455915962547,0.07278251425184945,0.25212012921085547,0.115596260181768,-0.17042942787923598,-0.14191987043824414,0.1851055474788006,0.09498876398907345,-0.13071181722636713,0.07165457071254505,0.44737142749292735,0.333202050006574,-0.1373640231052872,-0.05901523456745758,0.18732884051513782,0.07828585862793905,-0.09151590283874608,-0.17350512429139997,0.018910403286014624,-0.04485743200014555,0.02465437424254788,-0.15624335512662305,-0.23405077367388752,-0.4143898907585649,-0.25641014307813786,-0.07045848260651642,0.28652596148364406,0.0314307472695915,-0.41145633260047104,-0.39539033288261904,-0.18031424852714373,-0.2087833607518251,0.4383161527755645,0.3855494991247943,0.10621649436463294,0.00527932811938081,-0.4965267455413131,-0.3512747207836998,-0.01900048232922152,-0.12588296979613808,0.24650459415423687,-0.013488379253248377,0.5425359423025934,0.3038726182499652,0.35650040779694553,0.1406285468157833,0.09938959593250099,0.023797134804373243,0.36256614531489756,0.2987245144348758,0.6072520701784653,0.4183125690917035,0.17810428373203918,0.09183548190437948,0.04448214801684474,-0.039385600616242314,0.01206743169707345,0.3187039532406611,-0.3135605136851137,-0.1449941964815632,-0.05250911104653659,-0.11171856563983043,0.05811515025504232,-0.021855425218029845,0.2914237102476541,0.12078351103496575,-0.11066239642597206,0.07696671811971065,-0.021394369788912324,0.13032686220349882,0.1894843060633964,0.019236558695792137,-0.03284651195986016,-0.3503454720044551,-0.3724976504785015,-0.2676573655771455,-0.30896597942071924,-0.22739798695588107,0.07991995115372655,0.10659785421413104,-0.015774480805370725,-0.11156783625258317,-0.04072452578229526,0.19748463900878324,0.27619971476066296,0.320279146349476
