1.0,0.34514601602987477,-0.13705804493695367,0.037545648237008344,0.030000106324564006,0.03479167675429727,-0.14138045396375387,-0.1497991079015868,-0.13247599540087557,-0.15938506616922918,0.20235608603236457,-0.19680239332871968,-0.049979453933868406,0.04408551730925655,-0.11020077916730306,-0.019036092065234267,0.00911811307007114,-0.1564594140787308,0.21733298727860684,0.2062486486136754,-0.17024543801946973,-0.09520737426921554,-0.21825433458769053,-0.4041354354111402,-0.1640504715158,-0.22142209893729803,0.1630691447871459,0.15255252792530874,-0.12821118939924717,-0.14099772803045013,-0.3034962866047643,-0.44201678130728594,0.02065750258271826,-0.10989213555466398,-0.32608313340104045,-0.3125398247504016,0.19688817118244042,-0.05858970651247209,0.14949824070964687,0.25088178023404806,-0.1913253770658506,-0.1863095069602146,-0.29444948629989043,-0.2745331431138188,-0.4024388239041819,-0.3509483126198644,-0.09725912033977217,-0.04960065108044798,-0.4346038932864637,-0.28662634792956604,-0.2825211365311037,-0.10983508929479,-0.3335688983302193,0.13447261331242172,0.23294696616196783,0.3698684687055515,0.5853075453572435,0.24451976329841993,0.33132949281142043,0.45963282904072184,0.2645149345893265,0.23797486999324544,0.12880339153676976,0.11914228448925623,-0.27556430597971476,-0.1752235248000235,-0.27249932141652344,-0.32928127353443615,0.133066262615351,0.16126573440590222,-0.19931723328806705,-0.16482185845487868,-0.03919751549884357,-0.07472512515676816,-0.0005594187738787625,-0.2073623551240506,0.23004391118800196,-0.12116707606207362,0.12378305565368738,0.05356447924565363,0.12865856238523757,-0.039395176126917994,0.05507087547754263,0.04574513967869502,-0.3069101614351025,0.05217412829615036,0.15275722442096237,0.06635604272824523,0.23901000667900893,0.2614030634544015,0.17116313943254116,-0.018434578982610215,0.07746480144057995,0.05739820875765461,0.13145401252687525,0.25152242389179214,0.21841528712873726,0.4009442823378932,0.20213545016812573,0.48464801352646175,-0.17140214166255233,0.07079837720020637,-0.00021624335344018982,0.07923363924073333,0.13889258133872578,-0.026108011926797008,0.2958575943418394,0.09764521839526166,0.10419102203537446,0.06896723884742474,-0.218391450408878,-0.2255950822478725,0.06116320581621499,0.3086782147707999,0.25504147337197014,0.15132222208491627
0.34514601602987477,1.0,-0.4539396495897783,-0.16026025038915065,-0.0086301456241943,-0.267721855548203,-0.4384222697304712,0.089100667372743,-0.2645067343632115,-0.22829001232426763,0.22411382169352626,0.42146530226108486,0.10015055726104248,0.287201666841052,-0.13656164581127278,-0.08217493224616844,0.1487898991498741,0.38785186158046986,-0.20138922306368284,0.40356075175158607,-0.397885633353946,-0.07256543929799099,-0.4409940883208441,-0.5057480501492995,-0.17927804174306033,-0.289655983340683,-0.0710204007335556,-0.022823154476831593,0.12138303043933484,0.26609365436200927,-0.05753539989541256,-0.0973112810182074,0.4679930628396501,0.47191025289490757,-0.2637530888987961,-0.31131164916646453,0.16485770408370234,-0.04546143420677269,0.0795765236886425,0.09805443645005851,0.09946526704060293,0.15253249654480655,-0.39802912537587853,-0.3263466043034356,-0.2749776300247943,0.03367688541260363,-0.15010755540643433,-0.28422868356418307,-0.41738631348370986,-0.25365681130959983,-0.2410703808101457,-0.18961234216542272,-0.13860412393238153,-0.28545127782151297,-0.06811550368268528,-0.004345459579629525,0.26957381938214364,0.7482990772092961,-0.024521177535095463,0.5752861248789315,0.13888927582146815,0.5214008759627511,0.278176110576468,0.4906968999683436,-0.17838744267715714,0.22229837491628227,-0.4758332591068272,-0.1665996792262141,-0.09461136421611925,0.3021130701734284,-0.5668440938517313,-0.0063208213307053614,0.35538397995391635,0.37015512718900023,0.336713115794819,0.1981472922894679,0.3233602594008657,0.3501970494932244,0.4508624178894157,0.39400694095502026,0.3044154172726576,0.08728169860181295,-0.11212743619610939,-0.21620924830960417,0.01845661174047718,-0.21767346757944278,-0.09556753199125018,-0.10891664665954777,-0.19179647211988365,-0.09603604613630516,-0.2492148712027906,-0.2756517608503516,-0.15127034034016942,-0.25804505818404905,-0.18519349064026533,0.247583067146012,-0.06131439915019846,0.0002934541946411795,-0.0701012747835457,0.052088290552170256,-0.455901072923596,-0.2863902355265923,-0.2848135621682981,-0.19214594480550193,-0.21214835882016045,-0.07560735636374925,0.12275832906054454,-0.21314226701477212,-0.0480517051614702,0.16403886945235413,-0.38305803070895367,-0.33975746070750645,0.0464562640008961,-0.07527559439941268,0.04781769120508463,0.2640805124236536
-0.13705804493695367,-0.4539396495897783,1.0,0.3668673935565709,0.07368245689667657,0.3318256619342506,0.7737216990556065,0.06313640733384142,0.12272650715704898,0.08701020564356088,0.1944640955678494,-0.11925008371654465,0.03160228149814619,-0.4688543731668081,0.3537423057363937,0.2409419132110022,-0.18490588330765356,-0.40530255931688286,0.35595403009080984,-0.09109371104708684,0.1670810497124724,-0.043655341075391034,0.8058923393746992,0.5764445705273596,0.12997904051761314,0.04043571884960017,0.14909633679458634,0.036934506127643284,-0.0400097147364582,-0.34695422410184945,0.19761352138348443,0.0722034414695518,-0.3654509067755166,-0.32156734351269645,0.16061592334278027,0.0011212746364901184,-0.14600831877069786,-0.10092957612126377,0.005271458844035387,-0.06837767412589002,-0.23916577670861092,-0.395425830811554,0.11377463978185473,0.17886970228439375,0.19012129179242224,0.07165065907576607,0.12301869011620709,0.1303366547263682,0.17400972730706776,0.13730451297043306,0.02170750438962806,0.05159356815208858,-0.13078274094137193,0.3387580466661767,0.15856985177407298,0.15347794394154934,-0.3872753748999282,-0.5391576797882054,-0.289381354353348,-0.4945799458755246,-0.33709947462057654,-0.602362915794549,-0.5064086550501348,-0.6180945462398802,0.21448450894200288,-0.15041320234253253,0.12469628088308128,-0.12935174329505844,-0.1497439552220927,-0.27078504490213035,0.3253334368673886,-0.11908683137583634,-0.3391204534600517,-0.40195663656506536,-0.32926016328977303,-0.391412134059984,-0.21811573777051235,-0.36391657887941503,-0.33323477620382913,-0.332858817739361,-0.4254670017459384,-0.07456139700979321,0.32103189189491155,0.3262531193600356,0.22494733906702696,0.4128785869071167,0.062161431201372,0.14012585137331324,0.4129079850216375,0.27472052738171815,0.08554244567504317,0.26972448693705786,0.13852905856926553,0.3114063193503407,0.0741894232133445,-0.23682045340565477,0.2304397917765161,-0.031948184995459726,-0.06439676102297862,-0.11348963638460072,0.06311603983207076,0.09386304043363122,-0.12082628420728511,-0.04083149216259284,0.07621405643755737,0.15641325025646982,-0.16711903783488435,0.1286253451920603,-0.1370077426162603,-0.21236624973857088,0.04052984099140587,0.05706967886111542,-0.002060573446221422,0.07655606625415326,0.061361600874416396,-0.2344770768562129
0.037545648237008344,-0.16026025038915065,0.3668673935565709,1.0,0.09899679524080122,0.4185053688955711,0.48089112344672347,0.5418718421873776,0.0032866984128413017,0.11068127961099036,0.07285956671971948,0.10181184885042066,-0.03332765212945138,0.09434054816783176,-0.23178885751643577,0.18070577356616516,-0.16047123927996834,-0.37961784128260867,0.03683316451268397,0.004320783958658096,-0.09184884305903962,-0.14628598439120824,0.21113681082422842,0.36640636905599316,-0.04189419476744867,0.05354940914140818,0.06649665994461236,0.08122333261038582,-0.38534313026965045,-0.14287062617943916,-0.2523611907189441,-0.08449962904491701,-0.2611862157128684,-0.2112698617666794,-0.013891351647586455,0.01155966404620242,-0.06987626869965279,-0.09857564786479664,0.05454149423629999,0.05187192979817598,-0.334897750468123,-0.33819561758966477,-0.008674796904188917,0.05241596865327109,0.006689752416569935,0.04223506329082918,0.030232604986528876,0.049199298497444845,0.09474998899719017,-0.008481914438113905,0.014212047822770761,0.04829460995520494,-0.2963556712434477,0.11695691310603513,0.06793148196159797,0.15367421799207434,-0.11271081533334036,-0.41737179338637476,0.0022611952857625245,-0.12013179472524729,0.0897282844996316,-0.09285936847064537,-0.1741722960670855,-0.3693586691637375,0.14731547474207443,0.24846643802805796,0.0673409908644129,0.08301546656176816,-0.059940610848097924,-0.11661334916899833,-0.1045429813449232,-0.1110090506566116,-0.3761572144218689,-0.1567437253999065,-0.39142356046148563,-0.28964097348565365,-0.260878761191725,-0.21241522451653994,-0.15691509374654714,-0.16972337897336248,-0.25293987013802777,-0.14268622099050632,-0.24276900648914765,-0.03238263404589583,-0.10463433186459448,0.2612431165765426,-0.11569738504416265,-0.18694108013605648,0.20438608418118034,0.2930903979463662,0.06071425127234767,0.029407295499114753,0.13230592243115913,0.07727966830122966,-0.06640829396450071,0.07265171189675158,0.05090647409382633,0.04817630214673959,-0.16297067396156067,-0.14152209301902088,0.05361796935659694,0.01279246940572392,0.05841095081044509,-0.030634424211720194,0.08311276858171307,-0.016689610781914468,-0.015756512900570816,0.0920525571706976,-0.042210424705180084,-0.18253268635926706,-0.0028780966889225446,-0.07340422531065473,-0.11815784321045052,0.025957557290806264,0.04502235629375397,-0.15156499929213818
0.030000106324564006,-0.0086301456241943,0.07368245689667657,0.09899679524080122,1.0,0.48489397015700014,0.11324487532583556,-0.014465652725585185,0.3937235065310735,0.27465136112250116,0.03507491606882046,-0.03623231422609711,-0.22898155929977135,0.09994737229037091,0.13132984712752732,0.35872492570436615,-0.1539140860895686,-0.12688539076005184,-0.011490717624714562,-0.002438198420676575,-0.06704018112518138,0.42204908455050844,-0.019114483001135538,-0.08729849671570285,0.5269457571663329,0.5041289380047183,0.4183161577517971,0.6160622385228727,-0.2089513517926046,0.07082436125952585,0.1275236165914429,0.13674790462196262,-0.0712168223595252,-0.01396656334432404,0.2505596324173426,0.3426809925450513,0.09521053242031381,0.11330898828115825,0.308453539721549,-0.010530306963415099,0.0376658541889901,0.2508391920769257,-0.005585841701260838,0.10090083026610382,-0.04047070930767397,-0.023401559281751045,0.2145120591529749,0.12783502293116936,0.05030170892388095,-0.06489846519307,-0.10328028913416273,-0.19762079370625033,-0.3091825481637365,-0.025613857345936242,-0.1211580783537632,-0.1176227520707754,0.000389520380866298,-0.09467534044658141,-0.13845722450846373,-0.14666171766861882,-0.1277896294680972,-0.20885312319171676,-0.35414739050420857,-0.24217145058275055,0.016552604937339982,-0.04588321861620387,-0.035824745354383146,-0.10677982304253272,-0.054270934442604925,-0.10117452491168108,0.19592321169337124,0.39945168657359376,0.029919823495546016,0.17231700801151148,0.08496745484106798,0.0986634817196214,0.1122206186907335,0.24356159020915277,-0.08926320788529107,-0.12873490546373395,-0.3137722264838087,-0.20837508167038066,-0.07133604130766498,-0.16939926295551852,-0.21868288452651144,-0.06832532262621141,-0.07011470684130806,0.09941974019391525,-0.1308051188091836,-0.1257407532431734,0.033633948071327906,0.06220184676975863,0.15839508996957702,0.15330528547739766,0.1729106619247717,0.05381801323503453,0.03479148653643279,-0.18331103701418883,-0.11977738218335443,-0.19749880134760067,0.09403684406708593,-0.024039191995312088,-0.002818364429109832,-0.003922041991567991,-0.18222348839673688,0.04095014794618476,0.019896625453546674,-0.02453440360024444,0.05028692560379963,0.07470503976690102,-0.03189648269623072,-0.12070897806132315,-0.032956296137819883,-0.1583078217160786,-0.29494731063316526,-0.06414395774406861
0.03479167675429727,-0.267721855548203,0.3318256619342506,0.4185053688955711,0.48489397015700014,1.0,0.3442479413570923,0.07426582168112703,0.3617370732800616,0.576128548689422,0.04957532216325895,-0.22565969668111388,-0.22145843802650553,-0.16629412720386957,0.007808037765054495,0.5292663164920139,-0.16592022354827524,-0.4055775540707576,0.2623138464781296,0.006364121512386608,0.2808548743253951,0.03800905351099915,0.1926820692613488,0.184597621371393,0.12482844453940817,0.2531897934861148,0.6535718914756763,0.40035370817356347,-0.44891277377388417,-0.3723232454972463,-0.17881332064131833,-0.18829648436353869,-0.37932510577746337,-0.26080799036630253,0.15433261137042908,0.2901081596903361,0.06560542862749166,0.07699551756988993,0.11811310853938921,0.13002148885718157,-0.2952713330750113,-0.20983891899455726,0.058702583638107125,0.15027959723022954,-0.08026884097726378,-0.21636460882327255,0.200111398562828,0.34727232478121534,0.06618691383988519,-0.05274426431803817,-0.20911610499781164,-0.0909058885937908,-0.3232839253373708,0.2104928978330227,0.08027886137466138,0.20564770432122823,-0.1007097740020921,-0.35357475007352884,-0.13211698678551112,-0.20156588539302023,-0.1935260186179383,-0.3085372276764337,-0.3836204181431769,-0.4583069427406816,-0.07004162809765065,-0.17452078254111922,0.14202785679732643,-0.07244466576988624,0.09808151221071484,0.011114755584300218,0.3582542131700658,-0.0029498013332546692,-0.5041328983301492,-0.3973638150924511,-0.4469501885100184,-0.5022171349249107,-0.2907710174323511,-0.29926195742951706,-0.3673608632641523,-0.38703001022892286,-0.3720308987080571,-0.2054765127422604,0.13275681141838358,0.33766286840207427,-0.3198648903962123,0.2696238464360086,-0.13466463810744778,0.10715924180546482,0.3414404050819357,0.19388436427333844,0.3449109253270054,0.32737006155317566,0.4084344411468828,0.33403164096069404,0.16574146635468734,-0.06203516427110375,0.21947272293638365,0.0013724526549799393,0.10838431295937705,-0.048369288757619894,0.2453115748444298,0.16382504369240192,0.0667340507039592,0.1856128658916466,0.20297064935088283,0.34358352366632827,0.010540429656794272,0.20575915391338273,-0.027401748413965026,-0.0028271042348702578,0.2879233662998325,0.1943880157597501,0.21375238030106833,-0.041546000404406536,-0.03944636684323532,0.048695206113722446
-0.14138045396375387,-0.4384222697304712,0.7737216990556065,0.48089112344672347,0.11324487532583556,0.3442479413570923,1.0,0.3980457397925165,0.3504981678402808,0.3274119400865601,0.19336732176738525,-0.17425124766969968,0.25393300450633444,-0.20864710981134812,0.14302931560783827,0.23265093617960764,-0.27891721412824155,-0.48392378577597467,0.42701540320647663,-0.02564619472370653,0.14627769680629873,-0.15884660661502112,0.5145754292315542,0.47566426160297554,-0.1104852531684739,-0.08522681396292621,0.04784622059261497,-0.10098464006941821,-0.13878100877879698,-0.38587348695212714,0.050321726580287475,0.013345335416460423,-0.28411123640630886,-0.20399676931955768,0.04058723307042486,0.08564495592710811,-0.23608200925556963,-0.3073480723805512,-0.1895322375518317,-0.18469874795847668,-0.3185351709169481,-0.4314071943768134,-0.012569949503971783,0.10807539951081906,0.10941804240492281,-0.08747454109757326,0.030847955819654008,0.1063599709331183,0.23176917408653233,0.03425552845569361,-0.10848533492347545,-0.04831724017041636,-0.23719137678534563,0.30771913865158756,0.044581808993584174,0.08034722465941799,-0.48674356623673426,-0.6085877865748063,-0.28950202271138703,-0.3472793069227979,-0.3286407976985652,-0.40559342909730445,-0.5105568247939651,-0.6744847322442049,0.07025627301581598,-0.15434967439201927,0.3151875585344147,0.0720884206079881,0.05974485776668695,-0.18770740510788353,0.36868820285326703,-0.11576473934003759,-0.4408564400157979,-0.4623547362403223,-0.45583602750285224,-0.47128003480938574,-0.3909300971279872,-0.4040306206441877,-0.4751008252476267,-0.4433066269747067,-0.4886574543601741,-0.29569134302069255,0.03200932710140588,0.1589884866390613,-0.09067110206251089,0.19382203745451235,-0.20264479054661616,-0.10389320842960896,0.25997480303716164,0.29531813738217705,0.24338892538149795,0.42597314843581774,0.3023242195482756,0.5001412242909793,0.04716207147070279,-0.28123456031593513,0.13918569254947646,-0.08882813820269851,0.009736707339535128,-0.06497805194297598,0.310198299555347,0.323684648860219,0.1447516834465926,0.2181935469719916,0.2352025409844188,0.2514011695241839,-0.13683740832616687,0.294818098381775,-0.10329761271336312,-0.16349521863220695,0.14499228492597138,0.21458656574513552,0.12668043931083248,0.10307668367337013,0.05715716375247959,-0.16837046658996122
-0.1497991079015868,0.089100667372743,0.06313640733384142,0.5418718421873776,-0.014465652725585185,0.07426582168112703,0.3980457397925165,1.0,0.14388620524067064,0.3278332576698214,0.23213776788557453,0.459639670691047,0.41391813347071804,0.4586350362624351,-0.04659798758111548,0.21039734885411196,-0.0657104360851038,0.017067263712302022,-0.17170041940374445,0.008692240363264386,-0.22489129511911807,-0.23102270340408482,-0.029289449620081703,0.23720695689633203,-0.3194312725189044,-0.22118609621575516,-0.1778026551211586,-0.2864112276788603,-0.005624364956773989,0.1587903156787094,0.014992159690753447,0.17340973560918013,0.15354037270108445,0.26411348352278563,-0.15360380369777393,-0.11162931623317558,-0.21875981525579857,-0.37877827799345704,-0.2481051726367259,-0.17538482469626962,-0.1728684569588563,-0.191540878103188,-0.3255509393627646,-0.20339026537952273,-0.05590344307577908,0.02413765381639322,-0.218800350048422,-0.30725923572130925,-0.011435350059230173,-0.13569425107235952,-0.10269227144128387,-0.09879479318898403,-0.2452867596701674,-0.2050025393767893,-0.1782447098612145,-0.1813772551346254,-0.25174826871752876,-0.21474852833435937,-0.1520904262546263,0.0167666895859066,0.12696492444445762,0.34070427971497796,0.08271486994962479,-0.16481421707132854,0.16485372131941378,0.40968939339008814,0.04350918963612747,0.14915313170537328,-0.11954233200618385,-0.10735813148885316,-0.23869364018681652,-0.10136846606292094,-0.06079457946281721,0.025626327453763396,-0.20493037264210148,-0.09601740421004022,-0.2552148407660182,-0.07472687655702615,-0.04082113093926677,-0.12925860742540007,-0.15330269386639003,-0.268569048105049,-0.2696812360200739,-0.25778950485562946,-0.06820944661491184,-0.07874570425366073,-0.3459508652740866,-0.3574423096817166,-0.09328693532511072,0.007089186867371163,-0.04829856447699963,-0.03601372690325418,0.030773297825259872,-0.05582093321437187,-0.2196052179074611,0.04688562605684103,-0.30475844127634955,-0.07480093835739679,-0.18053414328099673,-0.16558436376014032,0.06190169457504967,0.028155970684142925,0.13946989752879255,-0.028462881200942168,-0.17348559812159112,-0.0562522237452122,-0.1753625366275122,-0.08534265279249613,-0.08016316290941757,-0.027996156616685235,-0.13430311536088224,-0.05997997179527313,0.00048080398533308067,-0.12422693519846746,-0.051223645529337225,-0.15602984412182236
-0.13247599540087557,-0.2645067343632115,0.12272650715704898,0.0032866984128413017,0.3937235065310735,0.3617370732800616,0.3504981678402808,0.14388620524067064,1.0,0.6130346522032345,0.029444187272318574,-0.22179320006982103,0.11422523396601235,0.04653880036966423,0.3978139651496289,0.35644431395744613,-0.19829888840433818,-0.3376964592426195,0.38175634326343344,-0.05641967943566785,0.2941932340376707,0.1222895639269825,-0.06257737940988452,-0.12820323093869918,0.09706842208072382,0.1769277764318597,0.22418488429844316,0.013028734688136843,-0.3075679309984943,-0.45653874154072027,-0.10792833756238614,-0.04191508697516649,-0.14510327885575175,-0.012817887543383052,0.4881957185538311,0.6061504274438506,-0.1403824236581399,-0.21279497598371647,-0.27768863290860785,-0.1308157867116125,-0.26417319824079705,-0.07720529197178468,-0.0245408520523179,-0.019232688763984332,0.05018382420941356,-0.28122515122885433,0.01566271436199802,0.13010547504711065,0.21190364115963423,-0.10628492244546937,-0.23183089630162576,-0.2521443512155748,-0.13078838701517065,0.11620490833089812,-0.13367915075260797,-0.1882540818894244,-0.2632649192841017,-0.23242118073718926,-0.09349437161513562,-0.13274490896698526,-0.1979235585500083,-0.2432773838652359,-0.3937577488867784,-0.3881007336065548,0.11789954239781447,-0.11439461225259687,0.4356212236321308,0.17080232829551598,0.3465946549453685,0.13213566260608395,0.3796118250270844,0.06232058630542254,-0.3948544340822846,-0.36777630525590094,-0.25499329314977154,-0.28764419483628556,-0.39598128584532033,-0.2518460833235486,-0.5341772802570821,-0.4531920998571084,-0.42387553945682094,-0.3877859515536764,-0.11798057673617991,-0.05445168120515545,-0.2544965111465694,-0.04401804799042001,-0.2114655964879428,-0.07837331790787376,0.12452360057453415,0.05538091250780856,0.36047821966541366,0.42389183275486486,0.345519740446932,0.41564301904376205,0.18683176964469736,-0.27951465782463003,-0.03498762624726231,-0.19701838670825322,-0.013447429627674297,-0.11278655767867124,0.4562897937684094,0.30368206978355344,0.24964200693448851,0.2878134826713798,0.11353037109151937,0.24305047257441212,-0.07233737652227126,0.21723481975564554,-0.0787791061223054,-0.013533626857009174,0.333714871167941,0.2518217393214406,0.22677916716495694,0.03963525455677233,-0.14789162056526692,0.12574100164103894
-0.15938506616922918,-0.22829001232426763,0.08701020564356088,0.11068127961099036,0.27465136112250116,0.576128548689422,0.3274119400865601,0.3278332576698214,0.6130346522032345,1.0,-0.19678329704077732,-0.2337284476092073,-0.013352454584808876,0.05234924663822336,0.04885867003168666,0.4677156404980795,-0.21175069772111535,-0.18980313867613618,0.2636780612450165,0.20669176786332336,0.30884512755434307,-0.06570743367616631,-0.1555658415746176,0.0657386018011774,-0.17984729333824387,-0.0679830379910162,0.36602258744120897,-0.040773196753101634,-0.34618906438248925,-0.27458386168853394,-0.10736906629471864,-0.030939782867396664,-0.19270200357899375,0.032082092116321924,0.1910370200865203,0.35367775597891743,0.04330924116254431,-0.1593475215927626,-0.14182617061848785,0.07314193818383428,-0.33652316805131743,-0.15967918081418853,-0.02818185573114054,0.01897163100864194,-0.1641775831281327,-0.35473301691626336,0.0796212061072399,0.19032254970391602,0.011205703472475523,-0.13091427021635346,-0.27786541992417985,-0.14797751788873406,-0.2069162624653196,0.12933750274592345,0.09034792548661749,0.07708125854475116,-0.16665634909904703,-0.2110161236572444,-0.0996285938121634,-0.0616664670105671,-0.15820329472282632,-0.024777143764756822,-0.252420467575656,-0.4162227024590059,-0.10075913121952859,-0.17419220718292477,0.24267756694989048,0.040019780342751415,0.1350891762853946,0.007391336977922321,0.3513757296590812,-0.0002628728077986795,-0.44235077951096435,-0.407523437747803,-0.4739172849272191,-0.450332478708241,-0.4403897144086618,-0.2876558889439706,-0.47799946953108724,-0.4336137122533474,-0.432410784097778,-0.40906130252421125,-0.028848118179930507,0.1726931298305537,-0.5240978889292531,0.09645414808385204,-0.30196802940821543,-0.15373963577177524,0.2624443025681621,0.13054904047574745,0.4679893080340031,0.3762650149188238,0.4464312055795307,0.35279113849498717,0.08770387897004224,-0.0020451566437263567,-0.04785888763016837,0.07260342275287843,0.30962190548262447,0.09035747287978362,0.46535332320053185,0.3214641377422828,0.309114185509643,0.2610235857196464,0.16566768972017157,0.42421634761593835,-0.08243852533426435,0.20854284269099435,0.10366405145293642,0.047604095008441843,0.24012207540575578,0.2472428880112244,0.2864539074785722,0.04454313185291299,0.042996064394645275,0.15698602860094651
0.20235608603236457,0.22411382169352626,0.1944640955678494,0.07285956671971948,0.03507491606882046,0.04957532216325895,0.19336732176738525,0.23213776788557453,0.029444187272318574,-0.19678329704077732,1.0,0.4421299699663553,0.5902521701163961,0.19647792697770486,0.3827133657741628,0.20220133257715214,0.2199306937672059,0.04704920907524809,0.1522217362063758,-0.18511821056462943,-0.2201562317687159,-0.19929786682145242,0.2921273664192554,-0.1515324117080772,-0.05705345859212569,-0.1822965206265837,-0.06811150658900025,-0.12287828256956712,0.28538011640263106,-0.1153476327102883,0.06603491932551386,-0.1226569351815331,0.17469241854619727,0.13015517376482955,-0.10963637960701263,-0.1558290085992739,-0.1860937537203292,-0.36056859255209656,-0.1770570272956683,-0.2890267101447604,-0.14741105498134385,-0.18644501581577158,-0.41643147347335946,-0.2542169705757507,0.007045156723352665,-0.03270916116037752,-0.3388105133555988,-0.28802898546188577,-0.08730049261602273,-0.07316022570388864,-0.14999754007706528,-0.151032893191328,-0.12236833864166065,-0.10731736467862053,-0.22164592118462265,-0.20715356214422992,-0.2006179140629846,0.002839584526374496,-0.257833585240148,0.0025644801444607806,0.07048715711883302,0.0689639196184858,-0.013793620099606758,0.020772104280473408,0.20993610187923228,0.26977987551680205,-0.03725165665689951,-0.13494935415471063,0.08735745001601493,0.1917288747294799,-0.11403326976564748,-0.1596944242009732,0.03843165967843979,-0.10640304822907046,-0.0011403190472696412,-0.14339418308904714,0.1118348863805297,-0.0910032076001145,0.09983597077468433,0.053791435416487295,0.0967913712767216,-0.04645609169965728,0.1689698291631626,-0.02367556314170115,0.32622431591914147,-0.13417705686101475,-0.13794526416080374,0.11344132656413693,-0.05434741568816338,-0.0667870793380799,-0.2234702551260385,-0.03351664050786526,-0.1553145276478069,-0.016515845831496054,-0.18299561313883972,-0.3012368084603811,-0.09913810466281868,-0.2238371988261271,-0.3818561694870532,-0.19200282657793344,-0.2861237695886332,-0.14400399953713025,-0.15839184012138907,-0.01716164218259426,-0.04265402828828496,-0.11742557965311676,-0.05884074346868928,0.04945849788966004,-0.3587005748704959,-0.09303931209704076,-0.06560506943568734,0.005660535998085434,-0.0469182832262262,-0.10052614164182028,-0.12065895074156681,-0.11255732920888611
-0.19680239332871968,0.42146530226108486,-0.11925008371654465,0.10181184885042066,-0.03623231422609711,-0.22565969668111388,-0.17425124766969968,0.459639670691047,-0.22179320006982103,-0.2337284476092073,0.4421299699663553,1.0,0.3165242489991721,0.5040402090984403,0.2026843132431356,0.13925291156070652,0.09719663586698969,0.48623852680195734,-0.38057559737413416,-0.0990854341742272,-0.4029668495984005,-0.037885076560861396,0.05519084984828771,0.042354234458587804,-0.06508646382089994,-0.0869592427458668,-0.26918543364687697,-0.1396355672820346,0.374360344768422,0.41986595089458756,0.17938618211043417,0.253495693097391,0.2868760931819827,0.2847709556896332,-0.11245720560901108,-0.20551916180766533,-0.1404549331563978,-0.10915577498982555,-0.10156733903109519,-0.22482228943273355,0.14788021841277468,0.10886931065713074,-0.25056776738667025,-0.20760316853033015,0.1238832983778821,0.36323742182224533,-0.1465240692863212,-0.4413475768698704,-0.07192877959804933,0.0034094010838493227,0.17260959346286486,-0.04738582847070521,0.026380229789817633,-0.4678054035258499,-0.3096513957665895,-0.35096935077816943,-0.18171358135219542,0.09186833569834796,-0.17137629410987673,-0.047889076485856295,0.18642933375769136,0.28578630246185166,0.21852971199953278,0.23044496031250408,0.2531776360970276,0.5254930497287308,-0.2453335027823549,-0.08717745477994214,-0.22427961850591788,-0.020376149664431055,-0.39730799642385023,0.11915977247827672,0.43593890127559565,0.41314483799304486,0.32722660660364256,0.3655462376569992,0.2497226895055933,0.39766597792026404,0.38070101789563926,0.29202457675180177,0.16561612433508843,0.22507936852655497,0.03791335428076285,-0.16177111231562,0.5244004135290291,-0.11484650131265389,-0.14408115263862642,-0.02467635517795181,-0.2996439108899636,-0.3153080141245696,-0.4573734541428867,-0.44547176603243344,-0.410381078045604,-0.4777028653724845,-0.3360981836830853,0.013511192522901106,-0.3188849287940034,-0.2484177726954938,-0.5000837467063889,-0.4534361835205377,-0.41034856507696893,-0.4459846376643911,-0.27958221901443503,-0.3708431722011934,-0.47908549561947694,-0.37866196959068116,-0.14385885303557946,-0.3489836341515434,-0.23976619214705489,-0.0025608882460209886,-0.27313870345334496,-0.30247992701555837,-0.25757184987908444,-0.3420191313770385,-0.19367666990820784,-0.15909476374749207
-0.049979453933868406,0.10015055726104248,0.03160228149814619,-0.03332765212945138,-0.22898155929977135,-0.22145843802650553,0.25393300450633444,0.41391813347071804,0.11422523396601235,-0.013352454584808876,0.5902521701163961,0.3165242489991721,1.0,0.4899440697126069,0.3725231452413554,0.1396743455409876,0.10962106062818591,0.0773357367449994,0.1331674636766789,-0.1359063263991629,-0.09177839892189345,-0.24176605993280348,0.08818438816378195,-0.11920338741314081,-0.2799895431227802,-0.28079766363953224,-0.20351422915194495,-0.36626858429966863,0.38420460218209695,-0.027446837490351168,0.16217661086399854,0.06077725466329677,0.40308950630709406,0.37846927649567963,-0.2591795915614942,-0.2106124113324467,-0.29509420027360506,-0.47146652309891207,-0.4075966585735318,-0.36420289070608763,0.05839051080618589,-0.03734095091678635,-0.3524464289247215,-0.26250295650156835,-0.0982786021527648,-0.10091755555392548,-0.39058453782891706,-0.3484941303905324,-0.03360305588261633,-0.06252136667597567,-0.05332777431075037,-0.07663579541276085,0.12074221208372769,-0.12503643417472443,-0.29494302985786,-0.28038059853902436,-0.3127628144501312,-0.021789792355624893,-0.20036858431672167,0.09714986866889821,0.09961418318783966,0.37170551705021204,0.1662086770599415,0.0618046136557163,0.04397885685368279,0.20577137114672764,0.07332162701793325,0.02184347222616472,0.18805122154316625,0.13735725327423864,-0.0841374587136078,-0.13073141565925012,0.15547432396804753,-0.06995140265416118,0.03193128315894071,-0.05374999513920987,-0.08438982870138571,-0.09598039049246182,-0.032720450529217994,-0.016860369714941648,0.11950163263045091,-0.16768376343419625,0.007671445232005081,-0.11809105966120817,0.15772951285950151,-0.3000604246757465,-0.3242932915782679,-0.17645599831504727,-0.1835621689334002,-0.1488167810336267,-0.08740907658812534,-0.01828499932616316,-0.23057641958128874,-0.025280791145605747,-0.24170755054144283,-0.28287807352132854,-0.2789698267771644,-0.2702778403603704,-0.18234145087721815,-0.15761819592957405,-0.14700640495152942,0.009954354521442407,-0.0015785692990048909,0.046186428783779356,-0.1240264372068888,-0.18361693470659146,-0.11641055298975476,-0.0026861264434542374,-0.3050625034079875,-0.08399448732550699,-0.11015172300298975,0.05675113528281083,0.012540864488781998,-0.09405443193315824,-0.14715726146451158,-0.13260662976916285
0.04408551730925655,0.287201666841052,-0.4688543731668081,0.09434054816783176,0.09994737229037091,-0.16629412720386957,-0.20864710981134812,0.4586350362624351,0.04653880036966423,0.05234924663822336,0.19647792697770486,0.5040402090984403,0.4899440697126069,1.0,0.004340351322583959,0.144027020394888,0.10946940737978031,0.2979942263695511,-0.23602226536360912,0.02713458944411988,-0.20864582855156322,0.026523056932810096,-0.3734105311838224,-0.2819257011568953,-0.12791826068527148,-0.006802140529260555,-0.1061565378699334,-0.07848316582455905,0.14793476874082812,0.4258313701384636,0.0375812104684701,0.18001819151809173,0.33975214788067015,0.37446571801031014,-0.27038860348526766,-0.09200698771273882,0.0034960168885359226,-0.2725068012381247,-0.13974371579812025,-0.16849878513688415,0.1693772679247205,0.28939216707150056,-0.20788200923152395,-0.15565180667520123,-0.23988247373660726,0.013407613193290485,-0.11695475926301911,-0.3138963152919309,-0.19240651557642477,-0.03975383065598383,0.07886889331491598,0.06608855516306385,0.0802190394492986,-0.31151458444693897,-0.2368675624077273,-0.2984319775104547,0.044897460344320746,0.11118180546266818,0.009157797484044765,0.25489045557073003,0.2818505028014567,0.5433473346269764,0.26535934396340066,0.29884466814789096,-0.11277726883560463,0.3832253440117439,-0.21585333369124454,-0.07209801838142726,0.07495345539085224,0.09753731178054066,-0.28126984349642625,0.3287437667794088,0.38510380676091605,0.43294563090216914,0.27352292231620484,0.35061899503442895,0.21253507465425656,0.4236957755157818,0.2252910655017117,0.25268946467949416,0.19175364522803795,-0.03701447725543979,-0.2887574922973883,-0.3628160597641323,-0.07753043401667048,-0.286186956379526,-0.2774817286258225,-0.3121309428921321,-0.3190452370511752,-0.20977683024096702,-0.20444421167659305,-0.3879294180679141,-0.33076781817964074,-0.3842153668666948,-0.21710309570060854,0.1337916888195093,-0.3129880982422298,-0.15889014262639908,-0.2378757993131716,-0.23563938540475277,-0.20317062198632618,-0.2442256420300383,-0.0531476724138115,-0.16554761580323732,-0.3235628269350977,-0.4421229499516243,-0.05998281926669896,-0.21786706424944272,-0.07526739439460134,0.07147784065349383,-0.26297749010114246,-0.2682375578594544,-0.2628037823815195,-0.12266155831961002,-0.16208940962978716,-0.053363058449351165
-0.11020077916730306,-0.13656164581127278,0.3537423057363937,-0.23178885751643577,0.13132984712752732,0.007808037765054495,0.14302931560783827,-0.04659798758111548,0.3978139651496289,0.04885867003168666,0.3827133657741628,0.2026843132431356,0.3725231452413554,0.004340351322583959,1.0,0.49723701867866454,-0.09222339062398838,0.016915570863109734,0.12879605059544963,-0.255357063557749,0.13894991609168356,0.21563878964900537,0.34224393742828013,-0.10624457934544364,0.17540509019251613,0.05577258928490257,0.10433568051613774,0.02140033250165734,0.2994515505207868,-0.193154929922012,0.25102404083292174,0.07886394010568958,-0.050056087616983415,-0.030412283435408492,0.2460148253237837,0.06186075805407753,-0.22770538033443474,-0.03762818903392744,-0.0925935007764444,-0.11655774026148592,0.0868008185704355,0.05351486773544478,-0.09196000539442911,-0.15376047420890188,0.10973407767419369,-0.012060598716043456,-0.09852621070634629,-0.2426313251043974,0.023890705865225757,0.04190065838546632,-0.006677020586137245,-0.14614066080649762,0.046054240829785265,0.011710298944960857,-0.09514357905715974,-0.18319803651358904,-0.3037396738600577,-0.17398040845501178,-0.17139492461786218,-0.2743395447735347,-0.032617359889853495,-0.20022694457174808,-0.20494854158420917,-0.23183891936611803,0.365464093273502,0.05335893194273771,0.03928950386189613,-0.2508254127722111,-0.02809268815468843,-0.004436267332514019,0.21322344388265668,0.09315385751213613,0.10580048774253316,-0.08886044469698846,0.1863403259826,0.0775401139243866,-0.06787373337834238,-0.07302855654374908,-0.1827462148649389,-0.21810059047143582,-0.2415134939909116,-0.07587194738355754,0.42949736024306945,0.09293273126030703,0.4479817615213408,0.05569479649742634,0.04873209075342212,0.2017614528760041,0.19356880337167573,-0.09013313873134549,0.041044816484764594,0.0720788785410476,-0.07168329333622772,-0.013747452462327746,0.08538156866066317,-0.18564587915806155,-0.1114875952497634,-0.12414173681524072,-0.19664930506852427,-0.23027255715394904,-0.07333622457264331,-0.13611965753375685,-0.16275369124653433,-0.20443616393742517,-0.2564504689144537,-0.06335549257138688,-0.12199790167207893,-0.1296528374934229,-0.12864243501359957,-0.009874176006896159,-0.1354254514020079,-0.21315691032849732,0.016948079438856296,-0.11096433778060515,-0.16834476718139726,-0.09772701271533543
-0.019036092065234267,-0.08217493224616844,0.2409419132110022,0.18070577356616516,0.35872492570436615,0.5292663164920139,0.23265093617960764,0.21039734885411196,0.35644431395744613,0.4677156404980795,0.20220133257715214,0.13925291156070652,0.1396743455409876,0.144027020394888,0.49723701867866454,1.0,-0.27817106624907656,-0.19125135810004787,0.18390998400368094,0.030039530237804587,0.15082187672321806,0.26130399768157786,0.02034101743535362,-0.13378396289012526,0.05484248983470998,0.016160991226934877,0.45470739336499527,0.3334389482431818,-0.12587247961267087,-0.24757285174174382,-0.13136192532385205,-0.16391707572367445,-0.2723622035152214,-0.11708416575757946,0.0625684477124635,0.12298979539564146,-0.18161907516836398,0.169608972724148,0.03840031954634464,0.2503996430601785,-0.04542168230580164,0.11683918648869404,-0.11086982701382425,-0.07818516486032492,-0.11308762710413597,-0.28355810737532766,0.04875398697074703,0.03291468695832199,-0.006686734306869429,-0.10276369921836362,-0.22483194342142904,-0.3087081659322848,-0.27037229417852954,0.16229918055388623,-0.059827393185952656,0.17699514222240134,-0.3209559703172381,-0.32975727735354965,-0.17959305095981498,-0.15813981705194008,-0.0726974846363559,-0.11722523227197645,-0.335567247329394,-0.4889440816533236,0.09380169114853351,-0.09470395292418911,0.003638457301341104,-0.34242502386807044,0.06834105619309996,0.1394490102656691,0.2826938120804736,0.21581226794846076,-0.1919925599013976,-0.20901136989537303,-0.13480195059359182,-0.14938923284167344,-0.3340817591877764,-0.09934074855168576,-0.426281849329736,-0.43441101414584804,-0.5147191923961167,-0.3178549711450925,0.13997593765346408,0.26897497961164735,-0.09197943623161614,0.051480073712301955,-0.16272516193702946,-0.015443979720723599,0.23824867520006157,0.14703831528207173,0.37776854771656726,0.2508588469381597,0.3051546801443687,0.22878605435437396,0.27271556805552516,0.10580616494358193,0.004006703430835833,0.06392284335802628,0.07892978986218772,-0.03945262961852654,0.14803907425351837,0.0981110748279732,0.08074205911947423,0.061120225954657166,-0.0005425727462525623,0.22070655933454997,0.1263362333407793,0.13000575866096553,0.09128802076321824,0.2731630962792806,0.047222038340740825,-0.13489554363169584,0.216829399878267,-0.010255875634806153,-0.11822844532569059,-0.02231980512679381
0.00911811307007114,0.1487898991498741,-0.18490588330765356,-0.16047123927996834,-0.1539140860895686,-0.16592022354827524,-0.27891721412824155,-0.0657104360851038,-0.19829888840433818,-0.21175069772111535,0.2199306937672059,0.09719663586698969,0.10962106062818591,0.10946940737978031,-0.09222339062398838,-0.27817106624907656,1.0,0.4887790317274108,-0.30618880028690576,-0.12951307107402793,0.13463556148696182,0.021243024446512625,0.050946127508034914,-0.04386859604323086,0.10654172466161163,-0.012153924459209327,0.0544273151071604,-0.008476078079758856,0.2097023957031844,0.22987893205928087,0.272157256053735,0.13527353460006097,0.29435854343399726,0.1917246669272626,-0.10473739526095754,-0.16906698152803157,0.17233546775545813,-0.11562836052148286,0.035634711768961935,-0.17240630571930812,0.23493955399259567,0.16557424792552675,-0.12293375628923009,-0.10812978900629393,-0.107873895842497,0.08017707032130819,-0.22802406180812382,-0.20102555637134403,-0.15514878508714294,0.12127713726496137,0.03684064512463433,0.07084720883507536,0.0006690587432617686,-0.2828466634272101,-0.15594172044794566,-0.16963911454660277,0.49168613214148954,0.47450579279242433,-0.0345763333820406,0.09734975233377936,0.10842123456417449,0.19478094875125454,0.32335437755567464,0.4906652587517475,-0.008309649471857495,0.28437334972698597,-0.22828758500236546,-0.04942300023726969,-0.1514175872758074,-0.038245505683609966,-0.24034485988730603,-0.2418145121594095,0.21833955359386634,0.18744782639191832,0.18797944562664132,0.16306135103107688,0.17006906433014624,0.021563463908977523,0.5925030769777424,0.3200446790588022,0.658180027802312,0.2701615520631655,-0.048858089192236324,-0.10594637893374202,0.11271507169933553,-0.0904543358597453,0.054712642666296045,0.16362430719629759,-0.20897931246386228,-0.21569338661344212,-0.4572494703589426,-0.29470546359791194,-0.379193909452348,-0.34989021503867046,-0.11546457740009688,-0.11546893774484983,-0.2567147217159755,-0.19184660007143586,-0.2805988474112872,-0.11087428475621507,-0.35535071990093275,-0.3535467963572587,-0.23653771706823595,-0.2150193031775671,-0.2403673425400748,-0.06743701323005222,-0.2454511360692205,-0.2496079338606793,-0.1272505997206074,-0.23181512009366947,-0.08319652287202478,-0.09881603821161773,-0.3356290547535038,-0.2465185881069552,-0.07879977649017521,0.10288842168280972
