1.0,0.34539816568314846,0.22845805252654022,-0.011635027389252156,-0.13062995472579844,0.027932008643761864,0.22797846340653102,-0.05451411141449723,-0.10920475211565489,-0.16338152421791038,-0.07234280518372155,0.06131875239211235,0.16212241785545015,0.14533596512687685,-0.08160260697707268,-0.014675596734391907,-0.13753034297584718,-0.18539981692862248,0.1729762927926495,0.4356100363885211,0.1797488388470573,-0.06478270265785442,-0.2500346949183214,-0.22573442576248157,-0.08399641330087036,-0.0032153474580361423,-0.02172523753588029,0.0565657863454322,-0.19595845344566654,-0.0706400099509639,-0.259773593961223,-0.12316498655669074,0.11613133849918558,-0.038932002089825744,0.10135266126393974,0.08270304610535008,-0.03414083075240835,-0.012194636344232315,0.17767331955717958,-0.07154142838167046,0.07761875939977235,-0.08486080491167584,0.12999777517659028,-0.00884416158355392,0.034541115801793316,0.10676079444286429,0.08090626009272606,0.01921353802834957,0.005256851497587684,-0.05927568889054389,0.050017449413525344,0.06686554263194049,0.08275409064952907,0.12399915442861946,0.10072583687526447,0.04590594512969343,0.4402953457926565,0.16834457643230458,-0.14705053010706978,-0.2650103217748919,-0.03161955134168432,-0.03416174519347258,-0.18015826010670047,0.07393750396011232,-0.30272823267902177,-0.03116445329444969,-0.3032811526504219,-0.2588654931632444,0.14105077979649852,-0.046731293726041546,0.25551673114378276,0.06194407767809946,-0.21875850014054482,0.1268292727887608,-0.04690745417508638,0.22062568805202074,-0.12469666676957988,0.07038419369666515,-0.0531321241227266,-0.14285122969103292,-0.1893096695095429,-0.04869050035804445,-0.010047662220958901,0.03568888441746531,-0.05366041387367447,0.016694002516780836,-0.053618106360718766,-0.08809640453459797,0.033193913117966975,0.031110125582288352,0.11028879894526052,0.00998610266339046,-0.0004253030765940696,-0.027178322898954246,-0.2834887932176129,-0.2821602102100055,-0.17883834573986376,-0.21643834654658917,-0.05647384611815918,0.08077437051699847,0.02605290240822463,-0.00632895326590394,0.03799627494463937,0.030892007347559758,0.009525231052040674,-0.05308270613592162,0.014604386426550844,-0.09464060530416446,-0.25405304316658806,-0.19886902987281976,-0.1751589217032679,0.10239446813990721,-0.015776451934171896,-0.060516958016269135,-0.15607404895950913,-0.0935538485738541
0.34539816568314846,1.0,0.293925374211272,-0.1636563500907175,-0.12364125493534683,-0.037817310361991395,0.12781597381147447,-0.036440482899304544,-0.13307742937689893,0.1044615021384821,0.0115409743626279,0.16287143801125817,0.20350874983860356,0.07938436751401852,-0.1362473471889584,0.33437590943640644,-0.3212881362619009,-0.041319139721402026,0.20734244643637406,0.5004377258530924,0.10678264574336556,-0.24748805199720775,-0.5845286808654989,-0.4637313645298437,0.07074766474201623,0.08826905089641107,-0.03950321404721494,0.009545247869354513,-0.16491031097237174,0.10782879587769252,-0.21339243013430925,-0.27668415442178623,0.16402045159175377,0.12721717798685966,-0.1600902686505279,-0.21923968296794502,-0.11143559974668785,-0.294989183357824,0.06779378888155208,-0.13207039080677663,0.11536521269412,-0.28435910074487275,-0.04932755382259021,-0.11585558797223879,-0.4296947843119416,-0.3534387285518035,0.01715922807245541,-0.1705219587905142,-0.3455716759321545,-0.2862095347947089,-0.12169496344927087,-0.3822753393507783,-0.2282420057836668,0.2612217754813822,-0.1551020374148941,0.1533475598074382,0.47314090779922063,0.6200250147852431,0.17811984653431104,-0.15603205944381637,-0.039977798453611296,0.05554031296278987,0.05566139703120153,0.15504460739069748,-0.36091681275056997,-0.2201277515745364,-0.16562943450984072,-0.32205708580606096,0.4136792398965002,0.4264919261906692,-0.028696928465007328,-0.10400283849529494,-0.15411851703883644,0.2701989136613308,-0.20652884565556331,0.16478592497283007,-0.006106043290313845,0.1127399587912083,0.0008493007117472308,0.010234936774701444,-0.07506709355525425,-0.1042062650976854,0.19168571767615006,-0.13629341905622952,0.10878002329229362,0.10722643038964759,-0.2776925870537139,-0.056286614951749664,-0.14248187011505073,0.11855792639979727,0.0630266389716498,-0.010488559053348842,-0.0163076846906756,0.043346930281740595,0.0006863141335579308,-0.005025042887700495,-0.09199756028866064,0.07790653074506419,0.3081780830077672,0.3571311011009002,0.043697965374765266,-0.04703530576979886,0.152423489258794,0.18698889090943815,-0.003226852755329404,-0.0010568893408875273,-0.022834599704509784,-0.05439786642859078,-0.09656589505347943,-0.1911712435627027,-0.1370328382307276,0.44304786902957444,-0.019988259444038918,-0.052880573982191224,-0.29117944308404586,-0.10981096497720838
0.22845805252654022,0.293925374211272,1.0,0.12381823051255653,0.32275165559402225,0.268400101524861,0.6053708108748254,0.20783580960441644,-0.12213075111192115,0.10650631604786294,-0.16970582768928047,-0.029192438368298077,-0.15164739160284446,0.12866875946541725,-0.15140417596137415,0.0606619838359021,-0.37923447089210954,-0.18743415794297852,0.25533575196252456,0.5232398149407184,0.15068417540704546,-0.1006034131512058,-0.11005801072552931,-0.04406959632600627,0.4263267425458072,0.07082449210306493,0.3638826972700416,0.1069066229848381,-0.3757444002011683,-0.15762468546792865,0.02419272855597858,-0.04912195156317141,0.08616595669436658,-0.01813730050582511,-0.05738021307456615,-0.037690748681473124,-0.3387341947936309,-0.24010376767490668,0.18830831522597088,-0.22294886245327494,-0.22082244833338374,-0.15166722889997936,-0.010307062389060642,-0.2244732178409246,-0.32169257164177056,-0.25095881217080207,0.052473758159769936,-0.03045049522459307,-0.3537493832772652,-0.2561229003661998,-0.05804533634912713,-0.012378069962253227,0.29769597571997136,0.31369071339871013,0.20187580520134726,0.1346063459194792,0.2752163450420444,0.04841743514715849,0.1577986403672343,0.04523764375038435,0.07815806889840782,-0.33113915030111,-0.030399790488163037,-0.2018695872710229,-0.13789129391598196,-0.24619679539040512,0.05684033335644993,-0.18032215708102653,0.15521317820542418,0.28758514602456803,0.19036030901081372,0.034305484445714976,-0.22482213762447129,0.04608202906188443,-0.21389278353292082,0.0664429459706233,-0.12713947893948233,0.02766280859811968,-0.2142009315226473,0.05187704913854974,-0.37423601947654994,-0.16022273863970843,0.00839475826440212,0.019357677191805193,-0.0629327900754585,0.20554559529943192,-0.15598650026636451,-0.0046500262570067395,0.24051575483443582,0.22769476988612788,0.44080729355251225,0.3402013323062302,0.2052151193371858,0.30118214066986154,-0.2500305891778868,-0.359701935688256,-0.07230263346551997,-0.1165080611958397,-0.044347375622672776,0.3148769434280605,0.14549659575233267,0.22010144448775756,0.12038457177727183,0.3575790511359661,-0.1405024591453632,-0.23595835688016437,-0.16383602915331835,-0.3203721958893485,-0.413646693978607,-0.24053857226881584,-0.09345779492718903,0.017568969634287755,0.2832735187668412,0.007858415089928017,-0.12284156062124257,-0.30274597890318944
-0.011635027389252156,-0.1636563500907175,0.12381823051255653,1.0,-0.006518503376039304,0.41509235425409946,0.06970147896236095,0.12277807695991245,-0.12491104063598375,0.1824467396769827,-0.06337242135514462,-0.011191111569789613,-0.06216420039009514,0.019651824633901638,-0.012660702264765405,0.10806218316579576,0.09893770299918613,-0.1854123703743929,-0.030310544112534442,-0.02221289185077726,-0.05445129117607406,-0.03503336418754381,0.4704054575103804,0.45369173111704186,0.03866852219478104,0.3428833248247912,-0.01725015334158419,0.16296466884345048,-0.11919002437649275,-0.012798885861360113,0.07454100100150828,0.10580561432407679,-0.43547109079832197,-0.2837406869035716,-0.11023076449166382,0.030034372440906787,0.06948675375758093,-0.058668057197146885,-0.05456540226456917,-0.09972711264673875,-0.09234118526356087,-0.18141903500617887,0.2770104526578294,0.20040740807171953,-0.01702218635224043,0.09941515226805706,0.0730780984792444,0.06800918132563612,0.017436568807108498,0.10395505977587417,0.11983285884929491,0.25146536303217754,-0.0028445602243616155,0.1045167805592484,-0.1684531767346405,0.10168258956576819,-0.14838805514052497,-0.404209066736362,0.039899940281907215,-0.09487906372239444,-0.20812786265046665,0.031839555828518336,-0.18120620320747943,-0.19445986469217597,0.24566480635257462,0.04934326420746196,-0.028155439573284903,0.11964583619822555,-0.05446469772755542,-0.08546876963574589,-0.10839637057386704,0.05408006495218302,-0.15485452215210427,-0.06497941494301931,-0.06082666219146879,0.036906937701648754,0.1694716020914779,0.03583742310083286,-0.08289355432530522,0.062949840179953,-0.008672000794219937,-0.0970362990661684,-0.17165094311539716,-0.16740605785729668,0.06370883472031835,-0.10864868745088399,0.0008979381450296184,-0.02793947773187401,0.023698977376627853,0.0673072036872126,0.021773729947292028,0.04954364903274581,0.3017657427169808,0.2750373406578879,-0.21829775595816586,-0.159703937661417,-0.13263169815996514,-0.061209509769435136,0.0718490861492107,-0.11902522471235938,0.29436530468935296,0.036041770584890526,-0.0070345832391141986,-0.0675834489094462,-0.0794467763261216,-0.18677205228289132,-0.22886026513826913,-0.10134118835930284,-0.0079925601220728,-0.10640249878145555,0.08429722671329919,-0.024852345339132217,-0.029581038977600234,0.06450691499243848,0.05110909140762268,-0.043523250539145054
-0.13062995472579844,-0.12364125493534683,0.32275165559402225,-0.006518503376039304,1.0,0.10191392904902159,0.2253352902031272,0.25777268793638236,0.46472442266664354,0.3250300980316228,-0.2707637857815484,0.2531524591946225,-0.3041945559179899,0.33061493439012957,0.23785844036191142,0.2021149734340642,-0.21999380940689783,0.12352407820335702,-0.13500003084031345,0.05778973190236119,0.07276854414851698,-0.10837553439627896,-0.01760468078831955,0.05453898855688904,0.587972021107247,-0.10040751588955532,0.5021243490623948,-0.09529384971436558,-0.1684243630773481,-0.008205774629606559,0.25371847490809074,-0.06461981239004257,-0.09803192187924886,-0.09886784488781478,-0.044063063648702695,0.08203685288454106,-0.1820377575516411,-0.20175721778975808,-0.24838844331586088,-0.378101514197317,-0.30893048269220247,-0.10451411845880577,-0.06316813202458711,-0.1912444492564583,0.03549795789896957,0.032827029363299176,-0.15424765142853225,-0.16090043128328485,0.07738655016793476,-0.012297934143927103,0.16764782487163035,0.12518145035626282,0.26267215043517667,0.11345041314343711,-0.07917768776194578,-0.21465698836564245,-0.02897491852102871,-0.2209811095809525,0.11526699590196315,0.13084400671500146,0.04995359812509161,-0.07877551884609141,-0.09027995003936283,-0.17744242555179898,-0.05205313003360354,-0.0496618785434822,0.011385443912888553,0.08485740076627289,-0.1706787236123624,0.011784181912916204,0.22302414340215745,0.23123003453684002,0.006915688784502659,-0.0959699628169466,0.09498762985742734,-0.11174230645315719,0.09279481456427409,0.04033818165846219,-0.19005274503761635,0.12378600528046038,-0.15349552267090794,0.06954713364186678,-0.04845082943413824,0.040096056402838434,0.042448019806774415,0.0660939219756138,-0.028504183818334142,-0.054182349304656666,0.0338806803899028,-0.037685028732573254,0.40508789091751346,0.30457122252994123,0.32490994524308847,0.32045542819579,-0.2351954910879865,-0.3196534714469201,-0.35015788036584056,-0.3321576955579153,0.06035903791752676,0.09560118842725653,0.23818922151907967,0.3376849600805312,0.09084017973435106,0.17705577142857076,-0.12080128075878079,-0.1400278756866675,-0.1359104767994834,-0.45607179207094717,-0.320383040151616,-0.24249418338508355,-0.30124816798286497,0.003140367711086258,0.2916497655641106,-0.012738511747332199,-0.010825677801602351,-0.12145178139324432
0.027932008643761864,-0.037817310361991395,0.268400101524861,0.41509235425409946,0.10191392904902159,1.0,0.08020468999905427,-0.08336774464004856,-0.19410328116803807,0.058674431324698274,-0.34882529823366376,-0.2941512191420729,-0.4307969691390148,-0.08173366114033255,-0.13829694506830315,-0.12114289949978516,-0.25239903522798235,-0.3598914127373825,0.21428234062919904,0.20634811538496636,0.050597172916404094,0.1019649202218068,0.3160320746761406,0.5414393378425684,0.3438551749962778,0.7513489430718808,0.5187263671272002,0.753215878867508,-0.43686900856519256,-0.34464192721351306,-0.08462493923118844,-0.06338673627396166,-0.26933836128957694,-0.29273021844344443,0.2054122613287568,0.29272017987736965,-0.07322560482641081,0.045794187809928756,0.31745188623433,0.061569550653057206,-0.1815494958771793,-0.06678675543736276,0.22263625863348918,-0.04707825651466641,-0.07677983235432445,-0.029559440118789117,-0.15172493051043126,-0.07477235937045926,-0.20807887672120137,0.04548142984138331,0.07760391401553791,0.09488770358994318,0.058137562438582355,0.07337413762593739,0.17032630523909803,0.06935227125498143,-0.09123700784151507,-0.22147424226290074,0.0425807752596858,-0.14777184534369117,-0.1255305471902414,-0.43895230516457984,-0.3203488567645015,-0.3476130793905806,0.12201321280038303,-0.10336525118010162,0.32059878315332613,0.06954258852882929,0.15534983449448675,0.15871190497758475,0.012283457997455888,0.07479350991020907,-0.3693536720446727,-0.1483127633492222,-0.1521942780648892,-0.07451429302623505,-0.03536707459471033,0.07241964629833977,-0.211521625353844,0.14194593835538422,-0.32051051389050916,0.010681747003919462,-0.07102015364059569,0.07857013335548178,0.12271530933172171,0.34579061562196206,0.09979699826497382,0.31862748805280783,0.42795960793202303,0.34056467232113297,0.3164012635906151,0.3522353212008605,0.36209756930124737,0.31905953482571336,-0.037108396484697555,-0.14471124812478312,-0.10662867498645971,-0.020653078247379268,0.027225300009724174,0.17117068536808241,0.24080614973062758,0.1559400042705023,0.16393943472167005,0.25583218412350117,0.04755819220845141,-0.062461458185742356,0.11607566424387376,-0.13566423350582082,-0.2045329368386662,-0.21238870973525995,-0.012163625751276542,-0.03729933061742789,0.20428319095464564,0.13144399190600872,0.07778546543597832,-0.12514311800292538
0.22797846340653102,0.12781597381147447,0.6053708108748254,0.06970147896236095,0.2253352902031272,0.08020468999905427,1.0,0.39491400874933913,0.04701456801426535,0.1666213462185576,-0.1553684821394828,0.16724741760326156,-0.017459290401763347,0.23273995659950794,-0.028869997154796895,0.11120115073197046,-0.45730876619581273,-0.31102144570472573,0.11304370275898996,0.3714347834247021,0.1691250217284474,-0.18663025940962868,-0.0997869965899849,-0.030769099927269,0.17689981313965367,-0.1071004305728657,0.24694038173061308,0.027674939956157347,-0.4035348481066913,-0.18035185602666706,-0.19092819659441038,-0.24377432334189722,0.2750932510574221,0.07491405912790744,0.1407031696291346,0.11725547941977808,-0.3666337041438103,-0.32041799106385294,0.052306422233964284,-0.3255672807673865,-0.1394003624909016,-0.17004638828002164,-0.23300698045472246,-0.18276174839446477,-0.1551798017442267,-0.3239555371256909,-0.07196368428830408,-0.10067386365301632,-0.373569511039266,-0.31093849152155556,-0.20283877295340744,-0.0820776600658855,0.17095475684378078,0.19840295639628328,0.018007719979197524,-0.014738051988053247,0.2849937731853553,0.022819664876092792,0.22252307741751526,0.05484311435532404,0.47303681498558653,-0.06850833111876468,-0.010786684454778777,-0.21165688160442278,0.04160330685648072,-0.010221757084146852,0.1478826003020036,-0.05380691053044329,0.02815842698911524,0.21976756041257745,0.10669442754308939,0.047245665331300514,-0.38592809216895285,-0.12120468873671769,-0.2666514607212422,-0.1038403505218309,-0.22525236731333795,-0.12358980486693943,-0.36363213204177836,-0.10382084211122036,-0.5221956690424815,-0.4250583488088405,-0.09978694152401034,-0.05940812271776315,-0.2536082828232209,0.05584897151966216,-0.20591845170054146,-0.08236470343535089,0.11570479123203202,0.1752346999968382,0.4254429223970797,0.22851182230024256,0.15460481904390608,0.32928906097868893,-0.2765669207254681,-0.27333098174896475,-0.2817320222414225,-0.3007360741385569,0.0959118847468913,0.2961203262383634,0.3548693442963792,0.4145298949121711,0.06661672824664722,0.2897349154519014,-0.08771973936866795,-0.1453027060339641,-0.20060365761459834,-0.19564811444672642,-0.3222482699104762,-0.3584992842682944,-0.29144685999013675,0.1598436123610405,0.3879524393328646,0.0431063458970248,-0.14568073196013406,-0.3013535921457606
-0.05451411141449723,-0.036440482899304544,0.20783580960441644,0.12277807695991245,0.25777268793638236,-0.08336774464004856,0.39491400874933913,1.0,0.1999542630705121,0.14398834760070148,0.055091179654175315,0.3623053170455116,0.05769190041006487,0.47656176593398986,0.006626758324445663,0.11591141849802121,-0.02021436249988989,-0.15372072919586124,-0.16578695553917133,-0.08864117734070563,-0.12294483636890217,-0.21782085332148735,0.06820185249291459,0.06220280805110269,0.0468332195817479,-0.2411040201072491,0.08884261876414841,-0.21085752016266274,0.0003704007374709023,-0.17309187890651845,0.13406299131907254,0.0689225518738584,0.16613840132728536,0.0677910699451427,-0.01510217069353727,-0.004104347172488457,-0.2261606336496907,-0.15483426054715613,-0.2917876995092693,-0.4178706544409991,-0.16208453688749833,-0.11621420668803767,-0.02980976048130833,0.11109290749931598,0.010798978266279537,-0.12234233404479443,-0.018892326564507393,-0.1289057494355241,0.00818076161372565,-0.15770510857403852,0.06215898566658655,-0.06016740625230539,0.1515118296203602,-0.09162933058075229,-0.19293645268769627,-0.36817912848042317,-0.05191953179714014,-0.11171831366520191,0.07936955094163307,0.2472990025296072,0.27595756757811,0.13928369074893848,0.09121073135091683,-0.26852313526759375,0.2218564554864213,0.09201033144423222,0.14473479229243236,0.21292123771617724,-0.21975184924626592,-0.25352011081497355,-0.04624710168647021,0.026670285157396768,-0.2087772707130201,-0.20902188399769286,-0.09338007266097338,-0.2375621178976858,-0.1334268139190816,-0.13502182264755416,-0.2822031129975775,-0.17203382782861146,-0.2844814871987072,-0.38214850405835343,-0.06196831128352986,-0.07096580917970607,-0.18544989596057318,-0.09587717619346595,-0.21093626091807133,-0.08641938228752581,-0.1355161622800732,-0.15763546500899187,0.192749226179163,-0.03722252031521557,0.17064692028940073,0.05971622747886156,-0.3978536764716246,-0.39815938578852117,-0.36186718028923726,-0.46056885877727705,0.02633024627203988,-0.02179789226318639,0.12488669168356471,0.15623935686954593,-0.1383017967538306,-0.025159632608867877,-0.09604759886211904,-0.23768300324037825,-0.35272271957688495,-0.31357335851448204,-0.23452690945491456,-0.22026437214109393,-0.2511013223392678,-0.019773549975723698,0.15026846964275378,0.024875950751299093,-0.03784132020386608,-0.21431663606681375
-0.10920475211565489,-0.13307742937689893,-0.12213075111192115,-0.12491104063598375,0.46472442266664354,-0.19410328116803807,0.04701456801426535,0.1999542630705121,1.0,0.26871606484474664,-0.10470879378951924,0.42438106886079346,-0.01567748309745508,0.3952454669865102,0.7535071657804419,0.14479690145799687,0.030619180654993056,0.3369778949466804,-0.015263485474239152,-0.03330816303948417,-0.23074913107913622,-0.3218688384632472,0.037215767022919996,-0.1220873528306452,-0.17840088136179785,-0.23176801930860014,-0.0864156509940738,-0.2519817655014792,0.2416997653924022,0.21648659997057698,0.02491901958746282,-0.10072638945334697,0.05448909374262908,-0.1136661374241394,0.11366148517503664,-0.03451871489238445,-0.2752346455341458,-0.19388532586535465,-0.3500351975210321,-0.2718534624461137,-0.004537527230725534,-0.020604937832772018,0.03468194522690075,0.15386246828666342,0.012965145664491884,0.023993721624866814,-0.23123114755940308,-0.0772615883608984,0.011402269466721498,-0.09482697130806358,-0.09978878417911227,0.07035010809980806,0.05254238519924638,-0.25539666546386336,0.018594919050413463,-0.27450036574750575,0.043100397462062436,-0.04344966735946772,0.06605175946430318,0.1342942068009065,0.3124737921850834,0.07959413697232799,-0.07372554090402628,-0.02974960454213892,0.09249907861411247,0.07553694858841407,0.04443574729447529,0.0867124517226666,-0.11994212610781535,-0.1243105880116413,0.04847879649502885,-0.027200035465273317,0.16578388374414202,-0.009021105267034719,0.28017989157210876,0.010379467087224046,0.06137332426740083,-0.20184762405665185,-0.0020432441346847205,0.2480021790681323,-0.011627736298149222,0.030818426491865784,-0.041640165595318315,-0.03734146897649364,-0.05808439457404244,0.03627539700033652,-0.08514798694153483,-0.24003112889540743,-0.048254536436178254,-0.3063597044347293,-0.08204116677717851,-0.11079556038229142,-0.14853731007477702,-0.09428454364936316,-0.16068405237820066,-0.07583686941961502,-0.189550516534487,-0.20307468101670817,-0.09732023339110128,-0.13049590556253432,-0.013960209345094407,0.14098653031414063,-0.17120164536521085,-0.09747386204773062,-0.07336364973360011,-0.08478055814559594,-0.10269503128975868,-0.24453964329091704,-0.06699215326957221,-0.0476129202367894,-0.3010958041897902,-0.05205341476871849,0.07125995759620252,-0.19101547651656747,-0.00016314032820760724,-0.08993340734133834
-0.16338152421791038,0.1044615021384821,0.10650631604786294,0.1824467396769827,0.3250300980316228,0.058674431324698274,0.1666213462185576,0.14398834760070148,0.26871606484474664,1.0,0.12570226074439422,0.05528050729442699,-0.05048215483396084,0.1998548904659451,0.15958936180595393,0.560673779977764,-0.12004321276770302,0.0528716349074893,-0.022779490293112742,-0.019823147796553517,-0.1462131142755855,-0.24451375348502488,-0.03479831621686152,-0.08440798074190696,0.1275953354853751,-0.07309872253906399,0.08377719685090976,-0.012419729954678225,-0.11278690416890762,-0.057494416222825376,0.040778698117745066,-0.16351992641458113,-0.06560487610164409,-0.05793308003818973,-0.05652306391262173,-0.003533445512749085,-0.292138877062062,-0.2751002720794591,-0.28294957111169056,-0.2827316027182549,-0.2890125979781386,-0.345538638544716,-0.11574684060139435,-0.11506522484641216,-0.1325473661917006,-0.11461391172416696,-0.2699970680630206,-0.09854812544929127,-0.06304636707217293,0.046199920131119364,0.13836857246715736,0.014522717495126845,-0.1780146254702414,0.33743040455258283,-0.35798436268871897,-0.0025688543671260984,0.10937452498835046,-0.015254905261319628,0.30717679192031005,0.1722499443483827,0.12496088337016639,0.1564124036737496,0.021073848726891664,-0.1336872603249963,0.18992404493387335,-0.020885560546344273,0.11802053967324928,0.08995083019102268,0.08725956364206537,0.22516543510332035,-0.10075748535027011,-0.049336667654289255,-0.12632496997395562,-0.1902220582600145,-0.12902369830226434,-0.26360104457021755,0.05172908920824616,-0.2204103474303098,-0.22850533097180345,0.1709262801399468,-0.08232299396935622,-0.17588812751822652,0.02548379085489503,-0.18664103482777122,-0.01743773362128641,-0.059551671903339654,-0.16775510842648672,-0.10395875677758792,-0.11105042398513497,-0.14217208565515677,-0.04747391271694241,0.11630712873506553,0.06557865111706539,0.32169067113427646,-0.09253438659166195,-0.02560304678608304,-0.2047685844695845,-0.08123710745565252,0.3026497067238222,-0.012218732204038756,0.3031602424451292,0.2359597076545934,-0.026804296626995374,0.16542473508732133,-0.1549473200244166,-0.030825717617957493,-0.26877760666084793,-0.12565520864230884,-0.033339083853121496,-0.16858094681544733,-0.19832642364948314,0.12891240890302974,0.13213106718547019,0.018196802359295307,-0.10488727604441375,-0.08603750494275458
-0.07234280518372155,0.0115409743626279,-0.16970582768928047,-0.06337242135514462,-0.2707637857815484,-0.34882529823366376,-0.1553684821394828,0.055091179654175315,-0.10470879378951924,0.12570226074439422,1.0,-0.041797991224737825,0.6414773613916854,-0.09648568901403069,-0.08266768676727013,0.10925835604098065,0.39131692345543534,0.03466295442043634,-0.1585629622321254,-0.2527899567311357,-0.2446560470785979,-0.11467274411350933,0.019595638969442053,-0.15184731820850775,-0.2685104761209511,-0.260040001299774,-0.41616468736959616,-0.2419813891543604,0.3746409025674783,0.00239475645160558,0.25359840239073295,0.14988812660097134,0.11218943919819938,0.20125857287430657,-0.19346333429167825,-0.21470699269769317,0.005508459003797768,-0.06504292314984157,-0.13406972929315147,-0.07393785987391793,0.06648613879300301,-0.03942630343999464,-0.07634119569771065,0.14776832609290383,-0.10483582271033365,-0.16618849519089995,0.16134603865985594,0.11254992153074236,-9.558652346904226e-05,-0.02198714107280314,0.05678759655558018,-0.12783656717969244,-0.13190318168763743,0.07394095154570833,-0.14823803185521603,0.021706553690700656,0.0817103506446332,0.16729338503969823,0.09786907108890198,0.195352153468069,-0.018216133914163497,0.4033789763772035,0.4706269359546584,0.12755010543895276,0.16595852572552108,-0.11175543121461122,-0.08095796952064821,0.029529618685359447,-0.17467498441986284,-0.2479508655164142,-0.3067494367907537,-0.4364097857207948,0.14316412064937065,0.02603654160957281,0.07869610153640327,0.007377402554592818,-0.1794080137118937,-0.15855786546326958,-0.06929911797303383,0.0092150819744814,0.12136127839870338,0.014650714468097549,0.4074871570498419,0.09177107031903045,-0.19535558350928237,-0.23901451269390678,-0.009724607942737796,0.05044997980156427,-0.24477805045672918,-0.10835864727747166,-0.32821256729859677,-0.22279513352695687,-0.28362452438984065,-0.21630228479209343,0.11257993371820003,0.09311480083358908,0.06291571420425968,0.11352585961227893,0.05060236246747094,-0.1147785552113201,-0.1516178609986091,-0.06361620077711046,-0.17975531073271314,-0.12765830462821545,-0.09424436197527962,-0.21919432191465055,-0.16850988341764422,-0.006780886329545104,0.13559027459794726,0.09063213963993316,-0.05031724841025114,0.0034408093547421813,-0.2902540735878083,-0.06752110976021958,-0.07200044267775535,0.0897939954396766
0.06131875239211235,0.16287143801125817,-0.029192438368298077,-0.011191111569789613,0.2531524591946225,-0.2941512191420729,0.16724741760326156,0.3623053170455116,0.42438106886079346,0.05528050729442699,-0.041797991224737825,1.0,0.30443981925704544,0.6044843073305696,0.3447391482192469,0.2360749354476575,-0.014929514709915258,0.285472988018174,-0.1952697480813559,0.05920939367371809,-0.020768721306991277,-0.2461142559414643,-0.34183839988744513,-0.3304610415277985,-0.05912138904649377,-0.3362722594411817,-0.17479941198540774,-0.4445858942985855,0.20507319103877747,0.45007826959761726,0.12226660440363528,-0.020256904004728793,0.0362431624585422,0.015864754478078506,-0.004805217300250127,-0.021956009766636163,-0.032662879376799396,-0.3224346248455147,-0.3985472589193016,-0.3493974793299135,0.08873536036452008,-0.10449705274496689,-0.1522683594122395,0.02498152715560415,0.11453457302871484,-0.04247354142888158,-0.000887578876165633,-0.11301017026324904,0.14317438925998044,-0.09736004631106991,-0.048619007108262106,-0.211153520630339,-0.03978137018285792,-0.15422145259361275,-0.2806066152636337,-0.23033691452571514,0.06764537122399507,-0.04505410102708668,-0.08507589136931705,0.009996426058021625,0.15897297436802807,0.28415904726735036,0.009119273083256888,0.18401149610478298,-0.24758361120309164,0.04615424785632158,-0.26186129467012687,-0.012938454634788541,-0.1469090655566319,-0.19993305822959717,0.04408631433126496,0.17448349291286372,0.09601529421784188,0.0848399816462083,0.009260905728253404,0.02399652663804406,0.160722129863408,-0.0036644581593501518,0.008632711906314717,-0.0887417503314063,0.0851496503740391,-0.1782215237148571,-0.10745898308667708,-0.1345939502154403,-0.12223612101218144,-0.23779763581352648,-0.21394616019000934,-0.30742699906110005,-0.374659919524799,-0.34215130609126027,0.08077637225630284,-0.148721077906216,-0.010562903574013141,-0.03722875232174425,-0.21127689039805472,-0.0815582517019587,-0.3102757542211426,-0.11588396897362034,0.08989149579727049,0.0531291431616591,0.029078969285765397,0.12237501488773724,-0.1653651859899764,0.005060659746539737,-0.05236853068328929,-0.08666594191748218,-0.3150589296086068,-0.21665186704026532,0.020165215962359945,-0.07167234926770602,-0.27367696177010775,0.2398101100133694,0.0727299061264159,-0.04338179025014031,-0.11214794330452858,-0.01632782115376635
0.16212241785545015,0.20350874983860356,-0.15164739160284446,-0.06216420039009514,-0.3041945559179899,-0.4307969691390148,-0.017459290401763347,0.05769190041006487,-0.01567748309745508,-0.05048215483396084,0.6414773613916854,0.30443981925704544,1.0,0.07013415717757124,0.03296727496625773,0.2197920794435397,0.19442851576440137,0.13599693956799214,-0.13450579800597018,-0.05271261972810918,-0.18166915984200863,-0.23733927192076132,-0.08026873259768397,-0.2730372722768017,-0.39175809255306343,-0.2866965849381501,-0.4894923546490006,-0.285800361432485,0.37488013039335477,0.2948391180050844,0.1252911594780268,0.07334107193373314,0.08795265549222933,0.1628894030325318,-0.19297012508266595,-0.2558696452361376,0.02467937860530046,-0.26502651559523693,-0.14997382576096352,-0.20839838988565057,0.3544836040249829,-0.013740196530074177,-0.20496054767577168,0.1478099706947289,0.002601047989121079,-0.1982580978312822,0.38400034580227843,0.27434750939313823,0.08106325495070242,-0.17024357306082194,-0.02168407104312014,-0.17034530731804937,-0.004016732953954705,0.21087586322069263,-0.07459397821082737,0.09272033865630823,0.17300794333237035,0.25845521698699025,0.017917752142625327,0.052844586355854255,-0.006829364648573265,0.4171098577148864,0.4265582979245523,0.34882756214902955,-0.09895636746746683,-0.05102811897949419,-0.350941012731123,-0.15996433403947324,-0.08589307764189055,-0.25377396180231804,-0.33466113457986807,-0.38971581668787697,0.16509187434954617,0.16984131285887594,-0.03103295394548232,0.10539363579373268,-0.08176068488916237,-0.1418433680638937,0.15548468595819268,-0.11458892278950787,0.14586693423285654,-0.09077449845959161,0.3471583663391545,-0.04420012058452315,-0.22301391875684537,-0.3214557071733678,-0.15618730333708042,-0.10969830879708577,-0.4192493071784784,-0.1617332647618413,-0.2633926816619885,-0.23325365142816015,-0.2866798969964187,-0.13502245814196132,0.0037994272373019044,-0.01949151725557284,0.05211482243061078,0.10030548430199085,0.06774291331229318,0.0354469085661419,-0.0980924416895235,-0.09255284124500958,-0.18627214737741102,-0.16075373301177978,-0.19976862169859302,-0.2024292324458999,-0.23001459763302437,-0.04672189993284464,0.09748790899853096,-0.0030978671452093847,-0.07297772302645571,0.21440129519189285,-0.21928719930998794,-0.010426858501151642,-0.27673287704790916,-0.1006336253336046
0.14533596512687685,0.07938436751401852,0.12866875946541725,0.019651824633901638,0.33061493439012957,-0.08173366114033255,0.23273995659950794,0.47656176593398986,0.3952454669865102,0.1998548904659451,-0.09648568901403069,0.6044843073305696,0.07013415717757124,1.0,0.22734591768990972,0.11323674801528218,-0.11917263596201663,0.007892957403634606,-0.06572363628325177,0.08584618767640358,0.013917041413947251,-0.26085571657678935,-0.2131507846858954,-0.11234493944870812,-0.024160381493683433,-0.3310911484428384,0.16776235424671285,-0.13091036136597578,-0.04153289447333424,-0.07853744785256868,0.2146174855852157,0.022796454292162302,-0.17149658836849796,-0.2232191678798521,-0.0034972724574056937,0.06698280776991082,-0.11141668508500081,-0.08660578682848473,-0.1624448793005579,-0.32955310562592627,-0.13463882041461545,-0.12878917662758638,-0.06640556568544108,-0.10206011548782662,0.0746131647629457,-0.03319815617759556,-0.09126953463673838,-0.16293848745097841,0.15594387965768158,0.020506916817553004,0.2954510687259903,-0.18246020106639704,0.12144837477057391,-0.05085158879597437,-0.06599980708341088,-0.2791282570731156,0.2674247777243945,-0.12308441884992245,0.08556901338637043,0.27362407632062596,0.13914272177934284,0.04292236781606546,0.0005051736024572526,-0.006855078750090887,-0.17021213521835507,-0.2098218376080434,-0.16116003064605078,-0.14926431838941182,-0.12652291744889294,-0.1459242738957361,0.17662060125586043,0.24708635333324547,-0.23460051603057405,-0.30186953284338175,-0.09456571344266133,-0.2917712099471432,-0.09574765672376492,-0.17509956408250948,-0.2470853030443121,-0.06578899499659287,-0.14165804117558495,-0.1924929508763472,0.02924945942113884,0.07600730119176007,-0.2039237337429468,0.1090742332579452,-0.17193545802146087,-0.07047379581984164,0.06102475008790626,-0.16008807952025855,0.28604761163560916,0.03291215867575228,0.17961066339573517,-0.0032394065413697336,-0.3368555400688572,-0.22957123721001377,-0.35679512606336505,-0.33359079326608304,0.0015093861731298793,0.053822241644441056,0.07342975690762162,0.16123822979685565,-0.05294019589921302,0.11217477705921461,-0.03799973397773516,-0.04767153977923432,-0.30391461579341494,-0.2538108193757578,-0.23806305375027334,-0.14211782304849477,-0.306636165923877,0.18919332142707843,0.15445013787486686,-0.04965220163695079,-0.11785982264553259,-0.06114303599176247
-0.08160260697707268,-0.1362473471889584,-0.15140417596137415,-0.012660702264765405,0.23785844036191142,-0.13829694506830315,-0.028869997154796895,0.006626758324445663,0.7535071657804419,0.15958936180595393,-0.08266768676727013,0.3447391482192469,0.03296727496625773,0.22734591768990972,1.0,0.13402584142032986,0.013525599802097417,0.40792468153052147,0.12221334539092799,0.12799101843508104,-0.3437062314171346,-0.3843361660675467,0.08958648331779175,-0.005818620469369956,-0.25116422787369674,-0.10452487066629698,-0.2513485241725821,-0.18601698181579307,0.35441431713078964,0.4134153901275232,0.08999157649740512,0.11621905356822392,-0.05937313194343495,-0.25099524985825294,0.12021110681668402,-0.018666686543421615,-0.1349903591974834,-0.1590674611789729,-0.32028472806268143,-0.19730037532157077,0.10553016456356053,-0.07376218886871165,0.10204045956834229,0.14180929479929516,0.012465484946308418,0.07989098783808592,-0.2076166391263324,-0.058353181475832426,0.007640079152740966,-0.03986375205936147,-0.08489048806384739,0.1687537713002823,0.004066835930485608,-0.2773034293070644,0.024562503780127098,-0.21295884898071085,-0.07118109386491335,-0.07654726817791924,-0.12606017225892777,-0.05841706570550593,0.06083665686578815,-0.09884446334772386,-0.20093804108864416,-0.0394930327682438,-0.08424868794165437,0.007200629472896298,-0.1594570763435507,-0.14987675978843962,-0.11233361582171501,-0.11323868594174889,0.02225465651063601,-0.0422250912278234,0.29466660521214455,0.1560696534572825,0.4405959852270457,0.03553149356449182,0.2692100478458136,-0.09691174474509122,0.1557072407916732,0.3989391446092415,0.15653583250789108,0.1765709099166478,-0.17095465724255593,0.1059989619184708,0.30999883359857294,0.0835645704064387,-0.11364762443069917,-0.18328899886921682,-0.08390024781761016,-0.43357054921985927,-0.2296254683256641,-0.1042507361171288,-0.17450244958651337,-0.14147168118825978,-0.12462300878151525,-0.004072683450245401,-0.06594098000920903,-0.04251885281114738,-0.16988740360426394,-0.12970594013460912,-0.10369201607033776,0.09345803616868126,-0.18282076900375807,-0.04324861526194939,0.026576714196845434,-0.04471774391815716,-0.005808856339396409,-0.11262789095134969,0.0866638120307172,0.025601349168736368,-0.24432736868849234,-0.12369553871023073,0.01789241795599759,-0.06667546595296868,0.13549953541238874,0.0448996144095104
-0.014675596734391907,0.33437590943640644,0.0606619838359021,0.10806218316579576,0.2021149734340642,-0.12114289949978516,0.11120115073197046,0.11591141849802121,0.14479690145799687,0.560673779977764,0.10925835604098065,0.2360749354476575,0.2197920794435397,0.11323674801528218,0.13402584142032986,1.0,-0.17241066435612024,0.10437161150951511,-0.09543522537395374,0.056444455926364656,-0.10776385773295152,-0.2946279482899805,-0.19220568602851432,-0.27463338574012613,0.029159425122321517,-0.08716408175432817,-0.046629381128550446,-0.12954655310338967,-0.030848076980495534,0.32052251116041713,-0.03283173836753882,-0.2036780015050357,0.0035095739360242813,0.06054768189139297,-0.17350216146036918,-0.24156717561177699,-0.19180154102664615,-0.45699360867863614,-0.2652712431187654,-0.44472886944972945,0.21328632650344406,-0.25501174466025356,-0.06401696078129988,0.07335498931771876,-0.1488973344144658,-0.16199028107367974,0.07073590698991791,0.035567973802096614,-0.0062808296513437315,-0.056607084681495765,0.13925333343229485,-0.07816065591449389,-0.1357361500010086,0.45291120341516344,-0.4080639067205251,0.030547229727025258,0.23221890792623634,0.14616695885377307,0.24154146450478126,0.056809186520083994,0.035190416194550656,0.20357883287724024,0.15867656108582986,0.05816344475714815,0.07844864182848271,0.09029149488774578,-0.2021865742106746,-0.030510346147182385,0.07377524428906196,0.1633057382998939,-0.13603881650793234,-0.19807346911137896,-0.08301942067710431,0.15930015938747413,-0.14336860718939887,0.0768846175268562,0.01697435605772079,-0.07006600884065814,-0.07182643784775036,0.06657713994350622,-0.08157874028503197,-0.2712386916299301,0.24190983934778829,-0.03772516951236297,-0.02672832660692313,-0.21966566709855834,-0.24443096757383662,-0.11828501803946519,-0.3567915295171074,-0.003022694358576977,0.01062003362352154,0.07474736885846245,-0.007476935793957032,0.316124673953648,-0.07853318900031986,-0.17587987478386638,-0.2680088931924475,-0.13313717811588308,0.4068506044190675,0.13402638848044157,0.23570070895237996,0.25255408531208007,-0.05373833657168917,0.35936319864851074,-0.2686173161076769,-0.189057481993741,-0.22274562594856775,-0.19327621716106744,-0.1043594948778559,-0.27103780777432523,-0.2307991740438934,0.3624770849239265,-0.02273373435036097,-0.0001646788341637091,-0.27093690991236674,-0.21610403029801067
