1.0,0.4041318601379702,-0.19293220407219938,-0.3715195145228916,-0.1695025721039101,-0.2772176074097455,-0.10932190360813938,-0.34102548271151334,-0.0985071080735119,-0.2159615536708507,0.3256400733152816,0.006643589280840568,0.13804940059836132,0.2844315763626478,-0.18787846897807547,-0.0485202380030144,0.4915802576828615,0.5618285859706711,0.14478855855827144,0.07442119039875042,-0.26496373981477456,-0.2932634554178221,-0.4749271472917148,-0.4214491307393902,-0.46275730665274273,-0.33577973875642503,-0.1579594885163064,-0.18822585060858282,0.36910252973609886,0.2661056234078666,-0.24052330453416593,-0.33326375014558834,0.27024062412664024,-0.11663765166511199,-0.3067842573954475,-0.33104136362326364,-0.056173161453074646,-0.11051859223738021,-0.19623987730940123,-0.026312146206438812,0.07619227936950035,-0.16666818764285662,-0.17037145233503473,-0.010248759496843911,-0.4561633506843317,-0.21910010485884102,-0.10381520143087232,-0.11300603935307749,-0.10373916079796726,0.10173245450130013,-0.0887602100045676,0.07934688668343952,0.24726732405299418,0.19147166221215808,-0.03053586738813542,-0.03226172419390211,0.7632436376584403,0.26098857954200994,0.4132491504761031,0.23765566518338507,0.40242777140028657,0.4555948109393261,0.49914888480779845,0.5043233487141261,-0.45131099621265697,-0.1942651376892829,-0.15259077541731206,-0.26354256823555405,0.25345161467479616,-0.060375489174505276,-0.22611445557798698,-0.2057297742199146,0.3273974517432799,0.10813837909928986,0.2348094542823923,-0.07529044402347737,0.17361865738132487,-0.0731606765903257,0.35759106640845784,0.22293654039975394,0.31741887864942087,0.4019979947907614,-0.275358566253827,-0.21989468544314963,-0.21011458081514464,-0.08688385528776497,-0.26294688704090957,-0.2575531973875285,-0.34338245234572196,-0.13251656752726376,-0.07879326106580474,-0.17670495011093845,-0.09627487646600918,-0.18083222227853055,-0.23856451269771284,0.07258933336483717,-0.2166866318321095,0.08560138009402724,0.07574734333721106,0.32864299464127783,-0.1773985715560245,-0.1284061306799516,-0.30668617071856774,0.04375417965033854,-0.025515487056741025,0.0651408194197264,0.09136595317721538,0.1558522313552406,-0.05847126683349679,0.14664552671148917,-0.17598938608349235,0.11286233128300754,0.031941247625890984,-0.05313746761616356,-0.11195431572104554,-0.21180656954096663
0.4041318601379702,1.0,0.03695570933664572,0.02427099447260675,-0.08179129008605115,-0.037140931146710236,0.03013880555407387,-0.019999344152076895,-0.10526565696230564,-0.11785861406503995,0.13153241658797116,0.02956980133978323,0.06639832027777112,0.12817429748432613,-0.16814588904189326,-0.14782726063571036,0.12650351147767744,0.21237015775528506,0.1993590954065515,0.40154811616254327,-0.21310735173183923,-0.3601045440777386,-0.2966583910745505,-0.21512400184095537,-0.5003120427296425,-0.3122140736751277,0.11028636362714025,-0.11337088347527048,-0.11567715994717849,-0.08341637450528458,-0.41570702256661507,-0.47113235770948614,-0.08043256780844064,-0.2631084988250995,-0.13100828151224225,-0.22307269215359415,-0.3930674793292633,-0.21279100146524474,-0.12947269456922017,-0.11060037473123623,-0.34781790372851096,-0.12288442193973212,-0.2629408608287339,-0.18270790987338334,-0.17905757435327033,-0.10305088049910208,-0.17074378230829726,-0.25012614600858135,0.07363118923880538,0.02440699424290446,0.055832329698730726,0.16281224522557183,0.18611339833697566,0.11110794792115727,-0.02102186566606848,-0.19880414557609877,0.21861152158462058,0.6462771067605116,0.33434092527906967,0.33410716602842594,0.4775927407089649,0.48416104794055914,0.23160965654315485,0.37776067378734124,-0.14744877407658508,0.04909736389512896,-0.018081183773073255,-0.002387226668918517,0.3200256022298038,0.2094487983024106,-0.2668715316373226,-0.2844806383554213,-0.1359899812555387,-0.028995325022769337,-0.17013005638649872,-0.1626140500706113,-0.04526261197535994,-0.1004398855593384,0.07255607933583001,0.09909678599996881,0.11748884561405547,0.07139061031400666,-0.2093065881265018,-0.17911493592824868,0.030275715208590518,0.03815177401651944,-0.11720215595676138,-0.12912120751131745,-0.05929738497457106,0.041946948241826564,0.0955027327522988,0.053648945057017935,0.14270417007132263,0.03347609210686928,-0.27306206038548614,-0.2138880769325226,-0.17628234428607295,-0.2159770484387126,0.1564529223916962,0.041281170984999796,0.06169036164374744,-0.000414053310497532,0.016041684344471903,0.021536997631599476,0.043074588344914004,0.09942125851427071,0.062437023339343034,-0.01192048150924043,-0.2278826762386688,-0.12679994807258602,-0.3145089319503076,-0.011628362116027097,0.13489550673743944,-0.12485801306831258,0.010212596844654226,-0.048692106488101634
-0.19293220407219938,0.03695570933664572,1.0,0.6354029250196707,0.5306576806808162,0.06727642931319996,0.7464946130757963,0.6487901556370698,0.37399710088269755,0.20410922434313522,-0.16905387829050886,-0.18796956973864223,0.023730685249641992,-0.15133300227918486,0.15923273595868304,-0.13088033194213658,-0.3894570236033939,-0.27738619589163077,0.2899224305347608,0.34201607074712104,0.09554270363420282,-0.4742270019586882,0.5543790312291446,0.2928164071974404,-0.1613617345935482,-0.26473687819083697,0.5368245775511575,0.016656921282641776,-0.5403896701679191,-0.42459316841287015,-0.363468124891691,-0.32987152277776927,-0.486509564662835,-0.40809412530760486,0.02414659167378045,0.12835359872733634,-0.38142942437966876,-0.34420112954627297,0.012395879570787605,-0.08704675623368971,-0.4742126552426816,-0.04279397380367465,-0.11762494357278945,-0.3012135867124682,0.006294234824612512,-0.20809184233859862,-0.04403689981454713,-0.16999898153275816,0.36702648499528484,0.1190866529680706,0.19896350737819632,0.11913867512891255,0.1431842025840656,0.23725811581256465,0.21593717865680426,-0.11184805885979655,-0.3272202577024086,-0.021786405793517007,0.29723018119321964,0.2324124139918932,0.06207696226288886,-0.22057776694862583,-0.3954312403609608,-0.44595572598609995,0.27424967710212605,-0.03176612777887838,0.20556264882814185,0.024501168536144573,-0.08508933346255279,0.07308435868501525,-0.06778112055104382,0.0019054017327821545,-0.5701086826287921,-0.3432134149985648,-0.5719541477135007,-0.15496578515063264,-0.3823754717584862,-0.2144324470630142,-0.34408777580380084,-0.4004860352644176,-0.5181745880738379,-0.30422526763470337,-0.12103452634480213,0.17411200067472632,-0.016047127611877522,-0.048392117228929506,-0.19850789714787387,-0.011157218748434207,0.5771079850207691,0.41267466587075546,0.4007663756984079,0.4053905858753004,0.3657518055664575,0.5944364963185118,-0.1537214777176776,-0.1955463852213011,-0.056582526075877125,-0.2439589278016562,0.011790399662647586,-0.27383410139012304,0.07817215084623583,0.21466750510138286,0.03717258508036999,-0.1363197476994638,0.012619803413960207,0.17268475163789626,0.1808582712174893,-0.037917538666676104,-0.09230310722853138,-0.24919318209231003,-0.3239555049926157,-0.06022059572265722,0.11207982781400336,-0.0751950474755948,0.19128939180538257,0.21959195334330256
-0.3715195145228916,0.02427099447260675,0.6354029250196707,1.0,0.2768566652504129,0.20107685200708628,0.5237073169932488,0.6218339048314381,0.08931188640545894,0.12395190218800864,-0.18192076313420855,-0.021190429652950742,-0.05498545371823915,-0.19657207653503225,0.27001871546351636,-0.10339488782517628,-0.5153189929283076,-0.37732760616047134,0.3973262104592497,0.385408684736156,0.054543586611128056,-0.3971108761513782,0.6426139704511755,0.6657688253696066,0.048178407571298515,-0.050372822945559434,0.47322229336248134,0.12428492895452231,-0.5294358200774125,-0.3889586042595025,-0.009584180026434025,0.06406932741663507,-0.4161948118643165,-0.1994808505283386,0.03716599812737531,-0.04748307682884845,-0.2649410352921504,-0.359408013264457,0.04442088109312743,-0.056667514067923294,-0.3479178050058225,0.09679226495369993,-0.09006864177882909,-0.14001792436826468,0.0011968693472498848,-0.23809613601334662,0.09483106486728059,-0.30063228689520766,-0.02333501785507127,-0.04459094603538052,-0.05838589996620609,-0.05755149942725951,-0.06399471008414338,0.1470578789140249,0.3140881856525588,-0.0172673405911017,-0.4861859666181596,-0.04349004328533749,0.00361843213745365,0.0766546310236902,-0.11263094668373501,-0.2065180618417906,-0.47687376775343493,-0.39293726442051535,0.3764593167896415,0.0703690523426244,-0.017880553056027836,-0.10484942837399489,-0.04248151496965787,-0.044903045437768595,-0.004440233063093792,0.021396763373187196,-0.5828970286332931,-0.1817416612979414,-0.501738910858164,0.08513178290631299,-0.2813050632582387,-0.10451683573422514,-0.2988782207105644,-0.32692921626628807,-0.37253317692542304,-0.3444077053986304,0.13845865444385727,0.3956021670353633,0.23995386572559607,0.2568844257952033,-0.03017836284442109,0.32625390273506044,0.5828608667076726,0.5237506817350421,0.22648065395280173,0.15231726707454224,0.2852106781215778,0.41633131901019055,0.003822299403996288,-0.17103587895396716,0.006295357183400449,-0.25436619733198795,-0.24136276834645187,-0.4047800966212033,-0.06565361935906279,0.08374903977557407,0.03273964561798473,-0.24176329731481508,-0.006179487102127109,-0.016663827554168766,0.01691844599152411,-0.26776790396157196,-0.19086278202593082,-0.14785182396815036,-0.48581637843153963,-0.22879516577007908,0.13441754635335257,0.14033260356221394,-0.0021923230439448633,0.08663696025363593
-0.1695025721039101,-0.08179129008605115,0.5306576806808162,0.2768566652504129,1.0,0.11160622118983893,0.4793543994215297,0.43111316175947034,0.8062935372238392,0.6331366819684081,-0.04588978031806614,-0.08157859965252283,0.16860764048988494,0.10948786043800698,0.3891470606724278,0.4367655107699364,-0.06222035241921802,0.0364115724832798,0.12325389218376853,0.31019441346472604,0.09826756673983314,-0.1858432901329821,0.1976681036353636,-0.01680402899156003,0.01528920783383455,-0.3806453639258282,0.65196598745708,-0.0030134205237727653,-0.15968680168918659,-0.13258913115056542,-0.30061688764714917,-0.27973742353404085,-0.42806281318821243,-0.3240144402963616,-0.23633939421534592,0.020885071417227372,-0.20203180408640956,-0.2379226215756407,-0.18427860649295144,-0.13756574533480406,-0.2578796915665606,0.05100900444035624,0.08373830985194312,-0.15769669409316978,0.14573491903153382,-0.12750420697491366,0.15389998407848596,-0.06470346004250044,0.4684166390299174,0.2624494837413567,0.2558871213939697,-0.006176754316971556,0.2989865348541511,0.29217022499147677,0.01363723317383718,-0.16957198565885248,-0.16711229090305038,0.03411188833977956,0.10783412822632871,0.026858224513887193,0.018176310567885986,-0.22002329321222183,-0.15995550051375443,-0.37211363647587703,0.1414081464948065,-0.16289393068381064,-0.16882736956470856,-0.21784243583138974,-0.06868594191115393,0.09835212520048589,0.00019887270813668447,0.03170214579989165,-0.2856099605389912,-0.3466784334650599,-0.35374696877409123,-0.22102382861198944,-0.309904145922017,-0.2825004503457363,-0.059354676826493556,-0.20877883250585366,-0.19269909241637384,-0.1655061893937779,-0.1373656695254949,0.22113538421274492,-0.18547174475695755,-0.369996636527049,-0.42644788398498595,-0.25392363659849054,0.2881097841979338,-0.001675908767483718,0.30053048186290926,0.023611133588872235,0.21312730803200408,0.2766671324639954,-0.03578993326366161,-0.17876987797277333,0.08483791206153952,-0.14882760222155475,0.33871508396347955,-0.21372582587479222,0.19043442202608374,0.16034274090555906,-0.02644487687127625,-0.2212199395726201,-0.0391108685938208,0.17249875473958795,0.1677893791105548,0.014319286297638881,-0.2004715931795701,-0.31422329253126896,-0.09261808326084021,0.08888338574651339,-0.019644101849258182,-0.11918125326599516,0.17807822398930018,0.1692442581722987
-0.2772176074097455,-0.037140931146710236,0.06727642931319996,0.20107685200708628,0.11160622118983893,1.0,-0.1935304599635894,-0.17010088823296268,0.06344951491725245,-0.023772719400488557,-0.4845601953261396,-0.43394188364114655,-0.42217695829442725,-0.5826420064937943,0.07326408010695457,0.04752200957010537,-0.2992044404114025,-0.43035086091420405,0.11098598391810816,0.2006935927225198,0.4931228733588865,0.13131588928743698,0.05961257891653317,0.49322651045961297,0.35868265859839593,0.6623816517790553,0.5319574776346135,0.7775956508304922,-0.48697702939701404,-0.43414530762913456,-0.00187140057724434,0.0554024384246001,-0.25463485853182694,-0.2902834498329755,0.4057158375670611,0.14675913205487642,-0.024622934016135717,-0.21581964771123743,0.15502657447603901,-0.18534284426092548,-0.04286819545584344,0.31888769608538187,-0.023339394661277928,-0.1025846787335966,0.024251371551974935,0.047394128294464516,0.1253248108536249,-0.03183826863727917,-0.12677074973601002,-0.358306327521801,0.13901141679694046,0.04386923790246934,0.009534572312657433,0.17708543699306398,-0.016175013080065057,-0.3351699127861252,-0.10030509001374668,0.22636762977830818,-0.08197883832886489,0.01572581445269362,-0.22024441724946459,-0.2850307208477589,-0.18876242316468522,-0.00996045047526417,0.08598822917535617,-0.12164475383962124,0.14009132303163777,0.2720453711350238,0.2308802827418716,0.30193400330827125,0.0025052979505244886,0.0263114982194375,-0.3201831288626675,0.039499430352855705,-0.12042917178601426,0.25498549577310137,-0.182326516412309,-0.007353068439190522,-0.2057021812285442,-0.23589918522127307,-0.2030152175934971,-0.41953990316725737,0.2489757548452592,0.004288735778884262,0.30366180898337014,0.21669354764073323,0.3125792813639528,0.24951266331235444,0.1474652722442137,0.006176307981576357,0.3333593756023729,0.15363597003086163,0.3707489992881115,0.1914153053326721,0.1690167947753711,-0.3957157949488324,-0.02913785251262431,-0.38806877152359515,-0.0030948401104390092,-0.3057217834457991,-0.19779660202094107,-0.28098564457392355,-0.10367338455574704,0.062282214999437306,0.43839565455776897,0.38558655027487626,0.17065514990459107,0.018311526904344084,-0.12355137341325236,-0.2367951057383953,-0.09831328441496048,-0.04350188193785928,0.2902438945438761,-0.27534089979734616,0.011360573622870747,0.33429605544544383
-0.10932190360813938,0.03013880555407387,0.7464946130757963,0.5237073169932488,0.4793543994215297,-0.1935304599635894,1.0,0.6889490767636044,0.3462819683596371,0.3662035144691993,0.21920401146125865,0.16958603465896915,0.35442415660415,0.1249400362521969,0.401237855156676,0.00764985198818286,-0.28292965010278964,-0.045828035759304754,0.18475043262989355,0.2231021509142931,-0.2745346740871194,-0.47868568095122394,0.5749753047078343,0.27231373754950755,-0.22908261769099988,-0.4536497495909901,0.2508101064936587,-0.16263761543130786,-0.3083938540225704,-0.2647036399213961,-0.3051718522097553,-0.2820770200153092,-0.4026195575353072,-0.271968518483538,-0.09401943703246624,-0.06848257361358558,-0.2426749349621381,-0.3248785099350398,-0.12428312617189732,-0.15972415095903056,-0.377145912304995,-0.18808703027346754,-0.18230946263568676,-0.3095821451634509,-0.0043550444870310585,-0.2780884166762278,-0.06303405143052294,-0.221189663869847,0.2865655791584906,0.18463849044308772,0.22204847006714673,0.026407306276833343,0.20433370566840814,0.20302343441539558,0.21116346978044587,-0.10318802620313507,-0.3182302649289711,-0.03937887392482806,0.06749368054019789,-0.043746089781538273,0.13473327844165595,-0.14076067822716143,-0.3543110196075776,-0.4150307850453691,0.46123877901129445,0.029760403012487665,-0.09017813969115485,-0.23990498628108425,-0.24368371751026435,-0.17625864918128623,-0.021612709236210552,-0.027342617468533524,-0.4041094813458744,-0.2710849948671696,-0.3363101743756165,-0.1892468904817294,-0.1877617770567954,-0.19847365555876292,-0.23102165007309333,-0.23476758416088836,-0.32504126328717886,-0.034889078690322234,-0.047951810501632865,0.20796529036840858,0.19279305101225802,0.07341436048218326,-0.1517460200775883,-0.05127044230802124,0.5861378451156054,0.4540767393005207,0.2552342449906376,0.3619063053704518,0.22053792475052003,0.4858492446421485,-0.22731185741161078,-0.11504226399981646,-0.15544170806368945,-0.20916781158668596,-0.04390919122252523,-0.2548083031141547,-0.06421951159710079,0.19201628620124295,-0.1311563451710098,-0.32648437056214596,-0.21304615164759483,-0.020157180314962494,0.037940846898296354,-0.15751588214496795,-0.19588678689801506,-0.13695419016413016,-0.31772137714713006,-0.02317431822394698,0.07571448546729632,0.028094103831310033,0.12121943716409862,-0.006227030149504083
-0.34102548271151334,-0.019999344152076895,0.6487901556370698,0.6218339048314381,0.43111316175947034,-0.17010088823296268,0.6889490767636044,1.0,0.20838348337567952,0.4795755439454543,-0.17084436083902868,0.18903820177222366,-0.003990563951700029,0.1314031710942068,0.0655285156337132,-0.08052632409317109,-0.4028866415241056,-0.34053092669550794,-0.07236848197309277,0.1277054146708428,-0.16136405335696632,-0.31706086048132753,0.5916509792446812,0.32942509002526393,-0.02850278275792122,-0.358553161196498,0.21312814858291415,-0.2879947061457371,-0.48398340332174067,-0.44741977003708827,-0.19623617773577037,-0.15704845796692538,-0.45958799319343735,-0.1439203694400792,-0.11302762440034528,0.0850419003732813,-0.41889775805696183,-0.362507324091141,-0.2810171856906077,-0.14545819457684428,-0.449836122904353,-0.11345130090786808,0.001973673970264211,-0.2540009676032789,0.07464762927527085,-0.12492848705193038,-0.032365941278952697,-0.05852113993873723,0.35789475074156385,0.22236028624724813,0.16746261098610074,0.12157160017062922,0.1631321991325313,0.17493503898884766,0.01160116395343055,-0.21133666006618568,-0.3584003464476322,-0.13281658784568973,0.04773088481186544,0.1306256462639929,0.11275298555219389,0.02867314736323473,-0.3821297214333786,-0.4020351913694818,0.41394501917850696,0.2724245677647534,-0.06641471804635492,0.05149916338973286,-0.39528719384338384,-0.033989979826180856,0.05152698745719449,0.20152736797078372,-0.5368852311157231,-0.380958118084788,-0.48488054648431067,-0.21425645168952523,-0.3037857029491333,-0.14768832282717426,-0.3639835702312948,-0.4989175548644499,-0.4580670426858221,-0.3619482653014849,-0.07599372527121129,0.19390505885030146,-0.043383839986051914,-0.08431419336612633,-0.2380147965843867,0.050375251192113064,0.4579550887226693,0.33168473065481346,0.4173407715537854,0.25241206974383296,0.3534878674625214,0.41828600967672597,-0.19058440155172574,-0.1523489817474239,-0.07953964943068596,-0.22975635413585266,0.09857502253124203,-0.27810456599082944,0.28147731404524606,0.17375120074888567,0.22642391163687217,-0.16884483839580852,-0.08347201215069892,-0.03268486873023158,0.12839313812815623,-0.0889485293415229,-0.1539608870420684,-0.2991649530312864,-0.19874481398619911,0.02758416946923757,0.049071172366962575,0.07390583923843065,0.11612790756304936,0.11358620764832957
-0.0985071080735119,-0.10526565696230564,0.37399710088269755,0.08931188640545894,0.8062935372238392,0.06344951491725245,0.3462819683596371,0.20838348337567952,1.0,0.4651225427100943,0.07279357164712946,0.03612808268097881,0.23985887121073374,0.2309774459511629,0.3971873123269732,0.5390319362009227,0.08973211024369832,0.14404924722917237,-0.0634457083782834,0.09321264710250346,0.0059179763958852865,-0.11402847460500724,0.15416380538861948,-0.1452330017172346,0.027523290272640936,-0.23650182603910316,0.5092419288864708,-0.017530637559034147,-0.02442016963081966,0.00116548701715368,-0.3422795585450079,-0.33407230240364755,-0.3089947633283046,-0.2676824803278732,-0.08168004844929565,0.1071142299769729,-0.1584680133477114,-0.029603558344729313,-0.17698585783355633,-0.017870823800899587,-0.18388253036051308,-0.006790854114585697,0.11822171938472219,-0.05737662127822661,0.27907505100641006,0.0978656204470813,0.09548467418924242,0.0180623699549015,0.37763940890176034,0.29530599376853983,0.26246825058701106,-0.028061835503003618,0.16748759640081964,0.19808328287499335,-0.0028060458135973614,-0.028207972908940216,-0.08402172278757912,-0.0029550354520683744,-0.04551116396939446,-0.18532075489352678,-0.017257050970822627,-0.22086588235713356,-0.13962477413451505,-0.3097863826483311,0.10565308340283494,-0.011262793647966458,-0.14609929942664646,-0.158187354826416,-0.07654096822401785,-0.020708780819199985,-0.11194101799550368,-0.10202054808948,-0.11934031285136107,-0.26643892429667004,-0.21852024435525313,-0.20899604223485596,-0.22654802221040066,-0.3000559974267785,-0.008421636727470306,-0.04084473551523572,-0.09916937946539812,-0.020736281315375502,-0.27262815817709346,-0.012676750687441288,-0.21967492817993872,-0.3483164142213308,-0.48179221603798766,-0.27679087233738325,0.20176927457004568,-0.0009236286878152229,0.15031786780963236,-0.02104320153959876,0.09361533864441528,0.16455425949976227,-0.033697563525350964,-0.017757424059485476,0.13654042591823473,-0.0024634066475540803,0.24587171440550626,-0.1657272046490036,0.1317410383088666,0.15942650352146415,-0.07384599774864337,-0.20207665553892798,0.006270833394971155,0.1268953047138847,0.03657424076482728,-0.10572133386561967,-0.06359753484146402,-0.18679388342066325,0.06144194560756013,0.008583640604320373,-0.07978684564314105,-0.060648807873987395,0.17053497898674064,0.0740542095052685
-0.2159615536708507,-0.11785861406503995,0.20410922434313522,0.12395190218800864,0.6331366819684081,-0.023772719400488557,0.3662035144691993,0.4795755439454543,0.4651225427100943,1.0,0.0608290298144409,0.21739169669808625,0.2138183820276932,0.31951353866755305,0.19462667411539658,0.4775920244835709,-0.00625156176818289,-0.052715946691192395,-0.05602232079212987,0.15378164102954073,-0.08157143227582939,-0.13419244162217783,0.14774315853089035,-0.027269633281070637,0.21833493162365725,-0.32526973833861766,0.17650747199706185,-0.2907060676766456,-0.03704632660155337,-0.0740314685995913,-0.031494624678053154,-0.08211148231298013,-0.28718482693962816,-0.06622321631402092,-0.285532765173219,-0.1077517057112746,-0.21028573905383613,-0.27385242613944016,-0.4174833677069927,-0.2532791546256664,-0.2746952649001775,-0.07223642644176863,-0.014954870332639538,-0.21592573645979127,0.09198109824850743,-0.0918261609728717,0.025777522383883162,0.006486002526087574,0.302561530703895,0.1892149215520759,0.16451956578920499,-0.05323124749097169,0.26114698313567986,0.15673910338980368,-0.23370764734694496,-0.23999609714804637,-0.16799160741411395,-0.07330257390284027,-0.105671176526581,-0.03723281649465994,0.0800127792846891,0.015065032557426535,-0.15009460824607895,-0.23087743446915798,0.23516984291058393,0.10496229635917335,-0.3391654520282319,-0.17169657828735976,-0.37861322985733775,-0.033824314320818734,0.21596689791058285,0.25819475223672256,-0.16643395841603206,-0.17618165173842085,-0.11737386003711078,-0.08897598228538348,0.02527165856346492,0.004777734311393735,-0.08058184324731717,-0.2195986053930233,-0.1814568482977616,-0.169312343793444,-0.1094667311604954,0.21314794831887654,-0.11562800512515395,-0.2873112939919423,-0.2738206646690712,-0.1906317610188263,0.06738749311407,-0.08679527359982131,0.23934378108509832,0.05217866523503655,0.1449414390560285,0.07135045442926939,-0.046986250183689175,-0.03078037306637278,-0.11844469611134921,-0.08335590783163128,0.31715268201079116,-0.13437545497481526,0.2886786833930264,0.13760026976607356,0.17087381829268888,-0.08277880253768678,-0.14699977814997167,-0.10943473432271124,0.07369573540178798,0.09805535086079586,-0.09663390341839792,-0.22533287153100204,-0.006118089583378099,0.08293692241966907,-0.07926463824919278,-0.019391992356661183,-0.12177586229737226,-0.05513881711923741
0.3256400733152816,0.13153241658797116,-0.16905387829050886,-0.18192076313420855,-0.04588978031806614,-0.4845601953261396,0.21920401146125865,-0.17084436083902868,0.07279357164712946,0.0608290298144409,1.0,0.523165023679578,0.8499639086109104,0.5823561218666696,0.39532159660434785,0.3082253085424276,0.4271484342511347,0.4850059724861047,0.14737286683048606,-0.05823428461855946,-0.4828329393003796,-0.1912118889360757,-0.11966241217095978,-0.3267120998012891,-0.24566829581243435,-0.3668950053044532,-0.2988108194467158,-0.2853098638804485,0.5874720087967619,0.5293038666860426,0.07472156064558502,-0.021590945023633047,0.24025067679294365,0.06892014908472474,-0.3873929190031445,-0.3993378119973655,0.2036489834290841,0.19256772493461644,-0.015781710347904186,0.08609575688821929,0.10378143875577137,-0.2886566253146185,-0.223860659567035,0.020732991589435704,-0.23184718654896747,-0.11774557001917553,-0.2558988293110029,-0.21801390810290366,-0.15356877749417422,0.022365234235484296,-0.11108921760043304,-0.1427593352012253,-0.0800279998640047,-0.23002895014503008,0.06454707347576606,0.3301903144071863,0.05204627781226903,-0.11529572433420404,-0.06286544428315312,-0.24219631716296353,0.21738783883433177,0.09807227689238426,0.1496292199359748,-0.054636489474531195,-0.09302186988538154,0.042546202561581405,-0.10151616231745283,-0.31648715014487366,-0.060022879127674685,-0.26887279121033836,0.055057276621922155,-0.06952213875922843,0.387535462069114,0.14204484790240204,0.33739539019580056,-0.02968696028045942,0.35865174007671974,0.04592273056095595,0.37948420600045124,0.44725670251277205,0.43487980612434696,0.5451104250110954,-0.07714637443048747,0.11598358809205725,-0.0013526847214820705,0.10008426622012241,-0.10969742532110954,-0.19722546360820495,-0.1666945724178736,0.008040586195098813,-0.5465064990806093,-0.1923821267649381,-0.47987326834992966,-0.311689583310883,-0.17659437953308063,0.3930689037251949,-0.1270259608011334,0.34132084263928286,-0.28270565003559356,0.18553872448670097,-0.06467653761309058,0.21214498317083846,-0.17195129941635787,-0.29684824282148786,-0.5416704258146776,-0.49291085907065574,-0.386391113712817,-0.23083650722672522,0.005191640465545447,0.3844784878886067,-0.0368933007054,-0.15395711223062247,-0.33509990294121544,0.22478369115927824,-0.24725246956014638,-0.5440213914916375
0.006643589280840568,0.02956980133978323,-0.18796956973864223,-0.021190429652950742,-0.08157859965252283,-0.43394188364114655,0.16958603465896915,0.18903820177222366,0.03612808268097881,0.21739169669808625,0.523165023679578,1.0,0.4746384803809824,0.6750270530758679,0.07774664131195189,0.19106511356290856,0.2199786956995009,0.1636909252506075,-0.06981198273900581,-0.12704149381171362,-0.5532347445380098,0.022239248547446067,0.09576889322291811,-0.15158282294106656,-0.08382519835370439,-0.27764501684319987,-0.4493620493640425,-0.46285799694752866,0.2742417692714914,0.2327911616181078,0.18334489658245112,0.16597320569977222,0.13062924736222417,0.2803178000539693,-0.27438820925531665,-0.15201469369131393,-0.03046677787565755,0.12749843261666652,-0.28938010345648085,0.1363154059257128,-0.02013918881582086,-0.38817593942116935,0.02402443344009005,0.07426402139801355,0.10759051172911871,0.2435440645900403,-0.1961485523265792,0.012110269626871971,0.05934612244044358,0.2146723155196123,0.04959638787303157,-0.10250198428780634,-0.07197044627785694,-0.2908534740295422,-0.13492086805437364,0.11775019142994637,-0.16198130441644287,-0.37035091045220464,-0.3649793212186721,-0.33805983881660673,0.028740051155372964,0.16184079076728897,-0.07516681875678854,-0.2698183800600114,0.14098143655395376,0.47644414387324346,-0.1495694229152035,-0.003715768822414808,-0.1992889577524989,-0.28109183248771585,0.20419607669901496,0.15185908012779215,0.15521241915356412,-0.10928205393627943,0.14897808974547674,-0.18367240282277403,0.24537311036352083,-0.025069998823768716,0.11478972875260475,-0.008253720330958529,0.14515850371844993,0.1296987264833245,-0.09569496996880401,0.09723677114268657,-0.1692055431068669,-0.04232119968676349,-0.2007343325094518,-0.06746547139712646,-0.22740479323926813,-0.0038837484437584282,-0.24224753806980154,-0.2620393438338892,-0.19143974611793446,-0.27169708845667595,-0.09583265928641897,0.4040921542057721,-0.07080695296720002,0.34282880754139466,-0.0847817511886653,-0.023836958949119632,0.12015108757164389,0.05692431460348486,0.0689745412730038,-0.27497771805281485,-0.36138489602836055,-0.48745652239664866,-0.32814189925417525,-0.3413434455017005,0.05665106579771983,0.1651348798946244,0.2616697839270134,-0.10606134448507469,-0.2875950619614026,0.32453458158979076,-0.2845572523913878,-0.517062808506373
0.13804940059836132,0.06639832027777112,0.023730685249641992,-0.05498545371823915,0.16860764048988494,-0.42217695829442725,0.35442415660415,-0.003990563951700029,0.23985887121073374,0.2138183820276932,0.8499639086109104,0.4746384803809824,1.0,0.5647741300775578,0.47621444076980346,0.4189002939977634,0.33171682305067657,0.3285258443913289,0.06505892245893877,-0.07840191597986446,-0.3723344195488896,-0.23910196916320275,0.043903611193235756,-0.23012626062861632,-0.14107544238402644,-0.3280146669006499,-0.08393147744208325,-0.20786454022907494,0.3655086296674615,0.30908258115622883,-0.07407650425177266,-0.11671993379872371,-0.006207457882878834,-0.06619243220334417,-0.31685363545202194,-0.20048271911728469,0.08107704704854513,0.04521170921566224,-0.023449656133956304,-0.023312829674388663,-0.10271997127768047,-0.22949300018046084,-0.08057262936386332,-0.019330844178013524,-0.08423379500672902,-0.06719412167585395,-0.18227998191728376,-0.19799350041043623,0.09862692566166471,0.08996171022808708,0.11986984148945802,-0.03626673591150928,0.04330353830589167,-0.08928314894162083,0.113397162457332,0.24720578983153083,-0.09666759696679601,-0.14868824260842398,-0.008662505578774776,-0.1792795451903742,0.25000378213384755,0.03659446151953579,-0.007122713121622638,-0.20479142586791715,0.0831455961602502,0.12580863995320102,-0.06888104706365594,-0.25335285049793455,-0.21413572714170837,-0.2577886604369634,0.04742041747555357,-0.0768300847867302,0.12294204090853633,0.010487533864249799,0.10835949946583556,-0.11800617211304756,0.14945343986419962,-0.030504117639252173,0.2687849487941577,0.3129754557609966,0.27450631783253565,0.36519370143332225,-0.24408783536041062,0.0959153629767612,0.030535815532231114,0.019467517101477306,-0.0924048618598993,-0.29908782412895585,0.022440992908052855,0.07673492746884386,-0.3624075331506849,-0.010798550462333,-0.3144594485482414,-0.1302038980876824,-0.25286091367981356,0.2069918240961302,-0.15503580372423706,0.19039847778053023,-0.1919381084529614,0.1065155491483613,0.004500633591943225,0.3101943119592095,-0.12004140049826824,-0.28455748462466085,-0.5141395419605828,-0.38878109273621625,-0.2992614949700949,-0.19920055538854275,-0.15561407583983497,0.15243857688543638,-0.028475981740184175,-0.17895585767941294,-0.27840189406338245,0.10878251850905762,-0.2355711429752196,-0.4852182513851466
0.2844315763626478,0.12817429748432613,-0.15133300227918486,-0.19657207653503225,0.10948786043800698,-0.5826420064937943,0.1249400362521969,0.1314031710942068,0.2309774459511629,0.31951353866755305,0.5823561218666696,0.6750270530758679,0.5647741300775578,1.0,-0.014019913975970364,0.4518219155255492,0.3732609963653847,0.32274422527332663,-0.16485606632561378,-0.18252622714888422,-0.5550799156299463,-0.0628825384312642,-0.12961854153921382,-0.539186167863598,-0.2830718725601659,-0.5154566162199302,-0.3658821810261035,-0.5829052394298004,0.4783352816627684,0.40030223185552855,-0.12896365590389405,-0.18648209810026564,0.16693292125847756,0.08053077270479873,-0.5292225223993123,-0.24669415300716313,-0.10300742060077049,0.07863097069420492,-0.32067047412215444,0.1371251287799171,-0.039324939687599175,-0.434711593447772,-0.043777253759368986,0.07289812690092036,-0.09365813080275567,0.10390994342977483,-0.21638501003112587,0.01062126809234114,0.2051848058301724,0.3387923823234945,0.026162480856824422,0.08546848614454301,0.10963752708001884,-0.18147843373750833,-0.07531469772657,0.17873260039102193,0.07436487319788944,-0.30000658190107365,0.057548668385250655,-0.00508496149196275,0.32168992231429056,0.47157167973282443,0.23617300928827026,0.00917234740436269,-0.24344551501378914,0.35388048461752736,-0.14609246977372697,-0.12317576581630031,-0.19470777116507787,-0.1852974527900596,0.059563345270084014,0.04857842949706397,0.3675102155998227,-0.0783231612114917,0.2297194307610031,-0.30942701576823906,0.20414730799929862,-0.08066786700991271,0.30370069345377176,0.169925942354461,0.34305783723340316,0.3733917586602957,-0.35790261590204203,-0.09240217988736557,-0.4639611304569442,-0.29947593724244104,-0.433875340942466,-0.35568600283591073,-0.29345180333731224,-0.0892466995314229,-0.2480938437917578,-0.3543699951232229,-0.22359059800535597,-0.3556443939725744,-0.19638000304031852,0.39156813479634683,-0.10150110128481843,0.413281814411565,-0.005192696414722707,0.13267243347812963,0.19476556460776856,0.13075115708640067,0.001466916144795854,-0.16806484683015097,-0.4372521206769525,-0.4542482521341678,-0.22762623417568764,-0.10085084984329241,0.0691528681617158,0.06807346157390758,0.17777641376745998,-0.017934581348621147,-0.3051212692004528,0.24226731783947783,-0.28286478014545935,-0.5014336142919527
-0.18787846897807547,-0.16814588904189326,0.15923273595868304,0.27001871546351636,0.3891470606724278,0.07326408010695457,0.401237855156676,0.0655285156337132,0.3971873123269732,0.19462667411539658,0.39532159660434785,0.07774664131195189,0.47621444076980346,-0.014019913975970364,1.0,0.37823789024631965,-0.05761327351945092,0.15801041447482947,0.2302580272320834,0.1291353961487586,0.00043916875653939047,-0.049915338776048604,0.35570233455928063,0.2700664324737678,0.1528720030345134,-0.04060385634063754,0.3077896831941321,0.2420260197853926,0.08450683416440696,0.07212443144125408,0.1339662144262022,0.17774476010078535,-0.22716602269990602,-0.10332852161168328,-0.1950826867845329,-0.26024107531326185,0.20415926744963542,0.1261079500097186,0.21807269351841396,0.034789292910745236,0.04377592349842631,0.11441611037370109,-0.0014113557988765337,-0.05970657898323622,-0.0004295411721454396,-0.3223985509909344,0.1302489346416904,-0.24713549173174076,-0.10572079443136728,-0.11502152376396908,0.007623217245291924,-0.2994968080908278,0.01708223429230679,-0.05233210633441165,0.23055855496915204,0.15164335865684953,-0.2989990017783481,-0.05397271304485817,-0.248131120934769,-0.3486956094698807,-0.22676274242624925,-0.4577559653146268,-0.27784130432328985,-0.42224441827270737,0.2214837683719084,-0.32300622281670854,-0.21116808807579446,-0.4461836147654991,-0.0493863342397589,-0.14537977517057546,0.04228045820875588,-0.030719091202494206,-0.16748116703255259,-0.06276195554314565,-0.08664302264229964,0.05106021855258193,-0.07371824988037895,-0.10004469483047831,0.03751852611463662,0.1538966231729768,0.07724855000955223,0.13186158631200354,0.3031241355672405,0.5075101319781106,0.2905256533547764,0.14590431061280526,0.0008265190207027783,0.13492805663455654,0.3907319936271034,0.14112030886891921,-0.17135154654738427,-0.019747500302231925,-0.21171917885922056,0.11879539925607494,0.02262295005656894,-0.06336813851430559,0.14087991471822178,-0.03654376674248072,-0.10694643315520105,-0.1809647720667726,-0.06839802368836558,0.2808787754871695,-0.13326655330854797,-0.3643072577019858,-0.16403158998849046,-0.08326316725040439,-0.0788928240131537,-0.22677790221018948,-0.22994233459257238,0.14957833530230916,-0.1647347460144981,-0.057278101183226994,-0.01158945755030774,0.0786252422884526,0.05405147354254803,-0.07520621191305756
-0.0485202380030144,-0.14782726063571036,-0.13088033194213658,-0.10339488782517628,0.4367655107699364,0.04752200957010537,0.00764985198818286,-0.08052632409317109,0.5390319362009227,0.4775920244835709,0.3082253085424276,0.19106511356290856,0.4189002939977634,0.4518219155255492,0.37823789024631965,1.0,0.16954241649245821,0.1289251557954469,-0.14409706329669836,-0.11377748875720559,0.077730142243148,0.09959955389055578,-0.05551119734639447,-0.20960291393806416,0.05792294542914716,-0.10440391808007655,0.20051466084784147,0.059168487352282695,0.25685963686886576,0.24080952599006772,-0.013384461675160381,-0.08935375393051223,-0.019094881870235066,-0.02226033345374947,-0.17167403808328205,-0.12768347031858052,0.1632955160864337,0.09921691562477788,-0.045924130111634286,-0.0849731722503271,0.06433259251741572,0.09168328169362736,-0.013334362236095217,-0.005372413250705531,0.07299139719282331,0.033845191587192465,-0.07717843025645728,-0.0701069513126931,0.01355879270231166,0.016866963598873106,0.03003090202882017,-0.1119912773837701,-0.027266583813134418,-0.20940303028882817,-0.0659869595308078,0.06485980581355065,-0.05872534118183905,-0.1513875148121072,-0.22585698681287886,-0.26726790066171835,0.07709621759068334,0.059125729563707645,0.08583657708763813,-0.06955108936930444,-0.011991589266685122,0.1187755138389994,-0.2633097388994153,-0.2395397903849235,-0.13640083530605335,-0.12024471462105463,0.2279431380478572,0.11604039645114468,0.20714742118876894,0.12871067511379408,0.17992409659798547,0.13895856138928464,0.22643694289235117,0.15539614074711375,0.2479772402972413,0.25088440128147094,0.1870535709535273,0.21342141029654504,-0.157229575904548,0.08108315737769274,-0.1870037098843945,-0.17569408190126348,-0.18908042534033856,-0.15498073466969517,-0.04829008273759346,-0.1627890230886292,-0.18831086344836534,-0.20601077958440772,-0.18545274760722574,-0.21953563275167645,0.029718178940353716,0.028853718530555444,0.0573673525761894,0.06285999640097048,0.020447386441159853,-0.0012739355258715333,0.08630567281299127,0.1253668949425576,-0.044919782733462706,-0.13578766693166028,-0.15212826733339943,-0.2202298949298152,-0.061640877475116644,0.023379045158711045,-0.07448805390100091,-0.03471678074647006,0.09837479899537221,-0.08686879571105915,-0.16542076035832093,0.004747328024018389,-0.20641265811589646,-0.1437241632034031
0.4915802576828615,0.12650351147767744,-0.3894570236033939,-0.5153189929283076,-0.06222035241921802,-0.2992044404114025,-0.28292965010278964,-0.4028866415241056,0.08973211024369832,-0.00625156176818289,0.4271484342511347,0.2199786956995009,0.33171682305067657,0.3732609963653847,-0.05761327351945092,0.16954241649245821,1.0,0.7481490422989506,-0.08658547379611888,-0.11088885850264178,-0.2791889744198336,0.022281737894544493,-0.4287088185441494,-0.5117767057221909,-0.05222288961000002,-0.15589208455247486,-0.21268915241391156,-0.2123258890601539,0.5800370262738178,0.5197588717852524,0.047756667815973305,-0.007730232895933746,0.2936422617299774,0.06193974919904501,-0.33329556764142165,-0.18710706471392877,0.020036820584017522,0.07969239947739773,-0.1717736184158092,0.015224947893666746,0.18377686812916413,-0.1912152809509528,0.0859592046092675,0.13154062949485612,-0.17112956927942405,0.020259311888285024,-0.15104930709537948,0.030927014029910865,-0.0794009373383648,-0.02437751883971903,0.00611259555555257,-0.09600695111089493,0.003451319248748518,0.029627127754923946,-0.3001023557088563,0.09212348593587875,0.6672687417135302,0.18281842190379372,-0.05685667959371563,-0.12186887090714008,0.17168192019102949,0.18436786366686972,0.4857929858045861,0.3907401233445123,-0.30196651006226305,-0.07466706653557292,-0.14797764362842403,-0.1542505374157405,0.1721530660545078,-0.03718612432566264,-0.136756866718968,-0.17850509401264333,0.47074437746141273,0.09027870996636134,0.42111132370626503,-0.14621681555227037,0.22575431629437895,-0.0691193986090851,0.7132534961640963,0.5962205337048476,0.6682263695154588,0.5750099269344076,-0.1793550003778859,-0.18273561439458147,-0.22105715216141916,-0.15156756121806847,-0.22496608978776694,-0.37322232684601153,-0.4449271809969191,-0.38020634213218063,-0.3566961307549132,-0.30410774978980487,-0.38430616282919217,-0.4892584482183075,-0.2864046723181139,0.24543456129361374,-0.11327546447118217,0.30748707498425837,0.15594417692826193,0.4357736312461386,0.13242932279304986,0.12719131460123506,-0.12898297646365953,-0.10169677001457667,-0.3351574479041007,-0.22035051935036734,-0.19809602052607797,-0.16511762584269238,0.004741762239071267,0.17688741973650657,0.16818461538320892,-0.030003447082350716,-0.31631530282379783,0.029259260393928562,-0.1411671543545374,-0.34090228248314475
