1.0,-0.16449408719792352,0.22088353791604232,0.055849057234543885,0.13277348924388915,0.1769915219492068,0.2794028450205804,0.07421970476706626,0.0360148883686223,-0.06692255207522582,0.20025535603070344,0.009399175476161254,-0.12290885646715119,0.07303262429108892,-0.08164975268871535,0.21531046128300757,-0.04842382202789426,-0.24228245495636372,0.3905207901610824,0.10345751962778078,-0.2736198635441795,-0.1303747091502423,-0.04269648557473739,-0.0806126385274782,-0.31779228584533425,-0.19840469206702063,-0.055932069178165386,0.14310688480855419,-0.10138457334274902,-0.1292352627354276,-0.1434742642533608,-0.01733426218506001,0.19033007988138986,0.18270417004794548,-0.04341743533978231,0.05453421556065759,0.2305381881460909,0.12071188045078117,0.20407620300547866,0.36134434822830025,0.29834475002941924,-0.13854749750529138,-0.04394489778862082,-0.13266261876338922,-0.07418571684805804,0.04382769944592088,-0.061335600362135444,0.08632348016097727,-0.134885982688226,0.047723530730500494,-0.25606364042022944,-0.17482649491753677,-0.30970686299676614,0.01169456049177183,0.14959808882370101,0.296992558631418,0.5884452233995281,-0.16487625817485613,0.029957059212265064,-0.06588871211434275,0.054331097312729955,0.026422061667945484,-0.2230336836415167,-0.2644388577451492,0.116080554715298,0.18625185767870145,-0.14984185673187106,0.06291389762620601,-0.19317820120844148,0.1292241733130739,0.18565557373856073,0.14151538524937424,0.13524103266471282,-0.14227348703147097,0.14239487118695207,-0.06814509135297579,0.03216634820246897,-0.06889443798604575,-0.0874964984359249,-0.1488982149844301,-0.06759198728442078,-0.21643034931256241,-0.142535989785632,-0.0584861138250538,-0.181690389995264,-0.10816653731979373,0.269341444878259,0.09887553119857406,0.35002772452050945,0.14347627475608563,-0.27888879225739216,-0.18595880990160712,-0.2579653795364933,-0.04406194033121302,-0.06351980182802873,-0.10000049437223002,0.04484464729272446,0.23597323245965585,-0.1624288882163574,0.3127862450969657,0.00473548595918619,-0.02661069511304663,-0.22907290495637192,-0.08859021221456889,-0.3300643522239941,-0.1612208320912963,-0.05915402104095347,-0.07450376202061762,-0.27310877757347074,0.07442875777225892,-0.133436081835684,-0.06735982456046495,0.004982614476075925,0.12140876042416601,-0.0964320347561595,-0.11478427531212604
-0.16449408719792352,1.0,-0.26892939150215767,-0.011246148889128693,-0.18115699128006452,0.04189974809625498,-0.30010857925926276,0.06503366365543796,-0.12921019529897299,0.04649804928981631,0.11390948575150667,0.01757343844450738,0.05023395801496095,0.037709454026633824,-0.1608374756182913,-0.07882034408022712,-0.19933179791576994,-0.09711706571009678,-0.41490489416830073,0.15383008827077901,-0.11132787389301883,-0.05413455568183452,-0.09087450334741949,-0.009937210327612916,0.2397140022429007,0.09700617301459503,-0.046933858744467434,-0.08399333493560247,-0.4101268071832735,0.01229494500558518,0.056843943313135886,0.05768018349554321,-0.06684010501429852,0.07173952817838967,0.17265867653494776,0.15389953504339282,0.00031441545565108714,-0.07732632083315441,-0.31491839120879694,-0.22607373708632789,-0.0860503599383974,-0.11168870621387991,-0.039003021881156445,-0.06630118627889722,0.10412677972514886,0.178330900762387,-0.001367164734247698,-0.0728060106069065,-0.10407028584046285,0.32692767843491977,-0.0732180971196293,0.12673568117180295,0.2407098865036194,0.15338411531466475,-0.18628394800975115,-0.21758987024664958,0.03529613293327899,0.6359311267221804,-0.1869134697298097,0.3075403279479485,-0.04680827175899693,0.5070554896513929,-0.32002527282211896,0.4415653758099047,-0.047361024961819105,0.248740195993743,-0.28780456492714035,-0.11397218354010448,-0.04199747705322151,0.03011181605191392,-0.16796141116007612,-0.10032246465173944,-0.49055353991695805,-0.06041970470581362,-0.26192080754269126,0.08035504776521121,-0.06459721440968882,0.0363303831658209,-0.14336567825182828,0.09574810902563313,-0.3512473638734732,-0.28844248457751837,-0.21290284810117266,-0.35892598604856235,-0.16549850592080134,-0.04844806567328783,-0.2672548552057186,-0.14257734325477517,-0.12134382577776079,0.07643955008890212,0.27118328230161926,-0.12421420328919865,0.29988982911837847,-0.1586637197575363,-0.07318924734975245,-0.11266114107804084,-0.17361635658832641,-0.15940751603720493,0.055554316813427866,-0.21143030899815765,-0.14579721650318678,-0.3745993431987818,-0.21047659119825277,-0.41285443722389853,-0.05772675176698247,-0.08182616037626925,0.011559502291860159,0.04679330304455589,0.00724532522070186,-0.08162675715880394,-0.041214907366436744,-0.02262769225095874,-0.362740714932671,-0.2676404357394611,-0.14280460216272023,-0.11233613099749792
0.22088353791604232,-0.26892939150215767,1.0,-0.05869787525225604,0.46387876848979737,0.3530027706665567,0.6079221617729932,-0.24297162521541152,-0.07453729553866943,-0.1283225793158236,-0.04801957159113717,-0.4893087525434097,-0.28003661852131423,-0.4882960958414906,-0.2568239205477389,-0.27743990158437554,-0.2823455676602649,-0.163494483484099,0.5508906998518432,0.22742440868191216,0.12142342895651077,-0.09263291460247394,0.5118869518867193,0.3968083196208202,0.29007033192659176,0.2082012382183308,0.3088302278947755,0.40517365376869197,-0.14244775366660004,-0.4440783262784344,0.3615533705595097,0.1815253082216618,-0.07969481938682374,-0.1681052617588675,-0.14442424606527238,-0.35866324877344835,0.0070073920877711865,-0.18806410986478367,0.04196500673114498,0.014944451539132316,0.013215159346736803,-0.35436991269808565,0.1398862493378138,-0.02338758499152135,-0.04876563542683871,-0.18288365701238907,0.002515107466565425,0.07430698550819201,0.15323274815789031,0.073560202851805,0.13275252381891972,0.01774903635846408,0.11635091053289828,0.13367178615870556,0.020650514480119935,0.10552161375194619,-0.04197100106357652,-0.09872307366950793,0.2385287330861639,0.1383732084915952,0.1271168187756324,-0.026195199763488528,0.021923357424382544,0.11168736273588485,-0.10684885762948906,-0.34670191634312425,0.03765249329920367,-0.17933568161571503,-0.21363176000196005,0.016459382729034442,0.35112509772810885,-0.11936123302553525,0.022876366615836082,-0.15982267854662904,-0.06673024884284186,-0.044121765286978115,-0.3039814149937872,-0.3979622085600658,-0.31791929880988984,-0.396332649475054,-0.2794995546031006,-0.2945507954106547,-0.3421854083883861,-0.1340927741750161,-0.08148821040399692,-0.2852375453316467,-0.04689900349033948,-0.08951761163470698,0.17031372852660742,0.06707248099113594,-0.03818354704127551,0.16577612658790694,-0.07751402968989307,0.26175576029908554,-0.1499316848530675,-0.200920069236827,-0.15329413483821855,-0.03708577714315645,0.023254905776911965,0.13326241759352278,-0.07859841530728134,0.17092458825220125,-0.07104104348738989,0.036001952177361594,0.00460828860212028,0.051561526722153805,0.03191961334282381,0.2909323161687047,-0.080032378941706,-0.21066042766099266,-0.10709508997253657,-0.028732386097330663,0.016138587469052158,-0.004497217264232854,-0.02232172344125632,-0.13707390619680493
0.055849057234543885,-0.011246148889128693,-0.05869787525225604,1.0,-0.0686698214478879,0.47386583777528873,-0.05581954172822066,0.7069995913444224,0.022564394206135662,0.4295193359084363,-0.1973130695325516,0.11737796522284026,-0.4245462639314319,0.09739701385249841,-0.3855053350656363,0.3886407130967756,-0.10010708321028546,-0.03397254729229065,-0.0011656088527596436,-0.08179011562759131,-0.22520581694687727,0.2098835733958606,-0.19557379533774263,0.09761075091832132,-0.3123475348172982,-0.16397582717864656,0.0021689813693467628,0.13242840194981734,-0.3894673357943895,-0.2930089315917022,-0.31034299480208666,0.13981151698850655,0.0060067249247355275,0.12047968456889745,-0.3658069060257846,-0.2576706090439019,-0.0899582304785489,-0.010740106113685708,-0.17949047626830464,0.09561988768430763,-0.018982215569756624,-0.16338801937801456,-0.027222430464249818,-0.08216318869073592,-0.19879212273270086,-0.09018108815427792,-0.2224268767913548,-0.28373586444117455,-0.04951551321260346,-0.3250995212243425,0.10657014470141127,-0.18858954179372586,-0.1740929461489193,-0.36943044582085527,0.1864050608474374,-0.13800796003767815,-0.17880699179562987,-0.3234906869899137,-0.2539278539661865,-0.2798050388432384,-0.07908932043455767,-0.023963786414047835,0.18618318329565622,-0.14417443538669517,0.19473999575187476,0.5620043946671569,-0.09495172712244196,0.2110033488159928,-0.31017472848547006,-0.2501357142177294,-0.29257466118473285,0.18887991422654646,-0.3534405654021701,-0.18326908925059254,-0.14871346275102373,-0.10267402644633083,-0.08702640936447298,0.02106681570148524,0.06431061494712814,0.0384645205987974,0.07610813053125609,-0.15130390556808782,-0.29612397954601605,-0.2683660357034997,-0.05102734874078889,0.34165961330975325,0.02192091355610102,-0.03675770397589015,0.15022114128154757,0.008113960168269695,0.19579290276569622,-0.281315254483856,0.39253655033618134,-0.10498170558081862,0.09899742612101438,0.1477832099096686,-0.10597031740439584,0.1460316087347479,0.041564898508181146,-0.010683962765208912,0.16828634205435278,-0.22569220126240513,-0.04715386331365813,-0.08717411295172435,-3.458215679248449e-06,0.09016323161545738,0.009908149364398483,-0.06143982956233975,-0.29048199937761376,0.11975479454477495,-0.26353938585513215,-0.1108061104836504,-0.14075023121735433,0.044580495098249476,0.07786966293762461,0.010574307253113339
0.13277348924388915,-0.18115699128006452,0.46387876848979737,-0.0686698214478879,1.0,0.3292532695645296,0.6390938786731821,0.00980924531401814,0.4710489369475418,0.3583992887154515,0.2207896598208564,0.10476571593906232,0.18416392709730398,0.08174887032082177,0.229255841617992,0.3330522205397633,-0.10050528081298017,0.06266983811877821,0.3063609857046073,0.1447947280262642,0.08223329849627303,-0.06307940497633727,0.1321098512535845,0.15079985866787743,-0.0496610277005567,-0.170779541346353,0.2729059030771586,0.2254344564731009,0.2683533098925234,-0.0009036809850201322,0.18346869374861827,0.1530797081358065,-0.22630306477230133,-0.19143596989633774,-0.18039846913651822,-0.17843581003463704,-0.2588029571650332,-0.3787958588991907,0.10466593928587428,-0.13691730475721506,-0.15344403286018368,-0.21004682539360303,-0.10202809390830517,-0.1962938396411344,0.0659597745892213,0.015658386050975144,-0.019399230711214018,0.03140105285713106,0.3089308110564972,0.14603771496386816,0.047125476540946426,-0.05879216438476775,0.0449983438822617,0.138905074478647,-0.022853201509955186,-0.049356006426791915,-0.09203946250859858,-0.19374939554526582,0.1491229069629305,0.11079185719170766,0.2776661275314664,0.14253317328815407,0.09462482267226367,-0.045341215471100635,-0.011008344792193125,-0.13912359240120814,-0.17295506399298638,-0.2286899809265714,-0.243826096050725,-0.07914416560411165,0.2601012481982421,-0.005467152751102664,0.2484027171966323,-0.1181661952567067,0.13960356108265462,-0.09740006081016447,-0.24192974417665639,-0.23364929982538216,-0.20472175408860693,-0.2784062281517351,-0.06904623515560965,0.029630550245368096,0.08498552493914552,0.32682699170222246,0.05563349715747381,-0.3661668678374587,0.291778931184637,-0.19098771466160164,0.2591290099226113,-0.03548979242772322,0.1360783875448292,-0.01979519980169314,0.05299936721108968,0.2185206624685692,-0.2180323440209916,-0.008988396939130363,-0.2542453471617521,-0.15175856811160832,0.03741694545964318,0.047470856967217236,0.045821670999015046,-0.0433116972826951,-0.06910170674327618,-0.18190542126041412,-0.10939874789140763,-0.1421310566453006,-0.060110477856663645,0.015622259442962777,-0.019522929381300812,0.004838913406326513,-0.23772494476273529,-0.2127788235444968,0.26029196790331793,-0.3357691773662286,-0.19779104043840676,0.08545980228815588
0.1769915219492068,0.04189974809625498,0.3530027706665567,0.47386583777528873,0.3292532695645296,1.0,0.11046434341038557,0.07571231291888908,0.06551680103791796,0.24741209071020295,-0.22697023155928175,-0.336235821038116,-0.42820454407292585,-0.489248132565246,-0.5404821998435427,0.01978574838470117,-0.2698240829639201,-0.08334946052767753,0.10054243852113846,0.1003036753857648,0.07064198839830131,0.20758265718789912,0.30855577266121015,0.43348865187335245,0.22425244050697274,0.21093718901518765,0.5069636752122088,0.7602399959511491,-0.4088457784554365,-0.4716525033698835,0.0629324138021215,0.2715329263851984,-0.3167150326638629,-0.2239175301420807,-0.2980494651987162,-0.39306644835352056,0.1797281220985826,0.04417719866812702,0.0653563416551926,0.15074431337871122,0.18852291592366477,-0.22558409563436466,0.0890972672782281,-0.2234989694627562,-0.050218146064741793,-0.07509875159460126,-0.09493696843779985,-0.06340795699894902,-0.008480053128066177,-0.1733416431807424,-0.027634841141635957,-0.18693245027804475,0.017305192849110144,0.06257844713128181,0.25574356905247764,0.004941694232694284,-0.11095401506270253,0.08905928782034143,-0.2524882050120129,-0.15893518410582966,-0.20188142412257154,-0.14491447804746124,-0.04951128783811783,0.037066789761566625,0.21272999249303032,0.1419286364457265,-0.1902435847144641,-0.0796687575931511,-0.2926592612896539,0.02565324613360569,0.03009715565026178,0.17404799562398096,-0.32618605550412527,-0.2702896975974957,-0.17172567460015026,0.12630509547541507,-0.4478871997117744,-0.29125947965795596,-0.1770921771657959,0.008723075996722804,-0.2306877402425062,-0.31091838862204996,-0.4709243021218221,-0.4053071674303316,-0.06203118090554718,0.004046332288168805,-0.12106160053526044,-0.057425938939406444,0.33193478525544945,0.07091818838590504,0.20989104509010778,-0.06122510875227994,0.3208870699136352,0.1207809845771202,0.12700241624983666,0.00329087108549626,-0.1050874489149246,0.1289014427810534,0.2115631914928344,0.10274669630292811,-0.036980929433113804,-0.17226085128742724,-0.24334648375122334,-0.2078997422416154,-0.020762129695801577,0.04637729197811043,0.1313725264068758,0.16479169856827325,-0.16484277630688127,0.00686497890561077,-0.22850849447448923,-0.053594277299488687,-0.12014891711453744,0.04574281137709708,-0.010743545756475872,-0.15325127544677092
0.2794028450205804,-0.30010857925926276,0.6079221617729932,-0.05581954172822066,0.6390938786731821,0.11046434341038557,1.0,0.06319337625495737,0.3662109379346002,0.22319061908382293,0.4716255230859107,0.018097234227141174,0.2801139954104983,0.03393569157536096,0.10639214725561404,0.17434247438166062,-0.2484553411992717,-0.14462467878104565,0.4487435502564947,0.17703435499803494,-0.16465355963462133,-0.2516851657663509,0.2565612563171513,0.17784480682370946,-0.13463856556010348,-0.3043260035645912,0.04812079879223312,-0.018485223342135378,0.1036362913979599,-0.09972797895359016,0.12917780800340053,0.13676796305201952,0.10736868729797608,0.06697551221728781,-0.17086702454189046,-0.2247406850585476,0.012917508956622305,-0.22584825323630855,-0.006915606315201295,-0.031666972284291044,0.03533403881332953,-0.16792163254396236,0.018111363084241057,-0.007409265577161152,0.03850126638470668,-0.000987368917505082,-0.013578641687924107,-0.0014119827088669296,0.2749638444351698,0.10054909608924245,0.0820859564504651,-0.0663809299166572,-0.09600638194532371,0.053139749578388906,0.016696694754332737,0.12284706608670902,-0.1486946006504421,-0.28872808032464486,0.0755593005443991,-0.0512651605096113,0.29373889256517605,0.029354912257937942,0.17835376846810191,-0.11963814932635586,0.11128800937335527,-0.09500788962683773,-0.16465282866245678,-0.2354454657950728,-0.2824595057351146,-0.06907646542045336,0.3193050198146925,0.0010583247158793977,0.23877796007603125,-0.055890461428981346,0.14160959357134717,-0.08697668700148008,-0.12435671348892477,-0.2027429675924079,-0.23981049100818944,-0.4163354629427713,-0.09433984735249386,-0.19175479953208127,-0.12113004917986007,0.12987262827728469,-0.051867127485123676,-0.25611688912709707,0.2052390167652085,-0.12816661100983245,0.31097242771323585,0.06824589197558326,-0.11472078405710652,-0.03866654352799529,-0.14307065528198903,0.05202860560455536,-0.22768448329206856,-0.15126011705974018,-0.18653914713954015,-0.03497597265504368,-0.23038083652753188,0.07987627256628196,-0.14446841389831444,-0.037117073710996484,-0.18378031474653414,-0.17596417315469254,-0.30202021332663304,-0.2133942691238949,-0.18900268863410807,-0.011792438017119062,-0.10288630261303883,0.05299083008183258,-0.21767610453251013,-0.18720179881996563,0.10215556249292158,-0.14196545235089325,-0.13485285486547258,0.014138587185191422
0.07421970476706626,0.06503366365543796,-0.24297162521541152,0.7069995913444224,0.00980924531401814,0.07571231291888908,0.06319337625495737,1.0,0.06439987707756481,0.5861012934728613,0.015567387756300875,0.49686610467731884,-0.08510571011888718,0.48737197274456795,-0.18915304696574295,0.5063901868867208,0.15835634633473666,0.1806565354173192,-0.08643261971665928,-0.2567296957074899,-0.22920240451838164,0.08234469054659362,-0.5357592971748004,-0.2746843491809928,-0.48907358124681743,-0.4303989609131123,-0.12226332417337465,-0.3415782079064321,-0.10571448354516981,0.04808855947722721,-0.3938721929022085,-0.035210905555768925,0.15901795034178945,0.34293380133182355,-0.2717064902701344,-0.047773493212301524,-0.27617670785908854,-0.08017150430887324,-0.236083546311541,-0.08002426899833764,-0.1359736346339298,-0.05141339198983285,-0.1618834176460936,-0.11016068947811652,-0.06708880599322672,0.11798256805002524,-0.2767100109805281,-0.37627945044366273,0.07075730023168074,-0.08357995365487866,0.10720045452547645,-0.08083524844267272,-0.2856022853218117,-0.4850267396910879,-0.11355083609634789,-0.31359871352608265,-0.08859855389985918,-0.4653421138801621,-0.22578115074075014,-0.2651636083428016,0.12862380089161943,0.23093404924255445,0.2014215213410658,-0.22086498166718493,0.14173280489645376,0.6598953756130439,-0.11138551849040502,0.2819725087124619,-0.4675120311071938,-0.4368308085677505,-0.189335689775321,0.22456385844295743,-0.13781530365803374,-0.06876419891520685,0.05755955000727064,-0.034947377607270964,0.15474727749463704,0.25547917674819925,0.15366963297188282,0.022803277852564887,0.289488193845211,0.059142747088983934,-0.16242253913973448,-0.1857081518813956,-0.1639237838018397,0.057788461329263706,-0.0041189030289056315,-0.247615522863069,-0.08589059096749913,-0.2602051715815442,0.12536142574410766,-0.33070865771341207,0.3140298334859003,-0.16976026132669472,0.0320884115448346,0.2369086414185891,-0.2990933671778908,0.05376961616333879,-0.049078633040671164,-0.07160632886207395,0.2732197502076395,-0.16832071480772817,0.07162417157784008,-0.04337012426391875,-0.048921660174569254,0.022703301660666027,-0.11332485579132566,-0.24432651876130576,-0.14291678247611198,0.16449486257731866,-0.317290762851234,-0.004343036176356186,-0.013515499196157682,-0.009944647735507836,0.0811155737472976,0.1451483717264518
0.0360148883686223,-0.12921019529897299,-0.07453729553866943,0.022564394206135662,0.4710489369475418,0.06551680103791796,0.3662109379346002,0.06439987707756481,1.0,0.40844875587227764,0.4391105167850088,0.28643220739538783,0.41642330754085094,0.3032737677881311,0.32662098514151205,0.4130815758503461,-0.1178524728704048,-0.18553850210705397,-0.04371253484421241,0.061851333749888694,-0.17112551453103134,0.01207820586668173,0.09659447913668966,0.10548107022769918,-0.04538883906941997,-0.17656316783131187,-0.23401341091443803,0.04113755875698352,0.14160133147677564,0.18770179454740338,0.17156937056160185,0.3013206690685185,-0.08308760833630591,-0.048865980033762677,0.02172996066321676,0.00570974643009129,0.07718110914348456,-0.15048247844427112,0.12990492141407342,0.07694693532749824,0.12029211160994266,0.12177128201605134,-0.067585408341347,-0.07461778165301258,-0.05139643806614237,0.02021203176645541,0.026120662493591757,-0.030384746884903824,0.0019014759883383427,-0.07462059026340595,-0.1613886027303716,-0.2804691624669186,-0.04578245240078821,-0.024622736941214942,0.03675079315868057,0.005962447319173162,-0.10908597743295007,0.004236336308890963,0.007640208852862384,-0.036725772420703386,0.10943315842889571,0.020533856560488582,0.02083496915874312,-0.12282446680069421,0.4001369077132318,0.186224368209623,-0.1899462614902701,-0.19375594602453663,0.07594625579483238,0.04596375692806886,0.012759459478818612,0.14567412587082387,0.09745819575459169,0.07795028018684888,0.12486625124587866,0.027318705898323768,0.0551730216218201,0.02156219686246536,0.03442927085143715,0.07819100378501026,-0.008772021711911715,-0.05426196734958283,0.02428642703016082,0.2817490169250834,0.2023932956227235,0.08542272833526748,0.14748204120561925,0.11057261611921468,0.3946583458137897,0.23814378964554708,-0.1231794446418482,-0.15168495294849726,-0.23489921431375535,-0.29426960452815304,-0.1218876431326445,0.007683280656210109,-0.030559076032687246,-0.12864776497517466,-0.26875132748134856,-0.0608682218960212,-0.21573931299494467,-0.2537463854939115,-0.2457850130870174,-0.41815282296057277,-0.3780418030353835,-0.37024534062239306,-0.09812343374668824,-0.42929265956730367,-0.18220570377766462,0.09849856893070036,-0.28261059512361414,-0.3354932396600486,-0.015841650759627922,-0.23009734240620874,-0.26457332980541054,0.06349856773887932
-0.06692255207522582,0.04649804928981631,-0.1283225793158236,0.4295193359084363,0.3583992887154515,0.24741209071020295,0.22319061908382293,0.5861012934728613,0.40844875587227764,1.0,0.021114467709909133,0.3571043784361827,-0.01811643489805922,0.24925864571877784,-0.09451469368176005,0.41328613434155426,0.009430065324589792,0.08794979393253333,0.04428539350286543,0.02658438449311001,-0.03916155545399791,0.1295470072795561,-0.36529585468818565,-0.11325757078007183,-0.1864537083116749,-0.40189107756326575,0.08701137637250457,-0.1969350493252209,0.00040272597036545264,0.030621485227706927,-0.19495925073001705,0.09944667404868332,0.0005546294885211929,0.1783205273943938,-0.22759757139948555,-0.055638506676729316,-0.21158125652720183,-0.2571406837684345,-0.06495891564147036,-0.13328263034783683,-0.0980488573763197,0.03235072027781377,-0.3035716918358448,-0.31868242973841027,0.04850924776661572,0.22942559316233813,-0.12439091450073803,-0.2822871999792349,0.21852434420536818,-0.01161623996425017,0.06490882473708412,-0.04112089351469006,-0.047007311523188836,-0.06014725513954154,-0.08404293774590245,-0.29543420226837697,-0.17004657228780087,-0.2630005751459129,-0.09728697978741079,-0.09916511173338165,0.10759573678926425,0.1778690371592629,0.26948699931272013,-0.15004483101021462,0.1374859365001696,0.394998234010616,-0.24644201951601774,-0.006665655771532764,-0.24752605138446357,-0.3284356550047116,-0.037190885158425016,0.10780808885761196,-0.10493150627612427,-0.02981865666382978,0.058956579318557016,-0.010437377320325104,-0.03192236930975169,0.04940357807819854,-0.007293015052595944,-0.05345766933353286,0.0854978938708814,-0.05983875938243556,-0.161585380593005,-0.029230171671324134,-0.11683895210586777,-0.11050249861381842,-0.12030757913987145,-0.29810133524976296,0.021577437637761022,-0.18475307037403915,0.30691114446623924,-0.15006900875193277,0.32242765541773794,-0.07113130782852731,0.03417108983788846,0.19158704028066767,-0.32987336705197906,-0.11369423590781895,0.04674082518132947,-0.06960662747110549,0.055531729646868346,-0.23745229955371777,-0.005117107261647244,-0.2063922533931045,-0.08593691015307979,-0.07423215661750047,-0.07157158792501132,-0.18101433593184246,0.030324341169988535,0.18738092610158552,-0.39041666400251174,-0.12719412377360031,0.11287946062086505,-0.1761013672787527,-0.06637076609647076,0.21441708806557042
0.20025535603070344,0.11390948575150667,-0.04801957159113717,-0.1973130695325516,0.2207896598208564,-0.22697023155928175,0.4716255230859107,0.015567387756300875,0.4391105167850088,0.021114467709909133,1.0,0.370729310528879,0.7414145379724159,0.4245155817108533,0.31269270726284626,0.32267525097751354,-0.19712074471535648,-0.23556627219744178,-0.14419210040072547,0.024776144960048242,-0.4099497993374907,-0.2330709682610916,0.10994292114783122,0.004685196592845908,-0.10909704235677892,-0.2400125070664773,-0.3714695700471555,-0.2017590932516429,0.06379847186492195,0.27069640547791995,0.18771171474761694,0.1917769239930273,0.13254327310041472,0.10654585494142405,0.059520629363448464,0.09240993225977114,0.21857920013855175,0.009601564186904613,0.011881681448429781,0.10635243104302339,0.14542637259374336,-0.012070318753275912,0.009088482929244036,0.17433521379237715,-0.1466985315891806,-0.08577484605193347,0.10021622294956328,0.10784912833176365,-0.1345854380031398,0.10733199815275403,-0.15256564986190807,-0.0927245957139688,-0.016802922950687114,0.10424342523643902,0.049952734071501685,0.18455475332804186,0.009531955602729705,0.06649169491168032,0.0169610029224668,0.08021724291277907,0.30409380128160834,0.25024269110094266,-0.07125974907098974,-0.009346607773101909,0.09308970604377188,0.10403056591200878,-0.2617156747209463,-0.23773464499871816,0.055772903996978616,0.09319216170697439,0.1661250442762384,0.10794974159821537,0.18974884232778852,0.08331555501122843,0.2144580482520838,0.0779081436239888,0.15315512256321054,0.10343352065259556,-0.1255635239174905,-0.06991945962877166,-0.04249402861792416,-0.1575377839984378,0.012141453875120924,0.1602997768243822,0.059561653382761474,-0.08459714048750785,0.34649001084848324,-0.09152634446227369,0.4094556206971715,0.21164547215774013,-0.30281256742283824,-0.3050495146958052,-0.3685899541831256,-0.4022885015259524,-0.1998742356485971,-0.1466529241204288,0.03928231083059744,-0.06440281598950945,-0.43525541950853425,-0.09243441241632921,-0.34086081159244813,-0.39738721122287457,-0.41429838069996394,-0.5098357745382965,-0.5767421967813607,-0.5221062402340955,-0.2741277432087169,-0.34678584210507407,-0.2867945373420302,0.19217625121774487,-0.02286353836695627,-0.29476506557085413,-0.20696908480645365,-0.17006108484506732,-0.10682809944175473,-0.037160506807230355
0.009399175476161254,0.01757343844450738,-0.4893087525434097,0.11737796522284026,0.10476571593906232,-0.336235821038116,0.018097234227141174,0.49686610467731884,0.28643220739538783,0.3571043784361827,0.370729310528879,1.0,0.44355504672136714,0.7198147372288377,0.4420527342592392,0.5849403874501852,0.32874128000529257,0.3214259786320439,-0.1843641747471869,-0.12965341894391993,-0.22163449370099755,-0.08420796444552249,-0.3977751002026222,-0.2716178232125881,-0.44587785108059896,-0.4653341209657118,-0.3110802434359564,-0.44699480851669576,0.4183095048587805,0.46714488342760774,-0.2222769273076745,0.015433953605265317,0.1737006020487834,0.2469679301513226,0.06453010258037553,0.2942448914792156,-0.31551401445067917,-0.24766179779675587,-0.22477916596205946,-0.311582617726298,-0.2960847239966871,-0.004626270298760249,-0.16307938779063508,0.028596457350627272,-0.040377889929811,0.18343434739730008,0.008295694359328793,-0.1457902680069688,-0.13222463330812328,-0.18295044376213437,-0.17982928308822765,-0.24022710700822067,-0.3197636983187151,-0.2921216841592432,-0.2746472290634607,-0.28007077767165545,-0.023073766463083126,-0.3608910638858361,-0.14438568182582767,-0.21037666389404683,0.15742526834707174,0.11485912362010083,0.11886208797458671,-0.30378181856534836,0.1574460228556845,0.420566551254059,-0.05226317725406345,0.0981037970648093,-0.04070275980634775,-0.185532338110372,-0.07179712157090042,0.1930118138329436,0.3145199377188194,0.07016902261995435,0.3187796469695923,-0.03190198083746561,0.4803646779601074,0.5108005120345659,0.3330787905765383,0.1236290498626402,0.41639683492465956,0.390355458295257,0.4014296326987477,0.40550968644701935,0.3160509695792412,0.11362302286357545,0.3471401000343627,-0.08028661286491072,-0.06064986179463159,-0.2990928518012406,-0.18668528014740388,-0.3659439607097858,-0.09041118752114277,-0.293036793879959,-0.10634197961782946,0.17433472931354646,-0.1942466794733026,-0.14574501553553415,-0.3398890090553649,-0.1241736694512981,-0.04030640761109569,-0.268866323989073,-0.04195770325254093,-0.1799813546305929,-0.27820850270318453,-0.22206364291308764,-0.40669772180875374,-0.47278192958042925,-0.11925873811929129,0.3560587640938773,-0.12084789448692558,-0.12369426079229844,0.06328097851670615,-0.19080164286021117,0.031135270186798483,0.3272916659688731
-0.12290885646715119,0.05023395801496095,-0.28003661852131423,-0.4245462639314319,0.18416392709730398,-0.42820454407292585,0.2801139954104983,-0.08510571011888718,0.41642330754085094,-0.01811643489805922,0.7414145379724159,0.44355504672136714,1.0,0.4357021879276157,0.531193796854937,0.17388142396765136,-0.03388220910135369,-0.05238001255443748,-0.21765120409751912,-0.0154059856373295,-0.13647077772028152,-0.12255819129158114,0.04089398792466341,-0.1634976291450645,-0.041201352898886795,-0.2073485501458181,-0.27809805082671846,-0.35457908759362733,0.31849079294741317,0.3962311135700224,0.11711274118027713,0.0918487476842968,0.11045594773464595,0.12560249751430183,0.3034957438251876,0.3263237741396008,0.040275384266714016,-0.1086514704993442,-0.06306476531514583,-0.18849334567453987,-0.1108707705782375,0.08459788353618436,0.03321543487859777,0.21369105865254556,0.17216764273929802,0.22692077583300874,0.11018041713037068,0.06479907023251494,-0.02668084154414264,0.16635738480138634,-0.14202013220770354,-0.03901123928268963,-0.02298681182972014,0.07010270299084925,-0.049072651096918,-0.04455236170513511,-0.1940865653496647,0.03854218799146034,-0.053656689736819946,-0.008337002302386544,0.20563330331822177,0.07269133404647331,-0.09680918504512113,-0.08612181346733397,0.1910138467498365,0.03564561172682545,-0.10415360824533833,-0.11368606253233716,0.15559867717307313,0.011067461232057131,0.15311240254207711,0.0995205928800519,0.3430926527547962,0.1879664223181588,0.3644068667062567,0.21318934436392775,0.2576535237838691,0.3007134514234757,-0.021349467706454992,0.004966543545348813,0.060681601114683466,0.1175572664952017,0.22623249699857292,0.27577728170698607,0.2590694240586755,-0.07361584872241064,0.22584898489997354,-0.05296554659496136,0.14480217217834254,-0.008999515634929673,-0.19790312752633898,-0.22495314744505857,-0.2735948522702802,-0.29986332852074854,-0.29816526222567297,-0.1675370002938498,-0.07984616536068129,-0.2188054262978727,-0.34054976728088593,-0.20627645613428885,-0.3163808621767113,-0.2928307507979489,-0.27168313233294783,-0.39478705645161805,-0.3971836006265573,-0.3931967758762935,-0.2636278360631178,-0.32581476613872173,-0.1226018030363886,0.10263854962512155,-0.010931437937610124,-0.23384296661710358,-0.11704115876590135,-0.3059905153332666,-0.1362796093284987,0.042101702284740736
0.07303262429108892,0.037709454026633824,-0.4882960958414906,0.09739701385249841,0.08174887032082177,-0.489248132565246,0.03393569157536096,0.48737197274456795,0.3032737677881311,0.24925864571877784,0.4245155817108533,0.7198147372288377,0.4357021879276157,1.0,0.5254905127015536,0.7500076395559887,0.152232304922264,0.07841588718564632,-0.19840688682253171,-0.22417787529361832,-0.34287990678639185,-0.12430908167707173,-0.46330663988979304,-0.3398072260296207,-0.526789433746046,-0.4654504927201918,-0.4758714021405276,-0.5633186158433082,0.31293897895941014,0.438652281758059,-0.2807918325729195,-0.12996085366283733,0.1319905050663179,0.16019290333879882,-0.04459854923159149,0.2540508934650166,-0.31442116681529436,-0.09902313763321534,-0.09762695948957655,-0.0901839986325089,-0.1532834148948656,0.2038455227238441,-0.2218708707645469,-0.016452397184975265,-0.14648588732013484,-0.0038073670596483053,-0.10410733656150382,-0.022628519952983296,-0.04164348749641474,0.08961614853860231,-0.01666331480001048,-0.013930508935805063,-0.15949474564492086,-0.22363468414658758,-0.16380461333427243,-0.12780767088803915,0.04231935068344174,-0.32646024760277675,0.10788476530685734,0.0622426632833142,0.3247353829687957,0.34115032464399553,0.03491225145714762,-0.25486714373497904,0.013865674600522399,0.341023952400007,-0.016455932261712974,0.16550028637123865,0.010805469376102895,-0.04154745306981898,-0.11612632303087239,0.09769559878610723,0.18492240643586236,0.04783343255815144,0.1934846863449197,-0.2407254160785512,0.2695556844664114,0.2984320569958175,0.07218170392809707,-0.021103220946586735,0.27084372538227497,0.23806915964663822,0.4682068971712578,0.47223138234096207,0.042888474754641456,-0.02530723639506996,0.4221691902862743,-0.0907189831223912,-0.0011513529018882392,-0.004541154087269973,-0.05788068298193816,-0.1943918878576343,-0.05675504992419552,-0.1732002952311515,-0.15707236111470171,0.18957706154691373,-0.1427109136625249,-0.08937901276998633,-0.31351997852139346,-0.1721876289979099,0.1470114230588013,-0.13128603637033556,0.03366898607891659,-0.07806425080509323,-0.22212367140221315,-0.21185839550557292,-0.237113813077141,-0.3757684787308241,-0.07989148484930535,0.11107051936221651,-0.04575121109234001,-0.18058639135204282,0.11698942163400632,-0.2195561499095804,-0.052072219378166966,0.22207997533025103
-0.08164975268871535,-0.1608374756182913,-0.2568239205477389,-0.3855053350656363,0.229255841617992,-0.5404821998435427,0.10639214725561404,-0.18915304696574295,0.32662098514151205,-0.09451469368176005,0.31269270726284626,0.4420527342592392,0.531193796854937,0.5254905127015536,1.0,0.40727527602827956,0.17094298072901132,0.0720084400704675,-0.014835890589350923,0.031819317165901556,-0.031026206850223795,-0.0032578029404689447,-0.02250843019160166,-0.05749598201968138,-0.149074468529853,-0.09671790888056808,-0.27464604545229576,-0.28917592157703537,0.6475571335381584,0.4553667011079505,0.04312691661662955,-0.043784639894985176,0.033331420049621,-0.025628740271082896,0.28844469074534346,0.35577848713924387,-0.32714923162423976,-0.34359470754685584,0.038462283855120946,-0.13800121564991422,-0.281244623465598,0.1396836419354326,-0.1500122622583704,0.06215226698621162,0.20830944394926137,0.14838238197931355,0.06209780199205161,0.11393244123936037,0.17409265004257193,0.19304204821783094,-0.14161220962330517,-0.05419572818257925,-0.1078121501448961,0.06982041975350395,-0.17927759277825558,0.044288020478864924,-0.03926011111274504,-0.09777577036218313,0.15498912667690795,0.15991179226765886,0.09203494923645907,0.06275741924734074,-0.08858041377479002,-0.2624479267978409,-0.04651604879974565,-0.14328450962210573,0.06205008491328161,-0.03242937335904167,0.3118512683013208,0.11982180900695581,-0.060287030481999765,-0.1717318958710742,0.3725246192619499,0.04495216453792659,0.13888657864472975,-0.35708057321748504,0.13929070563120746,0.05878824947927409,0.06442955759284803,-0.09739625576724047,0.09658297902744822,0.3690066102029816,0.7546290760465022,0.818607217486194,0.2783938796996911,-0.015799895702495036,0.4116694165587275,0.17044424090408902,-0.07499388257426949,0.04490335693716175,-0.22046231396924665,0.0032121680817223555,-0.2879975258096659,-0.04012918282745046,-0.30492228115127507,-0.05667607155899117,0.14256126932882174,-0.18486853686332655,-0.2610134967621127,-0.10787961580582676,0.06886915075287277,0.09479784099256089,0.13522711408390944,-0.042253120036747506,-0.08812955005664058,-0.18264190045180137,-0.10516401280889422,-0.1679234332048493,0.065443742976485,-0.06303659051077695,0.14543211820347127,-0.1855719945007844,0.2037366641451247,-0.2389374245346846,-0.14995679261336362,0.1617802882701423
0.21531046128300757,-0.07882034408022712,-0.27743990158437554,0.3886407130967756,0.3330522205397633,0.01978574838470117,0.17434247438166062,0.5063901868867208,0.4130815758503461,0.41328613434155426,0.32267525097751354,0.5849403874501852,0.17388142396765136,0.7500076395559887,0.40727527602827956,1.0,0.1044259041272255,0.02967083930300783,-0.06336620492038118,-0.10602773816140318,-0.3367998650426502,0.05341611411165811,-0.3277759604678894,-0.09443993590424926,-0.4837993046524065,-0.3714713912889309,-0.2491789012314508,-0.1306317658746619,0.20975570138156588,0.294922770503556,-0.2732181371998025,-0.009130701476394788,0.0669557224261946,0.1094444042489804,-0.190473586129468,0.061783521823682575,-0.2051421318649206,-0.1102102079579924,0.038173359916545045,0.11276067921906685,-0.04842006298033683,0.08798749534043553,-0.19287533654059094,-0.10312393881147539,-0.2078471064737945,-0.057424936717387784,-0.15684640030809469,-0.03009324007196162,-0.006649157836609315,-0.07918613254214915,-0.07179452378887691,-0.1821622575862026,-0.2799063899953813,-0.222080191318861,-0.020203384179943055,0.03862338798520184,0.02408333433998543,-0.3484937957322824,0.010817615637426992,-0.07532706414286959,0.17019197981961626,0.20966770572467447,0.05055650486001338,-0.39505722947561994,0.11553351570056644,0.46049319101642905,-0.08135193743886457,0.1270396423513813,-0.07762778427127758,-0.0071331316928971355,-0.129703712320505,0.1778728010340918,0.1067673446443111,-0.09916555801111937,0.04793453984679154,-0.3558359862047821,0.0593663563346125,0.09718391426567291,0.05194049763526379,-0.019155714115699246,0.20646968967877877,0.15299602778758067,0.35256381951964,0.44949423372496866,-0.018300683898621984,0.05182055946775568,0.4636939948423548,0.025158154357567835,0.18094041186104678,0.12097401240958189,-0.12009769538851296,-0.2834900815656488,-0.047725511167339855,-0.1975249917039323,-0.08411441952519967,0.1924738202056229,-0.032774395424508426,0.04484182650136802,-0.2980836960555468,-0.03125577208903077,0.16331493527074833,-0.21492716341250892,-0.06878832842787445,-0.16999147218659333,-0.28278260794981785,-0.24205996527489876,-0.2112745834887889,-0.3304220529563786,-0.16863912266598444,0.14560909337783903,-0.07849336321583415,-0.2382544348969397,0.11990381084109174,-0.13470791608320576,-0.09375957159295434,0.1957202308479855
-0.04842382202789426,-0.19933179791576994,-0.2823455676602649,-0.10010708321028546,-0.10050528081298017,-0.2698240829639201,-0.2484553411992717,0.15835634633473666,-0.1178524728704048,0.009430065324589792,-0.19712074471535648,0.32874128000529257,-0.03388220910135369,0.152232304922264,0.17094298072901132,0.1044259041272255,1.0,0.7254774454132679,-0.07665687117089541,-0.20644722861033404,0.2680936329630693,0.12571617104608146,-0.4512429186336498,-0.4754782979550323,-0.29866143062715633,-0.14733963856934937,0.04524134814768025,-0.2108770253990826,0.5344922071423373,0.4050762387030232,-0.25757420406808057,-0.3490759094522219,0.008682260816900166,0.048777028165697386,-0.03334635431731742,0.0929046498773142,-0.34690136175037484,-0.07227907089940723,0.03055568473863128,-0.1664623111754624,-0.31447618999805005,-0.0029568200244045827,-0.1792288740784582,-0.1331013030440694,-0.11602084065116654,0.048171512906335284,-0.06655243198094252,-0.2722252157581729,-0.15043027340026452,-0.17762373853171554,-0.17669121720331726,-0.17047283759626505,-0.2767209719312317,-0.3756858621815829,-0.47445604578151085,-0.21450062217234553,0.3642971248015898,-0.18728214678813251,-0.02308144529590504,-0.1013617993400597,0.047512310666798244,0.0035907475808539114,0.2662242735138941,-0.034233377373668945,-0.11246930897822027,0.10630705995264526,0.18594701808329747,0.0934561169860371,-0.13064699837397528,-0.40119346040245935,0.07141556234026657,0.16952794586903722,0.32225943244151933,0.24689945258875876,0.22949330477818516,0.006839163901689925,0.5546436406672924,0.45036072790684145,0.6947644976873678,0.4936067529101508,0.6789231846787049,0.7511725441402443,0.283149449378226,0.1924884608587982,-0.028970430579565692,0.07133272728878379,-0.08975372272005896,0.12803975773568135,-0.5417817862921029,-0.33033043896185854,-0.14040665083687676,0.08717926709712484,-0.03579158102111513,-0.012793489642782754,0.1024340826656439,0.19461575597975433,-0.04816011638875902,0.014415306162115412,0.12244552081933871,0.3485952893482677,0.4543388426594827,0.320475443452419,0.5220462449572869,0.4102868342118458,0.187316253045625,0.3021135647203804,-0.1964450121333216,-0.18602805186183452,0.11080343596652216,0.20464042803923416,-0.10978578797083698,0.33450064596903756,0.40054497032854236,0.2565793116375644,0.4110641012271425,0.528464431772781
