1.0,0.0509598732612778,-0.002015026173864656,0.002337930217154809,0.08907754201010101,0.04448039074765242,-0.0381289806794097,0.06727579998483436,0.09607550748017739,-0.07368338773957812,0.3548484384456302,0.3296621055125282,0.45245241933150226,0.39763808110422627,0.14892593533411264,0.01568199085139262,0.3446355076989139,-0.23350262437961253,0.21703919887906314,0.02885910826996752,-0.33267529384089123,-0.272238775317632,-0.17727257741246827,-0.04136817676937913,-0.3041457113281847,-0.41449565932770416,-0.01619943310101613,-0.1787392375813767,-0.07937698138584581,-0.2534472314978532,-0.4634393576417995,-0.5476719152782206,-0.07191778120013531,-0.45530297827856375,-0.28539949724221964,-0.2734044228972117,-0.1642337812795836,-0.26321082347497715,-0.156501047572179,-0.1476662130365445,-0.1856667135284592,-0.11051117781822005,-0.3007022732648965,-0.31363951838480086,-0.45175531611819625,-0.5140349350104686,-0.24904585810643232,-0.13589321469460638,0.22349205684978088,-0.3416987409078506,-0.10742857219554644,0.053231652505399935,0.41984239577697374,0.045786383751971575,-0.03371326991012958,0.14769086933135372,0.10182072314389481,-0.023262506194655676,0.4897737562623397,0.44310863977162673,0.5467810349973401,0.6193608043298404,0.13325129351261894,0.1668959041700066,-0.09513577121479636,-0.04621418939033894,0.1735057961303326,-0.24867906015305508,0.08990045101053316,0.07887965554911214,-0.06225873490782602,-0.222207051176807,-0.07981242465230101,-0.09103978714452633,-0.008754961845582646,-0.05172006441905846,-0.12015817502148145,-0.23713429683041634,-0.2993735599397278,-0.3628551399855065,-0.15817981448025645,-0.2455766989534414,0.22066442409282938,-0.10635549302515938,-0.15435822050254153,-0.1365745705391458,-0.03911081763523429,0.0013892097006017034,0.11680340510129797,0.337040180308386,0.17092563061628152,0.13551378764827182,-0.0725010130895667,0.0427053027882906,-0.13529296761272605,-0.07880208310491099,-0.14954626626321432,0.03710692461130028,0.02016516241303855,0.2488087205801775,0.2249845700268153,0.15099116775312554,-0.030347499976126544,0.051088010049574924,0.11533827697885789,-0.026269963945696594,0.08976504731838027,0.28561139411831865,-0.06584393758752359,-0.06940088479778352,-0.21962989429580915,-0.1840202141220437,0.06066078509915264,-0.051731236820556394,0.04042231401012941,-0.014728501414219481
0.0509598732612778,1.0,-0.24612243224572505,-0.4095658818296697,-0.029838349339615527,-0.24059631617961785,-0.28324919375542584,-0.49766526258747673,-0.011680092730059455,-0.3403814926337921,-0.026086440229896275,-0.11398577169875089,-0.01624606806350508,-0.20757816200192672,-0.007610771026298081,-0.35556460251269856,0.05011895396186022,0.42918774125293113,0.016407587229038203,0.22143524564839343,-0.1444673318889402,-0.29460825796819323,-0.3146105786432953,-0.4056164323451956,-0.12056919676076626,-0.2238911603352331,-0.057361056106943184,-0.25902833236513456,0.20383559211799127,0.29992167684014015,-0.26608273333258786,-0.31584208755128224,-0.005812625918050314,0.012875021357570389,0.09788604786919276,-0.08052711123086287,0.20357895275593169,0.23960264413842203,0.14477793566436414,0.0671582904055838,0.1575254512988339,0.385955375221058,-0.17189135815189374,-0.1769308528579199,-0.028344932499182376,-0.04486287519168153,-0.08412008754335512,-0.13385327665498575,-0.014277467812086664,-0.16232769564748972,-0.19340031864192614,-0.09257077500783982,0.13281986539943377,-0.056072171857124355,0.1509507879910554,0.1068733896576452,-0.03448851699070815,0.7346851415995291,-0.03227434953622845,0.11099294228342338,0.30412429399347624,0.06767263780160665,0.49036215861544435,0.5217057116305827,-0.3622643419216666,-0.3176382598634077,-0.03487219641841139,-0.19960595368975928,0.022442600350216915,0.03385292490959663,-0.10744998894320994,-0.22782413284503486,0.3226222900543315,0.49605693035967635,0.3175228628254792,0.32735829154649443,0.14885096018792762,0.137986410378082,0.053921836355712446,0.18364003002048743,0.3039666381233894,0.3191288244377798,-0.033142163372359826,0.125855463827477,0.012567515071597972,0.028748121173731978,0.11900982471403133,0.31336295181434526,-0.04779718796648408,0.229807888378479,0.030103440732549978,-0.07846906115291455,-0.382474690993123,-0.018699779380424775,-0.08468469223312934,0.28441173633915134,0.19260509110046675,-0.16538929038330277,0.37658356007918453,0.09294556488202656,0.025086498980862154,0.10614609659369757,0.22085490594345145,-0.038662741119195286,0.05907869433836415,0.06058871875454212,-0.018297258337689266,-0.09068411303955168,-0.07010051090289825,0.16899492410310077,0.00981337733483682,0.27314215118995705,0.12829401955690095,-0.07875359039159732,-0.05842790352395149,-0.022919706006352906
-0.002015026173864656,-0.24612243224572505,1.0,0.4130959386006554,-0.2519649565779729,-0.2510804495451308,0.776888631243696,0.14146856504539487,-0.14701840066010144,-0.3183280619872529,0.11770611576483897,-0.17141305828917872,-0.19730762820864028,-0.3091000796411494,-0.37750601014373636,-0.26904584629828865,-0.25217025088285866,-0.337753600203682,0.27194058112212993,0.03944497737462788,-0.2162961769752008,-0.255086098620985,0.605543722762399,0.3130850707195784,-0.09657969178950725,-0.11636414817714852,-0.014425369067875202,-0.12236521811304948,-0.18004294577224195,-0.2602909742978635,0.12627529741320537,0.010891354368631829,-0.04378024324644841,0.017607935256833913,0.06006972046272581,0.25360758200329986,-0.24154616768891535,-0.17960681543096355,-0.003362616474985375,-0.012023618833212962,-0.026870988686637114,-0.08597649191895874,0.011331618735278536,0.01502183453794854,-0.028499075569017807,-0.035480537250887394,-0.13930988411734951,0.18024075806652384,0.054253853826315805,-0.17311054107703744,0.5161656371162894,0.12007549891129311,-0.02248571906088305,0.032966024614884876,-0.35684876841387086,-0.14101092180301472,-0.2431687691422158,-0.27112683841424773,-0.07098449693842392,-0.06789514621358411,-0.2676790986030929,-0.12912664447857222,-0.34454259896289635,-0.29035415190199576,0.29332016113290027,0.13656962874253956,0.130568773816704,0.26731133681120295,-0.19577335302765406,-0.12473043122686307,-0.057829825828004146,0.03171129412971177,-0.2598964273863052,0.008868153669034031,0.10867157211313157,0.05420158596458901,0.07410358826970424,0.0014655903363956918,-0.24549497097335038,-0.14179167242744503,-0.31045630504641153,-0.10773303428216736,0.0645442880981754,-0.1554794952151187,0.22946176573245497,0.01856966386500559,0.13355776481315637,0.042184535346599085,0.11348547474701733,-0.01474249504252266,0.08807181209217914,0.49165745173708053,0.27453664403944594,0.5039284948729904,-0.057319295258944254,-0.18716562476100662,0.02067430028353299,0.024767449590406217,-0.06008246194632877,0.18108939616848493,-0.02462789739876625,0.15860955616314737,-0.04111464167110156,0.22016564372599207,-0.03135769385304796,-0.12623276260418237,0.07101551755724102,0.039174991237264915,-0.01552198147707524,-0.08398397145748365,0.2252318061369268,0.11370698177995942,0.07679929135457532,0.1415502654303175,0.03854697681776191,-0.12082779927815943
0.002337930217154809,-0.4095658818296697,0.4130959386006554,1.0,-0.12777396018340256,0.07091174829494508,0.4537520256070352,0.6209888358305689,-0.1572582903642104,0.02879533574997911,-0.013743927828873083,0.13177288043612842,-0.23559132649081863,-0.0007896785383257232,-0.1736690818222654,0.20692227246086517,-0.2940492230546303,-0.416052117153927,-0.006806595247424547,0.03076777473959215,-0.03830530824008248,-0.027965783732048825,0.41146448226702703,0.7866172634633107,-0.12602534859373382,-0.009597634033170174,0.08480446306828772,0.29647778172193895,-0.47622426921781796,-0.41165901942295646,-0.08865950005333484,0.09476805024556316,-0.3751758937750786,-0.27456311718390874,-0.2091557924174578,-0.002608506694924609,-0.446906516062696,-0.23929798396284113,-0.3127330630939884,-0.06389074616689107,-0.2797263918902279,-0.23535157043440427,0.09431506167866717,0.06407259173036794,-0.21372705569781164,0.06749799188272097,-0.040811468392739025,0.03245896540893387,-0.1179943525111648,-0.11645106049799292,0.31014484931331276,-0.053645258877275934,-0.14942514707310295,-0.17007473328720563,-0.24909951887966564,-0.13342488424941898,-0.256268977206525,-0.4292763360549529,-0.10253268182783613,-0.08397502345922783,-0.2106495218537348,-0.05177605884733925,-0.3294677580712129,-0.435712644652479,0.48963877224061203,0.49192184002107037,-0.040530680641970324,0.3866337937156213,-0.3967561229923944,-0.33162889189471145,-0.16452471940645194,0.029433489863414337,-0.498166442974811,-0.19690988835814935,-0.17690003825945552,-0.14146041690956762,-0.10703809402091245,-0.029810185612624548,-0.3067918208022567,-0.25616343567110744,-0.5403128297743686,-0.1755468216333926,0.10786006809629065,-0.051947380369681787,0.2793611338019232,0.5280818240435307,0.18624456582800517,0.16473038217434063,0.24870663898343276,0.16138663237418685,0.10504821724968852,0.030832555542559866,0.5725822007190299,0.11061630747036635,-0.11058101474524726,-0.14100281378917653,-0.16534227296895182,-0.02983050304264014,-0.16597465193506142,-0.007447393089638355,0.2511508298777253,-0.10036570913395755,0.07999023036533409,0.11130520670515363,-0.05891057698255365,-0.0990778990622542,0.03997538777571563,0.053978424018987954,0.05229211999420525,-0.08862499298623688,-0.04077272238796835,-0.15222847624838662,0.06429573032458095,0.3322425129356724,-0.026219445852058973,-0.06281735352074584
0.08907754201010101,-0.029838349339615527,-0.2519649565779729,-0.12777396018340256,1.0,0.6016137406064939,-0.010652457650790216,0.24045840932194215,0.869906245731256,0.506909102541639,-0.1433706974600696,0.11561060228699967,0.47755204240221616,0.08767015203190372,0.8820764014829003,0.23550201656812028,-0.02073738288021653,-0.13739376257664324,-0.1660048589253543,-0.18319784676795497,0.3054463560237105,0.00011241295963459674,-0.33577500366050556,-0.27495040569354107,0.39505620844238165,0.22891294729746972,0.06910296609793713,-0.07073453533728499,-0.1467159138979013,-0.21360032852295305,-0.04937406689935077,-0.10615647842383492,-0.20214664557317838,-0.264430715326082,-0.24030826464846974,-0.12147836548936888,-0.17944909944753137,-0.2672459624827013,-0.17687569703095177,-0.3312812917642803,-0.06521881424931766,0.03739629604667272,-0.3419038375263488,-0.28869158704920755,-0.20879723135466813,-0.15306674399266607,-0.3957900151734852,-0.19047678559853828,0.21462172718485792,0.05758483999965019,-0.16102215896753408,0.3130749209364436,0.21215466548427966,0.006792702576299283,-0.25868841940776705,-0.2807609315197221,0.009076590118103455,0.09392178681133767,0.2009096540633644,0.2941739573587673,0.16185689994961236,0.3369249577480795,-0.05060016128598888,0.0936884867472719,0.0017020997328696674,0.1120852959860172,-0.014193439806356605,-0.08991809273343454,0.005385744443543129,0.04168774864891945,0.6038132482700995,0.15988002081894828,0.1958287049304552,-0.09272665093175199,-0.07550788451698297,-0.051307900283000536,-0.0939839138597758,-0.21652294279993511,-0.09531584989178413,-0.1722390508925967,-0.092591268587618,-0.24637166444585695,-0.056153763159049026,-0.41507341871939396,-0.20302023367339322,-0.20281736462164285,-0.05914817276707021,-0.3233225603556336,-0.04861897052342374,-0.09228968459136767,0.09696753130724863,-0.09975696334620279,-0.03521587846223704,-0.2893097011779097,-0.10226034468150412,-0.15824778977842738,-0.5843469825060053,-0.38457673786128804,-0.22610542493268837,-0.27422935698756445,0.04095446579092383,-0.0977541865014235,-0.002891756345019071,-0.3204521633249993,-0.2213631905833743,-0.13281989614062117,0.039797023194983565,-0.06068501191505021,-0.01644746786165006,-0.02644969980294741,-0.5123881164624292,-0.3916032769970621,-0.21246311961923947,-0.23381420145652773,-0.3042712702326321,-0.10401696237556045
0.04448039074765242,-0.24059631617961785,-0.2510804495451308,0.07091174829494508,0.6016137406064939,1.0,-0.031738950701610584,0.4952395116187729,0.5651424412107006,0.8338522800855869,-0.19046042623748172,0.17603194969814168,0.2945453738260158,0.29969460014363014,0.5343714282212595,0.6672101826357373,-0.11065613190433703,-0.19145884199198387,-0.31661042552438334,-0.36332312333614974,0.1713886597785224,0.0675156743300102,-0.18100663645805926,0.06728146451327437,0.4476754299411178,0.5142294955145816,0.0810617028439307,0.31306993526163435,-0.29505291688039526,-0.30535908366782893,0.12868510929741991,0.11048831923876103,-0.3697994263831957,-0.2934269219375239,-0.07428365512894947,-0.06779772049469628,-0.3045685289065832,-0.3292125651824514,-0.14538210817562333,-0.25229837134119826,-0.1745140292163324,-0.29688728851850915,-0.38800681766453365,-0.32468522265991356,-0.22075242612565704,-0.08407822320038522,-0.35265687883777763,-0.26631384731912633,0.04960441616804391,0.09191810795990299,-0.05013996557305955,0.12109850280317357,0.10067513990008391,-0.10191131483847174,-0.18412899387691944,-0.27283377754377597,-0.0970270961358949,-0.05429344402352579,0.13809306824103415,0.14472729639131018,0.07325371893212815,0.2798553724957682,-0.12866750386466208,-0.12917164829022273,0.24901861938794376,0.4590467524439255,-0.08129010040415886,0.04796242614280866,-0.1841010759603939,-0.09911973834743452,0.2475539453687309,0.04764049416894646,-0.08224832969234336,-0.48151048399537477,-0.3846531463640282,-0.3318437864136779,-0.2534266841547745,-0.3195171901624373,-0.1785025376089843,-0.22236139309400332,-0.29931439007745486,-0.32377343463954095,-0.08258851602376105,-0.3760929608034245,-0.2076514753462843,-0.09751958538731513,0.0796852094844906,-0.45104937224594194,0.18047708437087143,-0.13738594785401465,0.13893314334074242,-0.10171502828881573,0.29619542038344304,-0.21662405609843025,0.09169318279785213,-0.1568954567863894,-0.541468393438646,-0.23113058987482984,-0.26814355249623434,-0.2677070573795095,0.2120854257118287,-0.0945878420653649,0.20625395823784518,-0.1322184054683417,0.08301361867909819,0.015244588861774534,0.14407469144541293,0.030223289439524167,0.1860576557432629,-0.024283748698449004,-0.4655476329583871,-0.2818933664617192,-0.24942175038856185,0.03823950011200724,0.02255039575900436,0.06947895768737353
-0.0381289806794097,-0.28324919375542584,0.776888631243696,0.4537520256070352,-0.010652457650790216,-0.031738950701610584,1.0,0.44944709020505125,0.09757680040944726,-0.08863958129449383,0.09230380698535144,-0.03159625060699226,0.042851504886064935,-0.27159849632477556,-0.18939364441242015,-0.18889087692213224,-0.18599881722682568,-0.34322684850801044,0.30345474618605167,0.10903463394326146,-0.14834017579031353,-0.25893092861222244,0.33469527043634284,0.24928819282324358,-0.12125271456262932,-0.1362918812087421,-0.09693063827396005,-0.1566061941733874,-0.14856657053665662,-0.2662465680924934,0.06553929902314867,0.03286327906172435,-0.130771164261857,-0.04441637322789993,-0.1107002247664354,0.16385397681125463,-0.3136847583349056,-0.3011629915765437,-0.21326016192496364,-0.1421282906929356,-0.06282349110415782,-0.0606155115344357,-0.17085756175200056,-0.13859963948734255,-0.04028927724852387,-0.0722433150353098,-0.287141080522399,0.06587067118896187,0.027768243253992787,-0.12861134616969336,0.3528939796389081,0.16524477451615588,-0.024358799533684063,0.04301604920577698,-0.3891936702468963,-0.12687413057315003,-0.3171282265308956,-0.22100011279370113,-0.06775986085410202,-0.05778688783610305,-0.22491799911301516,-0.07093774649983785,-0.35416223919519085,-0.28963855328065774,0.37792713952940354,0.21898926526970766,-0.028697453194869035,0.2108801156578703,-0.2680475549323252,-0.10190080632666308,0.10712383324311257,0.1167560999648006,-0.1511367933581559,-0.07973624637353383,0.07296431325124218,0.05508910350566839,0.0461766799831496,-0.024313699498655843,-0.21679367511069206,-0.22563591851045509,-0.2930682958948678,-0.207543524413773,-0.08392284833145375,-0.3307157942868478,0.12164675178417189,0.013508016867097171,0.0668927937185509,-0.11518259191469674,0.1683137251843599,0.006358170365131927,0.21371031438761393,0.44262404783692233,0.34214994967021906,0.47933273820944455,-0.04769881608603574,-0.24760857218025892,-0.15483542474549353,-0.12128345242890003,-0.030572732667771777,0.05566781824485631,0.047987911631502615,0.1477971147465599,0.03267227236837316,0.10892741801022722,-0.05118897645025204,-0.1394111978974612,0.13199736333399759,-0.024315248156098316,0.06867551592459988,-0.13212447255087725,-0.0380489424832423,-0.0393954066086313,-0.0005397473889776873,0.07764721870413299,-0.03912187057479228,-0.08484358799913896
0.06727579998483436,-0.49766526258747673,0.14146856504539487,0.6209888358305689,0.24045840932194215,0.4952395116187729,0.44944709020505125,1.0,0.23527633445380683,0.5464884189494384,0.0008023251550872446,0.3602569965462186,0.20128393561436034,0.2864039895884746,0.19397314476524471,0.4659276938789399,-0.04055904872381649,-0.36535512115190427,-0.0051379690835176035,-0.05961984605929901,0.036374494932254794,0.09955718386422296,0.06221911510842561,0.4376171144764774,0.031685308995575465,0.1712934983318363,-0.10243688055825195,0.2102810912682797,-0.3523008279025561,-0.38257120610749124,0.07093858674611256,0.2084008031911807,-0.27464019858071137,-0.11900765100468065,-0.35518114329638556,0.034575141345618746,-0.5292900292626225,-0.4562114310829053,-0.45067781874321594,-0.23312532164058056,-0.37213186528937303,-0.3703668384242279,-0.28125893887410647,-0.21251741232260699,-0.1843729675367331,-0.0036495047426702725,-0.23769614955461918,-0.14505382236953257,-0.019981754950743186,0.038756434040339356,-0.004088288737975658,0.11964215153367995,-0.10728022073228392,-0.09942235278880773,-0.22866177079138408,-0.22913892601548722,-0.23285577189544793,-0.4448118711222608,-0.06739398130505429,-0.01432591624038339,-0.15723813690651695,0.1629044019994102,-0.42413841030039595,-0.4323720534411312,0.5093521059540245,0.6603293571152824,-0.12731896970285186,0.15214025577037543,-0.4536225644386385,-0.2981179657708135,0.1383595088399137,0.15186020909173029,-0.3050707147360004,-0.4669834072357346,-0.32769320886563286,-0.24882209838395428,-0.15538053064614588,-0.13071864571933947,-0.3226161625284066,-0.40306495870172687,-0.4589354282021929,-0.371339017932676,-0.04337798095451048,-0.3697477248256382,-0.09386665014275393,0.07266794190037733,0.11475170121557127,-0.4222228576034142,0.14744078137629993,-0.13056154389377134,0.29263647682582344,0.09252584626257673,0.6078569829779911,0.13680647092878678,-0.18512394286111392,-0.3606020062046123,-0.4589557102018312,-0.19964833710234894,-0.15143074956437477,-0.06048528331251679,0.3307039358215737,-0.08881628418000781,0.1457934290976851,-0.04869577462901817,-0.030319563848070413,-0.1301246391413306,0.10410843719794012,-0.06611160573964027,0.07261417221877621,-0.09277278628778454,-0.3423654195359337,-0.20552647143016578,0.06519895868686865,0.13844266097019078,-0.15499979739735448,-0.031501579752131165
0.09607550748017739,-0.011680092730059455,-0.14701840066010144,-0.1572582903642104,0.869906245731256,0.5651424412107006,0.09757680040944726,0.23527633445380683,1.0,0.5439508095114143,-0.1668789348911503,0.02028277780629646,0.4921996251181364,-0.005493340511117469,0.8035746295100268,0.14855579448174056,-0.005982960050262812,-0.1272058460367724,-0.14654047321802935,-0.18403204598235764,0.08328841338384424,-0.08874964395882826,-0.39023721150831037,-0.39301482728012643,0.19687310941319522,0.09577457015878298,-0.09087137246169057,-0.2117936655927333,-0.1973706614064281,-0.26035418978563724,-0.14483732367649324,-0.23077419217701942,-0.21415060716972334,-0.3181989685033606,-0.20566574165798865,-0.21488046819543663,-0.2059291696492511,-0.412261081437761,-0.34371769764127,-0.45709754677870046,-0.19093255078275495,-0.10712030934219895,-0.47749539464403773,-0.46824162401859226,-0.22699608893971196,-0.28949327369759914,-0.33669779391030646,-0.16144435045764016,0.31488752058426556,-0.0012543147589221197,-0.02602042816642984,0.4821423363548505,0.3665131606031123,0.1606546539439886,-0.14091435080901754,-0.10910409726720532,-0.10042515940851093,0.18634018676837022,0.29027375532811794,0.35761462785908243,0.23789808613033842,0.36323519089544776,0.06525471073655752,0.23032556016694478,0.023600013995274036,0.12062750580497113,0.13133609076939984,-0.09731922483426768,0.05153083681257631,0.13568955587052078,0.5023522642398813,0.09928616273295976,0.14758508134283982,-0.17114389673176755,-0.11707180719308181,-0.08610154593238588,-0.10168520221126891,-0.2842790553302298,-0.1425636550232462,-0.18858139308763608,-0.004039973622609808,-0.15733055945255497,-0.09285830899729725,-0.5000537360347743,-0.1795677536145339,-0.3155286080673882,0.0007530317058799384,-0.4002075424686322,0.0720988364177847,0.0013475503546429921,0.2358805021006236,0.06618799642668372,-0.0409879190416396,-0.1469228894556299,-0.09888643027587787,-0.2026945813188189,-0.5921296323194155,-0.3995114538533381,-0.030916263491771193,-0.13870305187914783,0.09807594573538911,0.06361478631760528,0.15301411377178228,-0.21116343237795449,-0.11243429690831898,-0.018198136265421726,0.08319860959681011,-0.012591714240322996,0.01294291124727445,-0.061371090738967925,-0.5582281391560953,-0.31685054193543283,-0.24567614692574355,-0.2888197275874502,-0.30337734734792454,-0.048057914167915314
-0.07368338773957812,-0.3403814926337921,-0.3183280619872529,0.02879533574997911,0.506909102541639,0.8338522800855869,-0.08863958129449383,0.5464884189494384,0.5439508095114143,1.0,-0.17461239650065802,0.14143999520752024,0.23166119129909316,0.37762033556190716,0.5652410511241593,0.7654643526095909,-0.03905345089141829,-0.0991136588714068,-0.327719288053024,-0.3798371026169854,0.2602307770468344,0.377351448930085,-0.2194283460415079,-0.03975951008860665,0.40414304322326766,0.5642930782510016,-0.04888309883583239,0.2789991433251441,-0.2866788441081148,-0.27897734585320855,0.17760001848964274,0.16648616268772043,-0.19496695272520467,-0.19032731196920538,-0.10414633107610714,-0.10302570606833969,-0.3432395905433141,-0.36920782822462034,-0.25054462467738814,-0.29122973507089195,-0.3321079756901927,-0.4551446168868855,-0.30791509852806237,-0.2338462280479031,-0.14305068920262426,-0.03737793971152281,-0.1753229626325089,-0.1957829365254774,0.08835753690104514,0.21373125366101578,-0.06179425832081854,0.28017207847350045,0.05626146846575053,0.03803679760354215,0.028427975219207688,-0.13217987857931346,-0.06082544887621554,-0.13625175297971787,0.05880961194050137,0.03277137768525814,0.006544939008624596,0.16436027527807504,-0.11958004994258718,-0.12857797348266692,0.19586634938694691,0.40264124578766974,-0.046709468877656014,0.01141322767404515,-0.25493850600484763,-0.10917001932218239,0.2927610776500071,0.1655682325238232,-0.11899438977940079,-0.5743184770228762,-0.475615499860243,-0.3930400917648873,-0.25160118274625026,-0.31386738170941153,-0.09790941467884204,-0.15273508789500428,-0.18760106497706455,-0.1844618717952736,-0.10215678467065145,-0.266771893507857,-0.19341930802143076,-0.15334345088726326,0.05165903811359666,-0.580001503718401,0.08859882521815021,-0.19625518355665067,0.10255994196072382,-0.1394014071632131,0.20182140547019328,-0.24686817663942814,-0.015620322501352858,-0.3436352270435131,-0.4817224071174622,-0.23787046603917936,-0.23317652529598176,-0.29899620391565096,0.14315100627410784,-0.12516454495767343,0.19970121103888394,-0.14315324890032433,0.02636497317427463,-0.024024796222578484,0.005850847917804859,-0.02098393079120179,0.03209759678892066,-0.11313779047651186,-0.4290466579866642,-0.2577742783881125,-0.2176547394578115,-0.03229195100858126,-0.13573646404070555,-0.029197513545439358
0.3548484384456302,-0.026086440229896275,0.11770611576483897,-0.013743927828873083,-0.1433706974600696,-0.19046042623748172,0.09230380698535144,0.0008023251550872446,-0.1668789348911503,-0.17461239650065802,1.0,0.5070720609908728,0.023061613682930044,0.31143139127675123,-0.012991062893024116,0.046497713715566526,0.47045677211124065,-0.21496805001407548,0.5946266972835904,0.10371380712411439,-0.026086838740332765,-0.03892510518510998,0.1996294878688735,0.004437935054362255,-0.3446093365674351,-0.33978499531154066,0.2042052373582741,0.013819108281498712,0.23793963098822135,-0.038209722235008174,-0.2596731731930604,-0.23511992645734395,0.06975101102000784,-0.06520098608020808,-0.22458883199864002,-0.03309851547485015,0.0034416056312334075,-0.076764665541838,-0.05177601150088607,-0.09350434416798165,-0.04124375279688641,-0.035545831838397435,-0.0049628233400308315,0.01100836725920206,-0.11506707137382081,-0.1694164823084883,-0.17837009550894814,-0.0786457922161153,-0.01264111788655784,-0.17475290740073085,-0.11994497410893418,0.054829707514003234,-0.0884202762123299,0.016802159708352665,-0.0622527765577657,-0.10643592058978846,-0.06880704578799707,-0.23356469706516306,-0.06804100697384258,-0.01609788546463047,-0.09086511362548502,0.06236883894716806,-0.11725998601829853,-0.05622663962381945,-0.06129062981965564,-0.13685530124207804,-0.1756323722717675,-0.14912435249811296,0.03619635584983513,-0.15250142157600421,-0.0021250844835058124,0.19078720948369576,-0.08670811762730342,0.06482770859792125,0.052840399534798854,0.18893916009255834,0.14390430594286316,0.12844128597405735,-0.16362456370126646,-0.22484181226726233,-0.056030648147656514,-0.0806381736084198,0.47925903430030353,0.01713613148025774,0.3336807436147569,-0.0295395691659411,-0.08656773942966345,0.00361219371526321,0.07587981638391052,0.07547580805071417,0.051976714439461606,0.2659165375461931,0.051067349669298205,0.25122254744803546,-0.22317884517222014,-0.2487689969088671,-0.17940802836727804,-0.10914953989784583,-0.11862265359758964,0.08151976987252006,0.10754470768348709,0.055856019842660976,-0.07057154934667678,0.07706408101157228,0.022333152490258294,-0.12763832670641553,0.017055159432191505,0.025091264912200904,-0.15791805680165802,-0.014667494985157733,-0.09824739239050874,-0.1868764924825777,0.04439940179774011,0.014451235049355271,0.015499937108204758,-0.002921367488489807
0.3296621055125282,-0.11398577169875089,-0.17141305828917872,0.13177288043612842,0.11561060228699967,0.17603194969814168,-0.03159625060699226,0.3602569965462186,0.02028277780629646,0.14143999520752024,0.5070720609908728,1.0,0.2538770967511472,0.6845522630372741,0.2070552008483415,0.3701274902443931,0.38265427910723365,-0.22672024559852028,0.2898133582504754,0.17865402231615649,0.06833521676965723,0.011454151098697352,-0.004362740838775521,0.22658825321941328,-0.19702723758826254,-0.17008042574235008,0.08934954597604135,0.21799871661784093,0.14479429314911277,0.024193889012487264,-0.27301862980472297,-0.124618839586921,-0.21977905624393979,-0.2196701275301765,-0.3540267938467492,-0.12426499161576643,-0.17828594712573498,-0.05047084844535527,-0.15770616240810573,-0.1437178148651835,-0.1201848055087306,-0.04251940574770774,-0.08815113809952405,-0.06219726443221348,-0.22217555978844275,-0.10770823459877508,-0.15637918722411043,-0.14373554916652528,-0.05790938399766178,-0.11257377154510348,-0.3851181877593882,-0.11129062134023383,-0.07522641895755597,-0.1701451976041095,-0.1289759946976647,-0.17442996876461644,-0.2100023496131242,-0.392939795203065,-0.1402475137321078,0.07957380936411176,0.017755308204940028,0.321264922225502,-0.1519702726708502,-0.16409232954938674,0.04076195543853748,0.1713360143327945,-0.26961596158932094,-0.15245486945013098,-0.2019192799449904,-0.29050487046346574,0.1098061124543414,0.10432373277273002,-0.011261990654175252,-0.029385037505009523,-0.010339859915447227,0.13181719188951257,0.04275087266484359,0.16176758444244624,-0.18397995018419527,-0.3922143448391461,-0.2102882129707205,-0.24082874880573343,0.24575605635081924,-0.06015196398898816,-0.08778555800053443,0.07494666205341227,-0.03770617313166992,-0.1735052296393348,-0.011096190329290786,0.025768359257721668,0.23280859141486387,0.07786076112297817,0.3282001193404343,0.02159138109237217,-0.22996439579194422,-0.22335909920282007,-0.3363179028145788,-0.17215906309698267,-0.17837776782251197,-0.0888074657113842,0.29096959533681466,-0.13512851527005648,-0.1104832063834402,-0.13798846038373128,-0.02171662059046103,-0.09381059204768805,-0.028188061008227974,0.011528272287122117,-0.15292489840879367,0.06754082086415718,-0.2588788948397449,-0.2823276861639502,0.10338144073404347,-0.07323932230712053,0.013845285650566379,-0.065326633272789
0.45245241933150226,-0.01624606806350508,-0.19730762820864028,-0.23559132649081863,0.47755204240221616,0.2945453738260158,0.042851504886064935,0.20128393561436034,0.4921996251181364,0.23166119129909316,0.023061613682930044,0.2538770967511472,1.0,0.42710390660516223,0.4788839152448844,0.08813248147893016,0.34174813617334493,-0.16045293538565378,-0.09776618784559978,-0.043681751141477695,0.07939289201507274,0.05107459844153735,-0.4786835712215912,-0.3244275909051352,-0.10833342852122295,-0.23141785135302204,0.0081652907032655,-0.15681677732098126,0.039235746402267076,-0.1541000233168628,-0.2214441130452806,-0.3001645338018132,-0.05728924262625309,-0.21941787662767004,-0.24287555667825975,-0.20470004454231874,-0.24746403500969172,-0.29940827941946363,-0.21499224605769726,-0.18234741564097803,-0.15464137068044906,-0.07082396209476921,-0.4470811383682711,-0.445131380785631,-0.20537209556875352,-0.4122165680990018,-0.34696834662971215,-0.21835020473809796,0.4961319598385004,-0.06792288290939037,-0.25987421988621134,0.1626899754569366,0.47568221546178496,0.17705524539161552,0.05783932458979345,0.027052810981570852,-0.06368934289937263,0.035432158944083504,0.41041061679594276,0.4633331621984147,0.5727460135842604,0.6089298221968306,0.13239023139622053,0.24937645553201368,-0.015992439080182334,-0.05726446560829681,0.19873585522534254,-0.29445673613482226,0.011691730744129538,0.2554932446814325,0.30392473265937325,-0.0025529062747023656,0.07714390010017572,-0.17379473582867525,-0.15866589417653595,-0.12061099863490685,-0.33363101753387664,-0.3579832209187601,-0.21168910889523612,-0.3857864503791955,-0.024032030368796403,-0.299262302454785,-0.10532968063300932,-0.20615946740607977,-0.5271105034656596,-0.3748055153959938,-0.16331520670784824,-0.2351331224595303,0.022738430315204117,0.17676269744816595,0.3275330944638962,0.15806344050618795,-0.10778805656284965,-0.026529788878112297,-0.11102665804566911,-0.21165334883690154,-0.26850420590233365,-0.28327966929821546,0.040165821099207105,-0.044867338187478095,0.1418182182141819,0.1802213679044666,-0.0067433720139503175,-0.150918052392157,-0.03000495911897062,-0.004859908402451202,0.09444593785283106,0.07795110775768936,-0.12749592568423534,-0.17206938639390965,-0.4984599453495053,-0.21160986427636053,-0.05463936011958085,-0.3656385108774553,-0.045423705201209016,0.03145585555290164
0.39763808110422627,-0.20757816200192672,-0.3091000796411494,-0.0007896785383257232,0.08767015203190372,0.29969460014363014,-0.27159849632477556,0.2864039895884746,-0.005493340511117469,0.37762033556190716,0.31143139127675123,0.6845522630372741,0.42710390660516223,1.0,0.2596480941347366,0.6252336964889023,0.3152698857631414,-0.14101939862789845,-0.08057741866734844,-0.1332980758639628,0.08533198507891226,0.2628470956279102,-0.10838135650083798,0.13579364359857374,-0.10321974656691052,0.0004222980735311982,0.07945658209891526,0.2858708587174145,-0.04860230477066993,-0.12736869673022563,-0.17144543682014698,-0.1398356527179963,-0.1428182132027394,-0.2554592853350626,-0.26555239551811927,-0.1743121334114776,-0.21506279646048446,-0.027177439945501564,-0.007290412160404156,-0.013939614999659001,-0.19577895283190416,-0.25010290987998607,-0.0635888827428009,-0.0393401107191278,-0.31453571248790746,-0.11414775140503867,-0.07947084250741161,-0.10328473083774178,0.01740979440593542,-0.03420805745441024,-0.2547245927703655,-0.04265278518903993,0.10088272206351412,-0.03801678070272173,0.15673941453555,-0.0866945201814235,-0.03650205860507138,-0.38860674000591566,0.013801331432376737,0.10021297669851828,0.23160863837342208,0.46246759759187783,0.015473071853735395,-0.049360533633050256,0.008013932279002179,0.1611924484617554,-0.15231146784388894,-0.22762111824751133,-0.17667853403129852,-0.17389399666794234,0.006872591407625297,0.018131253444483707,-0.16462548633223617,-0.31745025392136283,-0.2771328038322738,-0.19799346897278594,-0.2640122363879618,-0.16237249910080992,-0.2114815813492713,-0.3697527490548024,-0.16893292113422861,-0.10145072077034685,0.30324112918899115,0.2513921095114636,-0.14062606275154713,0.03798133868299895,0.13640103506965962,-0.16697996725720304,0.07058220133801227,0.08165257485768956,0.12813147737480543,-0.043827757786943665,0.16135573992250757,-0.21171602699582026,-0.2337424762532454,-0.3278154425903866,-0.24099351212800188,-0.12015287134371684,-0.271505423296011,-0.2376953128462401,0.2589033737230202,-0.17963974650656137,-0.15080276982274723,-0.24483455219254405,-0.08113489232538347,-0.1294561840095157,-0.144001912954774,0.0795147776193827,-0.2840618084687272,-0.13646345664658374,-0.31599732786457296,-0.2956636268894805,-0.009739456639693257,-0.10469280687935217,0.0559086157741347,-0.11776072909638573
0.14892593533411264,-0.007610771026298081,-0.37750601014373636,-0.1736690818222654,0.8820764014829003,0.5343714282212595,-0.18939364441242015,0.19397314476524471,0.8035746295100268,0.5652410511241593,-0.012991062893024116,0.2070552008483415,0.4788839152448844,0.2596480941347366,1.0,0.4120439746616238,0.016942016493592615,-0.14202149135891162,-0.20999033602817035,-0.27293428941755055,0.38025995028299103,0.16965980961380267,-0.38907477473900715,-0.2801073898116934,0.35775937663714696,0.2375428455589628,0.18180938786516115,0.0016671044333046677,-0.15594869012191614,-0.20006709093907177,-0.12437499960779588,-0.15563369112640146,-0.23377252784891808,-0.3335305346744548,-0.29789245252643326,-0.2079378396177469,-0.20822410552118925,-0.2091648780735766,-0.2004252216936032,-0.24709091959371726,-0.16438066702810314,-0.03777281500216916,-0.22063576279410488,-0.1955525631637896,-0.194702932052914,-0.1701549820697797,-0.2531251973384194,-0.21033703778008292,0.26807294818369937,0.07316675927108424,-0.11585965067900711,0.38276935598393835,0.2009758648291816,0.06708225121888513,-0.09156886719100585,-0.13669759274328436,-0.02127617796384717,0.060601032199859024,0.24844327354097853,0.3191275960653159,0.22408021938476638,0.33719503465607326,0.01988447414580021,0.14414857156423286,-0.11805792912200863,0.096020751634532,0.015773920361053583,-0.11561585557843869,-0.08784054933716873,-0.04103761745276377,0.5846348798016231,0.1541338842266226,0.12736379161913872,-0.12594329870889837,-0.1551096210180166,-0.06301096075638776,-0.1473260924602256,-0.2269719960042172,-0.13779478962443967,-0.22934606846588312,-0.07586459549346435,-0.21391466081992158,0.09204530615728741,-0.22858985889485942,-0.19620804173096243,-0.1523201162396108,-0.13010234643039337,-0.28872714620282597,-0.06090092488186797,-0.0004962527644057139,0.030367555445155875,-0.21658506032952896,-0.15313955856286976,-0.3940330904545815,-0.2695506159063509,-0.27710193258990834,-0.4802730529672474,-0.42742183658720795,-0.20965792656152402,-0.3806360550191905,0.021570820026093743,-0.20158490003056975,-0.07958579041420413,-0.3728583327843933,-0.2580323415621308,-0.16432847258769495,-0.0696853508726412,-0.021002102804909346,-0.23908349392147493,-0.10124646709454532,-0.5313069483242387,-0.43403152994494754,-0.2047904002098354,-0.28201413402627207,-0.3714431506601204,-0.22058849389789098
0.01568199085139262,-0.35556460251269856,-0.26904584629828865,0.20692227246086517,0.23550201656812028,0.6672101826357373,-0.18889087692213224,0.4659276938789399,0.14855579448174056,0.7654643526095909,0.046497713715566526,0.3701274902443931,0.08813248147893016,0.6252336964889023,0.4120439746616238,1.0,-0.07291849202917981,-0.23116517480645113,-0.34128680522908594,-0.34905228454341203,0.3399945380448537,0.44796720148076946,0.01727791694407846,0.27280418929107825,0.31182252798815246,0.4715666428472167,0.3088166774016059,0.5697128089575533,-0.3666242237176731,-0.3104971404576617,0.05785418159499245,0.12801865197781598,-0.3132908752863014,-0.27346298629722565,-0.11933353208457392,-0.07959425180908876,-0.39280107314547436,-0.12625882164034857,-0.09319306859911307,-0.040816977844042826,-0.28393276589279043,-0.428509253750118,0.0009585254607422464,0.05100275604775294,-0.19493520036000045,0.016418867157049342,-0.10537964601531956,-0.14191688564359342,-0.06250465567532007,0.08520014133820364,-0.0006038159620071555,0.03170170889107481,-0.09212862382697382,-0.04031046042913968,0.010591035609427398,-0.1861956596032808,-0.08030532314419704,-0.31004305371093144,0.003602951303272552,-0.035658506054728596,-0.014988437139837264,0.1386982580193401,-0.14514289186652604,-0.24167842475763668,0.19692708156763966,0.42408767507182327,-0.16728369887769073,0.07678320359191695,-0.36742869609219625,-0.2682860012229796,0.11501326263217988,0.13928509376240933,-0.3237777329618353,-0.4855006680895709,-0.44723824152160785,-0.33558755672237844,-0.2964443998638429,-0.18654556884224843,-0.2095698943574785,-0.2235682510066944,-0.36107670691321536,-0.16171564211167222,0.17820739664184532,0.12335541706175088,-0.10351711639313894,0.17602794224947818,0.10005090847394842,-0.2846617801811231,0.05417185512876735,-0.06802624850601535,0.006906469521318908,-0.2146425916852245,0.2990318479495396,-0.2530591842322273,-0.11882864404251517,-0.3633828372190548,-0.336070244120721,-0.2422007649039109,-0.41524345331777374,-0.4661798462339775,0.17811603104915497,-0.27605773325449784,0.039723885263415554,-0.16532808275404648,-0.00677699791755053,-0.05415045735339211,-0.11226691021036186,-0.04411558515935233,-0.15227932519882476,-0.1520819926640735,-0.2936921960255874,-0.2979846878156097,-0.2816470212180203,0.03485289376026188,0.0310848599210304,-0.07689810715805767
