1.0,0.09133151237511578,0.014572158915422026,-0.2582679405333284,-0.2747603151067974,-0.147282420171374,-0.003821512560004115,-0.2590498314949988,-0.13467363515213196,-0.2856754918267772,0.42786438439446745,0.19136990128547512,0.12166129246163127,0.0694932518556896,0.04934103063827213,-0.16734720919573073,0.26909741680584137,0.026125948391408804,0.26706187292756767,0.1429726328848627,-0.16687349059851686,-0.16319144109868733,-0.12714534451924267,-0.12560203495620964,-0.15730786715939793,-0.09083078868261044,-0.09808152439875195,0.05540911021223427,-0.09724209484294732,-0.19392315495953097,-0.24048424499948198,-0.23447587004214118,0.15510796088443657,-0.09847069536485598,-0.3064646709874137,-0.1747466064942024,0.025350407505124257,-0.10432178897059106,0.12657263605345168,-0.05947790539283434,-0.0491085101169861,-0.15576660115337046,0.02041959587579696,-0.18169085829716428,-0.16518754274211597,-0.2412745616257221,-0.07923218747268697,-0.16053393618782608,-0.13946089168972556,-0.16481695350509618,-0.10782737726365163,-0.2132860795971739,-0.10467431560253199,-0.16144715856679728,0.2271562732274651,-0.09761457766433969,0.5744345873130599,0.045349290997883714,0.2702580327212441,0.00044092853068621735,0.07592814820646118,0.047912681034649705,0.2171391295420755,0.013105600769766471,0.03315782160731248,-0.12790146212972192,0.2813773849409646,-0.15054600607154256,0.24801665219329996,0.12368101780680651,-0.14205520626076956,-0.23406613187278477,-0.10887186042621962,-0.23950021534865704,0.04511092870567912,-0.024446020182665448,-0.08743698207221841,-0.1456909938023792,0.13257571926965472,-0.030014425819177015,0.21645906150554373,0.04431831723574024,-0.03875393306223189,-0.10466703310526684,0.14548833246592097,-0.032487399167326216,-0.11072259231453874,0.20618750572583497,-0.011350613895114946,0.037696062676778684,0.03243436726199731,0.1293503935441251,0.013777143308277671,-0.02489711022229397,0.06602972816074731,0.1262551927323429,0.1950652293668973,0.07331767197568761,0.024921173730076244,0.18344224363642353,-0.21361691392217014,-0.06107803085093803,-0.12725025127393572,-0.028078309000908505,-0.036693002610178965,0.14925335032501513,0.07702056388879486,-0.019315785270723262,0.12088093269324085,0.11330201717847252,0.014925883269728537,0.12421921047496923,0.10721946788134934,0.007729323669367518,0.059524945402387834,-0.06883237932455896
0.09133151237511578,1.0,-0.23540101186064674,-0.12856037079964344,-0.026631830458797377,-0.028196356479676398,-0.11091187565429583,-0.010036339669414591,-0.14022287155307803,-0.025294293912778272,0.04180397454813005,0.19886235806923486,0.14623367850440616,0.09857922187649372,-0.06834910614065222,0.07508634509382274,-0.0029277798804220093,-0.01565796819910679,0.046966767409781,0.27595564938853556,-0.16308041290289346,-0.12396424386226501,-0.4293941983158266,-0.20705853627029755,-0.17061209126907725,-0.03648336475165559,-0.12677944397475965,-0.0378644801285997,-0.3328963145958251,-0.15800314855755646,-0.26254011908145963,-0.27794965637800806,0.019797400516986547,-0.017562042872666227,-0.39514564340117037,-0.3140752763778913,-0.1298608536483523,-0.0713803215814127,-0.10100208230778221,0.004292387785188551,-0.0927518585812813,-0.030570738735330553,-0.2879364946496976,-0.22802465443854708,-0.17409901185171195,-0.3064924715962936,-0.12178539403825578,-0.23562524257711084,0.0822232357153531,-0.19853380168028462,0.14474944112837904,-0.05376640804945764,0.15601643243036978,-0.044125328854047706,0.12265626879626396,0.1393101084089029,0.020925866421471886,0.6024954993561488,0.08966968804207352,0.2566388579660256,0.11976566854901188,0.6016189204393739,-0.26130845510310546,0.2929556098241811,-0.2113547405426675,-0.09805406455076345,-0.11630283384613589,-0.1312437661410229,0.06453416760376789,0.2922298928111501,-0.025697330090695008,-0.08275737554012355,-0.1037042630839876,0.11121956516611392,-0.008548475250523739,0.18908600084186178,-0.12843294478505754,-0.0391675023702456,-0.09223170038031889,-0.036552702557853416,0.09134317114118677,-0.20391528292347513,-0.08953133964504892,-0.2636601661856727,-0.09137653137748987,-0.014414071039612867,0.08776501505735891,-0.04408616790056814,0.014648540745147433,0.1251466150925486,0.13979465119271814,-0.05539401959396636,-0.054079810904845156,-0.030148088181578356,-0.07143512895258704,0.047789515229432415,0.03615214445673519,0.18529989776451128,0.16742823469887486,-0.05232613970616181,-0.058794990142426284,0.09555825722125423,0.04192045939451317,0.12345987138561583,0.21762425968270002,0.26321262430138703,0.3127275724463297,0.13586289219581696,0.003885967891131156,-0.013431133711595242,-0.07824689733657267,0.001117195111914216,-0.2507092871736491,-0.15388828075762787,0.14280478589083365,0.2557553805676686
0.014572158915422026,-0.23540101186064674,1.0,0.25086040500943196,-0.05010611218173289,0.03826369789138371,0.5838724958543378,0.38898440614178764,-0.09388216967329839,-0.046840466916063625,0.1407504329601387,-0.014829366905870434,0.06980681022719551,0.10921594627087937,-0.020779479846237122,-0.13738603917620443,-0.43364642588450475,-0.12956050766353935,0.3085306204507007,-0.11503210214530367,0.07174235547451363,-0.0016962443519609827,0.48904528935783453,0.259627487490627,-0.00770239072864733,0.12343673432399192,0.10453523106103402,0.12396260584324968,-0.31835856090805614,-0.15212957002892885,0.11565327621806347,0.05364716954096163,-0.05245278104380363,0.11035285593546353,-0.0037852089137502738,0.14774560516644494,-0.18932390614149375,-0.10819051320886486,-0.04380476014663895,-0.15454448132526252,-0.18661427275296438,-0.061381632986576236,-0.1532829911844503,-0.044126305326636944,-0.3381153179741645,-0.1806435916076624,-0.378931190840584,-0.16340874940923755,-0.2240804510166591,-0.21670092612894976,-0.29505303667929145,-0.1831286215393857,-0.24363331726672693,-0.42516706211014565,-0.017405160203516012,-0.0940772280754702,-0.32263855514550954,-0.4104637947275412,0.329254292871046,0.0833635153781373,0.1702668305749306,-0.11139198161731799,-0.2841608673200682,-0.18180608219414282,0.16488928081894416,0.2231463938105361,0.1046345533467308,0.06480084898274519,-0.17973278300144732,-0.22817854601663456,-0.07142275686084829,0.006143845692928346,-0.3094118053022261,-0.062081444537200076,-0.17605929294501432,-0.007111580870470003,-0.14961848725967927,0.1051389412230984,-0.30112686642687,-0.08263038439136948,-0.3438511988480828,-0.2182243315114307,-0.27950353054616756,0.04903131326505024,0.061599486189510326,0.0030867521558873763,-0.20881751463963466,-0.0828424886694439,0.17818930439847128,-0.07785053306610573,0.08358705509173533,0.28675418979743383,0.07700296493930027,0.2859846392580608,-0.00689996068520984,0.055088960708319604,-0.027988187120965825,0.09427691642287878,-0.14381445083239858,0.19382788109129126,-0.010380701687948739,0.11523063476547446,-0.04075110727441813,-0.1549483741160602,-0.07574720437381051,-0.11545737046893431,-0.11676167508421188,0.008673851761395304,0.18858494369629453,0.1732733126979245,0.00399630717777497,0.0524784885088683,0.15662508833287497,0.08568404533197402,0.16850078976049446,-0.023497661295055414
-0.2582679405333284,-0.12856037079964344,0.25086040500943196,1.0,0.010883203565083158,0.01126164457700422,0.18164451351795347,0.6200394811869824,-0.05180513890523692,0.17832736463775656,-0.18208817032893337,0.031011638707907626,-0.14113464956243635,0.1281309352607773,-0.10419687052060944,0.11443528546867933,-0.35338860461233884,-0.27443673538084923,0.11508340843992688,0.1421722955433142,0.0676368621787756,-0.12678897964241198,0.037585331758161436,0.3764077145592122,-0.09333388750068487,-0.12344750368519826,0.07498592092222656,0.016157843061913802,-0.33834947742259347,-0.11276418777625685,-0.07438907001294641,0.01893618504427809,-0.2474228670240633,-0.19252700719207527,-0.042338428398400206,-0.11620718547590056,-0.014232758392531516,0.0728793277360569,-0.1196472805482715,-0.0965223864998479,-0.14978089914495424,0.005440318448189651,-0.14065707969260471,-0.08043367817644682,-0.11732029707841196,-0.07859239574547434,-0.13059100635563792,-0.05910381279483259,0.03660278051455662,-0.0006584423959482168,0.05367044782499679,0.13985753261343473,0.11718235709062488,-0.010787808230558934,-0.01882823203983109,0.03637909561685028,-0.3505670785978648,-0.3285986643377621,0.08222090378120576,0.13810793994837703,0.15788986832277938,-0.05869350837675991,-0.3159091473019991,-0.30637948197894416,0.05697053707844145,0.10394717376938492,-0.05227264910639419,-0.021523458400739423,-0.13571888312348368,-0.2125490898680093,-0.08673688952100107,0.10414689399275745,-0.31863840723920117,0.031149638497713815,-0.2891163630380964,0.04866028829357935,-0.15454495200555926,0.1736006902425286,-0.33506691288601226,-0.1430169238915613,-0.36526599434033513,-0.3227180641080225,-0.061019871544967484,0.08492968720071303,-0.07098591040673702,0.20822517015692898,-0.09067010130574654,0.08380767054480166,0.17294950481696827,0.37414903037231656,0.1586789499986022,0.16280578313677352,0.28005214026786057,0.11856822617640171,0.12989726655510253,0.11330088088976245,-0.11439565712207632,0.07602666794283841,0.03311742590190449,-0.019539655398139223,0.27512065057316615,0.2258652740822485,0.19729583209598073,-0.06613334072238684,-0.037196141790044754,-0.36471130697090876,-0.20493668808250926,-0.023947113926712223,-0.14733130729722457,0.1769552027055622,-0.10553319585907416,0.07824293710705528,0.30088595637316384,0.14108162624708148,0.1262244470316851,-0.007950637916723347
-0.2747603151067974,-0.026631830458797377,-0.05010611218173289,0.010883203565083158,1.0,0.15001111742281664,0.22381416455647415,0.16907268626998392,0.763156061380245,0.6471591097345828,-0.10544546638876076,-0.028108916403630245,0.1389511462844468,0.143470773304896,0.4023218499279032,0.4916801685850517,-0.08186721349736757,-0.11296363520673627,-0.06689434854953416,0.034621635864151526,0.03607389406606276,0.085869715505811,-0.07925758730450258,-0.2765071399680708,0.4218469620985033,-0.09221822688975691,0.23050742129327048,-0.16533844029201608,0.1333063017324256,0.10508468893186441,0.15870904280839784,0.20844757723006388,0.07368507908104831,0.07627287151360647,0.18863506382448664,0.26903742739357944,-0.18655058820993187,-0.4288735033804028,-0.31109171870951485,-0.30943019574044817,-0.14422341505288327,-0.0894702837423149,-0.16011008411415067,-0.0649314625198691,0.23738236130793838,0.3521769977883732,-0.05926603090182004,-0.08972625520134804,0.06557660583549925,0.07593457911357533,0.03870121737393395,-0.09694673777038762,0.017520535123159153,0.14401009357302944,-0.31552564302522906,-0.33885541790968954,-0.15690048255538724,-0.023852244645890627,0.03952926224709765,-0.17477803448957419,0.1494320155118857,0.11755364869947317,-0.0944206857678218,0.14038476378741332,0.14820087767017415,0.12576902071883705,-0.2339579019328414,0.1658188696121111,-0.029734349442219643,-0.008959591475053106,-0.13809447767258706,-0.1377492637666155,0.04742028349690379,-0.08115003503635797,-0.2139724490822903,-0.15896775718575004,-0.2855040129843489,-0.1854184196813699,-0.04581524327209404,-0.2717356250803417,-0.12763261942677917,-0.04211100981095155,0.017169198495087613,0.39962333949094586,0.0013063400860813107,0.025217545733658402,-0.12345791117923126,-0.26174101659077464,-0.015023301278805246,-0.22279555402898277,0.11915144005036232,-0.17333688199979624,0.08075446744824287,0.10417026694000736,-0.17147622103104365,-0.26910844617555774,-0.41406135908165403,-0.2740067264336532,-0.2729216025632239,-0.5230096112257424,0.07619995770211194,0.16527136629765116,-0.1681966040565357,-0.10193759680120343,-0.11586885349628459,-0.1747008115160605,-0.04049324200299881,-0.06635188615285688,-0.17536386204857057,-0.42702747844428435,-0.2655284251486987,-0.2834265015973868,-0.02605573259451978,-0.306925032965955,-0.17097135092517776,-0.19394736901862913
-0.147282420171374,-0.028196356479676398,0.03826369789138371,0.01126164457700422,0.15001111742281664,1.0,-0.29856503700750575,-0.12998279143012342,-0.05869443401681964,0.20031165775976637,-0.24093519532691582,-0.22244530181970976,-0.41932454863794355,-0.4476598698188617,0.07116733531269216,-0.29602905038521315,0.09853704932290563,-0.08968721380413736,0.30834674773374976,0.30225119335646744,0.5505691376383423,0.5056000804833786,0.2698333521038001,0.29038345550077127,0.7354893229380804,0.7145014711894097,0.6980954725734239,0.7655173286432138,-0.005098576589845248,-0.5194534307843008,0.22250344793415366,0.16458286550503554,0.23270940115863756,0.3353173850753381,0.266052442045911,0.3794862843317833,0.1351210955505572,-0.02607339909035908,0.21427793900932735,0.058985015920487875,0.05307598870652962,0.37063043933641765,0.08799153111825675,-0.009575685833586844,-0.18586968213953853,-0.1952166980205294,0.03712133723678986,0.15565123373113443,-0.2652386763688429,-0.12884505569347074,-0.2455096312895746,-0.26331686158946416,0.12812166885628098,0.19734475891986406,0.03397877628246492,-0.2201535479796095,0.10892938459740915,0.3447110761482224,-0.38415524265372325,-0.10401817689522827,-0.4361991057071821,-0.2748424488827103,0.040570613667534124,-0.16025216529374886,-0.08015794962999051,-0.20817154825864653,-0.10199225392840626,0.11417153739479666,0.27993602226689385,0.39013081485789525,0.12325086481417424,0.06929101063679781,-0.30832807223459496,-0.001102336270080748,-0.038365083021718135,-0.029227582151364184,-0.35048500286553874,0.0031173700726662376,0.2548081238387395,-0.06398228265789316,0.15737545474692705,-0.013653847219088041,0.20655489288024934,-0.01722773679635797,0.28537859895731704,0.06119189320883015,0.17048978731042758,0.1359895502903638,0.12349457499163616,-0.2651131289592634,0.13505467025061837,0.07306326101133623,0.1172167915193055,0.2608160071057016,-0.2181578314162888,-0.12074132832891818,-0.1963572314724497,-0.14888460580073268,-0.12199537921369528,-0.16873787321634007,0.05942838618613012,0.16979310463181474,-0.12593565375659302,-0.08651815262905062,-0.3712284194208332,-0.25726637161340543,-0.14727811004312763,-0.1613287403040765,0.035830024881293276,-0.18997391448273837,0.044427711958851826,-0.17930632685119918,-0.11414457332726108,-0.012628537453626921,-0.3772098348997407,-0.334219160474035
-0.003821512560004115,-0.11091187565429583,0.5838724958543378,0.18164451351795347,0.22381416455647415,-0.29856503700750575,1.0,0.5345880076940644,0.286083757008205,0.2856134839974659,0.2978951792460059,0.10014862586595383,0.4531841786048174,0.42567272085312546,0.04849836006117173,0.38204959233570995,-0.41926616771303915,-0.17690938630893333,0.024184540292657458,-0.0889990555948138,-0.1557381831731201,-0.19980109941405014,0.031245179542056665,-0.17260637530564168,-0.21569861095060136,-0.2909084291120679,-0.054554058193089984,-0.22701963858730875,-0.09109174332500099,0.2471969508809657,0.10967745171208618,0.024894763589226425,-0.12958993029166796,0.054214006360670426,0.13794334826124446,0.09329857725599869,-0.32305134819946135,-0.3280570779572695,-0.3486138491534551,-0.35889086979579743,-0.4107678503033414,-0.34037624847373577,-0.36210327872544784,-0.21378217495071078,-0.13907216091772,0.06224837272413023,-0.45223636923424815,-0.37556759109378623,-0.16374903838369445,-0.16584299366039798,-0.3200091617997273,-0.212912339729329,-0.29852460107050816,-0.2731224205657428,-0.23949129969443175,-0.19690133054122794,-0.4711012938406106,-0.4702741860113438,0.47365833855917744,-0.19963271089958953,0.5353607596863112,0.20614776606639765,-0.2488950546487394,-0.055867711529857915,0.2758037438055136,0.4298649478297175,-0.1992079758610755,-0.027392784912133376,-0.4427657810648926,-0.4342006924236995,0.013270418394646894,-0.04840396225502831,0.0029910078345347355,0.08151010119416914,-0.2776044873508798,-0.062070597321471445,0.028044565442555812,0.09039811834487804,-0.3532689561601318,-0.06559794077355563,-0.46481148209236434,-0.0707457392142208,-0.2936867087200787,0.1870216213415174,0.0019935546180598084,-0.053559009765781915,-0.3767655464379966,-0.28373342883029345,0.1674639612979112,0.13271866101172622,0.0990923573738382,0.1997773533769214,0.18035213857995808,0.2847557451612933,0.09096885433727026,0.05600841015331774,-0.2029044914786452,-0.1096877204868128,-0.24196086170822756,-0.009799252224459064,0.04125754995078434,0.28987024260217975,0.06429716558635186,0.008157001565991116,-0.005792017186418265,-0.20745688291044337,-0.07325335714515509,0.09221421865347765,0.12176609576870064,0.09963384903964516,-0.2009280373182887,0.025271173757721182,0.3078133574067098,0.09396992691215075,0.2528558701042973,0.07275454226799151
-0.2590498314949988,-0.010036339669414591,0.38898440614178764,0.6200394811869824,0.16907268626998392,-0.12998279143012342,0.5345880076940644,1.0,0.15836810668463985,0.39011125289458404,-0.15373726499356083,0.1786168097995134,0.004344654932832649,0.4885893809205784,-0.1628413978788515,0.29191519840632885,-0.4910850663192852,-0.17351718480974485,-0.05012055815909438,-0.16211854917384877,-0.03285235698614543,-0.30784391283198925,-0.22170794457563284,-0.010929801642436062,-0.27908463102596015,-0.33158348095838014,-0.03049422285328604,-0.24940037000818807,-0.3457730290397951,0.030292680095808572,-0.18421097328767738,-0.18518822756867848,-0.2456571992764779,-0.06618440290503806,-0.03123677488353356,-0.14403271771326162,-0.3798262514983263,-0.25250084688414526,-0.37239867092015994,-0.23648378366245174,-0.3394092713011394,-0.26761957887275967,-0.32821334585526907,-0.2516525970586175,-0.053540484076347386,0.10206347983095689,-0.26973616196231304,-0.24030461361633634,0.018383511539205193,-0.01291246911607702,-0.12281882146886271,0.14642670584754028,-0.04747699742901099,-0.2508875683435635,-0.2096377563892244,-0.07949353001808973,-0.4998918969206902,-0.4478868044038578,0.3713871466560643,0.3085944231124244,0.5656916553251616,0.2831775434547541,-0.3034535955259783,-0.04574904691020153,0.10626551182508244,0.540931248803099,-0.0007864615088826179,0.13992245239409937,-0.42421400788981406,-0.4122952311250844,-0.140807642262771,-0.017497647618553203,-0.1472388826675966,0.02885719130224462,-0.30918718219003555,-0.14563998534538417,-0.19956961318312305,-0.0426125357275701,-0.4199975046368159,-0.20941932012070397,-0.5104046805967621,-0.32006239989136404,-0.26835426261817213,-0.07248562683030879,-0.23019130184776607,-0.015326742153271752,-0.23181702082240158,-0.265748133909968,0.22542931443040592,0.30635366057376934,0.23627974471476887,0.11087767349633455,0.18986020457182745,0.00556263178721951,0.02797490970933395,0.02818188191332507,-0.22485802503066807,-0.02037487739153242,-0.04005559591462172,-0.06527529446530252,0.2706325684317389,0.19385924926369927,0.21661221176604475,-0.09569208439907541,0.057723019277379536,-0.22218538440884147,-0.09116060102599767,0.21141040409736409,-0.18665300429175494,0.010744615726101109,-0.2718770437413669,-0.12302082057153754,0.3755038491787664,0.07486642801257722,0.22756622811167102,0.10174877187834348
-0.13467363515213196,-0.14022287155307803,-0.09388216967329839,-0.05180513890523692,0.763156061380245,-0.05869443401681964,0.286083757008205,0.15836810668463985,1.0,0.5541576486438652,-0.08348843971957555,0.00815388563646185,0.28352955402597313,0.21506908180737222,0.5135478980920987,0.588620573464113,-0.05587446882971854,-0.0329214273962062,-0.1807705871021653,-0.10371032902913255,-0.1279027779375226,0.01923394723017334,-0.14692462080808855,-0.2574691531147841,0.2307887886338819,-0.1554671243025485,0.049175863172386106,-0.2383683932600629,0.1565989917413072,0.28512592141783194,0.06687673841864454,0.0620473642778918,-0.10262644865704319,-0.11961455348511389,0.10099051210198477,0.11878877366131929,-0.14447971188914693,-0.3227608636308154,-0.2264874213675897,-0.20528216279323558,-0.09718077380848253,-0.11324260893910809,-0.13618010049947454,0.010874923362438156,0.3456281609056122,0.31988067259080544,-0.07685973332388998,-0.044496530157857074,0.16690000678478153,0.17734321428237998,0.0026996984600338413,0.10436924934239689,-0.013269683594520583,0.09042985642817018,-0.28759731118322907,-0.12565619590586147,-0.1926791553104759,-0.1909365882307556,0.07915728599002118,-0.20543275743128878,0.17525113156095623,0.011499909639718062,-0.1169875177370808,0.0028606235691662823,-0.026968482904104283,0.14858134487818445,-0.27334948840732864,-0.016521039917604157,-0.17333502209736426,-0.2242717971056559,0.057989594077197885,-0.06506027251389308,0.2221640449544619,0.07816096866021867,-0.026617416739656626,-0.15062750310473083,-0.07020573670615217,-0.10143253418610901,0.011226105334041987,-0.08365770570045254,-0.11694771176391894,0.1358946187660837,0.019653046695484327,0.294659457715507,-0.024276373401685418,0.0002804863003529701,-0.10829530822760268,-0.18108215935979252,-0.0758283794418292,-0.007122606599272718,0.08596242921927558,-0.1495709345542656,0.040812596630975466,0.09563018648364106,-0.1189221953386338,-0.16239124900021362,-0.310127175481555,-0.17739556887103558,-0.24466072272566014,-0.37077907988554726,-0.016595137899582474,0.12143773512576717,-0.05429967770955137,-0.036430562675673225,-0.052700501382116224,-0.09056290671213083,-0.04363408043490417,0.05873300569916985,-0.15541136879726056,-0.37400503624772796,-0.2222850474240358,-0.12493840804212411,0.022928119033348054,-0.13717264527649553,-0.058590688335640226,-0.07666647255647233
-0.2856754918267772,-0.025294293912778272,-0.046840466916063625,0.17832736463775656,0.6471591097345828,0.20031165775976637,0.2856134839974659,0.39011125289458404,0.5541576486438652,1.0,-0.0753157839722129,0.026287695106536453,0.05766568510188405,0.21513222700807352,0.13996840301470462,0.5549861679964712,-0.04299147422398522,0.04489192926634112,-0.03440759927560942,0.10004854648106044,0.0672448264632725,-0.0006641959458742387,-0.2031038506329298,-0.2552554145799077,0.3831020907044225,-0.1018856460605006,0.12147442685896968,-0.19443894010079485,0.10584817412559872,0.23057408089621304,0.16239165122258514,0.138026354156308,-0.0258072262114055,0.04239610901473527,0.22348770342304167,0.11772230573709276,-0.19456521963205856,-0.23614882995760195,-0.25956200008654595,-0.21483172691170094,-0.200503940185728,-0.08418773515652571,-0.21406212806415048,-0.09836828030591346,0.13684573673185518,0.21920085694887922,-0.119059047716276,-0.18930514587663108,-0.07101636063351659,-0.04173361594560667,-0.12846394819014512,-0.12639973565658125,-0.05528531047102442,0.23324991796996217,-0.43651630369856353,-0.2631485451568739,-0.28571916354504934,-0.08572473417876121,0.031548280137430454,-0.14213895494787956,0.08541148891819601,0.10833144502165012,-0.035965285463128535,-0.008753181252903369,0.0670591559029359,0.1326994666271115,-0.26911919456702227,-0.04599702478697804,-0.1487562740171314,-0.1387015455378027,0.04423840595087714,-0.001942878268060032,0.004171463505194164,0.1791242770837546,-0.2898921738642731,-0.05567746106640949,-0.24996696794775644,0.02757871946334948,-0.037543650505980325,-0.003642536029160514,-0.1294199653106865,-0.004688885790305271,0.007944083159277913,0.24416289786285658,-0.020779473854503877,0.0688354425546351,-0.21400797030836205,-0.298458655026794,-0.1279789993626125,-0.02348659341312763,0.21684330952906372,-0.0771194687659731,0.21250357728054176,0.20085109399816004,-0.07074669657849303,-0.14253249644222357,-0.46753870027211664,-0.2761850518368862,-0.11058883415203298,-0.362983376826569,0.17657760709635834,0.36143298627315357,0.13037654513558353,0.12231089357361895,-0.04753260493510903,-0.25784218202003406,-0.1779011669238743,-0.0031107161481317407,-0.2837767452020039,-0.37088545923456184,-0.34212803915119494,-0.069477121659427,0.14455202912485873,0.14361006591603853,-0.0029760578376169388,-0.09046633767149488
0.42786438439446745,0.04180397454813005,0.1407504329601387,-0.18208817032893337,-0.10544546638876076,-0.24093519532691582,0.2978951792460059,-0.15373726499356083,-0.08348843971957555,-0.0753157839722129,1.0,0.19248861425361868,0.4963027036738884,0.05808815474344616,0.2546254774688459,-0.016388231703562395,0.010297113820934274,0.08403739367681186,0.2884977306278319,0.061140004515321957,-0.08450881418309654,-0.13941106224002495,0.10788989569727511,-0.1426669827211931,-0.10361563830514148,-0.1346884721607894,-0.07291953341324635,-0.02901462424623339,0.19845461596318523,0.045035644558660645,0.027972533341130385,0.09935237280434381,-0.012566084631731094,-0.015108598553390416,0.05026829790591401,-0.038795896922579697,0.11754068578224881,0.056521032475177174,-0.11891288379096096,-0.2607040542576382,-0.22376641512442072,-0.09908735671359571,-0.004032117613445008,0.02002589602943715,-0.18638613938326054,-0.1519549819844189,-0.17758538770452298,-0.24630544169394228,-0.2970221782532616,-0.32989677574792636,-0.28253557826187564,-0.3220282559564484,-0.41634359392056075,-0.23292659713006178,-0.11612063523581338,-0.2686612599172627,0.07934705402753305,0.0009522812152865843,0.09655609504723146,-0.19831762834725838,0.10658898471009509,0.060213877640073285,0.030731385005328817,-0.04070330209481773,0.3263452948087723,-0.13031628736144396,0.058723981245758776,-0.17217087313255708,-0.16881059910319982,-0.09855551552219631,0.14225460561426106,-0.014199464288071603,0.012016193457346813,-0.004401626851383041,0.12580883363477183,0.27897913646093525,0.29256044002540077,0.24718406700639853,0.11782362984284286,-0.09103720138498947,0.1028985034834043,-0.060311579070688695,0.06319786601548175,0.28300336019725064,0.4767453312770685,0.009398792061355039,-0.15168777407439854,0.11301176007812644,0.1192489507249619,-0.09545250325745093,-0.06432696335861507,0.19297189078964563,0.04156172743461092,0.18311963997995837,-0.06263763690312565,-0.1203438458777135,-0.09914784866667115,-0.16710530667206955,-0.19101722580326663,0.08678053386686053,-0.257421536856004,0.13334901195010446,-0.028185363729472314,0.10991938857615342,0.02489331054900031,0.024232352907776124,-0.08364515688590012,-0.036022924607969915,0.008365302577014708,0.1113331601800613,0.0012253416529388074,0.08507859052182427,-0.025747422144083928,0.04574602789304773,0.16222932140141388,0.003998860195582675
0.19136990128547512,0.19886235806923486,-0.014829366905870434,0.031011638707907626,-0.028108916403630245,-0.22244530181970976,0.10014862586595383,0.1786168097995134,0.00815388563646185,0.026287695106536453,0.19248861425361868,1.0,0.05649512470971668,0.5451011263484059,0.05642239271416248,0.12418110085868152,-0.2642342545443784,0.17243424596019755,-0.11061297505598987,-0.021842688887188624,-0.1674642312911144,-0.19792559122152908,-0.22750578522622128,-0.08892730073367278,-0.15103560366914173,-0.170332894676781,-0.19571798641537277,-0.18583399659494965,-0.27658434994878484,0.045298661728759335,-0.18948475098683945,0.0026659048975974154,0.2694722492389819,0.03625992715065934,-0.17348149303122473,-0.24922944355343699,-0.08397542544080519,-0.19356842013962922,-0.10824411212514538,-0.020894440805003533,-0.027682693156220045,-0.21708064162983842,-0.04453659572185905,-0.042009580297069624,-0.11899421618774057,-0.07390089799515696,-0.03341809628955692,-0.1677380637974933,0.089789628580902,-0.08924643973891823,0.06305264155445481,-0.16784498202464204,-0.0941716952503485,-0.18809744223108954,-0.04496311708464231,-0.008882047454303302,-0.06753416300477497,-0.018973463290215316,0.14345733686169576,-0.04970276339462051,0.16269077307680452,0.21873422239751825,-0.22166702396290747,0.31832987311102706,0.09447849867754479,0.3101917427356951,0.06052894702190389,-0.03882872247140235,-0.10292228179115884,-0.24796212425593456,-0.3348211398239696,-0.2327341243441113,-0.2682517962549635,-0.12760805479702372,-0.16364562000135516,0.17044475980832627,-0.25532446593638086,-0.08574668585033485,-0.13575339783724427,-0.2846107699482633,-0.13405323166682273,-0.18309369662939404,0.005734928283443718,0.1329451214442116,0.07012694682088091,0.28996274073860234,-0.16967351686809864,-0.06491497089869053,-0.0889789194871383,0.06916378025619362,-0.06308781002202091,-0.23693171985827505,-0.10570447598736606,-0.1740497838325568,0.18627358719330045,0.1592089336801562,0.0336101802413618,0.06984965491078247,-0.037724198034173186,-0.2165014349931542,-0.06651688761351741,-0.04775713474644622,0.06651067694825091,0.03085821145789875,0.08719749565454565,0.032052530838246295,-0.04749218118975175,-0.11385809308653908,-0.11827774377129865,0.17554021559617103,-0.06150790755314517,-0.20839858967647643,0.018117601850062465,0.023020391471499608,0.30562386374706313,0.17490513312430436
0.12166129246163127,0.14623367850440616,0.06980681022719551,-0.14113464956243635,0.1389511462844468,-0.41932454863794355,0.4531841786048174,0.004344654932832649,0.28352955402597313,0.05766568510188405,0.4963027036738884,0.05649512470971668,1.0,0.3324112213746267,0.37311196081949877,0.39836137020462725,-0.09239232513281367,0.02160084821276682,0.004219038201939462,0.10541022201448502,-0.20228406882942157,-0.11657670291445942,-0.035717971440587935,-0.060368224408865925,-0.1871258455070631,-0.2318044269400192,-0.15637945629093514,-0.20316887673522,0.1586123494965555,0.20944034084827645,0.05222316463228524,0.028404694818087467,-0.14841304963498533,0.010694991551225936,-0.14011897223516656,-0.06999628299219407,0.02654242028948148,-0.13561200411460267,-0.14483123596759942,-0.2502753594072565,-0.20558144516650745,-0.18924427359557414,-0.031188233437318937,-0.0761301941777247,-0.08979180479992448,-0.1714857868172938,-0.14589765242187586,-0.2838591831947795,-0.06386689294872196,-0.1517238710879161,-0.06426228237727949,-0.06258874471224858,-0.08397236230216565,-0.09603961417153062,-0.03382624355492124,-0.10087791864163347,-0.11549075063496443,-0.021006036062030983,0.12170606896030753,-0.21951116088024622,0.2273054084837276,0.2057038043811391,-0.1954063084386384,0.04576232621038157,-0.12231595830048275,-0.02505184854374562,-0.2978300747710544,-0.23569144546541,-0.29149555482144807,-0.11486635584983512,0.24431694443712348,0.15296264858874706,0.3225397219205179,0.15284455578275077,0.16223319523220542,0.1485736637145892,0.23190315395435945,0.11293609466806319,0.028499393018490526,-0.023582301416053074,-0.12708852987271432,0.06081207614487282,-0.006363498427467205,0.12616806025379748,0.07292284154177209,-0.2364425799319089,-0.07126801537481102,-0.2637133963800534,0.1379752658283419,0.061707846398599435,0.09946888081430115,0.1980809792760938,0.12633410113242005,0.23632857668010826,-0.07780924785402345,-0.11117744749841517,-0.1293564237750794,-0.2044292549394703,-0.1434052919577872,0.015605273960258556,-0.10337795093242648,0.14714841742180748,0.006572707478056364,0.13939825519663276,-0.05005077012366592,-0.02165638632795467,0.014139220102324329,0.00924743186118338,-0.012954545514738566,-0.0884858388491507,-0.05633023404407443,0.11168467759998359,0.1695050190866033,0.10882801731937614,0.08790760162076706,0.028573867659254546
0.0694932518556896,0.09857922187649372,0.10921594627087937,0.1281309352607773,0.143470773304896,-0.4476598698188617,0.42567272085312546,0.4885893809205784,0.21506908180737222,0.21513222700807352,0.05808815474344616,0.5451011263484059,0.3324112213746267,1.0,-0.0774841540396659,0.4423356077170478,-0.17611472492430183,0.22303171500430632,-0.23354246419930139,-0.25446815954547897,-0.17318276288077522,-0.28299217017265826,-0.28241371545529576,-0.2628286032557215,-0.2759967375314195,-0.28190411175343855,-0.3111282957343738,-0.43112476587727594,-0.13473712511882946,0.3721550438785959,-0.07441902489473556,-0.0006480448985014442,0.15493617900630796,0.08361724874407779,-0.12311083722378169,-0.27049571414871626,-0.2594825828674934,-0.2731629040590186,-0.24205743739936977,-0.12881281121914748,-0.3485178954143502,-0.36330014694332985,-0.1652566017078297,-0.0790646936850748,0.024793010493194628,0.08674425291475467,-0.15195307226265428,-0.3796948561537631,0.10688121488323025,0.021255470381114985,0.0145441273652224,-0.048831630203566456,-0.17725501714263678,-0.19103896483001473,-0.09219671456247878,0.005013781944860204,-0.16819686553793217,-0.24556245838038918,0.31111506118793025,-0.05498532984290274,0.40344744588930986,0.37975280822799584,-0.11835392440389518,0.35914782904025716,-0.008697324253823581,0.4752518007327137,-0.06483459035049552,-0.16389309032770466,-0.28021128160783054,-0.43324908586367705,-0.25752094904560147,-0.03158651360732381,0.07484909675361384,0.0936237142810826,-0.10568708820257551,0.14397986777720007,-0.10760833378935945,-0.10257522042997175,-0.11093108412364563,-0.04802176113248434,-0.11745926063891475,0.004687785954406297,-0.3243647779087844,-0.004740805387713374,-0.23242015610822583,-0.05297613604191412,-0.3833719965977652,-0.39097148440092616,-0.20470540492094771,0.05142974587922134,-0.14076854532828112,-0.24058878008721502,-0.17593144331690902,-0.22110035283770932,0.08507851356132853,0.056112927056364746,-0.061804602669118906,0.014381555041254539,-0.1663896575446044,-0.16195129474761522,0.11285381387592588,-0.01607762039350878,0.11064109383597173,0.05798305351873381,0.14303760705614704,-0.023583350221174353,-0.09942587415086696,-0.01923709132722256,-0.016126333443098887,0.06696985855401914,-0.3206583226944115,-0.2152622151138599,0.22224801110064885,-0.02302781109861575,0.3147138849501406,0.1746106906069203
0.04934103063827213,-0.06834910614065222,-0.020779479846237122,-0.10419687052060944,0.4023218499279032,0.07116733531269216,0.04849836006117173,-0.1628413978788515,0.5135478980920987,0.13996840301470462,0.2546254774688459,0.05642239271416248,0.37311196081949877,-0.0774841540396659,1.0,0.23418069363450286,-0.10570388099128367,-0.053960211298013115,0.2251757237379489,0.1381569056677311,0.07604396577663909,0.2735364009260257,0.22514250360085172,0.0588565427763687,0.26424080962039387,0.14175255791303362,0.2222959326021223,0.1825338632056246,0.14880998377272936,-0.14645956639997068,0.12653331135306198,0.23714114154599397,-0.0513020971229109,-0.015228894691923525,-0.0345637251055743,0.19109882945363169,0.13624969585219832,-0.05565965480067922,0.045962116488528236,-0.03926375728405247,0.03232217718805438,0.15138340601280342,0.06660541627214225,-0.0006007021415262513,0.051290533355919085,-0.028001919980792253,-0.018313913140817137,0.0669108358541608,0.010781721298937303,0.027456020633987856,-0.08251462054734336,-0.1630962155894797,-0.08167692696651506,-0.05153728314250033,-0.17231878776995005,-0.07782402015996853,-0.07629067679395628,0.10198308868565625,-0.09153222294785424,-0.20898501917118378,-0.2705446311426764,-0.159162549107694,-0.2621653329005173,-0.07681934086672265,-0.05100046828168587,-0.1588950941923256,-0.18085135913298755,-0.18212406980010473,0.02224793328066743,0.009187017483100463,0.15998268479605293,0.014885776419264583,-0.035746324287151326,-0.06453362725296677,0.1456677737529064,0.06921789079795823,-0.021818658479226892,0.04434694075025301,0.021920516747864174,-0.21011653473838737,-0.07315349386490946,-0.06186242438242145,0.48002738545870066,0.373881441205427,0.4711840817153438,-0.06784388650223783,0.20169500520403777,0.11445396418330293,0.20035249606027566,-0.09774816633577457,-0.0965167971337989,-0.008975476544954692,0.01600388876205479,0.35201066953606386,-0.06917715785490511,-0.018689386837818366,-0.2182359235893811,-0.054146912115398536,-0.3259051780694405,-0.192144549542307,-0.09588235464504465,0.2113671497849209,-0.10735021274037719,0.10089347290327444,-0.20478037027425539,-0.19006221757519945,-0.21839621708613624,-0.017039829051729218,-0.014182760505855974,-0.1669420413263882,0.030441698715363296,-0.1267578982272463,-0.04586941398076937,-0.02190480176729475,-0.05847111038472866,-0.1350199801107579
-0.16734720919573073,0.07508634509382274,-0.13738603917620443,0.11443528546867933,0.4916801685850517,-0.29602905038521315,0.38204959233570995,0.29191519840632885,0.588620573464113,0.5549861679964712,-0.016388231703562395,0.12418110085868152,0.39836137020462725,0.4423356077170478,0.23418069363450286,1.0,-0.042924382569114565,0.012976714260833026,-0.2717821497169887,0.02649633679408553,-0.17996774919839045,0.028305586592432787,-0.3222045209806388,-0.332799511015067,-0.053701445385761236,-0.23521437854497623,-0.14019520228151108,-0.3481008663509789,0.07935771799128674,0.5425893563089602,-0.0454384290467774,0.07778415798477084,-0.10790693762890301,-0.16344634024024168,-0.05898093817527317,-0.02840672791157987,-0.10851053151305572,-0.17202925985948278,-0.3839582546806278,-0.17485459465508785,-0.21208040703134082,-0.15161003874411424,-0.26766802159106445,-0.13734624879854174,0.2137716250307956,0.1871463138448568,-0.12615140361374585,-0.2171728720211246,0.09752936291053037,0.07306894139338702,0.04677643972822079,-0.0027919033428200402,-0.09007779222053501,0.009141275555992782,-0.28768982196063175,-0.02672948659531293,-0.30654307954774324,-0.20219483664171942,0.18353998089719434,-0.25161275056503773,0.24003322036442606,0.3351056183967351,-0.14129315800345923,0.09545293124969993,-0.023291919074041545,0.3115554606548377,-0.3202116325464128,-0.19923538457399745,-0.26212602492419895,-0.22300012651236395,-0.012069060996436705,0.12044958094823903,0.1890049146525083,0.23877236140805264,-0.19438212122723955,0.134343216478516,-0.06684181781384,0.07112912799909414,-0.08071413026895455,0.07179949044757417,-0.14217636267600156,0.15880579934109273,-0.1659146688211851,0.28719264507774606,-0.0928039210472959,0.016602312482220292,-0.22760727429872277,-0.23865092439365024,-0.0787742016772182,0.19161141332581794,0.010927360552800315,-0.27598811293970466,0.12165933159058401,0.04680155350649238,-0.05707011018764955,-0.17209010153433807,-0.2609427745545957,-0.037779265821099736,-0.22260096667053403,-0.4268450347616127,0.10948262383127112,0.21268359804480155,-0.024340940325913656,0.04400700830461522,0.05935852956848452,-0.1805610633652955,0.02579153558246143,0.004302819123984462,-0.08953460049547748,-0.2671540107748832,-0.2569760581080619,-0.08220503049590787,0.11865013705398342,0.009298893636902618,0.18494447852238835,0.13987335720241606
