1.0,0.24214417767775326,-0.24340957927440018,-0.27374403387779866,0.059789102459545884,-0.3162105177863672,0.11459348547461169,-0.2293814934512334,-0.13154230112598422,-0.08763867018122792,0.537347744778618,0.015881640775012345,0.6133939998844783,0.2792040761905728,0.2370115834751821,0.0691566501580597,0.5098695055074217,0.4780826681170209,0.3173898167648734,0.3715120257090891,-0.057893015561081965,-0.09082385489218286,-0.5149476493179572,-0.4903003460526961,-0.29969776801835124,-0.4377413063471763,-0.17224049754281026,-0.3228536188323477,0.5259658137614275,0.2639251732192328,-0.11955756079621783,-0.3437986247682613,-0.07338169245024852,0.12834327829549624,-0.166883440806181,-0.18896223573661503,0.3784213274761505,-0.09425718232668802,-0.2222093248644626,-0.1198581930434117,-0.02087179564540638,0.07808251528079202,-0.16989173212141945,-0.30346923258762576,-0.07591264795303684,-0.15188333792094172,0.05495363727562809,-0.14631823510809713,0.36095985094380023,-0.00782540665133181,-0.14216943959051345,0.18878969048371394,0.33073308513416655,0.22364638439966505,-0.010513371364027881,-0.2426699992248045,0.0027499626333284087,0.020132476009617258,0.2495437223335505,-0.28509460283776666,0.4424112357982133,0.2144281545542809,0.5083810873985395,0.09977233660738777,-0.15682360627638142,-0.01601908010411783,-0.19641315020793876,-0.3530762061327684,-0.1303093821116959,-0.29991446874503896,-0.07455291730495747,0.1257851964440744,0.47322977468942723,0.32941293357921503,0.26677329013123424,0.27902629499801657,0.27994216432421576,0.08326253628874107,0.06515521306431717,-0.089145384484522,0.056077536436369806,0.20841139188772448,-0.06542868247953319,0.07794421683299013,0.034196613987739856,-0.28954953027668057,-0.16332322762118426,-0.22897036524503986,-0.4280724935470085,-0.2589179742341261,0.24780928175622902,0.3152323263208345,0.09042287192671465,0.2775230325316957,-0.14254396167708527,-0.016641610851654276,-0.26243282247417377,-0.10537052679033518,0.3319223762262126,0.19060944549598008,0.039493126425384724,0.3503566075818137,-0.00210435055382508,0.10989567726154956,0.13704767250006755,0.11046027459079051,0.11517433974848255,-0.05903823266846256,-0.21196562287870135,0.016757591157204068,-0.21053479159485988,0.09210735046518474,0.19568733438438285,0.035429900826647126,0.20561696587786368,-0.03680546386312421
0.24214417767775326,1.0,-0.2647770516483053,0.2673052990197231,0.023237950821736728,0.1452874663128811,-0.21008797155253298,0.07724821432035704,-0.016998476728020042,0.22455524587227457,0.18143539845999476,0.24116167385586182,0.09607142136548184,0.03400061187392879,-0.12814198985668498,0.22091106127444235,-0.0246417028058552,0.1817031717529496,0.19844149325964858,0.09615367199064916,-0.040217549262194,0.061992855765868715,-0.2575953530202862,-0.2589412889780549,-0.12218993649451834,-0.1074271910710231,-0.1256178396501559,-0.0028418810161002883,-0.11335171857555851,0.059491389780676016,-0.18425689838255363,-0.16086587706488265,0.13313112345266725,0.06727684954711433,-0.12140986731602807,-0.10227810427082196,-0.1807867961814078,-0.18481504012762595,-0.500603324810512,-0.08300389658459575,-0.31513977646917746,0.03098030307063404,0.024750374242714836,-0.10233790318891607,0.005456098615795959,-0.07101554757848251,0.0511140867630738,-0.07020411475786102,0.1913769350969328,0.12492005808809158,0.0586170965629129,0.23579008761415887,0.11552103924117957,0.010967645594259834,-0.07971754108965731,-0.1670185122946807,-0.2558408203101833,0.016504680581914892,0.06733528147379901,0.13259708344546806,-0.08374738291987978,0.19019510791710428,0.06341164353783577,-0.03955324934916392,-0.07366776589337379,0.29062638498554666,0.10268656420296195,-0.09034646543596578,0.12802460571272534,0.24174349042786067,-0.2100881949788443,-0.1437549991563007,-0.06341152448243569,0.06663606665292965,-0.010880637080574794,0.09668885797463839,0.18730057450860751,-0.06633507147299868,0.14310050930723378,-0.14930878637398418,0.1921696791893826,0.0411026838960037,-0.2606415731884257,-0.050393876895547064,0.05813213908985931,-0.15473979906477245,-0.09491818008714657,0.0766693127253264,-0.07566053456419909,0.15924448737829927,0.1271611474327764,-0.15451209412966396,0.10524085845139307,-0.1370502688817677,-0.24699597176024385,-0.17142735973534864,-0.1791988328832663,-0.16946690849688908,0.22088664419487236,-0.09847788537324169,-0.024621614653624665,-0.06241338102142959,0.028718444619698226,-0.09800436250621856,0.01492905607419693,0.0030721319624095137,-0.2731341519246563,-0.1637343726508391,-0.23041779537180054,0.03397665510225818,-0.2678803443045399,-0.18636393353682068,0.021242893860983405,-0.19789499734702662,0.09615207381066758,-0.3875084095727735
-0.24340957927440018,-0.2647770516483053,1.0,0.3168629861230569,0.41365318963184217,0.3417382483013565,0.577606213235044,0.6467821521184116,0.4623069919718896,0.29802627989587704,-0.2723783893658429,0.3146302839241592,-0.011445174997891765,0.14142047374151626,-0.12850566414036912,0.23288750916164264,-0.4416040189075896,-0.506245599279024,0.15309371311306588,-0.3044530713772127,0.22804762931795666,0.19468714500307346,0.3294031325580154,0.2902252576250614,0.5293423700393205,0.4088223257187592,0.3029851674740395,0.2990436497199653,-0.4870548504670086,-0.3591509354650376,0.43159691759341867,0.3709533124876743,-0.3356552489242321,-0.046253394404949404,-0.13695759505709992,0.16209702623179628,-0.27161449948522876,-0.05993381929129838,-0.010431834502584067,0.09888200173251362,-0.11226448275122443,-0.2359306603520324,-0.09618919025837035,-0.041731279335316826,-0.02912137463382959,0.2830099011273619,-0.31092764260929207,-0.15138966541114154,-0.24981350092948282,-0.1478729253097958,-0.0032919173904055266,-0.398802306419136,-0.4285640262425714,-0.47714474909444743,-0.3936215450831803,-0.1770829360543018,-0.3312571738731036,-0.5597536771509117,-0.06342693056768411,-0.157718568993498,0.041813617253326,-0.21211744220219036,-0.44892796744931157,-0.3719226101173465,0.21897451761626482,0.3055837938184889,-0.15704454185093944,0.3075130942163577,-0.3699567706117853,0.10024270294132796,-0.1703201142857694,-0.09529552266040077,-0.3515045461405906,-0.09309303894219094,-0.30087651054919434,-0.2299671900348178,-0.23881011054199217,-0.060643694057944,-0.22092916610590033,-0.5211667876346411,-0.2344259122842403,-0.4388948049519973,-0.4571635813685577,-0.1394800963234576,-0.4155153788233828,-0.3734177796295342,-0.2548129135096219,-0.0038301694116565244,-0.001195769907049507,-0.13847647462882912,0.03853331860994512,0.29249146557233385,0.3165938068403558,0.2648442054899018,-0.011464192708793938,0.10636240982524671,-0.06896856570055518,0.07107453019956164,-0.3097742942648685,-0.01850170600303146,0.21878686178487397,-0.0465621766636878,0.3187945622282518,0.06284663699166006,0.05346149957199279,0.10966809774489884,-0.03674256785265233,0.013145525306218854,0.09303520829435528,-0.13158411496750547,0.15954235352962357,0.010760517726152044,0.05292865959891995,-0.050375064338857176,-0.083251858686738,0.11420640591271448
-0.27374403387779866,0.2673052990197231,0.3168629861230569,1.0,0.08911276446906628,0.26074576057119003,0.2744716396450546,0.5305580101853842,0.42705044499652084,0.33317121548628803,-0.016451188160997558,0.4470020177731153,-0.15613812620625533,0.1498650985596556,0.04728709503532529,0.4354413986393787,-0.43645812666125794,-0.08695763056158377,0.16206979730848908,-0.11142283033179118,0.22266211184595258,0.09508348050465049,0.2231721181740937,0.26042682263873523,0.34073415531682555,0.21657454582949479,0.03469942735930246,0.07772050357765832,-0.26790784575527776,0.06696213444805081,0.20008466082255022,0.39923819671184463,-0.29696583950288247,0.06220012299536704,-0.06469791924354719,0.136484215570207,-0.3064797039232213,0.11448387720864933,0.11808676703700494,0.35753564347571637,-0.030295419092848414,0.16808273590628295,-0.10585625030191034,-0.14841595690479265,0.006462794538536347,0.08672589290606242,-0.27453567877006274,-0.09198955010715407,-0.248338692291923,-0.036770617006152057,-0.1302803726647446,-0.25878405152460987,-0.45915452261470485,-0.4416737851075458,-0.23609275194774093,-0.011296601159221922,-0.5348486626976523,-0.6077839821679226,-0.27905249607831145,0.007146693684684213,-0.10105275915503457,-0.14457163206501633,-0.2739582836272602,-0.3851295474680211,0.37680768827805605,0.48156966061584194,-0.2510995942302919,-0.04399685837389215,-0.4494105081232103,0.30224095617391866,-0.20820899215534816,-0.05601337465721035,-0.1478529852694435,0.07605397226466783,0.01642525391692614,-0.13009357091259122,-0.0770975043605654,0.06211552137621964,-0.21747004788244645,-0.417095465668761,-0.16189950386895366,-0.3996912158556417,-0.19215823443951802,0.34221422509160376,-0.2782364874939381,-0.26703673686608936,0.01418820024768955,0.3026045246552048,0.18754783353192112,0.237810799652143,0.08886406836234254,-0.12227501100728803,0.33348223683399053,-0.07146277685961178,-0.08533817760698367,0.15500833179981305,-0.057856178885454676,0.013933603169665442,-0.23592697424197207,-0.2971816319674057,0.016504716179534664,-0.08158180603101607,0.2196660030938298,0.036042929354589415,-0.21279627835523865,-0.03408366372821699,-0.33461011545373065,-0.15502531442787326,0.0658234093266715,0.11251605852278186,-0.02750190559420668,-0.3106393257088003,-0.027998849045437594,0.02210949170001914,-0.14570736106803445,-0.07815542196592933
0.059789102459545884,0.023237950821736728,0.41365318963184217,0.08911276446906628,1.0,-0.046187643597625096,0.4077694241415857,0.2786246944668391,0.6782774631025507,0.32873640676104776,0.24267918470853922,0.248772524032526,0.058791227221125154,0.16628983927480714,0.17615467742493351,0.3221552715205642,-0.08804453160669515,0.14135740863977986,0.1197557241607601,-0.011485383300837409,0.08674132156705498,-0.009855604157347778,0.12665908996834419,0.08326631867301172,0.35245011634669954,0.015815813926132898,0.23774268105286772,-0.09197526800656888,0.048995220861192894,0.10853336575949617,0.27124561319779794,0.15844711495335173,-0.24337854465244027,0.13594678118259815,0.14004691349167736,0.17912191947862566,0.17546495673569285,0.10842647512782344,0.024878058994300054,0.2153019615550087,-0.012672033894263097,-0.0854049118997313,-0.3536844276963036,-0.45719079879570085,-0.18932222390074552,0.009164417419430892,-0.33141276162357247,-0.31044891515741013,-0.18019600560185908,-0.24813270181653355,-0.020482554027113985,-0.19441918132204827,-0.04844685976810417,-0.12254663839218392,-0.2772334924592751,-0.31942350434085814,-0.2483923215928391,-0.3094324141651602,0.09586823155442252,-0.32543194181293544,0.27021248948943904,-0.04882768572149824,0.0532994783989667,-0.20039158054413236,0.33979385673601326,0.21940903690504474,-0.2764789939087859,-0.05247254990069636,-0.18995813236448628,0.09400957876139901,-0.15901774230979177,-0.07360421481204474,0.17545740231986792,-0.03552383971430449,-0.04546920920456473,0.16295985913549027,0.06041958639408084,0.09244002144206885,0.0036224700946234636,-0.1789855543222446,-0.015880440250996847,-0.12861161273294724,-0.12960272140815582,0.17513599453266548,-0.12565780068527083,-0.23904747968280357,-0.0783344502108992,-0.11714845449956433,-0.1667061483716767,-0.0713186923394939,0.10874816055671996,0.23715316031473263,0.39650739159908355,0.26208251383992387,-0.12968376974527784,-0.06730446685073514,-0.29085353105314676,-0.26737743487717847,-0.00988874664513059,-0.1249548772018396,0.21449628166502363,-0.03016228970520363,0.20913018530436323,0.059632918592126924,-0.26074719448631956,-0.005453425186846828,0.035500642630197005,-0.0309220097662865,-0.06211098815795375,-0.1296306046569418,-0.0748794920993195,-0.11452071832805256,0.031720819825904946,0.04273545534644216,0.15497943501474093,0.05870158849205898
-0.3162105177863672,0.1452874663128811,0.3417382483013565,0.26074576057119003,-0.046187643597625096,1.0,-0.1677182827656008,0.4590659871481608,-0.02781438834187287,0.5702405062623183,-0.42951631049772043,0.28803538939687107,-0.13424462541528148,-0.311280968558316,-0.3547424939857529,-0.00738827717193856,-0.4220351899173558,-0.6185843888102649,-0.29177599880234306,-0.2697632462447531,0.22089789721352143,0.37008987494251105,0.3554166220441435,0.3954355368942859,0.47595722493818066,0.7479813064518038,0.32130321060148004,0.7719531088179264,-0.6326979652125599,-0.31373257851845754,-0.01744710134403057,0.39343499765018564,-0.09750570029008149,-0.23263353738888326,-0.035408364154038606,0.39452112858066185,-0.6005441712809412,-0.015170975993341228,-0.09224028786392487,0.1322783619751465,-0.2721674098483076,0.008954760326594818,-0.1030939498451671,0.1619032477556032,0.0027490221977940093,0.3403394992856615,-0.38438542726437513,-0.01172163925026786,-0.021156125198559615,-0.007485697909005291,0.47580555053733553,0.18207979760826973,-0.18819196678220831,-0.18772564626774438,-0.032266375123609733,-0.025448239141428717,-0.21860612249151393,-0.26914710935977854,-0.19181476245772416,0.004579265952701991,-0.2965386826350533,-0.33767826293023656,-0.4825816405041333,-0.3207118075493539,-0.03477175486239689,0.3233837771356152,-0.02014538565458736,0.5898212396813928,-0.13303091921889862,0.5063405195976074,-0.0444482610785079,-0.00703914598330338,-0.49330981221885917,-0.1372050263834117,-0.3866113558325768,-0.112084275841055,-0.09847428652225856,0.09305340200164994,-0.31762806040261776,-0.2798409925580063,-0.40643180503990844,-0.48687559030195915,-0.33782837922057063,-0.303681117825841,-0.42651664283295354,-0.3307872199220634,0.0036605032896779013,0.2086534650194542,0.08644663080262344,-0.07759554007368165,-0.1398029984416628,-0.07135831749210524,0.1561483788776895,0.0019846777769809516,0.08809597369206551,0.1444737516602449,0.1510971995296201,0.18204286370228975,-0.43510942093015537,-0.4063115723566301,-0.021582650573010943,-0.2525065176059471,0.19477379785566404,-0.09136842658848655,-0.012093214272039963,0.014274269989236013,-0.27838807442796076,-0.23603551576494106,0.3567460496602948,-0.0435332968891947,0.33034259555723255,-0.2883509433166222,-0.052278990794356536,0.07921981464539705,-0.20492860646829222,0.14167111332051255
0.11459348547461169,-0.21008797155253298,0.577606213235044,0.2744716396450546,0.4077694241415857,-0.1677182827656008,1.0,0.5459103055658381,0.616304450032093,0.14670591582025913,0.12543973865450864,0.41807450738413315,0.2578234988261472,0.5464166857123944,0.28787738194263135,0.48121455066131014,-0.07401887198214152,0.09136908714560987,0.2910527930563322,-0.41127907833857175,0.0913591575208487,-0.05842733164411053,-0.06515411572658455,-0.1513730792905296,0.24176986423663618,-0.12069337803509271,-0.05798890224915025,-0.2895175403555131,-0.010578970561037203,0.04563118438345627,0.2695363944396601,0.191551127892607,-0.4380839853344208,0.15897689249487484,-0.07943047416911664,0.03165704801097392,0.14097441800487673,-0.02032724037349159,0.04624518348818333,0.12761707873585346,0.15127930260356984,-0.11977601709418434,-0.32508658391413503,-0.4741903671093884,-0.1578253462450027,-0.015267374687687215,-0.3041310387637036,-0.2792581588687304,-0.20615455334290014,-0.21967780204154394,-0.24705073506479308,-0.43491110188100307,-0.30313270745764415,-0.26970977018287984,-0.4854413260832311,-0.23997721445995773,-0.12296851006742807,-0.5056061768521691,0.06590151230006806,-0.386166985846849,0.6488974894546988,0.17585341261079473,-0.06798735751865524,-0.17341516147102648,0.5525923081249969,0.4426117797313312,-0.40894699186199496,-0.28034236561141573,-0.4436349830047069,-0.1520674049627075,-0.28616349747312736,0.11847453515462417,0.13451334666039935,0.03304237640160648,-0.11053041944856534,-0.08924269818778141,-0.12530892619074302,-0.06790730394668452,0.04944264916414722,-0.33986910616341864,-0.08464087840577628,-0.11662710969295469,-0.29842444916297317,0.31126246800997664,-0.2801454787037545,-0.28450797302718817,-0.2617057126050148,-0.15875563828811096,-0.14297518104626467,0.055502016415009556,0.23424289774398305,0.26977723855312236,0.23605880316574204,0.13964551048586266,-0.259471923476658,0.12804603622230573,-0.283823644677797,-0.2095273799078994,-0.20076859378898015,0.08346776362398275,0.18786395963011135,0.08233210455399012,0.22365487218798535,0.11349674035683693,-0.09716747037893796,0.11307698704747715,-0.0028792164998340066,-0.019809749313690082,-0.20582943167118334,-0.12024066783283642,-0.20246584619729155,-0.07017370678354433,-0.0012599090945974124,-0.06962330936339421,-0.10402994361968473,0.19641237928842611
-0.2293814934512334,0.07724821432035704,0.6467821521184116,0.5305580101853842,0.2786246944668391,0.4590659871481608,0.5459103055658381,1.0,0.44426693191083194,0.5647920866982933,-0.18375842240710688,0.7334293326364046,0.01940616620301074,0.4131585681756993,-0.0966431881132139,0.6255952172562979,-0.42928305511377807,-0.2731797327462857,0.08731536688232915,-0.4503452852265328,0.3535079509291912,0.08482724387236505,-0.0596471072684239,-0.11377473567327558,0.33904052549696695,0.25138793090233497,-0.017863453004654053,0.12609352480992847,-0.5475153279819144,0.018132632819888632,0.22828256180592937,0.2788325634806516,-0.4164467416749396,0.12254370073051507,-0.19597751688358123,0.18803738159655745,-0.24387312313741674,0.2218444164604951,-0.12486056039130361,0.2713195754037125,-0.08337364818648084,-0.014297866129914884,-0.1421277489902354,-0.1301938675406864,-0.05691836825673225,0.26205310887285155,-0.38200873954221354,-0.10668728300640529,-0.19626935730912914,-0.03722865367269982,-0.0977627169256051,-0.27907572374976597,-0.47305289092105307,-0.47786317033462256,-0.5827217217137295,-0.04215688705132814,-0.3681448143655808,-0.6953166742877889,-0.22966863839671375,-0.3228088049945418,0.1780514171135993,-0.10653145063899154,-0.36625184582245995,-0.42134332420176834,0.29989273360753355,0.7698234119538465,-0.42337478197973893,0.14671758283211064,-0.4909524534949132,0.24041950160194409,-0.24926401561954561,0.15775697211802342,-0.14912909577256364,0.05981569570664799,-0.1381614947455836,-0.016767184986505604,0.07532932164664564,0.1898959019383292,-0.20238810618276198,-0.5116324667096666,-0.34781625665760846,-0.5031837973258817,-0.672012871327911,0.06592241698659701,-0.6402208949889533,-0.5761484971434345,-0.49848738756214556,0.02383497698573479,-0.2063837729109508,-0.10665508841405173,0.18037513494167193,0.24848453365958564,0.4380952955946523,0.140158280458375,-0.11263294660424839,0.19619180346049156,-0.09056051335715903,0.025718208912021274,-0.22614948629018053,0.03251624904887914,0.33919419450536015,0.04020467572001168,0.37435353696172907,0.04435304472397132,-0.07646254858374353,0.04188194917852233,-0.09285471857573944,-0.03265253143395452,0.15632306764540518,0.02725148121305084,0.002264160657584007,-0.02223894770798492,-0.06533635242507055,-0.1721304241695947,-0.15432290127103065,0.14772623334362112
-0.13154230112598422,-0.016998476728020042,0.4623069919718896,0.42705044499652084,0.6782774631025507,-0.02781438834187287,0.616304450032093,0.44426693191083194,1.0,0.33514985464803215,0.03298608595778624,0.4347851975299699,0.11818367107122023,0.2819127152575088,0.28375837080310545,0.5892246229991184,-0.10642894272288955,0.06368993067753137,0.2998287254509739,-0.2682622152024518,0.03357344013652292,-0.10682010787403971,0.23126357081790924,0.12099751891382668,0.4155046151215217,0.042781784610056266,0.13659052605411678,-0.1454244722935761,-0.06602835310712,0.17984250383581804,0.15179406609009558,0.26598001133710636,-0.3198200780144068,0.1312496079626473,-0.037581499720812976,0.10755865689129306,0.08843715599218428,0.12015590136241168,0.1780445352363417,0.23859557576169857,0.12943171630138808,0.060585151845101506,-0.41602920526567044,-0.5263372636499215,-0.2296673797432944,-0.0731976185272967,-0.4416326501588454,-0.3537001803186765,-0.2865775372799995,-0.23545162182408863,-0.1425146821155741,-0.3829585023191746,-0.32022157269361423,-0.2597763785426129,-0.46786975516959683,-0.2599743174058029,-0.21369599343061005,-0.4303870126946061,0.04291996492187479,-0.30831462796034187,0.28224823648447395,-0.019123656704086826,-0.037103465611770664,-0.1517877714853286,0.43952819217724753,0.3842918039040676,-0.3914775474754849,-0.2034244398189818,-0.3075774308449689,0.10897383198729357,-0.41898699306959325,-0.00939477419403334,0.1164436640450022,-0.10436160666686263,-0.04644178989170786,0.042270312907208986,-0.03619212775924448,0.03824153444131971,0.018723951470730377,-0.23525667251238216,0.06387233401856221,-0.09011538478175388,-0.15871602096818746,0.35419639514279927,-0.35474049554297055,-0.21556653717536767,-0.08733235892190779,-0.07108160313895179,-0.18563559126801454,0.024840706983216686,0.09763898131839109,0.1250966141320989,0.42487769360069677,0.18397052797990548,-0.17782586468848924,0.07322779511126067,-0.2878516378383119,-0.25703861314573506,-0.3034906229404551,-0.1813435626455102,0.27139442985228296,-0.027281331237437603,0.36799138420614125,0.15704480585151587,-0.32734211364248483,0.03279537324959228,-0.1201138253086467,-0.1480915258228003,-0.014042091839617058,-0.07337865260708284,-0.21136337029402624,-0.3509765832440134,-0.06937586392905634,0.1633530389265649,-0.001822047205057994,0.06416181252152311
-0.08763867018122792,0.22455524587227457,0.29802627989587704,0.33317121548628803,0.32873640676104776,0.5702405062623183,0.14670591582025913,0.5647920866982933,0.33514985464803215,1.0,-0.033539155297480486,0.441443672846011,0.08932357510084278,0.05576626427102508,-0.05151592970806534,0.3657491619033585,-0.15130329444775265,-0.1880236894923844,0.03212439647683899,-0.16724366782430258,0.03342603433090006,-0.08515565859602102,-0.013622945587312986,0.06656050185271778,0.30415616822370684,0.18506033231252683,0.02355319170124367,0.11691957979370653,-0.2827224404703045,0.019645309253076684,-0.01420945978962045,0.12240451771747786,-0.2475519382526798,-0.0526938000825366,-0.114356817516779,0.2715809662959028,-0.2583161401460247,0.0690618167775682,-0.170167757337771,0.25127095835366453,-0.15054453893841888,0.015526589411051402,-0.32356424220917135,-0.2515188267691589,-0.23907282507111335,0.12227628510966994,-0.5134819245029867,-0.2955754553936785,-0.16923290515197814,-0.13395262987033682,0.026786830001985472,-0.02963189357881229,-0.16472076851464518,-0.2213067534350229,-0.20214543636511287,-0.20101966914018737,-0.2020760200330098,-0.3508669200463806,-0.03355827074487275,-0.08129860855085702,-0.0013640348348084668,-0.13456653356866644,-0.07177586211802164,-0.1708755414113489,0.08405281463635846,0.49161697391985837,-0.08812065690385536,0.24518825489808496,-0.15269252343780834,0.43405080053563344,-0.17408026723669984,-0.03460669962906246,-0.05527077507622421,-0.0998086528803666,-0.1736165722351087,0.11527394696552055,0.06777523697151672,0.13452393313750247,-0.2720230097994291,-0.18482512153032854,-0.25512967324394936,-0.2900147182196264,-0.47952618603737723,0.022320423397027184,-0.38380745522738363,-0.37367401435880565,-0.21616832274532352,-0.08479715212076427,-0.23382401630150876,0.020673278661394415,0.05496536956166385,0.10008348716389397,0.48375780382189015,0.07709829093626511,-0.30582125162714646,0.2018762777768357,-0.2525779494331017,-0.17676136420555572,-0.20150039157877572,-0.2879259023278288,0.15467352578588522,-0.016674646098269495,0.3104458978368749,0.10703649291999363,-0.1880849991049987,0.039211851503122626,-0.12228465006950495,-0.18018315981328487,0.21151291799202832,-0.03802331206590752,-0.06986805413502527,-0.28309157879231006,0.09413661595439127,0.15360127347454425,-0.11022158256684644,0.178859836423677
0.537347744778618,0.18143539845999476,-0.2723783893658429,-0.016451188160997558,0.24267918470853922,-0.42951631049772043,0.12543973865450864,-0.18375842240710688,0.03298608595778624,-0.033539155297480486,1.0,0.24146947069249616,0.43731170646426726,0.3034265141839954,0.4757007875741741,0.26183823926655864,0.24382723478211052,0.6101919188737609,0.18588931428297395,0.3165788308259322,0.06687313525007636,-0.028692575655582607,-0.3194191756525239,-0.30087953644358784,-0.30663440367278877,-0.44572386172464606,-0.16096239228289258,-0.3470774032651728,0.6499575935367284,0.5047315642085239,0.0581449406531634,-0.07951049061089127,-0.12247315536583114,0.28246981781861935,0.14698967859184323,0.039549024189382075,0.45857553656714944,0.16319603479328168,0.013400746433029976,0.0002953373287264023,0.010926680075172432,0.14706207652893544,-0.16607396005003322,-0.23994820328523533,-0.09740427097752076,-0.13521667701541096,0.03767126880174273,-0.009012079242479636,-0.11140943714291844,-0.12211519790584065,-0.40155889125906485,-0.1066863842284412,0.09522920074163618,0.1891777016859257,-0.08789171201424632,-0.1569414698747822,-0.2562532337525983,-0.11644022759927426,-0.06037082799034738,-0.45436976527394124,0.386969606273626,0.006591536182175021,0.3425202271975514,-0.15288885816217374,0.2862848205109654,0.05144204226443023,-0.43459792785160134,-0.43263386311544755,-0.08143593783952185,-0.20520274239499736,-0.19158806165824463,0.16809828436253324,0.6261218948837115,0.25934742835462216,0.38088439206605146,0.49156303410612456,0.4511868093382958,0.33273400362116634,0.10818328897049216,0.09233839908232962,-0.011518199848160156,0.11558367561820339,0.21144300358531665,0.5522699532811949,0.26077781495591573,0.016448668592796634,0.020303561717821952,-0.1301559332999373,-0.08574154273373745,0.02194103681297229,0.07632641969761714,0.05529261707522857,0.14972896658702878,0.08454831383814464,-0.09082246248365143,-0.029212173684496894,-0.2536701203483797,-0.18772408520449033,0.18389396053736345,0.02942310053908554,-0.009601285506542418,0.06464608702975878,-0.2682798223441588,-0.1468026326710964,-0.23344967377032558,-0.14354642375525103,-0.027090575285564064,-0.08912499182510056,-0.15526674589972206,0.2937310982038077,-0.056800840552144974,-0.07863048910058404,0.05252247096179537,-0.05786953760533207,0.2948467950037538,-0.1947084175469773
0.015881640775012345,0.24116167385586182,0.3146302839241592,0.4470020177731153,0.248772524032526,0.28803538939687107,0.41807450738413315,0.7334293326364046,0.4347851975299699,0.441443672846011,0.24146947069249616,1.0,0.21377894882380372,0.3927874972608414,0.06373603936440361,0.6880373093031285,-0.28761871990384646,0.06732343352095689,0.0845814084719201,-0.24989718920769455,0.4626767439287995,0.1996420692794805,-0.17871757080769754,-0.21883362593424055,0.08406354906643745,0.12257332119635006,-0.05184523407840415,0.12326654388462413,-0.277240588250436,0.3689839012931483,0.030016137168070018,0.2786514974817885,-0.4078010735262114,0.27954736559811144,-0.10824322062293702,0.29978130574690304,0.02506932420211761,0.3929890555953122,-0.05830999654594314,0.35272614473915065,-0.14115662212627705,0.2706265997705662,-0.2068895674870256,-0.16722902630559056,0.007149499012303865,0.28378115684709765,-0.3228282936014072,-0.026393798829875224,-0.13707049027331625,0.04661077380816233,-0.14382551276908456,-0.2223191846192793,-0.4780010237594788,-0.3820117041457793,-0.6666236182053097,-0.10134373989100239,-0.5422047582269602,-0.68142931352664,-0.32927478560451956,-0.6121250216337875,0.23740979293818226,-0.23771593841940006,-0.15978186168486508,-0.5643627599579857,0.3474935824249001,0.7592051145913165,-0.681731016791147,0.013851783061511623,-0.47890484963601354,0.14372227692536527,-0.3571151130846487,0.3205402951639279,0.1398080144108358,0.28388544157297824,0.20241181924702611,0.38427328631483665,0.49519764713206,0.5084341305991137,-0.11573358396189284,-0.41327930939272367,-0.3452217969699965,-0.39770828623929944,-0.47295128429328165,0.3956980062294529,-0.6348352876578525,-0.5168120389744663,-0.3976880796770207,0.09368059898196128,-0.2884209645267366,-0.11416631012456535,0.13094507910464656,0.11595160174405701,0.4909858552838973,0.1153454750638232,0.0031858780204721197,0.23631653628308422,-0.017233696066486226,0.022242819615811836,-0.20559295403013073,-0.005088798430867202,0.3526745830315599,-0.010284082790015907,0.15939476774729228,-0.09958903263693598,-0.21310611688989706,-0.12369892035744931,-0.17019204036325367,-0.2223849710937729,0.15276239703004124,0.34731851875007963,0.07677262756172759,-0.20701225336003704,-0.10363877598276625,-0.02244391423448191,0.1533467444344351,0.00355587225074697
0.6133939998844783,0.09607142136548184,-0.011445174997891765,-0.15613812620625533,0.058791227221125154,-0.13424462541528148,0.2578234988261472,0.01940616620301074,0.11818367107122023,0.08932357510084278,0.43731170646426726,0.21377894882380372,1.0,0.5777961905346782,0.462792291130255,0.3643601321725737,0.3943531984465939,0.23147731836472088,0.5232990371838213,0.11285893315793977,-0.19133648757215632,-0.262224243376466,-0.36271005418415325,-0.4035027043255865,-0.05605075558704387,-0.4126477189143204,0.034006019279774584,-0.2755714917543205,0.35249901384563476,0.165767517487652,-0.2888906735901102,-0.3958254980845277,0.10936512858121888,0.08068674078755035,-0.30588523225491976,-0.17357585907082712,0.28659430195628444,-0.13563523288865542,-0.11265577280422108,-0.17795271360514323,-0.08795553204871623,0.008340346272747939,-0.031248437833866886,-0.18067799144295096,-0.20080709825507445,-0.22987405679173667,0.030906000517009466,0.0387010675090424,0.10564628410686795,-0.15159217042919282,-0.2553368231221985,-0.048335354580744054,0.12482030582777812,0.03448416344872922,-0.12271854247509682,-0.1264321410868074,0.004847868259498461,-0.02127465062393088,0.33865755439747497,-0.3305238977718695,0.5289565077168972,0.22810262112328616,0.21876821146521408,0.10213514892492744,-0.16153132321899485,0.12847256902403562,-0.3016218058062089,-0.29670184235345515,-0.023199967604767387,-0.16291525857861727,-0.321252956640993,-0.005463846976869162,0.31642876122397406,0.1254286619214064,0.0629304524422625,0.2364076556887187,0.1503595971358572,0.03586503262901985,0.05508283303207902,-0.04093891236418686,0.00882240290222765,0.12970027299206324,-0.04307588494822385,0.18543229333377695,-0.15298602021934976,-0.2535152674607436,-0.15911993184762033,-0.2826773323002622,-0.43445770382487986,-0.27682187470954434,0.30656164419354337,0.29927649327267236,0.06414408216104107,0.23959346311750918,-0.16809764983657072,0.06191233620539931,-0.2082938286014393,-0.06766405012401878,0.1641765306463607,0.13879455000190424,0.048658309909212286,0.25411205337532394,0.0199911594248446,0.01751118092738318,-0.106133840890272,-0.06442853700002668,-0.09503833585605333,-0.25914042643126245,-0.20970151511488772,0.001142074296568756,-0.15102996433783664,-0.12311309181896352,0.15050125744008777,-0.05940977743868336,0.019234439376679388,0.06475918485133053
0.2792040761905728,0.03400061187392879,0.14142047374151626,0.1498650985596556,0.16628983927480714,-0.311280968558316,0.5464166857123944,0.4131585681756993,0.2819127152575088,0.05576626427102508,0.3034265141839954,0.3927874972608414,0.5777961905346782,1.0,0.32572231208012864,0.5912992612989275,0.1328958095541042,0.21871799037916234,0.4109847537498941,-0.20129394420697033,-0.008509154920989168,-0.3661418227612123,-0.44287942289523136,-0.5171176537242429,-0.10532917941004696,-0.5330975236727997,-0.23255400447993738,-0.53266246580377,0.12648326998757897,0.2845673139959949,-0.09806682178252048,-0.2809475368521634,-0.09928327379547885,0.19789360591874736,-0.23547330532135216,-0.20758743402697574,0.3064881438423526,0.07880477195588635,-0.05609590312356486,-0.00042232868508907637,0.10949787893689138,-0.04305718655082094,-0.05141552993955292,-0.2550982866543948,-0.11560007020090071,-0.16090213484696,0.014189446723767775,0.01803298327699333,-0.07736785218572952,-0.06473523868164383,-0.42646861449023316,-0.31365960173823343,-0.07721453634082591,-0.21592714779515268,-0.3309582770930808,0.06327051832566198,-0.1144429302902317,-0.3247805904693981,0.1776605088500626,-0.32015080904040344,0.5968832353142897,0.35673398084513597,0.09444961559220434,-0.005609268723745866,0.0727769392730664,0.42454819333646976,-0.40707722911525196,-0.4054622550695672,-0.30288632606900334,-0.18090986050475708,-0.2962644025932249,0.11483497932760063,0.30094760229646284,0.12966845793388646,0.14105769048548028,0.0675219203827656,0.09952214214711075,-0.0023018903530143057,0.13214436206930108,-0.23065018465016657,0.026365162258987402,0.02805048506639387,-0.16968333951464293,0.32406851029435324,-0.16474449038109823,-0.3271880296508159,-0.33873648514086474,-0.14906823061181126,-0.3105705436840003,-0.14268017371025002,0.5795839570217933,0.41179600998962923,0.1909650187297213,0.24735155543227044,-0.2194072108139244,0.13976844309773612,-0.1766043304131064,-0.12824565909024618,0.2677878381686691,0.34810396448867714,0.3046830056712468,0.2778960863919326,0.16156103763322982,0.15666937807790635,-0.15090094015435643,-0.10600735655927623,-0.09796621152659539,-0.05325534513198225,-0.22235229737026715,0.04345844022051035,-0.26661472532560626,0.027729571401740063,0.05426754459448293,-0.2587897742350352,-0.11364440465117868,0.13605664629273528
0.2370115834751821,-0.12814198985668498,-0.12850566414036912,0.04728709503532529,0.17615467742493351,-0.3547424939857529,0.28787738194263135,-0.0966431881132139,0.28375837080310545,-0.05151592970806534,0.4757007875741741,0.06373603936440361,0.462792291130255,0.32572231208012864,1.0,0.4454253315270243,0.22990651497858816,0.2941315156706994,0.3152314510935205,0.08852836015216872,-0.05865131392900891,-0.2912519252208744,-0.14108413274385728,-0.16025898781918307,0.11659626503202455,-0.32525278266593505,-0.01104359316485421,-0.2910306258241739,0.5710819130212544,0.3084082253184187,-0.08059130236426756,-0.1325930155110906,0.006857778075091347,0.23480700493776765,-0.0040394206613028885,0.03566195108408645,0.3529698832846241,0.2361126829806981,0.4799894686059152,0.259216947041835,0.004409406784814405,0.1542974134029845,-0.2977555455776219,-0.30018554766359035,-0.4057748313013646,-0.4387699055933529,-0.15043368137842253,-0.010048725104175133,-0.33289688379368837,-0.41230695496846104,-0.42870711729433286,-0.22961028190918295,-0.07268334142379666,0.09342781578029932,-0.036581270349413074,0.11647506396192277,0.0946547158462207,-0.004272433391417332,0.16965950001798868,-0.24936049176341063,0.4335490042820256,0.15928835211530643,0.17358110294051554,0.07125013978291954,0.2867734198122207,-0.006212207854949959,-0.36324347622257025,-0.4977784342741452,0.07370655941346074,-0.2181620138047504,-0.0754784193214258,0.04727581141335242,0.4060801982625798,0.11973732171862539,0.1952074359163927,0.2882936066338105,0.14398344469273083,0.2635497555150675,-0.06517992502231643,0.10329000716099969,-0.02586262267294229,0.029706224110611183,0.4026282420874526,0.6280876366279102,0.032645645812148585,0.05596809659298213,0.18656568741639018,-0.1734359873130783,-0.08217492816904132,0.005345251078004519,0.20202951390248783,0.1578483878170568,0.07715980156305735,0.19720953225402194,0.09777856822755596,-0.05804225548452905,-0.22899921876883392,-0.08573796687368287,-0.018744297142493,0.19644677245320913,-0.02972784251846026,0.23908349593388123,0.19707928397059538,0.18755571865629433,-0.40604855455514816,-0.23721533154517094,0.01583061183584259,-0.025140393541545552,0.0370362047961046,0.022732960350785952,-0.07358878939390304,-0.1805104653887971,-0.011521032064665869,-0.058939467364981846,-0.051145912954918965,0.021889698573243174
0.0691566501580597,0.22091106127444235,0.23288750916164264,0.4354413986393787,0.3221552715205642,-0.00738827717193856,0.48121455066131014,0.6255952172562979,0.5892246229991184,0.3657491619033585,0.26183823926655864,0.6880373093031285,0.3643601321725737,0.5912992612989275,0.4454253315270243,1.0,-0.048343715517399945,0.1350186013909529,0.316638425673514,-0.23911664157322135,0.17448877132646384,-0.2737376051402736,-0.3193077774435552,-0.3366734764686672,0.15010276614652668,-0.1983831504179937,-0.14315356975174634,-0.25140670019462336,-0.006631283123066762,0.4565702534597452,0.0050017824279968435,0.03739078163101024,-0.34128399719181113,0.2691673435435614,-0.2412415663231114,-0.01395269633440998,0.12847885567833786,0.3110016697996294,0.07845867608364337,0.3022262119065591,-0.024082600231725322,0.24916013637675993,-0.23231633284786368,-0.31711814783430475,-0.2669648936590424,-0.12686800880776367,-0.33296233414278636,-0.17159836816138255,-0.29525457573219466,-0.19164482318598802,-0.44264326493827433,-0.37933191328620774,-0.40082829139571685,-0.24884411537785775,-0.5471211028979138,-0.06222234740309992,-0.2642841874850505,-0.5057236096063782,-0.14155170188316069,-0.44363383624728314,0.37128637767328604,0.00012329195117787988,0.010267748194421836,-0.2587336688898273,0.28680996512265294,0.6459976878561208,-0.5718523868450837,-0.35050065727174423,-0.33180571585369195,0.05992878209030188,-0.33405488391225396,0.0792524522698829,0.2734421846374735,0.14874487637958786,0.2677675007151463,0.30140967116898326,0.3127264332492499,0.3225257894118548,-0.04157916810352844,-0.2903683947205121,-0.050710292935204675,-0.1883478814694246,-0.2806475115496511,0.5171558443870852,-0.3976094868158808,-0.3735794432711485,-0.3353055620577347,-0.036905732380004816,-0.3443374425079582,-0.09266474649167107,0.30055218687997215,0.2395674061114165,0.47076987096164913,0.21621535090269542,-0.08488587681238136,0.09659422628354385,-0.35652197183104,-0.10175260689367134,-0.12134640052572528,0.1846893030553584,0.33538139000737865,0.19879085214555323,0.29660190612966286,0.18150597425116144,-0.20119310285059222,-0.030170761101430577,-0.08430826218986566,0.012489004090294551,0.07573621447025179,0.13053226483287683,-0.2512234727399325,-0.16190416143478728,0.0024053223374302917,-0.1554926100491849,-0.04006286972068849,0.030448136442891353
0.5098695055074217,-0.0246417028058552,-0.4416040189075896,-0.43645812666125794,-0.08804453160669515,-0.4220351899173558,-0.07401887198214152,-0.42928305511377807,-0.10642894272288955,-0.15130329444775265,0.24382723478211052,-0.28761871990384646,0.3943531984465939,0.1328958095541042,0.22990651497858816,-0.048343715517399945,1.0,0.3531904553834241,0.3109540134426849,0.23457267618092617,-0.3799643342800277,-0.41637083623589166,-0.4142309248810378,-0.41670264068779506,-0.34761161427088066,-0.5254625932348651,-0.1534156702225535,-0.4887437957951448,0.6220813974568686,0.2488844856845993,-0.3138062950497991,-0.4999061436730124,0.3546466692772466,-0.002191066393470546,-0.15537423206861184,-0.43657989222846155,0.5822066190975459,-0.12171491444408712,-0.15369104402810915,-0.2790024030305216,0.278549756713947,0.08347764446332094,-0.14092343071115665,-0.2737627912439166,-0.3865989392918314,-0.44877884516122085,0.043643841693243604,-0.3298336754769957,-0.052668277467136204,-0.22882790935846714,-0.23238428015270637,0.021210691941595763,0.3305442345472188,0.4425318528998446,0.1411862961547447,-0.24728493965703485,0.4889167408885703,0.38336076431733174,0.2711580269517248,0.0011865715094237222,0.3578961150172026,0.2587068694450488,0.7707483858549407,0.5442550266055586,-0.2961718364037534,-0.3622888736922726,0.10709973414876273,-0.4793768210115498,0.23038439068190184,-0.24303729023988183,0.09931343123697775,-0.07711494928255644,0.5580466194601262,-0.011032992916310866,0.2900244234226701,0.20168049567042468,0.11795835734165512,-0.14119305131515533,0.4548217220111226,0.4719035055688617,0.5412487791138438,0.6996149058743288,0.16995902855824857,-0.042191852383760234,0.30738574951935205,0.23917213706068519,-0.020438084881128603,-0.29908630013718557,-0.3318164253643135,-0.05143454674139746,-0.051521272109950424,0.046029396995521145,-0.13691316187458866,0.021717206373541225,-0.18830230953703628,-0.10073319054827784,-0.3285449237698802,-0.12444325242755738,0.1651203225461089,0.1656597078140489,-0.18222930614992963,0.22189401074120818,-0.23281364151001596,0.21507854335133722,0.19203644933836808,0.36011679007894853,0.32609561826331446,0.10916990986654773,-0.2948543418262605,-0.11128721045293155,-0.469970850889342,0.11588250116310224,0.16414236180637726,-0.011429131861372096,0.13021079118166173,0.03937886738251408
