1.0,0.2939362003048684,0.37184904248418854,0.37983772528694854,0.13461380447689653,0.24757609973814462,0.19575630638109018,0.15372550304092095,0.02781534460050728,-0.030489299147043347,0.12240614391844397,-0.06632754829980983,0.1614511145512422,-0.06318840207776091,0.17830211354797262,0.0084234078015099,0.05188904197639652,-0.12236928062606538,0.5368328600561935,0.419401425534436,0.020622499402047297,-0.2277761726431839,0.25782125571921233,0.21710494793756838,0.07194583671615323,0.24740914502106115,0.32613147195243314,0.2641427722173242,-0.07103177929318341,-0.3099612457048045,0.07000460431658234,-0.10455918423118715,0.06280438134601186,0.12451042450305179,-0.21704187294300692,-0.3019630936381585,-0.30067162624776955,-0.5280643752559155,-0.2874308213190063,-0.1830773278500698,-0.17362563477014217,-0.23667420964253816,-0.2783507395177149,-0.15273414984666484,-0.2256221868164342,-0.2343388067484967,-0.3260397055113535,-0.19481271267129505,-0.1511580225978,-0.10064096352265484,-0.09836588263357154,-0.13080840532396398,-0.38545131030832047,-0.13410643302651729,-0.20336383078944992,-0.2458776662851939,0.39759848360099603,0.10529922873199066,0.23088620882184913,-0.0287185623983585,0.28914103007958775,-0.12435209425618311,0.09388287572492544,-0.09795948153510758,0.05831642664178928,-0.1255843264544911,-0.038966817320154265,-0.1888753635029073,0.15153728526662025,0.01842888571261928,0.06867114304916354,-0.15024625804211367,-0.045978686222596384,-0.23891035686785192,0.03314947974631377,-0.1266968371946686,-0.019296082492844414,-0.32260507391581345,0.1458333516660581,-0.28221752501769976,-0.02219188531872904,-0.1688082101561673,0.08013055861235722,-0.1983696365449622,-0.13369173349911895,-0.2959739055979969,-0.20611250898134986,-0.06732195682611301,0.09373041545763224,0.14094820527622284,0.05404456992586183,0.04818905794166265,-0.06222914407143265,0.14706095654215454,-0.017814821412631687,-0.15299242029993507,-0.3092936237119682,-0.15024780492310574,-0.36204966963913243,-0.15235752228246988,0.09091946027829174,0.28783887022261695,0.15866285274423073,0.28628046563130827,-0.09946827077243393,-0.05475465894017373,0.007932534903615809,-0.23189450712522738,-0.3887652294999757,-0.18418606464973597,-0.41366641587380315,-0.2839043204023237,0.0017193851492288655,0.015557259843824825,-0.06625365961261644,-0.31296942182655496
0.2939362003048684,1.0,-0.32097860273520484,-0.12936176886043915,-0.43115081070251937,-0.21906135350933953,-0.4047616807443229,-0.12484552543783105,-0.36013230574893673,-0.206457495456751,-0.035675738456155875,0.11667150651543055,-0.3628077536305153,0.11066734036123438,-0.18984202170910444,0.11112901361180531,-0.35213195986766016,0.06834720515636465,0.11624528666328364,0.20177578282864478,-0.4092403974603414,-0.4009466166181651,-0.4982931227243316,-0.22161715061094422,-0.5104524971964524,-0.502889937088183,-0.26603701707033006,-0.36000391480181676,-0.2967158285713027,-0.05867067578714248,-0.23595849324743118,-0.28700992524429436,-0.06354712262903925,0.10291056083524876,-0.44628348133698365,-0.14211360082756472,-0.3242349953435593,-0.1578632074090984,-0.19240154538647058,0.06083575598835141,-0.3407424302454498,0.27321735394542096,-0.2867649434346408,-0.10659862542249887,-0.059699526012832016,0.004507487019106138,-0.3292268544634614,-0.15071293895309823,-0.018309395365911064,-0.03362131463652615,0.14185070202561567,-0.030647849082680572,-0.042339122225502936,-0.26227372289073614,-0.18771634089500142,-0.17012730907499332,0.3048540008465058,0.6361347630632539,0.42160126767261563,0.2934239459734778,0.13141525790463268,0.4794699544018148,0.055672545685657084,0.3952572883992687,0.0336003140972145,0.3504989647984064,0.16664427454353337,0.08133746710444685,0.3809755860484149,0.2747246880769733,-0.275239086283553,-0.27951623969355427,-0.4083211075072319,-0.13891608345431705,-0.21074493295754285,-0.18785700773913405,-0.08957159058948269,-0.1482515101228788,-0.08710827259562985,-0.07638358378732846,-0.1423059622163967,0.13439742768444654,0.08027564488465633,0.36601449989222884,0.006756761794011659,0.23864125784963705,0.029718488234843098,0.4359933474443904,-0.024857759745491457,0.26894222346421714,0.13128110310097635,-0.28192660683725734,-0.11712047007490596,-0.1670999314037688,0.126966037945526,-0.13398709844541876,-0.028171266446019142,-0.061579457958002536,-0.014340639434114585,-0.27685891188729134,-0.02625900823240004,-0.1256227539775843,0.10273597251302116,0.028731733236291405,-0.005378610634775939,-0.11530667759853142,0.34772346677603294,0.04991197722757774,-0.28255851281889266,-0.14925887623375392,0.03966878623590614,-0.198833503926104,-0.13105977797541707,-0.22447175633442992,-0.16748058763176626,-0.028815284443762766
0.37184904248418854,-0.32097860273520484,1.0,0.7508426878931725,0.47436051283142905,0.4812271947028344,0.6721168511752864,0.6885646509226838,0.5195772747808654,0.498596516355824,0.12043358752846138,-0.3630068512632351,0.40987234178236326,-0.129404347991667,0.32198180402252685,0.0823535282431797,0.04414293679031123,-0.4962954991977678,0.3658051841170999,0.23306839489880382,0.09235080590978086,0.08405306908072957,0.6083551624122346,0.5075741394117163,0.6334229222457124,0.5000806668485593,0.5468504156447909,0.2489042553306576,-0.16378685955434255,-0.5763167928283213,-0.009693787456159973,-0.04941143199446968,-0.07190739643323832,0.01983039906959562,0.13949525243574376,0.11381358016361416,-0.13127493560606554,-0.3705670441464671,-0.06486517253102946,-0.12355768536437024,-0.011075368252097642,-0.35863439527674495,-0.1397199505528686,-0.15826607974683185,-0.21687205226468828,-0.13061191668025882,-0.22465517581487388,-0.08325691101170422,-0.30375692808660526,-0.245097399794497,-0.15910158248721276,-0.19783265224444863,-0.2292438666238519,-0.013677269211668633,0.11526945124781741,-0.08215614960205687,-0.00483052143090049,-0.2784222349947402,-0.14829611485147004,-0.07774728333154687,-0.017990486997142625,-0.29330836425896917,-0.23468675788985122,-0.6615866976314283,-0.02868765470470836,-0.22644166606933805,-0.006509905177615943,0.12671835094883055,-0.08320442617985942,0.013873497777366187,0.10807838191642327,-0.054894186816901835,-0.09875257475583324,-0.33741555996070993,-0.019536136321977888,-0.18016007756450883,-0.17215068551799817,-0.18858197661564455,-0.08942826094833593,-0.4521014349517241,-0.13444327947422982,-0.48972220991824816,-0.10423888402979493,-0.34104688572141506,-0.2692531098930614,-0.5538713576182664,-0.09419346783014694,-0.5213043817968013,0.19522685519659805,0.08444167916949193,0.14859644336002573,0.49253859945276,0.3215080963822951,0.5007372749995981,-0.21935457635609773,-0.13220470209672747,-0.11297319347151841,-0.05157937048865718,-0.18077856650503601,-0.024361460836711896,0.23238561745778094,0.40009426527643877,0.08425922072690446,0.20406006132483273,0.029161715710394887,0.07431743263315756,-0.16358035285402436,-0.1849865963716496,-0.09917620276327428,-0.08974996369200457,-0.22530847143981242,-0.1032870616911084,0.07013661554598571,0.17357988596367627,0.12157895670514027,-0.1734873466026036
0.37983772528694854,-0.12936176886043915,0.7508426878931725,1.0,0.40721006782522656,0.49784042004199425,0.523373988824586,0.7691158424219482,0.40677137140779185,0.5082071224684385,0.06779963953501904,-0.06907785554783138,0.3033012447724623,-0.07001349150376973,0.4114305862657463,0.24126300224210204,-0.09162221345951141,-0.40989991111461477,0.47440709762292577,0.36529869324789166,0.11409811881527313,-0.009869608615981415,0.6399945532285034,0.6886807174024262,0.4370141451689028,0.4756809445334768,0.46879005251645267,0.27042406011183756,-0.2374366159375373,-0.528781064259205,-0.029908822960840013,-0.023108074114121045,-0.12174866063397805,0.13937989254969413,-0.02261257198932381,-0.026023954951544026,-0.3625930309366433,-0.4170475774443879,-0.18314809737992366,-0.10999334436693751,-0.06361255710726546,-0.3488308143302549,-0.1087869576628399,-0.1391402991488838,-0.1928106845626697,-0.14984994511223726,-0.2913274174441774,-0.06387776686206666,-0.1329760387950264,-0.13335674502795467,-0.11398177621050566,-0.047723399908152525,-0.21154055797964302,0.06708484104175082,-0.18608380117811144,-0.23835649618634752,-0.056321332668621805,-0.29607120157779615,-0.0746138666950044,0.04351837779460451,-0.12377973933729429,-0.30381669797522104,-0.2808318844050951,-0.5520126647897108,-0.08948137912976827,-0.1992487347671992,0.019846263020332617,0.0959889344655865,-0.1573058505662557,0.11214091356807193,0.13062588854015753,-0.1300375089423739,-0.20933444111801758,-0.3128299419609707,-0.08348332953209191,-0.1772242764287154,-0.20610828525069042,-0.15801042884093705,-0.15041991854909106,-0.5245442740321604,-0.2940420920656209,-0.48024322155815063,0.13011705199196322,-0.12422156441673124,-0.271910205906789,-0.26222557942766117,-0.08153298698263371,-0.2786203179393212,0.012752754237064588,0.16635653301941106,0.07942955657538057,0.29039925015527474,0.2802663946202514,0.43188615503509276,-0.17292821269449363,-0.11522631940023866,-0.32565604610676013,-0.051098790339509086,-0.40901610774946795,-0.17620143500505792,0.127224106165166,0.2558983058977707,0.09347105473251,0.24016038087540717,-0.040029608659271805,0.07415283414375039,-0.023527338651762014,-0.26867842771261885,-0.2598930036864577,-0.040065051178656504,-0.3696582346586778,-0.2608873126513747,-0.009779689862995357,0.12195540018487995,0.04046913321681276,-0.25243815257490626
0.13461380447689653,-0.43115081070251937,0.47436051283142905,0.40721006782522656,1.0,0.40861541092023357,0.39689478401808975,0.4092500289086573,0.5206671112664539,0.5708297161746366,-0.06387667956070477,-0.1321070532577152,0.2915124088981996,-0.1713115847167913,0.4344948137492108,0.17337729194153095,0.06075913147357102,-0.2456400646568009,-0.000714187041838306,0.1778149655347441,0.06074770116061919,0.14891586106432994,0.4163229876073537,0.4925429052154562,0.4000877628169741,0.5481864042104572,0.43040065935206107,0.49318864187574313,-0.1697756292815177,-0.360260958637028,-0.17475216650645517,-0.10225570303859552,-0.2571604697478913,0.013729275481854165,0.18408909225066586,-0.00976385263184484,-0.15443045507855976,-0.2897319034982514,-0.1906811691180267,-0.338059552484305,-0.01603883513046021,-0.34727018798708786,0.16514076031554667,-0.08529968231667541,0.06578115589506207,-0.08499257371762235,0.038552468159663476,0.1018971602311884,0.15443287264978367,0.04063389729436759,0.06544048003103342,0.10748602062327275,0.15216330839345638,0.1548548749676403,0.08965553096852975,-0.09664813892818706,-0.29755699640503414,-0.2921262228186935,0.03183550307753671,0.22760885238613654,-0.18816163922559528,-0.1387076807281327,-0.28127725515193797,-0.35628250325158,-0.05712002588214583,-0.09254287581578287,0.060807180128005726,0.22946916023783037,-0.4225639172939371,0.1363779078107157,0.07582400396758995,0.010633694801051414,-0.1617284017763348,-0.2411092177533649,-0.1438077519676613,-0.28510333415494016,-0.10251354827798795,-0.16532515062370656,-0.18020952517674038,-0.12913264839806124,-0.06108203580033234,-0.2420544816992787,-0.08959214664942841,-0.26610024536057797,-0.11325613550307387,-0.229669251158943,-0.3515159266332807,-0.5517964406954878,-0.11459467020408765,0.1938023838648672,0.21909989335947178,0.09229438685978963,0.10313225085806177,0.16094676705320185,-0.35139773990126516,-0.17933854800255825,-0.3995089793420804,-0.20266209934626286,-0.29431054028153447,-0.25204345422434615,0.02928704388440259,0.08174486390366663,-0.04316993846735368,-0.07401933662179293,-0.01785150919679115,-0.1426513895354874,-0.2707871922657772,-0.15042690721169824,-0.19025789630132137,-0.09457607820029672,-0.45480890595822765,-0.1755349852542952,-0.2785961833054492,-0.12075093044712198,-0.13545998376002488,-0.24546015708437474
0.24757609973814462,-0.21906135350933953,0.4812271947028344,0.49784042004199425,0.40861541092023357,1.0,0.3716592323360959,0.24586274181518106,0.5044207149535763,0.35441272547054303,-0.22829327244953468,-0.38834427337804134,0.04722205052380278,-0.6373675329613683,0.3439115530435423,-0.3720591143185861,0.11310801316408511,-0.33270935447275457,0.2771056998013046,0.1116173165422123,0.1381200843037531,-0.10516481666537335,0.30875097758210734,0.4608078265596255,0.4041248311848982,0.5649635254527704,0.6764465397376248,0.44833636205015387,-0.32853743647955796,-0.47347419256726253,-0.3518825580865839,-0.3791201565983432,-0.27891650935828194,-0.1870531874175888,0.07156059955616036,-0.04989375896499931,-0.15990818183160274,-0.32407153973474906,-0.19224016124418758,-0.14284979878083282,-0.27406487543576963,-0.3090853046043023,0.1303085023053058,-0.11485607981070053,-0.01828837977842779,-0.05318964957646873,0.03380416300278574,-0.037937451962581054,-0.03138599359098352,-0.09064229468282342,0.1817976876266056,0.020313595895084833,0.07790499839349449,0.015882770279006066,0.04970489606449456,0.1286476181536352,-0.053740079932598765,-0.08240086129924531,-0.046024042941427715,-0.043360169933474586,-0.01949258054741732,-0.287817094775149,-0.050093557345175406,-0.31972808570970507,0.13839737993030504,-0.12097507003782694,0.12374732245182105,0.0479976674841498,-0.18869767942712248,0.014200146702432536,0.08321878789564749,-0.14100006859152095,-0.27264975384838175,-0.4033831416065902,-0.28474571945958155,-0.4043682200022616,-0.04672285865012549,-0.039670536625116576,-0.3007137255917237,-0.18469518752265324,-0.08116479610177967,-0.40161699393471817,-0.06581989474607462,-0.23978978163032053,0.04080166750629866,-0.08380844840765835,-0.3620033536156138,-0.3924895715893352,0.1244897987114709,0.24673171978425842,0.41596875715319764,0.5469149716495557,0.516865059012568,0.5818332902348345,-0.20234849365971974,-0.11003629673516974,0.112484862024387,0.08868778370705288,0.12875723721089696,0.08323688166387626,0.5100640433087403,0.4914734727935504,0.43949024889186594,0.5217302455064531,-0.020374350922033505,0.1749211585035505,0.13924452726103806,-0.20671675473736592,-0.15841603890414818,0.09980517101824081,-0.24464885885343637,0.00996405999879867,0.05492367418230904,0.36619917455923884,0.35506501195202006,-0.31244093022432523
0.19575630638109018,-0.4047616807443229,0.6721168511752864,0.523373988824586,0.39689478401808975,0.3716592323360959,1.0,0.6059921311542629,0.22881144015699006,0.08100078644346592,0.17104748413238435,-0.08759508232828363,0.6315018121290997,-0.09831325566574103,0.3785258501139142,-0.07363193068597268,0.41216371840773935,-0.1846518508402677,0.24988237983698464,-0.17257845968684218,0.3885971025563773,0.2050220325624541,0.7116798170033682,0.3643498081930408,0.4686674716463202,0.40305037768035645,0.5132901216463014,0.43774612695738213,0.19409743540762686,-0.26297169026757783,0.26585654072964865,0.2108824089936083,-0.05290984018522991,-0.20281632359244126,0.26013518343827774,-0.14081740527181874,-0.058211605550229174,-0.3593098788642335,-0.20721476426431676,-0.2582823033460154,-0.028929812979892198,-0.5472737361253537,0.008196412835175231,-0.08184392361725358,0.02299734660729772,-0.10459992973663741,0.07728905366105561,-0.21180100132104882,-0.15415524358865063,0.06259140609885586,-0.19286781674706185,0.09256696718695039,-0.12069135598916235,0.207966023249248,0.0009036076592070488,-0.026078156829060024,-0.19412942161619431,-0.2895465683935529,-0.46822972234680327,-0.31721087735362125,-0.1246709297588887,-0.30983839019051385,0.12956838618422375,-0.2988016780068208,-0.0873596842953369,-0.17995824136378336,-0.1707396534887394,-0.19781676068457643,-0.24992832159079947,-0.24975847915618532,0.31004457157355947,0.1245598690805002,0.2022475635090888,-0.24033368007143444,0.09322063461322144,-0.23817253364707372,-0.19083796069515796,-0.25232438921973,0.18501432280930258,-0.3209008767842882,0.19914987702936898,-0.22115184286888967,-0.2232519237965261,-0.540188537619883,0.03432544728812803,-0.25860472500125736,-0.3018601118206223,-0.6257945387154075,0.03837530277719214,-0.09909837148355823,-0.1087201493479374,0.3202206216357654,0.24609721165462609,0.4144133354105106,-0.1296391959919802,-0.1588480002428933,-0.14696308009412257,-0.11776060228219253,-0.17515023752604125,0.029468775703808594,0.22156945125081343,0.5109815143731867,0.10633314325352927,0.15289274432922545,-0.008703519630744871,0.0970610849300542,-0.4728410829876958,-0.10331430493002311,-0.04227546459758123,-0.09309475315992664,-0.3742691174007774,-0.10118712213211002,0.09974957054930181,0.24455604846639578,0.1769109978420891,-0.2542987031567766
0.15372550304092095,-0.12484552543783105,0.6885646509226838,0.7691158424219482,0.4092500289086573,0.24586274181518106,0.6059921311542629,1.0,0.3339135527317314,0.4618543947573289,0.027365672419570265,0.03459563563227916,0.3801172311988805,0.12121784627739617,0.30783981064400545,0.27444573433924985,-0.11920840465857066,-0.3036988264148601,0.1967190730520014,0.05349157677967469,0.1814514013621835,0.054772242821755565,0.571911963675621,0.6208607235457749,0.3004843723762183,0.30553026153471424,0.3236485402411732,0.21371935834969644,-0.2436363727971314,-0.4138169898548958,0.05035443574407616,0.13919637378017927,-0.1176036530046241,0.09337941460051957,0.08754720395681412,0.027092534488492578,-0.32763810555945866,-0.3293476231496098,-0.2371992188653441,-0.08783259770156657,-0.21248687227498989,-0.3382473834109548,-0.17281747195550537,-0.22277340324406403,-0.045370490811492414,-0.08822328146355073,-0.25462736938711716,-0.24171370369701914,-0.13075405670188378,-0.06492729123289637,-0.09604511139871125,-0.04692009019277648,-0.1977101800474744,0.06886839222151805,-0.18604041406040756,-0.27462234603486263,-0.19981115616293849,-0.24559900130274165,-0.207848166099389,0.003769412797216325,-0.15667955455122853,-0.15126512759414198,-0.3852039370485653,-0.5126456721499073,0.02294711493225255,0.03568665404847988,0.0791113298289111,0.22564248771696538,-0.23560232867963618,-0.008687713754064979,0.07169551020347079,0.05069671738567028,-0.19792640846682572,-0.2978891192783172,-0.1406264183715363,-0.14756876740959396,-0.29220538862960777,-0.16541766342869016,0.007966970805967281,-0.5011840498121848,-0.1808474026731776,-0.3137284797758195,0.06966617682592709,-0.24822645139465935,-0.174814799597039,-0.16244998243451572,-0.059695867790231054,-0.25624384663396205,-0.011321264426292034,0.08699120452552549,-0.0713128072828834,0.17081468964931754,0.2273710647542102,0.3446191760401014,-0.0976695622134354,-0.13313903833734086,-0.34268601526444264,-0.16095195126224168,-0.469592085096249,-0.377882401382618,-0.03535737247437681,0.13724613115052317,-0.13010197517725064,0.025038759255643802,-0.09125897486274753,0.03847007172986745,0.0025624904834201643,-0.08177790289692277,-0.22775263171565222,-0.11581135561691577,-0.32926239264265833,-0.3471263084552734,-0.15418029041842046,-0.07961832469956028,-0.029849394257768933,-0.13649827416524865
0.02781534460050728,-0.36013230574893673,0.5195772747808654,0.40677137140779185,0.5206671112664539,0.5044207149535763,0.22881144015699006,0.3339135527317314,1.0,0.7347656686351703,-0.016393415349592513,-0.08524388574851126,0.19513864810183854,-0.16981499930136423,0.26994162850331976,0.050889687519733585,-0.032785480096368794,-0.37354646928832674,0.1476988724807364,0.061396928268220144,-0.1284785333329447,-0.05758052665577798,0.3726248416434758,0.5456916388216289,0.46281621405413986,0.3030541862759472,0.30352433189303807,0.057812539581015183,-0.22152534061456103,-0.3583022978899614,-0.22221619992368033,-0.16202431902590309,-0.30659878530943185,0.04546803064686469,0.04528610394042399,0.1451791891119232,0.00014178426063605063,-0.08202432135486758,-0.05562338266365106,-0.1361891221735809,-0.08072778399002473,0.07171375980545674,-0.06271223467012547,-0.07825874627805328,-0.13566621560020162,-0.07660038152443811,0.04968811816205913,0.3106718850736877,-0.08173547763565278,-0.1765051305806166,-0.17647337665937715,-0.03909420597951986,0.09898668415804458,0.15708048476776418,0.006983913792421581,0.1570849489990236,-0.24830832461839034,-0.2971289295015917,-0.08489035589897016,-0.022135506667594753,-0.22911225023168375,-0.2080880960947932,-0.37756561048219034,-0.5078393129866341,0.11106906291415213,-0.07265700246093502,-0.1538853102759874,0.2573502491960796,-0.1719457311065328,0.09508200481840334,-0.05772516564967927,-0.025752565359977338,-0.18259548394995018,-0.20678524647266622,-0.10024637974365211,-0.2229507043876053,-0.021847590892168756,0.007776006798656582,-0.2837598394920852,-0.16115995135243555,-0.13440519380874988,-0.2829525514136804,0.004488229471466716,-0.024624912821875875,-0.09985302483864822,-0.08253810728127639,-0.034493499121099176,-0.3271696938653178,-0.03310319360455104,0.14579776717421028,0.37114280665604815,0.5928869387888845,0.43835678034115705,0.5433889227169892,-0.46654291473420567,-0.12021943790428212,-0.08241134485475658,-0.08045782971508449,0.08376474723855903,0.07620643012473204,0.18055228336317558,0.0566828980195018,0.07526302952535742,0.03606325631311357,0.1202611271532382,0.06098158751384833,0.10600567334424703,0.0877455328431426,-0.11999439482541534,-0.03349499536656838,-0.15786301839251846,0.12613584139681874,0.11196987505796475,-0.0008852829128472218,-0.02457967324535483,-0.14682054465989092
-0.030489299147043347,-0.206457495456751,0.498596516355824,0.5082071224684385,0.5708297161746366,0.35441272547054303,0.08100078644346592,0.4618543947573289,0.7347656686351703,1.0,-0.09641237497118932,-0.05090046438466563,0.020612154755183923,-0.07336991531172664,0.22766571308361178,0.2607570666449703,-0.30899154642880766,-0.40414560527654103,-0.026001603238144433,0.13424793768567012,-0.3030440712923072,-0.16719760945301876,0.22311651028955437,0.5872923457285448,0.33635531913718997,0.21291684728432358,0.1573057337046157,-0.03461558140131536,-0.44200265157858226,-0.4435973943363945,-0.41927918365430134,-0.20983606449765285,-0.45275966674377943,0.13485373149671462,0.032474739699523095,0.24552824635746995,-0.12338480249999498,-0.040944163401572205,0.0016190899493425128,-0.013993219668014074,-0.11492329750920151,-0.017089317876248292,-0.16524810262576348,-0.18990139974880768,-0.22838663410119583,-0.1309951128317213,-0.19891912489827418,0.22576036828033474,-0.08875243969948204,-0.2008573457154887,-0.05956742878434605,-0.03875639968788074,0.06874767811883337,0.07438995944206785,0.049369845464132416,0.03792796038942221,-0.31003019861836695,-0.30969161132647344,0.0360188255657605,0.22709782976105625,-0.17647462530856853,0.04509076806141579,-0.5025521656473181,-0.47446362108617185,0.1002170889777568,0.12535852725484,-0.04362922920833929,0.4058475176681149,-0.29511231128355814,0.17478123528251885,-0.10836087621713879,-0.1259578261248511,-0.42326026521210264,-0.25006798304737415,-0.25951423750696695,-0.14862836783099134,-0.05997430681144931,0.012081857152571348,-0.2838921060310147,-0.2588214907722688,-0.319029590446205,-0.33374421256369824,0.03819697036106647,0.06438166621672954,-0.29503599147755843,-0.10190626820681321,-0.023272623975648055,-0.2552572698834478,-0.0755754861140471,0.25664779407547805,0.4619511659101531,0.4285204669104998,0.39372975808856403,0.32990967591567166,-0.36572816806832475,-0.07620037830808342,-0.27417017895585927,-0.0779079007077705,-0.1685648642100173,-0.12225301404449024,0.051840735601256675,-0.11559007726453432,-0.0383588468775184,-0.09690867958083973,0.22523430834564048,0.07623656672111025,0.13710169146459075,0.11159541469169075,-0.21843281532258615,-0.1428270820421522,-0.167503411897659,-0.06818825409061247,-0.1893148549642953,-0.1270261998606751,-0.04727309265905052,-0.05247811159095167
0.12240614391844397,-0.035675738456155875,0.12043358752846138,0.06779963953501904,-0.06387667956070477,-0.22829327244953468,0.17104748413238435,0.027365672419570265,-0.016393415349592513,-0.09641237497118932,1.0,0.34174330600640446,0.5605694318653629,0.5901740063429988,0.34264886636466974,0.5261504646037632,0.39759253518903964,0.27634959700853684,0.03562246826919862,-0.09314460302491026,0.026304273190476114,0.30597652205836195,0.36047102595041136,0.06147432139037574,0.1835638247604746,0.0927829393673757,-0.04311321931147018,0.05191354744886675,0.3666849858018418,0.18289224400002646,0.3214356278184101,0.2677035850126757,0.026242645240150964,0.003769289626507321,-0.3414917299463094,-0.20331768988250173,-0.12297992419178021,-0.13087247089769813,-0.21981050886013348,-0.33089737248393924,-0.0016633316128065341,0.01955391285843314,-0.09165477541033949,0.07519655380150127,-0.23537938998691005,-0.10600695352407694,-0.014862023158805767,0.13497843185648697,-0.13943800572967968,0.023988732931147082,-0.1933566843169408,0.1354766202211937,0.043686348101214224,0.3468562902030972,-0.289956540215313,-0.07470398253712468,-0.05934053457817923,-0.10356998390387831,-0.13120219865435462,-0.07328704904355056,-0.04786016993752554,-0.023755383958875706,0.2337799851540439,0.0050242551962230726,-0.3324704349539152,-0.049553127969149915,-0.3784045051001317,-0.25201568736218555,-0.09285149345563828,-0.07257962359365189,0.2925930364657382,0.20067282903311587,0.21088193516303094,0.3141130855429925,0.19928732052220344,-0.013640607713204717,-0.04903928038357658,-0.30403751401223045,0.23958820464340105,0.1710046286512997,0.3418603616059999,0.2518617121708596,-0.10416832081500389,0.11150857354967443,0.05598755416827208,0.0923134413250647,0.2301343628876206,-0.09331645849206369,-0.3546586840784622,-0.1374283268958507,-0.25273367602608554,-0.006429596705722878,-0.27600740083503916,-0.09164639682109331,-0.15912819635949838,-0.40307691043477306,-0.30829178606613417,-0.32230450475364913,-0.17507943519129004,-0.09024289635629305,-0.26053526236440444,-0.22981378179014506,-0.24245551672409218,-0.2256735422569314,0.0022753452240891767,-0.1255844617956403,-0.23076207648558306,0.09399763953796392,-0.18514812744776374,-0.30198254926779644,-0.07739457430461406,-0.03763891968245898,0.10882213325684578,-0.19544702553425497,-0.30702243077711683,-0.28637937598284086
-0.06632754829980983,0.11667150651543055,-0.3630068512632351,-0.06907785554783138,-0.1321070532577152,-0.38834427337804134,-0.08759508232828363,0.03459563563227916,-0.08524388574851126,-0.05090046438466563,0.34174330600640446,1.0,0.2220756233906619,0.5495224268747806,0.01620126601861962,0.3452405841495265,0.07820749476355021,0.37075136910698425,0.06053936367261057,-0.24090973598136453,-0.026470961454506548,-0.05566279844354999,0.2069043045042709,0.24779156497856822,-0.32742028401334433,-0.2697241587993064,-0.47124411490262147,-0.23368904756300388,0.38622108286767615,0.5189854506370722,0.3905838083790701,0.5796393152397928,-0.051894260370428526,0.2942802489317815,-0.20002567683531378,-0.2971682899696166,0.15094506318206433,0.19113989372917733,-0.12012442510118872,-0.18640486854449098,0.03499140905484457,0.3103835537911225,-0.12226476023354581,-0.05560058306860154,0.00848838129424781,-0.19583672321252832,0.08009935047208193,0.1509044239239372,0.08440503919616643,0.07859399700115109,-0.24386696950885006,0.12864923086726587,0.030532248223069797,0.34111563138139556,-0.38450714073191533,-0.1244282113906265,-0.33759912820411936,-0.2746126194779555,-0.18568268957594425,-0.21154681016675536,-0.26679099084691366,-0.07061071594046066,-0.09381992989488075,0.07580777279070311,-0.022976910147083633,0.039072746985351896,-0.4453663842817911,-0.2660825131866863,-0.1187794600660243,-0.21928871674836836,0.24073290275319048,0.3678321819043908,0.28759885130203827,0.4165747725275527,0.2652651105160416,0.30295610545121565,0.2733876670929874,0.11072820676276489,0.2727644978044718,0.2108851012440623,0.2660911226560173,0.4204255807191651,0.16751021493901397,0.3234887440592502,0.2296648083739263,0.5911687711341744,0.19166769968226519,0.23205832059074644,-0.44359371889763677,-0.27141617143040886,-0.30797773100700937,-0.21759998725191917,-0.20124854914431897,-0.28668521306028455,0.003758034123730204,0.0006027107672439178,-0.3241549717799996,-0.2147571824560428,-0.221649806019028,-0.17170942162610706,-0.37627280339869085,-0.586074733570861,-0.3828673192857823,-0.4479789831083433,0.11353579465983842,-0.0006768654761524202,-0.14077616912042654,0.3503912810425072,-0.2609166986078269,-0.11306477787508203,-0.18544544672233848,-0.057914664098132285,0.007939466157581933,-0.28418972732282993,-0.30798842069961974,-0.0943785526321858
0.1614511145512422,-0.3628077536305153,0.40987234178236326,0.3033012447724623,0.2915124088981996,0.04722205052380278,0.6315018121290997,0.3801172311988805,0.19513864810183854,0.020612154755183923,0.5605694318653629,0.2220756233906619,1.0,0.33952621094520635,0.5939055410564394,0.22756272403553657,0.514867038662975,-0.031698281640554785,0.18894386724999543,-0.14495828526708687,0.3471143567785645,0.4370986928791685,0.7058329933005739,0.23866741251315002,0.3852320704080562,0.38323003994971455,0.2538379664044082,0.4003041613012141,0.44042909052383744,0.011178250100971697,0.48568599960198683,0.3380817335209206,-0.01641961960491589,-0.24379274364576115,0.040163387261286335,-0.2064649761698242,0.022987708387596617,-0.17935838859531175,-0.170822057566505,-0.2295947182238741,0.17015371747288663,-0.2523316390352997,-0.10281375073680421,-0.038324077983828614,-0.07376260269244546,-0.17435892801478628,0.02302047927507204,-0.1387619146664842,-0.10755891022782978,0.07075795572596422,-0.25690614706576503,0.13698372979170736,-0.12401955896066988,0.2835601183210369,-0.1782091995735191,-0.0845802759923471,-0.24612345926202933,-0.33440613485283693,-0.3484197755047198,-0.29886877294557623,-0.07513862523755364,-0.24031825004953555,0.07173817968473348,-0.3290418243020279,-0.1607876199208126,-0.08326178690905917,-0.3468525026034821,-0.3423116587976567,-0.144773938015427,-0.21772618608530192,0.4350950600822333,0.20509177140530976,0.3763036230987743,0.1300254567311843,0.3565815280736334,0.021394427127747688,-0.06985977759619684,-0.2815445711029423,0.22467858733896082,-0.10476566183107582,0.3292077745576686,-0.033950753486817885,-0.02668769860762398,-0.2887862712381834,0.12784561298291602,-0.07897222017835644,-0.018916308138064424,-0.31642531010355546,-0.1772695918352957,-0.13935030971807752,-0.3304745696177513,0.1508896237230742,-0.043641073288395935,0.1923092966441027,0.04519855004683346,-0.21478285240518963,-0.15744084699436006,-0.1105650453952962,-0.23044336624549674,-0.019736463527660498,-0.08394008705864722,0.08909623208197641,-0.26935573825822096,-0.13741548737842485,-0.05464152084442189,0.014092521966831256,-0.4644708007445554,0.0396706720567514,0.06492083458006333,-0.051249727223204256,-0.2504276743197342,-0.057602189248701585,0.26375161922426366,0.07851820684426385,-0.008107765106187888,-0.19459585891262576
-0.06318840207776091,0.11066734036123438,-0.129404347991667,-0.07001349150376973,-0.1713115847167913,-0.6373675329613683,-0.09831325566574103,0.12121784627739617,-0.16981499930136423,-0.07336991531172664,0.5901740063429988,0.5495224268747806,0.33952621094520635,1.0,-0.06643687962691017,0.6665451373929324,0.02908250561044373,0.3429414183421745,-0.11462464951895897,-0.08250401469248948,-0.12159685141697436,0.13838876261257882,0.16209030195426674,0.01384025352208136,-0.06532262463789454,-0.19769815950053746,-0.3837013155718745,-0.26191079401648254,0.3653362826997487,0.3939985312208495,0.46337255050315757,0.501306835976106,0.18378181976225713,0.18282668792173867,-0.39719356847069465,-0.11922152381115349,0.011039172686060184,0.01570473565121543,-0.0620096773106952,-0.17108648591646608,0.11982246104168699,0.21422994493845937,-0.18665602825340835,0.1377014602028402,-0.07615792785275702,-0.020084746968457527,-0.053030937917746386,0.19427074780021172,0.05990464698297382,0.11734545053725469,-0.20885136116819394,0.11403321902555283,0.01707034713135998,0.291145969957189,-0.27376724620684806,-0.21880616872362083,0.0631630196632947,0.012904429653567277,-0.056232825565874736,0.019768002514428427,-0.15168246263023138,0.0858473781119863,-0.13268598222849318,0.04874345439682056,-0.3578700024695527,-0.07711596153569132,-0.27507437344000335,-0.09717015342027382,0.019278585943515177,0.08420646444150137,0.1746034795706094,0.2287290487206242,0.27213137994299974,0.39730405855481765,0.28023350855437007,0.2576501729574943,-0.06100150644250631,-0.3037518864967247,0.3181050323985074,0.16789893534232095,0.214869562526743,0.4929010392789504,0.05010916137096325,0.2629168758748744,-0.15861651469891608,0.13355831606124863,0.4455656466133231,0.22325353426273706,-0.3716122864308436,-0.3150777168909685,-0.42195819566378445,-0.386568408232107,-0.5531845027607885,-0.42879856785192505,-0.027985836702991086,-0.26864608958904385,-0.3907628646276905,-0.3487783587615186,-0.39438166424827753,-0.34368147687053474,-0.618531882716071,-0.5929178391968195,-0.5975075859591443,-0.6054698494592899,-0.059285086155777184,-0.2577215423497177,-0.13813548738067152,0.30059813826227544,-0.16260961557610337,-0.3859913476546772,-0.0657343752172656,-0.25396821287227805,-0.10474916932572022,-0.510255325101449,-0.5369667805232062,-0.09565435811388623
0.17830211354797262,-0.18984202170910444,0.32198180402252685,0.4114305862657463,0.4344948137492108,0.3439115530435423,0.3785258501139142,0.30783981064400545,0.26994162850331976,0.22766571308361178,0.34264886636466974,0.01620126601861962,0.5939055410564394,-0.06643687962691017,1.0,0.33332316628435255,0.32548790648727155,-0.1895452406172746,0.0829544604357933,0.1927765031752203,0.294975132971604,0.3982700618510704,0.4327166047868843,0.2909779304368929,0.46446373525802476,0.5395047710982016,0.5312088341335632,0.6333705995122715,0.05055934365117724,-0.24404256305527613,-0.02702338354897662,-0.1332655570546249,-0.30244259601464957,-0.19252952329057232,-0.06735108568018978,-0.22301409636373729,-0.3377989220754087,-0.45101576913583774,-0.36730824270922835,-0.36040332367166705,-0.021118051737979694,-0.43084768160335596,0.011835600508078596,-0.1761847515043406,-0.046779118138065776,-0.1449327482057314,-0.12799469536319838,-0.15468871066454057,0.019388035885222428,-0.08221935629950403,0.17864764033134903,0.06596017781882353,0.09687926237717491,-0.006055004299135345,-0.26260519753683587,-0.29049526258025726,-0.24251739322620963,-0.2009950998243006,0.03316688389263249,0.13463571610466799,-0.13105952147554684,-0.22973393475770745,-0.04906745892489736,-0.34540655044884727,-0.0974904087034238,-0.08129393682637291,0.07977966262399348,-0.05525822891408645,-0.22016757084767194,0.06071663711584159,0.20768665212252618,-0.09981735306664874,-0.09737956064538168,-0.24361904520558383,-0.11791812132115101,-0.2786435238983434,-0.22741233986214676,-0.2713422493727023,-0.11309430977541128,-0.10734050398444865,0.21548471038746547,-0.20572079514753472,0.18236951942986135,0.013228135447363887,0.33310119476980643,-0.00920441296203517,-0.17403521229560617,-0.3325962108676972,-0.11471347773712477,0.14042119871276673,0.09846908649072386,0.16053513585222337,0.15212345768768556,0.2785190783591848,-0.09420431092557426,-0.24835311837815083,-0.22673861681266796,0.003970564498609338,-0.11762240753556549,-0.1494810335010766,0.12572274361910402,0.20734648474967105,0.12601556717985601,0.18881044997307597,-0.10931589450784593,-0.14237517733039898,-0.09437851337196161,-0.1913213936515301,-0.11793589677553758,0.040961036793053615,-0.308544583082278,-0.07101866982046845,0.02180981289769699,0.15985960341628394,0.06767149264612216,-0.10174031033068423
0.0084234078015099,0.11112901361180531,0.0823535282431797,0.24126300224210204,0.17337729194153095,-0.3720591143185861,-0.07363193068597268,0.27444573433924985,0.050889687519733585,0.2607570666449703,0.5261504646037632,0.3452405841495265,0.22756272403553657,0.6665451373929324,0.33332316628435255,1.0,-0.13653143279560293,-0.009869699795027345,-0.13205766055501988,0.28542979315204997,-0.25573611929635004,0.2654846603546788,0.21276441819161043,0.2725140440815092,0.05967284814476662,0.016536645864004884,-0.1131333935107431,-0.02545139513276406,0.01089654554098922,-0.04778764386166048,0.07844888773564757,0.16827498573011287,-0.13219039055315185,0.2559844244203938,-0.37659992236945394,-0.051684646054817374,-0.3407227598459891,-0.24792628530672356,-0.20995220587010988,-0.33639596412016287,0.09704756289483989,0.009643744360380709,-0.21917190239659298,-0.07982154226908063,-0.20487529127295012,-0.023340378489853594,-0.34946811815607937,0.2118004398615574,0.05208807756844397,0.004331442445354366,-0.04469315368971966,0.11415762613877505,0.10297297337674817,0.12416464663079871,-0.31416107149708056,-0.43811084762920355,-0.093258982894222,-0.028264905633771646,0.12223128990810826,0.39155273926412876,-0.29158334873781067,0.1021445014704855,-0.3050737927342598,-0.1361039967394402,-0.37894708143510003,-0.01387258366565879,-0.05382939348400966,0.28131273368145926,-0.16942614791931715,0.41537617489222695,0.08237170385366245,0.10807837443165773,-0.1987101873974515,0.03755506509125859,-0.1336114044228439,-0.11710769443311295,-0.2921106846197386,-0.2923643706993611,-0.034980489772194145,-0.07726634169723105,-0.02542176998102631,0.11323092944436158,0.13889535453548654,0.43223173632100326,-0.12472936056750873,0.0748958977731238,0.3033810700657718,0.07008791924215932,-0.3223972743051078,0.018776532772055748,-0.06867676284438715,-0.26168167088444394,-0.34490268384588135,-0.2110874391106828,-0.2833905850544595,-0.41854296530316476,-0.6309153862877146,-0.3455321348406338,-0.5364658258152754,-0.47501332872621616,-0.4216582490206506,-0.3968749219166403,-0.3695036235459188,-0.34089351456601213,-0.004920274343723002,-0.396868708767333,-0.0519961336429793,0.15732400712689706,-0.22385119369568662,-0.38197143814164525,-0.15982859860969795,-0.33110327954268726,-0.34874997664094615,-0.5022205964392887,-0.5683787500570977,-0.10290719233791523
0.05188904197639652,-0.35213195986766016,0.04414293679031123,-0.09162221345951141,0.06075913147357102,0.11310801316408511,0.41216371840773935,-0.11920840465857066,-0.032785480096368794,-0.30899154642880766,0.39759253518903964,0.07820749476355021,0.514867038662975,0.02908250561044373,0.32548790648727155,-0.13653143279560293,1.0,0.4202614510390685,0.0535387191967386,-0.31510537908063374,0.5087948835425861,0.23126530231805287,0.3457196075505725,-0.2212488402852071,0.21165605175204733,0.1433967832179096,0.24189501499287877,0.22041960359067844,0.6457187380003924,0.43245476185352705,0.4676922839902761,0.2995848262113565,0.20441932502894264,-0.3545420776433421,-0.07467005152786639,-0.3805578706921353,0.19272911584411026,-0.023033413496518627,-0.2543204485974949,-0.27127309341461947,0.15319440176346547,-0.24484071196115462,0.2313590881867418,0.2906983309177591,0.16426449386868772,0.06705618667680864,0.39127968086185727,-0.05348867848502236,0.0746575650588805,0.3424519846804771,0.006615266459517557,0.24208651165901623,0.10148765409692409,0.37432483553363616,-0.23671057500920584,0.016796617342594047,0.18233271333716294,-0.020820339465352306,-0.4122082677717579,-0.39162807044895315,-0.11722149177776599,-0.3409675608168622,0.48140338083263123,0.09118924082899561,-0.2963873243748646,-0.2599159340102948,-0.3155460498825682,-0.6409474812509075,0.012307415067243274,-0.38025981916787865,0.4146036076123911,0.11198612111618485,0.6861622492748409,0.29501941262992465,0.4548979447242381,-0.03124759941419499,-0.016190689068461918,-0.3231061960058471,0.41711194293662024,0.3076759188416217,0.7083479475080762,0.281147104909118,-0.12090142330051756,-0.2967804274294144,0.20775345944598517,0.019104345404755176,-0.1362724525286239,-0.3902451406992002,-0.3200574370346817,-0.46752874761285423,-0.33045391926361917,0.09011870418879041,-0.08660677961961126,0.08849927656009422,-0.04890964782828149,-0.15302462795124092,-0.01927329452088511,-0.08077613942706861,0.13622220661625598,0.29645297043699803,-0.05805377378544374,0.21597259294332413,-0.003756478847855407,0.12833225567187725,-0.18877813478458522,0.12311273268891237,-0.38870686760454104,0.010974731759053188,-0.05403961305081992,-0.07807184307044292,-0.21827497603193516,0.31372597659038476,0.39031603020057054,0.320656799676325,0.20757742002556373,-0.16608317970318612
