1.0,0.8191097880762316,-0.34526781875064333,-0.22792746454241353,0.10163981152966764,0.05087928184826168,-0.09403868454127072,0.065397299036108,0.17117614202114054,0.17088244337708997,0.32511592285764285,0.3466570964792275,0.27222381103698334,0.3784803652543083,0.060735088633681406,0.20356747795214,0.4833104508240525,0.25893600880201445,0.39440015231881126,0.2946408045854863,-0.0719106042343712,-0.26807441726760567,-0.5074147024357717,-0.383015268513838,-0.24645018427748533,-0.4061362675363359,0.09190845286168697,-0.1792156435189513,0.2686237469901883,0.2567660042339938,-0.3076775680172027,-0.3182643050474194,0.20158108082466092,-0.19047094796100947,-0.5726176001278702,-0.5242778150146099,-0.02727309027155246,-0.23409039276219112,-0.184379449294415,-0.15614793213684422,-0.1093205562149748,-0.030957929811326054,0.07093799218536191,-0.08636362705920397,-0.09520065600258794,-0.2428216341768623,0.15840883376567128,-0.22159569364831427,0.10053964754133547,0.12404307864684268,-0.029341663543595877,0.28147977871394897,0.5157839898353617,0.2550746108941898,0.0011415861304263635,0.09884777214719132,0.5635115029119734,0.4617648517191683,0.39269350613784815,0.13447590159984316,0.26276937354731134,0.2637954682429238,0.44635945814159167,0.34511207026441254,-0.4346942756106881,-0.43667693722985734,-0.26300409179425555,-0.5397031834724745,0.447559123618932,-0.019980632625803615,0.0704397706600799,-0.13016737412703638,0.2417433601975676,0.193235567963133,0.19177470953451506,0.12926179930346582,0.16985996765376357,-0.3186968291889503,0.28304844198435375,0.05622780636111508,0.34706652958841033,0.14845832855706423,-0.04495760345100249,-0.1623180633511715,-0.41508700363043843,-0.27297387751938934,0.10468753012401144,-0.08927786375638382,-0.17886565314330283,-0.02362706305646067,0.031335661848177855,-0.2250147226937056,-0.3002164012289242,-0.3666581710326427,-0.023862125270988414,-0.10617523170662627,-0.06591933085450469,-0.06810935363842445,0.4437993433126708,0.20974174875011467,0.1650579254356458,0.07237785057794596,-0.06932456529921892,-0.291550519310468,-0.1306907325718816,-0.24727062882680861,-0.04704200889449882,-0.12143433621513935,-0.10492823729644979,-0.08149174395351748,-0.44966646694175866,0.20765867420108838,0.21558286534009882,-0.2560017445399297,-0.46677031568712835,-0.31588688815192556
0.8191097880762316,1.0,-0.46209183351974026,-0.40752024122394276,-0.003949670629400178,-0.07577795592150051,-0.15998519003598471,-0.04316674477957053,0.062016061553970166,0.05462944447865533,0.3194976868395491,0.3707902599658868,0.2905005498878085,0.3445020292293255,-0.035668152018274564,0.04426513984163338,0.5847757579656007,0.4402079162538024,0.30849145683711243,0.35609659012512035,-0.1028136523476808,-0.3204553148075218,-0.5933849206781271,-0.5118011530353721,-0.2530582052416414,-0.37604531453359585,-0.018704484588959278,-0.26285532201034684,0.301354820848922,0.33448815139929094,-0.24803047007113851,-0.2606431045314403,0.25273405140723004,-0.04241118384312834,-0.5286178132716252,-0.49399680281384606,0.017518904999547367,-0.23161020925973363,-0.30324676786789917,-0.22917996612596095,-0.05520900188146458,-0.083432595539,0.04925865233874396,-0.05858134664586757,-0.07753220003301224,-0.25440295499466736,0.170368842868578,-0.21291008703209688,0.09235505671079015,0.1920753971262603,-0.08677374749391019,0.3074651461813239,0.4579629352719866,0.2649278515241718,-0.12333741745011538,0.04753600556086788,0.6016620618365865,0.6566530094629895,0.27376598026843396,0.19800995294464416,0.25059123271746825,0.3589545459158914,0.4369853273280055,0.5390728373567798,-0.4154771410584318,-0.48195210232507313,-0.26012646206225465,-0.518013904653213,0.5197170774299004,0.08689779189843101,-0.013408495340443886,-0.14900972909627846,0.27752709489982874,0.21348239781029,0.16522084995267397,0.09838670216106163,0.11960298572225393,-0.3304423342266137,0.425623380992557,0.22186588258597054,0.43085708277111456,0.3303765151881889,-0.02822738658458209,-0.22906283505284605,-0.4041077302075443,-0.3425625954981488,0.05816576134241649,-0.14636825311384766,-0.32922445499249825,-0.13617478274532896,0.06816310670508509,-0.2848608162228539,-0.38763063077059207,-0.3881628515118781,-0.03095125965106688,-0.08986778012468405,-0.026693844555759252,0.014485904160154045,0.4833604298700777,0.1597462511153517,0.19500280521130411,0.07644120256079757,0.051806648514958725,-0.331018106804687,-0.13090356013399873,-0.2705880294256883,0.001655304113163495,-0.10580073164548115,-0.07655742327381419,0.0019183347007224157,-0.42641695574419347,0.23816924462407796,0.10197623719027099,-0.29004323735766413,-0.4254052735084993,-0.2889859162585245
-0.34526781875064333,-0.46209183351974026,1.0,0.5075519764505745,0.3800028344833665,0.16896438698373364,0.5133956948278292,0.4118655584223852,0.14421216340013465,0.05610477889479148,-0.11638770885288663,-0.3398572450977953,-0.06250153121036188,-0.2939114862054412,-0.10028800374508863,-0.1511551197161766,-0.45255583070004235,-0.4403584643683071,0.11372254195850619,-0.3294747658746405,0.2471034666839074,0.33120587710628197,0.38739945276418064,0.14762076006253438,0.35925899943373973,0.3023316953980362,0.1949121682331339,0.03330545908758385,-0.2908672391526454,-0.3174905681859787,0.3048748952157628,0.23304514979675997,0.17609910843869928,0.2147851745733667,0.22450295947216015,0.2129406855768752,-0.27484799988200487,-0.26289696474129204,0.07518711968298415,-0.009473555698014032,-0.3966131700962749,-0.016463744754970186,0.008784406112721571,0.06580217500465071,0.1860435372436959,0.27940656656173146,-0.14653198331317108,-0.047319758868237326,0.14268706343535079,0.03840138376605716,0.14946063691738612,-0.04151201251789305,-0.14861585073676709,-0.19465512313397043,-0.07156206132046916,-0.20340737046469587,-0.36212974909332574,-0.4196665581957706,-0.013130055666722913,-0.037600751390742274,0.1924913491728414,-0.019484663760977468,-0.20301822914167594,-0.3145698728308207,0.3821058189351262,0.33181108393894915,0.3778386208037698,0.31746758890976556,-0.44977844813384266,-0.2781694452775165,0.15258447855651341,0.1348083490365961,-0.2910492240562449,-0.07958721434402767,-0.2523279401394992,0.06116508467056576,-0.11915409187046698,-0.005599292056832097,-0.4541472168273285,-0.4088965157917757,-0.6636035780924315,-0.5403495688800808,-0.22746749167866806,-0.0873721277057506,-0.11351012208271063,-0.040151893315359614,-0.23475047967941423,-0.15037101216678245,0.19952592467698646,0.03545399596939372,-0.0300308634335765,0.22022601147582352,0.2353337915552746,0.24496954874112803,-0.24452651994515404,-0.13495381443562218,-0.3461854989135036,-0.23365683052054384,-0.3625674324749738,-0.24744063164095514,0.0770697953183235,0.12632703951748583,0.02873105976524733,0.03306561451768541,-0.1279578520714511,-0.05179082094624107,0.042512998956493776,-0.14386141540790806,-0.22618385520874723,-0.1403443234649919,-0.030885326871453112,-0.1797823732752344,-0.003177122206844054,0.05259756624081267,-0.05579962981260158,-0.07300368274864935
-0.22792746454241353,-0.40752024122394276,0.5075519764505745,1.0,0.09858907094083429,0.1661315945738221,0.27906021788088975,0.4498842894582959,0.2352029795445767,0.37340135409223596,-0.22304229167062692,-0.16628478609083042,-0.10560982811181645,-0.08712988752036278,0.11200598195205591,0.21929079508696878,-0.3412648814998166,-0.26461968987846,0.027961190551969165,-0.4651941598828681,0.019963939316628206,0.23364107374810142,0.45234372492566643,0.4478233176403047,0.08080194610534387,0.12494358961734428,0.013718509227878366,0.11334265930472803,-0.20166989907878632,-0.2103359529733137,0.1240378073892682,0.10661908975982816,-0.05432737807796052,0.03221157113109015,0.05659457676169278,0.12544717384159812,-0.19665606003953476,0.027044300523452105,0.20334747386783356,0.14332124455026532,-0.19991401123248748,-0.17809561412577635,-0.30167008782583277,-0.23541186114098736,-0.21793367190199825,-0.06541636297462751,-0.4184445584403142,-0.3098125381310903,-0.27393530663969234,-0.3597592979359174,0.07519362869457893,-0.29910911695326037,-0.15450855085237167,-0.2682720690282071,0.02793220258000345,-0.21107265873797063,-0.14925587056340606,-0.24283374932393423,0.007790446688076805,-0.0026129657018485915,0.06517921185336958,0.12692051345580513,-0.06509343205221597,-0.3110161951302196,0.3814264836330745,0.39648571126788834,0.2241965287379696,0.23026526522510038,-0.11894993101042557,-0.22924217497774738,-0.11112885140468322,-0.010546508103705493,-0.2292919338349761,-0.06011293321089049,-0.18671244328708586,-0.07411626242501987,-0.028849794294025302,0.0679317029133282,-0.2871285117755916,-0.06548869604499967,-0.2746261785953631,-0.369007542516075,-0.039754436753803205,0.057243520489490135,0.16356986964172696,0.029688752147817354,0.026242261703438213,0.1165328225793161,0.4451891165412228,0.18751018053536211,0.011409628267216582,0.18231594876353083,0.5454345843383952,0.16525201966259367,-0.17170251270958178,-0.18347565621153464,-0.3269887099330466,-0.008286796605503568,-0.3374801882885142,-0.1276539183301214,0.11281291286563205,0.021000480353726102,0.010872875065143527,0.04422437887625345,-0.21575300906956085,-0.1040372417648174,-0.007084889178887025,-0.10733273927313229,-0.3425657711432717,-0.18892515488413628,-0.15300979435648762,-0.23315603073389138,0.10120149262607102,0.37010056648445044,0.012483610417101521,0.005131409620252009
0.10163981152966764,-0.003949670629400178,0.3800028344833665,0.09858907094083429,1.0,0.6947579939747909,0.252168927699561,0.18392305924292907,0.40157538207787946,0.22521881331022703,-0.14493965315932214,-0.21989911385792676,-0.032296219938048334,-0.20575790522007056,-0.1581777679300355,0.03491121087109448,-0.1566903684083917,-0.27400767978128604,-0.026383693701458974,-0.007534736162510565,0.48375651989270996,0.3110386292774879,-0.11156790305851079,-0.13862152502546854,0.4524815774171127,0.2469238237982468,0.7029471432892385,0.3636887249751571,-0.34731297428481456,-0.27288496679580854,-0.22290488882092213,-0.16927289037596374,0.04492719651541908,-0.010487429455493916,-0.04986286951190652,-0.05662156588564298,-0.26713452022642636,-0.26337719779766383,-0.06501140248527633,-0.03333689480399994,-0.33123478755211405,0.0670274245293097,0.31199817039291083,0.20370887377460176,0.2956906135393013,0.31899813885623235,0.2678704134207973,0.05807835038576804,0.37473668413125794,0.28006967466734567,0.1717705405230146,0.24987143633849176,0.11389395492006472,0.07337584927788975,-0.10644466577072385,0.1798073787171191,-0.149001519518948,-0.13373723475901114,0.0786098571317055,0.1331255625549247,0.07099831007112335,0.014237057576196314,-0.09416023161524399,-0.11819228009343799,-0.11867503576557224,0.08443103978051196,0.1847772176632717,0.12090191164651928,-0.01615536754291895,-0.041028931457852615,0.15677986906103153,0.1018398459755185,-0.3196688712872063,-0.07422956608483264,-0.28598252977365574,0.05334235514972545,-0.18514075088173,-0.20602978237471165,-0.05923091170813289,-0.3215297668029565,-0.273322257272046,-0.1502023497392154,-0.3321673811782315,-0.2872171195297762,-0.3269441133430644,-0.12857285185581427,-0.12643840525618263,-0.2744074987016782,0.1496445778925758,0.07608177428412764,0.08071476673068798,-0.13926052539683959,-0.1539288474229814,-0.21872595376039664,-0.13152000050861992,0.03574535492652769,-0.13162647591371732,-0.2711357150825999,0.106974387538961,-0.18330744963367213,0.1328428373622349,0.008802304894513727,-0.0748043953288787,-0.08838183650085708,0.04570564048080722,-0.0016001824010919434,0.19599159685575482,-0.03427799782059288,-0.24617698371055982,-0.055515342917157304,-0.18607656397127814,0.0028216872111990797,0.17881953006227544,-0.31153346149137684,-0.09454905667449419,-0.15752265365074686
0.05087928184826168,-0.07577795592150051,0.16896438698373364,0.1661315945738221,0.6947579939747909,1.0,0.00769483403125906,-0.03050644828585051,0.3314073793003047,0.24808551851784422,-0.2638851630153686,-0.22977555634186833,-0.1472305052068339,-0.26495438666636145,0.010095374354339926,0.22089970606464326,-0.15346537967572435,-0.28032325200663455,-0.2140115880538078,-0.08152902442264541,0.47238323584181885,0.3362635751173039,0.03032821449953919,0.08892045932134458,0.26805090350124056,0.12620234965980393,0.7621514551498713,0.6668532257188767,-0.44150162766180645,-0.45663638351643343,-0.4648643102652061,-0.4227755972521001,-0.08992880450561293,-0.15908852484314512,0.05703231481609405,0.09466208413464246,-0.21706929802360456,-0.11610920542229033,0.22009791837998197,0.18287746838950547,-0.2942022318987554,0.0004762590307279787,0.07003166561649375,-0.0667791393932713,0.10532278899754585,0.1718891053672412,-0.013376638420589768,-0.08631682326811047,0.17478974078853213,0.007456717221336739,0.22347444779697,-0.0178779072566006,0.07160109118340148,-0.08406569362006111,0.1739568426969995,0.1886173828699585,-0.03401537345414184,-0.010566627663039889,0.17373133849267688,0.16307738992117995,-0.04150837330823501,-0.04101533716734114,-0.05836342174638855,-0.10550340633803912,-0.04605128361188716,0.1794473118155074,0.27392724192880774,0.24671082794034915,0.1410374389186247,0.1375083000079079,-0.018764797195644983,0.009151567533647341,-0.5185030750628975,-0.2845352729656016,-0.38823057798804345,-0.1855346058420112,-0.3581267872506717,-0.23043346024268013,-0.10342181761649753,-0.26128170299326375,-0.12368097665737553,-0.1565222173785799,-0.08023524689559149,-0.28039939417552284,0.004434304427913599,0.033779554403838195,0.17362918323555088,0.018908878054007018,0.39972965947533623,0.28428750604671393,0.02811298145133641,-0.1253931921121519,-0.07202295956663309,-0.1842897230319135,-0.035574854052055876,0.07178789162510238,-0.11425298655262613,-0.17391066578212933,-0.01049471909294575,-0.1281816062428252,0.05053444336716525,-0.06065478802739315,-0.24874578033977532,0.10163494662874316,0.14637684704715523,0.19053518812312764,0.09767548814585343,0.022365732338348262,-0.22886378138744032,-0.049582477363414194,-0.11704686988788739,-0.07876347263998673,-0.02756842501363525,-0.25914708682800114,0.05187785902376995,-0.015110182100915859
-0.09403868454127072,-0.15998519003598471,0.5133956948278292,0.27906021788088975,0.252168927699561,0.00769483403125906,1.0,0.7692493288343313,0.40872178024725975,0.39153261259513666,0.3260013274216655,0.24198747841216178,0.42471724829601754,0.2703930326937115,0.24165836892505704,0.16585721517910038,-0.04146698014763176,-0.05039907446691086,0.06429367604611795,-0.31299949143649525,-0.03554199201666908,-0.02552824241491721,0.17688775627167935,-0.07335835829692498,-0.10127137120997498,-0.1761672959103907,-0.0399986492251931,-0.2202745990733434,0.05984097789655665,-0.005845401263851294,0.04376576851171795,-0.0022014761300503524,0.11710225913386266,0.2477087367142088,0.09678388244230551,0.057211794293566515,-0.3565456507424289,-0.40897421514609367,0.07343129798513849,-0.03002738285472543,-0.37762375511386753,-0.025484931363500964,-0.02743173070029185,-0.10532954642780229,-0.08475510279569957,-0.06360692421366375,-0.06078012827408327,-0.11524828560661168,-0.16704899159320818,-0.12140292043320716,-0.24094864251853249,-0.2604159356964311,-0.03047517652659283,-0.03709413913058473,-0.35109249312310753,-0.1646158430594216,-0.29593629821280565,-0.30422745136497104,-0.06305061990083861,-0.36949555155964736,0.32488122227249716,0.37921767952599356,-0.2082170376099173,-0.291174759122625,0.48193199840464596,0.3595191199773967,-0.31075553835507347,-0.1889321709069663,-0.27480837417279297,-0.3727383251759829,-0.07412900368131442,-0.1810885921165853,0.07105736895063448,-0.10613522626757971,-0.048911419979803146,-0.018365438184152583,-0.03581811624735106,-0.19150241743934912,-0.15146341090577492,-0.2788608293981489,-0.31712941445913717,-0.2038256057246415,-0.28050965512890147,0.06534995876430862,-0.09006604498619171,-0.013806711958002961,-0.053283082564730494,-0.1462297793523857,0.310567417879486,0.049714090819807245,0.20796667983360087,0.22859962068131814,0.4341562212821816,0.12874103844552348,-0.2372833124140368,-0.2344207374842385,-0.5482807008145096,-0.15651142888632197,-0.03032845896741824,-0.09053666383509716,-0.04888197772799554,0.0015284810113226533,-0.1006791848504595,-0.21769286609598168,-0.28542635888714146,-0.13621822072937634,-0.2531266150898082,-0.2405452531367118,-0.2845418501750759,-0.20629341926719383,-0.1881230114830888,0.0895511993029822,0.12053058169583664,0.1823539176106073,-0.08123716223859163,-0.08823313184125134
0.065397299036108,-0.04316674477957053,0.4118655584223852,0.4498842894582959,0.18392305924292907,-0.03050644828585051,0.7692493288343313,1.0,0.39908383808989617,0.5400519123588825,0.28745516981860375,0.3752168082228743,0.4082686629585713,0.4182553404210622,0.24941318430528855,0.20068026682975768,-0.028130998376457217,-0.052554348692374214,0.059956711983175974,-0.46802185714180905,-0.16378098685445666,-0.10844358615340789,0.0332393779261068,-0.05939995523432123,-0.1491551845703016,-0.1741679550157791,-0.12997865711362683,-0.2958096052674578,0.04804398713567231,0.10034601535741346,0.12910904593270314,0.07056747641996597,0.10378929783160389,0.2562070948193799,-0.0903162815122102,0.010994231972870819,-0.275474525099407,-0.4278714102956586,-0.09051009647963743,-0.16493670760615878,-0.3145197939488963,-0.19070450359863741,-0.0891672150857088,-0.12789409479960703,-0.05445994375259071,-0.044328907623567,-0.10260268456092418,-0.24333244263925427,-0.06306639189724951,-0.03973944903600623,-0.16891481936330946,-0.14703701833658994,0.04648441895761506,-0.020532233276047442,-0.3884204705603505,-0.30787917617920835,-0.11856436076804099,-0.21580169174198097,-0.03089353279609768,-0.1120697151408459,0.3325673474645733,0.5936681378737751,-0.10909884221934145,-0.19130718406066605,0.35079268127308494,0.46911718476407643,-0.200973387502089,-0.09262082384760441,-0.1276739593653275,-0.44305327224193025,-0.08759720115378657,-0.17905013719730906,0.10239776310389455,-0.029929755180605918,-0.01665182647787494,0.001973937251340752,0.058059031728951126,-0.09158365183837563,-0.10783823346116342,-0.20899424119772403,-0.33453025147375703,-0.3094061987575486,-0.2996901028335057,0.07984763262316479,-0.157702972131134,-0.14741011821810632,-0.01210464731276449,-0.04359760748238072,0.22589429066166228,-0.06745789457625682,0.0922744587492357,0.10538193866139084,0.3924330877959299,0.08293671005952637,-0.25324172104577136,-0.2489749790538115,-0.5168899907147532,-0.17599879565694157,-0.10449885018565912,-0.0871444370156825,0.13972614090904917,0.1345347444805722,0.08236780075796954,-0.23214587658129907,-0.3576294561253553,-0.2992415469799301,-0.10460010352658176,-0.2839244205610577,-0.3157277952003492,-0.21052916950389874,-0.30994380565263013,-0.055575420591481815,0.24692778395357987,0.1923071598412103,-0.21556788998799822,-0.19220124043370948
0.17117614202114054,0.062016061553970166,0.14421216340013465,0.2352029795445767,0.40157538207787946,0.3314073793003047,0.40872178024725975,0.39908383808989617,1.0,0.6743954586969627,-0.03460231011026927,0.1286170288428034,0.22127589395799777,0.1057310915333882,0.28334290800546635,0.5679561560841124,-0.07269214476033717,-0.0925777344695543,-0.06819654236434533,-0.24316929976348,0.01701412756582298,-0.058606523154229415,0.046523481809831124,-0.0292117569343701,-0.15921765855483488,-0.2137628173852087,0.14830198422782304,0.05699637352906974,-0.1736916717973308,-0.1893269052206432,-0.43748784589694617,-0.4659787443206736,-0.04842231251495595,-0.16803911784919967,-0.1796445012136013,-0.05346104007952325,-0.06074009713843412,-0.07853607544325525,0.18641854775051572,0.15179593677748604,-0.24753491357518628,-0.025790125251815198,-0.0884568187069907,-0.20862876951738454,-0.21113149024907407,-0.20688196797140812,-0.10384565931041269,-0.11718874490622011,-0.00599906979274857,-0.1436455752521795,0.010440444807047406,-0.04828468874117211,0.16354769194103055,0.007500980109526993,0.0653033653930807,0.04568588912914623,-0.06107512579127889,-0.019960390069900903,0.26409975326077484,0.034687589389133626,0.03795823651341779,0.21976149028249728,-0.03782032823804027,-0.16984935018620634,-0.05316852698450114,0.12692263049485078,-0.08347378974336421,-0.10639412611306168,0.10275643747787216,0.05276300042790075,-0.173099590891482,-0.24617448209371426,-0.13933830333099959,-0.23024608368865415,-0.21495407907453773,-0.13911101018175204,-0.1120267519622208,-0.30482518482537435,-0.11141982274614168,-0.11290503019665553,-0.06932609291692762,-0.22482796605419011,-0.22731359194890066,-0.225089001208849,-0.1446634828044099,-0.18557215247850956,-0.16340978075144988,-0.2771610583105235,0.2318716507340409,0.2210128924540667,0.2989685369676173,0.09363980173095021,0.3552954905964441,0.03206886991878974,-0.04789209235347022,-0.07562645592346767,-0.13136543383122037,0.01041006751345746,0.21068158337667406,0.013182254178410685,0.2228992173704941,-0.08241420274856257,-0.03555673512583316,0.02503830324208906,0.05300050435716472,0.11155068200826115,0.013878567365091824,0.10679241447009385,-0.16275829078150986,-0.024109059928204217,-0.20630755228053196,0.04015014569265776,0.15021458473093732,0.07548118904244232,0.017964776105375377,0.08879684830891206
0.17088244337708997,0.05462944447865533,0.05610477889479148,0.37340135409223596,0.22521881331022703,0.24808551851784422,0.39153261259513666,0.5400519123588825,0.6743954586969627,1.0,0.06066280153584992,0.21870863033952911,0.15497112629034368,0.24316179120902376,0.3494499323608003,0.5967870316017957,0.0014849010747347638,-0.04835830553716936,0.04070025035461247,-0.29555179106583723,-0.1247598018875943,-0.26865887044012715,0.11463014108158052,0.08773114220202823,-0.2615600918292588,-0.35311514066298566,-0.004608539870857252,-0.05100099608793556,-0.09022942049144349,-0.012143910738631868,-0.3119307302791284,-0.32409974839494055,-0.05740544038588615,-0.05395984855181298,-0.1638266345370409,-0.07279138780715072,-0.06275329496597662,-0.12313190160324566,0.07205424655011963,0.04884585097447191,-0.2275291783942528,-0.08815488623031627,-0.11429970277545705,-0.24535041020024975,-0.24893096319805502,-0.2445963637145865,-0.12394174140194895,-0.1761057455833317,-0.11830620937388689,-0.20005860586405233,0.024625335503144646,-0.155804135203875,0.1467123413781408,0.004641387835265059,-0.027679681846138292,0.0024999094031152125,0.023947874376065617,-0.04662475565413989,0.12903047841721343,-0.002768364631561355,0.06528828131721603,0.3592395296990298,-0.0021005708862968805,-0.17404288042465674,0.12693861696266553,0.17020888587799204,-0.13687236876789144,-0.12579184732154278,0.20888759272542015,-0.10461755772111297,-0.27771972344554174,-0.3822628597384137,-0.0500601567354663,-0.07332987640631344,0.01823367517148259,-0.13689182098510477,0.012791025601259859,-0.1881274244662619,-0.10277597396537524,-0.06232569999047128,-0.0633427265425924,-0.22410846025490674,-0.0996613098123641,-0.02778727326720307,0.010102564037813675,-0.1628550716646746,0.0516802929024671,-0.001230463464192268,0.27093918125874006,0.17633592885199473,0.25502719215554204,0.20544142463668155,0.4685831025018806,0.009395747989585295,-0.0037262015897794594,-0.04459443358459551,-0.17478713615387625,0.056820614975747065,0.21813993446444857,0.09762002833145068,0.16527586068657335,0.026404960753696607,-0.04296056717289847,-0.07330433571373719,-0.18234378666081213,-0.09659890500685696,-0.04553709654949374,-0.04439254948386021,-0.1576515435769816,-0.06150431281955901,-0.1922529518558113,0.0322641617255462,0.1863204693660362,0.17864703037079463,-0.07922426311900144,-0.013458309902471807
0.32511592285764285,0.3194976868395491,-0.11638770885288663,-0.22304229167062692,-0.14493965315932214,-0.2638851630153686,0.3260013274216655,0.28745516981860375,-0.03460231011026927,0.06066280153584992,1.0,0.6589829869160047,0.6890734089746157,0.5987383959965668,0.21422991580828576,0.1407571284371202,0.44390738211317166,0.23583166073147982,0.4197459819846434,0.08371749743341923,-0.34191641732333783,-0.36258661449696744,-0.29383285809726173,-0.32052007133438415,-0.39771670474157067,-0.4974768794150812,-0.2960604130536528,-0.41131062109743594,0.6487452513683837,0.3741375933834671,0.037759731443605574,0.05183318373881335,0.009493519839822464,0.02375779803878171,-0.30325471100118545,-0.27654854964639525,0.11160181936023042,-0.24796154360964787,-0.1809497065923124,-0.2502323520281943,-0.06198573009558761,0.06276938481474077,-0.09291256460082563,-0.1718319878341821,-0.1582839062883666,-0.2941805323123507,0.011548563650436511,-0.17577387999115568,-0.18207565356866756,0.023903213835278665,-0.30663864818271597,-0.05832029201820226,0.1921238034896895,0.18775057773327755,-0.21456229648928865,-0.24828545335554858,0.022526137609684298,-0.007005026705312496,0.11920923752984053,-0.1460817016849886,0.3753638169092963,0.3382156168654802,0.26377937177483124,0.1903556856873868,0.15286385337351402,-0.06478910896816224,-0.4778655073039487,-0.5789955205024293,-0.03653079426839028,-0.42131227234416996,0.011247692778666855,-0.14327011501105907,0.4890740022839762,0.1784584766869804,0.39206192990128197,0.19617477955132354,0.3045120932639419,-0.040275093550142256,0.1984661766499652,-0.0632533687150427,0.20393750981678269,0.17363914655291526,0.02601023185372312,0.35749992585257784,-0.11144429451731953,0.12543454831464518,0.10771615585826495,-0.03141271473907658,-0.10468371174069847,-0.11207732327184476,0.04956430832052276,0.06485085962899673,-0.09288290566704148,-0.10479997349115014,-0.16236213250071918,-0.21008755241108518,-0.28454767724984964,-0.044708906964847105,0.10250468215344434,0.10513223989880177,-0.018171039442118248,0.05148172425573349,0.0026794501481627177,-0.43535336615799963,-0.39028386865639825,-0.4005075006513243,-0.1934714539046917,-0.2129456195800971,0.007757789080631057,-0.14561022603354998,-0.3654893514279313,0.038737505338969545,-0.025989244291185033,-0.09106416978086727,-0.26285531310091353,-0.2555037686387958
0.3466570964792275,0.3707902599658868,-0.3398572450977953,-0.16628478609083042,-0.21989911385792676,-0.22977555634186833,0.24198747841216178,0.3752168082228743,0.1286170288428034,0.21870863033952911,0.6589829869160047,1.0,0.6822314870418484,0.8623232628612031,0.3424683710352304,0.4118253401285739,0.39246115568377654,0.3650736713923483,0.07830124183925691,-0.12145077681906978,-0.4703450025698414,-0.3830799318094151,-0.2935386818714584,-0.1736281639588577,-0.59870524814385,-0.5019056455331097,-0.33318423259547086,-0.2937329594837256,0.5722530786648203,0.43320434736471775,-0.14593521774058463,-0.11914731964329787,-0.07922999317847593,-0.003881266205665345,-0.20793907921365332,-0.1560390519069346,0.056990547597006856,-0.1406188172404192,-0.06891925751155527,-0.167538455976938,0.07441361683408236,0.0029310363375060823,-0.14484156691875638,-0.18072930143062643,-0.27140220907309526,-0.35671894036795165,-0.033852494149921405,-0.2015561667330005,-0.23069028162542662,-0.12559922127616818,-0.29356492684389485,-0.11837312566314186,0.19012847844746159,0.12334053739137357,-0.22272801663462274,-0.18241002920289612,0.16899626126306164,0.09822520996402215,0.022737455498112624,-0.1567637314309634,0.1458072167671074,0.4182131934933085,0.12915150187813065,0.07645821850218432,0.020478269954841227,0.05829164775647493,-0.5245074378628266,-0.512522636169596,0.24186043811140365,-0.3220188887155088,-0.2175242373253082,-0.33311914755900085,0.4887498551365637,0.08413279920508503,0.2588810899583365,0.03583764712554325,0.19951810891287022,-0.04756177953308219,0.3292359936873526,0.08396064225602946,0.32401736381505963,0.25856628884470045,-0.07205125140961222,0.3316622562220392,-0.14279294709103627,0.09252434717046545,0.22085872632828854,0.05367641963409303,-0.010506970035948793,-0.06359328194275905,0.07238232553564482,-0.0878591280386566,-0.026636491260821942,-0.12949362741620235,-0.03209726741471776,-0.22638902398665245,-0.2497553658493047,-0.009623968512264063,0.1400320236708629,0.10877783398556118,-0.060569790776129104,0.04463946859537874,-0.03955884018787343,-0.29451271698731857,-0.31997483192145526,-0.27950237936553884,-0.2573123635381594,-0.1745541401652232,-0.11696703582789948,-0.06316042394775084,-0.30909119940558316,0.04086034066384506,0.11412268088364527,0.1103249944224343,-0.12352382814004369,-0.18740214226153792
0.27222381103698334,0.2905005498878085,-0.06250153121036188,-0.10560982811181645,-0.032296219938048334,-0.1472305052068339,0.42471724829601754,0.4082686629585713,0.22127589395799777,0.15497112629034368,0.6890734089746157,0.6822314870418484,1.0,0.7245114498121742,0.39627881329099396,0.3657590555610711,0.2418197633417462,0.18049786814519753,0.18428822295666417,-0.13649113806755594,-0.34497514794965395,-0.3184874030479471,-0.18747229098223384,-0.20951728662056898,-0.42701757998469775,-0.42712863121400985,-0.18869908527508034,-0.25757329808632234,0.4987402488994444,0.21740570711024457,-0.16159021762781792,-0.18628525959800218,-0.08511746692737672,-0.0733278608962769,-0.20920970447653978,-0.11404156254588063,-0.01763960780115856,-0.23167895010328346,0.0050714459769053396,-0.13126682444247914,-0.13482164603297095,-0.030554490018549076,-0.11138846694837773,-0.1958217986991459,-0.2717957248405058,-0.32576470750686526,-0.07889096147292526,-0.13671791030521896,-0.21390880728408182,-0.11069275779866011,-0.3178058880323178,-0.17593728656984653,0.14887691122049945,0.023891308968291197,-0.12501453581132083,-0.1471223437804923,-0.02680927154880899,0.014989859014988328,0.07395825107753129,-0.17681211265739294,0.2417801580779852,0.35220174826694395,0.11293169450239592,0.01574959042971318,0.08816571307444777,-0.0386577178272294,-0.4669604726420885,-0.525198205049951,0.09436563595006617,-0.34478584310939914,-0.18114267363646483,-0.20346471515625636,0.34057329940737935,-1.6693884147523435e-05,0.10601301997576087,0.015427189974940886,0.09270351171406467,-0.08485170344830621,0.15437769683300273,-0.07906557020170672,0.10920114267085651,0.09768748632123053,-0.060156083162394784,0.25896485521297863,-0.17600119830246233,0.09965366755528796,0.19297844020046132,0.029667231959117798,0.10853867429179873,0.13648793755583366,0.16036872384175385,0.11517693639618945,0.07714966053415272,-0.005551377525845303,-0.04325009796687809,-0.1833940443590533,-0.2901868537689735,-0.08171579472030846,0.14388199145213848,0.038087925463979,-0.012632020407172368,-0.009077673849655493,-0.07224599749959652,-0.22010621199825883,-0.21504751915287576,-0.16941588252519071,-0.21475989787928898,-0.13908196216369975,-0.11050942637622682,0.0013617530849949447,-0.281218406362579,0.17599897594712724,0.034040341625343015,0.07455329385381353,-0.14057365670470384,-0.1875387231686152
0.3784803652543083,0.3445020292293255,-0.2939114862054412,-0.08712988752036278,-0.20575790522007056,-0.26495438666636145,0.2703930326937115,0.4182553404210622,0.1057310915333882,0.24316179120902376,0.5987383959965668,0.8623232628612031,0.7245114498121742,1.0,0.3839542294101272,0.45931763208056675,0.3850999219066894,0.3268983817612646,0.11250964681145534,-0.12757010864136714,-0.43046707165417364,-0.3780364090414683,-0.24556497457202445,-0.16087696376245,-0.547100764540771,-0.4984268797183886,-0.32857413209717146,-0.3031607318090998,0.5558574407337136,0.43484077580858027,-0.12195989520330723,-0.1251093508896252,-0.15353885640963558,-0.11832468751956482,-0.22720289926944243,-0.1475704563855304,0.01270269777744955,-0.10118672004743617,-0.0057962383961199715,-0.08820788895319766,0.07581239834443507,0.04613025261652723,-0.1736036538161021,-0.22069890024968195,-0.3085139659332206,-0.36592904335782256,-0.11808048260097315,-0.21844081847982436,-0.2665610228084179,-0.19400756681888978,-0.2958342042048015,-0.19006819914017797,0.14791482047221935,0.05192771236833998,-0.18161328015622236,-0.15742803438874092,0.17375253019994566,0.07754650835457962,-0.05070704189749283,-0.2245991478133425,0.1966888208929435,0.348968772482814,0.1669693679801802,0.07886399648879157,0.04590005550262695,0.03138776949200966,-0.5765978177252471,-0.5043386977050573,0.22710172148171162,-0.367312372683709,-0.18698142292381234,-0.25746102429856993,0.4593028891173059,0.14917425508192753,0.2094039504344814,0.04292274330756417,0.2278248872505451,0.02245512355735798,0.3213669585848624,0.05934204175828023,0.2934936071849778,0.22123651253717552,-0.008372237219320077,0.3984216848418863,-0.10502422141026202,0.11890043849910571,0.2674637461760786,0.11103215239848484,0.07369647950892838,0.04966866458067028,0.09273034698895126,-0.017910841263261954,0.0599465950667848,-0.03678880019942254,-0.007267067104016801,-0.22324951513256208,-0.2704283899617288,0.07256551169777481,0.1503192865914828,0.18363511229400678,0.019746353337416266,0.015033242101793812,-0.01880651813980034,-0.27017758562501876,-0.3188445371209042,-0.2846060333504627,-0.24633242769011976,-0.18240267528423726,-0.11408370740733782,-0.1293643708209951,-0.30062302471206104,0.13307248358593673,0.14937541732073903,0.1745555723320356,-0.12894689386633948,-0.18816984889532595
0.060735088633681406,-0.035668152018274564,-0.10028800374508863,0.11200598195205591,-0.1581777679300355,0.010095374354339926,0.24165836892505704,0.24941318430528855,0.28334290800546635,0.3494499323608003,0.21422991580828576,0.3424683710352304,0.39627881329099396,0.3839542294101272,1.0,0.591816117295198,-0.08404953372150376,-0.10524379783362453,-0.03747657242426461,-0.3008679815005927,-0.310062704090788,-0.27389042580674183,0.35560628078677015,0.30027333431508063,-0.3687984415368632,-0.3315534637945605,-0.03860660065445479,0.17038339903678504,0.13721017749959868,-0.10923954697551033,-0.2504277936716037,-0.34116312989750947,-0.3011097101149535,-0.302035296343466,0.04645972773154218,0.1353525179595632,-0.056714808867338894,-0.028421831344272983,0.26218902170226843,0.0967021482816196,0.07892701657188872,-0.14785164462322564,-0.30163315212184044,-0.3059593767092198,-0.3789633282363068,-0.3975499620920442,-0.22522517906140285,-0.09649566066942372,-0.22238111473254163,-0.3424956348478857,-0.04275757840282389,-0.2732734769427114,-0.004783349893107351,-0.13498587700991146,0.2105370422758197,-0.05705957196886508,-0.017470983553717366,-0.027877398427379227,0.05088913350600752,-0.1414702801455121,-0.12966431201461662,0.12724998585589667,-0.14401442201217024,-0.285607146390969,0.2348637741107611,0.11926561543748496,-0.21695405662082298,-0.16256315435647653,0.21661370262790844,-0.07631120650810753,-0.32280956600339156,-0.25510715497418096,-0.012192319402428488,-0.21395930946169375,0.05759307519936156,-0.22466597567499746,-0.05708843577861096,-0.08868313191956863,-0.2061483447547819,-0.15097920535479822,-0.046436627402439576,-0.22366952572613372,0.26165933241641476,0.16894163047759164,0.2780587576024527,0.07904698494509489,0.2136116185222556,0.3328826602354177,0.4915382244586268,0.28265931563573005,0.0985988732856308,0.22512250049824273,0.3622317856101087,0.25196511991232234,0.17715401062098016,-0.031491673758034834,-0.0813264595404977,0.13615843372350833,-0.10317902461162115,0.0743119865151171,-0.05870750919144292,-0.11861918525079561,-0.23055519095835697,0.04101947260697875,-0.0499880867616143,0.05356477681916224,-0.1623012889407183,0.021376231644888707,-0.07987686465346502,-0.004448222023348413,0.04663378497708572,0.08454091072298817,-0.09169695653453852,0.20050431042724434,-0.023177177306696498,-0.07218913876252339
0.20356747795214,0.04426513984163338,-0.1511551197161766,0.21929079508696878,0.03491121087109448,0.22089970606464326,0.16585721517910038,0.20068026682975768,0.5679561560841124,0.5967870316017957,0.1407571284371202,0.4118253401285739,0.3657590555610711,0.45931763208056675,0.591816117295198,1.0,-0.04201420059450111,-0.10039901773087055,-0.10887481041935947,-0.22531788188368654,-0.21640894623518583,-0.17369116228003245,0.22018294398052507,0.28976254520868333,-0.44541821511446406,-0.3317445766298352,0.01929561203870336,0.23270524473112872,0.05895655298569517,-0.10547100358806961,-0.5729520272875255,-0.5766571995122319,-0.2565663032759904,-0.3424498826680414,-0.1470499378284925,-0.04318491810286775,-0.03827656930382892,0.15237759607215473,0.44292004566426557,0.3496495617090314,-0.027709479106731074,0.08499032960145736,-0.2755085746505308,-0.4202053098204576,-0.5431078156538202,-0.5265099572986522,-0.2605594271778669,-0.10324210055366029,-0.32537672257098604,-0.49275902245106046,-0.05797918062809139,-0.32840425768488685,0.17589918152793826,-0.016887743860834404,0.32781943705080885,0.09541002219033146,-0.009845726873190068,-0.026032906870488978,0.24142562918590707,-0.08256114551139111,-0.08826795768669066,0.1329591286303428,-0.0743962073779302,-0.30695681477529263,0.01933852941509235,0.0234445468035352,-0.27532131598475995,-0.2850473449388392,0.27598387206030495,0.03422362870932584,-0.4113464657824294,-0.35281301544477006,-0.04914382199653517,-0.18969097516588834,-0.009394704042899583,-0.20256384442795666,-0.1183590595825184,-0.19601356152257274,-0.0989876614892391,-0.10702322664991074,0.16548015566677152,-0.13654578898649963,0.07598994929639998,0.16852384901791037,0.12892060418734125,0.04226771386972804,0.2328955635910025,0.07801467874678891,0.43644782465686166,0.44147868944063695,0.3356445723393139,0.1904159547540195,0.4004674481968846,0.058861830675909006,0.1827612183977208,-0.05378478901358901,-0.06670069682981403,0.1923171435390489,0.13089982749785364,0.07811955756171425,-0.023995571714079462,-0.13828091241647575,-0.3688329187991031,0.09504679908595749,0.045859942336903284,0.19293390994143395,-0.15528425689326736,0.1586514972306767,-0.14320185718425754,0.03951807629851955,-0.07719943023153046,0.052191298964329454,0.02412193509172686,0.2079124860996559,0.16513229040779426,0.15416948600709338
0.4833104508240525,0.5847757579656007,-0.45255583070004235,-0.3412648814998166,-0.1566903684083917,-0.15346537967572435,-0.04146698014763176,-0.028130998376457217,-0.07269214476033717,0.0014849010747347638,0.44390738211317166,0.39246115568377654,0.2418197633417462,0.3850999219066894,-0.08404953372150376,-0.04201420059450111,1.0,0.7778573738684225,0.3423015664145465,0.3230406132780072,-0.11686363297723679,-0.2487715052733113,-0.5183197481497641,-0.48289978760499375,-0.2980353950237071,-0.4066368608139223,-0.15262835114713508,-0.3682779155528712,0.5238675918674386,0.5011550754407932,-0.12079009301686816,-0.07915930453043664,0.2792212002575257,0.03782991835139384,-0.40573342864534784,-0.47028492537440575,0.04337389687344027,-0.149191730139658,-0.3556596580475732,-0.2824766799372039,-0.045922755303162345,-0.03847689810093416,0.08226796587552622,0.05648983400561408,0.060446901299370505,-0.06369094218000966,0.13963048298563802,-0.20878604530584022,-0.11238371623095435,0.20083993574706993,-0.2312226166364382,0.04380521403998276,0.06339404308309096,0.05870179921535602,-0.3572018247994223,0.01973454634115453,0.4389331345930249,0.47012284646280866,-0.06719469981808071,-0.1616582185720193,0.14322280596187434,0.1442278053136348,0.5934522814321181,0.5984795618448936,-0.1510417909397391,-0.30547924082494626,-0.44047359372304207,-0.4975364467262595,0.2461076501349927,-0.15943477255693986,0.08190820598311542,-0.04032584713155895,0.5031624128933633,0.43457938657682427,0.4409862513339675,0.24118554917349275,0.42927323692244673,-0.08244771898429053,0.7516304465414743,0.49267365476324415,0.6358031640697236,0.5751549809507549,-0.03873021928860557,-0.1228286120080595,-0.14221763183852623,-0.10306962864820955,0.19921717880076975,-0.1197326422647144,-0.2708411184156655,-0.2966975670634919,-0.18736202321066034,-0.25719762940838087,-0.30370303964116757,-0.3218801940685977,-0.2589957740648868,-0.28616546805743953,-0.03167468406456727,-0.08605009133987927,0.3685031943947549,0.2526145158887403,0.1543638046655864,-0.054227878270262216,0.1228375561146484,-0.4236447207993592,-0.29560942067971435,-0.36863051609543973,-0.11088835443023076,-0.3248529500205135,-0.09198773602307594,-0.21613500728370225,-0.3869050781277713,0.15449828333754484,-0.014841959275782178,-0.11472151031212395,-0.35045251921772297,-0.2654305315701906
