1.0,0.6099420396098001,0.18944285485948612,0.1598668651057237,-0.2508412558588488,-0.053527578191134566,0.27892592842448677,0.06905108564305676,-0.3315054714164411,-0.3977558020181486,0.0029268988957636887,0.013416844820423855,-0.19503816740165067,-0.2486285716032305,-0.31780051336887793,-0.23931753895622696,-0.19510910839018034,-0.12923515993047957,0.39657779564031204,0.31326384745294017,-0.4248951775446653,-0.3909443364726758,-0.04039769213533108,-0.09729402178268698,-0.2946338205353331,-0.2097595895464982,-0.056521654524729646,-0.04523189299897163,-0.18312819500503302,-0.29674607430072036,-0.3655331818424147,-0.33953445050208597,0.29494683624622625,0.1299790094473092,0.16953893100131673,0.05550064924441601,-0.15986610294571224,-0.05281225857807002,-0.3244486857883179,-0.16338276171883206,-0.24462327756851368,-0.14727724927739722,0.05725363042522618,0.13391456477393673,-0.027114140879722033,-0.016402118320449206,0.11157539860325011,0.08981846750313538,0.05139311431771697,0.13220396550273916,0.16376225592099117,0.30149538303132223,0.37719124161880807,0.23047955172332268,-0.0010631595606874838,0.012496158370482955,0.4486597057936256,0.2802494396241717,0.15689901919431476,0.11945921900661186,0.22444533573911296,0.21338936069791922,-0.2552990622265841,0.032099201851611324,-0.1334883563968978,0.1871314371172519,0.3222607243071512,0.06559820881557589,0.3076962957485058,-0.004122604941746929,-0.16914906409788066,-0.22212387508203604,-0.19787791074446182,-0.31068927344221886,-0.15274613110314786,-0.13761804034179634,0.2980777786781933,0.05838664866834305,-0.2490254573368371,-0.12079830914231492,-0.37108589307888534,-0.19964472619604043,-0.17561401691073217,-0.03181062108635296,-0.1453773776367769,0.08898709196609886,-0.20328944013316813,-0.21992619272548095,0.0710664637759925,0.10802142339396846,0.09323774555731437,-0.004527958217618796,0.09046146057091511,0.06622022628692005,-0.06883843236450986,-0.19706717993806555,-0.14348058616483728,-0.008359884254631116,0.27896469548185704,0.1837500055292557,-0.0736633255168422,-0.03936585261125076,0.00466792542933884,0.006528360938622229,0.10925575109310028,-0.12485254464124829,-0.07080148835649899,0.12743867913967336,-0.199205215527027,-0.17647885721980647,0.004319000197154651,0.06650544925342314,0.3051705958840002,-0.19633142771688886,-0.13179437667478414,0.03689189755086183
0.6099420396098001,1.0,-0.013780286633334924,0.07479988317607737,0.0019228208319653011,-0.0862726950595458,0.03469805347777837,0.05211877057107172,-0.15376218933226435,-0.15390446365569113,0.16504999873968387,0.21036993851800076,0.022897313688910653,0.06799218291553984,-0.15779269034732712,-0.11556790415631928,0.03673303378981175,0.0441326656030701,0.2395331355846787,0.2205324745306409,-0.23180591566556988,-0.1465714968828305,0.0016706443437322414,-0.06568695814877137,-0.07586847017661613,-0.14739183876871423,-0.08651743293382602,-0.05710710258675331,0.01563286487812802,-0.07361510549190513,-0.009180857185329242,0.022311892849269738,0.2832428967687114,0.1502286552174403,-0.13845424068308343,-0.18449207028718287,-0.19235183732849886,-0.06332832343466076,-0.19341351990454025,-0.17870954349863663,-0.05835127935647533,0.010037890567380735,0.062307112954308026,0.15543393068644856,0.04172720706134992,0.056550784971725075,0.10431285757269397,-0.08813603403400316,-0.11600062727780455,0.14359317228041377,0.011502515173242927,0.17627869124462675,0.2859797974654676,0.11638753029931556,0.010316026211326492,0.051213997209646776,0.41484313526056477,0.510514683572247,-0.09099796977952661,-0.09039872365015562,-0.09126475214667909,0.22390991009767153,-0.018402470603019177,0.20450583768680436,-0.18808755607089553,-0.0074568255565328,-0.14198602876120583,-0.29739327515939185,0.11873089570039858,-0.1272275468089123,-0.0385657289598933,0.0301066321665226,-0.039883488057512746,-0.007417559423671819,0.00855709875905259,0.04204847748106844,0.12860364405432229,0.022801764965013113,0.0472182431118084,0.03908137352231909,0.045102398327568925,0.04945782519176019,-0.11082259270045283,-0.049545633244524274,-0.031977706211922544,0.004782933067430478,-0.18270265184480888,-0.1294556648134781,-0.11439191645973076,0.004009609834036103,-0.1157815705473599,-0.24456825771438498,-0.1742896446343757,-0.1308744344583169,-0.1111733079216835,-0.14531523417759237,-0.0014298842152258423,-0.013643830192307535,0.19155523308502834,0.21959025961312745,-0.0055303371764437205,-0.035048104127393086,-0.14649479472229518,-0.09875673965883748,-0.0904993706624761,-0.29610664943801135,-0.15235014482137,-0.11774546525236845,-0.13477767210982305,-0.14012459156509124,-0.07033928675909173,0.06354607599276668,0.3039579417314096,-0.03517803926507109,-0.026429671846116182,0.05743538637392744
0.18944285485948612,-0.013780286633334924,1.0,0.6986767132777617,0.3549973436443269,0.049140576668027236,0.7736874439461002,0.7480083694316876,-0.5429034562587353,-0.15096653131757096,-0.464558370641927,-0.16216322426884375,-0.3109416313675004,-0.7167387857673609,-0.7013702199635731,-0.4788316646808092,-0.6427323846109982,-0.07494422773656897,0.040808397653812466,-0.12361891744887064,-0.18279972403650188,-0.3772498505527884,0.4349456225184324,-0.13026432668922308,-0.43199770017217887,-0.5170773101056977,0.13686845819594956,-0.11744626794192009,-0.5976640527915332,-0.6050610017179738,-0.5539834853699508,-0.366240121408878,-0.14164718894775571,-0.1790268631522206,-0.13366045926741332,-0.034713600739784405,-0.0827543722086819,-0.012690461060029775,-0.04477500611214853,0.013653054852596548,-0.29603121272559385,-0.17137807855739626,-0.20892540069096954,-0.2594764336143172,-0.25134050092182636,-0.1666941766640652,-0.16102705267283338,-0.10058880845721642,0.31036279765036034,-0.04560503916947733,0.3810372836881669,0.13668888735472917,0.16509794563181882,0.02166357321500702,0.20645990225600971,0.09208952609206332,-0.16412916963803306,0.0415368507615097,0.42306950400832455,0.29953598201551274,0.12061103788872547,-0.11923886265499999,-0.5556528374764894,-0.05613965285187926,-0.0018007888153079934,0.02373599167706057,0.4976283381870199,0.3011103824317316,0.24197399898188596,0.059488274435185944,-0.06964059087843227,-0.573324012167917,-0.43852747281645926,-0.45444313012501714,-0.33556722305333053,-0.34008980061529864,-0.3165513892000256,-0.15893004318697387,-0.5431824986530752,-0.24513872665636044,-0.4998830626016451,-0.38149920655352487,-0.38352434136097124,-0.2967836284585283,-0.14794532584116526,0.009927654196599689,-0.1627681949324031,-0.13519047907700357,0.3813118549716511,0.38020400952017364,0.3601452164252778,0.4508960896952937,0.5209586576110021,0.41045153939226736,-0.07244791637368544,-0.27388284402678853,-0.16889538342016316,-0.14295005385680312,0.03366303659792592,-0.13895528423918566,-0.008398483149428393,0.1202580606841145,0.267534456303864,0.2673459609633762,0.29821062643905727,0.284330160617111,0.24666022286465827,0.22469882284941456,-0.031471985333258075,0.005155565176937235,-0.12858040374000101,-0.10627042323229677,0.02523271652465553,-0.09362826978350242,-0.037121522086674054,-0.03088485748571417
0.1598668651057237,0.07479988317607737,0.6986767132777617,1.0,0.26817175642755164,0.28237569047893213,0.5133993025035315,0.7077306831853477,-0.46338757349630016,-0.1520392402407666,-0.35936611986993816,-0.10821577366553255,-0.29881340599835643,-0.5700160010690819,-0.5862525432375022,-0.4463708037053655,-0.4438957991363175,0.059824157097713125,0.14148283162215952,-0.17924626800344734,-0.11648471883579552,-0.17879209541104044,0.3932017120533381,0.0731379128340897,-0.29756988380232596,-0.27269787853304617,0.34102791230247853,0.2026740839618861,-0.5782540365237194,-0.5952809550916275,-0.4687006104977038,-0.28943898806025986,-0.1939592476761799,-0.16317888487846985,-0.09122013992191892,-0.06134201012049844,-0.10722097829452755,0.03660638140999908,-0.06120923449381703,0.016093616999667795,-0.408979065535691,-0.14940928447140608,-0.12651154314694454,-0.10959990787390951,-0.20630199490815015,-0.06590001494204524,-0.14044676700251313,-0.07546471756155604,0.13272452898610038,0.09522146343617986,0.408443267125166,0.27321579101470417,0.22328839251969776,0.11279305139093831,0.14149114477917235,0.07191674259958741,0.06504737123557904,0.14877651960263386,0.22176735652210305,0.0675700370926016,-0.14345832564995134,-0.17802210022595355,-0.5293827436528125,-0.059870428930220265,0.05828915898629865,0.2875099310081126,0.27497738943287964,0.16737014435808048,0.2446932151247932,-0.1185428920092966,-0.19500078173897237,-0.46789782714150624,-0.5127936965913735,-0.39410149648442416,-0.332594921346376,-0.23015388767176453,-0.2068702773143808,-0.1225804202460897,-0.4024735445256466,-0.07487290751407322,-0.3915353362412203,-0.21913657657591296,-0.3716078385695639,-0.30213672514629203,0.08091299922872006,0.27571868728366883,-0.09890706581868346,-0.04183983830686527,0.41452296981212944,0.289807880834481,0.2565193519107023,0.25003671150507856,0.4400329117248328,0.2718531981890835,-0.07704080418280794,-0.24383991414954306,-0.09476067983035488,-0.11261041053709824,0.07264199940805975,0.015178473684854896,-0.12943672078983098,0.06032927874384423,0.23846112389728072,0.16127565044301104,0.15026276176061323,0.04813477590096325,0.04286846090665229,0.03921429129807292,-0.054601235828174444,-0.051457225900873566,-0.09480090781616819,-0.10486730327233315,0.09238944869848895,-0.051900312198387075,-0.098552648990574,-0.1722212841766427
-0.2508412558588488,0.0019228208319653011,0.3549973436443269,0.26817175642755164,1.0,0.24774352811561526,0.16088832980587836,0.3614852706209638,0.07678332575408639,0.4449413241077969,-0.21858404923628916,-0.25268273498314725,0.204656584160573,-0.010624088743606583,0.016993556082538858,0.1703574902428544,-0.17189435720852408,-0.01589795392577277,-0.22778281027436365,-0.29401366112883154,0.18621467292044477,0.07406860363820317,0.3075678045182461,-0.18697241815593402,0.22056171468872016,-0.24908167431279646,0.2663818468642792,0.131204867330159,-0.21565861140514908,-0.19614896983532362,0.08953843863113534,-0.03266183110915887,-0.3319279068633803,-0.3210675001832359,-0.1548123377329854,-0.1924337730680834,-0.009233456090102914,-0.23378680802378407,0.025494255667422944,-0.09074953893140322,-0.2101940871381281,-0.06710270358321951,-0.12967565509768525,-0.23850659192162357,-0.09493470003358148,-0.04654044568465044,-0.09163529283718974,-0.23874676670486042,0.17500190818898054,0.029927113363742597,0.030647496642509268,0.11785507885287033,0.08048451586173604,0.079037478098852,0.15107637818145958,0.11941208808118378,-0.034016181755621926,-0.0789596444810823,0.1836901882031281,0.07223734168542031,-0.09166407754405882,-0.13763758828314385,-0.16082610145490692,-0.21644013433809428,0.02569798815361785,-0.16193293414378873,-0.03478162068836034,-0.1457517022305717,-0.04627490083039469,-0.21781353948839585,0.08686816711467757,-0.05190539801078704,-0.18931631034187463,-0.0735494631066835,-0.21915115589740433,-0.18755883341968851,-0.48927436086003073,-0.30703363495547437,-0.04532415969682028,-0.16818292699545162,0.15847853017810423,0.10681973334470206,-0.22461746470301194,-0.23267939665435866,0.09072506060060533,-0.007665446736458208,-0.20762048424320176,-0.020571653275624952,0.1665442310257155,0.16785402591840753,0.17996194398275098,0.17355533952873795,0.13401341543801323,0.10765807176542945,-0.22669932202777832,-0.31142778939871507,-0.20350409526316446,-0.2671215765791755,-0.02483943639999664,0.0663983077059493,0.026068695501748358,0.13215564491004267,0.12188954276322163,0.22109566660017294,0.06459896277500346,0.09339033143446453,0.05959694187636561,0.001930620269490937,-0.04871373603322441,-0.1946423424567564,-0.37710786717524186,-0.01231289710533352,0.012011198381440862,0.09964217628197305,0.026101599177963442,-0.07268764036224006
-0.053527578191134566,-0.0862726950595458,0.049140576668027236,0.28237569047893213,0.24774352811561526,1.0,0.0025465674707527146,0.1949098459019023,0.10664006161935777,-0.057131686099631845,-0.21568944996434633,-0.26064289576975835,-0.08912563667528131,0.007691221224919342,0.017410998579634303,0.13288380147615061,-0.12510047653358608,-0.18926262652378328,-0.01080268566529619,0.007063329981026593,0.20034966678635982,0.09189087828750298,-0.2896901701122676,-0.17740205984398438,-0.018769474616218508,-0.09362802307256111,0.3123771803486663,0.3277569131356438,-0.162550879563938,-0.09978811928722874,-0.21329273398599957,-0.3453956365584612,-0.17781078415288162,-0.21412964868809,0.14397007047274277,0.11115446512468534,-0.010217088921949198,-0.15880912823960594,-0.07421296138512369,-0.22531529346704463,-0.3156360165142276,0.02390873041837508,-0.12719970920772636,-0.09647501471856937,-0.029870541589318376,-0.018497932554483416,-0.15035429686384663,-0.010642087336788168,0.1218685863239039,0.026807755577226155,-0.0772032040343992,0.05253145945018859,0.15339228669086102,0.03900231103555045,0.05173238676755566,0.013805552908330625,-0.0141290371133252,-0.13020635222944948,0.32805204986937403,0.22250728395284694,-0.05363523728323808,-0.12526929241871598,-0.13218036688605592,-0.25227981918897546,-0.21144496600215917,-0.04796937115977965,0.19898311056754484,0.16536992144954316,0.18772020214720184,0.053896812784711326,-0.09681125079340269,-0.045518866810911655,-0.250686945648022,0.06379090347022943,-0.09950807791581949,0.06391680034546654,-0.006782994744721652,0.06471542135649361,-0.08351004767205089,-0.0544233814162407,-0.13535812964087957,-0.003434584595366513,-0.10026840475700274,-0.09936549676911537,-0.020759770161918874,0.13251823121361134,-0.0482293594921339,0.1338200213119981,0.23938706226750422,0.21809990502927476,0.29011801443594054,0.21184293212244446,0.161016474092958,0.14398770842108988,-0.24484355024475846,-0.0858078329009676,-0.2901080873925723,-0.21192869943838807,-0.046235670733172314,-0.004666800286366428,-0.05415733555226645,-0.02519731229245029,0.44485919793276624,0.22100767332181712,0.14970947199787782,0.08271875083546992,-0.04889555073083324,0.09220590295413719,-0.027330512243163536,-0.11026955804294461,-0.23082550885781483,-0.09797425681780723,-0.1071651062541394,-0.016227678255478623,0.0035290075204918196,-0.13211868703575144
0.27892592842448677,0.03469805347777837,0.7736874439461002,0.5133993025035315,0.16088832980587836,0.0025465674707527146,1.0,0.6459401256311181,-0.5041698944236384,-0.19865672020974318,-0.2375786035930987,-0.04025831122357311,-0.19844704941727045,-0.5585472617502529,-0.536018849661576,-0.4203750231395315,-0.49623830753795317,-0.03399499182143448,0.06466814945670951,-0.021257545017665008,-0.2594887049499406,-0.44928887180212035,0.3237160303226194,0.029712921214690356,-0.4068961717389645,-0.4754041992503017,0.11644987760840406,-0.20742973087851063,-0.4287884057267876,-0.4379154664237285,-0.4783860446971108,-0.35205618190403326,-0.003980668483072542,0.036965263490131586,-0.046840942931991925,0.03710765200934628,-0.15854230795625035,0.047015490161695386,-0.15820128703403313,-0.09961829430508463,-0.2996735918935544,-0.23962157472974366,-0.2101994942940017,-0.18439461157684428,-0.19424961438808797,-0.10370459525139332,-0.10980626963720712,-0.08914898514357177,0.23452076070850053,0.09662746382733967,0.32435181742616803,0.15275605325227817,0.10427484774086197,-0.04817054896957637,0.04344724149312384,-0.04188593095471582,-0.22802490677773157,-0.00024140059083367486,0.2978643135709167,0.2584281606042028,0.26372996829273393,0.1243808234341843,-0.41338008678454174,0.09976269897155172,0.13738190436946537,0.14069509508766376,0.400390741351722,0.28416408541772537,0.07769809717834268,0.04994642537514449,-0.1655318671516336,-0.5049467447060543,-0.3625655456880772,-0.41761031199663495,-0.2871774671437193,-0.24096581123733618,-0.14598690189229285,-0.09060376517932102,-0.5040764883275005,-0.1494313385759827,-0.48028237714843297,-0.3599983893873351,-0.2081970806862889,-0.26054161764116573,-0.025237599803336477,0.020336105657952692,-0.09711452877688531,-0.18815517515313077,0.30796589652302403,0.24413968664582988,0.2094589539261093,0.3018353648672238,0.41129582146011884,0.3719008304750101,-0.10237812384114102,-0.1731676095630379,-0.20317719180044483,-0.08458377378799442,0.04013976673035534,-0.21782926619865883,0.007720592127019436,0.07060783168477264,0.25055497623917994,0.15589635468702795,0.2280164308787247,0.10421092789418468,0.18274269147275662,0.184873128262484,-0.13535334031837162,0.00674258945283455,-0.14988703358038707,-0.14523713040374261,0.11131336016305332,-0.10370927048140721,-0.053470095490338806,-0.013605139527339898
0.06905108564305676,0.05211877057107172,0.7480083694316876,0.7077306831853477,0.3614852706209638,0.1949098459019023,0.6459401256311181,1.0,-0.28900495569221346,0.10501236209829955,-0.36487539415157133,-0.1983599767266041,-0.11549145810809663,-0.44449457884072674,-0.4180907348226606,-0.278985346417581,-0.5406923711763196,-0.1721380235064363,-0.16087720933319635,-0.224326903289363,-0.24213973425173219,-0.3965562103165404,0.32157683033307316,0.028920331249606405,-0.34349072640184625,-0.44637858126582536,0.13797011786377275,-0.1348592859956172,-0.5821643733477408,-0.5951147882874502,-0.4208958253642545,-0.2969904584926301,-0.11506144554498618,-0.13230356621646536,-0.10066245491369798,0.06738544704268101,-0.1003842102776253,-0.20303875467642626,-0.2351777337984827,-0.1315906167159226,-0.429119076825342,-0.2565257026753515,-0.23434077776345813,-0.2474090594330204,-0.1531278201496843,-0.06479555739738115,-0.2183270441082305,-0.06548211265178251,0.39953406653373114,0.13562006747379796,0.3818690170670868,0.25187673283275097,0.2730546487031373,-0.033891105440064205,0.04269125741165091,-0.01235447760160689,-0.15564910998365558,-0.08134907095289007,0.4767377029552361,0.39121618533143315,0.12259489749334676,0.11101594210239835,-0.34196385244169536,0.04985984071610078,-0.021821293133746214,0.10872379355869334,0.36074873156340537,0.344537409968174,-0.0166025966777384,-0.06313474070698101,-0.1475756741575965,-0.4577034945698321,-0.5167587901704053,-0.39869739112372277,-0.43307168475650787,-0.33025080121105016,-0.3707320714424782,-0.21951639112197752,-0.49247890464784577,-0.30831099089254604,-0.4842331714047576,-0.3844161942979112,-0.3646824171655727,-0.39322342159116236,-0.10951602781727199,0.025500743588760155,-0.25064590825991906,-0.09063794006175528,0.3448710384260126,0.3437782518079238,0.29411068098018434,0.3680246083916283,0.42247570217054986,0.32412912370619085,-0.1347455468078236,-0.3334090830209614,-0.29618146194732886,-0.2243477524564836,0.018956061442257425,-0.17368659392577232,-0.020323819702407316,0.18190461013508671,0.3463923019174896,0.25981721230630644,0.30746516463820406,0.1676744067381584,0.13520964463471966,0.18297128625629588,-0.11323042605680443,-0.04583273155921994,-0.22495920270448344,-0.24775919847091016,0.03320223970642134,-0.08852557878710313,-0.05865714220253552,-0.12061916304737617
-0.3315054714164411,-0.15376218933226435,-0.5429034562587353,-0.46338757349630016,0.07678332575408639,0.10664006161935777,-0.5041698944236384,-0.28900495569221346,1.0,0.6060787366244609,0.1459414906959132,-0.22002942859535268,0.5165378141542831,0.6612335225644325,0.7727093446238116,0.666687438856339,0.36728567162574055,-0.1417341380653966,-0.26516833736269046,-0.08879473964056976,0.14432480448788143,0.21139933821759352,-0.3401825399363599,0.020254898610851866,0.5037726031669819,0.5039925522716606,-0.22880919443618145,-0.05820437626091094,0.2755899799921644,0.37763156938807957,0.58946178816712,0.28049013150436924,-0.031187791911242352,0.0032203570283077672,-0.04316863231290211,0.08918864208585142,-0.015109553459036912,-0.2817193132325422,-0.06921279496000016,-0.14002368762159986,0.046819896008298445,0.013305209101194157,0.07562369672760003,0.11349663579741127,0.2004532920543222,0.09327750393269937,0.06657833460150817,0.12776517657387176,0.010766159727516737,-0.019757046539971276,-0.27901508181314993,-0.20746486281395496,-0.03877848779404929,-0.07063554469307676,-0.20526843605493547,-0.09994839576580788,-0.0038709274179224646,-0.30042352143219286,0.002076957441228131,0.005394864007597685,-0.012634174829186358,0.07620369719367896,0.3570916915357494,-0.13963382121833648,-0.20232626365527684,-0.20854562552145042,-0.3046320885996695,-0.03051592791544119,-0.24192177850405497,-0.068805881785744,0.06218942876720614,0.4012790309899152,0.1737764056471273,0.28221787063247517,0.02751206264642499,0.060614869466582386,-0.10516672167695684,-0.12495895782784908,0.3608750857534647,-0.06448779588088456,0.29455844364153067,0.2572117183365069,0.18858667488208203,0.06697687890532175,-0.06334462004987039,-0.13562980248716125,0.110677965751335,0.16657857281176394,-0.3384528257134244,-0.1810936993751898,-0.1250877310112233,-0.13833123166590425,-0.31882405011993903,-0.14216171366404434,-0.04867301292190731,-0.050600294462478636,-0.05141477328506132,-0.2339896501267209,-0.10391022589048672,-0.05881186926173951,0.186508914266576,-0.11288225401609556,-0.12037201537022543,-0.045780855344699375,-0.14958367096815747,-0.052618597357182204,-0.17817330304708517,-0.16719991840768475,-0.019886297136067037,-0.016405357832668253,-0.04356837698491447,0.014429732656799693,-0.20939339418191819,0.18693515738610958,-0.05427320290305274,-0.14232233126692248
-0.3977558020181486,-0.15390446365569113,-0.15096653131757096,-0.1520392402407666,0.4449413241077969,-0.057131686099631845,-0.19865672020974318,0.10501236209829955,0.6060787366244609,1.0,0.014253033158264285,-0.18149606542507704,0.4932358782097736,0.475147002964518,0.5036336464826794,0.6040521254117719,0.17620882084591508,-0.012643201714808915,-0.3481405125729072,-0.2725714694342175,0.2875378610854766,0.30184488950705535,0.07418200790976483,0.11956934706069873,0.4385038649136269,0.30079101189491925,0.1180822095557643,-0.031428778634960505,0.035420251842599726,0.10375653976573963,0.5641616684945975,0.3534270894359268,-0.34185253435381113,-0.21877681071486982,-0.1920035782008474,-0.06665585185447732,-0.12530487768502038,-0.2969482378033605,-0.031138478502465955,0.05412047403615392,-0.01928154579601708,-0.14375870831911775,-0.04915438736142058,-0.17379769539228954,0.06898480261891746,-0.009481376776337416,-0.0741596434094954,-0.15346436872573316,0.1416041747103061,0.0004728321101262763,0.08239912192185968,-0.023225170624768542,0.030950563473061184,-0.06259450719731274,-0.08810228595984353,-0.0963443163162224,-0.060207395821508886,-0.2640214722600242,0.04367240466512848,0.002152141078643358,-0.1689130282340571,0.04930180846128247,0.16482617958655094,-0.10493276751371176,0.034358419037461625,-0.1197257052599016,-0.29091716417143765,-0.09802492299784138,-0.4036870675263852,-0.1937234903894706,0.20057835968796953,0.274555266026092,0.05618505703442065,0.029868054725900605,-0.14240966973760727,-0.18479829959979902,-0.5157375799927304,-0.4168945621442025,0.18904002494232594,-0.15202518543891042,0.3673879579642126,0.11381437025065752,-0.05833594149169262,-0.14310537447532637,0.15113557145437412,-0.09891391481456416,0.011527336734007234,0.09527709207745158,-0.14209008431089903,-0.09194526130151093,-0.10779005979440712,-0.0534648996985721,-0.14269513326644442,-0.1174350165403421,0.048649803368515286,-0.10525299696201196,-0.07987387487811601,-0.07547105013044235,-0.1755783891686744,-0.05035502966022422,0.0655760024687476,0.042482007995755244,-0.13000609033529442,-0.0725224448190136,-0.19737656162689132,-0.04961119865404831,-0.03527822633841341,-0.19196547719015777,0.1170713871188867,0.0368262191766026,-0.11652277511332938,-0.15825973021967496,-0.0866135624933159,0.09136257392136286,-0.0628213129474227,-0.12139939360470642
0.0029268988957636887,0.16504999873968387,-0.464558370641927,-0.35936611986993816,-0.21858404923628916,-0.21568944996434633,-0.2375786035930987,-0.36487539415157133,0.1459414906959132,0.014253033158264285,1.0,0.2591902741140675,0.5902323303308064,0.45724242663876374,0.3430726185090641,0.2460952043867567,0.6772108773503742,0.19749171487021114,0.09470826400155975,-0.04592179571204745,-0.07618181784859727,0.23765403620733377,0.1818764631692698,0.26676126861752086,0.35575628550921207,0.28651524311370885,-0.23233349801167724,0.08987039471525729,0.6322138483872441,0.40749430510902085,0.509316191130096,0.6168822512581147,0.28347482451541856,0.4618848420306877,0.16559297204191498,0.034743157060200265,0.03421181938608393,-0.028724493420933132,-0.08985344411678135,-0.13866629027366656,0.24585633881501492,0.05151346803426647,0.007978933587982205,0.16588030771220533,0.1351828780828494,0.19924130253397893,-0.03083028449661789,-0.21201333547176265,-0.22874506725491106,0.05559087898069133,-0.16222641763129522,-0.18675055017359785,-0.22904114623966063,-0.20297885572278287,-0.26857245567453936,-0.21377690965746415,0.1488730253744452,0.08310347701206736,-0.505549347790742,-0.45798922822850296,0.05424232864014269,0.22369953524125502,0.480712579624624,0.4060025934418089,0.3847670957301396,0.3141502686418001,-0.44787913311534405,-0.31802191770337257,-0.24736278921602825,-0.2506505376340348,0.03269087059919156,0.28265210907071603,0.4060917042433184,0.31071351371679234,0.4001659896598201,0.22324445619531624,0.16484271081390803,-0.21767148044261847,0.30185086506072756,0.22954877788577258,0.44460573349403787,0.3591129367809758,0.11604118867338026,0.025943961679324938,0.30658749889423453,0.04762900090821522,-0.05320572242082438,-0.11349536554256273,-0.36734966815147674,-0.5104733629566455,-0.4588299031561353,-0.5494341413692735,-0.5582708381432029,-0.4623336953459778,-0.009619071065930313,-0.014210147748014145,0.11509166176976682,-0.08296971147222648,-0.07696758390156812,-0.1466418533370214,-0.09858532059169176,-0.2817300149734591,-0.4123123300082385,-0.4341409193599939,-0.40503917378414145,-0.5041555944303502,-0.46108840732100875,-0.5055336958910074,-0.08538149336589508,-0.21992449958910787,-0.06859285529764313,-0.07379043347710666,0.054010227726929455,0.11858386296021711,-0.2002667547884436,-0.2281550241836759
0.013416844820423855,0.21036993851800076,-0.16216322426884375,-0.10821577366553255,-0.25268273498314725,-0.26064289576975835,-0.04025831122357311,-0.1983599767266041,-0.22002942859535268,-0.18149606542507704,0.2591902741140675,1.0,0.007944605442975821,0.18516963489913646,-0.05999428464951245,-0.12815282397544617,0.3110298504850953,0.6202641034861484,0.15761596445573817,0.02080660409381065,0.16083013498871537,0.17145640584943983,-0.07619299789608698,0.12426033082351372,-0.09920190334097581,0.1188461881546843,0.05921428672710075,-0.14301659787110665,0.5363115744543391,0.5112423820977313,0.14242743404764402,0.36039329780741697,0.272826302984627,0.2772976254524027,-0.2714278772639107,-0.39710318980645276,-0.11665516407830019,0.1657598778293246,0.11089254934605605,0.02876143350877869,0.4185702648269892,0.06311115418105753,-0.02891414004586282,0.041288041695176185,0.03802361572579725,0.041309539636946196,-0.02643384285570055,-0.3429730565718879,-0.3250471519602664,-0.017388724435968745,0.016524313887336883,-0.10351476143873682,-0.20993835643595907,-0.07329927527636068,-0.10866414962077053,-0.13807189204562,0.09102606372313912,0.17401589329232248,-0.5122788424851612,-0.41315706902928073,-0.05360672160828845,0.21094007722362543,0.23877492458789507,0.5588852257489089,0.2354661268486372,0.2053792714299428,-0.2994522758014608,-0.4109910632462657,-0.25604079323777085,-0.15764320638155283,-0.007510397852522126,0.04833791848046281,0.44930971450786245,0.3742756516207148,0.47618996788054463,0.47378398056977417,0.2857808375807553,0.09154194235169175,0.43670724652797094,0.6421263786753194,0.37823756765574285,0.4224302371652996,0.15509422901413294,0.24227878097936242,0.2294976322743898,0.0916279454367627,-0.03573335680341875,-0.19920158419436337,-0.1888169260164321,-0.23581210108048184,-0.40674277549526217,-0.38480721000462226,-0.27075469477680003,-0.2448972674856568,0.025712752533576747,0.2406277913958573,0.14514041642008665,0.20026642268291525,-0.2231988396659723,0.08001532998976371,0.021267667365435547,0.09709266368687441,-0.3211182705894799,-0.35529757777214666,-0.38744839562315636,-0.39838868918982295,-0.1249608200045864,-0.3516244088272903,0.03735068025933184,0.061774601058693215,0.011317628806459583,-0.11888112505331622,0.11304914696226845,0.10349332047429244,0.07110247680721904,0.07071261483258133
-0.19503816740165067,0.022897313688910653,-0.3109416313675004,-0.29881340599835643,0.204656584160573,-0.08912563667528131,-0.19844704941727045,-0.11549145810809663,0.5165378141542831,0.4932358782097736,0.5902323303308064,0.007944605442975821,1.0,0.5845909710761069,0.5015027943037699,0.46419746045643273,0.5464394350230362,0.1610379484962916,-0.2281424206662138,-0.38962163395874727,-0.11806629588986164,0.16308322889705265,0.20476092051192044,0.14881048902021018,0.4076199577289173,0.23531667796305722,-0.29136308459337484,-0.07899128149433636,0.4520261413219678,0.3010444579075241,0.6293558045027516,0.5767875769614481,0.13216530159647888,0.22002544065994833,0.10010203016476867,-0.06310975879472872,0.13368737358163044,-0.20466989567432525,0.04097568347293112,-0.08313418469767533,0.0954652775720433,0.0673968997513247,-0.04625034145687205,0.0010063803926773102,0.15676146805488095,-0.0008476134866580471,0.012197287592821708,-0.14812188677382943,-0.004881464696198158,-0.03171512337111066,-0.14002097815361542,-0.17096138675676698,-0.05795847855161045,-0.1007050298468885,-0.03792525087002613,-0.016535388722963278,0.10593798178108449,-0.22771270561709997,-0.2866352627593444,-0.3475630101830894,0.10159819296042762,0.1684276606853639,0.5153267361600125,0.19281661462972785,0.15271179542067442,0.08601456581505715,-0.33400285723675394,-0.3794268803213843,-0.41220548148074465,-0.472356083394468,-0.03163820089162306,0.26232780009481693,0.2750183794968591,0.19885165713798078,0.06170377741392987,0.021439713075223164,-0.09379794576875246,-0.4320989425256913,0.3117993979051839,0.018992873047728263,0.4960324492120522,0.38995593069858364,-0.03286909578831453,-0.1495350628415975,0.0383035741473973,-0.06792266980209502,-0.1634249704591691,0.08580205315782298,-0.3562378017014116,-0.27168496753714116,-0.39380230104175273,-0.3828124407067424,-0.5351187454004394,-0.3715474672986204,-0.08076576531387905,-0.21489017860414997,0.1261021152143097,-0.22977588137848723,0.0013456529600119065,-0.105330378945875,-0.058383814386029284,-0.08895892863634691,-0.2676125734668572,-0.19576587901766856,-0.1935089248379049,-0.3068000378047394,-0.3844687653916393,-0.382636554175847,-0.13987742749079335,-0.2651590410766543,-0.18015031160748252,-0.04145067106713726,0.048384276145700816,0.23526459527070775,-0.05408809132849319,-0.24795868246540154
-0.2486285716032305,0.06799218291553984,-0.7167387857673609,-0.5700160010690819,-0.010624088743606583,0.007691221224919342,-0.5585472617502529,-0.44449457884072674,0.6612335225644325,0.475147002964518,0.45724242663876374,0.18516963489913646,0.5845909710761069,1.0,0.7147600797178855,0.7192476569279039,0.597264054167229,0.07592184904369814,-0.07734338253870876,-0.055545277674622064,0.2768454156134337,0.4116820111666482,-0.31360315107025344,0.016334556352732663,0.5659317307787137,0.44878882474607673,-0.08530502379054085,0.10747225088513121,0.5267810595803164,0.6049909651870365,0.7082714433550834,0.5098320425919265,0.02099256659726268,0.10058718709931896,-0.07168778404002445,-0.13840303761970946,-0.02306247826110278,-0.15615623590824307,-0.02355657229138286,-0.03318075643294814,0.18287641081915967,0.1259809179921224,0.12150218902691184,0.09766498494071678,0.17198393175956736,0.09596682054812788,0.030505913068305912,-0.14896885133998766,-0.06591753913272573,0.015630058060353516,-0.25171430133222145,-0.15250168353475496,-0.02405074236052079,-0.08351806471870986,-0.19893416484606677,-0.10902105637020597,0.11773010814817508,-0.1432999463342786,-0.27014609147170404,-0.22982190311239564,-0.09525181103160617,0.15872795545832688,0.507386287051577,0.06372630321401891,-0.09231100036524874,-0.048612086951466044,-0.5202120694622523,-0.39401380721521795,-0.36957653211353514,-0.26927194746929667,0.12163772195200766,0.6066783221503018,0.3592925075786615,0.5063023728550581,0.25925186758404306,0.2998294867811978,0.03961111826374365,-0.09701046292019908,0.5537372065169501,0.17850239892528685,0.5779228848741687,0.43485474342540115,0.1973172987156443,0.1638571664913496,0.12248531693354262,-0.028874853846665865,0.005580257161508527,0.1326128606973277,-0.3451509466172733,-0.2789699357371526,-0.35622072402358274,-0.4424822632812008,-0.5019059115318446,-0.34615050754339727,-0.00986413236713957,0.09946900073057144,0.037445389278952225,-0.030351073316458584,-0.11994875381372179,0.06302220673623656,0.11117169693557431,-0.07384107869132427,-0.302760069722332,-0.2919210623514219,-0.4004147684207079,-0.38415179729952226,-0.3104670052708698,-0.4260130636130629,0.06705271103256925,-0.12950180056089913,-0.11493156635949255,-0.05387903495079351,-0.06133011067135418,0.15193006178171356,-0.07853200015865346,-0.08314469573152468
-0.31780051336887793,-0.15779269034732712,-0.7013702199635731,-0.5862525432375022,0.016993556082538858,0.017410998579634303,-0.536018849661576,-0.4180907348226606,0.7727093446238116,0.5036336464826794,0.3430726185090641,-0.05999428464951245,0.5015027943037699,0.7147600797178855,1.0,0.7515730074733427,0.4687806379841779,-0.01614290483670955,-0.1315166579882647,0.007319974647582092,0.1863886915141784,0.2529836809262033,-0.2256701594869082,0.14080798033992586,0.5537107938733011,0.4462870598629382,-0.11604535314723566,-0.02636613975471309,0.5382947264976838,0.5679407447115239,0.6000325365856813,0.3347806761364246,0.0016987397550770108,0.07943624774353646,0.040933626941574264,0.08780490270263651,0.09290588858248801,-0.23634152844932438,-0.1194179133106634,-0.24352870411676794,0.21295740290479392,0.052042540759986156,0.027093778560264913,0.054915873255715536,0.17941849949667363,0.19379100060240334,-0.039436185767682694,-0.0681938555071059,-0.04983650812993948,0.06293559089345048,-0.29039821913793135,-0.10791164541036992,-0.039076214181365004,-0.044539775903831076,-0.28171455279339236,-0.20232166087440806,0.009859336223891577,-0.2659287117187547,-0.14777268336907567,-0.09865555552036143,-0.030226028757037234,0.111418826668163,0.4512066840248112,-0.08403266017870836,-0.00458422015927057,-0.16103795117156103,-0.4111617694566747,-0.16728652549065207,-0.37369232796132046,-0.12106291554170664,0.11006198771643447,0.4513028516753984,0.3509723399380924,0.36702743183362985,0.17520639031851104,0.17333799358495,0.024136982700276165,-0.05251397116912685,0.4741682515996957,0.0935608283682374,0.4697710434319975,0.40110415913120323,0.48455946814193834,0.2767623267135185,0.24269941729915656,-0.015142537817217546,0.11536053968691895,0.11527454436335434,-0.21988565380999706,-0.26368700907264286,-0.2689421427239624,-0.2719471004116873,-0.4042399238733249,-0.21874643732461765,-0.13862247744967815,-0.053113243216073344,-0.2151117994697468,-0.27203950481292655,-0.1795875000588791,-0.09673406438067361,0.04055015798463154,-0.11285387810865982,-0.17369886644069635,-0.22797998581182635,-0.2759043149356955,-0.24573123486875753,-0.25546006494132417,-0.27551691660373434,-0.16914834347629162,-0.11282788816761566,-0.20153755455490516,-0.07621979116777824,-0.15931226328330164,0.0653282764739567,-0.07793847333291685,-0.1845208586124363
-0.23931753895622696,-0.11556790415631928,-0.4788316646808092,-0.4463708037053655,0.1703574902428544,0.13288380147615061,-0.4203750231395315,-0.278985346417581,0.666687438856339,0.6040521254117719,0.2460952043867567,-0.12815282397544617,0.46419746045643273,0.7192476569279039,0.7515730074733427,1.0,0.3373792138453638,-0.08345821526223188,-0.05513194494086193,-0.0512936393507578,0.28768104035241665,0.35440442747918144,-0.17189936336202827,-0.011665743838555334,0.5225915014804869,0.28767203074815806,-0.007943610669847515,0.12297331970214459,0.3582536969283808,0.49230495255345813,0.5375739301652575,0.28520399097119614,-0.13727209950361313,-0.11518649060609415,0.0064969676140495,-0.05726283015613595,-0.00623212662583768,-0.29469318459280097,-0.12013962580229666,-0.14160983362878907,0.10146764477649599,0.053057366408672646,0.08874180512966409,-0.0007776203536015791,0.07840876338576341,0.050565327343305655,-0.011757135229901327,-0.16803716519477596,0.12222049289114993,-0.0013469376738670317,-0.06901652902959936,-0.10273915774717635,0.1184723046202509,-0.033584124028203266,-0.2193292415656444,-0.12124579872615154,0.08453713419437332,-0.23919674005173422,-0.027138605731368542,-0.055120131351716575,0.022054688782167174,0.10167086095960119,0.27073518944929786,-0.153064126232872,-0.10078233983342488,-0.1270187800920145,-0.32688069199870706,-0.21946002411110715,-0.33822201125738666,-0.20127877281534498,0.23493857779015792,0.5111127697815404,0.30760820424231444,0.3745007361003252,0.16259639597111003,0.097963419749647,-0.139487318929777,-0.1545110226564849,0.33875140443896823,-0.04913836086319217,0.3932883233335496,0.30380575867572196,0.2670013567757463,0.23733289804338117,0.15846756452816005,0.04145962382046362,0.11628306211588933,0.13098717305898958,-0.0924857412913349,-0.1445403039923825,-0.20575004106164024,-0.21910350740717394,-0.2911441710373622,-0.21442359628795746,-0.1610808463924882,-0.10109480852123293,-0.23523532441953435,-0.18850500304887174,-0.21056991060047303,-0.07736110107050896,-0.0034103695177200573,-0.09564452909387199,-0.1481681207144574,-0.21275103863477557,-0.33448633270439954,-0.27128504313916507,-0.19784222618018332,-0.3104033502286651,-0.04445953516713302,-0.16896763503729423,-0.2840949385582998,-0.17481640591834693,-0.10162314616833855,0.04877451537724246,-0.1478714279803074,-0.16794554535600337
-0.19510910839018034,0.03673303378981175,-0.6427323846109982,-0.4438957991363175,-0.17189435720852408,-0.12510047653358608,-0.49623830753795317,-0.5406923711763196,0.36728567162574055,0.17620882084591508,0.6772108773503742,0.3110298504850953,0.5464394350230362,0.597264054167229,0.4687806379841779,0.3373792138453638,1.0,0.4754934739088152,0.07657037865951948,-0.011071580009422202,0.15914066721759135,0.41951646120837216,-0.039779372000786795,0.21988014148917331,0.5118379854766963,0.44622787607847963,-0.06679577530272887,0.13481267327474467,0.7693373589720701,0.6283569463424262,0.6107576965005471,0.6275881133373923,0.28144307793073303,0.40365598992912993,-0.000590824168293039,-0.1654942545722717,0.004806701214091104,-0.03735272028982473,-0.021138868966900377,-0.08173076721413718,0.304475560242327,0.22345406645451604,0.10334478811824929,0.19330677742984717,0.23131632166818075,0.18075924239926308,0.005457992202648632,-0.16980096680867382,-0.324133000420254,0.015050655767236885,-0.17339173255766083,-0.24788358834544477,-0.33602010252941206,-0.13217503659601995,-0.3407434851229394,-0.20506945066404283,0.2633843306406545,0.11207154676507906,-0.5835127212539385,-0.5646360594869487,-0.06876405811356114,0.1239112065283983,0.5989798308147999,0.37993380062032867,0.3152793997562682,0.15708675534406807,-0.5695923898011985,-0.44052640787254677,-0.3883311052786757,-0.3521395516303306,-0.021109736758623765,0.3539183820682082,0.5599083336636965,0.4493187689326394,0.4292379135360958,0.3966248308718922,0.29296893740406943,-0.10030904899741314,0.7005324148927516,0.47784209890241475,0.7167798818649211,0.6177769853355057,0.18195436751028982,0.1997686303600565,0.29166210303505496,-0.0050271949014234095,-0.041738338265969156,-0.041285496276198104,-0.5293580232888208,-0.5887167728999491,-0.546003215543838,-0.6092613969185319,-0.632169880987709,-0.5240211868728,0.004832227535261013,0.11335559006893507,0.1445697455050321,0.027459430055113167,-0.13901062892959257,0.06193772784156237,-0.1344307806996717,-0.2059517626289626,-0.4300693609967296,-0.48950039886583346,-0.5059284692007261,-0.41715809949797206,-0.49203579398400704,-0.5434683260447171,-0.020696939509776465,-0.11292030499512472,-0.010724251677274128,0.059075546977237124,-0.02043440018220793,0.2305313242244524,-0.13661275239126885,-0.28916916904583956
