1.0,0.5453075327873259,-0.12686058222030547,-0.2939847811095334,0.05682913556277002,-0.29944493867066435,-0.15863333390421583,-0.3041969994341227,-0.06167216724559306,-0.18506296868073832,0.5826786473869461,0.06873864345507734,0.229103014961946,0.11253861950165375,0.20914603007853022,0.07569375789763015,0.42421667182640294,0.2441348528631816,0.22269869905225756,0.1439744843550852,-0.08552400897639396,-0.052521064929399924,-0.3065816975096529,-0.3665681661429491,-0.18674364192101012,-0.1712039222898926,-0.09955223963254056,-0.08430361512724599,0.2138869121380355,0.14616243924641004,-0.37145357484431024,-0.3972810127261831,0.45037471607095464,0.037526008598291,-0.2783462015256977,-0.347796347648976,0.32266439211714976,-0.10619997404862926,0.05438266808888059,-0.09811624377982549,0.05799136901615203,0.07990158107081478,0.0113560285911827,0.06683094483410491,-0.1476393457192085,-0.1983638720066755,0.08531134275804947,-0.07877596365062166,0.00813035917232495,0.01767162745309074,-0.1679826996623016,-0.05759802565592642,0.20884742777556295,-0.1357761643087638,0.22968269258741572,0.18065474842885687,0.7023631118889501,0.507955692297081,0.3996798326906866,0.28267355029960944,0.5620935031869359,0.1783485454342411,0.4242114629726499,0.45737456033785717,-0.30149368945614946,-0.24584113237909463,-0.054000387536638085,-0.3394839857400022,0.018088582661729642,-0.1689622376162192,0.008346507048468683,-0.1527385805495579,0.2244669690812568,0.29738145371808467,0.3690242788229178,0.1922922682010797,0.37715378864503385,0.10728690175765265,0.33079026762399827,0.1512847857008201,0.31607724852956326,0.24447963566039604,0.11020388540218878,-0.05701704254237954,-0.10576030393648263,-0.061559921557830424,-0.15745441145198658,-0.22263473954160845,-0.18476682460148616,-0.09162228312945582,-0.39260798888475734,-0.24984496473656506,-0.5438177780197206,-0.18571267275628525,0.04441311485882496,-0.29130792459605237,0.029076578708102513,0.13279059402914667,-0.20020602903514387,0.05765071021925988,-0.11630152839354145,0.030556868331325485,-0.29463492646487777,-0.20912563909813867,-0.354783997992589,-0.3913535395527156,-0.09354394285420745,-0.11694820391237817,-0.28224976925545536,0.0686958090865721,-0.09834426649921366,-0.20503185886159422,-0.0030157874903632116,-0.05174979604103621,-0.3576584724613792,-0.27726256402797184
0.5453075327873259,1.0,-0.21904440449391785,0.026284942432113496,0.15861589184722677,-0.34284212475744996,-0.3742233020099781,-0.26957520193675605,-0.04922559688497033,-0.240585037706988,0.500844248104073,0.0584033417552375,-0.07093315420071725,-0.03873680547527271,0.2041567374430324,-0.010266759560229316,0.4365425058938123,0.26713149405432945,0.49192114317261165,0.38067510317588477,0.25888852222541286,0.28265200971872695,-0.14713487157641358,-0.1674986744384774,-0.06675421363159945,-0.14151025778933687,0.11815201731886757,0.028849965847475716,0.22154140234164568,0.11115089638583002,-0.06407965144693005,0.029534948014297676,0.5577315033088334,0.24143488930838794,-0.251531982849165,-0.45677107082030505,0.010083413125434261,-0.07409791488431243,-0.029154870311221874,0.037080890964739065,0.13422042040280724,0.19803068254777678,-0.13949215352541905,-0.027856148010139227,-0.12898546975009711,-0.09528157929742621,-0.19569487790693738,-0.4113750814982092,-0.03220991315827411,-0.0067542136385186835,-0.19376330822821655,-0.10586170661823185,0.042685481105207736,-0.100953741873091,0.14353033555376066,0.16059430443310893,0.3372757514696146,0.737780889626765,0.14111410564219726,0.1262751049654889,0.3403824573769105,0.295899479900819,0.2774694762116871,0.5370968857199345,-0.0504214387621715,-0.047846664954969934,-0.07437498076575172,-0.3467781028862409,0.35797885822367653,-0.1716404942733967,-0.12528146233923773,-0.08123294846835874,0.1890076818565709,0.4115202498281731,0.3060799057464066,0.3689390994427841,0.25294520117237673,-0.19168549444175206,0.39114785373072,0.17379086730648388,0.25684849839426604,0.2215913490611001,0.16772411609396998,-0.0670330792496245,0.0575574346731989,-0.11324733613775886,-0.060683399980905765,-0.17798591141652642,-0.08923801237548457,-0.1626474443229291,-0.6589656778889897,-0.48060034775618166,-0.6582629402151199,-0.3715105300049041,0.04385510619294288,-0.139425668483521,-0.13225697084177163,0.06768691836742752,-0.5603248652506765,-0.17203768646750997,-0.27418492671401506,-0.3330660339187226,-0.4885601866165368,-0.4253806683480526,-0.32268110007245837,-0.2813774019742492,-0.15169922100307537,-0.12092353034680445,-0.34421401310053806,0.0317767179390511,-0.21592123030902716,-0.4230120723440939,-0.17969782811225352,-0.16610626725122135,-0.3005366489036392,-0.36836800145395643
-0.12686058222030547,-0.21904440449391785,1.0,0.21761001542752897,0.3074999805851583,-0.10448220127507782,0.5166918998954405,0.10040964152926021,0.48875867688171276,-0.04591774127769218,-0.14532072488108477,-0.2897422895640001,-0.030354556219090008,-0.3111421646700156,0.23560499109383587,-0.14352053559332892,-0.28241315369106196,-0.3035250970397466,0.3342251720473173,0.01938044038688839,0.02346146793190997,0.2022775880670383,0.6973205936090926,0.3798793160257427,0.06833811696576673,0.06835182047507278,-0.012235215505920858,0.16983006686856061,-0.3926166715142024,-0.4745234900755824,0.009580113017374313,-0.009845661880195058,-0.21863840438974197,0.023684080136436466,0.23810749625807567,0.2289205620725377,0.07894202927518432,-0.25722770568286113,0.3669882734143617,0.1953185659019804,-0.19481495715548833,-0.05678385060110423,-0.20799716416842373,0.10102201741556996,0.044889935604964314,-0.008314177264438368,-0.3341875645159417,0.13741315266891582,0.10906467398156933,-0.01851506243514174,-0.10304836863467087,-0.012621490733621168,-0.1653319002596593,0.2553555041193935,0.16537312324248937,-0.02058432342505657,-0.14372554028051907,-0.052556922018909984,0.15181059599503954,-0.11986736988634271,-0.20088545863763185,-0.21997394120510205,-0.344964953701286,-0.3189258880456553,0.17312781215871917,0.02298379986702637,0.10255375024506096,0.21678528137651232,0.04406243340566179,0.2082915013992359,0.0995145250623191,0.12832121632802967,-0.4098973511994876,-0.40607488852461693,-0.24272327473868663,-0.17333017978351495,0.10445825050879455,0.04259971379098308,-0.10864483440966828,-0.17605799616008863,-0.2564698567275309,-0.3039001164510502,0.04342626146529544,-0.2521804339946409,0.00228935713179497,-0.40115070366709665,-0.06307445346141577,-0.12067268752444787,0.14985788244152232,0.03600896184854706,0.05781964326025496,0.35565509619095886,0.060683994972344814,0.3443672304850764,-0.014497456611975875,-0.3301300430359478,-0.038867462517775224,-0.17198892622183076,-0.06374361933753524,-0.1642439000032049,-0.14773384026000475,0.3174404982596358,-0.027494601383977312,-0.049111747724973794,-0.09089462190260779,0.0858923984396272,-0.034296025469303035,-0.05957314582400225,-0.1446230586454289,-0.07440059956191387,-0.23987481191935797,-0.10476301210190472,-0.20517449773035193,-0.08889020360497711,0.06101638738478519,0.08176779770593166
-0.2939847811095334,0.026284942432113496,0.21761001542752897,1.0,0.20739478562927915,0.08638460291209638,0.28447634056207277,0.5428339534602938,0.11228683510606506,0.25953027671739365,-0.3803507108387839,0.02310102999240432,-0.20077645118003057,0.012316592823012498,-0.2963967928308815,-0.11982751734535606,-0.30245289685138765,-0.25307920633950304,0.2851033354764934,0.12595627052476047,0.10505731035167251,0.2051749314824147,0.2574424794261758,0.389169970036265,-0.031384053796398886,-0.1710668075394079,-0.015221015897603489,-0.17181189214476736,-0.28542069778074897,-0.2956868973735525,0.35633221170001256,0.30075586020040185,-0.002163640669802618,0.26906043345063557,0.010181188538733907,0.09329342040880048,-0.21218802456846245,-0.18239250939481755,0.032934741562587425,0.080199807396822,-0.2254637065036758,0.04663990466064563,-0.09215143037209565,-0.006105898962411986,0.050780677904102976,0.2060257479165238,-0.3194250883673945,-0.14702844226846087,-0.11442568576967856,0.01591577386838785,-0.22385534572250287,-0.2472036530577566,-0.3064230220848332,-0.04880989948447503,-0.10477087583355349,-0.1404893112494245,-0.35863251764226384,-0.22718770580795317,-0.3401617787079321,-0.12195058014814784,-0.16720789924460017,0.306210886200255,-0.21920207414755544,-0.07014670996563777,0.38212112821966665,0.4393379736765886,0.11790410438418335,0.37920411145711747,0.05318303519817597,0.10681845169160167,-0.10377927591516367,0.15341954914020067,-0.29279804637710294,-0.2398284674249544,-0.3902511688932428,-0.04096728254866429,-0.21199903094771685,-0.10937594490032539,-0.22423021437022556,-0.1794616127629929,-0.27588981995814593,-0.3250744442233891,-0.23793073840072596,-0.02471092588797249,-0.08510665434272495,-0.13937520994500033,-0.0020160583126088752,0.03910798113174334,-0.14818827192221387,-0.06016599240653363,-0.07450374155686523,0.032257194284622114,0.15512077164811386,-0.06814222312118978,-0.018972926738362993,-0.06350724121855554,-0.2140574194583456,-0.10527884333928299,-0.2162455326106337,-0.20140539299226912,-0.20059138823254943,-0.1318692512654012,-0.027744706765694502,-0.17454918782017806,0.09404086526007528,0.07875198701086122,-0.08819116411685991,-0.07106604546558566,-0.12152840117598956,-0.09002545020541387,-0.21917393890045683,-0.09318172855834163,-0.19262000495379597,-0.15709575441131357,0.01656359115464349,-0.1680022665674674
0.05682913556277002,0.15861589184722677,0.3074999805851583,0.20739478562927915,1.0,0.2943838735819672,0.2600060866841812,0.2366452354889327,0.6359318385003847,0.5344235123096849,0.07256179316319607,-0.1537636783043456,0.08934637849416245,0.08665013006364065,0.15190907681575921,0.13960639572738093,-0.28623783712656803,-0.12313951116662096,0.15893608986408636,0.11879369366157679,0.2543317592030737,0.36105529256440355,0.11197425890998502,0.021810009317249468,0.22039632174501686,0.021732748572617533,0.5008234599862843,0.1568239832881868,-0.2605195563949275,-0.2847724842898155,-0.2601330029538365,-0.3499862022528663,-0.22110052639489475,-0.18473144342017309,0.21961460561886714,0.04227352518938811,0.15379416990031816,-0.32415783771262546,0.015313034976169678,0.03809587746305198,-0.47676303889396293,-0.1392898335264203,-0.060555392613920477,0.1838142991421776,-0.09553577383013312,-0.2197561790734963,-0.2926716794799123,-0.022371165320389314,0.1692557691193037,-0.01041069261071786,-0.16900481504824164,0.0982207581575061,0.007740836584560637,0.2736237594281132,0.04425707916630841,-0.08529900615781374,-0.045989184664829694,0.048608760732561394,0.26766688866428395,0.02039014971899962,0.0920934759590221,0.13693681235566466,-0.20152858240691698,-0.08361075578996215,-0.08165815406440093,0.08775501124772177,0.10258990436097119,0.13290924490710956,-0.002213930902950032,0.10110857817176784,0.2825592334482198,0.04850851099247769,-0.4905508346003755,0.0020056398501130317,-0.366349312772905,0.15141751866095976,0.08927693819647037,0.1687112969399495,-0.2780664981813069,0.0583714422687031,-0.04648504119804791,-0.11460564992178043,-0.22336355457623489,-0.39941624695457784,-0.07836062630449862,-0.26293321071887155,-0.3301719343212276,-0.19339226877619542,0.08140097098903351,0.09101467282205877,0.1279259206692286,0.35156371263059,-0.03929267644224013,0.2860598108989893,0.20975873674568268,-0.293088956224161,-0.37206111246723406,0.06589268880530273,-0.13260539588258577,-0.4130621319636917,-0.046795726378349396,0.15110647816940567,0.04768122531177346,0.03530046338021318,-0.10395672514762784,0.032954863203160704,-0.30725787685930156,-0.29073883393891414,-0.25853549537399334,0.12883163944386916,-0.5192097054543041,-0.3985540504862751,-0.2253810471786035,-0.04484985924295018,-0.09893881869315717,-0.17450085632447812
-0.29944493867066435,-0.34284212475744996,-0.10448220127507782,0.08638460291209638,0.2943838735819672,1.0,0.3166309292049626,0.4552704166009239,0.08277716756744641,0.6585975389899253,-0.2420601275366584,0.09092414853107776,-0.04922361552599909,0.19241182121540917,-0.22287071052661622,0.34464387800753793,-0.4420392264142644,-0.21228461344706245,-0.40770532423904754,-0.29765326320180363,0.12324698692508557,0.03689730346349561,-0.11091832302358996,0.18112102013767,0.16836471775493742,0.32387811688486273,0.43446397630839767,0.26755368688680503,-0.1470550183038964,0.004583647744305569,0.09437595701900744,-0.03782351171539427,-0.14298241833797515,-0.10958476176972656,0.056131309745464125,0.044700670203308,-0.07918787872589514,0.026394132433849977,-0.2712695102015399,-0.3142415273199434,-0.4041898189664496,-0.36339140657910407,0.24307294268545082,0.16967894186794136,-0.05887259942126088,-0.022038422513805566,0.21995245650289988,0.14908480319269315,0.09384042967306948,0.039271437643674675,0.22939045882961687,0.15975272286824807,0.16273131058054968,0.10357884076769644,-0.2499565592878812,-0.1263951647492125,-0.2363953025418465,-0.4713641291155889,-0.03537930463706366,0.18582525499618147,-0.0009239694673580423,0.19354034481298205,-0.24348999095781945,-0.20580035460437196,0.06141109204746575,0.2762955603068688,0.10961847205607146,0.1925276122120096,-0.27414595898676686,-0.14014320850191303,0.011883147120226282,-0.12515483150869844,-0.2243787974722674,-0.015261013421673521,-0.3837980162903097,-0.11450406605984041,-0.29934076326381087,-0.03509426695610353,-0.48706547385732546,-0.047301235850912955,-0.20192689906984906,-0.07362336826160644,-0.29093761591645867,-0.20787294815533772,0.010505360740720901,0.25165635700454086,-0.2682390379233826,-0.1054266328117688,0.07206227357411878,0.2386783078173067,0.2988201202690353,0.05375014305081136,0.4072511072395255,0.09278312570534121,0.16166903757297882,0.005503844242359711,-0.2877197170625122,0.17070538529886686,0.07638159938174277,-0.09519962390276397,0.30936226443561277,-0.06813688876571061,0.3393352211217144,0.2521429210499803,0.04923170312206558,-0.021099858911845973,-0.09894757883319438,-0.11843337371645306,0.06229810895994138,0.07021358928687899,-0.011467841248406378,-0.011879332776269258,0.15458795764687366,0.1744782260439974,-0.05641988619681113,0.01978228734145103
-0.15863333390421583,-0.3742233020099781,0.5166918998954405,0.28447634056207277,0.2600060866841812,0.3166309292049626,1.0,0.6515810023437819,0.4320976072973811,0.44216360880685096,-0.16047599151632777,0.051889924519584664,0.2544829753712906,0.2630388963977036,0.02773850895713702,0.23157162139247156,-0.5255617886494155,-0.32081148086400374,-0.0797862079496725,-0.30286320985323806,-0.10264798529118602,-0.031019263388280465,0.2881759866154911,0.3033553720866886,-0.1218533034301706,0.06174011317308128,-0.10964846317643863,-0.10142971250631094,-0.3797904166921851,-0.2234731360875468,0.11573948985195734,0.00743427837863204,-0.10594016509460907,0.14727191376833093,0.08693345475151917,0.1917235153693564,-0.0355863122658378,-0.27587329213495193,0.06723614188899858,-0.110330695561143,-0.3782446951931398,-0.1816767668405421,0.059342427574568514,0.22610918670295777,0.18938779381269435,0.10152618731802236,-0.022499329874734693,0.26277127525957483,0.23346523026082616,0.2467343577441211,-0.05671945744509342,0.14709441756561786,0.0780843539178815,0.19887943208795456,-0.14314474233090851,-0.06729030386691327,-0.3430058266634919,-0.5192738952892707,-0.04230818567679496,0.04816814602861026,0.09154619366112537,0.27384779018291494,-0.2936563135682922,-0.1719799670046716,0.33852855271175597,0.3133947358596935,0.08514366045297912,0.16029049488731487,-0.34820266055578386,-0.08810766960917396,-0.020044170683255074,-0.039063585606823804,-0.38191064364349264,-0.3051434272224745,-0.3323134790523532,-0.24192626116370072,-0.12858217286920934,0.08967980542731921,-0.34436178466424255,-0.17327650778194842,-0.37555841727866796,-0.32033812038076726,-0.06931305291926404,-0.20577199814559782,-0.018085382414093406,-0.1230098883497438,-0.16341112424603513,-0.21777222187882436,0.03875650632749723,0.12524829064669585,0.17159752936026632,0.2100476104733703,0.24796127001887927,0.1409143642251713,0.08517742801104115,-0.24003840687763137,-0.26254663127552835,0.08954087256634324,-0.07509351873916317,-0.23650640852690247,0.04729911063154436,0.19243560255874592,0.14081853029645572,-0.04002781480803707,-0.08340011599788746,-0.10049091279111733,-0.13461972844043932,-0.14156123463731346,-0.11116478183761026,0.11452030215210267,-0.17260718121974214,-0.10472981621662922,-0.04293155643085394,-0.1389794479175404,-0.11134482294036387,-0.05323386687021314
-0.3041969994341227,-0.26957520193675605,0.10040964152926021,0.5428339534602938,0.2366452354889327,0.4552704166009239,0.6515810023437819,1.0,0.22968665539760852,0.6793680007060345,-0.30793467823917015,0.2273621580592387,0.04050964908659602,0.4358112921517635,-0.3286620728249952,0.20678989314275306,-0.48270813260440576,-0.2522526307716187,-0.3159161955968059,-0.3165197249694667,0.014371756260964463,0.05382713782960229,-0.006776528710861949,0.22682121238553166,-0.07897390579223855,0.08886133229300007,-0.0053868538694108,-0.1880529831667155,-0.3253626155809464,-0.11807312478125136,0.2064544101981177,0.09879956272611497,-0.017124970285029087,0.23675870407898816,0.07744388473553164,0.2139273773960168,-0.10334480392240931,-0.1917886527142892,-0.11397124169730018,-0.15520914979953027,-0.49501422009915147,-0.22313338517619985,0.051001247167249665,0.17257410745268217,0.09520389922025183,0.16036322192865038,-0.0429116657090838,0.11086313655411356,0.006924505668460096,0.13555191808100986,-0.1084739195370625,-0.06382421409510586,-0.07259026200489614,-0.005952876584412502,-0.2980473263176133,-0.1838368840810684,-0.4071150613657962,-0.5841575763053057,-0.2748269431981225,0.003166234272678001,0.016930530181718615,0.541991918599805,-0.2976056059228875,-0.10062537720078368,0.3263289866095582,0.5690743915082627,0.154794509556446,0.3541886257516856,-0.30738401837904994,-0.16188247041568385,0.004546733773728626,0.03272378367657291,-0.3669935657480773,-0.19271684646305742,-0.4657483702390458,-0.16637093049271867,-0.20548098881441612,0.09956533178685585,-0.4508878739091493,-0.15451994844867767,-0.3037282108858184,-0.2862074899714256,-0.37341999333448117,-0.22652170994007156,0.03978855047517712,0.05082417988964924,-0.18965654634141896,-0.14025257037869157,-0.17477467916572947,0.0032718217547601652,0.1824861567264237,0.15454353871670312,0.4504730789463042,0.1233354296504043,0.1457975207915276,-0.09958150035796942,-0.3975137826743413,0.21742117416154008,-0.11012105764767147,-0.1684447885093674,0.15480359147600053,0.06572799273387937,0.3137141489676247,0.03932980018684625,-0.12431870254555788,-0.2040757896056245,-0.1945608975189307,-0.22348756967999073,-0.031983968321309314,0.1981156572694669,-0.19089136689747252,-0.08841863109289745,0.02687770784825557,-0.018247292102205204,-0.14195580620932427,-0.029225051579460752
-0.06167216724559306,-0.04922559688497033,0.48875867688171276,0.11228683510606506,0.6359318385003847,0.08277716756744641,0.4320976072973811,0.22968665539760852,1.0,0.3830679967601428,0.02368852566468652,-0.18340330079485054,0.15629831243136288,0.032148893895912634,0.358326835780762,0.23080022792603275,-0.2783294586401083,-0.1997563444161351,0.06149472334919971,-0.018702103445593726,0.008829484295886902,0.20855968696009336,0.3278320683562269,0.24583299629898842,0.02959784797310928,0.10543572705118105,0.23566375005171203,0.03868122075222719,-0.3050527237115847,-0.3073976081819474,-0.2845592812779792,-0.2731459538901351,-0.24862332534239623,-0.023971579659574308,0.2456266379404793,0.19552226639513473,0.26635335430573076,-0.36004215905253784,0.13759655659559678,0.015037234351919457,-0.4098023071971813,-0.16480623903047023,-0.19700393536325078,0.15340367569434785,-0.0888867242961145,-0.22596560451939302,-0.33506130942283135,0.07511133280202324,0.12908699344430807,-0.1025035835957476,-0.17618927088361414,0.029059084645153492,0.001777733064489057,0.2879907833441036,0.015635231772279344,-0.162259256380505,-0.047998814235586745,-0.02162958337249032,0.3066678497096265,-0.017676025084322554,0.09131108757101603,0.10554774386974623,-0.29177167817780075,-0.09704934371636686,0.09963503656432669,0.06692626773664895,0.010600801936376782,0.12246190683665205,-0.04614656742171621,0.13806078820979298,0.15259463670990767,-0.0033021378718726996,-0.49347216420734946,-0.2452930946139204,-0.3387180382253664,-0.0851466983597975,0.19500428953936275,0.22486045168652538,-0.045135283545641385,0.05728932085704788,-0.042469926648699106,-0.17057855691528237,-0.10426237474027643,-0.5061354765579805,0.07560921542945465,-0.42878643713364134,-0.34262073853074837,-0.2209475170029012,0.10881368143341744,0.033916436344977235,0.18819647893492633,0.42214487656465427,0.05780334749083786,0.4674216869190007,0.19973091923512243,-0.28956576652018434,-0.34532630068484815,0.061530713006208965,-0.17573151275106963,-0.4645372678486777,0.041743082610986554,0.3711097154197366,0.08052137320053031,0.07317758966476659,-0.18624416601756447,-0.017404872224070573,-0.18813107596745535,-0.20314169642088614,-0.20591679862392462,0.3011285901297068,-0.4344148286079771,-0.3513235780606636,-0.3143851543698223,-0.0628984207791306,0.03449337464128769,-0.02885397881244721
-0.18506296868073832,-0.240585037706988,-0.04591774127769218,0.25953027671739365,0.5344235123096849,0.6585975389899253,0.44216360880685096,0.6793680007060345,0.3830679967601428,1.0,-0.16153079567543766,0.24342731793332256,0.17241655453697052,0.5093299090833164,-0.23626737269536235,0.3484900829897149,-0.41941058207545723,-0.10093124494394998,-0.37406567801977375,-0.26096643313836954,-0.05317818505780974,-0.016797470000488746,-0.16876139741479312,0.05903905119469231,0.1967255331314653,0.16865849839335664,0.31816306204123046,-0.022344446058880283,-0.10733114468885456,0.04700261000991639,-0.053058501387934984,-0.19563130849354965,-0.12194419020866336,-0.06350491373959606,0.036107879269134203,0.01822172870941465,0.042456542431821946,-0.19131205234107765,-0.31590884821262444,-0.3118831198074501,-0.5448898811394574,-0.4065506109531797,0.15160872451644516,0.18556506278615373,-0.12889043141683415,-0.12508288721187116,0.10929520535064823,0.06636353249014722,0.06528782295020925,0.05130319281221754,0.07280621641546237,0.14956977322159856,0.13980923508357115,0.04778527230288261,-0.37407213712709164,-0.2696846459018698,-0.21380966962746584,-0.47910967734961857,-0.037906588077424426,0.11369160415765728,0.2115137906199462,0.44305216094030836,-0.14185000556132982,-0.09472023573850089,0.08927493775283538,0.31091085589173983,0.032956540948673056,0.19411779824201075,-0.34571773869193867,-0.12750018905550356,0.06904759170337481,-0.15287894031206772,-0.26623016068471567,0.024070020963296926,-0.4113668828481724,-0.12477813431505634,-0.2227853076846635,0.1585240401942883,-0.4470767561049139,0.06712761456974024,-0.14569002060349523,-0.06371129113268638,-0.403042166707957,-0.3175424762338299,-0.0638481827080963,0.10533792846915103,-0.31574862421263844,-0.10995512237297077,-0.16536306878724488,0.07385871230809395,0.37083991466942745,0.20864857309919438,0.47141352577108164,0.2178340767248786,0.28775155284446297,0.021553465984161798,-0.48602928227413644,0.33329500331905076,0.019989856093509874,-0.27462763031239373,0.3224255402679641,0.10729306543508627,0.4069742687166381,0.1787221699528306,-0.08400930978747544,-0.1376221298467668,-0.2932795594135066,-0.296584119535191,0.047117131627667425,0.30327277110043577,-0.25271414373562195,-0.15028238395967944,0.03948967093853723,0.16074548073444894,-0.12031115896813402,-0.053719583800152786
0.5826786473869461,0.500844248104073,-0.14532072488108477,-0.3803507108387839,0.07256179316319607,-0.2420601275366584,-0.16047599151632777,-0.30793467823917015,0.02368852566468652,-0.16153079567543766,1.0,0.21323996176305254,0.4630147383470651,0.21705874332677452,0.4543718556096756,0.3572753497316971,0.40209915341544394,0.2273810008570125,0.2144131960633156,0.10662429978378894,0.10144117752739143,-0.008452396194753764,-0.14320559670696106,-0.34918061255480554,-0.14374760568113398,-0.2510168433378781,0.15893040891739577,0.006626021801617714,0.32354363683072457,0.17350150988351648,-0.31924047696242724,-0.21176646539664962,0.19662127016245168,-0.053329254265601256,-0.19640845935694082,-0.3495861014462833,0.12075679860873502,0.022426519526164857,0.10502492699606443,-0.046199849978475246,0.1660428278995287,0.12667095329083586,-0.15343433781859284,-0.06452084763130805,-0.1457379097524328,-0.29730645667222805,-0.11043906367209003,-0.23118715374932136,0.024358490591856817,-0.041296347951367725,-0.04554990077054279,0.13458424427666024,0.3134610173410175,0.10822397178856355,0.296159385947023,0.18957752592790394,0.27492669750760285,0.39126764534621983,0.1654157328895665,0.06437606613644234,0.4511157348108015,0.0353551538168632,0.36167505433307806,0.3750215606245405,-0.16449096060500312,-0.3456328272059459,-0.28154223321782734,-0.5370502739935727,0.08511327922805616,-0.18669027457627027,0.030970926443469896,-0.05061726298060442,0.2392220296377053,0.36527041160280516,0.3273383611378157,0.2906687794333903,0.2503483629395461,-0.055535798221205745,0.3672548996319444,0.10191492781457753,0.2878653912350799,0.2309893279531159,0.3761790249797629,0.03043125425571771,0.172051345935616,-0.0038993807044945495,-0.16826296053684445,-0.2457393421728203,-0.022596031035402035,-0.020389889238126572,-0.36348354017323486,-0.2717389521092922,-0.4933053982794397,-0.18816741839837958,0.01384323508416835,-0.16385894007427973,-0.0738558130923714,0.05716812211158466,-0.22929965259503426,-0.14351133172461175,-0.00965386073871491,-0.17131314305295806,-0.31105086413096017,-0.36788519191511604,-0.2435077635495934,-0.2345095662519971,-0.0033782621953451857,-0.008535401640683291,-0.1725672813572434,0.024217880433511963,-0.12396311118089909,-0.29599553656318034,-0.14465086504920865,-0.17467195250143203,-0.3048983656858041,-0.2727162868156658
0.06873864345507734,0.0584033417552375,-0.2897422895640001,0.02310102999240432,-0.1537636783043456,0.09092414853107776,0.051889924519584664,0.2273621580592387,-0.18340330079485054,0.24342731793332256,0.21323996176305254,1.0,0.4109298599499968,0.7014882512308019,-0.019994063274658563,0.2993100947009516,0.12326637214326198,0.3776488183759666,-0.13289077631106438,-0.31066475281307754,-0.4192820831372639,-0.3338432099060423,-0.12488087752582264,0.061382623374363385,0.2125131160644891,0.07847342350456604,-0.12095862416484776,-0.1488978634856829,0.5826458978211673,0.6553631695345433,0.17052225143394587,0.13526384315031686,0.4056187237155057,0.05143185715331914,-0.4701503909959696,-0.3860542881368287,-0.06685635029750799,-0.0652610808229984,-0.4020601369964977,-0.4443472420674978,-0.05498145828093013,-0.3769888571377959,0.19922999028293353,0.18508812945402403,-0.16251987857537106,-0.11669314151908901,0.4709850961768062,-0.24196484391203832,-0.06972484994594112,0.0407297652307692,0.4858152913068538,0.15056198926583841,0.32768166456375836,-0.47678587990727683,-0.3788506621077539,-0.08920112118614036,-0.1377099276038125,-0.3387988488587872,-0.27710880020916445,-0.16116115333981382,0.46948860710901835,0.2654880837872484,0.11294142306333865,-0.005005856558795815,0.2588310329144545,-0.038891334731426114,-0.2631593564121767,-0.2735722362448245,-0.4861415273024834,-0.5388093512266706,-0.23097142066584217,-0.4540046526462008,0.5945767520629022,0.279327824039767,0.28402829537062535,-0.07708940027964967,-0.2572950193097102,-0.19712195801153276,-0.06663364628436179,0.3010923068737766,0.006271932753739265,0.37733267239946694,0.07589336841826322,0.15205782943961804,0.25563276794027123,0.5385373647838991,0.14741234819893986,0.17798496727965013,-0.36847095164349447,-0.1013635200038771,-0.16725395917342534,-0.42934062804384787,0.191221821675514,-0.21749304274114795,0.28311300366861164,0.26785152362139264,-0.23266442791923125,0.4743902507004308,-0.03997171687726091,0.10140392862181119,-0.013284758996738786,-0.24125777702720896,-0.01321384645721906,-0.19016814611161761,-0.30652220990293466,-0.5036581620455973,-0.22619154345780224,-0.2573205424899637,0.17419675194861828,0.2951559188282305,0.1613105397695127,0.14324084783431476,0.1911254194666248,0.33692889386377345,-0.34539262510542623,-0.21131814094692855
0.229103014961946,-0.07093315420071725,-0.030354556219090008,-0.20077645118003057,0.08934637849416245,-0.04922361552599909,0.2544829753712906,0.04050964908659602,0.15629831243136288,0.17241655453697052,0.4630147383470651,0.4109298599499968,1.0,0.6453555561418982,0.282254855555071,0.48099679249126204,0.0048397587480853285,0.16197182692699008,-0.02067695424665737,-0.054749509546153714,-0.48722124779111,-0.41852569832627395,-0.16405428868598104,-0.24469365474678087,-0.01839542930484117,-0.1663974334520272,-0.12160938542089152,-0.19789519785647167,0.27653385298704297,0.18519478917520574,-0.27187717014737967,-0.3703011420860936,-0.058689580112791,-0.3938580412173392,-0.2521972167780704,-0.29572816746042047,0.0866669780832339,-0.24709312635189842,-0.13789576025759068,-0.13195846298609631,-0.14563223737464412,-0.27619308983800317,0.04705070235902839,0.05974970318678405,-0.1321036896392097,-0.29731963716465737,0.1701202780742129,-0.15057950955121455,0.18666644785292738,0.028343241695583405,0.22837788519210062,0.24854679902409896,0.2605121877041413,-0.1542094587094742,-0.03829609986249153,-0.03528702985829228,-0.01606193897709927,-0.13824407638041278,0.1498399685602248,0.04211331547057414,0.5454303380354931,0.09776017123901215,0.12910185642201127,-0.07288202537833044,-0.11963779120166021,-0.1819104791870781,-0.17873380597774147,-0.35303743680264466,-0.26085242668320124,-0.10505299214881526,-0.029014058560675418,-0.3041059006592926,0.20899212980802023,0.016411234313907227,0.15774975530897722,-0.08371880724562769,-0.1989104193110472,-0.11688768698488926,-0.07607095609212318,0.1319736525511963,0.002520582924450281,0.13941701120737632,-0.029628420028196597,-0.04875078595019987,-0.11534736787134885,0.08789358839156727,-0.06109189428067979,0.09481815317523849,0.0071233723039331445,0.07861171857800694,0.126479501702056,0.0318175275174921,0.011280272255138063,0.012165303577251414,0.1684085896592538,0.15669553279804208,-0.032664965028559624,0.19030847120282993,0.17105043895229416,0.019567919710532948,0.07265683524468415,0.054609383576568526,-0.022190905414163943,-0.14402365901480071,-0.05577632988181417,-0.11925082591711497,-0.06768420956622027,-0.06185763813499379,0.14106892880244137,0.22327420802838538,-0.06375423936048433,0.06296824213738997,0.09641544795985325,0.02736492224791955,-0.14528960216050704,-0.14874125891449502
0.11253861950165375,-0.03873680547527271,-0.3111421646700156,0.012316592823012498,0.08665013006364065,0.19241182121540917,0.2630388963977036,0.4358112921517635,0.032148893895912634,0.5093299090833164,0.21705874332677452,0.7014882512308019,0.6453555561418982,1.0,-0.09776609090367404,0.45053454265298315,-0.05707347825928909,0.2556591284104118,-0.29519027615358606,-0.19861763337990146,-0.43886884673166,-0.3698568847951432,-0.38866189611889296,-0.1806818364830914,-0.023677428254602,0.0226171186030122,-0.1624201060872755,-0.36953092802177867,0.3222698213007522,0.4509793809960022,-0.07050952919326854,-0.1930821909720695,0.09985989164708517,-0.16095773531809923,-0.2778499250099667,-0.2724126588260184,0.09460913452584424,-0.20342776274383914,-0.3954861000317985,-0.34806963463347096,-0.27268887326718333,-0.39151481558846335,0.27297670896775283,0.2248847090738872,-0.02433055899079154,-0.11421885032571905,0.3473499329933212,-0.14863288130627417,0.15809012020760546,0.22111369826565916,0.2529393994344242,0.31838102964935866,0.3453939452092245,-0.2865765484828078,-0.33133949312588684,-0.10306915374484951,-0.13479506810996694,-0.3883010303338516,-0.12085614021069196,0.06645179838440829,0.5264544834908425,0.4671711442044101,0.10791708518789331,0.009462085610497358,-0.013814850273283887,0.07209813690517541,-0.1481375763630018,-0.24896038897620745,-0.4398455950075155,-0.35613362510080915,-0.024028581622410464,-0.2925151694384227,0.23171227244047787,0.20635502891307844,0.0033905390819408566,-0.06805406366488591,-0.23797778150741106,0.033998425225807795,-0.19607602350418551,0.22898358608377814,0.07657087794166192,0.2232009948915662,-0.1973873018501618,-0.08774236366787837,-0.04824548027072281,0.333100343781156,-0.0822178817499929,0.10545147915911868,-0.3024230963640606,-0.012181875614818063,0.16235542907841535,-0.07048767154999096,0.18578204958208822,-0.08906556388100799,0.3179683584529876,0.16804617619230508,-0.294637293472644,0.4537370854499948,0.07483351363188709,0.0011738903602208724,0.18695744450199023,-0.05727643257859091,0.19663655145579187,-0.09973227846679802,-0.2418367053673547,-0.3898324678552541,-0.25468962996655276,-0.2811692828353591,0.10536469961456098,0.3641277310637665,-0.1470676969298257,0.006068391726036457,0.18335467626450547,0.18717931052792594,-0.3323946462080943,-0.24358252008464876
0.20914603007853022,0.2041567374430324,0.23560499109383587,-0.2963967928308815,0.15190907681575921,-0.22287071052661622,0.02773850895713702,-0.3286620728249952,0.358326835780762,-0.23626737269536235,0.4543718556096756,-0.019994063274658563,0.282254855555071,-0.09776609090367404,1.0,0.39937516732480605,0.06271569891893472,0.0011745338976060587,0.24262629183969678,0.043840728187468,0.07639330464535604,0.10988151343748641,0.256171026509832,-0.11603269144342587,-0.15249732768077826,-0.2293295393324931,0.207120112352792,0.13436742903612586,0.04932811788647029,-0.082939134798332,-0.369660594857796,-0.2545598875349971,-0.033853495348348486,-0.12893894599562555,0.02480604850183819,-0.1059049607345744,0.2096522549189423,0.004647975443114278,0.28028533399448463,0.16649356739486657,0.060986193035126084,0.12233385889908475,-0.27739300814306866,-0.1895961506876279,-0.12111142768950676,-0.3440337267472737,-0.20830273694833332,-0.14494646396625235,-0.007271065008469301,-0.1503356898321025,-0.06584302586885725,0.06000790132561873,0.14950104064268585,0.19591928147565735,0.2774217415233071,0.1343846586709995,0.13934852890529278,0.24936574699892097,0.2944143171361453,-0.20913208404451222,0.16238890873324216,-0.23126238173321814,0.05265128768812468,0.04027444365914599,0.10597934495864228,-0.3618467457291799,-0.17609376058257037,-0.4172123051677892,0.05326928344957194,-0.05421412519528363,0.02660209106321818,-0.011472343994430109,0.018276103457829818,0.015476414024086081,0.2463968460064718,0.09733192250697957,0.20466346092759208,-0.09525652472891905,0.21285010724921927,-0.06107871392980382,-0.002419323527401329,-0.013281794812491473,0.5620376786886399,0.0001407301299429803,0.24012025773002085,-0.2572077810412665,-0.006649549737636109,-0.24739228540431576,0.4248284325987782,0.10773920995546601,-0.10982842418104458,0.07963786357909401,-0.20846925993959886,0.19959836964588856,-0.055932085056907235,-0.07637853308143053,0.036679908372886295,-0.06234430297864845,0.04309757742548062,-0.0003757997659510674,-0.05913596147927502,0.17365743108791307,-0.06033514231535982,-0.1684145830008465,-0.20200453259254958,-0.10296184080498191,0.12662433887425953,0.08843231818532112,-0.12304195857959137,0.12274196587689379,-0.01628298381259224,-0.08747277500201664,-0.05906941107787262,-0.10844774356115522,0.037537224871306785,-0.03062772952339616
0.07569375789763015,-0.010266759560229316,-0.14352053559332892,-0.11982751734535606,0.13960639572738093,0.34464387800753793,0.23157162139247156,0.20678989314275306,0.23080022792603275,0.3484900829897149,0.3572753497316971,0.2993100947009516,0.48099679249126204,0.45053454265298315,0.39937516732480605,1.0,-0.226905515982919,-0.1389275647220776,-0.20113845045110623,-0.35194109972794657,-0.005380285571516564,-0.2304213992621319,-0.0031922377510249264,-0.03729520559464323,-0.2450094793205981,-0.20840006562953683,0.23291604336076493,0.1425433593597781,-0.04660516885453961,0.10644424062767537,-0.2034257754317086,-0.2932563037260469,-0.039255331187482735,-0.09596962134458195,-0.2841358533282366,-0.16071552983034224,0.23894667186414606,0.1770496745910587,0.046477106073903506,-0.08641343972394841,-0.18041327188958528,-0.052966929967803375,-0.02116317681541934,-0.01875588442920812,-0.12134541010514244,-0.24163488563575058,0.008112261776481782,0.04997033468146137,0.23319263614532681,0.05079654108119986,0.027075927784629843,0.19203061999687032,0.4365426721572391,0.17409857763966133,0.11295270592658176,0.1459224667333444,-0.08467820074576331,-0.2203907962674556,-0.015153960768505,-0.11247390178367041,0.28543162514420534,0.1750955325757515,-0.05319600702142903,0.045359796925975374,0.0008510091737468856,0.013825790581864828,-0.3178600128602506,-0.3233322134284474,-0.20064517730412382,-0.22882860234360197,-0.04668515185506717,-0.028856552332386872,-0.006929348792497227,0.05932064127032174,0.059881298682737616,0.012277116356535889,0.019204748510369546,-0.1980223047694827,-0.17048785050012275,-0.19924566437769511,-0.1036911070684774,-0.10340049902083799,0.10557515194721312,0.027080180738882794,-0.042525402337176436,0.06175679345486416,-0.41426146582986867,-0.38312605953932244,0.19674289679345516,0.25736364231212644,0.06498172370388208,0.03334429515152562,0.12803738650598157,0.08547759701060588,-0.045333478503785225,-0.0856813994799074,-0.10208848343456228,0.07231514903261056,0.15372983250313596,0.03748873647733895,0.34495819385854093,0.042354889662196804,0.1522442527230727,0.05137584533876441,-0.0653137138112331,-0.2242993219824143,0.11301367104184977,0.09967655899512218,-0.16251610552715987,0.13197559920703272,0.13864549633707746,0.06423155459983837,0.07550482797492515,-0.08672540007756611,-0.06746387876696688,-0.057579781421121794
0.42421667182640294,0.4365425058938123,-0.28241315369106196,-0.30245289685138765,-0.28623783712656803,-0.4420392264142644,-0.5255617886494155,-0.48270813260440576,-0.2783294586401083,-0.41941058207545723,0.40209915341544394,0.12326637214326198,0.0048397587480853285,-0.05707347825928909,0.06271569891893472,-0.226905515982919,1.0,0.5975115180670969,0.23840265199192834,0.29258510155204676,0.028554857791351286,-0.07289673622047062,-0.24559335535150217,-0.37027583746731646,-0.04862643977754066,-0.2127492278559864,0.02958148003316254,-0.022789173551337524,0.5662762556956275,0.39359888800028797,-0.15580598954781683,-0.045067688325141415,0.3062899655674084,-0.011441807935335262,-0.2609299375000614,-0.4213398996395217,0.14900598026283182,0.13451692420231018,-0.06836460983694444,0.0567033552785088,0.4652037177341195,0.14813667083264942,-0.1609222421118888,-0.28909427343493416,-0.28023014961188836,-0.22769162273779683,-0.017241301600109407,-0.3659464666676943,-0.3252116179738338,-0.23307607524337673,0.06330388046320715,-0.15602378927604013,0.03271733502138023,-0.1692859216447054,0.035196387147667985,-0.08484943123930865,0.4364113965677326,0.5087196474177654,0.054129570090599835,-0.05341367969924223,0.15413574334536922,-0.22365655928152908,0.6631848181985689,0.5191212063247779,-0.2550015714198982,-0.48950355097581094,-0.2999536925120792,-0.4872207589725707,0.24897869510449439,-0.05779513250400596,0.13374987711621825,-0.08183093305319235,0.5930803540972495,0.48618394221468847,0.48068796055694685,0.2316044506562045,0.24021045826281878,-0.02382060594642708,0.7218634262537352,0.3325382140027594,0.6699633275391673,0.5753450109365815,0.22027137491336143,0.19072435058584647,0.07233219867177529,0.1564653994879564,0.08007967789507621,0.04577447739505524,-0.17300972497873057,-0.16624474000083486,-0.2964859340337337,-0.2718797497457774,-0.4172174698707813,-0.2538332244274469,0.006212690468024498,0.17766569315069208,0.06452310756112643,0.051867788751042074,-0.17057493987900593,0.12945415863972037,-0.07588243605016169,-0.06778302029182112,-0.3018284082461676,-0.25705746396847684,-0.23876844235955058,-0.14919632657269244,-0.08247404673735007,-0.04860442822608391,0.05465040995204259,0.027359416010237687,0.049555951633981826,0.007199367693478273,0.14350667680260068,0.02564159721309968,-0.14722046230613847,-0.22689380044012156
