1.0,0.45806271165367907,0.022453681835331175,-0.05240552008580979,0.25735365688596357,0.08575076655532869,0.055098791750693585,-0.2199405410405131,0.19511996131808218,0.07619927278568212,-0.12282882093440166,-0.177740809142289,0.011022509775936903,-0.08219737889590653,0.06146894259900287,0.08051683085759474,-0.16364260108638234,0.0026648615481518014,0.369973479081587,0.22821042038215134,-0.10484227440927157,-0.1747051922994188,-0.16949666067671315,-0.3370714045480921,0.0619375618659796,-0.09587483677479901,-0.041547253812863935,0.012737351068122472,0.09979817727271213,-0.037291556746581044,-0.27967109447465704,-0.38197657830391424,0.1951132921690712,-0.17761730172287862,-0.2649263453089804,-0.2614687325743578,0.09555044737782697,0.037524402788480404,0.034050516997003115,-0.09028999752455776,-0.10245240907123256,-0.1327784787526249,-0.19834738951496142,-0.13525748688376318,-0.36545218144107217,-0.436998903968684,0.13360802135562894,-0.0871076781535217,-0.13341504830573292,-0.32851248247886317,-0.06704783994361359,0.02257383658601768,0.3940129331604212,0.19028196404377487,0.26747454022499634,0.19856132761175166,0.5013281275286963,0.20534253600275507,0.31734054809246237,0.3054650032674861,0.42813783888619156,0.022605330170496263,0.21132699317584427,0.17670157367685857,-0.31855984960318856,-0.4692645321999714,0.07274945785266757,-0.4198843380693225,0.30021273457882214,0.12795005678971072,-0.008922599800036962,-0.2161461617729238,0.20386270994616176,-0.10849232017891881,-0.015792073117922314,-0.17658405074446532,0.16006586832630892,-0.11680904230467896,-0.19201209849763695,0.07357085483397924,-0.0672815501583956,-0.03812172042920551,0.10130617199060946,0.0882409321224061,-0.1955329888348578,-0.07983151662922815,-0.09271648643994956,0.0149752142991875,0.154584280616601,0.2676695965366658,0.14175041974701352,0.18173612665149316,-0.09145672178024712,0.10670733130265546,-0.17302497791479407,-0.1122350244535467,0.2705316800371665,0.2794863228242945,0.43006871649893247,0.327666406916002,0.07466213794083765,0.13801519880803848,0.13144091154765408,0.1744307151527481,0.22475731928132217,0.11518643765723374,0.02058364574864419,0.051525075239892824,-0.10009163400664597,-0.05743396401828188,0.10166135939630246,0.3713382361946586,0.29674129613303035,0.039630922444157606,0.17823382782314304,0.13004261320385907
0.45806271165367907,1.0,-0.09801802275349782,0.03400999910375919,0.25059395510634047,0.143503118628119,0.09538537394221133,0.1146963390540566,0.08067055884372218,0.0550273622218851,-0.06638211696213493,0.1439015496759259,0.29404884048890495,0.2831158862321638,-0.0805653978360213,0.09688240348872747,-0.2877431027474406,-0.10569069332795597,0.07040442136238755,0.14726608540603406,-0.08414738026815924,-0.18540395760941544,-0.2157423258999405,-0.37942913518249605,-0.09211275108609958,-0.18880966181641978,-0.014362754568189504,-0.1674144180513145,0.0060137067880156264,-0.053690797727530507,-0.2820882824116562,-0.35328025512726474,0.25380186019816997,0.12442859989288613,-0.296193052634404,0.004003449913111185,-0.22109931281285766,-0.06669236248310913,-0.20009929561183015,-0.24960217017397218,-0.16628455278437584,-0.13540549526417298,-0.266701858802459,-0.15008282499970915,-0.19839410657930953,-0.19516879728823483,0.051410520722649906,-0.118746654276618,0.09823901332121682,-0.14725206221559542,0.053062890237850456,0.17194061086838494,0.4653895994133075,0.22083703301006435,0.09562129405993097,0.08796740667264033,0.09232555487225116,0.30614373939543965,0.525775573062147,0.529494116359631,0.31733792454374166,0.2996736729234785,-0.050345960719338376,0.21876275280294752,-0.42763839716572183,-0.18439426238137913,0.14287167820670332,-0.11065777098878318,0.13679054600129614,0.1840088758809819,-0.046374802442490426,-0.21982101103096308,0.08846575037627771,-0.036862956859310056,-0.04646662654418457,-0.2606249073156793,-0.028752226973045546,-0.350293123437063,-0.2276069997444785,-0.0967568737141927,0.0003679472581435663,-0.10404789182258198,0.11134080766745418,0.1405603700986587,-0.24739528105225353,-0.011093933411817405,-0.21423357389893233,0.06532833174976004,0.08664632328673627,0.23363905569690332,0.04981370933062435,-0.10283739761467812,-0.1782957840824297,-0.2470057505473308,-0.1853267221991519,-0.30581033607399555,0.11102142537817349,0.04526439279753313,0.17946138593927638,0.07826457853101756,-0.07408036068041778,-0.05316393489962124,-0.06619455618504305,-0.04397310785956233,0.15929717245864516,-0.010065480171701061,0.04078498332623488,-0.11942205818233842,-0.26725296935369397,-0.10653001466778805,0.17448522107596304,0.2168028035648012,-0.05077844782756948,-0.12129247987002632,0.08555528589007402,0.24442554934798408
0.022453681835331175,-0.09801802275349782,1.0,0.11531447420926304,0.26925961732083037,0.3046638093207218,0.6908737352204002,0.13092934198887896,0.2218593084575279,-0.002948187861118108,-0.26407053671440345,-0.2462936610155135,0.03678346402150804,-0.15915936790522647,0.10623394585456557,-0.1679997307247519,-0.15157389959553053,-0.08399114827013594,0.39456726542287535,-0.10741050125804996,-0.05564734820495328,0.049320518883888706,0.5996286366876077,0.2704986183235498,0.36895429451885575,0.23610835179800382,0.21834334190866736,0.3838270325646503,-0.29572429366193476,-0.28546395278315234,0.012873883888454861,-0.04897716934684015,0.09075730775580904,5.779638425338467e-05,0.2617009117943928,0.10797642211654414,-0.15208388488253238,-0.31032422879586324,-0.21027472241298578,-0.22573402372645815,-0.20119544157167293,-0.03937627541751405,-0.26082861269430746,-0.3329533804798803,-0.2772038182152238,-0.15795416310149807,-0.28539773010608543,-0.25651913502256485,0.05073821624773934,-0.2948007219246492,0.04543472336120913,-0.05334065472043326,-0.2515027302013279,-0.18564899670596166,-0.11041718699019705,-0.1897075572299715,0.07675929531140101,0.07260141060253276,0.0953523118778896,0.03092010640216832,0.19067033667860797,-0.18614691729407562,-0.2156267252554139,-0.19077658750503387,0.16251146019904644,-0.03247374443968873,0.24264437948136264,0.07284865883531227,-0.06283262674451688,0.14270058597152485,-0.0075710496655597365,-0.13746170846781783,-0.24382295984359398,-0.1921570631213275,-0.21324596682524574,-0.15191594051138174,-0.19310750012825834,-0.18800272569813686,-0.03169081075991544,-0.02434738357451313,-0.10950090874874957,0.06301748131475185,0.02911729931119959,-0.04958348364546791,-0.09058617282982426,-0.2150231937549981,0.14788334122895816,0.023763620163364835,0.348094377778139,0.10740464585633991,-0.08253707179340035,0.3747915359550777,-0.04438582972390212,0.2955586400979039,-0.1361935283383301,-0.17877292162731345,-0.20645054361523507,-0.26260251097728754,-0.2544151738294297,-0.20428087364992156,0.04808484235701545,0.23641365435038483,0.17053295026844073,0.25304320804619906,0.12084918738799807,-0.06458871440779015,-0.07327890078461734,-0.09980091570965376,-0.10110024948045426,-0.18017421592657254,0.03316334048887464,-0.33779533530120764,0.055877686462906,0.14506053279124273,0.10373789863913006,-0.09245812247800594
-0.05240552008580979,0.03400999910375919,0.11531447420926304,1.0,0.03903288025670813,0.34296117693740535,0.09670049050022529,0.520112331594709,-0.07276752508984546,0.3640742874291979,-0.12829779942551253,0.1350994769541704,-0.1414734237345535,0.12213355040800188,-0.06937148571080791,0.2883075754144226,-0.1133218343775177,-0.25759848181688266,0.04243334866421138,0.07437012142872233,0.11957716129151108,0.1601494274907822,0.08107839463950253,0.2618399476955974,0.07781901564355852,0.13171678011799431,0.28766889972399096,0.30759582313149586,-0.34351624299017747,-0.2959778845710374,0.006309917080380082,0.11258082440333826,0.10529861996895494,0.20491700570007726,0.09637407891277877,0.15424997337175075,-0.2096378917920269,-0.10188649647638258,-0.10436540421349604,-0.08594205030120468,-0.16943518009220382,-0.10087801631159023,-0.1013185826755424,-0.10478684017346482,-0.20829130901355847,-0.12306807649146186,-0.03802861215316818,0.09922640655279354,-0.11463746921118122,-0.1345012860857041,-0.22817525898110086,-0.18434225936830514,-0.18899885920552056,-0.2460166988560744,-0.044357110513898776,-0.10000844190189759,-0.07028472200194598,-0.1778388858377134,-0.140418522498829,-0.12054242735733064,-0.0038003319351842353,0.28770523941256204,-0.10184460058840736,-0.23286416751618508,0.07544509945426327,0.43652974637567676,-0.19127012981769703,0.04008956016824546,-0.10944519451042367,0.017957335144570253,-0.2929675427645757,-0.12103198447857012,-0.3828544904657491,-0.2945810070940051,-0.2804999055115177,-0.22948284792575807,-0.2634782753536406,-0.0447783424427324,-0.1525883574469836,-0.3302871964744424,-0.2394100243903244,-0.41869234937623206,-0.12154791606072723,-0.03982384459273634,-0.09872277129609919,-0.03217785622194237,0.02399323906626254,-0.07782283047874877,0.18920024830671725,0.1898566757320196,0.338024698048959,0.1973475913283137,0.3233291075589047,0.21995775616632288,-0.16476331617447154,-0.2266900562454061,-0.04902047684210532,-0.2554197399341276,-0.06456895756871155,-0.10286821896490883,0.27177427008915866,0.13703432380612054,0.2001989764755592,0.1336988327900771,0.0507720686166518,-0.20536202687721264,0.1428094063687553,-0.044561248366116246,-0.2083058789724127,-0.09743292893053708,0.1968199816624214,-0.2749478564344207,-0.060087228148921375,0.12940736668983877,0.004870832158627428,-0.06335698554624047
0.25735365688596357,0.25059395510634047,0.26925961732083037,0.03903288025670813,1.0,0.4023671786518862,0.4470620288139095,0.07088792092645069,0.4334502825235869,0.45482219826513925,-0.07580488761781358,0.0719273081980188,0.3650965653644608,0.34176279591832026,0.18816659358580337,0.40322721133732486,-0.2551827989778974,-0.07879088060657617,0.14599454140729412,-0.05574698855943587,0.0346137293075647,-0.13078914123292001,-0.09411217936040492,-0.29749505272917365,0.2029416581147164,-0.14139516507847297,0.3266020218112121,0.027980958207390383,-0.04011685586724095,-0.012873975093699067,-0.2662560575340567,-0.41510465962371856,-0.04064929420439826,-0.14547065130472064,-0.18026050276816308,-0.13009429409457113,-0.1161229673825322,-0.10322537235586791,-0.24330231404881372,-0.3042308045712239,-0.2803040712383179,0.02564795975485009,-0.09327725931933846,-0.11870801300840879,-0.10922660179768819,-0.13073091598945394,0.09796854555692164,-0.027999535821336945,0.14373514113362748,-0.18827943990345977,0.15172071093043113,0.07674282992290238,0.22064061144697789,0.04495649683167409,0.10380383353514876,0.14968410690625292,-0.039289337106484495,-0.0038423901029401987,0.40270590552395674,0.21939513977480027,0.3304296225252855,0.1675333648461202,0.05436017941583641,-0.022727613740962428,-0.304317879150215,-0.27214154560663795,0.19316997548753354,-0.11303947491667084,0.04724791850034728,0.07704256329200718,0.04236967393650133,-0.23144695918478758,0.019047140488868283,0.00012987766381410834,-0.09078175564145435,-0.1888617314108021,-0.12199082712023918,-0.193941222292461,-0.22659915706645167,-0.0562918697223454,0.055072116951282835,0.11401906937804916,0.2353819109259925,0.26228275133939555,-0.26675963439679035,-0.04945275262700825,-0.0933299565540183,0.0815872304019059,0.30953345568754836,0.26248331527928837,-0.03170591926702345,0.01248876326740243,-0.10394751780777801,-0.12015158590323621,-0.14892538679416384,-0.13409117231133308,0.027137856480824698,0.06912725450687951,-0.005586530751054025,-0.057231627553005114,0.048284108642165,0.05349286657053581,0.12389519350231662,0.20289954421181716,0.325490475818528,0.14749606313441457,-0.07176913838537327,0.029425566593343687,-0.11432263240246857,-0.19038213505568022,0.15604823493292078,-0.03985343499404464,0.1024255673098491,0.08413139186993558,0.2569318294349427,0.22401083704420208
0.08575076655532869,0.143503118628119,0.3046638093207218,0.34296117693740535,0.4023671786518862,1.0,0.19081597923834953,0.12863796335200328,0.1559537663267007,0.320324934231666,-0.2882430808308977,-0.09657934212756601,-0.025517935010199413,0.045050443997157893,0.0242807068776528,0.24753697620959114,-0.3585369894064862,-0.3280228628445914,-0.05673791278715201,-0.2028145811006173,0.05031332804182922,0.08720638319093142,0.22740756307664217,0.12538989322409794,0.3753385995764763,0.2623390055066495,0.45853127733000837,0.5878237861698107,-0.41622012851685947,-0.3078776739476968,-0.3552091074974524,-0.3201344642280575,-0.1793689328529635,-0.2223862052007754,0.20190956000438648,0.21044587703467832,-0.04939680699000701,-0.02611431048460183,-0.24742175391423543,-0.244652347730352,-0.2060982386240438,0.05649880857318568,-0.20376271094714443,-0.18239064224944143,-0.26279274819749865,-0.12212100616524225,-0.056344288918383736,-0.00711636184750751,0.08466724612933259,-0.1635419436687495,0.12604672146176263,0.09778044161927317,0.041415891674265,-0.11454843121305473,0.16098820298009123,-0.0031455630518860923,0.11755209566006933,-0.014463459937927286,0.1828319524844952,0.20632103861237697,0.12278333178547667,-0.010891781630630953,-0.17816557809210035,-0.2995171150970586,-0.028982592669376774,0.07929434724151876,0.11892513059008866,0.06187529850181896,0.05560814174738512,0.13490032815773664,-0.25452436961148944,-0.25368171887081925,-0.38039051731805074,-0.24944089105112535,-0.37512026192871506,-0.23728707338996846,-0.28961034063614083,-0.1650235201300497,-0.244828409827719,-0.2635767376868181,-0.18811785112327664,-0.17437953243929208,0.14911004149995458,0.13587745010438787,-0.1624671150374987,0.15925835589675594,0.0934046160932407,0.22674019699370584,0.5511806426311466,0.5069744058198297,0.23728197604893603,0.26807634388454876,0.18416866799137632,0.21617013296713072,-0.3997439904772361,-0.20824540895652505,-0.0043335186333945865,-0.06766737061229873,0.03181112081132622,-0.08726694333039303,0.1554309683587042,0.12307090785788045,0.19416416954782897,0.22979122161302507,0.27423945986081877,0.15765331757559656,0.10514413892467007,0.07332063899980003,-0.19002227092974203,-0.2414982931403499,0.38254372967346983,-0.1864464909819172,0.04906792191837177,0.14334120003272605,0.24356060046391806,0.16700466142080073
0.055098791750693585,0.09538537394221133,0.6908737352204002,0.09670049050022529,0.4470620288139095,0.19081597923834953,1.0,0.45400511330889237,0.3605336191203714,0.18194644474738733,-0.06983608317276566,0.09266152566849223,0.3657930538066089,0.3061143997897688,0.08065070354996101,0.031051715710425608,-0.2216585325959353,0.03826285996751079,0.26296410398165054,-0.09747342528513724,-0.07989754454320204,-0.21484279340725324,0.14938267421444343,-0.09134311742326558,-0.042243815884486086,-0.0968870152273913,-0.003060747976852506,0.06659428862505191,-0.07244007751511515,-0.10163104839004754,-0.07424252966655569,-0.19533323181190018,0.06429771899151432,0.07349455562888858,0.07670840928566756,-0.014824518327391772,-0.24315085595830394,-0.2785022611104323,-0.2893724307130162,-0.2538075950991051,-0.29790797714763867,-0.07611007510236138,-0.1836543321089411,-0.2705872282857494,-0.1050185230161821,-0.06296602141934898,-0.24398854143811965,-0.14288556233499564,0.07380659559526084,-0.1986370753793995,-0.0771199057619602,-0.15776967314068588,-0.14487999900735332,-0.17572286390200223,-0.23197442568904397,-0.11636970872144738,-0.08397142406499078,-0.0886371869942269,0.2256656017363056,0.03505841217082304,0.2753294130762394,0.14014850462173428,0.012176229524097117,-0.09674923776905243,-0.10575121556444499,-0.07329653565300888,0.22533527125613984,0.09887677246195768,-0.1028978075025496,0.12140910628865516,0.10136551644658903,-0.19289374880707422,0.01955673538235044,-0.10193873231162791,-0.018843440474826063,-0.23632706018379698,-0.26605923681637456,-0.40374123351438457,-0.16853916396761506,-0.1191277558785898,0.03336677657189332,-0.0057832574444924316,0.15191129692625488,0.1809545038527644,-0.26530959235548074,-0.15079962488348475,0.0952675348094419,0.09102774802415532,0.29304174654435144,0.14897154424907194,0.05157198183382586,0.3086828779999689,0.028777346777441,0.12919865208598175,-0.16619162307312438,-0.15488859503380129,-0.31227695739093153,-0.1947220117844336,-0.2429004687763034,-0.16169437794573754,0.12764939051760424,0.13590368554271856,0.20145620587995702,0.15802698183989414,0.14945314862369632,-0.09567589142479059,0.10487998559608956,-0.016656094803535085,-0.08895353603360227,-0.24652706048352752,0.027203094955162287,-0.1296424197893298,-0.024371316599038923,0.09018592660638892,0.110287006835191,0.024927057729024468
-0.2199405410405131,0.1146963390540566,0.13092934198887896,0.520112331594709,0.07088792092645069,0.12863796335200328,0.45400511330889237,1.0,-0.07523947569925087,0.4102017997958531,-0.06234496717704883,0.24419684593284247,0.11769239782888416,0.49786091597021087,-0.31718210978431843,0.0572849950004827,-0.1603488802092405,-0.01408130379244363,-0.18733413323976794,0.0166262903855147,-0.016460753532329446,-0.19096124028011052,-0.16133012466263935,0.022966652610410896,-0.30568172316588643,-0.10858959676523963,-0.13135990189568134,-0.18072754649053,-0.09464322221231873,-0.029926302813385475,0.1293178123238886,0.1518020349977809,0.06854088447724244,0.4140251130663214,0.13701202479686436,0.22536381249973947,-0.3898765809222635,-0.30575316029154376,-0.27795522662941263,-0.19509227291987807,-0.2560883964753053,-0.18252484477645495,-0.1677923488463966,-0.14132051906363632,-0.03645562512058096,0.1258110673630459,-0.2556588359001045,0.031859221638226125,-0.05342608059159779,-0.050370590339907866,-0.2816836627828325,-0.2583825427216899,-0.25933680033323264,-0.3430568004549424,-0.29674229259971596,-0.25803064981952406,-0.23371245025071039,-0.2504011889114205,0.021936294373766634,-0.04543295137744626,-0.022782685275748758,0.40765628383852787,0.012219752986212848,-0.008577783221540902,-0.20104637102544157,0.3312340227985377,0.0360369596236158,0.35372704331302757,-0.2597190776862222,0.041996023241825796,-0.10260434265637548,-0.09637405791062942,-0.049997206111589705,-0.12837221079457864,-0.08190337514368665,-0.30982789653284226,-0.406189306608618,-0.3135979541954214,-0.14724347202213667,-0.2040795058046544,0.0758464229109506,-0.23944369733471932,0.029177091646259486,0.1451320731654844,-0.3011322858467682,-0.14405415525056778,0.09718415019794263,0.021776922398285492,-0.03445295235874278,0.01615167699321329,0.23955260874055637,0.10147857533052097,0.18430716824102047,-0.012652687246670248,-0.15250152380836857,-0.12561112908816702,-0.30971945889163327,-0.34735262307764825,-0.23229483186861807,-0.23601912375158685,0.22745949986212247,0.1454966625561655,0.26892829912443883,0.128739636211386,0.11290364778765277,-0.1243903135976489,0.22370427223607353,-0.08211452132685332,-0.08670872800536265,-0.06555881813640875,0.025381767073983326,-0.2501324475295983,-0.22120229556721513,0.07473821401307355,0.09137440428744764,0.08555009826097904
0.19511996131808218,0.08067055884372218,0.2218593084575279,-0.07276752508984546,0.4334502825235869,0.1559537663267007,0.3605336191203714,-0.07523947569925087,1.0,0.431860392858421,0.10585827570268623,0.055609205556408574,0.08413857436823426,0.06485450258111879,0.6001117668186104,0.3939270360042031,0.23706754548390055,0.008848070135413735,0.25132081385084926,0.020197731981159116,0.021151437226273596,-0.033734752563974624,-0.16975633098684684,-0.401503358543004,-0.17655514869352043,-0.43967160779105285,0.3695143566067682,0.06729720693728167,-0.017222576068202156,0.015371102387008666,-0.11759612727852484,-0.3876460085364513,0.06505123769431913,-0.2867425399697608,-0.1385748908078595,-0.16785732219370728,-0.004466223629773409,-0.10141038171609279,0.047151999931601817,0.031376303460384954,-0.11018339058286272,0.23655471995812555,-0.0007182342624340862,-0.1098786041846021,-0.07738762700311412,-0.13942046805081815,-0.0903969478554392,-0.10549561160484393,-0.007538910272109796,-0.15634272376841674,0.10668083094077316,0.01386863767723238,0.09787868169791628,0.037026582631159016,0.017551028995919923,-0.04613354200918124,0.19489794409747047,0.25048362792970036,0.10939402637572916,0.021543018740883726,0.2561504263132718,0.04179464698225084,0.21720069559134264,0.12347247712203015,-0.08669582242925156,-0.2554866225387822,0.1259929589365692,-0.1361453586533182,0.17644254363997394,0.055397931889030645,-0.0392420266729935,-0.24297581312895533,-0.07922702541786505,0.03409024824029243,-0.032771275280020044,0.05819444226292738,0.06454954075120538,-0.057203955762797055,-0.05271533482653595,-0.1537782135636558,-0.07277418863298388,-0.09889267027996454,-0.09896947106166532,-0.03824295379060223,-0.0519969287988594,0.010814136213568432,-0.2966301763970312,-0.253055704664406,0.15287554644885026,0.06624142683800456,0.10658805599731652,0.1699102904646936,-0.02710104752419535,0.09041620014277012,-0.048448600886190935,-0.05666691272037121,-0.12370354573485276,-0.029696658740234867,-0.006558238996322861,-0.01058783419061679,0.03674264484947373,-0.07561016462743086,-0.1137169681195443,-0.08399581525632985,-0.09888812202725177,-0.14352108680911715,0.03201386706823726,0.08494288131420277,-0.060812586427827026,-0.16880316711241447,-0.009401795042826577,0.022676202281632946,0.11211699390125267,-0.260341446975249,-0.044965447757242476,0.05511345416611305
0.07619927278568212,0.0550273622218851,-0.002948187861118108,0.3640742874291979,0.45482219826513925,0.320324934231666,0.18194644474738733,0.4102017997958531,0.431860392858421,1.0,-0.010864720013652041,0.11146434018496777,0.07314275489657618,0.2672602179478477,0.182222243965661,0.5165467151545636,0.05339887203511254,-0.10032674470196432,-0.023928600963881556,0.1275131968686469,0.07621518566167494,-0.06819144718365214,-0.2768990456505326,-0.233470537866379,-0.06841513296607449,-0.18141155107093168,0.17838004641216243,-0.06974112637820776,0.06257044118956422,0.07595932615108232,0.001485061406728784,-0.08846264934084526,0.027014850369808722,0.062972889508196,-0.11574701273021777,0.08254995147342155,-0.17847504562126504,-0.1818275311126805,-0.14531430490187583,-0.16711691763405637,-0.36444534308065424,0.028542797053593298,-0.14038528364112796,-0.11670373217607077,-0.13158905564827073,-0.11434439784449003,-0.05602777640640237,0.06514470733913387,-0.0045345620199011985,-0.11453827378719757,-0.10044702551003296,-0.028710828037422365,-0.01607448167593438,-0.10525275639326878,-0.07434917216059689,-0.11888272726963584,-0.05392545598235334,-0.06737413012708732,0.019229873376613128,0.05119589155728831,0.0957426660370264,0.21717450305311017,0.1974703629326648,0.05829118015295838,-0.3625774580939486,-0.1497320402114614,0.033869042160407,0.0026442123472120633,0.0380076045800408,0.10253828076768717,-0.10213084241414311,-0.13161826630624276,-0.10914490901018804,-0.02469738043562299,-0.18047024043596313,-0.07535528077935613,-0.16624254626378546,-0.09138814040167743,-0.03327184119977485,-0.15518465370764645,0.057949801161995954,-0.07164070727948876,0.06052018968162979,0.13472544205545248,-0.25393197131644374,-0.15343550464888134,-0.13315105783585654,-0.16436829764749583,0.14192870730281484,0.11919277639630807,0.25289069465226455,0.13078636489829862,0.10520496419385328,0.018194989939854227,-0.2135967060425601,-0.12543954277838149,-0.13165692919785496,-0.16437197747949076,-0.11297795722640029,-0.17605824329645434,0.2748868030239195,0.11832077373489569,0.15606913217476007,0.15723039144270134,0.13645156744212025,-0.09625183678021633,0.1583716020668914,0.03061860402674023,-0.24262914053770623,-0.12373798989157758,0.14652916008022737,-0.15452047005408318,-0.06843218661057723,-0.049858628962388296,0.1526891259746829,0.1996475896414051
-0.12282882093440166,-0.06638211696213493,-0.26407053671440345,-0.12829779942551253,-0.07580488761781358,-0.2882430808308977,-0.06983608317276566,-0.06234496717704883,0.10585827570268623,-0.010864720013652041,1.0,0.588191613272105,0.3658155417377757,0.32429653848078827,0.44295804025293545,0.34176545177226814,0.3891553163589726,0.07963765700555626,-0.06647361796141557,-0.07432882267678148,0.15612468962311207,0.11989370648318447,-0.23787259955894052,-0.108392535873335,-0.42442867944040324,-0.33566534110221313,0.008325925795465747,-0.25908408944618955,0.42752115556229436,0.15785575558802642,0.055986568986466756,0.05675234999305469,0.0425546474075226,0.1711666564986813,0.053482572710450885,-0.003108674369918376,-0.07401409959621041,0.06797247829747206,0.16553228107142293,0.21888048975036373,0.07137427221634755,0.0917585305864236,0.2685915361597535,0.27382656784457643,0.3433413735262369,0.23814654131837354,0.07498480460726258,0.20686003184238141,-0.0972072339718988,0.22154936273214684,-0.11084973527351961,-0.08461457643088761,-0.014281424825331158,-0.06126052507720819,-0.12142420095172586,0.055792446670464915,-0.25009690791927386,-0.09660505863719089,-0.14322335624646837,-0.26339057636485846,0.08477737979826216,0.2602331522647871,0.21258197410635818,0.10404219228965524,0.15140372593686452,0.12778444191058688,-0.24545384250570312,-0.04704916006022612,-0.3277871011702502,-0.41053494541918234,-0.001542991471379565,0.05777395912528562,0.10590776304145087,0.22550807940021872,0.12061105386579134,0.17473621664733047,0.06381960898837524,-0.03501994058116623,0.14483708051780414,0.038083790609497,-0.09383058478749234,0.021956140432346682,-0.276925086084816,-0.011517424499742673,0.2734107773816338,0.16013714987521346,-0.31239921632916706,-0.3342003704204581,-0.24810515059713267,-0.3065000533820629,-0.22976740577351665,-0.13477210977897247,-0.10250676890421297,-0.14973917995569147,0.31751905814094855,-0.07055294283479466,-0.17643592114828432,-0.010106701091171438,-0.18984518631881728,0.08083283177271118,-0.06584109205568306,-0.36732000172656804,-0.39907057137647184,-0.42701216982268625,-0.45935620982403247,-0.2512820395116405,-0.1347205755215764,-0.09411163204841273,-0.03170363131553752,0.1131834989834293,-0.06802269065539207,0.17168932776381232,-0.05512439782810926,-0.3122055515414388,-0.3500500848031485,-0.17400542948913966
-0.177740809142289,0.1439015496759259,-0.2462936610155135,0.1350994769541704,0.0719273081980188,-0.09657934212756601,0.09266152566849223,0.24419684593284247,0.055609205556408574,0.11146434018496777,0.588191613272105,1.0,0.3956552933634819,0.5868864947449868,0.24998750711368578,0.5186127432289148,0.055651653634358485,0.06577713425118838,-0.3397224337538025,-0.08646158289849257,0.2453862444323096,0.1573771033861693,-0.2993244868165525,-0.17886311473742153,-0.35035447628525607,-0.25772022842729647,-0.0418209623429825,-0.24150530349169816,0.2800976076533188,0.27285084005952653,0.011980353631584366,0.08028348660583279,0.0384889107295941,0.2767325872869372,0.07086819047593827,0.10074151706985295,-0.2453245968437849,0.046954957403081435,0.091505104104611,0.09876939983267742,-0.04662154752115952,0.09228400523118792,0.28650263315318464,0.28221652900487876,0.27364883013541424,0.2985152021483118,0.1286915611106152,0.28319994639180357,0.03220685112055648,0.11959034244501057,-0.3008953424263942,-0.07459815554865477,-0.12297087592628736,-0.08251708377007358,-0.2567446482128988,-0.00045240496456613926,-0.2653918581876704,-0.16384345703437794,-0.040588721905807715,-0.303429374331422,-0.09034739015188786,0.38766687407066525,-0.09156310409964055,-0.07669659843727383,-0.10877594997417249,0.18332708368529538,-0.20073426884541765,0.023112250650245702,-0.23137261068084694,-0.18984856970913386,-0.008333120155213323,0.18056555470953725,0.00567444241730912,0.18862040607919678,0.07229698914237351,0.19347982609188621,-0.005576911328083201,-0.0015699082794185804,0.031171632681810238,-0.1718664078400054,-0.005005659968672293,-0.1358461458597363,-0.06736357457062432,0.30792761754649894,-0.036536750194732424,0.07538926445799313,-0.23529043492851723,-0.2621393023668181,-0.1390912829115586,-0.17442355553008318,-0.06891112132116642,-0.16297484955709182,-0.011620129919397822,-0.10071835552024708,0.13226877725586556,-0.23023957022224342,-0.12508155895505124,0.017461028020426633,-0.22823984807809555,0.023732034493247654,-0.031830689571096915,-0.25271263345083167,-0.23584156770015596,-0.2808549523695051,-0.16830131954670938,-0.20839910669099315,0.038157023003753066,-0.04550891812916656,-0.25290034281650303,0.1750473524804204,0.1370094532335597,0.14544289018633377,-0.0448587711052293,-0.20185859420894092,-0.12538224185988683,0.002899955631061775
0.011022509775936903,0.29404884048890495,0.03678346402150804,-0.1414734237345535,0.3650965653644608,-0.025517935010199413,0.3657930538066089,0.11769239782888416,0.08413857436823426,0.07314275489657618,0.3658155417377757,0.3956552933634819,1.0,0.6018483427043878,0.1962364419930329,0.13682816182058127,-0.34859127480868024,-0.053569121878212056,0.06528715342884063,-0.15405042572283198,-0.11117505073670718,-0.2051348904361724,0.06872862166493618,-0.17323472954032842,-0.06801480470275462,-0.13241406405031517,-0.06893231852206004,-0.21456118961325826,0.2970446570227173,-0.04957904222235675,-0.19928836925796387,-0.17708097478340232,-0.10991973569387262,0.03194818878687912,-0.16735411999443806,-0.031695220152349754,-0.11331086838297694,-0.10798324988668798,-0.2075753390579962,-0.2981119334554918,-0.13892494671120256,-0.1925509512061373,-0.11101386293947671,-0.041288799650617596,-0.022302348239778058,-0.07008894545717786,-0.09350462810047036,-0.0854529137918997,0.18397224943371787,0.037614836984074224,0.12778770031526643,0.13884873118414626,0.11653913345414527,0.012246593710671314,-0.1455943720648091,0.054848484320619714,-0.3550406977982635,-0.15883954076235107,0.24488850653463867,0.12633406028095254,0.2445378819582534,0.2246278229714846,-0.11526012862258578,-0.12997045188419404,-0.20487560586946774,-0.08030859581412422,0.00979129175096155,-0.09001081400515866,-0.14725571649832372,0.08562136977039041,0.10756901865897578,-0.14994520607891496,0.10839244543286622,0.02467724795195345,0.10171507894751479,-0.16457903420550363,-0.14933985595358584,-0.40638011605611096,0.004006604728545937,-0.037538065341353524,0.348197912586382,0.13206513452436733,0.29904156495781875,0.27869755659817746,0.050018761065895485,0.10788781510375896,-0.049450516893101565,0.20508452149715245,0.23448629303946783,0.10919393383712533,-0.2101299307977176,-0.0018438917317842149,-0.07378042360704529,-0.157767389802665,0.0014963875304360528,-0.00271787029550192,-0.04765323731448051,-0.0035735686855239983,-0.16327548116527638,-0.17581413403933713,0.035386564630505275,-0.11553648784909692,-0.00950682532830562,0.013129974188659943,0.20362770773701208,-0.002805703348534854,0.07628353540844919,-0.07154769489382638,-0.17397902306684154,-0.13590327026237242,0.0061563477040432624,-0.06605742166569831,-0.13597515938553195,-0.003239646373435805,0.17601331680346677,0.2557477105826062
-0.08219737889590653,0.2831158862321638,-0.15915936790522647,0.12213355040800188,0.34176279591832026,0.045050443997157893,0.3061143997897688,0.49786091597021087,0.06485450258111879,0.2672602179478477,0.32429653848078827,0.5868864947449868,0.6018483427043878,1.0,-0.023900877554692338,0.39269287971946043,-0.18850768700537412,0.1224434223969959,-0.1886637584052165,-0.12424262858888084,0.015491074159940731,-0.2153686925414386,-0.3547146601421369,-0.3062747964337113,-0.3699112066118823,-0.28819748993479793,-0.0785247989465859,-0.3843066136317245,0.23132086679013164,0.2104880599523447,-0.08032730757385857,-0.10385426365388196,-0.09302606384529258,0.23389705337237335,-0.03063540819496155,0.08880299705144161,-0.26374009185285047,-0.11993702306918962,-0.23017953143859382,-0.18260848044107822,-0.1492144253655211,-0.11250988336644395,0.01717849774919562,-0.005317963066984646,0.12295594698347809,0.06617460121223206,-0.09653200811839009,-0.02598547387540696,0.029127489911991447,-0.06472886191143139,-0.07408703908935843,-0.14895970880252868,0.007591327639343001,-0.21263787574128118,-0.24469653225278887,-0.07765189385177694,-0.31316619620204117,-0.2535944343845231,0.20640339892378842,-0.005444240487072062,0.19574641987519942,0.5643400351474736,0.11627415595471692,0.03856459458765715,-0.29594463819093764,0.0786676174343389,-0.03321952234899517,0.12510958140108178,-0.12742627068267745,-0.05556178313882539,0.08908351167693988,-0.07509747797466276,0.20419509907853986,0.09996684187733666,0.06018896234645543,-0.1875023498119844,-0.21468196526750677,-0.28012159037046996,-0.2409704707221904,-0.13116797947137374,0.2099953065777031,-0.09979228873469453,0.12768802911257376,0.3967189640988329,-0.2484586096943303,-0.0480673775966219,-0.12874263529413046,0.0029584132657930265,0.09264740751212677,0.05221566825369415,0.09057978154261254,-0.09513615662713115,0.0616059338525801,-0.16410021496643568,0.0831659004067118,-0.016224223156376113,-0.18367549117437193,-0.03667297955368385,-0.1358749803314216,-0.11524937077620628,0.16706241377026465,-0.09998787737733597,0.07380427738418326,-0.07209350490732279,0.08241918818439278,-0.040663267610962166,0.1924848994364862,0.05218623438887011,-0.025214732143513923,-0.12533746408248977,0.025852375325949296,-0.04709901289251094,-0.1883915746862779,-0.062222045285202816,0.033557196268594484,0.1271341450131406
0.06146894259900287,-0.0805653978360213,0.10623394585456557,-0.06937148571080791,0.18816659358580337,0.0242807068776528,0.08065070354996101,-0.31718210978431843,0.6001117668186104,0.182222243965661,0.44295804025293545,0.24998750711368578,0.1962364419930329,-0.023900877554692338,1.0,0.5080542400806107,0.3675183231201014,-0.1170306295595983,0.2500425977105164,-0.007029961065736397,0.15713918324206327,0.25511631408033636,0.06576950953468629,-0.1667280368295222,-0.08111598629853607,-0.33517000672609054,0.44445581647533805,0.23639684452438678,0.0758027372358411,-0.12893472239384313,-0.10324704574328356,-0.22428538227189354,-0.01275699506529786,-0.2499649630091373,-0.07363477848981907,-0.12450948440920812,-0.026453737678811234,0.0276703893599485,0.32667863535693453,0.16739379782194397,0.01145248855501301,0.2892739333101321,0.09071472441413234,0.038972750675435354,-0.009977095530835346,-0.08649115261662124,0.028624375101609933,0.03430169453839427,-0.021273505567505787,-0.007121353091200678,0.0440785765136003,0.06602170332469093,0.0669195699523839,0.073590600358718,0.028518483577584297,0.015201716901811603,0.02622435831018058,0.1846249273631157,-0.055466503140084736,-0.14370283753217267,0.20382833493389074,0.0038731868509484747,0.021025324770224358,-0.061302632710387814,0.24066490941584562,-0.09478641634413036,-0.10517093635290271,-0.2548570897679171,-0.07691152578114582,-0.04086029260116008,-0.1393348644307098,-0.10758527118905586,-0.23818555458886106,0.028455559908436116,-0.05266315477734266,0.21274290204782506,0.055429371552827976,-0.013094805199255561,0.18927480589166382,-0.07882518897116624,-0.05692287899999235,-0.0110291021949392,-0.1265684254292019,-0.015210347846975086,0.35362565119478523,0.14769669813437902,-0.25459849376323906,-0.30486469119980497,0.13824147229302383,-0.028362335268332494,-0.07755661242699563,0.12873067150357623,-0.05367361700570325,0.05047517096526398,0.13640279216730453,-0.10759865212568918,-0.08885916437837237,0.016068499966118,-0.08418831899945436,0.0331496345761252,-0.0552700795844405,-0.2699599456549634,-0.35700330253684215,-0.27959758394528134,-0.3061891837660797,-0.20794295100639956,-0.07079283860666821,-0.09376648708432182,-0.13892010422407755,-0.0794042212104151,0.01446069825325971,0.025932174098974962,0.14890700451162311,-0.2765281963760575,-0.11266578242928944,-0.007813690654170768
0.08051683085759474,0.09688240348872747,-0.1679997307247519,0.2883075754144226,0.40322721133732486,0.24753697620959114,0.031051715710425608,0.0572849950004827,0.3939270360042031,0.5165467151545636,0.34176545177226814,0.5186127432289148,0.13682816182058127,0.39269287971946043,0.5080542400806107,1.0,0.11064820229143127,-0.13474792781245593,-0.06015899505446024,-0.03731866258725396,0.1873442889110002,0.1647717238570505,-0.29662268511544493,-0.27056042183942836,-0.1686107560357254,-0.3284022402741674,0.4033821338263842,0.00020029773152501314,0.12504555397686887,0.17483577275660794,-0.22363142380224293,-0.22132893201313192,-0.0009109156620792147,-0.040029372087448674,-0.08198062707995799,-0.02358993628091003,-0.026458241707114694,0.1934935502676873,0.2387607514519572,0.12125709686307955,-0.09253007592835638,0.27228590385018603,0.005111864611866299,-0.023610481401667337,-0.0663144740920835,-0.16314512759744454,0.1928342961766078,0.1547707184260685,-0.04600986068006324,-0.17199368722782385,-0.1596046557958566,-0.08308905433543708,0.1295333977926112,7.353251050422239e-05,0.08747692360922293,0.17398501999782004,-0.06647166757467887,-0.04980549229345802,0.053513230428585294,-0.15069255114068036,0.21668658291997195,0.40706266320677975,0.08833621710216329,-0.12561583357860306,-0.09353421690958065,0.023259064242131332,-0.16908931423903725,-0.2635666174809157,0.013032167313252165,-0.05015557375116649,-0.19410798007366262,-0.14324397887330323,-0.0825916217044957,0.12200660175167974,-0.006925082346865095,0.09913442295263501,0.005223925391529612,-0.04295695602608956,-0.0665422713634666,-0.235578964161053,-0.12625596901638064,-0.23598960399223334,-0.052634173290453126,0.33859039526816076,-0.023080492155443413,0.07938076563936633,-0.1907202968606764,-0.22104777776257112,0.1434283181591686,0.13935325305630078,0.13398980537128719,0.06363585013577323,0.052457788689264526,-0.044543148091435565,0.07049800559621043,-0.09985492075745844,0.08684774281601948,0.12230258226731344,-0.04697200365224843,0.07706583414568177,0.09928457807074346,-0.178824472966565,-0.14156097693130895,-0.17243147151049967,-0.07856158329428353,-0.06261225158489733,-0.023265381704526168,0.10625573367032862,-0.13841730986955608,-0.08940306997685366,0.2736367155422647,0.07818021643490553,0.033231632387796486,-0.13059325183275697,-0.02392793861988491,0.13079240374669956
-0.16364260108638234,-0.2877431027474406,-0.15157389959553053,-0.1133218343775177,-0.2551827989778974,-0.3585369894064862,-0.2216585325959353,-0.1603488802092405,0.23706754548390055,0.05339887203511254,0.3891553163589726,0.055651653634358485,-0.34859127480868024,-0.18850768700537412,0.3675183231201014,0.11064820229143127,1.0,0.4524211348422066,-0.037328664864411026,0.05844018607071801,0.2384873002706711,0.3123323810915084,-0.18160116335696552,-0.07982992378474839,-0.30145084808419464,-0.26102251190256043,0.0987339637407095,-0.09132327245451212,0.19073686748152505,0.2721052446627237,0.4414219484539257,0.23355874051028996,0.13088340350287006,0.06436690930841181,-0.008317919592664522,-0.09561210712055201,0.030703667655853556,-0.0434358182473555,0.21078744022700852,0.3062390835047079,0.10278165375447569,0.28233044591329304,0.3257758606254503,0.2255843671146605,0.28036373353095223,0.2121176394688244,-0.012150492889937567,0.06515965539120155,-0.35818845276815486,0.01081442797617335,-0.14717339317030817,-0.30383295394979304,-0.22133777562320012,-0.17123118462306308,-0.17670002181549022,-0.294969035057082,0.280946486012115,0.41784025919016227,-0.44835862428379397,-0.45913435545540277,-0.09394026131518657,-0.08514757211592638,0.44620963624242715,0.4803736129463745,0.2744325421680168,-0.03457398973997478,-0.3159168685656623,-0.09149641461143407,-0.09112178001137614,-0.33562286672565717,0.055716958667910724,0.2616136420484504,0.119750918805352,0.39792757734684864,0.13180460144147865,0.438002625124684,0.3880046126806983,0.38874323590551024,0.3417240642565808,0.29838738529684744,-0.07656243742822438,0.2065601020496962,-0.5604666049970818,-0.4323535997652853,0.2617250550686215,-0.0005426306834292434,-0.33762885562823364,-0.6302205618257666,-0.4289779879450005,-0.5037413088306695,-0.04106647208842471,-0.16342518398312766,-0.056148214542302365,0.0033481081140137197,0.17769357164821709,-0.0611749452638661,-0.2812638906880491,-0.22890235189823013,-0.10956888111366128,0.04569906481440137,0.026947026975958778,-0.1725832115402165,-0.32755645574335823,-0.3335343261633151,-0.5919076988099311,-0.3475220139744688,-0.20836420437957395,-0.18154127418130628,0.15003305093882652,0.11607269579103979,-0.1656756134633545,0.061582294049928626,0.035563247420302146,-0.36470722622685897,-0.4344105351473376,-0.37815924242302773
