1.0,0.06360995826468063,0.547665627205912,-0.0506711410958753,0.071472406681305,0.11979119328194188,0.6201755696735369,0.004450416736482151,-0.114400420814074,-0.09941855657196126,0.22684458816691086,0.12851798649013857,0.2678657235710421,0.04764427239126227,-0.3407063133042168,-0.37734877160013713,-0.03487432216950365,0.09176229818644645,0.34234019635453994,0.3338700457361564,-0.08198225195262503,-0.16518852781834492,0.33509948769332676,0.16409217120565686,-0.24203409350981867,-0.2433930957755323,0.07257663061845851,0.11540123662852876,0.001078339084429697,-0.43440678752948403,0.015289416913093812,0.15002974900726132,0.26332071161906867,0.19160537801229427,0.06254319265387812,0.005067648262127504,-0.3841563672922807,-0.44891221302414264,-0.37308670499473556,-0.3506856447485767,-0.45250974584384546,-0.2573693771074587,-0.11044132199357964,-0.1329891344163436,-0.08938413750343899,-0.17021152410142967,-0.2379101590406815,-0.295351527186851,-0.11755608653492179,-0.021556985466568753,-0.12939766235768546,-0.14770231771977035,-0.37318909395062544,-0.11684083406236247,-0.34450910121117984,-0.45347772705351586,0.8184624370134593,0.18222199511887424,0.6253356060969099,0.20269784954916145,0.7374854218684813,0.090581237226366,0.19871997260854174,0.12689757549762484,0.2877849685372207,0.19177353297069707,0.45263988925733123,-0.01287902358785514,0.2867101434497029,0.2101480555651394,-0.10504373239388554,-0.046219273776005675,-0.0308039761513547,-0.19563060453386213,-0.23778228501709314,-0.21403381030727858,-0.006448408569691687,-0.20866600678788869,0.06357510409686808,-0.062430770425284526,-0.1860640632594642,-0.34282124958048976,0.12076385837363027,0.015929453386716322,-0.250980065640714,-0.5049445733418075,0.050102473284880863,-0.3969972320743424,0.08976919551849212,-0.28270296152630786,-0.2384959080125534,-0.18992197521226864,-0.17135887490900986,0.1580833886421748,-0.33604398171102534,-0.26303078545986297,-0.48588883974655284,-0.3222073816703058,-0.27251743753481056,-0.09477998265166765,0.10917599738760916,0.06293640534448787,-0.10948840350584266,-0.060706933587563246,-0.006840488533263238,-0.03400799189637454,-0.0008697121936315295,0.06975336606138156,-0.292152800820935,-0.3609060583369175,-0.5109011552482912,-0.3284012044424206,-0.1422560952200088,-0.18926657157680676,0.05091035744748792,-0.22309724987610527
0.06360995826468063,1.0,-0.013797144439574787,0.5861290175081811,-0.05492276769597547,-0.028254486925453723,-0.28779343084003145,0.6742754558424191,-0.15755597723346593,-0.08362205305952058,0.004104482093948271,0.45720816759610544,-0.1183714597140635,0.11472694950049322,-0.12894530344824962,-0.4284998128701114,0.09076398529604755,-0.04131722686862824,0.050714676828587456,-0.13456814549387586,-0.368139953197398,-0.47691213165765856,0.32580186714267434,-0.05449104547352896,-0.25330801054004687,-0.3670228619079805,-0.1345249124190365,-0.029874975857184703,-0.1483588225404274,-0.5645130389105839,-0.028320569037397634,-0.08026790657076056,0.17139884230887867,0.500653574577541,-0.0529115981508657,0.020134660759570426,-0.5214218329949958,-0.5925114946290192,-0.33743582137997974,-0.3117228911385523,-0.5335370863078591,-0.17434100998382604,0.22491810830570955,0.15635999630081446,0.04820460289482492,0.18275754682690928,0.10995310860479053,-0.17528192272409615,0.011329938431011906,-0.0010051040849455486,0.3152435891883136,-0.3831857678802186,0.10090281124936427,0.06079106884872499,-0.43085893958864346,-0.47543920395273365,0.3503387349536604,0.7835050384975933,0.021437306576907324,0.44218682161324085,0.4110595076543192,0.7380075696814694,-0.1471282267361612,0.5471314916357439,0.24176450910614614,0.23512665677572414,0.2962356771731759,0.1523845911867397,0.20265966584281672,-0.1306532490380746,-0.3523740931718368,-0.19439246208161842,-0.38195006521618197,-0.5919963019021712,-0.6253303087105602,-0.5776779350957714,-0.17005141639797172,-0.5179291829978044,0.26671142620451194,-0.32706150195812755,0.45448579682178875,-0.4762033884268715,0.37118928137810714,0.039354318003456415,0.15723253784580754,-0.45126005191226665,0.19089319611572803,-0.07578143099599215,0.2958928511890757,-0.1875561654763241,0.0598870914161618,-0.17328893563003073,-0.10818170901406667,-0.17672601113363495,-0.42675984974034026,-0.5482761526304515,-0.45324581856085344,-0.5521946486634954,-0.277284025059585,-0.2608464096322334,0.06426835683398266,-0.029738872063635558,-0.24904899949771278,-0.21830172044258453,-0.1204748338991548,-0.3273985596783223,0.026138321047618727,-0.14310356724401543,-0.4559016341125778,-0.5486100706382313,-0.4224972698066176,-0.3039345517615457,-0.0053434540537050925,-0.3696547199085913,-0.2198724698332996,-0.36461570400342624
0.547665627205912,-0.013797144439574787,1.0,0.2758768532224647,0.01702869766643364,0.40027542772102015,0.7580234242742738,0.1428196731238206,-0.35942263072622765,-0.019971492559783754,0.32963035187144335,-0.09478259490817104,0.26416224367477675,-0.32260019077346946,-0.489720481009356,-0.1810700440666821,0.008866905896774862,0.1414914992412521,0.3144267787348191,0.2868218039048443,-0.06723821988366736,-0.007767616234215101,0.71613495115794,0.6104180438274918,-0.15399759519339007,-0.071703290870883,0.3400243721033674,0.4197586489914087,-0.05856596961679805,-0.35886966314170987,0.12114525938798254,0.1434849526507485,0.05028370693806328,0.03798746314935711,0.04523426213206728,-0.08582448134165495,-0.538019688296024,-0.31861990338355245,-0.4325440816683247,-0.3080553945331449,-0.4492529605792372,-0.10448522142319468,-0.1824193438289843,-0.1467576265099279,0.1339247220669347,-0.12443223038906603,-0.25288464536815664,-0.4625181456178478,0.2733089674523172,0.34947443204808026,0.017745404173386603,-0.1382112586407083,-0.44047455411117475,-0.20250083512023268,-0.1928964380337441,-0.4715655024994617,0.3819879982941717,0.00993069618697489,0.4697478023744505,0.28177522837154095,0.4324893283132767,0.03499251226697588,0.3706229366011998,-0.03406219554322836,0.3740611353127079,0.248946718231302,0.4193509852675821,-0.04479339769217317,0.2018954301114043,0.12455941782216576,0.036890948739685785,-0.2508112357319642,0.07061800205133077,0.03769983302188202,-0.08285675279805996,-0.07390154033746604,0.03908902957576246,-0.06859432235586435,-0.11829776412545345,0.1420244560319339,-0.3878844410817307,-0.3690499990787555,0.1745220483900384,0.13806206639099655,-0.4964995424456359,-0.5799491193882788,-0.062303109448153454,-0.5452622439595898,0.17742321639992312,-0.3142383778927418,-0.35581215018042256,-0.21686949728189708,0.02934428692913922,0.21974991991839635,-0.3576605441639081,-0.16155432856491267,-0.4440850093200541,-0.2419079820513375,-0.1637798810050047,-0.24840894324256924,0.0836136552212532,-0.12212178782193588,-0.038985444415184714,0.04648951196123459,-0.005069396796978683,-0.0011533528915724047,0.2020760313671657,0.14168933185159777,-0.2922421823358096,-0.265292194648152,-0.6645498499623217,-0.26976002832004686,-0.11503504830695668,-0.12152617470372487,0.15463556180398097,-0.28581447928641657
-0.0506711410958753,0.5861290175081811,0.2758768532224647,1.0,-0.015144236822291636,0.3666853607435379,0.042877878056431507,0.747904650057222,-0.25295961858904137,-0.06369609950332207,-0.04112697340523239,-0.08000093596505346,0.06605455927808722,-0.2310417996830907,-0.10695469478342377,-0.10280653770843438,-0.1737392369764708,-0.3649567636853725,0.24870974727207534,0.04792554012673314,-0.11291808559712287,-0.151861276575784,0.5544800717898012,0.3659254170959824,-0.11948675914371518,-0.320357343318479,0.019231232792774795,0.31028947479505253,-0.2660522122059962,-0.44948036467260866,0.23735239744097966,0.10216012162587301,0.12527858568541772,0.3072750577255048,-0.2678066410731408,-0.12945322167081588,-0.475172541354366,-0.4756757519881578,-0.3756618079803165,-0.2482417150325207,-0.45868220458660075,-0.12493742832853277,0.20088471467914804,0.1736948355017779,-0.06383038140899258,0.06669717501840675,0.12678485832803288,-0.21171681691132646,0.1608268269761825,0.14565243439036238,0.26858381551613486,-0.27835338404780047,-0.10529199086042669,0.07037287812583966,-0.3746043747390513,-0.45149480999878905,-0.005680106628454522,0.4395901642622236,0.11573871992897691,0.5925814951306444,0.21194145952055862,0.5299443189076801,-0.07013927057909528,0.03514176120035022,0.2833650192154492,-0.04492137245641093,0.19836324388244644,0.19611741834157115,0.32036650095652164,0.06973079958931681,-0.2014421605273495,-0.18689278234085432,-0.32569546014772477,-0.33554791680990165,-0.3803370176197204,-0.372481259834062,-0.2382267276701375,-0.2516668191900174,-0.17421682516504308,-0.3187473607927699,-0.004507721411975033,-0.4611101415813745,0.18981698385070056,0.21742008331981272,-0.16692143411709032,-0.4304898151812917,0.08572424495704864,-0.19311104352546615,0.18792459401507955,-0.19098674689926673,-0.0574045146725358,-0.03301108668319748,0.015220276562854192,0.09104008413933436,-0.37435607524196846,-0.3195262714500521,-0.4050001872236139,-0.37869139922187184,-0.21897311185239976,-0.1580076156417968,0.0660947554234529,-0.0016074497314014548,-0.047898768095976874,-0.026773826057335713,-0.0042363003698702465,-0.16524607907056876,0.17350232170500213,0.03215992504276119,-0.3371994667998741,-0.36154790461175,-0.4300541650957122,-0.3004923198808443,0.06436618487468736,-0.2684367930666528,-0.08035225192187799,-0.17716038071142948
0.071472406681305,-0.05492276769597547,0.01702869766643364,-0.015144236822291636,1.0,0.02430810429149107,0.16855894246354788,0.13713558506334278,0.28774405969450406,0.24996109480948966,-0.0764435162768707,-0.04510531511422196,0.12189395991853771,0.11042334564231676,0.25497536485091643,0.2396624658916294,-0.14941749544564895,-0.08755613794520054,-0.01677373148711299,0.13858582851448914,0.19326664506679628,0.1714569520531562,-0.04774419095745995,-0.004293542018229921,0.15032952839606806,-0.11182259121194764,0.15617093978186292,0.26772957110942147,-0.12436503657278404,0.05643554770728859,0.3299197355621932,0.24446982571352643,-0.287525804251668,-0.2601491940967127,-0.20322424348231924,-0.045273560002399425,0.07723414048507543,-0.11792841238375942,-0.3022145385205525,0.0401091312516471,-0.0997386541498552,-0.3669202733717835,0.009766457095124909,-0.06513235274219854,-0.18292399524823888,-0.03367097583067755,-0.07472463918287409,0.02273258148354856,-0.01961356006501827,0.06501035230319907,-0.02245822411534866,-0.10524425829711248,0.04214211166724867,0.01998807622480848,-0.12835802892036532,-0.02320660903530717,-0.095249585366679,-0.014553625845851704,0.2503356686801596,0.1892815795524784,-0.06386365534176391,-0.13617350023910116,-0.1029258093014072,-0.04781643458189852,-0.22473751585217452,-0.13970175763569087,-0.07357633067616756,0.05629782181761122,-0.03342779373564995,0.33417917658150775,0.13361467541706556,0.31047790965599287,-0.1036121485780194,-0.10316938213033867,-0.01709152795382505,0.1010501594385364,-0.30306446611714877,0.018277084417615715,-0.08466028358215164,0.04895718935391297,-0.09534555319387317,0.04061013591416744,-0.13228557798591342,-0.09912401045516882,-0.057931085984426485,-0.07860536014992234,-0.18506073640799825,-0.18637819807093634,0.0590843824578336,-0.12196454337875609,0.03211157173623742,0.11868747585556351,-0.12012216646656175,0.07116585673827378,-0.02048779933337958,0.09173985673627776,-0.1640962003091043,-0.08703931529606654,-0.20243776774134917,0.07215142369124601,0.1825212683702947,0.1993651347136404,-0.12116265093208033,-0.1842025579215131,-0.019913519543766706,-0.05285777246699439,0.029934576827884245,0.023435145993692782,0.06947320964661284,0.05223741757671922,-0.10229129803073986,-0.1521199114338037,-0.11720565132240122,-0.2067373017083844,0.0009896621769653817,0.11800906110630352
0.11979119328194188,-0.028254486925453723,0.40027542772102015,0.3666853607435379,0.02430810429149107,1.0,0.2994322426403085,0.18081866371304683,-0.29023413680175963,0.3138644524024393,0.06980488334931073,-0.3310574816971493,0.08277636184146214,-0.26614935290265446,-0.17592737550399717,0.3122911938104285,-0.12883676130382224,-0.2786578362695603,0.14289477930012048,0.15396404009792236,0.15692228731863106,0.2875313064215053,0.2455646859006907,0.4549726911311826,-0.26300109308260955,0.017668739857767776,0.34211172872920165,0.7133668290810871,-0.39454357482564834,-0.3068906736765641,-0.039645240657905575,-0.007323162693616931,-0.28276653583496086,-0.22841803685758955,-0.2629466380996499,-0.22505787276753006,-0.33792976859605073,-0.22781097636872805,-0.2839425357922802,-0.074538362222192,-0.24699036226078633,0.08320618121941885,0.26476031816034057,0.2129933183237161,0.19606776169963364,0.1946347740809191,0.09280988164550649,-0.32286318287627597,0.4224076976519244,0.4362508628127954,0.3914650868008096,-0.07519755881081272,-0.10525541222744808,0.12390575974631074,-0.13972426628469142,-0.19597394973015522,-0.007092117262079553,0.029070763889265105,0.3969391669163942,0.3725771180933376,0.050693489400830946,0.015817177612991132,0.19781712153090988,-0.09483501068181352,0.19855038082376114,-0.09377166364204294,0.15332877833467967,0.0330241315598908,0.16714843871243126,0.18547046996951833,-0.16501116957099685,-0.18351026885288232,-0.3135801790767325,-0.13638649851915,-0.04486479466493385,-0.1934406459042421,-0.38333480799332953,-0.14109961860454742,-0.34802688098338536,-0.1352929377746026,-0.3209839552885675,-0.29786113344154563,0.0009152403312055191,0.36556051674122025,-0.16215813847773203,-0.3089290210158235,-0.02131600910037522,-0.18276137214117852,0.06463724748820035,0.015408269774185331,-0.018428423037003067,-0.0064227704614406725,0.1840247835568381,0.2546160384492936,-0.27685455383337637,-0.09814964132250673,-0.2721244535292741,-0.18184845799868826,-0.2196990643563352,-0.3674922051407021,-0.2545751751099379,-0.14644275921670574,-0.22625738767786138,0.02648453021503892,-0.12292399641300039,0.043583758879431445,0.37412810429060983,0.34827538756422743,-0.2210129640980187,-0.14522977109527363,-0.37206169811150097,-0.23538671065714056,-0.2620917860071964,-0.18594013506785306,0.22339591606661122,-0.06383232389281941
0.6201755696735369,-0.28779343084003145,0.7580234242742738,0.042877878056431507,0.16855894246354788,0.2994322426403085,1.0,-0.045872483551869056,-0.07109496229544231,-0.05433188430021632,0.20978888813755844,-0.0708249679508498,0.4015063012391843,0.0015783674228290053,-0.27449365687631705,0.06289244889888261,-0.21000280193621346,0.012048041657765577,0.3058849519648454,0.40885303168596115,0.038840539576563596,0.12281088285295012,0.4999607565463434,0.4907609950560999,-0.25641282722965386,-0.15768583147376702,0.22329040836066075,0.34029995226138515,-0.13469847570495236,-0.16514422909718018,0.21773392184884297,0.37094892944413826,0.07761428072276122,-0.09318898772853688,-0.127130967214797,-0.23465615569436143,-0.27355144442194984,-0.21131251011601157,-0.4288597006494334,-0.14763999665139863,-0.22713728573243117,-0.2280228171124255,-0.20578778432948694,-0.2712315037216885,-0.08736241746861284,-0.160798643406546,-0.23951493148864827,-0.390064102712769,0.11180311317756851,0.20051776353768908,-0.05977900140533286,-0.1000154112278952,-0.19330609854295383,-0.03310934320884783,-0.13437458137469338,-0.2326026435838004,0.2976615872764702,-0.11706721787589262,0.520750706780807,0.09045533241230476,0.42807234362602303,-0.15246546518114748,0.26033519637164093,-0.09355428943088984,0.12174910184715806,0.04486719594254144,0.1780090142138224,-0.16904102536304202,0.1779281148936935,0.2445262379776133,-0.007385957616140284,0.0677479829108972,0.05431553293611173,0.043912653261758874,0.0006434555765123853,0.0018128802494268167,-0.16215475258325632,0.029538169476504464,-0.28892169981814914,0.07282058583575439,-0.5567417845811361,-0.26394975841646273,-0.0855778039205446,0.1029518374718932,-0.46143643651081756,-0.35094446105577026,-0.18443672755612664,-0.4899772933562034,0.05643290316938123,-0.1192228095634034,-0.20923505780034599,-0.1567567735896163,0.008155367005999411,0.23583497395739722,-0.13867838317715034,-0.0011388367801893643,-0.36176248132910377,-0.11800219059432523,-0.10649086547933216,-0.14547454561403866,0.05193925226137822,-0.022078683049924414,-0.09084043824229478,-0.07631877319394359,-0.08985958028835714,-0.05356354950794743,0.21543665064396064,0.079184317907061,-0.07223288341152558,-0.09685532759871357,-0.4560094987540593,-0.13035638424937565,-0.0888853277481112,-0.07936631555699489,0.0594055577499287,-0.2115458777736172
0.004450416736482151,0.6742754558424191,0.1428196731238206,0.747904650057222,0.13713558506334278,0.18081866371304683,-0.045872483551869056,1.0,-0.06903666770374214,0.16620754373953883,0.002165356653638746,0.20623421418310273,0.08834436221396776,-0.023216689918749003,-0.025759292892512886,-0.049705244014751515,0.061123423589679884,-0.15294871722497003,-0.06986919919937495,-0.1647311959805455,-0.0793896638303078,-0.15290276628556432,0.49962320495174073,0.16188885425352528,-0.10436319482019166,-0.4842058500035313,0.053787056250732705,0.17194442310346209,-0.18145247063715783,-0.33142188103159403,0.42382712543310136,0.33641784142009074,0.031167790776569435,0.3188430652408015,-0.2091149313515821,-0.040210679118549746,-0.4433042800196397,-0.6265025032399236,-0.48261000921895264,-0.3044929822153911,-0.537001714029368,-0.32769555181655324,0.0698589197499845,0.03168399158590245,-0.24563452063760793,-0.06314049432124628,-0.05707106668375506,-0.30773625461466675,-0.0291877721267449,-0.07091349649504905,0.11025804527091398,-0.2970724544469737,-0.00923911338533202,-0.02080577884071058,-0.38613496515566836,-0.41892686836833676,0.17554873505585822,0.3570730367750163,0.12658684206884602,0.6168439762244264,0.31023924225346877,0.6169386458289591,-0.10448358368837443,0.0770844138091643,0.22267243892759994,0.07390997719795071,0.16773631709477763,0.16877119798249243,0.17426451629633127,0.06890598151408973,-0.12617900222965434,-0.06973819519937255,-0.36131646063466183,-0.32264899785632417,-0.5514157497990124,-0.328327229371507,-0.26003538057170233,-0.2904260835161088,0.09012936620333367,-0.21212568708951338,0.20554172293847825,-0.35770532888005346,0.05332863903428727,0.0019514869708277469,-0.06834248999206104,-0.4082441321359332,0.011926485265700322,-0.28158728460526183,0.2908961650928653,-0.22799134613167968,-0.05105392980041239,-0.15832196920969874,-0.09175192514986878,-0.08288628730081213,-0.3089007039081833,-0.32519771309936385,-0.4473725773275432,-0.4540986158350846,-0.3530982988415271,-0.3291565676843217,0.08380488019967323,-0.012257045759942959,-0.2891469508034336,-0.25825490830811554,-0.14232093015528266,-0.3458403262063803,0.11710924576468844,-0.088905531883818,-0.26483191282985596,-0.39593580993218336,-0.4259251146085904,-0.33428449116375253,-0.14218033230664687,-0.5158880855836432,-0.17896029308416778,-0.2504578488865503
-0.114400420814074,-0.15755597723346593,-0.35942263072622765,-0.25295961858904137,0.28774405969450406,-0.29023413680175963,-0.07109496229544231,-0.06903666770374214,1.0,0.23379495122234883,-0.12720175839708153,-0.06943843401787506,0.33525113667342404,0.4455237767266109,0.6534801832588695,0.21394737236989472,0.13465401454122392,-0.15911595994405137,0.14449260045169032,0.19500989045254302,-0.08896285307098147,-0.11029447382240133,-0.3749301807678696,-0.543034630928276,0.3386612341173323,-0.2160350726451792,-0.5200966320827187,-0.2507638903942703,-0.031259898905464864,0.08963094857397545,0.2932971993339379,0.07157982246432218,-0.006823987390293316,0.051880441495017936,-0.1390705871876963,0.0650169430409904,0.16348871801823156,0.03389616715428483,0.0002183090484922657,0.021402239812911943,0.0938103069158243,-0.1143684841191255,0.08685003510043816,0.08973435846937161,-0.07932448235924248,-0.010911382076101643,0.12013417246355505,0.26192922727880175,-0.10027801869025128,-0.2994060343881283,0.0014632109553833952,0.148333819949195,0.21896099540592112,0.18365687679335252,0.0812844292618991,0.13079730056456357,-0.12929082723364485,-0.15005994763682645,-0.07803191151738716,-0.027953739187169518,-0.2764393086076279,-0.17556220250671112,-0.0905144572330606,-0.16181324317604512,-0.28103415976537205,-0.24698940768776914,-0.11884343605949571,0.04998595272541203,0.03234612616993901,0.1369564275489216,0.39419230257231064,0.522731940743022,-0.10490620981638585,-0.18698615699152346,-0.20258396015736985,-0.07032396009348174,-0.1144672914379792,-0.04072699449203539,0.008435966012490284,-0.07175587657848576,0.14343495911314907,0.1871220777994197,-0.09233924044091019,-0.03347979349948957,0.2653751569457734,0.14455845885173382,-0.09210968975181698,0.1152834104682879,-0.06358820605070795,0.139126364017914,0.3573339379111424,-0.006321472083033406,-0.220817207140891,-0.2683057142214439,0.04413078533597163,-0.09265388009607482,-0.018863052724155987,-0.07154024694317096,0.17579777618928963,0.0038940038944698173,0.007913869641046366,0.01506069450823426,-0.09723136463638701,-0.271999825187926,-0.14897146790361748,-0.2625808051920707,-0.1597417628901921,-0.22979214961750663,0.019380016980813475,-0.05083587379332058,0.27617922255914135,0.25238645679265675,0.07187590785782451,-0.08430047617923186,-0.24805705120758872,-0.08650275433068684
-0.09941855657196126,-0.08362205305952058,-0.019971492559783754,-0.06369609950332207,0.24996109480948966,0.3138644524024393,-0.05433188430021632,0.16620754373953883,0.23379495122234883,1.0,-0.07007783709785084,-0.0506026524988379,-0.03272515539243839,0.15131820065129353,0.32681641112328386,0.34630894612272545,-0.03974572134661012,-0.1744144799231943,-0.13909222469747284,0.02571234925901639,0.012050042684618376,0.07935896343825208,-0.22957963948570786,-0.005627937893004402,0.1955996417221355,0.028582780214710484,-0.06812404662044011,0.04783560361221191,-0.19852346026914272,0.12306791767705104,0.16488243299968044,0.06656509326537291,-0.4846200416517283,-0.4255766338926625,-0.2780085044607575,-0.13856816094230517,0.0715864500133484,-0.0030514888276833283,-0.2540597480219693,0.18321951617570847,-0.08767064175657346,-0.16179869216383466,0.2829572742763628,0.15975283343268265,-0.107055096828903,0.04421794903802684,0.14259506695082164,-0.09702557984960837,0.11123427176269708,0.00042694326342025923,0.19876001484648023,0.028549704944009057,0.23836030097035762,0.20956031703383152,0.007172667146287271,0.19511838522598726,-0.19321800364735664,-0.12999876840433308,0.06324749117805618,0.12504324154678248,-0.2490432424793373,-0.1314728948920762,-0.10929418310690342,-0.1266514251867193,-0.20047930768571462,-0.20834726332799475,-0.22850984134312735,-0.04969979634137964,0.05164796103045934,0.22637866409682475,0.02079541877598569,0.2550875058171461,-0.3207656590497031,-0.0663388128006661,-0.08625133471364334,-0.09069102946564322,-0.39377826483449313,0.03566926287672243,-0.027033363529911186,0.06390321040840863,0.04909326840986973,0.05640399022696214,-0.255519462835285,0.016671254894438194,0.11657749197568272,0.11501176999815868,-0.32262219739771564,-0.1330919588184589,-0.1295161383279095,0.17874426014931533,0.1608744697255273,0.06539327030339408,-0.11998799426869731,-0.05135665142747629,0.14985383767909302,0.12506038330171648,-0.03407935721624792,-0.006676199993860297,-0.06639434450167239,-0.1370318421132891,-0.22900712286330552,-0.06267509579574032,-0.28880203162878243,-0.1875010851135675,-0.21074969921287223,-0.19550233234803557,0.11433144048029131,-0.02358224383991685,0.14924109194044338,0.08268650495732256,0.04345913717471965,0.11235639444263101,-0.07363019899529102,-0.14526474199338552,0.10611054599349957,0.09852888032714854
0.22684458816691086,0.004104482093948271,0.32963035187144335,-0.04112697340523239,-0.0764435162768707,0.06980488334931073,0.20978888813755844,0.002165356653638746,-0.12720175839708153,-0.07007783709785084,1.0,0.027494926227650575,0.6077610389827652,-0.23783833015339212,-0.09088830160011113,-0.019224259550893102,0.46818386773431014,0.20965616476382448,-0.10767473153245695,-0.09382912352873013,-0.16281364065603762,-0.035416305842383464,0.28041651609765567,0.05808292956779292,-0.02715423706532058,-0.03334804299083857,0.019513778575802512,0.13741965515414079,0.22443350766675718,-0.07649288888099294,0.08747424582276006,-0.05067936089987835,0.10564566997614147,0.18926268808947067,0.211500162851643,0.11129474787949582,-0.1981854291544562,-0.18933901849198795,-0.09847237761707626,-0.2629055934952877,-0.11795923712687945,-0.0968016504287303,-0.29077739925925444,-0.21796008039687126,0.11828405680073534,-0.17531381586830366,-0.2570741627102081,-0.13960357404873452,0.0830096832957049,-0.017595860740085432,-0.08541506425580056,-0.07291525575689255,-0.27910770910756233,-0.21760888351152993,0.024853252182294203,-0.19424083814347648,0.29252521973938694,-0.07605458166167553,0.03546741069985281,-0.0404985620320877,0.2523032337708637,0.04250313381000348,0.09309555826256903,0.010991382005129469,0.30976184964922493,0.09366059936147575,0.2232078910106185,-0.03447041332777781,0.00795153053886933,-0.16068531243358547,0.118138193384654,-0.26286935189127353,0.08911209538578209,0.0848972970251849,0.004395476950095734,0.054304753111676825,0.18990165122919128,-0.0371921456833308,-0.0633465123581925,0.16057655434841478,-0.058448308395460925,0.012052802284431788,-0.02386189839798734,-0.015239353573959743,-0.18921527175206848,-0.10110927554204353,-0.12632931770303374,-0.2100703384609568,0.09162034937533733,-0.26890797682561624,-0.13668193597121608,-0.24860606539406443,0.0048158737601755935,-0.08025974435767963,-0.10150127072257187,-0.0142390616491778,-0.12040599475604145,0.04013208788684653,-0.043425751945639746,-0.1772987201644307,0.051588764847181265,-0.05714720994434719,-0.05780457033726267,-0.015241293026125464,0.0026156152143365723,-0.024654110909607417,-0.03263486399856916,-0.10469726087067863,-0.04660705562983103,-0.02029749210687756,-0.09634875747196986,-0.04107653408881204,-0.2292541991442094,-0.03594443957239751,0.014456754031624768,-0.16737944253265258
0.12851798649013857,0.45720816759610544,-0.09478259490817104,-0.08000093596505346,-0.04510531511422196,-0.3310574816971493,-0.0708249679508498,0.20623421418310273,-0.06943843401787506,-0.0506026524988379,0.027494926227650575,1.0,-0.2208971594300074,0.6329192052749818,-0.12009185027563427,-0.30780004519838733,0.012140636275272931,0.30399230237029967,-0.21438896708510113,-0.22921100558194443,-0.3981694571153198,-0.46564284197049943,0.031081259059006387,-0.10547715418488149,-0.36371793750095355,-0.1878395900346973,-0.057570556051411766,-0.35627228808753764,0.09394902370120299,-0.1263564257899746,-0.18201602754583793,0.1295519719861019,0.04556548098081799,0.16504765385270276,0.1818159633419802,0.09918859693433299,-0.21575595076312976,-0.36002347640503773,-0.23678359752468908,-0.13361502886521104,-0.24941445763125342,-0.24957259453017144,0.11751538093481023,-0.06524780107594516,0.09758946388009956,0.27651449080714935,-0.09327425766500744,-0.13728924991545324,-0.05896795284389124,-0.036232329535267255,0.15488199326228783,-0.3432969451403347,0.329998319812288,0.08331839782063155,-0.42066181430806165,-0.1632425535707765,0.3015902229157349,0.38391275070806447,-0.03518801666514494,-0.14813706697173074,0.3262640269799672,0.45433428883495525,-0.02667786168297384,0.7683466494656142,0.0739100375937388,0.5171963981773352,-0.003619556442698099,-0.053095260292142656,-0.24348825941873314,-0.15143821123169604,-0.30400657137005677,0.10227186987683518,-0.09847858027580186,-0.30786898392124057,-0.3229195232884366,-0.39627477894270025,-0.004782063179269,-0.34024767334443357,0.3974226110132236,-0.10686783502728253,0.40350978242054036,-0.2744780816486992,0.28754072719941876,-0.08803715753480446,0.2620966235957215,-0.18206354319965964,0.09629797874471102,-0.11189999774332664,0.016824902529131557,-0.01147860816384041,0.010415430481202253,-0.06861811302665202,-0.024552223961615573,-0.050413954483911436,-0.22054929978780088,-0.37182601516054387,-0.299909268240126,-0.3748466934882231,-0.3240094002980022,-0.0965539570783735,0.04480774055703835,0.09202228864561078,-0.33153125311670145,-0.15144987104338412,-0.20516686563862155,-0.24579502465608943,-0.20105862348826767,-0.22330543159237431,-0.2103353400884659,-0.36545496878698225,-0.21355784239363362,-0.21779512245284752,0.0809580945390886,-0.15523935687674356,-0.23540193335085594,-0.38390260233086654
0.2678657235710421,-0.1183714597140635,0.26416224367477675,0.06605455927808722,0.12189395991853771,0.08277636184146214,0.4015063012391843,0.08834436221396776,0.33525113667342404,-0.03272515539243839,0.6077610389827652,-0.2208971594300074,1.0,-0.07887508603191537,0.2306041328987107,0.11375116407239748,0.2701294800319357,-0.05617220215789081,0.2392664976585645,0.15069664217517015,-0.1359643098280472,-0.03442689272476177,0.22238161554629074,-0.14398605956645966,0.06700526219023539,-0.3386839504528935,-0.23767559631325622,0.15153375231593091,0.04192834563106669,-0.09759056421784107,0.3857105500848306,0.06551914189623553,0.21243133587823046,0.20765062504758994,-0.03413788024949797,0.04446051729752499,-0.15909307504041803,-0.25922128452009024,-0.19333946455561896,-0.3219243187259591,-0.16105531860710398,-0.2612540384157289,-0.1454967232943517,-0.09539107665035026,-0.009667783463318095,-0.21536040592101952,-0.06620713560646613,-0.04453393617438429,0.04103465082297735,-0.12895614032125205,-0.0899042747464884,0.0901224987939234,-0.20475894464232453,-0.09144852322223199,0.006853537232832343,-0.19722354531397412,0.23063436810226884,-0.18583740680321525,0.1689061090005777,0.1777971199814877,0.19863559971362538,-0.023946832521281707,0.0638562459728611,-0.27787364471532966,0.07963793996421269,-0.2032081637682639,0.22391340336864504,-0.007615457295330733,0.24196084068282073,0.03169112175248141,0.24106156949403684,0.059873064317765845,-0.011597957958140715,-0.025085586044021457,-0.1726652667887859,-0.01097351623161856,0.030081324342856108,0.02103033753074719,-0.18088915090380034,0.02716654090167786,-0.15775710646654137,0.00463761018550235,-0.17070328002550023,-0.0026901251179265086,-0.31628699266926147,-0.15549847177478726,-0.1346031854784277,-0.21360390127670972,0.053347498717636006,-0.25304857079256377,-0.025295646338354915,-0.09624019039647105,-0.06702628097128369,0.00974183578298803,-0.14952619042422993,-0.06554365179785256,-0.24743229888476417,-0.075970588850842,0.02791064697792814,-0.022240591430922184,0.1283820053383398,0.03724975386122347,0.042063836496640875,-0.05828264246778925,0.057905317896183424,-0.06963730937295466,0.00484092814685706,-0.12888953569522557,-0.10001878953776634,-0.10207673471647893,-0.0996984521244798,-0.023787223115011597,-0.008467318158809972,-0.0731431354541153,-0.039754522506627164,-0.10713704779060707
0.04764427239126227,0.11472694950049322,-0.32260019077346946,-0.2310417996830907,0.11042334564231676,-0.26614935290265446,0.0015783674228290053,-0.023216689918749003,0.4455237767266109,0.15131820065129353,-0.23783833015339212,0.6329192052749818,-0.07887508603191537,1.0,0.25079259821735084,0.057830950972330465,-0.16348716658419077,-0.085457754060031,-0.006680221493752528,0.10363590803740844,-0.33754617254304353,-0.33732291390468433,-0.34790214496566774,-0.26352949797850067,-0.2872841892781888,-0.19650162094085485,-0.32149150904325263,-0.3024057795502009,-0.1226150917577748,-0.11240093282734623,-0.14096733940984008,0.19509709674879017,-0.10396916154111335,-0.10471262788964808,-0.23787337483323698,-0.15377751042029034,-0.06492798052422907,-0.12072269553069967,-0.2901154710426042,0.10198094509184123,-0.09192831490045016,-0.0983553493272149,0.38647800529687,0.1672982796344579,0.013161219173026402,0.41377996405322626,0.23958252578614642,-0.013576709247136899,0.053907859104510326,-0.0037304647857477067,0.35682888798783724,-0.21326252392644587,0.5969779169482776,0.4702931238872322,-0.2840529012632901,0.12997994597429238,-0.016203797478729246,0.2907806002799587,0.0967933001631973,-0.10872483842725805,-0.008576272605750964,0.1442689657691111,-0.1465156222128257,0.5297392401750037,-0.33057615903634235,0.07992478851506297,-0.19807853475622575,-0.13820178002700656,-0.08237455786767092,0.18141527200137178,-0.16373055860114455,0.5389791075290193,-0.2408192276131206,-0.45654455788588,-0.2893317585706387,-0.4526412134971155,-0.32112394502578373,-0.2625500435908138,0.12234120571769776,-0.21218368315215175,0.2210781700312445,-0.22844347614070606,0.06212533824129014,0.06811377772382614,0.3655863890891646,-0.02937262845082982,-0.07990181868104654,0.04124836711624775,-0.18479742634771856,0.33624363306163096,0.2975859890130185,0.02836682789909063,-0.12680833019386856,-0.10005320935443754,-0.09972886492008726,-0.32614848264765534,-0.20850414812013338,-0.32290482753004796,-0.08637584597930278,-0.08541675103617195,-0.10553797046852591,-0.02236092817660869,-0.3461034178374704,-0.3181373918830479,-0.3078762988866711,-0.3492120779111777,-0.06449878283692528,-0.18912189291903636,-0.15942410203339574,-0.2872712277920034,-0.0170137434188194,0.033436748037076934,0.23613250235591754,-0.07646040643350378,-0.2678987319140073,-0.2860286023884035
-0.3407063133042168,-0.12894530344824962,-0.489720481009356,-0.10695469478342377,0.25497536485091643,-0.17592737550399717,-0.27449365687631705,-0.025759292892512886,0.6534801832588695,0.32681641112328386,-0.09088830160011113,-0.12009185027563427,0.2306041328987107,0.25079259821735084,1.0,0.3372399606882228,0.040524796513614514,-0.3805011719509369,0.07852809230286222,0.11040264859395045,-0.007280481078872965,-0.06899475617064167,-0.5153673106525433,-0.49844642869944916,0.5407058158973829,-0.11772444591345747,-0.5895086652171029,-0.25941358616082305,-0.01603659797064527,0.22443933587159315,0.22862098887305957,-0.16598180918987038,-0.2176514570429472,-0.17116707072457882,-0.22710512146889641,0.04846886658239565,0.28992261523729096,0.05234893931507357,0.10192325454858436,0.19639966042387608,0.19749193923907432,-0.24342536287595126,0.24465153303644144,0.20881887670551894,-0.015053577044421384,0.09662259203869196,0.2504400730215921,0.4185753635341258,0.05088841038958337,-0.2734596418459674,0.09879432082155788,0.26892690034596806,0.24382280391124808,0.19993202606299118,0.019707625670658552,0.20716874688689813,-0.3158838462575406,-0.1848395205890421,-0.14154613802930227,0.05099395549542681,-0.3905418955012325,-0.14007774081036892,-0.23601809706505694,-0.19981412129418355,-0.2594653808110549,-0.3910093460201999,-0.20200980806162036,0.17570071378040159,-0.001820943889353893,0.03199701492529981,0.21026731334986837,0.38887974309142037,-0.304722774590809,-0.13800462677350778,-0.17245266766463035,-0.08659792475429239,-0.2438356242174214,0.01421186949565236,-0.13181397433266911,-0.08325605077292804,0.23125673820858533,0.2732646073510661,-0.13975473060571741,0.11697302834399641,0.23626999050785333,0.3272519670922437,-0.03428054710684706,0.3019880868040551,-0.17126528227410678,0.13584525363820413,0.41581485383235406,0.19403962515273357,-0.27693567642701394,-0.22116965004644895,0.17909899508150404,0.0260364357230066,0.038789808835877945,-0.010555583502219707,0.05401809179788421,0.1802490614732005,0.05663402480746675,0.2026240429885106,0.03855435170426487,-0.18135065361694622,0.01633718856212219,-0.11747467326933274,-0.1288316237545023,-0.31894327235769043,0.16602354108024747,0.0648683546734797,0.3589357455263804,0.17819204970084326,0.09291392185609794,-0.07364852970829036,-0.11350713800663355,0.2315286125677827
-0.37734877160013713,-0.4284998128701114,-0.1810700440666821,-0.10280653770843438,0.2396624658916294,0.3122911938104285,0.06289244889888261,-0.049705244014751515,0.21394737236989472,0.34630894612272545,-0.019224259550893102,-0.30780004519838733,0.11375116407239748,0.057830950972330465,0.3372399606882228,1.0,-0.14210182043797595,-0.2169999886650064,-0.23128960215271302,-0.0640834392275633,0.2632413749849191,0.5231601041268092,-0.26821915909903155,0.01695008328950923,-0.001180308205189018,-0.09142597676351885,0.09010795405522773,0.3374550708844887,-0.3068212204995677,0.4996548667699175,0.2676513497305291,0.195575587321142,-0.4348784066467051,-0.5484096673560239,-0.411219618822611,-0.3739075410281901,0.3764311602570254,0.29721959713886853,0.027165546606684726,0.496530286324315,0.29222304573990654,0.039739228435658,0.06191410013347491,0.02416871559229528,-0.13302358518064467,-0.04348395315105415,0.09860851501073133,-0.10581705814478984,0.1236896423378448,0.09129782321990006,0.030734667152446597,0.09475472451896909,0.22685382532976694,0.27639697324449847,0.29087856285369196,0.5053620496870392,-0.4867735225017625,-0.3774400738240651,0.006791374033357935,-0.03859561269703399,-0.45932146670830465,-0.3010784322710357,0.019493865481498788,-0.35146956546009067,-0.3334938229193204,-0.42361244521585045,-0.41254829153574474,-0.18875053973117678,-0.10077548353929787,0.1331385687467968,0.009437384851036386,0.31928566547482884,-0.14152993779800657,0.2749178445890351,0.2599424125845281,0.25807622466850716,-0.3805448437170672,0.31030867439972054,-0.45408463899191404,0.09432408058168076,-0.35221759838253014,0.33086411477990996,-0.5970137928407327,0.1594680395304717,-0.05105663623828014,0.43634080976827494,-0.4006937691335752,-0.0691450886173344,-0.2074981933911911,0.32558557801968546,-0.029572668771088564,-0.013439969560567847,-0.019681876692954778,-0.03621266335376906,0.474011371661706,0.48298732755533036,0.3266090411204027,0.35073774165450217,0.13163114416525876,-0.030856812702918165,-0.2465837100406092,-0.09955583578908012,-0.12458264626189806,-0.23235798794895865,-0.13436687945423761,-0.07859809887718655,0.24681413104671382,0.09527363312954557,0.47360055613326446,0.45776813346525463,0.24052112873712458,0.36526436075408325,-0.031822884620955984,-0.1267016074020861,0.033999077937887576,0.23564710224192106
-0.03487432216950365,0.09076398529604755,0.008866905896774862,-0.1737392369764708,-0.14941749544564895,-0.12883676130382224,-0.21000280193621346,0.061123423589679884,0.13465401454122392,-0.03974572134661012,0.46818386773431014,0.012140636275272931,0.2701294800319357,-0.16348716658419077,0.040524796513614514,-0.14210182043797595,1.0,0.5332780651665627,-0.19539578688408546,-0.17482449066808933,-0.032263978720790044,-0.015085220787593166,0.05027664573118374,-0.297360761635892,0.2457732894679778,0.12931180847280443,0.02467189334853513,-0.03793579211490758,0.5231418307430555,0.020007229926666106,-0.014485451578009503,-0.15257933012066438,0.11589798389455723,0.29594633629779993,0.5156993829614086,0.5087133780198422,-0.1785984407500241,-0.10225002260062273,0.03816295384422707,-0.2956158834754998,-0.15250321276826384,0.07276868294926632,-0.3291702103779541,-0.16733406346387825,0.17289374919823522,-0.24802977129073145,-0.302628737970036,0.009055063799518249,-0.12094938452243197,-0.1154087642259915,-0.28544059984976816,0.23526889090206693,-0.30428682403125096,-0.476495550749099,0.1182106081937357,-0.28159816374021474,0.1942830779768321,-0.10298068527848701,-0.16349884745767507,-0.007059278728249054,0.009576457909428756,0.0069553728154354375,0.18323039329986318,-0.04838843502405977,0.06725909886978865,0.23276625710333176,0.2485483959788963,0.1334177069944063,-0.19539102914064319,-0.2829095145949141,0.3712788137373309,-0.18627174810426914,0.307025225322234,0.2551342664497995,-0.07674034260524618,0.2568099263174659,0.5419249503726208,0.08146288872113339,0.5352463050874277,0.4312786258574367,0.5002599681180304,0.2661422548641272,0.14947564446728767,-0.4027080580764712,-0.09870785307497806,-0.16013833459079693,-0.054463259712471984,-0.021675142872383053,0.2977265000246459,-0.35137242885434594,-0.08147340289131613,-0.4050951258809983,-0.17325334088260777,-0.28926284138451286,-0.19421188579188872,-0.16922765651203805,-0.09139106035139899,-0.18905151191093567,-0.08343984405840957,-0.3451161954496102,0.21904446977086853,-0.10778150191957775,0.08362754050940767,-0.09876091363653505,0.11972539623644053,-0.06360534861575594,-0.2671226254613165,-0.060678734310731744,-0.23063992671613318,-0.22344954913198614,-0.10459378584950943,-0.06579667613820524,-0.08993171126246052,-0.148309615751156,0.052772786777582,-0.188542841784831
