1.0,0.45695279183875587,0.3815037357504112,0.3407929233913244,0.07380250142227693,0.2423314071026665,0.3656309493626781,0.20519771304258322,0.005817460019229115,0.15882881338644703,0.21213724537477968,0.15139206713801737,0.21163197212347698,0.02441862224400572,0.24873479370305696,0.12105965822324828,0.2110726263347769,-0.1065386553976125,0.6277362796592254,0.4400272436905507,0.11762408152776699,0.1834938724179912,0.351095110549356,0.2490679200389456,0.11433700935477292,0.13989973594348212,0.3132356854287616,0.17611912729173493,0.17002361822717238,-0.15530883476252166,0.1426877437322821,0.06599119956841576,0.34120509070640476,0.3986175695519087,-0.14601528418601292,-0.0829588451415716,-0.058504480838386566,-0.15400589295442563,-0.025040373953160607,-0.09638588422071595,0.03751456738134886,-0.028096988522745333,-0.3368053999318444,-0.3010706364040387,-0.30734849956153437,-0.2797648709476924,-0.3146238010384494,-0.2287982112181418,-0.3121946779891855,-0.22794878465460341,-0.3377820372455368,-0.332051668736473,-0.17940947225693415,-0.36924473480839365,-0.165126861216069,-0.322882303858692,0.5929700034594816,0.2630995448349814,0.053062597272812886,-0.04135334055319333,0.27117341495198377,0.10384669522253773,0.2819876048684522,0.18177320411011746,0.051513289449178615,-0.12381693062672747,-0.12565874534458696,-0.04040707562549267,0.251253235055353,0.06169126953543058,0.10422281331026072,-0.0009271919516570914,0.02197922282969563,-0.09589873503015114,0.07950711034450768,0.001698680185936073,-0.08782706240532016,-0.18222370711875963,0.13071984671753417,-0.15215121294052905,0.21004659989657945,0.017344341065517403,0.34314635785390163,0.2767482922806418,0.11734180155944668,-0.21737414916760542,0.24127598738633266,-0.0711636043566981,0.22917944578929256,-0.03999205390380461,-0.09100382364891256,-0.32003979431332197,-0.3720978363118289,-0.31981291166299824,-0.3049027799992747,-0.3261535907506942,-0.2397659376557295,-0.2974857180080687,-0.19451546016632476,-0.37598426108718996,-0.1194123474179463,-0.2530046585857195,-0.28834130906284217,-0.22402177533955647,-0.27772362450768906,-0.1792428479549253,0.06439454983707181,-0.04215608464732027,-0.19861315084309347,-0.2601098741448799,-0.2666505889065695,-0.4737734474330275,-0.311805247982987,-0.3547007147107475,-0.32609172419550964,-0.2871588152807341
0.45695279183875587,1.0,0.295164145091543,0.5195255674792195,0.027234691525424685,0.12534956437343403,0.2504046130200568,0.49595810426596637,-0.05643659893935613,0.1754745114155139,0.19396950472767013,0.4287300019225161,0.28324088172417305,0.43680635535106577,0.04657225140020844,0.21266556206211068,0.3035415036548559,0.17198400924006566,0.5688717296776964,0.6848906046419885,0.05102803751886629,0.13168576506118798,0.2875947993500511,0.39871685040923877,0.032574505343836914,0.14687485075397425,0.1080565755925496,0.03525496512377515,0.050359498363961336,0.04437819782991169,0.07361362660399187,0.11315042193007925,0.19413930891742687,0.5796529352025714,-0.3109314743471748,-0.06476474930851067,-0.07818137357540184,-0.10514703224726943,-0.053810017275253544,0.06644294629757512,-0.006467712162842949,0.04901718906107916,-0.47134918261803505,-0.3827149059687346,-0.40627461683271826,-0.3186660245558261,-0.47564746961244947,-0.37304906222556605,-0.30123205881781273,-0.2720189262488684,-0.4199600487457101,-0.30410987926084204,-0.22855961795120572,-0.38806032068196245,-0.31194298081316424,-0.3626559561925764,0.24383001392756412,0.5954537247568065,0.0005649362274823999,0.18018462538476396,-0.00270491698145114,0.3171532929821919,-0.10796923673387974,0.2110582290919966,-0.20782966060226032,-0.2270572159473295,-0.22385139414566793,0.022989555970185056,0.2693892842173518,0.2287287775996624,0.07604758065206423,0.09061559923772293,-0.027629330942365454,0.05282518191387159,-0.022238698800173436,0.11992132537574529,-0.08837502990855464,-0.09772520514666304,-0.12145421767715711,-0.05933211854406475,0.25101361571629444,-0.011464685476359714,0.198922146495182,0.27282878085246615,-0.05802914916012143,-0.34361702137746125,0.22854201023541684,0.0780214662336905,0.1925272822762432,-0.1857689490010207,0.016694998332195597,-0.27437167969319504,-0.45535225113442146,-0.34482654298178944,-0.13177178603476297,-0.4271405051716303,-0.2563653682610033,-0.42371805910947197,-0.220659348686525,-0.518009116978539,-0.30715538173363244,-0.33422173886386386,-0.2974504483722995,-0.33090458876175083,-0.2957975251313952,-0.24794559337347052,0.09390985321889318,-0.03505231872680372,-0.365916322679491,-0.307976068725629,-0.28986028947142034,-0.5679106424503233,-0.5279073906087214,-0.5258849327599799,-0.4503978906250108,-0.35999499867669466
0.3815037357504112,0.295164145091543,1.0,0.820450372350559,0.6839632092507943,0.6351979213263726,0.9150553154092439,0.7775195627384138,0.6678513591624446,0.6769074115986172,-0.07120182466074843,0.03741708677285523,0.4897431671841074,0.23464274673977406,0.4147227698725394,0.3432594895229082,-0.0489716266115143,-0.40033414118655114,0.6819008774972618,0.44907637811048495,0.30106330713791984,0.35048292082160365,0.8635487128667491,0.795556694075455,0.6185674485237022,0.57634190378869,0.5544142635284539,0.5668984070117471,-0.06804180400495902,-0.19856885799798848,0.31732746796873096,0.17272594901058327,-0.16964221284809403,0.1330563146398467,-0.19076499960308593,0.17829210254636813,-0.5606927615505771,-0.4399146950199335,-0.38566185717064017,-0.18813386287044823,-0.406494762960805,-0.25366028276318286,-0.48570303840667267,-0.5087984160966619,-0.33322563506922365,-0.25722755306172734,-0.5355913360327625,-0.3830711754700509,-0.11984049632666072,-0.28822567213362654,-0.2305047372816576,-0.041577673903838167,-0.19037740856702007,-0.31537895572301133,-0.5252940450911824,-0.6054335929251333,0.004848483140870252,-0.12882674084138904,-0.03447530022798624,-0.02556534476667669,-0.1042484035238263,-0.2313426223284269,-0.3597800403619286,-0.35019207653238393,0.1364557421640488,-0.1379715999342291,-0.2821782230410615,0.10703990660265636,0.10040714790052956,0.06459774509192476,0.5068969381973508,0.30472959131654365,-0.2838678517417733,-0.0900287045391082,-0.2749178128595554,-0.08387698561578673,-0.46668617376104504,-0.5094375766216398,-0.36650946866517475,-0.5013607121973793,-0.16817325490364218,-0.4270206317132338,0.24041893089116995,0.13512422961590903,-0.2525774415235935,-0.4992760863076919,0.08926759662743772,0.13552143798100133,0.3891246146766647,-0.026763864232778187,0.1346857603352681,-0.010368868350535645,-0.030013881466272704,-0.15302778281332455,-0.3210447532214773,-0.5525234297794253,-0.6221076673118056,-0.5187919834220025,-0.3316825105597769,-0.532516778962084,-0.15147481242971195,-0.20801213076135014,-0.22865720156444144,-0.2511502156824689,-0.4984169159585448,-0.47332795618779944,0.0527329966610051,-0.24515535663716873,-0.5616033874404655,-0.4829900269644696,-0.5846816252725535,-0.5989573709273089,-0.4747116544498064,-0.4897714499398419,-0.3987087636124972,-0.5161174299432402
0.3407929233913244,0.5195255674792195,0.820450372350559,1.0,0.5461396334322929,0.5425666062504289,0.731583937550145,0.8693882629694566,0.4941295818542026,0.611697412836139,0.019072740747408307,0.32165720462305447,0.48680417199075293,0.4563886789966761,0.3857411445430976,0.49416040913544723,0.05870875016277771,-0.1836430598995181,0.7556723480746909,0.5431201167976388,0.327594133928554,0.34683616468069495,0.812951808872999,0.7912689543300856,0.5214068711147117,0.5448852476770282,0.42730760647221816,0.3753717716994808,-0.010663530502360427,0.03286615205172984,0.4253600246370845,0.3736792220616717,0.005179398833752833,0.32195239652218793,-0.3448405916994281,-0.026626208628854328,-0.4889669110846228,-0.33696727001520016,-0.2585167151733803,0.008752079808396242,-0.2949196300478103,-0.06845498263209993,-0.5658023169708747,-0.5928498996435637,-0.4414298648790126,-0.3574897259358821,-0.5989997789445349,-0.6008170861486218,-0.30065356455931025,-0.3291946777224236,-0.40512745038108516,-0.19500662536883964,-0.30512762653001935,-0.3458108095102363,-0.4709245664844801,-0.5003417256957194,-0.07072872599822044,0.0896173595648202,-0.20185083192733497,-0.023381053972498383,-0.2789754378500898,-0.08334447859796953,-0.4478123743090659,-0.21104768528550613,-0.013126019707495551,-0.08612797718178979,-0.3579208985285113,-0.08400772163110731,0.06585934705942868,-0.011411882274993911,0.38644600823290826,0.3948239264597682,-0.18243001422761443,0.10920616067573881,-0.1699975022913813,0.11293341410081253,-0.4574928242850778,-0.4441565931226857,-0.269787057533485,-0.2446866679162088,-0.01431513829469848,-0.211986108141771,0.33119288914196326,0.33013993956645565,-0.16150795511126909,-0.33943718184663996,0.1303859360017578,0.18878361410990302,0.4334520791146754,0.07306246961010794,-0.052768301850052456,-0.2099017795978671,-0.19385995320043803,-0.25398662279897477,-0.20469581174964468,-0.42568990110419846,-0.5642159915107717,-0.4341865786005708,-0.49592303311854896,-0.5548658070981273,-0.209961157322607,-0.27052237521129696,-0.3433727641838253,-0.31799926059748945,-0.4281222856582344,-0.359971033313187,0.10052844002258494,-0.17916431375101552,-0.3941691489360155,-0.41113270529583057,-0.6123703814196342,-0.6581659901399304,-0.5368181152918381,-0.45116198962946163,-0.2990242388885623,-0.4443645493870903
0.07380250142227693,0.027234691525424685,0.6839632092507943,0.5461396334322929,1.0,0.5587048441180321,0.6396933317979853,0.5327534313465254,0.9056463617557493,0.7250255646329542,-0.07599493136976793,-0.12901147374398822,0.5244065433070257,0.14653362085196314,0.62932046432923,0.456958503296136,-0.1129029945623152,-0.3561868323147968,0.3861033299015995,0.2525300748849084,0.4628008863865376,0.25040368921566974,0.7311270896264461,0.6311858814055499,0.7885987246541408,0.5365753275464362,0.6062302809224149,0.5590965984597157,-0.01264655568707312,-0.1335059380410474,0.3588283135587427,0.26344060371894873,-0.4213142226256341,-0.19457662139591286,-0.1879619909389328,0.14976883000971675,-0.4860975105654902,-0.30812248563965594,-0.24492047749028575,-0.04576773811455967,-0.36505018380452264,-0.19491210664208367,-0.3994682675811315,-0.4404009242170282,-0.17914370263461193,-0.1718854768448273,-0.44261063044941107,-0.4787672196793577,-0.014033381927545274,-0.18151917091526032,-0.13870235622307306,0.059036785572486004,-0.22829765539011015,-0.2717159546419498,-0.47937763177038917,-0.49761752811425003,-0.052831998297753584,-0.22636985961038256,-0.019037801177074664,-0.07027081138495142,-0.07783293697519454,-0.3479863627072901,-0.27852641245068405,-0.41734642048289133,0.22503429302247527,-0.0785210191548497,-0.1371432704557021,0.028042860509223045,0.06181970135954244,0.055656087651087385,0.443024709575565,0.28588628912160985,-0.2778338392947154,-0.05053696491794577,-0.28507926998536676,-0.08247501758916789,-0.49820745841752817,-0.5674763438536735,-0.33142239179102473,-0.4751288917970793,-0.06840740817870843,-0.3322498300109347,0.23433970276072572,0.022484192616228492,-0.13687176906597026,-0.3422698911633753,0.09792152509231077,0.02437422763572204,0.3322477746959033,0.007039553214957832,0.1664082460435505,0.08871299981952065,0.1410222878973523,0.061704128565681554,-0.19479731741690529,-0.38831611487428713,-0.6258219594318498,-0.4061019544967831,-0.3289652725397023,-0.37043792132884673,0.02396320829035511,0.04394640695721678,-0.037835533829459714,-0.056423493672720815,-0.366345934443718,-0.3308105006784249,0.20349721520564462,-0.259035080288148,-0.39220910058379416,-0.4968892796440983,-0.6054233697046767,-0.41355943526458466,-0.35390691288150095,-0.2730778778874312,-0.18732990404516836,-0.3975650939913902
0.2423314071026665,0.12534956437343403,0.6351979213263726,0.5425666062504289,0.5587048441180321,1.0,0.5867194074221415,0.45644198675352626,0.49597906720269586,0.574630414870763,0.052290461248802336,-0.018385920161706207,0.3631094403085595,0.15948955947920468,0.46375368810796896,0.4927931350360626,-0.03436910129637428,-0.33887549090375535,0.42593773607556973,0.1268012937729285,0.24946899649780901,0.5951019240317802,0.610241711046798,0.3292892417807521,0.47663399501508297,0.5889042882868469,0.8053062599390436,0.7202677267093163,-0.027980493866737007,0.004656879159332557,0.2986650630783541,0.07056538710774526,-0.17013301126832284,-0.11242911352215494,-0.34804439057874836,-0.16724660038491734,-0.4736425853543623,-0.440396096225038,-0.31537918307853774,0.006660177826119682,-0.3713720765188288,-0.12608719012252975,-0.19809581098930662,-0.22066191253381498,-0.04842865372791593,-0.07309476566495116,-0.24832718538594545,-0.30461294348871826,-0.03203150685405941,0.016742800966125633,-0.13558380157464314,0.01311031342189363,-0.10195670454324697,-0.20024384508397913,-0.31123411178630783,-0.2437803346442073,0.046069456520572864,-0.09724955672209315,-0.014474674601368554,0.05913009005318042,-0.08970520579903328,-0.17912443161471223,-0.24022350370101303,-0.1525597979784226,0.06091397902813943,-0.08573960709655482,-0.24409753280695634,-0.18220357333442802,0.014506922225560019,-0.03457954061409186,0.3978653996453611,0.16282984626845617,-0.10386524617681128,0.07988847270565215,-0.04971463616551293,0.014096710124611618,-0.3290516249813679,-0.49451224630686047,-0.10525769358108625,-0.16646919824649128,-0.11994463815576394,-0.20235080220997823,0.17741465624783512,0.23352319312332923,-0.23669606457073022,-0.27405084898624005,0.03292402721620374,0.4496404914056889,0.3049135026764888,0.0032432568746098636,-0.03852786099108113,-0.2399491431581213,-0.10252454138537459,-0.28518405441170314,-0.2580498798077844,-0.295436177040586,-0.38601860850731456,-0.30041059682875776,-0.2264955936544919,-0.358860160283191,-0.0989245705455296,-0.22832793561478376,-0.2062843395799013,-0.24443751550252715,-0.4193223540463899,-0.40414756208216146,-0.11907114208776347,-0.32291829991899085,-0.358810724239954,-0.3874478140355073,-0.5828688454342535,-0.42345994391481834,-0.25146368450680856,-0.34301540219494625,-0.27799747002008657,-0.3094856046179706
0.3656309493626781,0.2504046130200568,0.9150553154092439,0.731583937550145,0.6396933317979853,0.5867194074221415,1.0,0.7495785358804252,0.6584950544564475,0.5935791167543372,0.06976486349254135,0.023356069430717295,0.6353335036053486,0.26221636940636356,0.3920973985479222,0.2904217515074476,0.052143906803613166,-0.4086125065294132,0.6089328062726269,0.4410406123349147,0.2496666145503313,0.3125953177388464,0.769873157989208,0.7394543025564493,0.5360330552400893,0.4885601668279315,0.5501787378149641,0.5272204062754922,0.00896120388146819,-0.1882909600453324,0.327645000494058,0.16650895754173606,-0.16066715955317162,0.14425220178925696,-0.1766706680551682,0.2306244332698024,-0.5798399441995941,-0.5258283089381176,-0.39089324955229554,-0.25016879999844427,-0.3811948851667838,-0.2866997414411243,-0.4741543564419025,-0.4761871296600895,-0.2707889901529015,-0.20642897831932272,-0.48960878769410265,-0.34887609290347854,-0.10349124226037075,-0.25408680591669,-0.21346424474410114,-0.03906421925120599,-0.20270981875610142,-0.3030733400900731,-0.522102016318815,-0.589542962512393,0.011967907922102415,-0.25221363722656304,0.03537374254794681,0.01665437050286822,-0.029330313411345996,-0.22416866566593294,-0.28893401671843066,-0.37024257640339836,0.10970826330929206,-0.19305494804903697,-0.20685504553190698,0.13253621975623053,0.11682666126931876,0.09198780545668697,0.5333899588911692,0.25638090889208537,-0.23569053336132867,-0.12251135825914451,-0.2951762758574356,-0.08818097110754532,-0.46909818739647,-0.491132401592229,-0.24683902735330066,-0.4893882311612522,-0.12889351937054622,-0.43754874294819857,0.2398128995008564,0.10032406629308904,-0.23701875067824904,-0.5106008174690205,0.06975469237605061,0.13440132672178845,0.2831169058901055,-0.05088450304458935,0.14084800109641718,-0.02224676602915811,-0.07871388403421088,-0.1818544097288098,-0.3446337114348712,-0.590035157318712,-0.62256118895723,-0.5006934094288032,-0.3100114714408603,-0.510802259950778,-0.09653673262911983,-0.24356745356350992,-0.23637984479589816,-0.3033081348396796,-0.5094933597311812,-0.5167057062747689,0.04608844071118453,-0.18546526444703815,-0.5712209714574544,-0.42071181798048,-0.5588316959164457,-0.5331891768100271,-0.4958450994691594,-0.536531998958475,-0.4191135955710646,-0.5283291418144515
0.20519771304258322,0.49595810426596637,0.7775195627384138,0.8693882629694566,0.5327534313465254,0.45644198675352626,0.7495785358804252,1.0,0.5578131077954088,0.6635195415581209,-0.06002830244802372,0.3167792991962593,0.49869614502533044,0.5730114512226234,0.2635100421871811,0.44709430360809516,0.06866161184355543,-0.1485504000752403,0.5857607048044191,0.4895555625623415,0.2857492414863131,0.2322275819804949,0.7009908165529398,0.8200162060467687,0.47784856055126973,0.43916099763850747,0.28206184101363935,0.30704238897066,-0.11265000141923938,-0.0006934431864599382,0.354596063826698,0.3300933042138173,-0.17515873995855463,0.27213179031950774,-0.3549269181025165,0.10563065088744628,-0.5408827885589954,-0.3519255524604523,-0.3154224876568926,-0.08271532275901852,-0.33574679403340735,-0.15715652841889607,-0.5632763647371448,-0.5960317695066729,-0.4363541931826134,-0.3462875179555649,-0.5496099789268674,-0.48606865779915903,-0.17054628962528906,-0.362397263345839,-0.2673813909469301,-0.10841933828149965,-0.1925607750011741,-0.3682244875067526,-0.4644549644526166,-0.5877709995168114,-0.03285309155424154,0.03955375563608162,-0.11204413212634254,0.04512937155629769,-0.300957568535901,-0.06754656972923889,-0.47396364902489774,-0.254073059195139,-0.11063740512168899,-0.11447123418760273,-0.35643837837718834,0.0473054444498841,0.0560042674276452,0.06808726027354868,0.45019927646526553,0.4090901906251194,-0.24808266084176106,0.08280328787607534,-0.2882536083860897,0.03482922097753877,-0.5117600687535084,-0.42712077723012654,-0.36402313489001686,-0.3934708345159177,-0.04041535113337447,-0.31464376951625317,0.18840854955908093,0.1815737766721078,-0.23836732627988375,-0.43422167127720707,0.1373566114398629,0.0847684033852437,0.3566708052305753,-0.025981304294774438,0.17290311438498226,-0.08749172762425618,-0.06978265488090521,-0.18502960369879703,-0.2233185352443469,-0.5044228584790724,-0.5720080119106675,-0.5200698442480841,-0.3626083943601091,-0.5549921283009477,-0.13830997355860053,-0.275313580083674,-0.23856851256401626,-0.3752532080929992,-0.42229823473155953,-0.4652228143169501,0.1659840286333158,-0.10721986543523843,-0.46928594523225353,-0.38977549534030875,-0.6045430132422018,-0.60741795089064,-0.4955934560498149,-0.4825461982479841,-0.29894798067243644,-0.4955412171870657
0.005817460019229115,-0.05643659893935613,0.6678513591624446,0.4941295818542026,0.9056463617557493,0.49597906720269586,0.6584950544564475,0.5578131077954088,1.0,0.7385108793216255,-0.1045060409740635,-0.1335348936134159,0.5454715254385353,0.1925203140863969,0.6047409817819803,0.4636283491402654,-0.18936080852358655,-0.3436589275649199,0.2860810851898019,0.18630814538007706,0.4334258041289115,0.1962527836036299,0.6718458918316627,0.6047351088379613,0.760408875254114,0.4888427900519342,0.49021032030291795,0.4958646484636075,-0.020799547102686132,-0.11050552714268766,0.320036977527665,0.22637792481328925,-0.4749682559855647,-0.2115521034498378,-0.12916308785007902,0.23346267355541617,-0.5219856916924362,-0.3193866296703524,-0.257840957924781,-0.06208474958390887,-0.3393336909654185,-0.2319054180670832,-0.42644246794723206,-0.44695026943238664,-0.2019859883230851,-0.15853708745400003,-0.4768114445304951,-0.4136049501659356,0.01812067726763975,-0.19709908011769847,-0.13869272356748977,0.10594710515057197,-0.2805031341623303,-0.272110198049145,-0.4831516962463508,-0.5217556110625929,-0.1064945585591752,-0.3349105620371868,0.045708549803917614,0.05158904853991356,-0.1226059239278298,-0.30177678028908406,-0.3502552279191572,-0.491777086994112,0.17050390606781032,-0.044558766086502104,-0.11353011058636618,0.14141073990288638,0.07922487738032964,0.08730781883144316,0.4942060413273101,0.34408044414775424,-0.24095576824830897,-0.041939202782273526,-0.2878940334398723,-0.07725125620326317,-0.4577990527096316,-0.4484438860534453,-0.36550607403537666,-0.5248706212780107,-0.19086874045277116,-0.39813724541754186,0.18394470841510913,0.0019225451161360122,-0.2268027248162249,-0.3539749844099959,0.05391996733104426,0.023008122048667173,0.27279628902749165,-0.018712442787521072,0.23826431787193722,0.19194025673342313,0.19827981873743572,0.1303386368500866,-0.19099219981562054,-0.4053938506194138,-0.6377291617524553,-0.4275953702959741,-0.303128705214212,-0.3520728928341793,0.052270689390549685,0.06182445722771467,0.011878495398862213,-0.016780200486320413,-0.34361651723075165,-0.3193496842744963,0.21386614894258058,-0.2258531317855825,-0.4262805340053941,-0.45196075068874475,-0.5511895147011961,-0.37096219114183243,-0.3310896497780074,-0.27820255631909263,-0.1343539919791157,-0.4285544291926248
0.15882881338644703,0.1754745114155139,0.6769074115986172,0.611697412836139,0.7250255646329542,0.574630414870763,0.5935791167543372,0.6635195415581209,0.7385108793216255,1.0,-0.1503163657438657,0.21017185213122025,0.402490939394529,0.47642435221107005,0.512501589995284,0.659962137881285,-0.011124144850066655,-0.17198297413997987,0.37688143099144117,0.24224774568579346,0.5646244079577892,0.35978113279775253,0.6449849838212736,0.6125739786867733,0.7730693076407853,0.6849018736009327,0.4155127374711695,0.37609543168788206,0.0629103952799749,0.1705845079788711,0.39425280923988226,0.3185691641268546,-0.38007235257962074,-0.16030791146862458,-0.37819400107549667,0.07907701389843047,-0.3499557755782668,-0.05411705446775353,-0.10322064637892477,0.06536682678552769,-0.16390397868779977,0.14920333638169758,-0.5571387637726614,-0.602638591637208,-0.4014894428526572,-0.3758103448698672,-0.5784339576595486,-0.5496629785837949,-0.06614610207370464,-0.32488129899204565,-0.2460313098951659,-0.0792603550193357,-0.1710930584476464,-0.36120999373351026,-0.3482140635602603,-0.5461930827102496,0.01673520735890244,-0.031249451741380305,-0.015603254412998513,0.06845278878792645,-0.27325615705894446,-0.1662588766577113,-0.37497368900440364,-0.3540685248456881,-0.04599274246444692,-0.16440142309652972,-0.3045614625859133,0.06256925581694714,0.11956310028959434,0.07667170607020474,0.6564438717413887,0.5974152238673128,-0.08136259459055563,0.3132089916575519,-0.014611633503514642,0.22560231752484705,-0.3546584656956443,-0.3599292912591434,-0.3153156531498984,-0.4183919455108585,-0.020906759126395922,-0.21621102170400666,0.22110393716608578,0.3039499191145564,-0.23427924949740425,-0.38213855030267546,0.23410118748485328,0.17362898146062689,0.40675349056099425,0.0032515652584192843,0.18057703803553363,-0.07080855963277602,-0.019603752162775198,-0.08217200198706637,-0.2145596273859872,-0.37264337949510695,-0.6296110094021418,-0.521376876788008,-0.36964807926441234,-0.5802488621425399,-0.06508748910121696,-0.057839892403183414,-0.18985681384361155,-0.17926278188464348,-0.41035850079741476,-0.38194002682371064,0.2137236887164883,-0.3250560928873326,-0.38142536388399906,-0.4721812919306286,-0.5797213084059476,-0.6151209029634571,-0.4676422864471257,-0.4414457125694387,-0.2621403764724126,-0.3601426032934496
0.21213724537477968,0.19396950472767013,-0.07120182466074843,0.019072740747408307,-0.07599493136976793,0.052290461248802336,0.06976486349254135,-0.06002830244802372,-0.1045060409740635,-0.1503163657438657,1.0,0.3561871944549445,0.5006998537609905,0.15083174180529496,0.36200938953614303,0.17280406421127892,0.5215038611308931,0.14256972145918273,0.10957702919296886,0.03717157578686344,0.25159261056837195,0.33632151262975224,0.027258015566636637,-0.085809912698718,-0.04035500731865949,-0.02465942835254592,0.23390054967273682,0.11692348226437344,0.40774488897981126,0.1764413446184833,0.29588301336613126,0.1892369751948126,0.12267846355076971,0.11889496483122178,-0.07685312624866027,-0.2800311316480036,0.059050834375217603,-0.11626859712152189,0.13942459069258972,0.06904893101175533,0.24033245543404402,0.11971454966389722,0.06712722390041677,0.08135643569580182,0.16431271282380758,0.2053897175857915,-0.017110116148974522,-0.20368818956968726,-0.07926217951166777,0.27148371067839266,-0.1905806166274988,-0.1416998409982586,-0.2102805020616112,-0.2492481721928854,0.03509164449295681,-0.005866736260401227,0.0803452522898928,0.041215431352021985,-0.0514155232168552,-0.06571801979106935,0.1304411316283488,0.10009739070839026,0.23265687761655318,0.25036832408629717,-0.0973033729014036,-0.013042886011273505,-0.11825893562640906,-0.2592560014749106,-0.14205432154479114,-0.21124128107569878,0.08241707551060681,-0.055548055017409635,0.3617451833074962,0.059524400253335656,0.2989006931330818,0.08777892142237885,-0.05882179500166974,-0.09730822180312308,0.29964670039586344,0.2235789223641811,0.38422249772897615,0.19942741573989142,0.42394185029775033,0.33026895183021343,0.44271166353081337,0.11550144515315985,0.1331444888383513,0.28637979067918756,-0.02882696651228259,-0.07514206283575749,-0.4163259687555547,-0.46925199799657635,-0.43041662043282886,-0.26069126512892654,-0.308030854710335,-0.17598932526373293,-0.06652553156762589,-0.2067166636392095,-0.1543196964256715,-0.2879994405888598,-0.15676695611458374,-0.2361380948570219,-0.2744172110827221,-0.25288214515257174,-0.2199100554541125,-0.24259772570207813,-0.18414865877610345,-0.2217245782837637,-0.12115385188306635,-0.1801342625368858,-0.23410525536872576,-0.19244922751586727,-0.27821561273012635,-0.19090540958526794,-0.23305615615152445,-0.1604239933769792
0.15139206713801737,0.4287300019225161,0.03741708677285523,0.32165720462305447,-0.12901147374398822,-0.018385920161706207,0.023356069430717295,0.3167792991962593,-0.1335348936134159,0.21017185213122025,0.3561871944549445,1.0,0.20676380300598313,0.7377430001748768,0.12434464669948843,0.379472923055459,0.3525282678163861,0.5554467338061794,0.14777539392077418,0.041554089827114345,0.33838327621165104,0.2067788702693182,0.12396844777261203,0.09885494613488288,0.12229994668827379,0.21501531492293383,-0.12882591933741752,-0.18113205989520567,0.30239616129686425,0.5828501356352048,0.3978028243628237,0.43132570740520093,0.09967469063680634,0.22992533994832506,-0.48772382871812614,-0.2957559734455126,0.11620766875874455,0.26959488818781824,0.14771045515748693,0.16127474080350404,0.295589693939911,0.44441816215356233,-0.34080335808123774,-0.24366320949312556,-0.38703658268389723,-0.2727699472390187,-0.3813552176633158,-0.36958897380037375,-0.33772348837245186,-0.15512279395619766,-0.47300971314816154,-0.3719709675997786,-0.24028060479163835,-0.3201748003148158,-0.08165934976276605,-0.02488668097443624,0.018672525289040377,0.3459218445299526,-0.1653693435967738,0.007594696423650697,-0.25334388320483925,0.3530470670778059,-0.10433251622118796,0.29777371158043303,-0.4387917142679153,0.03202345986851969,-0.41552260105690425,-0.2646438478054913,-0.1362588272159793,-0.1832534746593047,0.1828663237692178,0.43751961877493856,0.34987892763154815,0.5170749284959767,0.35956970600045424,0.4962240467890483,-0.04347008656282646,0.015350221515275706,0.11378821281791288,0.31267122942922204,0.3610181463449713,0.449811634455061,0.2106981896070484,0.5652042311623333,0.10056191829949436,0.19591480536830833,0.29746989415789654,0.2102635180484022,0.12146293964203764,0.03254836170810568,-0.38394198413210695,-0.40679021105668844,-0.4764676280427531,-0.3248919529207906,-0.15728141510333649,0.02784203565525325,-0.10732816618031024,-0.15422343657373697,-0.3957453342206709,-0.3989414347096289,-0.21982432662951196,-0.18233979182562537,-0.3501288235784934,-0.26605803728087624,-0.14567194107628004,-0.08944578375811406,0.04476654354574464,-0.07037825899932913,0.010691131992791857,-0.050012933519702374,-0.25996935191065207,-0.4942406312247237,-0.4408759001431799,-0.25548657545931514,-0.06217728394183432,-0.04247338959603787
0.21163197212347698,0.28324088172417305,0.4897431671841074,0.48680417199075293,0.5244065433070257,0.3631094403085595,0.6353335036053486,0.49869614502533044,0.5454715254385353,0.402490939394529,0.5006998537609905,0.20676380300598313,1.0,0.4065165351676824,0.6202616081452204,0.4009055817889324,0.29943434001082764,-0.1461917868586291,0.33090184819191654,0.29202457812058286,0.36429358377802723,0.35721029691227574,0.548495822205442,0.4800523040731752,0.4458130932166314,0.3857177608924982,0.4237214416106315,0.32610986700638234,0.3378823058595802,0.02684683875217186,0.5342356270115096,0.41952262116116595,-0.22251663446769504,0.14499897559546648,-0.2611842053721002,0.06449607731148548,-0.3462466943597051,-0.35505847427830006,-0.16703725646155426,-0.09091863198845422,-0.12998059436668663,-0.11058474354515868,-0.3716007226859483,-0.3031256345704391,-0.137393268922441,-0.05753317297624812,-0.4285567254671749,-0.46932934739431575,-0.19920065496548434,-0.039465157849276206,-0.37956443989822086,-0.10868610322439119,-0.32831432855405535,-0.3847986446504446,-0.4007779593629489,-0.42166994085761794,-0.04227033501245403,-0.16083280536584368,-0.06237884912281593,-0.010273609356372742,-0.0023946292148669876,-0.029270054483189135,-0.159457278167921,-0.16542953746121725,-0.01766757412690415,-0.02866321834066912,-0.24133743623780213,-0.09049348226936132,-0.0776751316394771,-0.044508270421285225,0.5018056220793315,0.33867165554764533,0.08786195963936218,0.041886423644437044,-0.051701055165064284,0.08075958050316599,-0.2732536597662906,-0.30456242989144755,-0.05824283932851463,-0.20352295804087592,0.17745972512204697,-0.1743089749783032,0.46203896194382527,0.24096401196616055,0.07228135130723087,-0.28456821384980185,0.08239725671682752,0.22730304470071147,0.250146095973021,-0.07991309291619303,-0.11305394032147319,-0.2365584460011951,-0.2471935282719173,-0.21497671671223684,-0.25464249935876854,-0.450032205794412,-0.5140768472269157,-0.4448301870680204,-0.3939075479234404,-0.5515465580377359,-0.11214156204264664,-0.24699069670085616,-0.2599431060613866,-0.3768821472270235,-0.44078332194706765,-0.43751218969186206,0.09698858652912964,-0.21176490435811532,-0.35537826614344864,-0.3044208073761554,-0.5087390405201201,-0.522426407766696,-0.5475302541327073,-0.3767335846867354,-0.30761909302273893,-0.39818752795979323
0.02441862224400572,0.43680635535106577,0.23464274673977406,0.4563886789966761,0.14653362085196314,0.15948955947920468,0.26221636940636356,0.5730114512226234,0.1925203140863969,0.47642435221107005,0.15083174180529496,0.7377430001748768,0.4065165351676824,1.0,0.18984536052630535,0.5690853880554625,0.3088743519855748,0.4141718392896069,0.16640898234131057,0.11918509332411537,0.38214036231698717,0.2503380477865448,0.3194005945374526,0.31873876946513313,0.310016541076954,0.35233109018140746,0.036874394353847796,-0.05361505261621239,0.2336483538458793,0.5547671065639704,0.48171609292039264,0.5073812849395049,-0.1407550969181907,0.15576837766991497,-0.48615249073009753,-0.13441012350377846,-0.13668960707106756,0.053374289000136924,-0.04056242126751716,0.0544100688568935,0.08402776201222381,0.28142776323167634,-0.4773973637498919,-0.4260628258686874,-0.44444156345689145,-0.36035239182752893,-0.5057850852752014,-0.5350081808294713,-0.3281031787726099,-0.27933192555691366,-0.44784886698672266,-0.2588530560070876,-0.24079030408031227,-0.32512507262754925,-0.24127908767118345,-0.29767138084514316,-0.06892114680112776,0.18210665834186804,-0.26833039636327194,-0.0011979065236244868,-0.37913347696694966,0.248493424048604,-0.2651070393484929,0.18186693215901492,-0.41683525239797053,-0.0805217821414065,-0.47691374427946376,-0.18533783286544206,-0.10065992139180231,-0.057995031197943844,0.3927638871784217,0.5988944228954962,0.19461021449775812,0.5834652655323883,0.19898137540243493,0.51823752976468,-0.15416785611429043,-0.060039650990210726,0.016848864125249326,0.12731778909132752,0.3235852509045415,0.2816162780938294,0.16064101249298746,0.40535609926083144,-0.04834789136305842,-0.06376741761015264,0.19123204445379816,0.15093103907043548,0.1532504664533385,-0.057071240875401955,-0.12473731211622284,-0.24401611233574635,-0.27813340284446697,-0.18241103545753884,-0.2148833372111043,-0.1370804787359797,-0.39066468881568084,-0.33494234601708806,-0.4308942993601466,-0.5004492161704924,-0.061289953887608106,-0.10441021352796316,-0.24256319829137638,-0.27120309414277904,-0.2833279470128409,-0.27239773411893436,0.18454674853076583,-0.15762373688823625,-0.09939120476198103,-0.17670736627887312,-0.45864185374010025,-0.5693069503230491,-0.4759881848816597,-0.2669858959909629,-0.05386498556690414,-0.14097512761372208
0.24873479370305696,0.04657225140020844,0.4147227698725394,0.3857411445430976,0.62932046432923,0.46375368810796896,0.3920973985479222,0.2635100421871811,0.6047409817819803,0.512501589995284,0.36200938953614303,0.12434464669948843,0.6202616081452204,0.18984536052630535,1.0,0.6410375020879747,0.171701543677466,-0.13275223977229833,0.3561391645235609,0.10355320990792274,0.7175862771960847,0.522675556908737,0.5806317109169843,0.2669887598242294,0.6666521997457086,0.5023294901551679,0.6005771962855205,0.486077023502573,0.48836870231930707,0.20963566315834922,0.6245678677953147,0.4781225828234722,-0.18521664148608058,-0.12360324561309671,-0.2946941862226613,-0.26888851544035736,-0.1065718222861654,-0.01765045618353256,0.19459843103710964,0.24959360460793542,0.15175690246645973,0.15908524510794778,-0.3023432110926064,-0.2603056819367738,-0.11417687861319935,-0.07663570164337696,-0.3472993337185409,-0.54371108457478,-0.211439246765765,0.03311001037063499,-0.39108749360634043,-0.12708645955495493,-0.3877618947924797,-0.3318426688530169,-0.22516872548301645,-0.2497116217775913,-0.055903333534410314,-0.12433419437549915,-0.24207140428984864,-0.1927406982240938,-0.1801184702539394,-0.2015699318091293,-0.12449811104339856,-0.14014078610694033,0.00846601272214351,-0.03266385831661335,-0.37001396660448554,-0.32658393693109994,-0.1526155751382425,-0.24551969355926714,0.4111406700000844,0.39132106006328043,0.2627706182698947,0.19771911302760015,0.21888803468251405,0.1888503965005239,-0.3035275609675141,-0.34514239349504733,-0.012801683199376211,-0.123374538816474,0.17478260777265836,0.0355775270170069,0.6565380964935432,0.4709449957557891,0.15873069706815354,-0.05341192995161406,0.37356370764725566,0.32435870535830075,0.3788225025560228,0.02269743170554396,-0.3077817127397974,-0.33692606102743317,-0.2657405688497475,-0.17498996671047448,-0.12931390260378797,-0.2160796203032792,-0.40001828504378045,-0.2547116003254802,-0.5095155984156248,-0.4768827731255202,-0.17508459908982454,-0.0920999983981761,-0.31339328383495,-0.12799114360945113,-0.3079797911296577,-0.16684849055212395,0.03690884539852133,-0.3556102677406402,-0.1951310734821215,-0.39459222804510535,-0.4977693961306785,-0.49009784254990124,-0.37136210309300005,-0.16679003256321065,-0.10407668623983904,-0.23069758250626551
0.12105965822324828,0.21266556206211068,0.3432594895229082,0.49416040913544723,0.456958503296136,0.4927931350360626,0.2904217515074476,0.44709430360809516,0.4636283491402654,0.659962137881285,0.17280406421127892,0.379472923055459,0.4009055817889324,0.5690853880554625,0.6410375020879747,1.0,0.12634916936474908,0.1405069900269668,0.35678574874176033,0.099637209712861,0.6210355643081251,0.46374011278055816,0.47299544742221233,0.2773016503163523,0.5404135675529805,0.45951405111132865,0.4111953619733465,0.2463243523001296,0.2488855985121627,0.5043717950374733,0.4920603869532215,0.44362100486419476,-0.13156717672310336,-0.04425237754318972,-0.4490706082818451,-0.3297441290811676,-0.2129639718879087,-0.0049101742881068776,0.09563412175531794,0.2619876892636676,0.0847897555388434,0.2238517262928345,-0.3664218040946488,-0.3913507265449799,-0.22097815800096257,-0.22087101951757826,-0.4400683479032716,-0.6536606866230841,-0.14417351416314347,-0.055895854813159396,-0.3683962028501413,-0.09522123564196536,-0.3127088166479749,-0.2894792686092767,-0.2287255945167813,-0.3134985735158071,-0.06922893062342235,0.08299764282730358,-0.23440444477845307,-0.01204259902907235,-0.3079063888807233,0.09169190336398184,-0.26665923285150295,-0.03562438047510755,-0.15511741702046758,0.07812765294155911,-0.3687898134005675,-0.2957912512042104,-0.08112468153618056,-0.17749781244157534,0.42234007040762145,0.524501443655723,0.22518385296287668,0.497042416921724,0.25425430870646115,0.4162640829493257,-0.30268091911937123,-0.27570495397531597,-0.06676417298704782,-0.03447835821602655,0.11998099043349666,0.14792625943543122,0.4076930454122034,0.556836846455634,-0.08712916784211924,-0.06299936770862313,0.3053736232841969,0.3439052702208743,0.34113465998415093,0.06800121778632075,-0.1839002422516357,-0.3742584967407086,-0.2538253667555282,-0.22715226832353805,-0.18561103058259099,-0.13942245837584166,-0.49613040343513637,-0.26954997243476964,-0.5291959318186444,-0.5000661912468979,-0.11327689007340379,-0.14323965636999753,-0.4029206916229987,-0.2934008491802681,-0.3944801218754302,-0.288542614303501,0.1913448557189018,-0.4011600558839973,-0.08071353347623104,-0.32144030865272283,-0.5628187071990263,-0.5344889558244944,-0.36655072487790535,-0.17877935976771794,-0.026652406472111152,-0.21143691755471522
0.2110726263347769,0.3035415036548559,-0.0489716266115143,0.05870875016277771,-0.1129029945623152,-0.03436910129637428,0.052143906803613166,0.06866161184355543,-0.18936080852358655,-0.011124144850066655,0.5215038611308931,0.3525282678163861,0.29943434001082764,0.3088743519855748,0.171701543677466,0.12634916936474908,1.0,0.2812642589424457,0.10798324763709669,0.1387806439732374,0.24620697906554723,0.19247437653562555,-0.02430541668415087,-0.038532752675051074,-0.09555356044710048,-0.020187170589106254,0.0748363755374314,-0.06738721348427858,0.49007162343326655,0.3065534380380007,0.1621920300782287,0.10425800079742291,0.09319547679619246,0.1127359062814255,-0.08159727321333758,-0.23389768091731988,0.2996953794765891,0.012643743495143106,0.19197702751618131,0.05065119414789338,0.29620512470766974,0.2265324731900973,-0.13430594925111775,-0.09055861348862193,-0.1254916924690328,-0.07438682984308254,-0.16137117873015097,-0.2255254900628094,-0.1314266053304358,0.015733662420180435,-0.18612842263335863,-0.15704938561852722,-0.14554031779549584,-0.32200328310614457,0.0036681009209757753,-0.16302161438468774,0.3547301164034241,0.2565749471034325,-0.11563421159287625,-0.039149078714724554,-0.05366587901448209,0.061037386265517315,0.25464969447180774,0.33171417263218894,-0.29482878491307607,-0.22326517006562605,-0.23848174498479108,-0.1811304244443981,-0.22978741877409098,-0.08094512699277816,0.3494390492418966,0.12389496917870789,0.5144890332481749,0.2932961421244808,0.44616747868000045,0.26342705343555023,0.19228581939379644,0.1177956180316513,0.5479747716676515,0.2752013701101532,0.7699229777104366,0.26201569150005594,0.31404679718884404,0.2793842573184669,0.3172696637400043,-0.060467998076168795,0.18164719951166092,0.1429842294473849,0.018957125401849954,-0.2540794275486281,-0.2223656594204043,-0.3624569191452312,-0.4085669887469757,-0.23108169045724913,-0.1206547732054634,-0.20380766248238555,-0.11365671216450453,-0.2905537529178904,-0.1238720270745089,-0.2973557005602937,-0.2573146766259609,-0.207493344434909,-0.26986200669799565,-0.17568233656223475,-0.07907659504844008,-0.018432271478320446,-0.04106112498967402,-0.18172833025810217,-0.026626404736783196,-0.1482674110016733,-0.24582849089652828,-0.3367766798532224,-0.32454912433801886,-0.2906443424115902,-0.1934714952476488,-0.19160532086609053
