1.0,0.6549500115915347,-0.3782566698686802,-0.17288071682221562,-0.07267199527618494,0.06783944206158687,-0.21672571029888654,-0.3397514939550203,-0.21109540002410895,-0.0371286412823148,0.4229851499624705,0.24426463809235713,0.18476148210963894,-0.02514917673317372,0.05858473225198731,-0.05456742242866008,0.6741513963053525,0.557488520360986,0.29111262411697514,0.5773004909410238,-0.08673381912840368,-0.19978950910628382,-0.0930122113990123,-0.2163148785140552,-0.17250710641925052,-0.172030662578657,0.17826556455910295,0.04209702277350887,0.43343335978824127,0.012122610002267133,-0.1707856830004585,-0.2128822246736011,0.29726519276045793,-0.0895590177253918,-0.25925275625062005,-0.45730777921589644,0.10108606933141197,-0.005143528949495364,0.05708901658622787,-0.031302581692341756,-0.027715808456846618,0.05222296944017486,-0.21769208148862315,-0.20407662893212425,-0.3908523439583274,-0.4821759276346891,-0.18391608327955192,-0.2848169415659668,-0.39109534452993355,-0.32828055153351143,-0.10692986184241308,-0.2967916658882653,0.3336996609468462,-0.19466753520636082,0.3462565495570454,-0.059209000106852275,0.8130017855775353,0.6551280673040893,-0.11806403493349692,-0.04054272586917317,0.05222516592285171,-0.018844295257186935,0.5686377932399295,0.5681766646263852,-0.18476341090270673,-0.18128596822704793,-0.2820598195800475,-0.4643800321740717,0.720809640163877,0.16969192336381003,-0.0690926477752925,-0.4386221871373697,0.1999764781226426,0.15618697367822704,0.3400724460014091,-0.11271696498234689,0.24646434515050988,-0.05051165075350742,0.2979420384992901,0.5643413833418842,0.5862434663295109,0.4946386572727216,0.18207337624304015,-0.017198898730193226,0.3716058091126972,0.2986649942263621,0.03988403830453991,-0.11606317829426038,-0.1509916049047375,0.19886872765946031,-0.1429741737946098,-0.2784509536996724,-0.2944569532312032,-0.2941617405077889,-0.2774730911016307,-0.46048336812638935,-0.07363029104803841,-0.20842088748669718,0.1458260281178989,0.10694362948396793,-0.21953863790357728,-0.26534647940035366,0.026360927759328138,-0.06723577676300223,-0.1924227794745772,-0.2716751152461906,-0.13487710571296557,-0.08873870334062499,-0.22490158733489027,-0.23144427758468822,-0.23097289058645437,0.19205949186587423,-0.0065047532772225,-0.1265637175965173,-0.2108074152322153,-0.28578986799990996
0.6549500115915347,1.0,-0.620242177927694,-0.265147211770734,-0.3457587069581647,-0.12478840957290407,-0.49427368428632845,-0.41994950496004996,-0.44005771207502603,-0.13975513658887706,0.2885221741363386,0.37178973994837894,0.0700985708425266,0.18738493025118408,-0.18187896304556042,-0.09793911637293959,0.5369590375399397,0.5482087960127265,0.06830557068281982,0.5912142305399036,-0.08376369999928995,-0.14909877296901505,-0.3569919804299731,-0.31152779553145027,-0.20794927843937827,-0.09400705474609695,-0.024415504677035234,0.0744361329373316,0.25404886830912,0.05719945694773641,-0.2689046489809103,-0.23037119290615884,0.2561912679657717,-0.14514801920941192,-0.2808152648535415,-0.46067163891755775,0.1442573613599565,0.10814217290908602,0.06918301293345606,0.0927973635152607,-0.07502978002198046,0.049163150279657244,0.10016838534699402,0.11368426032986718,-0.181219469281624,-0.2840525122134085,0.05916338602430743,-0.08652939452881428,-0.24116783741892678,-0.03506055169836905,-0.04560568155181906,0.005538801379895768,0.33047037633865045,0.20949452874372804,0.38889333915737423,0.23812900455722463,0.717841824718945,0.7737910907186726,-0.19330742845192275,0.06639084141404067,-0.22960360477243638,-0.05497043490054915,0.4012568945196744,0.5793044174933133,-0.4513207445935052,-0.28065059621222616,-0.26967791971537,-0.4311686491624093,0.6900981049416122,0.23004408767676884,-0.05956436747550838,-0.23119415480509745,0.10109053025664132,0.16770455176398558,0.2730708845518633,-0.10339059918698672,0.13167386843652631,0.07681410826407112,0.26627400932909556,0.5437994752843852,0.5671952184598402,0.5132284682788282,0.05539537831085866,0.12677465348838035,0.260584000328662,0.3987136285636899,-0.06454166690622129,0.00880185147256735,-0.4756410607887762,0.16586414949507142,-0.22947238148773813,-0.4949686476413173,-0.4533263715197816,-0.4621886690979068,-0.14793071290438478,-0.28110065540027446,0.016759518882244282,0.01567355151222544,0.2466213000938326,0.34389485150320437,-0.3548456301548674,-0.1556068776063006,0.04359560006528758,-0.035761331003283554,-0.21989877521935913,-0.24633246027030214,-0.30105386280674085,-0.2036577072183532,-0.07333749254830382,-0.1475984264478631,-0.1503017775863909,0.2114052311452845,0.1604985209869744,0.07743603417720851,-0.11394380508995217,-0.28227865076547654
-0.3782566698686802,-0.620242177927694,1.0,0.4949797481595834,0.471160661561766,0.2555763598094986,0.4817076825270944,0.23701351374959181,0.1970756609336212,0.06374355327340216,-0.24180305227793886,-0.3703059508513332,-0.10809661367690603,-0.28668246541836945,0.20893123231844735,0.11765011487127337,-0.37755070915918804,-0.4652780437133929,0.24059769370855902,-0.47995933328069196,0.593124855577154,0.31519229382502667,0.6142640528226331,0.5190549476976954,0.5036189215953093,0.45024109323043865,0.41838273957702893,0.3638090757598983,-0.20748942224048678,-0.2471768484479221,0.5685052510483128,0.3591573606400954,-0.15238031536348853,0.0743826810025684,0.34934683721315996,0.2510009844245792,-0.12451535050410217,-0.0019198364953912565,0.19967460752549085,0.0008586216849947482,-0.005306197918114162,-0.004939347550447836,-0.2537930597007248,-0.25980922638799114,-0.28262993905874384,-0.1247661976763671,-0.3898311129852782,-0.11622853376704917,-0.02607642068231794,-0.3270972995471148,0.2213058183120343,-0.31786593433069493,-0.48017271649909576,-0.3783240088528407,-0.2906131117786668,-0.4495574698185033,-0.4645977685705936,-0.4078234929774058,-0.020941610295586662,-0.3303139675590875,0.12449879760546408,-0.12899941596033587,-0.30503715664474,-0.4276263476011918,0.5555303820739625,0.46685028238052195,-0.014634214389052765,0.17112108597399317,-0.5019383058261567,-0.2933282187480598,0.2869953014206839,0.38766168222809144,-0.20638640407966274,-0.06938611407719154,-0.1309900267495021,0.22867096818174662,0.018989664123617873,0.2539102109887958,-0.019565437510629342,-0.17636738543696626,-0.3777679633892727,-0.30934263089957253,0.11566952401828952,-0.016544605544361917,-0.07075298918914048,-0.09488920941464145,0.2816108766055073,0.20632312354418741,0.5817942223360147,-0.11959591533756724,-0.047728322282117014,0.18858588763297368,0.36881858482730623,0.32534074084645764,0.17346842113719807,0.10377862060286325,0.030764630752828606,-0.051762611444762754,-0.503153172304104,-0.4377248685341268,0.24586566389254033,-0.03363029953379123,-0.17661596849725666,-0.26412984880438634,-0.14523132228539248,0.017542966652649157,0.09728909287625587,-0.07127171924699614,0.171220321695136,0.18464912771841266,0.24778073103531398,-0.2726879750372232,-0.3544355277577235,-0.1520026452106663,0.24137030983031343,0.1122725683707558
-0.17288071682221562,-0.265147211770734,0.4949797481595834,1.0,0.2438339704329627,0.4236013581320632,0.12257351156362824,0.4166853138283927,0.059436362348624455,0.2701652852512439,-0.4042612360985814,0.019508334995113924,-0.3494013569273534,-0.26754476710095987,0.07921945316456057,0.18710089706820862,-0.16246978915078492,-0.24918203654780058,0.3042182161755474,-0.07424076598465816,0.40110589318248935,0.3684403565081622,0.3515171781571981,0.47448852605578457,0.30850510690941935,0.3321757561500056,0.035109252287126955,0.28194128953804154,-0.0010724609351714816,-0.031691458464020064,0.5198280214945094,0.6386163589178266,-0.07485199983317087,0.04004027203942905,0.18541709210620896,-0.026570663390442513,-0.0706775653967983,0.0033632185572200824,-0.048210157726528875,-0.025572840337229643,0.004682814911977029,0.0029554726086854933,-0.42365788867406967,-0.3255662577549954,-0.46172075576297544,-0.39101529706167326,-0.25953969171306646,-0.2376066281013618,-0.37683598075438546,-0.3894274028134749,0.1631090274668871,-0.4372854953283672,-0.19542853100466284,-0.18928538183302052,-0.35800177723954285,-0.3984934437500677,-0.13867235092461602,-0.1307330749681586,-0.407063961715497,-0.4963697111538001,-0.11747284968874429,-0.07411971636957454,-0.18795126360462452,-0.2971897122332033,0.49427758955443607,0.4392560422729438,-0.4553912011095777,-0.17489378588458543,-0.15877875844727113,-0.38011011179292625,0.11760505593518635,0.33511607729082377,-0.04568623506754646,0.023629315939084964,0.024453516361888212,0.1967000345967332,0.03244775350597595,0.3714631198854442,0.1049107411206064,0.16108454575312875,-0.12212651570657525,-0.08809839945183594,0.24503503603936108,0.33913150050548696,0.19804795593431324,0.31578755147761745,0.2882489586046299,0.1761748081412757,0.37076814189312407,0.049131479079239135,0.050325428191266,0.03305914715226039,0.3926927031010015,0.15665369132024573,0.0896196976906542,0.050322248538191415,-0.05160892584035033,0.07698452879604484,-0.5831635830926235,-0.3627823739631684,0.32603536981546205,-0.06511623263101769,-0.06697686978810528,-0.19154739885114483,-0.24539920182694863,-0.15916201457522555,0.11809871574112814,-0.10742913563889046,0.12733329244174602,0.26989639767709783,-0.04800414660026019,0.08897040605268858,-0.1459380717180443,0.07745140584298708,0.2766401970044982,-0.07260868963260718
-0.07267199527618494,-0.3457587069581647,0.471160661561766,0.2438339704329627,1.0,0.5534887722400488,0.5043669756072682,0.1378424999648583,0.5788745149975276,0.28858723801940406,-0.15354960438857543,-0.14927495192735227,0.025232909704437465,-0.10531259983784678,0.34106101551464674,0.0859791480143355,-0.05847784788021762,-0.10336164016151754,0.3322502635126576,-0.11082110805114065,0.38197314595562726,0.4493910443462291,0.27234812767920835,0.06713461365369967,0.3738348096439765,-0.006708230384210791,0.4912371183947876,0.17254375854259663,0.14015835969399895,0.017154106002948262,0.4458693477904353,0.3339016145575183,-0.019270384450737543,0.10700606372888359,-0.00021875384289377872,-0.04545348309709822,0.01637540203392271,-0.22934825557713506,0.050036386885680316,-0.24918922148921488,0.11680689530922445,0.11142320195459135,-0.21677883762271494,-0.20991470999059114,-0.08108903042928044,-0.12864181611352285,-0.17728164264162663,-0.32190946450153307,-0.07458440494295654,-0.11652246531344507,-0.009680797454089968,-0.2537294961470978,-0.24333979526974006,-0.1496046405283933,-0.35940613008754174,-0.3049634851028703,-0.22264305167382425,-0.2724227783398496,-0.02091955443234337,-0.23369852420587178,0.2946267129896645,0.13837857002542372,-0.01762214772380194,-0.0891678767114739,0.4434044010034359,0.036262402981286086,-0.17150275755747388,-0.1695111920356237,-0.24154964652093847,-0.3433399388299011,0.21282750219749347,0.15447475031407384,0.08689783887939218,0.16220315802413585,0.1971155210010111,0.15041911699421393,0.1926664685152096,0.08828616756275133,-0.036865943308946776,-0.03377666605199346,-0.08965156491497342,-0.08910003806058722,0.38311872630117444,0.10840322478307551,0.026803068199822706,-0.05221866594095132,0.36272666140341947,0.2747258869896367,0.42554821035798945,-0.13577223084695123,-0.19717586034936813,0.05755919901604627,0.0919661787500317,0.03682503267887073,-0.1048483220595184,-0.30542208279506533,-0.2402168384846774,-0.36862739017506346,-0.4106458442174367,-0.37687570735274595,0.0559726824882063,-0.03171260777604143,-0.2011794843433688,-0.1955457462055525,-0.2576331875872699,-0.17019313492218566,0.03201306657030572,-0.21445335922809589,-0.19309362637559663,-0.1502558551177231,-0.19254589224909835,-0.12754899850696427,-0.09381292243726143,-0.14021201897635593,-0.040729581738959506,-0.2751679820090714
0.06783944206158687,-0.12478840957290407,0.2555763598094986,0.4236013581320632,0.5534887722400488,1.0,0.018065202570627388,0.09039132806315331,0.2396949971048791,0.4934792185442665,-0.2300852134715,-0.18684414805788113,-0.2623866081562667,-0.3791135037147783,0.16039684556041525,0.08587387089365939,-0.006678213663601092,0.020147443302917973,-0.001312595495393038,0.01090419733794963,0.3350045511559729,0.2828933207449003,0.3040788226801535,0.3491497600515462,0.4845911191100472,0.27705751520167843,0.5739202239200044,0.4947534964074452,-0.055711431241594035,-0.20392953923674662,0.16560013132792475,0.3118543902317483,-0.2546236330389122,-0.12779882609417106,0.16769744280233925,-0.0033473784280944733,-0.04719421178118241,-0.0650870571922096,0.16243593251530516,0.07865041703437917,-0.08466228759510598,0.04544437453559879,-0.2863267456032336,-0.2716226875017811,-0.19562982374790125,-0.09801224268555803,-0.2889546372914606,-0.2638883638971576,-0.322671436675177,-0.2131950811278006,0.16236788634060895,-0.3585728059365145,-0.15316134352933117,-0.21088397401826978,-0.3407262827336722,-0.3657450244652622,0.10548048336400631,0.05823762068585733,-0.301812185791331,-0.35676976584108056,-0.07317419744472176,-0.0677918283697705,-0.011704603942573374,-0.020810599926168113,0.3865515918523191,0.30094637780609385,-0.3928470911159025,-0.03214840376284281,0.06498750057301392,-0.12748128759376773,0.13142842178760838,0.0998602027551079,-0.19598879116627907,-0.15022818369144128,-0.05178078114385939,-0.053065931199312896,-0.011625040751383828,0.11850078877983589,0.07389559449378504,0.09715130061580064,0.07109656067518386,-0.06075709981979658,0.28089998508915276,0.04461055613380105,0.200059942087095,0.12783344910124528,0.3020712633139854,0.03876979578227274,0.25418267446877263,-0.06458476089119276,0.10188449709786579,0.12138276013381784,0.40145095201168235,0.03840906547860378,-0.01128974987391062,-0.30577991145977834,-0.15463811969441016,-0.06966579179200166,-0.4112652935558803,-0.2644102851642047,0.254344955008584,-0.2872322292979912,-0.23504701488171584,-0.2946372268809017,-0.11268103937578403,-0.07396030940825633,0.20788977555899704,-0.051177265221974626,0.05878141919015007,-0.1534380318642201,0.09952909897488277,0.08637339626610673,-0.06678760459249156,-0.10751418338846452,0.16093667288513122,-0.048764262117886065
-0.21672571029888654,-0.49427368428632845,0.4817076825270944,0.12257351156362824,0.5043669756072682,0.018065202570627388,1.0,0.6088851542550191,0.6757106130899033,0.16697352348521385,0.0495174112749773,0.14179374787487134,0.32660943419445443,0.30719689942440814,0.2683736165766269,0.18619171830384998,-0.006672971061241855,-0.1238230275073108,0.2748242257046443,-0.1326622751728936,0.11868429999404355,0.2384238293923855,-0.025640377485564598,-0.2661228606657693,-0.13432830646113642,-0.36819748696501897,0.12854291825265202,-0.3668126546989791,0.3196663482295648,0.30400616447782525,0.47737886962072085,0.25488869967175165,0.21361897523134052,0.4826811740118087,-0.2193744386282974,0.00594409399890065,0.05390479144614842,-0.3012356256895548,-0.09445182123984265,-0.40093860166838974,0.11218232351896516,0.09434453596006699,-0.15909531150647863,-0.21446520388464219,0.001988882818645578,-0.11870121006817276,-0.07949553439331251,-0.2857411707727726,0.09656470038292482,-0.0916174159240143,-0.3917070002235118,-0.1895532581584435,-0.29220075124307604,-0.165898519889146,-0.22699681528191537,-0.19197813718137244,-0.396323111089113,-0.5327962827621459,0.14417874957084095,-0.12548635138980963,0.5827652150741237,0.38771886551058643,0.040809693694465465,-0.13424652524045816,0.2788759228528509,-0.18129604908969188,-0.036738781320826315,-0.23919665824411868,-0.48910498607280556,-0.48621427066232203,0.12139071918103217,0.10750316651247754,0.38505386814562054,0.24112738028127126,0.2072755272966281,0.3380930215899248,0.22371174798608712,0.041121448731522986,-0.002628380833923082,-0.1302807292164601,-0.16203078068243953,0.020292222655439382,-0.008741806035840922,0.0875894543473877,-0.2965592261511759,-0.31274758894704646,-0.13901294992520166,-0.11186713379054913,0.24312685513019547,-0.2542651963685959,-0.08602478847719347,0.06904984684796195,-0.0791220927374645,-0.05925863572829153,-0.10409681801122658,0.054736638573518466,-0.20221906367027478,-0.21514692516061684,-0.1295928138016505,-0.23013258656286714,0.0033021472619358945,0.037190693787662835,0.18442875734316086,0.14525038968078588,-0.21201616581225488,-0.10702890465153134,-0.081579556580559,-0.25483773394517,-0.10988943888889564,-0.023706414856920693,-0.43426684194013676,-0.12842257178051333,-0.07560761978175855,0.03369749030181006,-0.08051881133851807,-0.2884752591874606
-0.3397514939550203,-0.41994950496004996,0.23701351374959181,0.4166853138283927,0.1378424999648583,0.09039132806315331,0.6088851542550191,1.0,0.4175206800588604,0.4117787119079326,-0.1923148467844418,0.26518959766027506,-0.04158847105448162,0.32954492150399417,-0.07282108325175539,0.2608014650034492,-0.11187787425617524,-0.15220377679341082,-0.09813563240083116,-0.10480389643826525,-0.10296806452255085,0.06644621567794685,-0.28411847675988244,-0.24050594232404482,-0.33301252349286115,-0.3948473060452981,-0.30385922599631976,-0.4666852437956562,0.15615459607799886,0.33701087663214124,0.2632552812914395,0.3009680942090194,0.06751983047749488,0.47583903163539876,-0.19984664041413308,0.047889072008241496,-0.10771653388839399,-0.2654593619631956,-0.25938954293411565,-0.1505393175814726,0.05143639732800071,-0.06634999812246455,-0.0706536801899185,-0.09383396651106456,0.12171209265744587,0.03365053101985526,0.14506812840932748,-0.1150526892109886,0.1009294865344134,0.06756184486359917,-0.3724588998279657,0.015325400727454657,-0.10889328797296637,0.06358535689552862,-0.2756937185123201,-0.0017787736531344796,-0.3890888898498732,-0.5224993341091699,0.016700136837537998,-0.08980970391608707,0.3442837366722397,0.4840341577063238,-0.11997898917013386,-0.2655894400937083,0.16437178084542897,-0.009974781489859629,-0.22113375193247056,-0.19743555786357384,-0.41995953231711614,-0.5436062386910302,-0.04295058571378502,0.09603865328281833,0.25421776036686644,0.006202415239301679,-0.0729264418044682,0.16912911031708075,0.0016123690050725498,0.08153989304690268,0.0733943925488379,-0.020828573599808758,-0.19224175846041464,-0.06898441254461819,-0.18841181003872431,0.08219444977043268,-0.3350474323821414,-0.2985056940315849,-0.31865696323157516,-0.23436482628751776,0.05995466910607203,-0.09938165790515514,0.1705848431976028,0.09793719478318658,0.09049823461174303,0.035461947562797407,0.008169959420922825,0.24076188604978505,-0.06453608883508632,0.07249372476629422,-0.12647452831813374,-0.03518770063886357,0.22286653454977653,0.2295056839852463,0.36591781439846127,0.1695874433163453,-0.08918412966372359,-0.04054786512981329,0.02054829794564027,-0.08467598864688103,0.12241807759698153,0.12810963204488662,-0.3399589202336311,0.09705293413614334,0.19681321165568072,0.2567754714056926,0.17473675637242456,-0.16320979220205445
-0.21109540002410895,-0.44005771207502603,0.1970756609336212,0.059436362348624455,0.5788745149975276,0.2396949971048791,0.6757106130899033,0.4175206800588604,1.0,0.5001828673602264,-0.018482791032888874,0.04474511641127349,0.1962620104358569,0.13941867744162983,0.3928506912259635,0.23775058409531094,-0.12382501447663005,-0.10773208665456034,0.05560929098411027,-0.18761470119727494,-0.09045630578160697,0.1436390388101975,-0.022729285434943458,-0.17158910598134355,-0.09069370171341659,-0.4149688816078628,0.021951670742236296,-0.35384397213095914,0.13171074436976593,0.1779626231260764,0.18844201669890698,0.1700211535402304,-0.04294233176033963,0.270622318507116,-0.2518107246483763,0.11227420124631544,-0.1399435786577207,-0.3901886338546858,-0.27387248092842226,-0.4381949451195017,0.09054039127645572,0.018232647525347114,-0.07182333065719831,-0.0428189685947192,0.2054731376014994,0.08131223917634191,0.09765038686643779,-0.22826161960901578,0.15627870178220746,0.09412753118898895,-0.18311026650617748,-0.047639689674989286,-0.04981478652863183,-0.03681826170687498,-0.36942468394521516,-0.10911477919226757,-0.3688019143197985,-0.4968717991025033,0.24205137730313617,0.03653492212704266,0.5266487552752502,0.36130567527597185,-0.0017387490670796122,-0.08860946641497056,0.36070990898753236,-0.13605138267596292,-0.07021934749400081,-0.08736831143914583,-0.4226087117311687,-0.2608026715321461,-0.007569548857536206,-0.09160101201990588,0.22065530450654072,0.08311881249115159,0.09717570000402745,0.11431383902567624,0.0021468463790305977,-0.20572535684836607,-0.21358253071094302,-0.12289474346893561,-0.2722887395321345,-0.10062644538035635,0.036364222207791536,0.032320278179132675,-0.27525882792099404,-0.3783766620993712,-0.16081508384050958,-0.15278912391479493,0.2555970331001809,-0.13626624966327974,-0.023799014180570434,0.2078455374890461,0.02147926616588587,0.04683873924453811,-0.1885625746839416,0.005064021628881353,-0.26517717644786887,-0.2718972174880626,-0.1611388269640569,-0.2037953368948533,-0.004603577783236997,0.09082148651339302,0.09096277438941903,0.07570511748595149,-0.05363041242786397,-0.08269728036843775,0.08082618629226035,-0.09528184129550411,-0.058120622319829444,-0.15880855610350497,-0.4264363665715207,-0.07952061432477696,0.10090409547898607,-0.009700147240233497,-0.15718223373843285,-0.27535743350642894
-0.0371286412823148,-0.13975513658887706,0.06374355327340216,0.2701652852512439,0.28858723801940406,0.4934792185442665,0.16697352348521385,0.4117787119079326,0.5001828673602264,1.0,-0.022373505820933722,0.15107228577954243,-0.04685310678672383,0.03954818233453096,0.17396830710855224,0.6268744662404763,-0.19012959803786303,-0.14380738610004642,-0.2538324849894953,-0.21082363030083598,-0.11443166725482018,-0.04995228964896888,-0.08538740006383352,0.09952903773053448,-0.08276881444065579,-0.225518226860072,-0.04093356419730543,-0.14830663344480072,-0.10194114167898147,-0.05200817106156828,-0.11008609583778108,-0.013752458936739318,-0.28430006888656173,0.02866804205753801,-0.14464571294480985,0.15056981021058677,-0.2273882318542233,-0.2612766919961072,-0.16596418281337702,-0.0740489618618916,0.01258025135227736,-0.16106320368634075,-0.08612055612254142,-0.1282084681115487,0.0463615918446329,-0.0019601685979589185,0.1280076163317453,-0.16846802323270946,0.10874366288332839,-0.019596460582310845,0.04362945209600081,0.009346208792601474,0.1856486647732487,-0.006274067774610266,-0.15848975145961441,-0.13978248734947946,-0.21466248899190435,-0.28572535955680217,0.15892051148334863,0.03862016488539019,0.2522873984137439,0.31046376483846716,-0.08766902139338215,-0.11861891819567703,0.21593911917674663,0.3079092377694604,-0.2855576002315131,-0.026034853607232476,-0.19069814735759508,-0.14974168330387422,0.05709296086596446,-0.016587613161339377,-0.07173193462221442,-0.05122627767534451,-0.06697287920276582,-0.0015448637734504231,-0.13870863727801436,-0.06354528843962469,-0.09881911891621752,0.015782916678053087,-0.16070903772394024,-0.23213674741374948,-0.17265180510001166,-0.06878146938205931,-0.20310795547835,-0.23883942103545458,-0.23231088256832863,-0.22735618893934254,0.20074234919320683,0.1765309916736189,0.18709936520527262,0.13622451511526623,0.24212574994201064,0.03554575804959976,0.014908265505056629,-0.03489839184298686,-0.04888873710617926,-0.1666888389519437,-0.1772924242353541,-0.105658797823664,0.08765114178110024,-0.11461747898436166,-0.0428651271090088,-0.14466367405003816,0.06955570745129276,-0.06843804330973063,0.3364246748184797,0.17223349723278591,0.15780578117295216,-0.20188089700261896,-0.16900253018696937,-0.06221330175088411,-0.0007747013801538299,0.015110640471799592,0.005858801339513647,-0.188399202724683
0.4229851499624705,0.2885221741363386,-0.24180305227793886,-0.4042612360985814,-0.15354960438857543,-0.2300852134715,0.0495174112749773,-0.1923148467844418,-0.018482791032888874,-0.022373505820933722,1.0,0.3769726522761294,0.8097813305804887,0.4300959059210071,0.47415482290004646,0.264997341917278,0.31008506396161584,0.2315959960794073,-0.002965396289862741,0.10418937909645594,-0.20207926191240702,-0.3160443716367056,-0.07443414871868907,-0.2275467827237923,-0.40401870725710415,-0.26533300770472384,0.17741037010290162,-0.18466268369728706,0.23005661927896195,-0.0074250996293438965,-0.333996080341304,-0.39616677309589804,0.021250673429235027,-0.004043310672717443,-0.2772737233249932,0.0004630547968355185,-0.08717095582786241,-0.059663563219714055,0.08629189469289068,-0.05002392016427138,-0.10078075550971258,-0.05211272265880611,-0.11467068166765786,-0.16652261174555757,-0.1287273825801937,-0.1551451853400482,-0.1935846129209272,-0.26192678634197697,0.08479710456646251,-0.11035574327066502,-0.1541025797302776,0.03380552794021257,0.09827484172129568,-0.1450781546196546,0.34724179585224135,-0.01881517517001541,0.2009035876817348,0.14179897546515968,0.2747954253253767,0.24358191220457712,0.18590380538928566,0.013880719424022858,0.0809065995086748,0.19013945731367957,-0.2356568992798427,-0.13550980969345996,0.016276994455900584,-0.1617095237791901,0.16065603241852577,0.10330831698659833,-0.09245084521406788,-0.31149600717715425,0.0056439769617142675,0.08103725316314499,0.15946515069720152,0.044351333640443476,0.014083056195861794,-0.21638017116164818,0.058236129637811204,0.20524519123494658,0.2553847744510154,0.2844737920007293,-0.01183818706946038,0.06858127826284292,0.09856445358090486,-0.016437668737004633,-0.22905658258195397,-0.2129966413408827,-0.10969440675028452,0.08910543327463981,-0.126858473940834,-0.15981719974719724,-0.3313191424188114,-0.2916741517239412,-0.2932193612397104,-0.18049800968681973,-0.12875630655426692,-0.15943860931411932,0.17833262894784424,0.04614516590038689,-0.17008864591319275,-0.14827133311488597,0.06345992731728377,-0.06168072362534043,-0.025309502688111794,-0.14145869392746854,-0.05956527350054055,-0.08631139821350407,-0.06318540984204034,-0.3584851819710567,-0.25205407092748805,-0.1682486178349088,-0.06244431165647413,-0.03018888480038604,-0.04268074417616847,-0.05308967183635575
0.24426463809235713,0.37178973994837894,-0.3703059508513332,0.019508334995113924,-0.14927495192735227,-0.18684414805788113,0.14179374787487134,0.26518959766027506,0.04474511641127349,0.15107228577954243,0.3769726522761294,1.0,0.35449114423501027,0.730536205372562,-0.05052949843445202,0.3178358123491451,0.44456822850601596,0.36601937614062835,0.08389253856492287,0.4282949370956229,-0.2604408956466475,-0.1879785091857777,-0.5332019743444634,-0.39342647754842613,-0.5710659949217893,-0.4702362213221172,-0.2935932876955391,-0.46876878356659796,0.42501189708632714,0.3555108816641392,-0.08192441013380156,-0.063164957699591,0.37193633108204266,0.22416262584563926,-0.4437138284398986,-0.30275365669836896,0.08903361337048811,-0.14264184515125622,-0.13180568344078047,-0.2144289657561636,-0.14416623113102542,-0.07012449905157853,-0.107719950910357,-0.13304872937891657,-0.11974023612387445,-0.3049410395920827,0.01952629186566725,-0.24005078351066667,0.006466795285316168,-0.02648440001971225,-0.4548795102533038,0.04036612706431026,0.11185780179644675,0.044479451334089384,0.173489446124743,0.10879058386861563,0.1302646130192114,-0.001934549183456577,-0.10571302073620206,0.019357405748323182,0.24395443246926582,0.3630898525612178,0.27886033096615087,0.2494262914452767,-0.34427102850676383,-0.2993735491921373,-0.22073615445755917,-0.3730847568050196,0.14786606760814888,-0.21057158341228316,-0.13098941270339015,-0.1614527308392134,0.35252324239616445,0.2920733500730316,0.2648274233930105,0.14521599936777413,0.14568448172666973,0.026142317420778275,0.11143691750943849,0.29883219415379403,0.2652439228416703,0.28392424095798824,-0.1931330766557074,0.31434402210907275,-0.12881694080545938,0.18112308534607885,-0.42320227939193467,-0.26206024658599125,-0.40060763706337293,0.074292697163791,0.009116938128067582,-0.18969680384108203,-0.373028261002402,-0.4234762139318961,-0.2809969335009419,-0.08227945127214106,-0.1583512889859249,-0.12442960688482531,0.21800756341400235,0.2214153387182528,-0.14641007146215387,0.009865062227060573,0.3242938784717534,0.22049573205029135,-0.10167656525436834,-0.12460000539837182,-0.13794716351167088,-0.15059502320995144,-0.10667906809438418,-0.21322208957999425,-0.5163552710500712,0.09010734657476427,0.11891580717789865,0.31720595894474113,-0.04093970897655016,-0.27429365753910157
0.18476148210963894,0.0700985708425266,-0.10809661367690603,-0.3494013569273534,0.025232909704437465,-0.2623866081562667,0.32660943419445443,-0.04158847105448162,0.1962620104358569,-0.04685310678672383,0.8097813305804887,0.35449114423501027,1.0,0.5905851124882071,0.5995120083056785,0.32267570283814095,0.21665564366250492,0.12075735072264744,0.155877760535146,0.018291902885557907,-0.1434965732597784,-0.11123985667320824,-0.014604208771640594,-0.3310183908616024,-0.4048729957742757,-0.3850540324747305,0.22663026273067324,-0.3276187152676154,0.19689759894701117,0.05522488668877844,-0.09434644812066262,-0.189868526324263,0.1351297152405211,0.2308299320631898,-0.2945102159342298,0.05101453922869808,-0.05808000675846697,-0.20309347985609066,0.05548238350038144,-0.21960070966258238,-0.06327075668296282,-0.07815085470074705,-0.22845436406164182,-0.28580155227811005,-0.11824441925768416,-0.1900277612907382,-0.1803747105191528,-0.3617242030450496,0.1631023547075242,-0.11643782932801956,-0.2622869214667012,-0.0012777185470075109,0.02817090376477338,-0.028584804539960033,0.3087714339167402,-0.013744907895849626,-0.014940686681867796,-0.07151812158472669,0.30073061583237926,0.16504394812818504,0.42959313379534636,0.2146615978754667,-0.0008196463841179478,0.031625242993893535,-0.081699993568175,-0.23510079854583119,0.055988202894221975,-0.239719067353202,-0.03777694140326365,-0.08860716281503302,-0.017760017096397712,-0.17856407087577747,0.07476408685611756,0.20006594528192054,0.21726713506022657,0.15687248347968089,0.12496366243471847,-0.1407181690594341,0.015677907107653752,0.09898086000053602,0.10880553683220051,0.253772201245668,0.025554600741539524,0.13417824496316091,0.012331439867090174,-0.14173207604398422,-0.12040442767988772,-0.1605866378264697,0.060535120339689184,-0.005709526447641671,-0.221754155918759,-0.14301197419230707,-0.35613219893151427,-0.2781016013122501,-0.331204451507939,-0.0646583627657254,-0.1810451540091824,-0.2005382187134798,0.1594921062190123,-0.027238854377772515,-0.21420874711619295,-0.022416622586291762,0.031874147430149304,0.05233061281798832,-0.13625685087096295,-0.13727875938186426,-0.14811805912955844,-0.21724256356757551,-0.11319334402965672,-0.2445959493082845,-0.47776027275388583,-0.17499252907999976,-0.06331644996238263,0.01625295104835696,-0.0426499112840863,-0.18054049831103117
-0.02514917673317372,0.18738493025118408,-0.28668246541836945,-0.26754476710095987,-0.10531259983784678,-0.3791135037147783,0.30719689942440814,0.32954492150399417,0.13941867744162983,0.03954818233453096,0.4300959059210071,0.730536205372562,0.5905851124882071,1.0,-0.008522971442323925,0.33943841719942663,0.26161681775084716,0.19515801594817678,-0.06704388825496396,0.18474884187266258,-0.2868723954189267,-0.18268030930928494,-0.6134730062213235,-0.5808463754791543,-0.6862263998715794,-0.598156737214318,-0.2837474849782122,-0.6123607870938185,0.25950019382602163,0.30373900200118903,-0.1754720815568006,-0.24361683544539922,0.31176757563836716,0.3554654553969165,-0.4788292241919659,-0.12010553008545924,0.0359090644134418,-0.228820469331673,-0.07036018131158958,-0.17847966213488786,-0.040186354068457324,-0.1300479354970844,0.07243253252254032,-0.003765736554575635,0.11702895946963111,-0.057117179247458925,0.13870648003222624,-0.12241841327058431,0.37335479666754257,0.15989806866896952,-0.5279167234094325,0.31201450691847793,0.14110092927504725,0.23611368496139049,0.3187771090515077,0.3029821842560579,-0.11529633492593577,-0.21718231916914998,0.24563560188644504,0.3165828218702496,0.46565481087775573,0.5663625741536812,0.11022650607522103,0.05454749106719717,-0.48112190751467915,-0.4499108035862024,0.08993511114528785,-0.27161624512182736,-0.06172801332423214,-0.24483419380856378,-0.08511418886312325,-0.14568031967914669,0.2584915948942526,0.29966431459219045,0.17313050739139405,0.10046414845205931,0.07501372758335012,-0.08506932729532904,0.10740201595264345,0.11751874243020528,0.11403528218114717,0.17529130655362152,-0.3421481035502509,0.1226181534827449,-0.38316367230878795,-0.23465428694882,-0.5317436613215221,-0.27914098203111354,-0.3496339878787496,0.036146809998531856,-0.038278599942050635,-0.1902465806395867,-0.46702739358535933,-0.40759781815459456,-0.3268537280461565,0.12256452153239458,-0.11673150156248212,-0.07601197698792342,0.3634079653887831,0.2823200205515114,-0.23361350971692163,0.17516934790915023,0.3494413159264034,0.28412168515780956,-0.03873740636685798,-0.06044849867511967,-0.19046037348881786,-0.16977200201036888,-0.07970334423018875,-0.12657469100275548,-0.5044331244742838,-0.06321053774868421,0.2304219588437929,0.20542643284262505,-0.09431679005359152,-0.22437290847851013
0.05858473225198731,-0.18187896304556042,0.20893123231844735,0.07921945316456057,0.34106101551464674,0.16039684556041525,0.2683736165766269,-0.07282108325175539,0.3928506912259635,0.17396830710855224,0.47415482290004646,-0.05052949843445202,0.5995120083056785,-0.008522971442323925,1.0,0.3837832953778245,-0.10075815477319007,-0.1328293025701002,0.36471643276570836,-0.22037866826209979,0.03792401831718094,0.11670139069614424,0.43469912646852904,0.034824018407371586,0.04984575015681305,-0.0998321570675434,0.4436628225309932,0.014832727890987461,0.02803745174603371,-0.14253178663591468,0.11337176827759933,0.12738963562520672,-0.17469158051061143,0.011138311916907126,-0.12257948644994301,0.04999629933257067,-0.33506808348011247,-0.29494072039571373,-0.09054654924256503,-0.3172598694393456,-0.16943140437122373,-0.12206117325527932,-0.3806858220952613,-0.3509755772911727,-0.20644944374153762,-0.21799990956941098,-0.2516443509971427,-0.43661734638669997,-0.042094761507664336,-0.17073371854642486,0.15243723269440368,-0.1628965744118658,-0.01543739571279883,-0.08833841350518959,-0.04684195071535476,-0.24775847795042788,-0.138824908169672,-0.07972622649370319,0.23005214550360942,0.026877778969687415,0.2781117864301675,0.022219432172701156,-0.23598625182682548,-0.08809906755257839,0.47832026187017757,0.09199082423894189,-0.09396385820382187,-0.1500366431451311,-0.13288298818369787,-0.061097776024188144,0.0197131878959174,-0.08681927586237084,-0.17639687935620949,-0.07617266026095044,0.061347963588359235,0.04631522266649367,-0.00114170044375059,-0.11804853480416849,-0.20217391456668138,0.009898707574576376,-0.17679702488966603,-0.0010298154900545494,0.3047801827988364,0.11147551143590298,0.17424090503534667,-0.06502963816446759,0.21269852053348914,0.001955255256104108,0.5507104240451355,0.03416414534438498,-0.22724459680316114,-0.06784283992140813,-0.01994806187785631,-0.05624192944440266,-0.1255817821786524,-0.17248445328655465,-0.21992288247276884,-0.2262685830284592,-0.23393444244389394,-0.3508803189482911,-0.06108662163093576,-0.22267018803619207,-0.184509948710909,-0.19578196405015932,-0.1808381379943162,-0.22909520178735057,0.006030188065273124,-0.1782605389165186,-0.03850643106130276,-0.2593404849536633,-0.35326917683493153,-0.18223363944329082,-0.18844606718197818,-0.19578847814201916,-0.019081769309996274,-0.12116318715127268
-0.05456742242866008,-0.09793911637293959,0.11765011487127337,0.18710089706820862,0.0859791480143355,0.08587387089365939,0.18619171830384998,0.2608014650034492,0.23775058409531094,0.6268744662404763,0.264997341917278,0.3178358123491451,0.32267570283814095,0.33943841719942663,0.3837832953778245,1.0,-0.20448416929858743,-0.21800528079552853,-0.01424986822740233,-0.2514393815325989,-0.11928599331626333,-0.06839296478562783,-0.10282464507413197,0.025231040641584646,-0.37681045681327585,-0.2442208374120354,0.013764965724982285,-0.2490945321882337,-0.1187397911436897,-0.10895357990720667,-0.16421847925548244,-0.16950496920683364,-0.1989969002284398,0.11044676015808629,-0.2136293623347363,0.1357027207984779,-0.2789724209378099,-0.2887051148615871,-0.12130307426319586,-0.10360453686674444,-0.05788725341720061,-0.14848186077458594,-0.11420142019369686,-0.18574390680804145,-0.07112632330704571,-0.10620213227698597,0.07713015410739146,-0.12358948776378272,0.24508751097839587,-0.05033511543167534,-0.03609915820616026,0.0941394213797816,0.1818958395902793,0.03757168034922215,0.15204462978695552,-0.12526513993153113,-0.28164151083174616,-0.28325207279438774,0.30511080291454995,0.21247425709578524,0.36272564077771247,0.36006700797512625,-0.22149060888793473,-0.2480380914664692,0.049591017593251144,0.2461663305929012,-0.057094594203960805,-0.0886485153688984,-0.14260320542081384,-0.12239343799392005,0.0348682639668947,0.013220914557188136,-0.1604377572068032,0.018579442555104575,-0.09600452710815446,0.1063899949084425,-0.15041461843599446,-0.05388353365021465,-0.07317878728118411,-0.07058253365627844,-0.19888648344505763,-0.24863515380238552,-0.3247557558201472,-0.039750308869291234,-0.31972760158127544,-0.303825944500185,-0.27591743214119935,-0.2702709915109294,0.20754671787118037,0.23580341243606656,0.0621194409553037,-0.028446664984956318,0.032330170471674205,-0.06701666052345638,0.08060306050760113,0.13313263942770187,0.039236549145804406,-0.10231379510611241,-0.018788792130946197,-0.11637971143579724,-0.04054433756817948,-0.07025558270096414,-0.1267147502899301,0.02965725326554891,0.04973087527871745,-0.10324207627608145,0.19843531569572645,0.03688140440339596,0.07373883215030444,-0.09542771218899995,-0.2771958530661875,-0.1720081616479048,-0.17493249669425204,-0.13691536834909385,-0.013162273012869001,-0.13812329012779154
0.6741513963053525,0.5369590375399397,-0.37755070915918804,-0.16246978915078492,-0.05847784788021762,-0.006678213663601092,-0.006672971061241855,-0.11187787425617524,-0.12382501447663005,-0.19012959803786303,0.31008506396161584,0.44456822850601596,0.21665564366250492,0.26161681775084716,-0.10075815477319007,-0.20448416929858743,1.0,0.8601865962035069,0.34978188674358235,0.7154346648846892,-0.14515407511412928,-0.1598517572260876,-0.32503060842277004,-0.46343288741581534,-0.3271474629706708,-0.3517579553944353,0.08066421762864401,-0.23193844715538411,0.7412611533241296,0.47486950613146356,-0.0011453646789350582,-0.04939047224203944,0.6335977905387067,0.22425090607169346,-0.40586934998567137,-0.47818048158759874,0.386808388006381,0.1158468625438069,0.09645955347447906,-0.055721136190543065,0.11128303347397807,0.12511291746951655,-0.1338226614826469,-0.14951234331836627,-0.3278433987356642,-0.4904877273332972,-0.16565208080772978,-0.3297204305166057,-0.3965517225033341,-0.3189272367128303,-0.5164422592477638,-0.36548727124180524,0.029383304998833362,-0.254986548546529,0.24173942537818718,0.009459486035883239,0.7282183872316168,0.5718352037059441,-0.26165159165844426,-0.14286514661584726,0.21628017674103772,0.1702640759479534,0.7894917568841082,0.6880442937212516,-0.29067761577624585,-0.449880936458445,-0.22529619193125308,-0.5508870910300699,0.6374739197733791,0.06436254175004115,-0.15732673007770817,-0.37161265561950996,0.5653621761776678,0.33625115576596737,0.4289008912278943,0.04907879967895842,0.4627122495888778,0.0761129572466907,0.41849938394362823,0.5958473271732337,0.7950864028901495,0.7423499551430781,0.21994229679847774,0.0933716004227239,0.2135305940336074,0.19271804761241068,-0.12633209291681258,-0.17354722012380946,-0.3407599921143958,-0.14793086726316856,-0.1322006559893972,-0.3218663381817746,-0.30725873296706685,-0.42416085022000133,-0.3960122517138623,-0.3390984559173983,-0.09631919253983268,-0.08191869737967218,0.2205379794194305,0.13582001512058317,-0.010093429077840438,-0.09367207389387038,0.235967486803692,0.011184686799308065,-0.3127636427888303,-0.3133985458890376,-0.20034938181077247,-0.22084922279316563,-0.3624743863247219,-0.2051747942418769,-0.33343162573806057,0.2942082602940698,0.15089362115928345,0.15470524423973694,-0.1272274019055525,-0.1662278321351037
