1.0,0.5565132649530095,-0.31976079083083203,-0.2689888006765641,-0.28103436679890914,-0.25253420329151677,-0.11398242601034914,-0.2417214383413502,-0.42039213913413376,-0.3386131327081723,0.3853423909171812,0.0957331701086598,0.06759387289588938,-0.03305719795257585,-0.2185837956730726,-0.14442351821629,0.5302530674236117,0.43892690467963164,0.20792685911108266,0.2676793133017504,-0.12415867088051079,-0.09004065284139806,-0.21526564734953652,-0.38528243707834686,-0.221936188615574,-0.21343107081361146,-0.18622213025809173,-0.11952940533782311,0.47955077241405547,0.1300416073026133,-0.10104326799686345,-0.2909171694879578,0.30445635779492664,-0.008655734384739457,-0.32704713698000065,-0.18129058600710954,0.07395384637991718,-0.40370407818611154,-0.04928357188950125,-0.30491262652629586,0.4100493255615958,-0.29565644739924524,-0.02689130324724395,-0.03766068004052125,-0.004478150176892194,0.03764671057032122,0.2489750969275585,-0.007672494873653376,-0.06526557380191424,0.0050843982521077205,-0.06926074191559246,0.010226091445602884,0.13546874140323628,0.19482485632401098,0.11494085948975317,0.12444863479762455,0.616782454705465,0.3583884172467399,0.05121307148713759,0.17861839442947597,0.1903391067815933,0.20708611054694162,0.2550003336681014,0.24366747620601145,-0.21106067607155604,-0.13514811194878495,-0.01831132061886583,-0.22061497975712563,0.32575866389435004,0.21134823658535798,-0.3415089943986671,-0.34839971338026005,0.21832675245295985,-0.33643334170775013,-0.1999157626726965,-0.22475952534277102,-0.2829489134813188,-0.4056202267662286,0.34201642773014523,0.2748610223149879,0.28677405370720394,0.16594626473624186,0.39876744152162663,-0.1662816207012167,0.18383788034017798,-0.0372373810001916,0.27188901766763496,0.0601147972052127,0.20839273651366302,0.08416457400862729,-0.22314762772595526,-0.35553458613309685,-0.23754648409603044,-0.24413905463869842,-0.3836748564422828,-0.40467542458831024,-0.24693077380998016,-0.4046841586057051,-0.17817261994589453,-0.2819729882210613,-0.09098569002275994,-0.15797623517937673,-0.0636044568573415,-0.15131657730089176,-0.32897461085106805,-0.36594195866031676,-0.2881119263264654,0.09716400066228659,-0.26146649113782705,-0.30801242538255647,-0.4798658567236415,-0.42317451309249593,-0.36432616012669755,-0.32144525058835244,-0.3615122536786708,0.06250532662200207
0.5565132649530095,1.0,-0.3613726146288961,-0.1457017317749076,-0.49349900408905384,-0.38773508448015476,0.0433852581047328,-0.06578778564219454,-0.4360505653551024,-0.2761302500131163,0.3983549640430124,0.2971971752975721,0.09577717182050127,0.18858792044017908,-0.09099536032338422,0.10680257855278087,0.48400030042963205,0.5087983201507565,0.33220882153264947,0.4009800745238636,-0.2619802638128871,-0.11986947669880031,-0.4966709839839835,-0.3764294770414248,-0.5767904720186023,-0.4038956270649318,-0.3227488440528452,-0.26221555603121227,0.5377506217984314,0.3136239550893547,0.006722564568512694,-0.13859635024869735,0.48886268566067176,0.29572603501379674,-0.4291030536184512,-0.24063865543913163,0.22920186209850815,0.018996809028724138,-0.0434061305394839,-0.15256181904198404,0.23733106713906757,-0.017700329572413843,-0.190938169970752,-0.15930154174602126,-0.25381324043602316,-0.27625541493804223,0.21364478870072984,-0.04775444300770058,-0.15216487813211405,-0.1689202436838256,-0.15261450673538074,-0.013193314441422927,0.14432982254247376,0.24349254117476118,0.06308197569838034,0.1034129762411486,0.36516301694541087,0.3804855096581878,-0.1785714428722865,-0.02354141205728281,0.08097107257346596,0.2891637724619962,0.2302837502494928,0.24998677621725832,-0.2770068550338274,-0.025955430270930162,-0.16326419301950404,-0.42392936981445484,0.19764430466020763,0.2678719795896871,-0.2686568957404128,-0.1731177061094882,0.3701671161525627,-0.021074749367525528,-0.01601031430132169,-0.04564844948369166,-0.2009137028073135,-0.33691989464144884,0.3106590576201699,0.39979601299637063,0.3872188971890116,0.38115045293813254,0.2685144388997034,0.19064582676378772,0.08929567884962691,0.11174768390572354,0.0356013145955528,-0.021371148377055473,-0.13847397374463402,-0.04852241536673012,-0.1527485713816746,-0.32981792433326906,-0.1681954731532808,-0.36122094765904533,-0.11766241117828496,-0.23348751969413228,-0.15576531663906426,-0.19400760146056306,-0.031972137360072386,-0.3096826828663706,0.023768734943105708,-0.21767236406399162,0.05880488378972418,-0.2437199377198276,-0.26812671190155135,-0.3187994809715146,-0.23188994480604802,-0.06291974468617222,0.0191234928738377,-0.2505249974627677,-0.49064164173089103,-0.2509841002190341,-0.2479265776069935,-0.06792882674440515,-0.19732134308956373,-0.0024266082108055395
-0.31976079083083203,-0.3613726146288961,1.0,0.638789364948378,0.6327984953689593,0.42004761119683537,0.619790140807094,0.6793420730666467,0.6192465536568519,0.4531728387271713,-0.17210507580185094,0.1442852342689271,0.33157975031586817,0.30269901462130383,0.30150152561982146,0.189301594107969,-0.5719363807667267,-0.5194163837487726,0.26377033643772796,-0.20511040445134368,0.3946415879625974,-0.01058439938811741,0.6380208259525328,0.4687281399781293,0.44573881553744527,0.4631051342963871,0.34710279580606807,0.22205093044102078,-0.44948709691618344,-0.2098654504319003,0.2805038937379986,0.19200503679561814,-0.16033833864007124,0.12987318168007125,0.47757934266690705,0.3945386773393435,-0.22658302914149686,0.0763878583752352,-0.005654483689102034,0.1547246808936166,-0.3756295855824898,0.005283474968495993,-0.17558659116324402,-0.2822469143490021,-0.14507793240280778,-0.10007060457833486,-0.4710346482588279,-0.3329855203997236,-0.2579792036187064,-0.4091326443078143,-0.01677070835810765,-0.447523438661424,-0.42610787387950116,-0.6243083676666229,-0.11222981862081828,-0.23581288887623467,-0.7030208015392019,-0.6842997351905861,0.09090024822829103,-0.3814133906352861,0.14222493037770334,-0.13652151836558332,-0.5103071299399777,-0.3854335875928203,0.6037108141961767,0.4221590034089102,-0.0154281320291387,0.40162846932513757,-0.5337601651497439,-0.44331133287538016,0.17076269353225468,0.10254798923099087,-0.31557139645553633,0.04259609244230571,-0.029960575816171186,0.09274834975745164,0.16152402679793051,0.31350743209833115,-0.549259618351425,-0.5832864755096295,-0.6532465332463961,-0.5640761185414561,-0.37513977295168494,-0.06547580430203227,-0.42239446594564894,-0.25479753541848094,-0.382693985086656,-0.2638184298413345,-0.1347975713170207,-0.180907377069158,0.5422093737666306,0.5030999111910692,0.5215002006118297,0.6451447006064314,0.26259655685847644,0.3503570719199376,0.07642501919067889,0.44247338603765196,0.2814035158205299,0.5575051473230732,0.1938025887953171,0.5349410852800868,0.09274821500032181,0.3717685364596691,0.2895712118922932,0.36159512581638675,0.42668219056264733,0.07873567919538582,0.2124419063082519,0.317062401958196,0.5959613359102456,0.558090092239934,0.20630991337651255,0.042074307611036234,0.2822124654901969,0.05357073288301864
-0.2689888006765641,-0.1457017317749076,0.638789364948378,1.0,0.36394324490726054,0.4193624447502154,0.2974804262398697,0.759715602871696,0.4208760663116432,0.3496560537153906,-0.006735915749231149,0.3280354060929101,0.15755803734887888,0.3981644555036049,0.29337414458803884,0.36756593124776377,-0.394953393284527,-0.467951170778006,0.2808000020922967,-0.2362760382269772,0.46979474538177574,0.2065411726020677,0.5414176043180922,0.6082889062443548,0.44753378493476964,0.5671087025830269,0.40025554228365323,0.5553864759045215,-0.3248675733472818,-0.16289398515566714,0.23314587186657973,0.3571182966176534,-0.08580166956154926,0.2935839221170604,0.3648147681717358,0.4009665391501186,-0.09596419281436756,0.2208288025313263,-0.0716016115795941,0.17328270698027737,-0.3532685616374426,0.16048375931633485,-0.40322504996005937,-0.37468131985461245,-0.3985498224902062,-0.3215082727164388,-0.5586850190341633,-0.46950387625125095,-0.24701221399862755,-0.5677167767480582,0.07446160229442964,-0.2558589414656085,-0.32907096129804786,-0.37302685400093394,0.025117873800649625,-0.20848598661713544,-0.5493157184388134,-0.6573964761378307,-0.02085975131738675,-0.47458659242335316,0.08205459182150472,-0.08007210686806795,-0.3293793415147091,-0.3072686534668998,0.6018138698959655,0.6726278956579379,-0.1599077531116123,0.3880086348695077,-0.5987657858325482,-0.5121383544479803,0.04399908644585842,0.3093573067391366,-0.1981982230197176,0.15509206567701792,0.1674317672576202,0.18753574903639258,0.1597511180246621,0.3083877174304793,-0.41068766986229693,-0.5298840938239948,-0.5473726526529978,-0.4982177533943405,-0.21181949495136823,0.032622210539754774,-0.23801856183741343,0.06533439548896879,-0.28366359017328735,-0.037473748973384284,-0.03566234808217886,0.10904032469550355,0.4643463713139073,0.3764470741365399,0.42046603297954516,0.3464547511010409,0.2407230828650632,0.1928286739750663,-0.10864063550329726,0.23223672599855186,0.15115938952322688,0.25457453623300247,0.06557521496856253,0.27566407992115793,0.005847170959964686,0.22173961790145746,-0.009584410761771254,0.0389678695126355,0.37657730946974893,-0.29431817659146275,0.060746824661296696,0.26509196554158315,0.36102260947714626,0.30074486656071664,-0.051189524793394475,0.04193969666412447,-0.06164474571035171,-0.2859413634954672
-0.28103436679890914,-0.49349900408905384,0.6327984953689593,0.36394324490726054,1.0,0.47171110546226724,0.44358083822462996,0.43319724773370094,0.784109104946368,0.6447421611123481,-0.11840973359807515,0.07676170640727568,0.3864436811664106,0.27695799634646895,0.25231922338179175,0.3411940515787247,-0.4356791725013346,-0.40485466966567935,-0.1614903858387087,-0.3325610865641417,0.16582025224061642,-0.1595778918867965,0.3788312406726374,0.30594047022208554,0.4189607555532729,0.14971567374086,0.4332309472704827,0.012015959176148384,-0.40931336026188175,-0.13753890635224517,-0.10354240023787512,-0.09101174787955073,-0.38159366070874157,-0.11601276848492179,0.25700388827360593,0.1498126085897265,-0.16143871748449135,-0.03768159389782698,0.05422827455886748,0.18515821406292846,-0.30104199394911446,-0.07523526256966205,-0.12005759229947881,-0.23288582690595155,-0.03973818075512759,0.06251304151567535,-0.4530608996662039,-0.36506159732451005,-0.06911676447730808,-0.17956210810595025,0.06079932952555787,-0.33177498749003603,-0.19082650930296188,-0.46457450811276263,0.007731554962723847,-0.29017036064436114,-0.44662717082021874,-0.5661331211921232,0.3294972620215282,-0.017742930615643974,0.3580608526411127,0.06506875470278332,-0.25671514455789235,-0.11705137780191122,0.5149904214168582,0.33728613231662313,-0.026966600467753902,0.253980646228246,-0.4352951652264055,-0.4117206652687709,-0.02468560542206584,-0.0988215631258035,-0.24813615313154067,-0.10633125835029877,-0.13215722912247027,-0.06061095034490531,0.05319627440310643,0.09446591979950361,-0.5805340499760495,-0.5456204983601062,-0.4218669787439176,-0.38590464403116953,-0.3542708946486907,-0.13883352719265685,-0.1429611462774024,-0.2230510835724613,-0.3976838331611358,-0.10362693203484129,0.11006494765417528,0.06057464456119533,0.455457604306849,0.45981623680375117,0.465275850944781,0.5010102474592065,-0.018196465607930708,0.1597135396563292,-0.12770188858700476,0.13079101664159218,0.0861201460384123,0.26404854601644234,0.18904068826902345,0.4155697368957316,0.08087624791390458,0.26424822484597604,0.19292888288791898,0.19971646739184043,0.26380216690332003,0.03693668138416842,-0.010614022113857606,0.13875077391689533,0.31684383057824556,0.34311750212132147,0.0729709806749922,0.15377495270037708,0.21381351186134603,0.030278411527321244
-0.25253420329151677,-0.38773508448015476,0.42004761119683537,0.4193624447502154,0.47171110546226724,1.0,0.23337239186662262,0.3170463363222768,0.30577947950581397,0.5225198498518969,-0.10353659417707067,-0.09538730768600874,0.12639556359437812,0.056804045416855915,0.10709118652321829,0.09648106651911383,-0.37927016145284503,-0.44676102151684194,-0.019010439785797632,-0.19053705801033405,0.16297577018575488,-0.14406076118755703,0.3818643077758546,0.425014429686979,0.36200374275094305,0.18135817574114824,0.5446202520439943,0.45734947716040025,-0.4362696114479068,-0.4557986940015495,-0.3057055485941852,-0.17878962622342295,-0.2651239414930088,-0.09818606375411838,0.45886884970950054,0.2701763508832169,-0.07029825804846679,0.036347050304793335,0.0789178035940257,0.3404355352827044,-0.3144233367084987,-0.07218653524577319,-0.1453298603005027,-0.13789852602768107,-0.010245206812435837,0.03374786379794161,-0.41467517061666415,-0.23220455885571573,0.05106622299963295,-0.029088502956434278,0.16495896904946045,0.05449549617097611,-0.11219799529674493,-0.2254979769948006,0.14005506185343988,0.008943653725537038,-0.24580356575005974,-0.36333658274705904,0.1541253404023743,-0.15054584937017523,0.0632861618957255,-0.18462979992949805,-0.2076963153666847,-0.38158115349529115,0.25760218282393854,0.2453994006715967,0.2015334665965929,0.3583643465687457,-0.17797250194197387,-0.23255785994842504,-0.08276854759860608,-0.06184084008623838,-0.3517601645756842,-0.112781671698817,-0.09929431185668477,-0.09511595908260335,0.19756211314346586,0.33144330548147677,-0.34317417552228147,-0.5157229263444717,-0.40335865706548785,-0.4906045223191756,-0.25018377379163126,-0.1990350885701386,-0.19051762819467868,-0.03637228837249861,-0.07588510405201478,0.06719600348207345,0.11207974894590651,0.13411302218765103,0.24254961752616777,0.27073912405516054,0.26559145734459616,0.22243372507358658,0.007425221738815097,0.16092283996859066,-0.036279411083647385,0.17355310443658267,-0.1702669413571187,0.17644683140020292,-0.07310845448235895,0.13408462120494297,-0.02956778546467996,0.07617589189351916,0.11781124516973213,0.0944534610326651,0.17570805997388866,-0.047174706635654734,0.06728441869641665,0.07791427960254692,0.24054337497474287,0.10530604448740875,0.03584452585213329,-0.048162973764002026,0.00485132081593366,-0.0874241741422427
-0.11398242601034914,0.0433852581047328,0.619790140807094,0.2974804262398697,0.44358083822462996,0.23337239186662262,1.0,0.670703666479675,0.44844398214915354,0.4428241196446483,-0.015614238121922794,0.1255725993177869,0.5021036470208656,0.4822746830232118,0.239728852712795,0.3170216057434433,-0.1570615389710318,-0.18782134580409668,0.11587353420156303,-0.19500943203635693,-0.11116304352857599,-0.18885779488867688,0.0984024292024368,0.1238824542910759,-0.06773832231845316,-0.0452662376032244,0.03990893059847007,-0.25061987980664063,-0.0701179773303505,-0.06274379606901052,0.11112973977008297,-0.05954423143164623,-0.02957008017985855,0.030539062419399625,0.07616852757375578,0.1443290851600664,-0.2013859847534356,-0.06246043787919177,-0.024412344644254864,0.12682316054744036,-0.10163819035490788,-0.10762324867143928,-0.2830908689806895,-0.40308663613327395,-0.22892676306543724,-0.28376213129476774,-0.29727058501369813,-0.3708237937863024,-0.14672613921796798,-0.3406100690532241,-0.022500614702115947,-0.3006976058314985,-0.15830996662496527,-0.31122080288913706,0.004011427257152056,-0.19366891593265345,-0.478216705528864,-0.417474897967119,0.12636134075291305,-0.09695801834303694,0.38879047464996475,0.220898532634512,-0.12963877463984663,-0.044024610548522664,0.40304529002744177,0.22502251905051188,-0.03911226372478908,0.0610478292093254,-0.3693663664729632,-0.33583443237369615,0.014524509241931337,-0.18405500161167845,-0.08276813429007972,-0.05784871198979567,-0.07531413544655824,0.034122659182324815,-0.10329837675024625,-0.026417350285551356,-0.4191547571420457,-0.39901507819427157,-0.3313216011435231,-0.36924026218492867,-0.1559146258213236,-0.024156118360022856,-0.1284180227607731,-0.13821722293770816,-0.5178488946971721,-0.41179312824992964,-0.05921085488786238,-0.1473547076488228,0.4531759487113565,0.2801058330551388,0.4411844726697071,0.35464370648857163,0.01570861058223475,0.18434678817747358,-0.19961637099744134,0.2053805983727941,0.25697752957277764,0.12261224431231425,0.292732735741617,0.38951930397185164,0.2245697620294077,0.10221128008193822,0.13682443223056623,0.038941768022320584,0.1996587584327501,-0.03998924952944908,0.0822062416612854,0.14613866414251434,0.03274642884740399,0.22455514831703624,-0.1122569350544347,0.018887529454820737,0.19973948379682124,0.10544584272158707
-0.2417214383413502,-0.06578778564219454,0.6793420730666467,0.759715602871696,0.43319724773370094,0.3170463363222768,0.670703666479675,1.0,0.5408697366512025,0.5225825089082989,-0.10795237956377289,0.2839262568065457,0.23055508198544106,0.6116594025065093,0.13837375170871974,0.4303787457217214,-0.2900058168059972,-0.3589728329918642,0.11539096615913143,-0.3657390370409648,0.15028947144288857,0.036296388860647094,0.30671963509328165,0.48030149933868166,0.13720866663429063,0.35352284628424724,0.1325362510536891,0.06796501969396267,-0.2937957689019842,-0.1243249348106046,0.19868842398142797,0.2863644956866994,-0.09355314572822244,0.2979079922185719,0.2407043092036592,0.3497968200338678,-0.30585999382048057,0.05916720539012211,-0.1644574729914418,0.16001290773153673,-0.2925804691023734,0.014180684757279327,-0.4565228833257838,-0.5453029638840482,-0.344564741472185,-0.3261032686808395,-0.4681415131560756,-0.48613753062790666,-0.22113894789126312,-0.5485641481208031,0.02866530867026333,-0.3023698286230195,-0.2501921871321922,-0.3279202510806346,-0.04481899093552489,-0.2828870349314202,-0.5779014081756944,-0.6794954120080998,0.13138313631243692,-0.3085561588545399,0.3254773198129569,0.20136203957889834,-0.24217078497828928,-0.0810987380161334,0.6179208769546366,0.6141033828000872,-0.16325347081990005,0.31958336614447,-0.6338022808211234,-0.5730417104549648,0.0312970381278806,0.16491767195133056,-0.2533784904056675,0.04584978039855255,-0.02987899398827683,0.13488950081125106,-0.07864731877940072,0.18551412080489024,-0.46223983039232225,-0.5576956968547944,-0.4923767988933914,-0.48004720425015274,-0.21089823622505185,0.02128783149809871,-0.1720343560240832,-0.037536267905813325,-0.5171639420726335,-0.2637387020480856,-0.11174493124587596,-0.05390619616922775,0.6092464971758061,0.36169545152475013,0.5602668484781301,0.3550735191961857,0.1266169055546639,0.12956742148701075,-0.26247610954357553,0.20068373870402906,0.27881288855129777,0.1521504901338134,0.2592597185119661,0.3301076852348386,0.1590162771775577,0.14161563933723578,0.036464263438924185,-0.0038731552686606043,0.3651585905328016,-0.15428307399143104,-0.0244997848428286,0.19538501093806393,0.2204509277639399,0.26907395603426565,-0.06047531137912624,0.05146711359723599,0.13095736105838407,-0.13203766770023853
-0.42039213913413376,-0.4360505653551024,0.6192465536568519,0.4208760663116432,0.784109104946368,0.30577947950581397,0.44844398214915354,0.5408697366512025,1.0,0.72264720973523,-0.27554797057898706,-0.0167473120660133,0.15667566227111213,0.2792680012823422,0.19875956092788802,0.33691016714692806,-0.3576029370415243,-0.3052531506179106,-0.045903719418477096,-0.439115607892847,0.11694202596779717,-0.09354002116086287,0.294559487220415,0.2833533562775069,0.32099315056093164,0.2764996054896358,0.13765859440506056,-0.0110116566719807,-0.41069994862439946,-0.11767989675580529,0.024431586838762093,0.06552998783260582,-0.2424672939692088,0.15636817141620743,0.23691760596409325,0.17921513481724277,-0.20843057778627774,0.049882017745834936,-0.07164306906549804,0.15412441961991147,-0.36340167710917115,-0.01843264957360701,-0.23269785827600645,-0.2767568607161728,-0.12039486590894294,-0.004310834732242213,-0.4356538254930116,-0.4076644481718227,-0.1379017046938066,-0.2796276809807918,0.0974432852588532,-0.28427841153740185,-0.16823946018297312,-0.33801995332817947,-0.1647686083264187,-0.3698366534763452,-0.4668067471274773,-0.5452541827059333,0.244040782930461,-0.0427534597194322,0.3356487194722648,0.1157205002643055,-0.26555667685261536,-0.02703557461476961,0.6679722295081395,0.4391573088029521,-0.10417786700676718,0.27609673573246785,-0.46698680901444384,-0.49298083307846907,0.08707762888099047,0.10014253700655597,-0.2442584404772125,0.06983392907811026,-0.02871211744801091,0.010921090206463603,0.00644421788996665,0.09099652609723179,-0.45629450451081127,-0.477490488903024,-0.3831948198378016,-0.3079803025773702,-0.3689535249377259,-0.11454178635192563,-0.21969568522739943,-0.21777270125536605,-0.4333631651826629,-0.06787635325767463,-0.08107967018377701,-0.07055095655581467,0.5095887644913579,0.41711549120352565,0.5165239770669848,0.4432012482315698,0.07136928031910895,0.13109403232040054,-0.1003471571075667,0.15344137089994997,0.3269571207893594,0.2907976911408452,0.33853029789685407,0.3884873477734938,0.15481663969436923,0.2643228686326711,0.20409435768593334,0.21613964759576298,0.3481982993855369,-0.013016468813415297,-0.003037559632918273,0.047705211941449874,0.3525486579715786,0.3786262107864994,0.1427873900787384,0.21614698739376798,0.2245296131238882,-0.00418581785309647
-0.3386131327081723,-0.2761302500131163,0.4531728387271713,0.3496560537153906,0.6447421611123481,0.5225198498518969,0.4428241196446483,0.5225825089082989,0.72264720973523,1.0,-0.06429867476500505,0.06349522671340979,0.2791340709312779,0.4580836881307728,0.21803013613121394,0.520487249460234,-0.21480318180631577,-0.21834255716484197,-0.23774093898208865,-0.4610927429417768,-0.08161563585420599,-0.15393753054681103,0.07061552925987585,0.27843250170937284,0.04888231805757632,0.031176336166577463,0.035204980935702325,-0.050577191996237274,-0.3319927185635,-0.1018798902682027,-0.2170060667764342,-0.07534763347841544,-0.31181055900580074,0.09428064832358171,0.06896489951596904,0.10458147841669885,-0.19577374842989226,0.06610470900768452,-0.24090026312379004,0.1505039229123963,-0.3132782520361515,0.08011457088593496,-0.3207162316248933,-0.34476300203945837,-0.24718235822989176,-0.1876533967378917,-0.45316772922227416,-0.4369405448269868,-0.02857763818834007,-0.22498043155295785,0.006448190691119459,-0.1705628086341797,-0.06488996829589365,-0.2800894784071527,-0.17630861572182882,-0.40990684677919204,-0.4017932370708935,-0.4921113917035555,0.3609257521590614,0.06500263851719718,0.35323301354219555,0.26596119215280306,-0.1644790716603516,-0.07370849826264486,0.5018090231147768,0.4786742692753475,-0.12180140842245413,0.029628865251680795,-0.44356213787500404,-0.4948242584645578,0.0542149261159831,0.1304088527379218,-0.2201121193400713,0.16581352622254106,0.04555913151956959,0.16592910797504787,0.035657605635485326,0.20377141414222447,-0.2989898674498148,-0.4567116095624155,-0.23390947872450835,-0.26877670661630865,-0.3128511624816342,-0.08514544192229831,-0.09410997051527116,-0.18519786513332603,-0.3857329391434073,-0.21817485566790829,-0.06959346457811506,0.031076382281806807,0.6067113137659507,0.49867564570416534,0.613946972959354,0.3709427010450666,-0.13991385083855482,0.06384569861091999,-0.24687863895578938,0.10711602755204597,0.23156421488546894,0.18736404856188493,0.3089214256466208,0.35741311909369494,0.2578274213962146,0.29028552617268877,0.2890450695642469,0.12999835742389348,0.28727221876988357,-0.00696447028275025,-0.05714798623351793,-0.028586399191492404,0.18415817126392303,0.3224943272960275,0.10026722676649213,0.24750156828094236,0.22800597502605605,-0.20631065465907128
0.3853423909171812,0.3983549640430124,-0.17210507580185094,-0.006735915749231149,-0.11840973359807515,-0.10353659417707067,-0.015614238121922794,-0.10795237956377289,-0.27554797057898706,-0.06429867476500505,1.0,0.5452031824300417,0.4238427539352706,0.22097948926462385,0.28036763849166585,0.2865943044793106,0.3366182858540385,0.24154802633068148,0.07657079963530034,0.38222825506982805,-0.14524470932210531,0.19656866778430873,-0.1338707179839268,-0.045591759980572306,-0.12270807471787919,-0.12351575774093282,-0.034032899117309466,-0.02456706480695307,0.5812232942963375,0.4097892221138981,0.023183902729538422,0.0681265296903402,0.030529543499718547,-0.08014401784110121,-0.40952097860714126,-0.22858170693161775,0.22529974192808191,-0.049399620850379695,0.019352774350164272,-0.1855422277768307,0.36603855278510955,0.1144784529098218,-0.2880652528399883,-0.12851857902563701,-0.3343397058394262,-0.2933721586185649,-0.16867625937476277,-0.23590119760280648,-0.15037530635192048,-0.11561602369662762,-0.062312822133231464,-0.043950816277765994,0.05822433354738888,-0.011191800486910772,0.03981145508254739,-0.0772473664608653,0.00038255089915468853,-0.02364054072320201,-0.18243738385472497,-0.14277912059270947,-0.01026358211729634,-0.028224676293870102,0.21743779652389264,-0.001917011197224871,-0.14913862652982965,0.03161558678147107,-0.293902568383656,-0.24225988878213953,-0.11467992238623399,0.0024971247454182222,-0.018954050087707328,0.14414584717468223,0.3705504469890897,0.11281565202865872,0.24820656819555126,0.21848939965512318,0.13743917268414288,0.02822136593509894,0.2842407974606393,-0.006430715445242403,0.16305357660879966,0.22722841656437484,0.47798886929361073,0.4076043414180734,0.34919610698991643,0.2551481546415573,0.1840206121050376,-0.038821507209783966,0.07150916701693455,0.03159670928579502,0.02829114109570305,0.13532484100002187,-0.09459648946033193,-0.12068987091451523,-0.24951102610730141,-0.30660222946675775,-0.24697620436517737,-0.3072706016599456,-0.07843732591531238,-0.16546300809696612,-0.25391248530396504,-0.019069225759684345,-0.18234728560850016,0.06819874661330118,-0.14989582880776123,-0.17057305531136419,-0.1012487272885812,-0.041209185189762465,-0.08169254953212333,-0.21159250008150327,-0.30444831043617493,-0.17991914797320283,-0.18334437553564317,-0.03163625145231212,-0.17561507530664128,-0.14222206353729328
0.0957331701086598,0.2971971752975721,0.1442852342689271,0.3280354060929101,0.07676170640727568,-0.09538730768600874,0.1255725993177869,0.2839262568065457,-0.0167473120660133,0.06349522671340979,0.5452031824300417,1.0,0.4333106511335009,0.6740899336324737,0.33329395415184965,0.5938181261755725,0.11020327793271248,0.17057505213831328,0.11102725104922441,0.08378634945257106,-6.618826457184425e-05,0.2981951372388678,-0.06430549119886507,0.2095515728808458,-0.0669649141567262,0.08789621600611561,0.01774113903349926,0.15206768310048546,0.30309070912207114,0.5364031730950596,0.25574684577901563,0.367030794516222,-0.19724603576670466,0.042079187256266325,-0.2327281177585091,0.01245968048502226,0.25160993323948705,0.21399794335937924,-0.1558572459913111,-0.10167743150830214,0.12190923729608022,0.3932620478463124,-0.4532812489166025,-0.4296315782611117,-0.5577620885291441,-0.5306805866208647,-0.3961921740192033,-0.4808787105099122,-0.25796135828914163,-0.48337232918963174,-0.10199297151009158,-0.2580526965425977,-0.01933404691122098,-0.1532413661352817,0.04214941606726768,-0.2998033972439157,-0.3164324767280019,-0.48657381094146934,0.11672565773479679,-0.18011508021437167,0.2360690220654375,0.13415353141408098,0.0719343264696436,0.14079964690423924,0.08897312333242903,0.33911823402055286,-0.41187173311615455,-0.139600895820523,-0.6032780044381043,-0.4124428185902244,0.04244363187343804,0.35498524067087905,0.33962520881775293,0.2903708791104221,0.22858645036283406,0.2585957970077268,0.1293303794906707,0.14818484552504335,0.09194627424887619,-0.13089690615923485,0.03249378079892179,0.14823794490010775,0.2230388267097093,0.6322764440841575,0.057754432904694696,0.36440342569184025,-0.18199469407962962,-0.012887087934730831,-0.0528028653458232,0.1814960418970008,0.2626300391590082,0.2952295578027755,0.07418675057530473,0.0057672122565910625,-0.05825765206193605,-0.12452155038084976,-0.3851003795500316,-0.1347895949257488,0.1647365707719439,0.02023971822837051,-0.21922716149294905,-0.005999925807953597,-0.15238708510784008,0.047634569920916386,-0.16732074289464743,-0.10528837783430434,0.1097572495357219,-0.10965396861448364,0.08670468226483606,-0.14271088780380706,-0.1970436138598917,0.12425127394148762,-0.08289947171709507,0.04257314930659673,-0.12520129300822047,-0.048401115303609986
0.06759387289588938,0.09577717182050127,0.33157975031586817,0.15755803734887888,0.3864436811664106,0.12639556359437812,0.5021036470208656,0.23055508198544106,0.15667566227111213,0.2791340709312779,0.4238427539352706,0.4333106511335009,1.0,0.4627646433614069,0.6439574546219695,0.5155195457699098,-0.05949905879877863,0.04056786824803292,-0.06566071531321259,0.007127901770602878,-0.11788153603314867,-0.001949215500994677,0.005567854983418887,0.09828487480297159,-0.12306531654925723,-0.14157884825219844,0.11646793713417458,-0.06988820158360638,0.08467170287159273,0.20964402162451667,-0.006266094371542464,-0.05761726243601836,-0.1480254379976862,-0.10192638015226668,-0.23759538970680444,-0.02133243295415422,0.10442057710838712,0.06981241674228547,-0.04346447800310883,-0.10406103659125977,0.013030840703900376,0.14811746704184628,-0.3385774683313819,-0.41363612042707365,-0.34306674884700367,-0.37122410728873023,-0.35025254784377696,-0.39531517198827093,-0.20904193804613658,-0.33629598252631104,-0.17325444515204425,-0.37189056400720855,-0.1789312185357766,-0.3672208405601543,0.007089214386579154,-0.23959591981748193,-0.32790201129529917,-0.30459331678606766,0.11949535936266258,-0.09254983793925704,0.2506177155345753,0.09809926243009912,-0.15486446558546407,-0.08533994221228869,0.13375337631954265,0.16676127281222378,-0.18323433752391424,-0.14042266223424307,-0.32186088038042715,-0.2570805388392269,0.2503291751859318,0.12392970073534963,0.17508573707003525,0.16949752485085698,0.16530239931887608,0.24622905622449398,0.2642516079784312,0.16499465240886346,-0.17699656004602926,-0.19933279318250102,-0.1410798442343365,-0.0692058862255432,-0.06889045511766721,0.15679146951166578,-0.07119182521403515,-0.04046489356257808,-0.31022554430549343,-0.3437968001504895,0.08374123929702632,-0.0033878589571449337,0.3476701283839399,0.4543074233151677,0.3393310330208113,0.3899611710643644,-0.07754819756397886,0.06552739527255226,-0.2512154458612258,0.051750264098700004,0.24384580689169955,0.19778669255276646,0.057619526140890165,0.39706001650735334,0.10537097066778689,0.23599112561877902,0.12994879658715322,0.007965429285075959,0.11413009958456222,-0.011059239149620528,0.034332992166886046,0.12039242481909657,-0.013236256509286047,0.1987692344827823,-0.1737915244971883,0.17667648294272498,0.041651997185551494,-0.004771688787581323
-0.03305719795257585,0.18858792044017908,0.30269901462130383,0.3981644555036049,0.27695799634646895,0.056804045416855915,0.4822746830232118,0.6116594025065093,0.2792680012823422,0.4580836881307728,0.22097948926462385,0.6740899336324737,0.4627646433614069,1.0,0.21316502567021206,0.7987088269759914,0.04981861266380589,-0.008122493359867837,-0.07767614235260872,-0.3305312971233952,-0.03498980107353443,0.10362715619274336,-0.14590122391094335,0.22891641764593856,-0.1716011458137856,0.10186897279294449,-0.07091786189482181,-0.07888086356953829,0.018467383442537715,0.3295772164355566,0.17048891537594654,0.1729283570187442,-0.20675860256321196,0.257737446167799,-0.11050656490233096,0.26630425711071515,-0.05683106731247599,0.189694813509501,-0.3048697827303301,0.06492252196900015,-0.06751815694425431,0.2678868233987863,-0.5743035275183381,-0.5493303976719284,-0.6082060430543348,-0.496763186750286,-0.46988445149740327,-0.4908068216311819,-0.22281115282412228,-0.5591235365753894,-0.15240289843175978,-0.2628491315943518,-0.11557991832310857,-0.16907092080264735,-0.013186836217249772,-0.328562513174845,-0.3837627811329584,-0.5650748836632589,0.2678051434539766,-0.013543181780393255,0.4986427712578122,0.4947400126566019,0.10930398729588126,0.229348087800884,0.30331129215820557,0.6031834614453321,-0.4287585181665004,-0.22455352987522237,-0.6216679945968492,-0.571902613528905,-0.01052556804494573,0.2626904680535518,0.05846430468200471,0.16718829785769343,0.06641368811059162,0.27309034024210627,-0.08087202315178525,0.12342518011618435,-0.17241023395916055,-0.30447816421072543,-0.06459992173896259,-0.11196879816887423,-0.13194568305277143,0.29942401743012387,-0.09431242040676863,0.11223428255084718,-0.5621394804394949,-0.3420060182491429,-0.17540194604327652,0.13760891248442567,0.49248002667566926,0.32491408104974057,0.4119347307661879,0.15903783036570684,-0.09135689640225685,0.015484496584513069,-0.42241641394189394,0.05069126203755409,0.27194165100808954,0.0340411986679916,0.1982553383387851,0.16824673953274094,0.17057014738633108,0.06477723916866251,-0.10103521756787194,-0.12197186071094591,0.24110079187566394,-0.1863623731416753,0.007838770001133692,0.043169130628417686,-0.1606579252075327,0.2689581394959659,-0.14182706804015485,0.10840241896190182,0.012881026519529482,-0.10577031658797303
-0.2185837956730726,-0.09099536032338422,0.30150152561982146,0.29337414458803884,0.25231922338179175,0.10709118652321829,0.239728852712795,0.13837375170871974,0.19875956092788802,0.21803013613121394,0.28036763849166585,0.33329395415184965,0.6439574546219695,0.21316502567021206,1.0,0.420194847933715,-0.19544163626371353,-0.06133117832686198,0.03808367058890492,0.08571716582288953,0.0071966660249842785,0.22640055465105405,0.24777421104482178,0.338467937555986,0.12306407733489381,0.028844678069865383,0.17876123930819557,0.3036097301049822,-0.03765125628974462,0.05264547737209923,0.07528560281603072,0.18708587957982384,-0.285156448997923,-0.27210964790480136,-0.2934152147941246,-0.3146457088103396,0.21012486973712136,0.1349238762192129,-0.04380487075359185,-0.047057887142311,-0.015608387272559154,0.34431481871260794,-0.2934354727272842,-0.2553839458342144,-0.36879953994107445,-0.48021467765891496,-0.28758609992181977,-0.34139155705466123,-0.1839500425481446,-0.4066367278360585,0.042248317836530734,-0.26302517020964655,-0.031171151007924065,-0.2552772371220395,0.05736212208152323,-0.2517303434106272,-0.38935327053627955,-0.29592309157327407,-0.06843674874530462,-0.31619506503510514,0.04998757461779584,-0.10433348238358257,-0.11281703538109827,-0.1325602621271252,0.2823765538318167,0.08534633018550394,-0.2114340906385772,-0.10995561994502613,-0.27699636403360084,-0.1781339245649306,0.32024015955100654,0.2348536757963334,0.12190002722932497,0.37717762269354654,0.3347394838162076,0.26570422350252315,0.3344196450573497,0.1696465175645835,-0.1478334989213659,-0.1499658775529915,-0.11133416429943163,-0.01039832745347564,0.013506073598598659,0.23640162364786607,0.035830724292656775,0.2293212055052226,-0.21693050145415718,-0.09880068739104275,0.07895153539130914,0.16333190471211848,0.32575544143968094,0.4882860215657106,0.2546716317887959,0.27943894879436393,0.05029081677161461,0.03927531273927033,-0.09636789843931232,-0.006135080858037386,0.24520241791738387,0.18236650120270365,-0.06016361873788899,0.20415795052573574,0.024928809112608558,0.2671676616983419,0.11752651976726766,-0.054191732571364205,0.14633367200293756,-0.13546063017544901,0.09591470982389078,0.0009924788248464537,0.11216398491387733,0.15554396372505638,0.0009835295876334824,0.27931532067891496,-0.011001446842157935,-0.10843854928913937
-0.14442351821629,0.10680257855278087,0.189301594107969,0.36756593124776377,0.3411940515787247,0.09648106651911383,0.3170216057434433,0.4303787457217214,0.33691016714692806,0.520487249460234,0.2865943044793106,0.5938181261755725,0.5155195457699098,0.7987088269759914,0.420194847933715,1.0,0.010782184155906815,-0.058403858800742295,-0.1378663112941512,-0.2595846435598735,-0.061250865134855476,0.09503713814991192,-0.20173441548498433,0.24012787950931844,-0.17562372575368712,0.042100666945017386,0.023034888809286672,-0.028691315174712243,-0.012421785120447094,0.35930024435454394,0.019385814407182247,0.17799779754083614,-0.30223870492453664,0.11440722153675362,-0.2508914064779276,0.04836294953575164,0.003757068221835689,0.2819164608956056,-0.2662790709366314,0.026569455258011902,-0.152691969194169,0.3133604869675549,-0.5379952296511344,-0.5086697315824447,-0.5855458658064369,-0.5321706698001512,-0.4834251486754359,-0.493544536408238,-0.15767528374804957,-0.48177993879815245,-0.08708246763913575,-0.23296122003835298,-0.05107627599327902,-0.12367103978229184,0.04255931089297746,-0.34287738514779315,-0.3583562555452537,-0.4324549752065591,0.24715288892135878,-0.026969973926039906,0.43597647910369414,0.4173108567918372,0.100705486376784,0.11164988868498545,0.30951433974989523,0.4981337634172881,-0.41920242835180616,-0.33341180391676195,-0.5178610339687535,-0.4419602665540512,0.0393596804976404,0.28092959650045407,0.12295090863241637,0.3024792455906364,0.19770998031949802,0.3205215165782618,0.08123421734862901,0.12488214610928616,-0.21132316706513432,-0.2350871065481641,0.003544763934038939,-0.053456167953545686,-0.15779697159976253,0.3743787650509683,-0.061746599540279494,0.1291363661059419,-0.4948349431390314,-0.3593109642776764,-0.036988914972677936,0.24216093853432885,0.43873158530858947,0.4025860219178332,0.39742764997523466,0.1950779289372325,-0.010965491650047697,0.04004946538359122,-0.3725245533216476,0.055851857550823156,0.2210712883084768,0.07116192922507372,0.09458848752265511,0.1648082182224295,0.08271634927026356,0.11443503239051976,-0.07495547911662817,-0.10220858063689148,0.23009505449941411,-0.18777158873855876,-0.0022062950473897354,0.05682815956331176,-0.18572247771187453,0.2681844858673608,-0.086917688005225,0.2854027644189746,-0.06473321777468624,-0.17216712782127722
0.5302530674236117,0.48400030042963205,-0.5719363807667267,-0.394953393284527,-0.4356791725013346,-0.37927016145284503,-0.1570615389710318,-0.2900058168059972,-0.3576029370415243,-0.21480318180631577,0.3366182858540385,0.11020327793271248,-0.05949905879877863,0.04981861266380589,-0.19544163626371353,0.010782184155906815,1.0,0.7738607365529278,-0.06715440918293104,0.16346497249274602,-0.48856543579655765,0.05984844418490909,-0.5561277542049583,-0.35292213376927456,-0.45574881556427627,-0.44306733678787885,-0.4441400090444984,-0.34122560172405847,0.7000083977931223,0.440551682268486,-0.20380529368496675,-0.24942638358744137,0.18569571058235723,0.100936922325203,-0.45423649854365133,-0.270006649764138,0.19990400886630924,-0.23181680872119062,-0.13116038115293163,-0.2590117248685385,0.35770218163642725,-0.012186947405386558,-0.3109541358608984,-0.2424597908850665,-0.1073950954744159,-0.20157337148592933,0.21574061820746265,-0.10923736035516482,0.16011223588958415,0.05052003522648965,0.10428159000771099,0.10906854805682661,0.33995926813990973,0.4671699341164369,0.008752039499047312,-0.06369380973010796,0.6013978934574257,0.3779416821027021,0.10534175119096945,0.2666666164044326,0.2025814260664944,0.2789502670475316,0.6829441189552754,0.540404199128281,-0.2799392148207816,-0.18423577197368465,-0.2123869397741356,-0.4739129357130082,0.2234176566490103,0.22427824065906052,-0.2620256353678454,-0.05504403919097204,0.5254715219212182,-0.005458479261388226,-0.015713475691657954,-0.0673671408059668,-0.39759736367594234,-0.46814857152535383,0.6596333400544527,0.45211816293995094,0.7077244574799542,0.6349132648530987,0.38728980921690204,0.17912799343859917,0.32992608162042614,0.1944978138414771,0.17939850953521597,0.07053652765083222,0.11932769643749144,-0.022326433270801697,-0.22673779312758233,-0.40481383076083105,-0.2635246718792728,-0.4454017911418916,-0.3560136694317113,-0.4420756190009368,-0.4024866663605533,-0.519433067966309,-0.019699266125771143,-0.5235467497489188,-0.04266701228968142,-0.3403763159929876,-0.11108727006327758,-0.16413069268976746,-0.261215634246714,-0.2745062335805099,-0.16977037191444888,-0.05660521005149492,-0.22626722897283563,-0.37150804493584394,-0.6684091627724567,-0.40003298693535994,-0.3710363910484915,-0.046319090928980095,-0.2678962128806312,-0.06531928000318925
