1.0,0.47768865587981585,-0.2904163493783989,-0.014003115721489247,-0.37170022072679665,-0.34867835095417404,0.3055024863752221,0.0863752613425569,-0.32862936532250603,-0.2178264482633024,0.3399722119545639,0.42582519191460244,0.14257865696426453,0.29494134760746704,0.2950099080775579,0.11928142009312208,0.3807204007437042,0.5308608775762059,0.3591314018803667,-0.07669051481052375,0.3212356975367402,0.0871793116857269,-0.02553132823594845,-0.2504101290827964,-0.281898584834218,-0.25067900580446767,-0.44554590097293656,-0.12890733936925383,0.6274636110744085,0.4334941859713572,0.4552604134522752,0.2885658681400293,0.2121681497217859,0.3287889007084495,-0.06028885034310318,-0.2639450828750235,0.23692966312866678,0.1961467117094161,0.2335142999803251,0.0973323367478896,0.02406806778978272,0.204308768347235,-0.23682821760654543,-0.23838281527270355,-0.3070411711076113,-0.4466138443275903,-0.19319735689961093,-0.39330474311694946,-0.3750380443426277,-0.37328426406040816,-0.36174507419199087,0.029961475428716664,-0.10355696985864349,0.123854352126859,0.15645803156787738,-0.11108338400231706,0.416261131403118,0.4246844898343142,-0.019915680943998117,-0.024198058929500197,0.18814660743670178,0.25927120278783095,0.3060970702802349,0.37864923443184656,0.06580284390660675,-0.22303118396260335,-0.11039909884206332,-0.5457715932119277,0.08586664951069965,-0.14709536483382782,0.17774167933583504,0.19407369641278363,0.5445608140252731,0.30008809191269004,0.31111196666788227,0.22232807017164402,0.43695572533215754,0.22801714462980316,0.18961083703796092,0.2307955650894646,0.320206843762186,0.325693190298497,0.15220113105610417,0.34820615825364265,0.24872477477153776,0.006939193659253799,0.07448555527247115,0.14174733275265491,-0.3316680699319331,-0.03827083115251101,-0.10299402382747014,-0.2205930371212142,-0.3875722461310056,-0.4044429880726474,-0.17574124568096886,0.0015682092213165977,-0.2592851526410864,-0.05420047304915007,-0.09874349099773898,-0.11351384355248743,-0.08518296608012531,-0.4189168245337334,-0.03355406126932533,-0.18875551398271004,-0.12836136898665182,-0.2834205839930435,0.01765336567188837,-0.006097331422123381,-0.20286624033598302,0.038556965559237995,-0.31410216443018524,-0.24393988424482202,-0.02539763133057534,0.11459931989679532,0.053384254831424914,-0.050881598132685835
0.47768865587981585,1.0,-0.1782673536568757,-0.04483750067059906,-0.07270028820415432,-0.3869577453640713,0.007230082560823454,0.004768448632654282,-0.035456210100111796,-0.47074852947917695,0.23934215222506913,0.7043735130033326,0.3166345817221866,0.5106713327253789,0.27762764016398944,-0.14115162151886684,0.10323835967684428,0.5286854440268551,0.273672612958557,0.15230480096625845,0.052295133503193925,-0.13405410902847248,-0.07992562507536523,-0.22161955129560698,-0.2596451749469995,-0.2977485042220521,-0.3500842745966483,-0.20255653440593901,0.3353919951700234,0.3400973481370299,0.008593873182806099,0.03470603262381399,0.18684412982833415,0.2750246532932514,-0.15784771944478238,-0.27862334437581326,0.014581330356813539,0.013313802712422995,0.07931655630666143,0.020517713133898285,0.0029995292853232016,0.05527391092693343,-0.30379837391919934,-0.14432082913640937,-0.19576364976212254,-0.2605883353693265,-0.1818613440837623,-0.29374505819601743,-0.17802831169632058,-0.2383503633527547,-0.44340815741380907,0.05943104341790648,-0.20108726721470416,-0.24868496377010277,0.27885128123136405,-0.019486121297893504,0.06885190267520858,0.687379191462701,0.10179385668590196,0.2684737274022154,-0.017154324559940825,0.4367142073101976,0.06343506000527381,0.24098232046758247,-0.28408378026073483,-0.06408779671586227,0.05732666936653572,-0.26604539618589507,0.22301880509951716,-0.009055030201367675,-0.0350442645688356,0.1477553474856901,0.30868972354665836,0.3588627956861031,0.23091952499487545,0.07414364071738483,0.1611766453138558,-0.027549744126819743,0.015641077240302458,0.16984772480910773,0.09921471023920843,0.08325816478867056,0.12235322051536009,0.041072310864881854,-0.09044671829575157,-0.01650338080340829,0.03502816437140702,-0.13108156758738662,-0.267169826926083,0.20695855152696782,-0.10402574301642027,-0.22356734900868738,-0.19960794704841092,-0.22198879570098848,-0.09043514359670268,-0.011438894553509325,-0.16089649669678693,0.023127882961079867,-0.055214173722462956,-0.21166138935597462,0.012671357208630772,-0.29514310933894883,0.018228843666124744,-0.13954612251222873,-0.019719036747138426,-0.14601324388140546,0.07883720294825725,0.08541124072212074,-0.007848564693470532,0.023582833286415878,-0.2393600916870235,-0.07208815399461843,0.09387391078526502,0.13023377762480937,0.08022154085049679,-0.07301609651944027
-0.2904163493783989,-0.1782673536568757,1.0,0.010343733696591102,0.34026402566354585,0.18706732633736922,0.3056502610743278,0.10829090626156787,0.16664772218420612,-0.08278915673122975,0.02774797838539554,-0.07593681235328106,0.061195380203670886,-0.08084246827022191,-0.06759231324646985,0.02975381105986139,-0.3264362620137704,-0.3259457115849762,-0.015790565069685507,-0.08684869341708883,0.17568145593016882,-0.12619977060818285,0.44053679609755525,-0.07637208696173724,0.304830250797248,0.3022103228674992,0.26484092405137843,0.20301401008227782,-0.23973602210293674,-0.37486530528825784,0.02167081571629498,0.062072240754004214,-0.14052477363831872,-0.18375258552540097,0.11375806981818323,0.09296619819212885,-0.22475863296054785,-0.34215407306643486,-0.17629515212750516,-0.15089163583955784,-0.3508278995054136,-0.2356414627130284,-0.061563240438520565,-0.03203463027419778,-0.04803100883902417,-0.008554934666080226,-0.015347591500598994,-0.001940722276623368,0.07625030734218664,-0.008974255958739272,0.350477716004566,0.0940368901777507,0.10159238525167935,0.037047748116379106,-0.13270597140436502,-0.024110941261252652,-0.2650587727449107,-0.23732131072004714,0.16422335811455244,0.010477389825923425,0.10148678726239295,-0.17599221094582895,-0.3343431665934824,-0.2670184649683331,0.25120224040195577,0.18789297780842446,0.07133570257089182,0.1874003362860506,-0.17416549581231006,0.089327693007878,-0.08901502086911706,0.13203327607599494,-0.30418702846400414,-0.24957022997098227,-0.25476915422253116,-0.19173395725050538,-0.15716786602982896,-0.30265296143552484,-0.3737378268663668,-0.3502344178198381,-0.3594191667332771,-0.37866714435386956,-0.12244589048426657,-0.11416803956150838,0.11707081898139235,0.0681996238953719,0.1751859227387338,0.13844369089968991,0.04064098246325348,-0.015178911855762905,-0.10246705174919798,0.037221022210693434,-0.03869420961563364,0.19226561247034007,0.16997608887832016,0.1641008785354137,-0.12136251033132614,-0.20786242356739246,-0.13651487963974845,-0.1052161999682261,-0.25138181141489135,0.10320341633689262,-0.18364319799524184,-0.17747416881899392,-0.26786465577684404,-0.24429454269413606,-0.15398066352209283,0.06886020729261785,0.04331022142062002,0.036600318718913914,-0.15153513323926154,-0.1517995724432477,-0.1788908133588405,-0.24039654592555812,-0.2625101132004323,-0.18750660719691092
-0.014003115721489247,-0.04483750067059906,0.010343733696591102,1.0,-0.2703954912674877,0.36496879697892365,0.04583280594884098,0.3576807593716208,-0.4144443598672903,0.15482844474151625,-0.3179343190635595,-0.0868432111157803,-0.3681353847216582,-0.3621683078255915,-0.39214958082792645,0.05982863595552136,-0.09684297897977608,-0.09302195741894759,0.1465063438450221,-0.11941657192257113,0.03696244883850841,0.22528189328936715,0.01148665797307046,0.12704275119083633,-0.01923241720152685,0.3238239665885583,-0.11387901084475525,0.27209229921882494,-0.054318632346820356,-0.12396983454169695,0.12782732306274772,0.17626916186586636,0.049754774947373376,0.07005909576446306,-0.005570373575335628,0.12558099484884808,0.0029453570080486043,-0.08245212569129476,-0.08196479936997378,-0.06394283181154434,-0.06908957297051922,-0.03566321967524136,-0.21663410448248566,-0.12370549998799514,-0.06428706284913818,-0.03440167633495516,-0.208649487748993,-0.2290946859054709,-0.18810559353372233,-0.08837251674243501,-0.2413369475373454,-0.4092324600918027,-0.24447602072452598,-0.22583343630844213,-0.19318739418375835,-0.1467235055665144,0.10203253949694742,-0.0066557591291205595,-0.37350265351699896,-0.1639883534387199,-0.026514586134425023,-0.20179376861130494,0.24732935582839793,-0.1650852007150161,0.15020162432609027,0.24136086113589303,0.19750656179411208,0.26355067801937393,0.17223179492803317,-0.16685473327177422,-0.03548546995229787,-0.03069911825687753,-0.047525016915586124,-0.010892651066732793,-0.06799084873367973,-0.023577895193861546,-0.03225628154944067,-0.06809445232738427,-0.056997849425831755,-0.01560524767743937,0.04543189805503761,-0.014983542182409422,0.04730689749151932,-0.0017739585399104826,0.08801606592296718,0.45337380576412034,0.03964135177063512,0.1719722830757877,0.06440141526773442,0.0632966382576446,0.40909512838366036,-0.2047380772302416,0.3758398607132046,0.09133224258969218,0.06106125453103345,-0.2105830301751066,-0.12725873990901032,-0.06092190145869386,-0.1333017990228387,-0.24397477806333093,0.04555400575408578,-0.18172245829412376,0.04018067594836473,-0.13468990050696672,0.1020197934806578,0.15745150502738295,-0.10859402007091397,-0.18089133021997386,-0.0006429473810436144,-0.3589866302193112,-0.16868669862449515,0.046660435093225004,0.005421100754483439,0.0658578927733788,0.13811983972723466,-0.0903109939629923
-0.37170022072679665,-0.07270028820415432,0.34026402566354585,-0.2703954912674877,1.0,0.16479255485473557,-0.00248007813766807,-0.20514049477105492,0.509940918664472,-0.11427673718465703,0.014059562017677177,-0.030729656970736506,0.03492807130595353,0.07621922983374002,0.2975623839424604,-0.15898432341486848,-0.44484053920606276,-0.2646954568689168,-0.2117031823295555,0.08082332591243306,-0.10862383972224371,-0.13777449665631714,0.10298493120590665,0.15007322456759514,0.5533648926953568,0.1179103441703933,0.5880147463258096,0.16734449591452258,-0.4861358611433694,-0.29612384076476206,-0.4061360276183217,-0.2692933157187936,-0.2920337737558206,-0.24972843831352295,0.1977709017264738,0.15755195142304199,-0.21247285844850042,0.006298241084710988,0.09508232078734793,0.020411825582002205,-0.23846199923302494,-0.12011335583494616,0.03570275640680025,0.02651337713944582,0.048992358300509,0.09920967118328673,0.0022800297748741564,0.07755416945740211,0.19425991295863845,0.0403833779379616,0.17667368517059925,-0.0008886339817425492,-0.04758629140151685,-0.18300619376265015,-0.04636466006029512,-0.08839664475220924,-0.2710092908244078,-0.13101086681130558,0.4169341574080051,0.24068850331145672,0.005752022261496978,-0.017557640287899395,-0.4245754715256936,-0.13812391059423182,0.06718365860650281,0.1844602248664103,0.08060858157838073,0.17185125192847617,-0.03121045522270498,0.08193166606978257,-0.16240859299897067,-0.02508146736306573,-0.4904063566452124,-0.18988888102039467,-0.2644737284283396,-0.12797684853760485,-0.1780937361729291,-0.017115165534540483,-0.19570708817385743,-0.2062035428782573,-0.3745364519050903,-0.22321231159389796,-0.0170371339062425,-0.2012645281243715,-0.07830111465911653,-0.04867364031818178,0.13046245517857544,-0.007629630019469265,0.34024924243601473,0.04745528148264113,-0.16884986840799962,0.10796929962985527,-0.0008405875089403833,0.2880436511183217,0.10227389852556872,0.23285478935732723,-0.06347972137676253,-0.003999737209503956,-0.18426305494955034,-0.1260100695970309,-0.22104596298239418,0.1477553875669483,-0.09428680340370248,0.03750152886078055,-0.00040275353233889985,0.057342566586084665,-0.00996533615139012,0.13273798915970658,0.15516632058576743,0.10001135540395528,0.09549309630071277,-0.03846144942684997,-0.024007418127698618,-0.16862935531296358,-0.009789577307513907,-0.0010149662292142346
-0.34867835095417404,-0.3869577453640713,0.18706732633736922,0.36496879697892365,0.16479255485473557,1.0,-0.10674832989522937,0.12289034641231165,-0.028438025382059563,0.26020261080146834,-0.23625772698418693,-0.36795437327490743,-0.31009044960543164,-0.276388947375793,-0.2932340787001716,-0.095608763438159,-0.1958221889349798,-0.35235669649028417,-0.114742580234484,-0.15512545320439197,-0.08005272165270969,0.09288297845953856,0.0496400176808931,0.131925671841926,0.40854794950177437,0.575924817165669,0.47276871580385765,0.4967872837141362,-0.3385948071059837,-0.3455293101256441,-0.10274873347311855,-0.017230129823319784,-0.012911716204724397,-0.020214984066668638,0.11164047692825028,0.3822524650563845,-0.01487757119218095,0.08938359010041501,0.21841366438641338,0.1971668313144705,-0.05913620678165968,-0.017998709009656805,-0.03892234158804908,-0.1178679357190781,-0.15690248947241447,-0.004428362712423714,-0.11694382986056293,-0.049575617668353604,-0.0514268588299719,-0.13269406876093895,0.23928934586932313,-0.32166278200413556,0.0944225844415736,0.118112695439837,-0.013952494397812352,-0.20510050254459913,0.027872988529965007,-0.3161157407695466,-0.0521102467840903,-0.031488112965798364,0.20930865892181091,-0.11490331333621145,0.02867875827226222,-0.11800516054482767,0.23270877661137918,0.3485604991152356,0.14491698691947014,0.33020918061089294,0.1706124002110314,0.05827060247052659,-0.02583455898262235,-0.07197786300913968,-0.3254972367780194,-0.27336880667549984,-0.14535431306827398,-0.17004440355688394,-0.15540266468250474,-0.022184044553656218,0.0066135087473864805,-0.05593601690778007,0.025655261554554446,-0.08993942286580314,-0.11010168681840149,-0.13870530645047124,0.01478716959627628,0.08160113040863586,0.048512767123826135,0.13205804115711753,0.44385597827602047,0.08918185982144666,0.15278001017603385,-0.03928278817878028,0.24229442169174475,0.0695427919618121,0.12755551793428735,-0.09398895617279775,-0.16309588322828217,-0.08825570366563147,-0.3367256899803818,-0.2035237427129868,-0.01641089028080062,-0.020462647870043746,-0.21862563124659254,-0.003582023951900802,0.0541806930603585,0.10437690888063739,-0.04691289844065284,-0.20657498296679247,-0.06287459084181897,-0.17760243415388632,-0.039768946405347616,-0.1701901313471327,-0.3112740173084837,-0.06199016910737645,-0.07687982011151547,0.024971396314454216
0.3055024863752221,0.007230082560823454,0.3056502610743278,0.04583280594884098,-0.00248007813766807,-0.10674832989522937,1.0,0.2789837569823567,-0.3493212422770588,0.06412080487447212,0.2657136716126881,0.08090264053086839,0.21155578126677976,0.07609754274399223,0.029469732350861994,0.3429283336170778,-0.10054619059418597,-0.09537640089063823,0.2160901236192257,-0.13949964024927328,0.2964078638929968,0.01492659735783213,0.24828244936098529,-0.26624451984626735,0.2911939632635064,0.22471067922197027,-0.2771530158475125,-0.02169411658807558,0.29784760429207024,-0.060472575712819575,0.6064658023541727,0.32427363483862454,-0.08348776994955676,0.03467758473182488,0.2721930251321933,0.016089691421826816,-0.12512951228837305,-0.10389296057769462,0.021304795886210138,-0.1523812380794694,-0.40253660383801515,-0.2702855573807958,-0.31069078510292103,-0.26632588355763265,-0.30345230046461386,-0.33217356507464046,-0.320257372897947,-0.4565508224436713,-0.4162691500855825,-0.3763762184844996,-0.02623043871429725,-0.04343459576324065,-0.2805320585422094,-0.0074073956699442604,-0.11689187664724662,-0.15463146904866087,-0.10958680570825291,0.0950882523386637,0.013571674900616212,-0.18896717349489944,0.049955859175898856,-0.04609273361655405,-0.17636245933093725,-0.054958387113058296,0.5363532408965179,0.006539365727852132,0.01136143672609865,-0.2151964836651901,0.012974391903846699,-0.13231541518543746,0.22579351291278282,0.2440357828197796,0.17339378621207452,-0.007587296191957417,-0.026977891011270908,-0.030291964823201376,0.1966863112989618,0.06466500570466001,-0.2611274634532762,-0.13757746712189547,-0.06666650774807796,-0.08202482959730571,0.01774910735502894,0.13255010756645727,0.6618827543216845,0.29373053498111384,0.49029405728205977,0.3619393491073632,-0.2696685022122664,-0.08946013756708625,-0.21816146664020306,-0.051528350944693505,-0.018518055226259145,0.01187961849335368,0.19067758636712662,0.28631079747508126,-0.3067064446331756,0.06804006715536864,-0.24782782120090033,-0.20850045776343643,-0.11368205699603609,-0.10300565700773283,0.024100433609021275,-0.181466528229262,-0.3070849248328435,-0.33773995375330784,0.08379733576221216,0.104926200750775,0.08647680619746623,0.28345474136541576,-0.2920023539239666,-0.38335535067657506,-0.007087588028247125,0.07392713445636585,0.10230999052999526,-0.17400222750204197
0.0863752613425569,0.004768448632654282,0.10829090626156787,0.3576807593716208,-0.20514049477105492,0.12289034641231165,0.2789837569823567,1.0,-0.07252351209706069,0.1400238560017064,0.24464817001585992,0.17111065501795017,0.270981133851109,0.2514250095752766,-0.04853233805302457,0.34071704610908293,0.04244561380460227,-0.18919658867000802,-0.0013498312541399917,-0.3146886902022444,0.2469803535544888,0.2766982297502021,-0.124525839151333,-0.08987659726478785,0.007733159678904975,0.2919285167223437,-0.21872734364559937,-0.010503161796023544,0.03554584977554748,0.22587919956260105,0.5437995978090514,0.5604793330995148,0.22943528816584344,0.4783978532994592,0.001252437981558708,0.16821004081525684,0.005928531096938389,0.020881593643631947,-0.16234587142242285,-0.021101067901058108,0.023575666289850028,0.013598767072484428,-0.23897507927855455,-0.23606248568396904,-0.21042851156517822,-0.1673135233505594,-0.22866796678880774,-0.3348586774007196,-0.3651274583152834,-0.2920717824024871,-0.24510114181158402,-0.35832122879739714,-0.18701729750606388,-0.09179700303311708,-0.2315892155169079,-0.21691552501103725,0.04426639764298814,-0.034085018145988716,-0.16934390249244893,-0.36382403390135304,0.19618721185414023,-0.02610450865544016,-0.05197001099641455,-0.14899392307609977,0.07686751438642025,0.4568750996807061,-0.15923257089261342,-0.05274943505396013,-0.07934669568495073,-0.10341324571807844,0.1498826539997306,0.2757960385541088,0.132310187135963,0.1506069713337621,-0.05199066725865112,-0.030687318254361395,0.1927655961215557,0.16398829689677297,0.015223070420603764,0.013499866651837207,0.02078435833457848,0.0776853249419743,-0.24470886634640993,0.1957639491193495,0.07479325160141365,0.17876935027575333,0.02525530668519986,0.2238430577832583,-0.06166636429037469,-0.20932871470654313,0.14709501047291568,-0.3428688914666475,0.20710983236717298,-0.13821491230923932,0.23329790486081928,0.018357818840227504,-0.20175122562265588,-0.17772249612492788,-0.2016624188071893,-0.30302357253828693,0.10377903671054259,-0.2520545729185766,0.05997987607429931,-0.20827948242222383,-0.07358212231304044,-0.15903842089810966,0.06517614121481918,0.002713964464414588,0.22299444766754836,-0.13478965875482865,-0.2609489266665957,-0.16075454480362225,-0.08024192627356011,-0.022162421318582606,0.07618380805365443,-0.1405238715272043
-0.32862936532250603,-0.035456210100111796,0.16664772218420612,-0.4144443598672903,0.509940918664472,-0.028438025382059563,-0.3493212422770588,-0.07252351209706069,1.0,0.1724495185803619,0.08161560989122447,0.041591705306656776,0.1056280771726677,0.04264802006867941,0.23646142472290713,-0.010460572927876579,-0.020890819941557406,-0.1684130447022134,-0.20902853090163498,0.03394151200229251,-0.1648703860521748,-0.15352032446118716,0.050485115199627846,0.006881356580781692,0.026764903846722702,-0.1281464268682836,0.3792296155302666,-0.06096793053935208,-0.4252438838455747,0.004959473490793414,-0.34168394449674117,-0.09878436942047983,-0.02801221169340433,0.001273431809255964,0.11395749622243176,0.06579342388749222,-0.06412978031687358,0.031716888029544,-0.021546404219921846,-0.008203564807300789,0.11743541313454535,-0.01888553067624109,0.13604503371548554,0.17538010533374962,0.13472771811174883,0.2354997226074498,0.163406394242579,0.20938726712725048,0.12383596100313236,0.18968664599968696,0.05822867349762593,0.04187877030348949,0.02878076687748646,0.0021896441616142304,-0.20167020385161885,0.005170205809929627,-0.13278558693363973,-0.0997603992321827,0.2766319030219002,0.04621639897524716,0.06648295283819229,0.02096903577890152,-0.25907082144912463,-0.1379881830312206,-0.04897517235539843,0.31904510122888674,-0.061144746349648935,0.056798820960604596,-0.13120085288178315,0.1793776378802221,-0.22654930835553697,0.13773072586211052,-0.30864374148930834,0.015050787797937447,-0.07131423261738654,-0.03484672185965545,-0.16658502957540985,-0.06930989164546111,-0.034422526300103944,-0.11152662363091163,-0.1552658615701574,0.003130887169241853,-0.017472769239418266,-0.18778593872955576,-0.18126511602415657,-0.05870660578576071,0.0076438023463276895,-0.12117211779561247,0.20854759364414874,-0.12280725074289171,-0.13437772032285156,-0.002440819000697019,-0.06203813533279788,0.038113705716073934,0.033111706384562435,-0.0014079493444219347,0.03804912552353036,-0.16639452830845716,-0.008014023489114688,0.036306351337459124,-0.12810464849989994,0.022418540053229158,-0.24359291509573505,-0.08683692650851943,-0.08594298346113162,-0.14148185536257726,-0.13508907315154733,0.041152893117051954,0.0020565766712756137,-0.10304907087797284,0.07500535331039632,0.05973066594839575,-0.009978208335754406,-0.20792601257046886,-0.22743718374357139,-0.04565559120106971
-0.2178264482633024,-0.47074852947917695,-0.08278915673122975,0.15482844474151625,-0.11427673718465703,0.26020261080146834,0.06412080487447212,0.1400238560017064,0.1724495185803619,1.0,-0.017232292050209905,-0.4073860486169986,-0.10808390678773501,-0.4212744033566265,-0.1603835221477266,0.5808482404975538,0.17123579450311835,-0.22229825320009966,-0.19935673308262913,-0.16261469664268663,-0.21375644377607736,-0.10821750965140275,0.05920396742920085,-0.17019740750968337,0.0767616304968048,0.09937941667855336,0.125079217413668,-0.04014957088235958,-0.06719649289674344,-0.018832081458885982,0.062499506264657195,-0.0927792190928493,0.04371740623710519,-0.07018801438896449,0.17005417978045234,0.13026092940075457,0.13360047387150253,0.13333550741877623,-0.011611058211180636,-0.13371807926332863,0.1990535764410516,0.07229141655402944,-0.11308123441045602,-0.04306738822497369,0.011380214320002233,0.05837784908177121,-0.11425933893320482,-0.12971277154190292,-0.06438396469487075,0.03267033268912512,0.25360088488606064,-0.18387609571065264,0.10015572044100648,0.11843138693991047,-0.2053238726422961,-0.062270715110711077,0.04489686971188831,-0.2551800544950843,0.050425219707357784,-0.17389129956885857,0.14262481991905412,-0.04055607534103928,0.03952140289398621,-0.12493696717209388,0.28950393510117767,0.3166338711829504,-0.03490367683348918,-0.012551555916159914,-0.04592585446735805,-0.03966846427515154,-0.08407326339715086,-0.027426606059427584,-0.005683505967743774,-0.06790591994236145,0.04971828370597426,0.06166921020244498,-0.0029808808468166554,0.03974119745052317,-0.022492645456969145,0.07527846516743127,0.19857936022679012,0.20884003151146396,0.02042173527965235,-0.007352985180760298,0.18428596836877878,0.2517053508219289,-0.06032392365800369,-0.0006843287301309287,0.26633130592652826,-0.008829820533169738,0.23382013057425122,-0.088354759053621,0.17055293012877049,0.08254687497463574,0.09317998324190178,-0.07513799102024041,-0.10968938397490666,-0.10623188516496045,-0.07441958942211817,0.022883491096340313,0.05386991730748232,0.11424174926905031,-0.2166183703390396,-0.24550856528945103,-0.14926924721337995,-0.1557028047293904,-0.28668809639374176,-0.18738678604842665,-0.12184955303335168,-0.16666830248454084,-0.13233096203616523,-0.049297829738900005,-0.03909502543131726,-0.12979729661643627,-0.11076117102060476,-0.12032231909207435
0.3399722119545639,0.23934215222506913,0.02774797838539554,-0.3179343190635595,0.014059562017677177,-0.23625772698418693,0.2657136716126881,0.24464817001585992,0.08161560989122447,-0.017232292050209905,1.0,0.26108081848123904,0.6509033792802296,0.5052797809372781,0.5698957863719932,0.14757230240033933,0.1312425429481081,0.07698267723272226,-0.24260501769320691,-0.29113676973365327,0.2802903250171248,0.15894327846195938,0.18910226841696656,-0.15617877558536059,0.13936701022978468,-0.10704193351170958,-0.051517547372945366,-0.13701975310991976,0.25474121929794014,0.2841397741166856,0.37399421467199767,0.14875146501518452,-0.032014326580649066,0.2729644597431372,-0.009793575542221808,0.07240291710005688,0.11151596998067301,0.07656068771813247,0.20474171148609585,0.10186742936188012,0.04064236039610409,0.18902756194214493,-0.16518040810342216,-0.2112794176293043,-0.13921623054163654,-0.1823362428307352,-0.03649580125313061,-0.2965143805492146,-0.06783654253936283,-0.17631954124826676,0.1610597801024268,0.10472049225122225,0.13689177434228209,0.2207783805548173,0.16171438907764277,-0.06577073017755979,-0.10710962047388745,0.1546907454065005,0.38524709654318184,-0.1632171683815289,0.13965325086374625,0.06497035878932339,-0.19036536020389094,0.0009883147065051438,0.12499071027500576,-0.04652800155163894,-0.3820022334501731,-0.46796815610346326,-0.1694786963274148,-0.058069998977144065,0.1106951555136491,0.06592490428693401,0.28408637468559816,0.16271129457150485,0.13105829639084604,0.05845699580684321,0.30044023284397053,0.17040378916941146,0.040467829716532684,0.05122294848494518,0.05552265842019981,0.1947600509971386,-0.012242643191052978,0.21944712603436245,0.22251426982105954,-0.25645373327712356,0.04654410582100865,0.041475196157076656,0.1047456154327718,-0.13593437792732235,-0.19612977887952357,-0.25888663504827264,-0.36205016463684964,-0.34194251309852797,-0.14299718198887598,0.027257216775757116,-0.15555938979529338,-0.19440921092616778,-0.13595146110830153,-0.27465468127131254,-0.18762234606053682,-0.30863340401368494,-0.16949542205596077,-0.28067032984076173,-0.24142562634929185,-0.29776990110952634,-0.015346051363526984,0.02462768112206637,-0.15304982969710162,0.16042246562730528,-0.15324168279924746,-0.22122071076313454,-0.1926990028453468,-0.13012092570773398,-0.26689669964399737,-0.14845449995068474
0.42582519191460244,0.7043735130033326,-0.07593681235328106,-0.0868432111157803,-0.030729656970736506,-0.36795437327490743,0.08090264053086839,0.17111065501795017,0.041591705306656776,-0.4073860486169986,0.26108081848123904,1.0,0.32570645494496314,0.5644331942538673,0.1999408908535975,-0.09650877255736648,0.12043912223014297,0.44847711431813686,0.11172346283758293,-0.1840658730526792,0.19552269573456935,0.051176256135983825,0.005152846202398422,-0.04633509115070711,-0.2784791732890296,-0.10705891691061892,-0.20904321395678038,-0.0770182013460722,0.24765397839075515,0.4129858356987942,0.06981417408504463,0.29120589297425875,0.1631535457106437,0.363964278992662,-0.006159575127050939,-0.16511979481584058,0.005797518831910336,0.06910376502439983,0.10640534450077255,0.08767913886872662,0.0930818818585252,0.08670549053457755,-0.20830840515375024,-0.043910110421509725,-0.16002163134972594,-0.1807979504633796,-0.08648275805705023,-0.21379458192075992,-0.3008490330538874,-0.16335170233711752,-0.3959930785926885,-0.010307165387756471,-0.26246404190324135,-0.14587250730222204,0.035686032036588745,-0.08388864808917146,0.11606836357526912,0.4803407649632405,-0.19117911219069522,-0.12212730612281575,-0.1183878663092907,0.13712593379535543,0.08021040729457395,0.16006738004224527,-0.07317889338767454,0.140885195044141,-0.29325325001236724,-0.34700454644092305,0.1468086265709568,-0.08864165678053491,-0.030266931893585213,0.3441114359567369,0.2140001946932459,0.3667194963831199,0.20924371949137283,0.05885541833594014,0.29499647984664373,0.13755553048881392,0.14729905171150967,0.19522456194151622,0.08081106051510412,0.1256712474767777,0.037768031404932845,-0.009617390081001993,-0.061744703886328224,0.06680976267980775,-0.010326932278646141,-0.0045983848011864805,-0.3215128603441151,-0.032725838911428586,-0.05614093187190567,-0.3383672052645761,-0.13483355790726,-0.2955113987382188,-0.12163130957771857,0.0043688016494965376,-0.16302853192256656,-0.0741000408214499,-0.05261222143069165,-0.10476079658208655,-0.12469363138401633,-0.4524815472372055,-0.011157915228495232,-0.17884058814830042,0.008013225278123828,-0.1278513007153104,-0.11901148977306937,0.10790612726980038,0.04308281800879962,0.03467012218341012,-0.26900242940672264,-0.0900606897128694,-0.022694106346988124,-0.03353093715140842,-0.1476448288848677,0.06880314657251288
0.14257865696426453,0.3166345817221866,0.061195380203670886,-0.3681353847216582,0.03492807130595353,-0.31009044960543164,0.21155578126677976,0.270981133851109,0.1056280771726677,-0.10808390678773501,0.6509033792802296,0.32570645494496314,1.0,0.5022767463258925,0.2849407761573727,0.04562219142871018,0.08902278487618565,0.1294742899495087,-0.14764578225149982,-0.19887989269784956,0.09964558100890954,0.05786528962530268,-0.04599266181878318,-0.1134072304502663,-0.1288014545316367,-0.24146428816797988,-0.15663937540233772,-0.35278740760386257,0.12780963441805224,0.32283187356901294,0.20018993337637195,0.11283157912782522,0.23143999473525229,0.23182571740460842,-0.14321635401115607,-0.1693529581585576,0.012851373044556772,-0.05938113419820591,-0.0147668652410097,-0.02054200687833723,0.08764330830341373,0.059157238607938374,-0.010134995785142894,-0.07186123471819919,-0.052486560376320206,-0.18275395993786644,0.06827624791783016,-0.10973425208263636,0.09155775117528166,-0.1058839240247158,0.07576843790736763,0.13639154101939857,0.11863751314298807,0.10728779899729649,0.23351656559087033,0.05261527484260735,-0.16715359387892165,0.1565861467524769,0.27687583234332674,-0.0567147890594029,0.18233500192679525,0.13219896900804926,-0.12574927635593994,0.16615461987757968,-0.21007848570118393,-0.139492932284797,-0.14577468176057395,-0.34901515956093804,-0.14817400277249457,-0.1631025530231915,-0.0429439647066879,-0.06412637301858194,0.2916775241574756,0.1708808115106996,0.11169095835949322,-0.21495054107745154,0.23828534010299357,0.0006398636644876222,0.012979446065990831,0.007889635254757386,6.774714463259007e-06,0.10346134450566472,-0.19720751878401252,0.07316817157315324,-0.09868118344493595,-0.27799526259672885,-0.11121457484340747,-0.22146482956528665,-0.12130392669324934,-0.16774712925527382,-0.06801917210654072,-0.3597424569888757,-0.29376146985702334,-0.32510356977229554,-0.014147205009772748,0.0596294202238479,0.028951036230300365,-0.008209122746829957,0.010924833381656137,-0.11816446397170001,-0.06711304378258352,-0.15611125203244874,-0.05630803514000919,-0.219175504151781,-0.07984052108294085,-0.23856564659243143,-0.021101735263815095,0.048666902912309434,0.0639753029985935,0.05845147009725922,-0.11499619677723322,-0.03963396061795705,0.06694343549189448,0.06794792424147404,-0.22171935607396412,0.02993932025540898
0.29494134760746704,0.5106713327253789,-0.08084246827022191,-0.3621683078255915,0.07621922983374002,-0.276388947375793,0.07609754274399223,0.2514250095752766,0.04264802006867941,-0.4212744033566265,0.5052797809372781,0.5644331942538673,0.5022767463258925,1.0,0.48949815042583494,0.05061779445410456,0.021564676891992453,0.2663995865488874,-0.10398724590818731,-0.1476439478065787,0.19221852475394136,0.1708110442461622,0.06304619558134517,-0.0019275295677144435,0.03777552956314673,-0.15169642769212544,-0.10590010192008383,-0.18002566747083593,0.2771003875203115,0.4695249837666983,0.11439032355021267,0.07776020056340324,0.012639388764733151,0.36466251621479345,-0.10368651604350117,-0.05591215444536113,-0.03984398747715898,0.07303624547723427,0.19968108651969152,0.21982065444046028,0.09275518135797405,0.15794300115181797,-0.31238046783906587,-0.3574050457768429,-0.33836945938625906,-0.3448856950436938,-0.24349769236945148,-0.32610719159338786,-0.1566445871299113,-0.3413415237354455,-0.058311786863644584,0.14486937104470182,0.05958276146251308,0.10581820764371509,0.27247713753980823,-0.16692248004558735,0.00774964082036311,0.2616522135691095,0.19584940340638635,0.1816890692595257,0.11510338240256086,0.4389659616923411,-0.08021872631777989,0.2500349299963768,-0.2535668849688835,-0.05963598342950326,-0.2784628975540313,-0.3569435833647186,-0.006035862752614302,-0.1531413865269839,0.15301706423027914,0.07407087036419376,0.218212268618579,0.20482823114734972,0.08526184619314557,0.12513679545821169,0.26197106848547463,0.17847245591943225,0.08130614062314175,0.04416005153456204,0.05505102776479106,0.013919614094642237,0.12486785694381392,0.2072843441221896,-0.05744943862534882,-0.36357022858281174,0.052887568400125144,-0.06384413302615487,-0.06547030068044535,0.1244531087576961,-0.08262282828534558,-0.13523158272131794,-0.18751915496632485,-0.1455069920229193,-0.11634416946233946,-0.07034048701390613,-0.2926446639380682,-0.09215271263382377,-0.17562296638067035,-0.24079123318188358,0.12837360236826711,-0.17764940687376443,-0.018293934725184233,-0.07129671240955747,0.09086200129369827,-0.07814409134463761,0.08780259358999008,0.07088331010545276,-0.06491253502479166,0.05195625984213466,-0.2547054570318926,-0.33272763582208076,-0.11042429819276771,0.021428444755542293,0.03613689997992938,0.143976552931942
0.2950099080775579,0.27762764016398944,-0.06759231324646985,-0.39214958082792645,0.2975623839424604,-0.2932340787001716,0.029469732350861994,-0.04853233805302457,0.23646142472290713,-0.1603835221477266,0.5698957863719932,0.1999408908535975,0.2849407761573727,0.48949815042583494,1.0,0.14697624782776975,-0.028039293145942775,0.14781473034447115,-0.150303417104713,0.052121539677314664,0.21416819152041566,0.019091744049631567,0.053559306109373976,-0.13475507954946492,0.21202898468840348,-0.25022992509835845,0.03724244710261128,-0.12387805835444016,0.123543661749508,0.22570691822667271,0.08495689480823504,-0.08674303587003733,-0.10853517127018389,0.09074161254710864,-0.013873427789803272,-0.09334301918472108,0.06899188008511783,0.0012594469801684273,0.1872662605331486,0.13315512567623594,-0.027108052171579848,0.19957823164521069,-0.09075681240718206,-0.12567230300684534,-0.08570856301581942,-0.1468917025494242,-0.019573495262683833,-0.18771650980576154,0.05410968562839557,-0.08153981722082115,0.010999016408434951,0.15698380209552507,0.08441219598362545,-0.04510792092791037,0.13648178047839346,-0.032055051863260894,0.004781433364680758,0.19845643542703098,0.44108834682473824,0.21988191111686103,0.07384356432124795,0.27137238577669764,-0.2497026989788626,0.08157674042191403,-0.055594464388371026,-0.05078615160924767,-0.24624689429912927,-0.40176395749079163,-0.10743137505917774,0.14760082824120752,0.08159861139563573,0.03450557655139282,0.0831515408692757,0.1241988470238786,0.01609915263968674,0.06511231251718509,0.20244011408797583,0.11522786275988821,-0.0944554862728973,-0.12115851717381948,-0.1352350648774337,0.04262148411900032,0.18724408463743134,0.2764477890458855,0.038016047665172206,-0.3119606274317028,0.07973316172982778,0.01772298771854411,0.17722526217515855,0.07452768038138276,-0.25289829108087164,-0.10293509199729785,-0.4094108973072235,-0.1705728188971122,-0.07138666108817096,-0.039221399499894755,-0.08062071329832346,-0.1616149428514976,-0.06168569711694527,-0.12284731608545203,-0.2349347229708224,-0.11792209327515249,-0.1378184338600611,-0.11146063382949704,-0.09055122956177296,-0.25663939092090476,0.10660394318994844,0.2874357680575168,-0.11636613969215216,0.1049144194369635,-0.08115584538384872,-0.06076169359288196,0.11378969778012468,-0.1430007639839876,-0.02469440933157758,-0.10315453192525434
0.11928142009312208,-0.14115162151886684,0.02975381105986139,0.05982863595552136,-0.15898432341486848,-0.095608763438159,0.3429283336170778,0.34071704610908293,-0.010460572927876579,0.5808482404975538,0.14757230240033933,-0.09650877255736648,0.04562219142871018,0.05061779445410456,0.14697624782776975,1.0,0.13074151058045944,-0.10305802715376305,-0.05742738559541362,-0.14713822572922816,0.1877666686045625,-0.02342385490492577,0.2570429810178821,-0.2168381600492029,0.03559462881487858,0.08846675524079495,-0.1511135737016197,-0.0770522274474415,0.2865610232541317,0.2701889850352712,0.37815309319628815,0.17003901804902954,-0.033653099306515506,0.10766014277784396,0.10049281328931942,-0.01614143767809804,0.01726568829461985,0.11219081133277208,0.021347070916072488,-0.11122779767206868,0.1150725327990264,0.13134900698777194,-0.31400584445980495,-0.3426582160215511,-0.32638451925630985,-0.3354913129704374,-0.3412638060865601,-0.44932510889204896,-0.35984422793986515,-0.33936996629172167,0.04422957547242753,-0.08797635637966233,0.004602571556620923,0.0924875777749859,-0.2024417592179508,-0.2428239063088332,0.20089394598794075,0.06357791089461244,0.08595354439980615,-0.038278039949809654,0.2709906976876385,0.22693975215808465,0.01379133781722519,0.06494799997715786,0.2718635261304082,0.23285494550456337,-0.07549677464506875,-0.2786019977091101,0.011915154452202592,0.019355604736856723,0.13049467751044963,0.2567245907643638,0.24323117843344133,0.13174459258179688,0.14737558490487976,0.2606743924696066,0.16783786094605346,0.07613213675722048,-0.15927330964297387,-0.008933913714866603,0.1835438393391585,0.11743253631409313,0.1911769857362198,0.38316209272548324,0.29295163849668615,0.29269241566234233,0.1587571056640132,0.22900302785279888,0.07581269970536851,0.008312941889868775,-0.05457540704156408,-0.14510429471757313,0.03263860377976667,0.006013702627429044,0.16622882465752484,-0.000768013624758224,-0.42996813507131626,-0.2313224440063505,-0.3175300041215363,-0.16284008354257698,-0.04810412521595114,-0.0526268475080935,-0.2781981555996943,-0.3399306902305361,-0.4013402317044152,-0.39737693158554965,-0.12051115108222049,0.07551203531577522,-0.02681480061383164,-0.12340223879791122,-0.4001995589612532,-0.36009835105047444,-0.14898145435093801,-0.16109493674998726,0.11003980970151316,-0.28092122115395457
0.3807204007437042,0.10323835967684428,-0.3264362620137704,-0.09684297897977608,-0.44484053920606276,-0.1958221889349798,-0.10054619059418597,0.04244561380460227,-0.020890819941557406,0.17123579450311835,0.1312425429481081,0.12043912223014297,0.08902278487618565,0.021564676891992453,-0.028039293145942775,0.13074151058045944,1.0,0.6591964066121635,0.14220486542557614,-0.12110856005165888,-0.04996802063460391,0.16935458292082362,-0.0633430455863629,-0.3514889860508745,-0.48071476925351625,-0.35070427405134746,-0.2835674730340111,-0.20084607571500532,0.518270869717358,0.5077029577059964,0.12769536187562525,0.06966739640742729,0.3351703017811117,0.07755757826904386,-0.28068122665843037,-0.4818989087699882,0.3601432675208635,0.23043950340302188,-0.02943919517326704,-0.10021645750565446,0.28073765724276123,0.28358304048161037,-0.13219318060974933,-0.07556450551799267,-0.09901857682632854,-0.2118595645159374,0.023519369224284832,-0.21870716809303492,-0.1662899937469262,-0.0925982698687685,-0.14684019537843196,-0.010682300874202383,0.11913571328131449,0.22979716477219203,0.04651129355889021,0.14825586139243382,0.6258333036347514,0.39621441764834137,-0.31262557341221364,-0.11895586771473378,0.07407094116177494,0.12563970192832555,0.5840885407043264,0.42180956578718243,-0.07425146233800585,-0.2762070224815838,0.0027520042986591245,-0.5319696016861359,0.173208673454587,-0.0545020009018846,0.12440210393513987,0.03868651232511658,0.6173778374024154,0.45336833274071625,0.5860348315979903,0.20540698024680376,0.5198543887662933,0.222863328696456,0.55601981811092,0.6349022549068905,0.6831677971888166,0.7339521437468427,0.016435447969220356,0.18519954885359038,-0.09990980147157456,-0.11504032161184917,-0.18093291487293534,-0.17460207964114266,-0.22741416755514746,-0.03942834663492721,-0.05978313592420651,-0.2370365875073338,-0.32105925353856984,-0.3987986025678435,-0.262003219893667,-0.0795558810631878,0.038708744555292475,0.05121958163114169,0.28310616580940473,0.2945667453808074,-0.08682982800271617,-0.20695832522040092,-0.053076117412780066,-0.12057354877921318,-0.15485284653584327,-0.3000462103967159,-0.038098439253138563,-0.11023284342208896,-0.1239385625755912,0.013949746004284908,-0.26683938514967037,0.0971039919429139,0.06822426109505836,0.011779473469744983,0.07418155812815475,-0.2572313560946746
