1.0,0.5758596050415905,0.03407047745845477,-0.3929295523222418,0.0923380960114639,-0.397573081876002,0.24069824162178616,-0.2243312214522975,0.10427647016229144,-0.06522810680650916,0.08348387280790016,0.061213802709963176,0.2635795622651138,0.11041142249257617,0.1850079608937491,0.05291742491870037,0.23865358476462922,0.301748343229372,0.26916069886139316,0.21162781392153457,-0.26236774445192507,-0.2195873333349073,-0.22296125788252102,-0.5197712331243495,-0.42601518356225826,-0.4121723092797612,-0.056552102149948075,-0.2931278601278686,0.23046099088586527,0.08297722041788619,-0.24723827676044421,-0.41576430347597043,0.43135414861447646,0.060915230953349296,-0.040436341950603825,-0.20634737177650697,0.17188205373403784,-0.1408034370665988,-0.06683305303535332,-0.006836420841269506,0.02346175412448819,-0.1409156242714438,-0.20161949277921556,-0.3160165570047979,-0.4245646648452203,-0.5593706130850037,-0.07207058280840156,-0.29937941768432147,-0.046384771065277414,-0.40577276830447606,-0.25006614232467694,-0.14880864623485818,0.3017721350767882,0.28893416916005016,0.22180250951970992,0.08381750181286404,0.7156612956755244,0.4782580585503013,0.15790092015339052,-0.10772973346845938,0.5491037267943977,0.39558444591004915,0.32464806074137836,0.48787389854362856,-0.23407686170064504,-0.0649916650255025,-0.050302026040510234,-0.3161830760120147,0.2034083608166907,0.03125028189892309,-0.07312668941722718,-0.35917770822646944,0.15987473228060892,0.0306862141585017,0.11212214274923571,0.08283925104575834,0.3786741893846279,0.2208837109649764,-0.18824696093441334,0.22884577592734778,0.15016204598063962,0.16687484072481096,-0.058104810703508564,-0.028131920271338214,-0.375731345516681,-0.3988833849957617,-0.2090606632394929,0.04240626091611002,-0.246617521975156,-0.20580086441261783,-0.18590848580858127,-0.1448336318396424,-0.4265156837588953,-0.20294249457461175,0.3311118228948133,0.26078331276764005,0.24753291832180033,0.14687522558876293,0.21652792490481207,0.4708185084393054,-0.05859906088902471,0.3439862291653373,0.10681621843706082,0.2539793784606976,0.18038410442628253,-0.043364253145363525,-0.04071034685644541,0.0051882965766460835,0.2724880225760788,0.09617871711578058,-0.17111851414144638,-0.016019048621792403,0.09650326142507984,0.05135399908349024,0.157514663980632,0.2024732504480079
0.5758596050415905,1.0,0.09834154891880031,-0.33729594982880806,0.06757163660872367,-0.42060515109372026,0.17078041425416182,-0.1644149004130413,-0.004148816248496031,-0.08995569329234213,0.35415745445586166,0.0393919430250483,0.21193489111563843,0.10345235604799176,0.34599966766197826,0.1167308040408955,0.03993238270586681,0.1526710062641284,0.2625600370349162,0.49610717224897194,-0.30303002032979676,-0.38865402851574987,-0.20781382243618368,-0.43345518662243065,-0.38445762585544685,-0.36485266714287656,-0.20241190919680194,-0.19917478593853874,0.02594998024794609,-0.1873472963593981,-0.2624878373772275,-0.4589870788403134,0.37167196400023716,0.06286459470302855,-0.11297069855672884,-0.1941563657391369,0.0016585334024065367,-0.26671579144765967,-0.27117065444307414,-0.21878436601591256,-0.23336077592826393,-0.31484599740505315,-0.3519202939615864,-0.4673650339422123,-0.506622459692801,-0.47766627826599867,-0.2562408946558566,-0.33610415988582676,0.02971247777446809,-0.29147729928705524,-0.08637704175834575,-0.01803107491688757,0.3684472500089789,0.2933470084203371,0.17590922758605415,-0.15243227930984826,0.28645171873095193,0.5692590239205717,0.13033595748914575,0.19428025135242208,0.1852562875359088,0.5090065379313986,-0.09612379522623604,0.24490785524123898,-0.344418973911331,-0.09619263646212672,0.022150186797555843,-0.06969697404043512,0.29701135387471644,0.1708160543733449,0.07604886742607293,-0.249990911786243,-0.02501954715574736,0.17808486452114447,0.16356633197553694,0.12757607593363396,0.2573897665229803,0.1786261081385296,-0.10205250620762621,0.17012608727673942,-0.1013955003331485,-0.06348880936531705,0.14206289571938746,-0.11394835168375922,-0.20667127905156432,-0.36570047540963013,0.02934145671209328,0.1423295774502043,-0.16247904114949732,-0.39098939789478265,0.06411425436244557,0.09687577321754612,-0.2317782751194225,-0.11408457503835735,0.14934343469235822,0.2281021842453388,0.12553682138063083,-0.13066772623118292,-0.009112810627795476,0.14634028701614119,0.33655759492422593,0.426674702614447,0.31649169843611835,0.34556003459717466,0.2644380811552942,-0.18772829232757385,0.23163281525562796,-0.007736299590656428,0.4224828192157385,-0.042116457320816765,-0.24015658124588687,-0.2037201278181657,0.025213166528334312,0.11545826134572211,-0.013008836021374948,0.17371731833461815
0.03407047745845477,0.09834154891880031,1.0,0.0009666986563398337,0.23070218263651654,-0.007959340997843279,0.42223499481982946,-0.09085527006831251,0.1557826121856722,-0.010502814335714355,0.14931988234393076,-0.248071234863103,0.18482308955442325,-0.16010196278304273,0.2784981531349577,-0.14318470495524943,-0.3037448975314905,-0.23687011959453408,0.3698956828520016,0.3440448924257557,-0.0280456143903957,-0.07509109652108661,0.4949436736106833,0.16499801340078699,0.21800109849067467,-0.019591201413474438,0.15615289255772138,0.20969550009975302,-0.2893052239836013,-0.2836306005137559,0.1103010724773315,-0.10876459979949606,-0.016290186916370342,0.08806549657307401,0.011714564327812937,-0.03982053376508818,-0.3564462499410073,-0.3011829107126229,-0.11189471155796964,-0.30273209103181986,-0.16723867460141237,-0.06995454975815389,-0.17090173513412746,-0.16441058191008193,-0.17478683126835648,-0.12414753540500374,-0.2510963735640675,-0.19155278403646372,-0.022627653548621604,-0.14766560222555355,0.023651542874610573,-0.21748708526775615,-0.2820145824718067,-0.2693722514220339,-0.1813392492550133,-0.16219314983541955,-0.2862900706453743,-0.14413109251850875,0.02546844271149799,0.1593391378770878,-0.019546049609921155,-0.05102495762213869,-0.32219783377355354,-0.25458359931695496,0.22705532042578394,-0.11793904972132582,-0.01030187583421965,0.05810798559294406,0.0802880023775188,0.15442770340446899,-0.1945607117915627,-0.22680235289705467,-0.22996844979589418,-0.038833827663419994,-0.024222797607545633,-0.04116405926719649,-0.18414802873354771,-0.41847391219823504,-0.2837600437819014,-0.07645777974663262,-0.43902405962380864,-0.1691239965647019,-0.06544775577180327,-0.4126627050407089,-0.3195111414638955,-0.1408068695398321,-0.14845614686503744,-0.37675316291473515,0.1790899388206547,-0.19941647319588204,-0.1724657482175971,0.2337567998591092,-0.01732791995595315,0.32572709778760334,0.11355472516990814,-0.06933830485406811,-0.027288471499309557,0.1296797863005254,-0.1882409463327078,-0.03614576102022319,-0.07185450355544563,-0.005941449816676858,0.09730903354841143,0.20574973836831897,0.05548906195561862,0.3298964824760143,0.09590073959213553,0.04375633545127025,-0.1246642918552811,0.24966801929361862,-0.07626227069223063,0.015018094851365156,-0.16481854853714384,-0.020789034728761965,0.06417752183124072,0.10105639448019149
-0.3929295523222418,-0.33729594982880806,0.0009666986563398337,1.0,-0.15680942491280236,0.7060503808947309,-0.062201445024951,0.551829427980969,-0.2587063536742107,-0.09801414977386425,-0.0819625076619247,0.3106424505362966,-0.2813229859222815,0.10627810070197492,-0.0662689015400099,0.48881136816372905,-0.26922883945162507,-0.28080168509617415,-0.12568901650137962,-0.29878093748512935,0.4571709290414682,0.40816795474857387,0.2289055516831481,0.6507694621838771,0.34043050742399783,0.6300463523697543,0.18330393353817673,0.3870564760403179,-0.2058410670506739,-0.018606092478510444,0.43178060145740704,0.5793559757338568,-0.17337840371672614,0.15814426271060797,0.13269366844417793,0.2724065040118296,-0.08084160168073613,0.12838826075477727,-0.19798593688166038,0.006712311747613875,-0.10832378190792649,0.08374921141531524,-0.1356419136372371,0.1338481033627777,0.20007390268339167,0.32099776480212094,-0.13793261458435757,-0.14893306937515527,-0.20404782130651788,-0.05237293741780164,0.07650387376197808,-0.03157190968742124,-0.28922802248271245,-0.4688618351615647,-0.29832057934223466,-0.11994233006616431,-0.29485586264159314,-0.6127136396910138,-0.48808094748471365,-0.33682324370165234,-0.31576355680975693,-0.4229541760849598,-0.013007227027558195,-0.3478065546707317,0.3436287988206365,0.42843828145152824,-0.3396444607129435,0.022509914648124855,-0.33240030668516585,-0.4365054119313361,-0.0924238861917454,0.396450513780466,-0.2019085901852692,-0.07751789959597342,-0.007576357413522177,0.14009879065383074,-0.2256842740213681,-0.21214321174085712,0.0972100524458631,-0.29258764960314404,-0.06801978644562848,-0.3373133780249959,-0.10711674980391118,-0.04988098713698542,0.1585344024317794,0.5299544197509772,0.11043588250102872,-0.018060397549505617,0.3651541007085945,0.2634172736962323,-0.14683533879607752,-0.1844041427916103,0.39504103558055886,-0.07727113355152984,-0.26310313144725594,-0.06888553656905431,-0.09347707771483582,-0.08827306779300066,-0.2452688725006413,-0.31349128232633544,-0.11164553844952348,-0.516043514369704,-0.4107154834822221,-0.3073263447738536,-0.11832890443089043,-0.006043833962538806,-0.08760576861831942,0.08614028787228566,-0.2727488216381711,-0.09413406874458892,0.14548258764501718,-0.2333385563461504,0.008552814667665413,0.06163906341289424,-0.0075511074715094205,-0.281304775009899
0.0923380960114639,0.06757163660872367,0.23070218263651654,-0.15680942491280236,1.0,0.11529441630618632,0.36001250039025995,0.04425161866745462,0.4287994839595653,0.2364275764858407,-0.08841721615553558,-0.16640717144947303,-0.11624343871215986,0.01817103296914686,0.1600873183709196,0.003890419347104962,0.18001031716748458,0.04906155059635021,0.1338884170378916,0.0025563001860993127,-0.45856305497211874,-0.4431095570414169,0.12187130022946657,-0.05617124566355677,0.22398787493338043,-0.2490259338322167,0.3164120785303772,-0.28131897971125286,0.03304206549510673,-0.07192634650439184,0.031814970498518766,-0.0824715838876466,0.029238999535607574,-0.021854734333726235,-0.2755443503118271,-0.21939814830543497,-0.007722151179937189,-0.30497887749019803,-0.1986772597505829,-0.22273042218102262,-0.02725549058787089,-0.26338785378581664,0.17318423791872972,0.027812639342076968,0.16866374221091127,-0.03533449210057718,0.2383422471584989,0.10422008034137309,-0.0937220090466468,0.03257551507925501,-0.1508922415122856,-0.09056832969542417,-0.08466317333256458,0.07794822873789323,-0.014362204851282279,0.11841696788361498,0.055832598206802767,0.05020970567443572,0.04433260837302156,-0.024633053304117844,0.15624846609480134,0.14566594200921598,0.150405810619691,0.20486855394803324,-0.023600752539950885,-0.11475018979004259,-0.23989483547288287,-0.11831963447271977,-0.3718076065077629,-0.009427542122920246,-0.19029935612620996,-0.3289713313572885,0.09278509542606095,-0.18290860063310257,-0.18605025744128692,-0.11967433371797927,-0.1240407605989998,-0.17602482152356733,-0.095853903065392,-0.1619454137194563,-0.052347059752656355,-0.03538196893524426,-0.009979839069391051,0.004705078020392866,-0.2502298220750904,-0.25358391664853136,-0.05623721839584921,-0.09811563664384536,-0.10294752086457803,0.07758123273842117,-0.04395183751151134,0.011974209266861222,-0.047748872224972844,-0.03870822246395692,-0.09284118365619892,0.06092617917846011,-0.031977153366653785,-0.177495073135051,0.19522210523247888,0.21036637012423148,-0.031400376194574364,0.24889291615728826,-0.004776887731421931,0.11592201989484617,-0.003356682808939003,0.05297026754710432,0.09542272600639169,0.19613557890314035,-0.2033164248782091,-0.11694045685884064,-0.4080116182975825,0.06504923418795211,0.06004853745557308,-0.13738612717694404,0.011546509015636048,-0.1256306372782968
-0.397573081876002,-0.42060515109372026,-0.007959340997843279,0.7060503808947309,0.11529441630618632,1.0,-0.022894894139197344,0.45172113937756936,-0.3158581484914325,-0.17514983778565896,-0.26948202587167225,0.04110084897248681,-0.3881387684136198,0.08654090304875,-0.21103979476555473,0.39339050218841537,-0.22866443909138767,-0.26813278604854074,-0.16521968095709066,-0.36730690203030475,0.4709160897907133,0.3112417745909178,0.1843882051774204,0.5588911003288658,0.45205567851881123,0.5630955978524889,0.595099396427475,0.46711008406287585,-0.31978287180017617,-0.10757921205557985,0.4133134681209707,0.5248467852545019,-0.4041803421299587,-0.06176980628570659,-0.0516883647657361,0.26717044386093625,-0.14230747288423973,0.11204383233560448,-0.010511119268856412,0.10154910704915977,-0.04187322218193746,0.11754410779051408,0.12856362817167627,0.26982197680446846,0.2749353861382855,0.3902733674005256,0.04904748945128504,0.04393208350863118,-0.22301340120333904,0.04881958258062118,0.011421313080325315,-0.019615847333542036,-0.2693194469182024,-0.39696730465762303,-0.20499124316535186,-0.07645462959612007,-0.32173330007045076,-0.6201248448674431,-0.3884713443531781,-0.285064887486539,-0.15421630605449418,-0.33374679832136006,0.046659080025982125,-0.2903758720382542,0.34777009248618335,0.30693476561379524,-0.38976439098163623,0.10689857450756032,-0.42113654600610134,-0.3227621448420805,-0.08401906693422002,0.2673335103315681,-0.260792403849698,-0.2690497174705886,-0.32548498396014464,-0.08047405502459486,-0.4120560556683579,-0.2645099027833912,-0.03452698111513694,-0.3947346357435618,-0.07735767244536013,-0.3121542677103,-0.14803566300527818,0.09767670080056094,0.06541830593771782,0.413518223602843,0.18780493987476507,-0.022644416799601146,0.4708591497145115,0.47097409862625084,-0.14603431202313938,-0.0734894510602547,0.38122285322028837,0.09186211775963235,-0.1841655057560829,-0.1428667988106999,-0.08389167003539749,-0.15758306256723298,-0.18828535680870853,-0.33681286157020685,-0.011038367291096604,-0.33191927859737413,-0.23455044785745308,-0.055316806269086236,0.1028332330969769,0.17516655080109314,0.0443416080985896,0.23517300309932057,-0.4040114484997925,-0.08912677308530062,0.09155819879283655,-0.17354751766388965,-0.12749614769267992,0.018345900523016264,0.04504937587998456,-0.20027565849412948
0.24069824162178616,0.17078041425416182,0.42223499481982946,-0.062201445024951,0.36001250039025995,-0.022894894139197344,1.0,0.35065035971682645,0.04519013884599597,-0.12512097075395412,0.1263858394158304,0.15564802881852008,0.39869511276995495,0.2834372967075244,-0.04245056701036126,-0.0034764473603259606,-0.13665190724524537,-0.046182193418051944,0.3046285241900307,0.05215472524491213,-0.114822133460544,-0.29462256276463383,-0.07591050273002371,-0.15722783878436108,-0.012943943234829862,-0.21801651826939775,0.21827074423056642,-0.26689881316461445,0.13392673547228712,0.1601114316083331,0.06242876661021992,-0.17332861402543998,0.2076847368954119,0.2178179602457605,-0.056995081418685915,0.03143770993251533,0.013629500336096346,-0.19523947278216058,-0.21081461751099348,-0.1976817725036037,0.10291270273364488,-0.05434437395060757,-0.1388034641305239,-0.2497110031799881,-0.013198240976191464,-0.23900459368124397,-0.07680982123943668,-0.16564482821062398,0.10973907843299927,-0.09951513083833927,-0.11981491683292687,-0.1304641761739199,-0.022163104417396023,0.09298906776415078,-0.1459041769169286,-0.037596220861692786,-0.12173367941983781,-0.16104553924691437,-0.1497959025139777,-0.09079724650965326,0.17008203715854198,0.14934891993129767,-0.09386772686768656,0.060246143684704,0.03691113482213249,0.04263495228124215,-0.24935440440519532,-0.14777429954605104,-0.14225426695499702,-0.005135948040935594,-0.1211766401983176,-0.16093786083328684,0.24609901867012687,0.11955928868787159,0.18392832173054183,0.030429708743480003,0.03149230598597414,-0.27573460856489107,-0.16130814448142772,-0.14300536277867826,-0.11982756341677449,0.0017842961349686967,-0.3472592640526104,-0.21951064045185886,-0.33228655042826605,-0.2744463937032681,-0.39244314283518983,-0.5150269405760848,-0.25600538327274597,-0.3139546307490012,-0.06352490821461976,-0.03514983211035811,-0.1804634073082382,-0.04720384498947027,0.004210852085625294,-0.09724797075517923,-0.011848790778311805,-0.07328431261392998,0.11615079925563752,0.25887258975356675,0.08179329844270965,0.1175384844963099,0.08081694314906179,0.07721859324715843,0.13196094567521152,-0.035071853286074775,0.0850092010623119,-0.00809999752821806,-0.09615850525289289,-0.06783521077964173,-0.23745143748880523,-0.019535742502163455,0.13399941262490073,0.16871482307157173,0.11497075423271404,-0.019860281715611446
-0.2243312214522975,-0.1644149004130413,-0.09085527006831251,0.551829427980969,0.04425161866745462,0.45172113937756936,0.35065035971682645,1.0,-0.04650861573482143,-0.047395262057799745,-0.23090727654199708,0.4371423004112524,0.09253374686698398,0.5173894088284514,-0.35173969588281745,0.5112730939837806,-0.18197464799620505,-0.14306663778613557,-0.230528924846544,-0.3309611968492242,0.1968947805636098,-0.04412511141947471,-0.372510333596376,0.17815371044980607,-0.07035911988225052,0.07141557222602363,-0.0053699739121504855,-0.21531816129543224,-0.06314476718630496,0.22112708671925072,0.0476671729856762,0.13835316124156313,-0.161560659388331,0.09431750595788847,-0.014092499058410304,0.33207268328381356,-0.09872197328551083,-0.12062061191906111,-0.2859276212103253,-0.18590224546434708,-0.05946780265386002,0.05194099913275806,-0.1508615447997244,-0.13539311756379274,0.26842469460645113,0.20543477390734396,-0.05088485450791888,-0.12259329426799279,0.12871886339270008,0.21399619650283522,0.04456378744088137,0.14836447139164838,0.026077157905664963,-0.09385783551070263,-0.39185736185979997,-0.19815975677690587,-0.2617133668282652,-0.5334136265919076,-0.2873609242608485,-0.16520082840833572,0.02516467930714063,-0.058354917653198383,0.08921593156703397,-0.11170000871856552,0.26487996612609654,0.7100070586445222,-0.30200154887020975,0.03646553267185139,-0.33720993083446094,-0.20884751660710116,0.045851746785877716,0.2814573877038875,0.12203862663117519,0.08749294561448678,0.11304184344006667,0.08895996883745368,-0.21380324182502106,-0.30727652897778934,-0.08679136075211635,-0.37482373022771337,0.06275433339791965,-0.15153808882892172,-0.394922421230829,-0.10382256875472416,-0.005197160138663651,0.10259906559517937,-0.2989305745877063,-0.3795755482958278,-0.15271995012312164,0.08040484952233741,0.09493641508877088,-0.07119672968846216,0.1952521540228561,-0.08091777995785092,-0.3074035473386447,-0.3273695556317994,-0.3644679245343061,-0.19704449828219484,-0.09134667763047565,-0.11613362728269787,0.17838818753787328,-0.17611683052642207,-0.1819876832441521,-0.27458649530263113,0.028269973336209942,-0.07745321305248336,0.07172620232196772,0.07111685321765072,-0.21569168267043626,-0.2046300969994687,-0.2655992845318612,-0.17829056448155406,0.051777684939776226,0.08125240613132304,-0.028304831225920264,-0.228098365873215
0.10427647016229144,-0.004148816248496031,0.1557826121856722,-0.2587063536742107,0.4287994839595653,-0.3158581484914325,0.04519013884599597,-0.04650861573482143,1.0,0.630460541535815,-0.2075505201459223,0.003561244435160002,0.2985321841586916,-0.0494264192794808,0.28687507146267704,-0.0631622763680594,-0.002988572828634627,0.0572083793829317,-0.1111896692128259,-0.11801127478792879,-0.4697674168840892,-0.2535462325263233,-0.0940508952583956,-0.21464654048348358,-0.24702138472425886,-0.3864949106862768,-0.37268338154530223,-0.44384849608626736,-0.12667547864235476,-0.07030755634928978,-0.38625644158009304,-0.3343364698277767,-0.06977436895071305,-0.12619964057965655,0.18035886251802405,-0.14705671268401183,-0.13791953410565308,-0.3284994060594185,-0.05525259985493657,-0.33404359610100154,-0.19247702419900878,-0.26346109854008526,-0.023852395662448823,-0.1321290346889998,0.15838796432155275,-0.05451461513921662,0.06577100680451566,-0.027408247533546714,0.40591646772465106,0.23129709008094618,0.24664384646674622,0.26246309864213435,0.13832634455712664,0.21483810229354078,-0.05256527782657872,-0.02991871159890095,0.032612427168452085,0.0766096542236053,0.5305350486123547,0.3376829469995929,0.3423771339097985,0.27082334592912133,0.07228682551607553,0.1526603273110176,0.059897997995655344,0.2165203685334011,0.2679929038649079,0.015574063088989593,-0.2221807235132486,0.04845938427120134,-0.2098658625983159,-0.37589953300519713,-0.042500890894339005,-0.09820370807688296,-0.07145111627579907,-0.126243243015827,-0.02038092058348477,-0.03627308240816914,-0.22740744297763352,0.0720505050855091,-0.12616416997417151,-0.07349867968353979,0.07318501852096511,-0.2931403308560142,-0.2845681318875979,-0.38926905236720905,-0.2624081058687929,-0.33359044810900845,-0.10653681993387994,-0.015583015512853656,0.18235690008348895,0.22169272824636976,0.0558405201674028,0.24066010353417938,-0.12592321852676033,-0.12739667209648836,-0.19409284977701838,-0.07592904677301733,0.1594377312134921,0.11827867308062694,0.07029455017708973,0.2742883508028994,0.10206698876664169,-0.06365146414877319,-0.08022451476576895,0.04317127896777473,0.06508621864428259,-0.006341799833816219,-0.19994918905202141,-0.0240253710940738,-0.3582126661330046,0.15614176743338395,0.1162534274349052,-0.25262620309821343,-0.11367930989692299,-0.003282575104588052
-0.06522810680650916,-0.08995569329234213,-0.010502814335714355,-0.09801414977386425,0.2364275764858407,-0.17514983778565896,-0.12512097075395412,-0.047395262057799745,0.630460541535815,1.0,-0.241565788902045,0.038142249622383655,0.04508847256187838,-0.11079643600335873,0.11218360616305206,-0.03414643529795363,-0.052826453779131734,-0.026629000818521455,-0.3455466033391371,-0.15411565832933272,-0.36253486551353065,-0.2127966548870264,-0.08098204544269974,-0.11182222344133724,-0.08199727352070997,-0.24567447470486373,-0.4345694488918257,-0.35868261603873763,-0.19871927982994794,-0.021457395814770148,-0.3779105061674949,-0.29774345274641834,-0.1764123296657296,-0.27094500141659095,0.17165466227296022,0.08642070881317483,-0.12251581880656681,-0.2165983863641751,-0.07537800025674773,-0.33396749195500963,-0.2585929363387392,-0.14505752841278027,0.13128966024637231,0.09988019283674283,0.3001039446984234,0.2463644284102675,0.22965557032239214,0.2052136833313329,0.36224293201813057,0.37219455559897047,0.37979171948042745,0.21729467915495287,0.13499318819682207,0.1742150264634655,-0.010807797535584066,0.10182263280728474,-0.05711403003971656,-0.06524363748779385,0.4735550738700611,0.35467108684601073,0.13042413343757406,0.12940004623467355,-0.00021022726502979667,0.002663210577130365,0.09024722574168782,0.3255142525333853,0.17083683375905068,0.06098376687328489,-0.1332782593360185,0.12664878061044535,-0.008490743589750827,-0.4057003635496594,-0.01324498370591773,-0.04079049968063658,0.0803377997973282,-0.03454439947562971,-0.010530742227209166,0.031464532091540265,-0.21453900618983976,-0.0688290495203957,-0.19336864187390015,-0.18501622527410663,-0.0014683068778244075,-0.2654651602975053,-0.26907715596197546,-0.2320496688503293,-0.12882036586581058,-0.10799024048081388,0.03385849548191848,0.08007629122906987,0.33411335668946596,0.2791904787770446,0.18647634512336358,0.2090536246057342,-0.2876530115826315,-0.12139748475353339,-0.13939101218372899,-0.13440582579990298,0.19762234968893483,-0.016476387853256825,0.056750150651398164,0.04340298465371429,-0.05835309401758376,-0.1556375647768808,-0.12817769995665426,0.1465112585429223,-0.023253129557432767,0.08896535755219871,-0.16156884438954386,0.008679282406266954,-0.2666451802473975,0.23287284658296653,0.1982596349450717,-0.15130103236064285,-0.0525567826065681,-0.03579690049890004
0.08348387280790016,0.35415745445586166,0.14931988234393076,-0.0819625076619247,-0.08841721615553558,-0.26948202587167225,0.1263858394158304,-0.23090727654199708,-0.2075505201459223,-0.241565788902045,1.0,0.16904655906994243,0.09999590362952417,-0.01064686489796023,0.2562884685437126,-0.20082976970307584,0.12615066524418506,0.26699398671352165,0.3834307590317973,0.40117883993258124,-0.0612780210019037,-0.20104164235996788,0.3191208034112797,-0.025680285573268652,-0.05950845159320814,-0.04979378399564667,0.032125420606549306,0.10499633709132146,0.3541460504883071,-0.023237679279859154,0.29976238832181473,0.08691070055102243,0.33478215629599356,0.2724999729399015,-0.21153688534004889,-0.3734893791114959,-0.1186022354494082,-0.209299026562106,-0.21387161827362453,-0.20585043497100455,-0.12298278744399023,-0.1848258457578242,-0.23136182139077704,-0.2181208659275726,-0.39053076116450247,-0.2920852870817051,-0.3831498170366547,-0.2921501848427829,-0.27282383569382296,-0.31759004219338594,-0.21989637405460283,-0.2620174570668114,-0.263625908968521,-0.10847961882678178,-0.1774537214873963,-0.2845650412053129,0.013647890463910448,0.2650277051537321,-0.09032584922355245,-0.02734109139485682,-0.24292656031717724,0.02469797641267775,-0.3252420988176273,-0.013409208767328618,0.19163584915511597,-0.3857898994773617,-0.18233929907322216,-0.15687808562620423,0.013804613363734978,0.0923308200987191,-0.08936514080277505,-0.010688037473422222,0.11337440534172687,0.30593874420650075,0.21834763146927977,0.05947607523815222,0.19568794253505245,-0.10066039662267516,0.0782724432029965,0.18927996085863896,-0.06943064024070106,0.055198597912501285,0.15749694494474614,-0.04080555008018531,0.4642208245303101,0.3507890687593131,0.11873938628866527,0.14636332634232896,-0.19466684779852217,-0.1936187780947685,-0.21332605795668297,-0.0916023639827512,-0.28018817161832626,-0.2202647672647782,-0.08170247309451911,-0.03521606905917157,-0.07854020568040412,-0.17239548926883103,-0.29116486270613384,-0.08997545595049417,-0.18536956054793746,0.07501374155838184,0.017126026528392815,-0.0011933746495464026,-0.14917501858057042,-0.2249435922832549,-0.05556738907001212,-0.1579090293806025,0.23969136446892728,-0.1347865696328425,-0.1244852526731702,-0.11971537782791364,-0.033576337036654316,0.19050045709146501,0.06159613681369442,-0.04859981289817811
0.061213802709963176,0.0393919430250483,-0.248071234863103,0.3106424505362966,-0.16640717144947303,0.04110084897248681,0.15564802881852008,0.4371423004112524,0.003561244435160002,0.038142249622383655,0.16904655906994243,1.0,0.18376372054980317,0.6862603426158029,-0.08203094309882668,0.4024691429583515,0.1511070805392128,0.4012036255650203,-0.0037780710196106265,-0.12790001872715348,0.135580658596975,0.10349256720331573,-0.28018526768277036,0.01737804520974726,-0.22162043490054076,-0.05985320754029852,-0.11418183152857973,-0.20919369863032394,0.32843303752845576,0.5371707445312669,0.10836123557517548,0.16106805048554676,0.12411444327187156,0.28845914014436697,-0.04882694334763508,-0.07387070319862392,0.05753069255915746,0.018237994332993862,-0.020867766390881486,-0.07655183864266132,0.17038983204772187,0.06428200248791918,-0.2906752186980973,-0.28620379278103786,-0.006323726556219177,-0.29577277766447885,-0.10024360447826228,-0.3444846492891952,0.03323299074294599,-0.19018112189658978,-0.01653496076627031,-0.13402683914201743,0.057278155739868684,0.07898769269482654,-0.0872686409872088,0.018541226884828187,-0.026875460729968277,-0.17396700220284675,-0.23278790426600868,-0.18455752707824505,-0.01659601782152206,-0.0036480036630565996,0.16884846960636943,0.19014289480090754,0.13001019194546604,0.31953586591730804,-0.3025038225697555,-0.4046432410411686,-0.20239787944318557,-0.15952208535867274,-0.1251824570355264,0.03553428851035294,0.28379546324398014,0.255027187285709,0.35421539625253845,0.243020397142532,0.1576452919750434,0.0388684222595202,0.06619674044326082,0.04487350054405534,0.24182385864188835,0.09343946966886361,-0.11150770520233061,0.15119677547742663,0.21509189313966828,0.18143104492880555,-0.31417602011035617,-0.2566725230188086,-0.32771110769077516,-0.0969104661781144,-0.08616168195743497,-0.3738489344149752,-0.14433411650334077,-0.3839660539752959,-0.12024682849799834,-0.14488778867517513,-0.07024639424712739,-0.0021728860785654182,-0.03662758844683218,-0.00796511172703547,-0.15109314387506625,-0.18936205927078198,-0.36578119389087255,-0.4164503206482312,-0.14889916643177709,-0.1452107729815986,-0.23970722911345727,-0.09199286827720952,-0.1334596492143807,-0.022016809604246606,-0.059627048013429766,-0.12876323787866362,0.03239610832748599,0.21890800413799275,0.1496848702068097,-0.1555656223249519
0.2635795622651138,0.21193489111563843,0.18482308955442325,-0.2813229859222815,-0.11624343871215986,-0.3881387684136198,0.39869511276995495,0.09253374686698398,0.2985321841586916,0.04508847256187838,0.09999590362952417,0.18376372054980317,1.0,0.3888949432460533,0.15525466028860918,0.1707799326918122,0.038317825945500046,0.2000020143490812,-0.03277546793480749,-0.027255692508036198,-0.12351094977822952,-0.17588051661549395,-0.29243362032764,-0.31643682692232916,-0.463037818152386,-0.4423904535595406,-0.29621794954796654,-0.3897811010778891,0.16314379652320907,0.15657946102963638,-0.3908926360988479,-0.42590414424571127,0.12961160292030077,-0.052822746136419595,0.20425391346079394,-0.1738919257277632,-0.12482860721505541,-0.2597033870647046,0.07280947529171149,-0.20729175608328007,-0.07447004999817551,-0.2278457543567068,-0.2693720944984383,-0.41978179714522246,-0.1634217449246889,-0.3291284966663415,-0.1409715899222513,-0.23973838447458948,0.5920687070359912,0.0357748237981792,0.15267782842707245,0.18843363265442384,0.32007288521390154,0.24283039219359343,0.05641700861049292,-0.061098368456019216,-0.023093089602665973,0.0740754438052364,0.2792473468546732,0.3064866901686118,0.36211326417990014,0.4784614233877763,-0.051918704614061804,0.17433080316391397,-0.02602169903435191,0.28468933315101175,0.18379664330176765,-0.07373831596721679,0.03483988577032,-0.013787258387498658,-0.057821865383561016,-0.3077795743252445,0.14439083509112383,-0.008623242462874662,0.005179656633194645,-0.1058284774828231,0.017005722838740425,-0.22687872021951103,-0.01724465099406946,0.21603299740036727,0.020163944575234148,0.19501124970233086,-0.19984953288412344,-0.38155474581085824,-0.2919841159113818,-0.4984755363277166,-0.6048509321393728,-0.568397775198617,-0.36632495285034794,-0.3305517635089841,0.26988755161758,0.11673385947102008,-0.1355165878343926,0.13779167335742942,-0.030644545016122245,-0.18571551655130408,-0.05539031206976476,-0.020298441141413083,0.05479635134574628,0.122050892471157,0.1747937222553652,0.26157489806267253,0.05228315900159651,-0.061036518760409116,0.023111217637778677,-0.09562913774554453,0.0844272776674781,-0.30040892062818697,-0.03434918873938644,0.04018132754887769,-0.24817431736776116,-0.019373248320926247,0.09340843212265323,-0.05894339723429983,-0.07858791361555645,-0.02494653743403875
0.11041142249257617,0.10345235604799176,-0.16010196278304273,0.10627810070197492,0.01817103296914686,0.08654090304875,0.2834372967075244,0.5173894088284514,-0.0494264192794808,-0.11079643600335873,-0.01064686489796023,0.6862603426158029,0.3888949432460533,1.0,-0.15781230402791402,0.4431618436236886,0.1494327384060332,0.3503342641534287,-0.004520453555936046,-0.05203995923086392,0.05709158359477399,-0.0973312425304787,-0.4109201363636519,-0.12345003434212036,-0.27933024725368255,-0.24534912225689245,0.01931274371038684,-0.3312903457777012,0.2221595926575274,0.4077402688758671,-0.09096875449834614,-0.057951707240987416,0.08356478275389491,0.1259621716696334,-0.20408440446945694,0.009160183532274923,-0.060659416181068904,-0.19114009964071035,-0.010225266838922211,-0.10097903281546124,0.08554582644277962,-0.023277721820156277,-0.18686177287009015,-0.2715856269538114,0.13513659169661502,-0.23171124884360275,-0.019683614025663244,-0.23244436656645817,0.1796289074277505,-0.010592016254015051,-0.013205494755544132,-0.0058889503659768985,0.21119469228895607,0.2000995636329066,-0.028045522933965308,0.028064381498857274,-0.10406076103910405,-0.1694035230454769,-0.29224954776322953,-0.11916558204193106,0.15619159549750292,0.183141166156348,0.2928255406905946,0.3069512784480194,0.1187336957574353,0.39763285214735045,-0.38221896808603845,-0.25488224635137613,-0.12910969307119982,-0.1307728846663376,-0.0642572689650159,-0.1374315268668665,0.19980346584645203,0.10644429454262465,0.12085287483333462,0.05125300107945154,0.05025059480280193,-0.1639561438131435,-0.01079906645389911,-0.01937093865684795,0.2546779891087259,0.1250831385819297,-0.2135509478928563,0.08145670471870502,0.07373814084908606,-0.10755693585342868,-0.44666168633163866,-0.3946170478873349,-0.42758847717810966,-0.15523105114157884,0.09146188399241795,-0.28213023946228577,-0.2693641836497056,-0.30721289685135844,-0.0715520687174257,-0.24691670997465323,-0.08353204480479019,-0.17750948425582233,0.01908786769647087,0.0018660627137613403,0.01615142446705171,-0.01784310052389432,-0.29495671554388647,-0.2432898667269119,0.0215720483817159,-0.11972623215371415,-0.1340989555018797,-0.11894255164628266,-0.28190502765757347,-0.10382732520054655,-0.2032094003320559,-0.21643630325244012,-0.04506809494540129,0.14476083587936742,0.07771119173493811,-0.2350761414747036
0.1850079608937491,0.34599966766197826,0.2784981531349577,-0.0662689015400099,0.1600873183709196,-0.21103979476555473,-0.04245056701036126,-0.35173969588281745,0.28687507146267704,0.11218360616305206,0.2562884685437126,-0.08203094309882668,0.15525466028860918,-0.15781230402791402,1.0,0.22211201970968636,-0.004942882221816877,0.04851272335618487,0.27573688840782806,0.19669209656352699,-0.19520665190060765,-0.10924517276943597,0.4394732354930893,-0.08703388904319384,-0.08540106378191344,-0.04220154828046903,-0.010916083453994743,0.20303637717276302,-0.11115161534492068,-0.40757763687791543,0.0633427425685355,-0.1145549990656447,0.09900591073641761,-0.17764232657673285,0.04967012640275453,-0.5122263931218165,-0.1964531894501799,-0.18958113201395585,-0.09354106371242418,-0.03922333402576569,-0.34555582159403253,-0.3196136037703268,0.010328050953353894,0.014417773875583231,-0.37576547400310467,-0.24710090464948725,-0.06391114682497219,-0.12345553402834145,0.04509252461600715,-0.23035022990513884,0.09828861655215278,0.018753452402594708,-0.0994821416938704,-0.05973901702301648,0.14263599856691925,-0.0036475851070284842,0.13277185581565973,0.3113764679190994,0.14778248866865448,-0.055635475093935224,0.07191906042744714,0.06514018334856153,-0.21628839684316237,-0.05288553253455177,-0.03207352438858911,-0.21845595969026743,0.05917667648044589,-0.14888491725424957,-0.19001890898654614,-0.18956630038559766,-0.2544178090731375,-0.3404533840138259,-0.29984014994823477,-0.11020453439818935,-0.02570987909580506,-0.15581553201063414,0.12027120833352649,-0.006559338375181493,-0.03679305267875482,0.24635498896406188,-0.34666911900067693,-0.2267612897124817,0.47786693925319945,-0.1419580747318772,-0.25885082799670334,-0.08938422520843049,0.2168302807271739,0.24823806477277896,0.16860720042681512,-0.13528282176792852,-0.2069426653414106,0.12123094291051074,0.10168134798502904,0.18224262199354604,0.03787440049005344,0.24554712762351516,0.25682818530775864,0.06975492131422632,0.032959289663467034,0.12514040815657554,0.07128765497684689,0.06922582614243121,0.1599522619944869,0.164532157282521,0.021067520102843167,0.03705269749937886,0.0009925503003579482,0.00610680830533235,0.06092360925229093,-0.029551381709347048,-0.09544799160741309,0.02995110773929693,0.19850880535992088,0.09325647012481234,0.0591201779108986,0.05584455634122586
0.05291742491870037,0.1167308040408955,-0.14318470495524943,0.48881136816372905,0.003890419347104962,0.39339050218841537,-0.0034764473603259606,0.5112730939837806,-0.0631622763680594,-0.03414643529795363,-0.20082976970307584,0.4024691429583515,0.1707799326918122,0.4431618436236886,0.22211201970968636,1.0,0.062334981190720506,0.09433631317633699,-0.21469612737979135,-0.24269427885944106,0.22400304715066888,0.11492074675753564,-0.17422409739388847,0.15747849194813338,-0.19064242293160305,0.07006754231709109,0.07236240131397288,0.04112038328757986,-0.08131229567529633,0.06827965886805859,0.035048120720851374,0.1193328591385629,-0.09043459534989219,-0.090940728043267,-0.029294885925046102,-0.08779474570774548,-0.04755046320724075,-0.020070177766308823,-0.152372864317922,0.049761415643578645,-0.25655411257991273,-0.11982261007574249,-0.12306768021866116,-0.1134778199416213,-0.06990324222416072,-0.06946069304692355,0.018557780357843116,-0.18341044200830983,0.10068993684587807,-0.09336107966457163,0.044651776758186074,0.06176483032058568,0.15776857873491862,-0.064611043254968,-0.11693173034218517,-0.05932465782350712,0.009233138067281326,-0.1838713063543268,-0.24279126291907407,-0.1939162957654525,0.07332766883446984,0.07307508879015247,0.10520116130301371,-0.05805973755422929,-0.03541500774474891,0.5977732114886332,-0.31474675667160507,-0.19396650196024728,-0.281642025535117,-0.38939277692809937,-0.0984705515888685,0.03281058916118142,-0.12503689051643743,-0.133129764032426,-0.07954777787818323,0.022981380374442112,-0.10906433895924687,-0.11482695729558004,0.044941416879354296,-0.11602528228264951,0.08973486450538162,-0.11319208683795186,-0.1521817678605226,0.07242286038182509,-0.14415686602387726,-0.037726588706358775,-0.19785597967884483,-0.0758803739520349,0.05616907209040519,0.031842818817380575,-0.0089286253928649,-0.16366311960961935,0.2501366597132417,-0.08714276357438776,-0.18612576572532175,-0.010117580817472544,-0.015461697551146663,-0.07767420724489205,-0.04939568845594775,-0.07141219687480217,0.15088307811474275,-0.14981044599529608,-0.17332565711168038,-0.12813694227671077,0.10555062436995037,-0.012128220818491926,-0.018033658333556392,0.08526078496667565,-0.19936190602114828,-0.14798734279850048,-0.17746012284361667,-0.20184338175566607,0.09175955145473487,0.040781192289949406,-0.021762542041628072,-0.11467113047439959
0.23865358476462922,0.03993238270586681,-0.3037448975314905,-0.26922883945162507,0.18001031716748458,-0.22866443909138767,-0.13665190724524537,-0.18197464799620505,-0.002988572828634627,-0.052826453779131734,0.12615066524418506,0.1511070805392128,0.038317825945500046,0.1494327384060332,-0.004942882221816877,0.062334981190720506,1.0,0.7888518607203595,0.07652767120900801,0.09308245576152917,-0.2187465606729433,-0.16788611864190325,-0.09794281422904264,-0.14085478791065809,-0.17515339802520563,-0.37883999431455406,0.05234180046862234,-0.2746167078839765,0.6546780019954999,0.3644650026140641,-0.0031247907625023942,-0.08244119462409102,0.37004911599400975,0.16715651275797228,-0.24747598713314195,-0.36480211001645124,0.24409272624964068,-0.08588663255888573,0.04349496603409666,0.1087236859383637,0.04566127492660186,-0.08683352375199416,0.09676006721513097,-0.05211850426119641,-0.05791468153600014,-0.33942690237631057,0.22393967606040108,-0.06257517033268718,-0.3025330115767681,-0.22804146167779174,-0.3967172169456832,-0.24498428505312528,-0.08203669478599251,0.15630076148751243,0.060790663516884336,0.23405405528675674,0.4858365664101345,0.4252588495359403,-0.14478848136276284,-0.1812026446804206,0.08165978721548335,0.06105889655209635,0.3572455839009938,0.4481580812141991,-0.22713204977518667,-0.21725210149529428,-0.2396249479742167,-0.4677419208122637,-0.06757210041263126,0.08603192416123118,0.10294882779975369,-0.10851416161569265,0.4943144419203888,0.14581110940308628,0.13036240975396132,0.02685994898798179,0.2660324990199562,0.10470980419051804,0.36645701494658567,0.38895110432125113,0.644178896233122,0.7106942202985826,-0.19470280940437013,0.322249607605594,0.213047922523627,-0.012330277543467483,-0.28008406020201987,0.037995653554212826,-0.42631305850316564,-0.1335144273232389,-0.20554416204579443,-0.49720895619359656,-0.4478313550535372,-0.5828888026381751,0.06694402365645703,0.131729153215663,0.033350755843321506,0.013827728208423248,0.14879099302594112,0.3064989225753776,-0.3814113824957461,0.05207994869458368,-0.30250151897825345,-0.23029026472612008,-0.28788657888417446,-0.1298160658801421,-0.2717934089152703,-0.08926557883487857,0.07519263321961993,-0.024486728891968096,-0.21888247036167158,0.12338762441865357,0.06154258203431577,-0.020253229464048037,0.008965092572197157,-0.183753628817824
