1.0,0.2670167991210003,0.12635908763370904,-0.2691162516209994,0.18310450296994402,-0.16283245921179756,0.2354209262612063,-0.09218889218829777,0.028644903265332915,-0.06018344302738063,0.32962965858295157,0.1114076345633168,0.2085391111717812,0.048628854377745535,0.12136393106496658,0.09709136276301537,0.35042678279968553,0.364045046043327,0.27375430232934533,0.23247467088675905,-0.026004511559322225,-0.06295693933660995,-0.11806291036451448,-0.20356066373083617,-0.1730203723946204,-0.22308222008183545,-0.14573671133855803,-0.3046473223900078,0.12991648669280775,0.11621417683628064,-0.084875475800726,-0.028565853331795146,-0.07783510003052246,0.10301204366283641,-0.19700718104354417,-0.11830363508437128,-0.09372427602214926,0.016046184183527972,0.08595087088405354,0.0034746144735541486,0.01469404913292087,0.26162899530678047,-0.0231575341643467,-0.027444279132620566,-0.09344861540963642,-0.10462393553275656,-0.007889494686583997,0.04808775467718476,-0.07379304780493318,-0.01687837222339378,-0.2462959366405229,-0.19852070969647237,0.0071974889869563016,0.05608259454025452,-0.12457827050308,-0.07893627367307798,0.42701055124808274,0.36122120937051605,0.04981529496453544,-0.2145815208921951,0.1959815698454345,0.09515275156832176,0.08250800664211848,-0.031138620838962242,-0.14538553580326716,-0.3422519942155354,-0.2851832185019942,-0.40844459417705287,-0.022361986818391803,-0.23316926360403065,-0.021708331211151267,-0.04935386961497415,0.12437577204269724,0.07275152095324428,0.17632249342745157,0.1613812283101187,0.2802804584053385,0.16035779515761278,0.0371664803672761,0.1413613372072414,-0.13879324264972137,0.07484146955473207,0.031554416907124426,0.23262822268109828,-0.22766136756410188,-0.2311792665957911,0.06548988833083548,-0.06969128971802925,0.10993841917752026,-0.2789977834952505,-0.09738669412762825,0.035007510914744654,-0.15566332189383342,0.0913168348551771,0.15016242772312954,0.22863123268417335,-0.1983784654910335,-0.004293111306898804,0.10060198762158427,0.3902605398070356,0.06359411876123744,0.3797878805717874,0.002032213821107457,0.0851401928209022,-0.19323987294608724,0.022252650333473904,0.008197119873633458,0.09365693905633327,0.2594363564971192,0.12665374811036778,0.038637689373459336,0.0644474326233797,-0.05831982474970861,0.1256598165134708,0.1735763897922836,0.13240218346950466
0.2670167991210003,1.0,-0.31484692851518603,-0.11960160493357941,0.11831307377533803,-0.07133718881791237,-0.07983477575153133,-0.02128350839300555,0.05706489313629375,0.13350772213784284,0.22007599346641954,0.3938655115401423,0.08126960806926117,0.32589750118392563,0.1999440062889261,0.2700594275924659,-0.11578915783276324,0.2711677347982877,0.22583087149941153,0.5900161299854735,-0.032113661025975064,0.05794563595492343,-0.3875341985677773,-0.3113998630951846,-0.23722236033049013,-0.27014452141967543,-0.11948642230499855,-0.22321335864872716,0.10341097635661044,0.30887111403861073,-0.2085760823625255,-0.13968388107821497,0.1037790553307672,0.14508363420836068,-0.440267993059258,-0.31238881747448016,-0.195824454414471,-0.09415144630398822,-0.06087700190136514,0.1389522308842278,0.09933816486376149,0.11809894433907805,-0.1411449500431355,-0.18849927863930718,-0.2915550007283918,-0.3393863761279845,-0.19339642458001305,-0.17791433374270912,-0.24819977191960932,-0.35000325800019155,-0.33853165859372325,-0.2520988232336263,0.15127365024585313,-0.125771698065624,0.05936802275395917,-0.18919556204009563,0.01672726817703254,0.023844802764630666,0.403167614325004,0.400508310451832,0.26398248528323054,0.541747910644275,0.015884432035610973,0.3157892173728289,-0.3909479396278494,-0.29544404073924807,0.0012833511676217082,-0.3086260359737042,0.2574670639581756,0.07899684621903984,0.019003507962445276,-0.018901929194666447,0.11039902494420747,0.29014157465847457,0.11334791044525327,0.2502512817253799,0.04846150095623834,0.07820156746108659,-0.16706032397178303,0.21777195838544763,-0.1478655738278601,0.0646912589100673,-0.030122719551337367,0.41218756507392607,-0.2669165140937579,-0.23260990085277852,-0.1516600453830451,-0.0711708528976112,-0.03401255779846246,-0.0871592476134668,0.21535478478700265,-0.09932361624391722,0.015566276163569167,-0.20189426107352595,-0.07012954043549004,0.16212638324643816,0.009698248332257863,0.0955465744480435,0.2342850417751857,0.1844039169320633,0.5509443614133462,0.22167944433626413,0.4803567452259382,0.27183729286530933,0.06476915000449081,-0.18450678914671131,0.3058050821382859,0.2686646643181361,0.03639718669209093,0.0626713359714765,-0.11550103694837854,0.10970263626956636,0.06444409578412971,0.09900978930027049,-0.014414596715287668,0.041004964518041025
0.12635908763370904,-0.31484692851518603,1.0,-0.15402106591639192,0.4549251734335797,0.2583827647446618,0.7681088073459716,0.3564551488189186,0.31577872968712506,0.3160585908729223,0.14846194381576308,-0.23264747548223963,0.04901731239555749,-0.2708849260883088,0.09865034598843768,-0.20827100205412472,0.06532693758728074,-0.03955997383163311,0.2796014037836272,-0.08614067874490167,-0.010739319555718769,-0.004287019989312664,0.1515533616733582,-0.005554075652666408,0.12066637355250664,-0.11720732516661204,0.3186048168536244,-0.048393093095475986,0.07636537883710351,-0.17298877569372692,0.24394070496644085,-0.006190655271833825,0.06874825045472238,0.21507046467494867,0.14882461223452834,0.17039549396912998,-0.2771137243370727,-0.3694897071414545,0.006391674377125806,-0.18563218910566506,-0.04902732107881531,0.019385909802324294,-0.20909966455575055,-0.19652017573882152,-0.09306704910940193,-0.1353629988444518,-0.18055285830499082,-0.0841531717844991,0.04719320573975492,-0.004024143600401231,0.1204209661822131,0.049369248642714296,-0.058211104595447455,0.13568065090545542,-0.4998795247701029,-0.27268156017678546,-0.20416614345916304,-0.001754754716035727,0.05458305858161221,-0.20171936302482862,0.10440978737543748,-0.13520201744569388,-0.12237207197237278,-0.2412197776264248,0.4368952003293066,0.10412163953180734,-0.015186023247373354,-0.04337697848896216,-0.1875195309814609,-0.1399642931324453,-0.05717459779339986,-0.1862351986701132,-0.0843256685423837,-0.19254701826243956,-0.0330925605178585,-0.21299809664689465,-0.06013323895373374,-0.153091175110564,0.07288966854341702,-0.0989620200313726,-0.04157094654177069,-0.0065654677295827225,0.25897938248634866,0.043253285157814576,0.05335613548749144,-0.1263794111716708,0.034855146194258606,-0.052055697376659237,0.1862795881015867,-0.357355569957914,-0.16119392573221558,0.0585739934628245,-0.2133136962996986,0.2564666254320138,-0.09635046165558608,-0.1254478679042928,-0.30848020510090607,-0.1649459908930407,-0.5055442435572818,-0.2353620964120916,-0.35409749140482494,0.08172887667873033,-0.32784908089370535,-0.19721511055263397,-0.378135225105435,-0.11404248245087936,-0.13145138827932418,-0.037262911785419725,-0.21882710120524654,-0.1433258425665704,-0.20549080788707597,-0.20519050868410102,-0.18928537798281803,-0.3164167801921159,-0.25877523947486103,-0.11437228925319441
-0.2691162516209994,-0.11960160493357941,-0.15402106591639192,1.0,-0.44261394532491233,0.14540532226907024,-0.3754027855857907,-0.1480566035139912,-0.08522434044222432,-0.08277020352772262,-0.036976760474517846,-0.01196438072869774,0.04460502656710073,-0.025693468458474433,0.268163328410246,0.1689552415384801,-0.39580537573107505,-0.30515661709118164,0.016915497346502373,0.10227473801370654,0.08433822681807526,-0.04166371481886696,0.6046218142319634,0.6689548437529362,0.36818858748929034,0.3546613084588867,0.16563718312236786,0.6347398615286464,-0.5068049667651522,-0.3806878488462042,0.19161587736337699,0.2913587230252334,-0.2994418576219412,-0.23728486130666562,0.30415995891028236,0.09675817385180756,0.21646486277258445,0.20951986897258593,-0.0633379242939343,-0.19206789248029488,0.17516428381656693,-0.28156103808422134,-0.26064045721654594,-0.252548923110863,-0.30438710459726165,-0.2473738956347479,-0.33118903321099197,-0.2967848342311323,-0.3156482912281119,-0.2809775107526223,0.0715096931014199,-0.2929761085151262,-0.22121278596415575,-0.13938996837546833,-0.1417431518875909,-0.2807269761239471,-0.14921224481405349,-0.12569160862675535,-0.10877729228017106,-0.20896395365272677,-0.18695843201375992,-0.3116397516545187,-0.08365783996877921,-0.02134787426060468,0.543408050617917,0.3860613914679055,-0.0044238229933827,0.13847379778834343,-0.022201358554587703,0.10168205207865619,-0.07670822317481922,0.02879108178156276,-0.3907761634939575,-0.06214641687431407,-0.10338724523826541,-0.1729876259339555,-0.20888747707147595,-0.06467509406261808,-0.30140873967824505,-0.29663241820652597,-0.10510227084278226,-0.2554899642841474,0.13322085336394127,-0.14629699288018408,0.7100269588702233,0.5553642336163711,0.5239284857331816,0.33710850531964476,0.3336325587066765,0.36710622280461297,-0.09172073088804267,0.05934491386559306,0.33388191161711056,-0.050686739963603025,-0.2881709926716447,-0.0732668648648168,-0.2799029008789822,-0.11744997445294522,-0.11967195231995695,-0.300711502543095,-0.22153342558010503,-0.12305426973858663,0.000267820196378348,-0.028025570133921946,0.16424165687643558,0.27172388171761197,-0.06111891083957566,0.18489235448132846,-0.11398269166761266,-0.04108934859068945,-0.10540982247007455,-0.31200750266421123,-0.2766456856531242,-0.042886089649580746,0.15537246728095255,-0.06184612850925101
0.18310450296994402,0.11831307377533803,0.4549251734335797,-0.44261394532491233,1.0,0.33994894783708296,0.5201745977211213,0.2644780861528161,0.6639851139141278,0.5326519865858792,0.15773825750217207,-0.026572710713932593,0.19010594120702126,-0.03414778276452326,0.27791839241809807,-0.14294974939787383,-0.07817598932824238,0.06210427134504926,0.276301351602483,0.0764872736053139,-0.12769502554159173,-0.12857486582972413,-0.21026658104000726,-0.3176157056996828,-0.057290582041403845,-0.44198399256989357,0.3891176733277799,-0.29261993890042076,0.1112247494403756,0.1481942604616052,-0.11011773867945723,-0.30919591170021976,-0.031054038293102697,0.24530764077819153,-0.31712839532811327,-0.104618774083354,-0.19072630186581374,-0.4020117055580401,-0.05151445615887886,-0.05484235490596658,-0.16905256867304966,0.02038966131477949,-0.09524051139481893,-0.06383634463765252,-0.27487137790143956,-0.2046037272588541,-0.05773237770145462,0.1210292737478937,0.028234445847528336,-0.10023910818361684,0.004288317703791105,-0.04319418341545726,0.34556621624783346,0.07319153758177761,-0.274713138449953,-0.3312215950817659,-0.23833795911654101,-0.10577341703342685,0.3712916329508499,0.15480145760079433,0.36437531278970675,0.4135693963087332,-0.09020740254863535,0.04341706698006635,0.0017573133513811528,-0.10737730728077183,-0.09267790420599054,-0.23590248357005072,0.03705783281993601,-0.052730809491134144,0.1691102291918824,-0.06944550614160101,0.05648101377101773,0.12927676273603017,0.08196405033729309,0.10394653996627547,0.024441016743224686,0.01652868098962106,-0.11878082066978451,0.06547800792026588,-0.09504823492812464,0.06983654417580452,0.01740299595938184,0.3116207540928315,-0.3992384021912344,-0.5065256754588737,-0.35945280451100514,-0.266241357155611,0.2775270719975581,-0.22041438541205152,0.2751158194108973,0.27155338524449874,0.03092453592811175,0.27449601109675403,0.050042929348706015,-0.01035696073261564,-0.15953167897118853,-0.05360849111890991,-0.1816634571347433,-0.1086454446138071,-0.06322207550935842,0.17104977077318062,0.025916957723856306,-0.20388171019524604,-0.2833670754077904,-0.24126678355420972,-0.013590996856897885,-0.1754198163355733,-0.1659517447332903,-0.17346849989524557,-0.15234771667552052,-0.09681593452427659,-0.030889328962778018,-0.37342125013185873,-0.3389669604041969,-0.1657675618941566
-0.16283245921179756,-0.07133718881791237,0.2583827647446618,0.14540532226907024,0.33994894783708296,1.0,0.07653776713068816,0.17574370237839237,0.42374217249563306,0.6707700162960681,-0.13938957282692963,-0.01452611487889106,0.005893810549038115,-0.18875570165849387,0.29443109720604654,0.14909851480569647,-0.39608750350437677,-0.4180518602675208,-0.10044800686384871,0.027867745680675907,-0.1504597925621084,-0.31656362224155493,0.23817289099282835,0.2840960925814682,0.4303661686222706,0.1174340377078726,0.4353602045036135,0.2292440348129485,-0.4147105815480261,-0.38487690880360476,-0.04387728878485755,-0.24626182793004228,-0.21579126897943413,-0.048280535929970544,0.226712934689517,0.3755908693174817,0.011567169810892796,-0.19901370940729887,-0.2749229686566528,-0.25808347917100793,-0.1846469483412641,-0.1323353463663288,-0.11909128334743205,-0.10194983273505202,-0.20191986652879243,-0.1412936154550351,-0.1870345337258072,0.035480345070162386,0.06643284439877763,-0.06900013246564377,0.2437336001029599,0.04939119364393747,0.11434576959337624,0.016514030323764018,-0.12323867766091377,-0.21073742144238072,-0.3316093344666651,-0.1489850040287188,0.18763853742084116,-0.06380276810830622,-0.12231125245087911,0.030209219238316654,-0.37937519016252313,-0.2443406070345886,0.3447939548327302,0.432742234534659,-0.048716907241641384,0.0794779395056288,-0.14449797082975135,-0.03273605555274951,-0.07926664021289559,-0.06576460796456526,-0.372326591862504,-0.1300874026587337,-0.10810439663719246,-0.15668795988192658,-0.10188686799259743,0.03797962048463449,-0.43896981196300977,-0.30429091312691237,-0.33135375857395294,-0.357225396375186,0.14362127441432443,0.14106879917970122,0.19348158931099493,-0.011484065861924802,0.17607659941146578,0.010548882328418212,0.3092820209465644,0.057561814988100826,0.2623324468984009,0.37739854978256954,0.3424336353740416,0.33776362424441025,-0.1364625172724975,-0.03910036004167958,-0.14817386575125394,-0.021185436553179837,-0.15690331425188447,-0.2082939093388007,-0.043597251449138466,-0.09274151545761614,-0.13783312965279618,-0.13817954790318598,0.07829976667368244,0.061232720883549495,0.10954443350549785,0.12644703253266038,-0.12589518419825907,-0.059832088754897615,0.21182329285079263,-0.1738638373429832,-0.06393526421199769,-0.2503944201443133,-0.1615295590737074,-0.15889534105040173
0.2354209262612063,-0.07983477575153133,0.7681088073459716,-0.3754027855857907,0.5201745977211213,0.07653776713068816,1.0,0.3934410166428126,0.3058662001944397,0.32847747831275415,0.4419478366386802,0.18532675993143255,0.3418205524483868,0.11938953338575319,0.19615212809149912,0.05889649288760012,0.19910109266718873,0.08502920204524059,0.3049272392337022,-0.011560827391769205,0.07348041659889615,-0.017703049726065675,-0.022102407927226366,-0.2427762192496137,-0.1190914123259213,-0.40290282759937995,0.16261847348646336,-0.3310453196370821,0.3813425933822427,0.19990794966085182,0.1838660365002321,0.01255764076698724,0.02655455833966081,0.2276072961095371,-0.04677935412030391,0.11450737105370598,-0.3737393056526446,-0.38924662634095497,-0.06453087061902732,-0.23048926471723843,-0.0263915657945858,0.15840592888991573,-0.0364823201308693,-0.06274997985731427,0.040860503126145815,-0.05570028229564287,-0.03342767191107402,-0.0070932807278014445,0.15576137752275823,0.04925425913222826,0.016604073623026298,-0.004095693252883438,0.037662007921060565,0.2579083604470753,-0.5038240351679905,-0.3008974607939398,-0.24452738937223653,-0.15395714381360326,0.11714297728354364,-0.28526829844771884,0.21270236687520488,0.01640714160772112,-0.05044151653882048,-0.23307058057008917,0.19594595222748895,-0.09623115207783757,-0.29127320505800014,-0.3889452887189191,-0.3489369882829938,-0.3349935299526035,0.03153473837368178,-0.0797432222021508,0.26744965621331135,0.04955587899809141,0.10760718709508364,0.01570139024839651,0.08981465422759312,-0.06173328878391637,0.058790520966141804,-0.03151059203633213,-0.11541830789231992,-0.0006135967271311648,0.2602757070238286,0.3344741088271665,-0.1397874432656522,-0.29540581052545756,-0.09203119444633712,-0.09251477539386867,-0.04801157672321294,-0.5000830401395027,-0.04352049282257485,0.09045104220489673,-0.20538382877852612,0.23040148246938344,-0.10116485676589218,-0.21969223952949452,-0.42037137020920595,-0.2611282866326431,-0.44298605904599087,-0.13718033100290403,-0.2734383657774843,0.02406093449122292,-0.2522701790718695,-0.2665507142720779,-0.5259497977740691,-0.20875400392664326,-0.2615968032098664,-0.1570682061654647,-0.13289151440758348,-0.14077529182682755,-0.28400881201507705,-0.02807254526815358,0.11143870342814664,-0.09784292971947373,-0.1121036807699602,-0.060164893888306314
-0.09218889218829777,-0.02128350839300555,0.3564551488189186,-0.1480566035139912,0.2644780861528161,0.17574370237839237,0.3934410166428126,1.0,0.1253216124843649,0.277738372808122,-0.016874823153947536,0.23159268077606485,-0.07492624779349144,0.15525041884061366,-0.054663242619700736,0.007614685363897534,-0.14044505855768846,-0.18992631663753448,0.097420754923569,-0.05359111261520914,-0.0008378865899115085,0.06623263866923133,-0.32807072845784135,-0.23480413627247282,-0.2877432375064392,-0.19155866151253098,0.012341516269503935,-0.2668302061866462,0.18510188559534313,0.23090923966294694,0.2341195978197599,0.06530033043451045,0.19197660790193294,0.3943293196253761,-0.09215664324261584,0.12045776465457077,-0.2005389529138463,-0.36677309456834745,-0.08053564360527954,0.12935194496577998,-0.12230151275713437,-0.023170416741073674,-0.033855242403036334,0.0025951129242871972,0.09651764736485402,0.08289875681087745,-0.0801225660277733,0.06580773560978334,0.14054164971549327,-0.010342374559814701,-0.0266818595470761,0.11905161518627551,-0.06544066560839933,0.06724699820069359,-0.23899128557743804,-0.11477913574348891,-0.23938519391008609,-0.19746376844471739,0.07189577285410034,-0.13724698521595102,-0.036206633886391046,0.04272704031656613,-0.3075543577994231,-0.27577378149037174,0.014765768782833158,0.3742036448224805,-0.06578961796100181,0.05919348147162702,-0.0506895558838635,-0.16914994148063375,-0.00015647856056198313,0.15755901824316035,0.03360094825022184,0.11972386830672387,-0.023937558937556433,-0.00991654313187131,0.05760970454596056,0.03223550329516889,-0.15119190314111047,-0.2855230799973591,-0.20796925850571343,-0.2977176560733669,-0.17665684833901069,0.07567959198624714,-0.20403143684892863,-0.327316307349389,-0.2776330092956792,-0.13743651919617036,-0.10226077639861972,-0.2547862626013003,0.29470471919296354,-0.08459862021533988,0.057104294650586716,-0.09240338069184932,0.025242965444189188,-0.08259132094708262,-0.04359165730609237,-0.07669711985035856,-0.17967955181259262,-0.2428597799799266,0.0825219009469875,-0.32908282444929454,0.014936970155096154,-0.2976256369623385,-0.18799128341043997,-0.2868889892264118,-0.04012068830679401,-0.08526489670887724,-0.15379473280397654,-0.1981350903376894,-0.10136474176824407,-0.07280494146923726,0.025894139699845886,-0.234698697976739,-0.3017958041015283,-0.0347492071044197
0.028644903265332915,0.05706489313629375,0.31577872968712506,-0.08522434044222432,0.6639851139141278,0.42374217249563306,0.3058662001944397,0.1253216124843649,1.0,0.7303805657081276,0.2475385503494239,0.0031777883509695216,0.23223606336432637,0.08835214672239311,0.42777702269156215,-0.11167988274964258,-0.022820676805344834,0.061462252073916784,0.23230297479316594,0.154427393041198,0.03974563634104894,-0.15273904367903626,0.12892110571112833,0.008197336750433428,0.3174666832629547,-0.10562078542054174,0.5345546177713418,0.02989082580373063,0.049064806428686644,0.05874399214712621,0.01949412983626285,-0.12863197400288623,-0.022872454881708366,0.2707424035017588,-0.33362888462397194,-0.15762467374804645,-0.20345816941925218,-0.3524433992347757,-0.04744290704103857,-0.23723066170867127,-0.2097207267961163,-0.015973041408098694,-0.21443991545252009,-0.23393776332849614,-0.356577967812655,-0.3110367180821879,-0.12324752058461233,-0.09727038971578311,-0.03752754258336729,-0.20740159686561657,0.07224120968126108,-0.03412431131116269,0.1072857050551505,0.16573821786156723,-0.308496720256718,-0.3267310209455375,-0.36578223288656,-0.17644612571345877,0.14344882406697998,-0.08910562295227781,0.3515543056759524,0.3154029597906466,-0.0671672486378566,-0.041437352533428125,0.2879358739061919,0.03765602010495578,-0.18975931671391222,-0.30916944896424,-0.01737008189481755,-0.07646407671632865,0.31140787612096443,0.036475573204066435,0.010265008901295265,0.17699945772957454,0.0459480245226618,0.17087127837923088,-0.02818314513658925,0.041376890237961546,-0.09745115081879417,-0.039723260323408706,0.0013219763857381063,0.145921281462861,0.039132658287162086,0.22248069109066235,-0.1387504907290986,-0.2788256346363875,-0.15806877587356916,-0.36463861716261203,0.39425050724400956,-0.07970486408052407,0.2242683883139585,0.33497928800428245,0.17476118083896974,0.18249679742082067,-0.05753826780261481,-0.3001606084968241,-0.23284413557208505,-0.2722791056243306,-0.2721518736290954,-0.3546814275642707,-0.1621435198482112,0.017245410492508308,-0.12677986300324304,-0.36407171665267235,-0.4480514350920382,-0.29495798489361874,-0.25535237478165573,-0.29224287069633836,-0.39189949716741174,-0.24788866661432596,-0.2936369953575845,-0.25127301195799867,-0.0983157654431911,-0.34112329086524734,-0.3777294406690706,-0.4277248129458714
-0.06018344302738063,0.13350772213784284,0.3160585908729223,-0.08277020352772262,0.5326519865858792,0.6707700162960681,0.32847747831275415,0.277738372808122,0.7303805657081276,1.0,0.06556231985656927,0.0942796687220529,0.07981254606709944,0.15875936773108068,0.21918161591343496,-0.00147411046993886,-0.14383870223679374,-0.17253222630668685,0.014374178387176011,0.14632218729147864,0.031655519273275534,-0.20321752530006584,0.004525051584485205,0.006879243617443064,0.41066063545563425,-0.02275435788174653,0.4256238068375682,-0.04142841682062165,-0.07268732254632464,-0.0038997929521799694,0.034699428214156926,-0.17683509840703754,-0.04918479644919001,0.28058609298964465,-0.08780977429435019,0.16085352159933589,-0.16994067093965495,-0.33813977759929853,-0.13688860480327528,-0.22241693127645046,-0.2763997113778839,0.11816526129846765,-0.17328461519833308,-0.20914994939940754,-0.23324409103651708,-0.2358453857780753,-0.152282196551311,-0.10045123720051395,0.00830850678072243,-0.1731734181827669,0.16910042871287034,-0.002679658186782292,0.09738044181030402,0.004830542188160867,-0.30345240914045224,-0.34104071690680676,-0.357513996631911,-0.22652010395703018,0.25394919930995274,-0.06244328358272318,0.10104200801129665,0.22299924365284607,-0.1716382245396124,-0.13596331570314396,0.16739347860198056,0.18726584590506293,-0.14186834731724693,-0.19225062866718584,-0.08472408048135883,-0.0785480449977137,0.18065079203037093,0.04169350622950422,-0.10294258700183681,0.09170952783875,0.0027459164139436855,0.15794408342690547,-0.020857374007576895,0.10495376393611855,-0.15906566296527253,-0.18113469754390607,-0.1797430798066817,-0.10597797254029265,-0.031307376507973717,0.2630441668760417,-0.17661096625716685,-0.30143938962901806,-0.2014240373865266,-0.34341628019748516,0.1950705728674207,-0.04044576865433114,0.35299945900365753,0.24161406674236047,0.3075054694898309,0.17780448571979768,-0.06583115130670879,-0.2809073838313244,-0.16404025410477494,-0.22294542657709135,-0.19821202372560207,-0.34148102410725756,0.01447228678322301,-0.018723796028738,-0.012263669173543901,-0.16519508810709868,-0.24959151581805636,-0.13244942873428794,-0.10521288908757678,-0.007988643003274707,-0.29767771711771457,-0.2648283036928721,-0.15643970899112167,-0.23634441969697106,-0.05010418634562505,-0.32475952758802484,-0.24891761737741067,-0.305800536307528
0.32962965858295157,0.22007599346641954,0.14846194381576308,-0.036976760474517846,0.15773825750217207,-0.13938957282692963,0.4419478366386802,-0.016874823153947536,0.2475385503494239,0.06556231985656927,1.0,0.46927595811448297,0.6383543154694175,0.34941186224629234,0.33017684844757333,0.3083155865440987,0.2876214314008039,0.31958953387334227,0.43635349811283536,0.23665750937581578,0.15694891287891435,0.05152898819984804,0.16713454704121472,-0.013093716920648424,0.0005730534546221713,-0.20294591941563214,0.14355347217932365,-0.126778202421915,0.40161032755864584,0.26816111031179096,0.14144467525767712,0.18765638750663027,0.0005837987836384621,0.0741888991949492,-0.2961112547441326,-0.20547380484150948,-0.3485570188284374,-0.37101482460757684,-0.19018850694778144,-0.27172514249043783,0.10396183710925128,-0.016946538908289142,-0.15438122464550158,-0.1762321391536643,-0.13210482654827083,-0.20887079516117796,-0.11890312050237699,-0.16767923425735332,0.06580464548425159,-0.02961038575821124,-0.06689354393749197,-0.03067448141087284,0.12636040370126686,0.262057163994929,-0.16671581631415608,-0.2000020672254393,-0.26927122684733595,-0.29814044574512927,-0.027027955583332944,-0.2234415837738482,0.21562160123729432,0.11783632851658213,0.12254765706612843,-0.07778383720586891,0.059814662604921125,-0.2583474091168992,-0.42927273749517925,-0.5086043020214708,-0.27159469272238584,-0.2071753966406138,0.16672731415131145,0.026027909068238958,0.33597861878974306,0.18944693848802222,0.18513306487767775,0.2249989948947355,0.05699859860357744,-0.11822448240113212,0.055245986072873475,-0.06528734539760883,0.020565492251320903,0.14466732589295095,0.23402258615847782,0.40528343771741415,-0.00982316231254475,-0.022130538727957616,0.05589647783088483,-0.09231265246908006,-0.0648457458004413,-0.35643435790171657,-0.12676462515219997,0.06550476709675541,-0.25727933860941965,0.016112763799282843,-0.266918422025424,-0.33204942335193555,-0.5272851748738692,-0.38295274233098947,-0.2918662249266148,-0.10177485430102715,-0.17211819844420148,0.08442669661076294,-0.1237471239865718,-0.19572585868364817,-0.5360166581045636,-0.18755493412406737,-0.3132301149363785,-0.27398850759498977,-0.11751678428365377,-0.14735198957958445,-0.40041021348650696,-0.07159101230819302,0.100812553944406,0.20359071890388172,0.011187976451217224,-0.11819605974942342
0.1114076345633168,0.3938655115401423,-0.23264747548223963,-0.01196438072869774,-0.026572710713932593,-0.01452611487889106,0.18532675993143255,0.23159268077606485,0.0031777883509695216,0.0942796687220529,0.46927595811448297,1.0,0.5326567405451677,0.7775110455499546,0.2856493659399219,0.5315636220135164,-0.034647079736708795,0.09661256440075419,0.017062329926580164,0.2547451910179741,0.0162973299035293,-0.17883615151605214,-0.04739514117602072,-0.0332453758021929,-0.20655182697036184,-0.31252245446814586,-0.15508734937113047,-0.3219385502253829,0.24811412352746667,0.39844153134267,-0.07677953527596404,0.030485381600462273,-0.1787622100545846,0.0502188972969524,-0.21020558658206193,0.055822950195369564,-0.07911702543114468,-0.1638021525766007,-0.4164148929870182,-0.2510890228444048,0.06927959786794363,-0.06084041505070268,0.008700009376125478,-0.04104788095250453,-0.013376255859129731,-0.05340789667694318,-0.045412512033517156,-0.06548072829994604,0.10142478141631123,-0.0572716650097303,-0.11539218157372233,-0.06563718376235024,0.16093881976199617,0.1514570422534768,-0.06997157537761439,-0.2695861032583639,-0.16862184704038197,-0.2966093347261696,0.1767738609726768,-0.17393726635523074,0.06812094868196618,0.28882724358606,-0.18159110443524468,-0.06188515041358441,-0.2122742440639988,0.08155688525536758,-0.45403247076515363,-0.3665503878064271,-0.2650427515480329,-0.14991793600285472,0.06119084030260751,0.10458002854651857,0.20820290864540353,0.20200239289139685,0.016658004010663585,0.21158529003890264,0.06359336231628987,0.09915002758187852,-0.20189799974939543,-0.12512333044372034,-0.25605845465516275,-0.2105487556123404,-0.05040547946897345,0.43767927299009113,-0.09766783626063687,-0.10804660091366818,-0.06197492210140126,-0.05707497210780392,-0.25332430218536045,-0.28078512494446944,0.30843319977190115,0.10044818667804344,0.19571198943106485,-0.017614208231123932,-0.3293532393362515,-0.1730137962229476,-0.4354662658456346,-0.19550772394181445,-0.052037218686172546,-0.06524592840241553,0.2880209114912814,-0.30562922290765854,0.1183919378038484,-0.26195088168668534,-0.14126141408988865,-0.018784101253696665,-0.08864454057116926,0.04626009111991593,-0.07699973292533784,-0.16064513866054095,-0.1807287936699283,0.09593300615395621,0.40186675917449155,0.25158617138961775,0.17777358187239128,-0.03965836886746248
0.2085391111717812,0.08126960806926117,0.04901731239555749,0.04460502656710073,0.19010594120702126,0.005893810549038115,0.3418205524483868,-0.07492624779349144,0.23223606336432637,0.07981254606709944,0.6383543154694175,0.5326567405451677,1.0,0.5929593535350128,0.5663366281539536,0.4574377129776985,-0.010624618460924506,0.13413500207710738,0.05426358665250402,0.06938872095824676,0.11582831285940273,-0.16862307559856865,0.3898668422779253,0.2803669601730455,0.12255441787658329,-0.10276636955865096,0.18367588774865987,-0.06238018984581821,0.10178043874369416,-0.0005339380387343946,0.10778598424518288,0.22622626803790258,-0.4533711927694415,-0.06457062070457036,-0.21150527288824644,0.036387716055533335,-0.09668304490660481,-0.20583603225181793,-0.27425167877457773,-0.4065947077180334,0.08837849861759715,-0.12066435286572791,-0.10369736165727561,-0.0957434640103006,-0.14108406235338158,-0.157022811019738,-0.13535177082999483,-0.041609671629838696,0.08514521915763372,-0.06571712061727922,-0.000391705854602535,-0.08806896656163804,0.2988370429764116,0.32758369928343656,-0.0886433073807669,-0.29809510660111993,-0.2544827891611247,-0.31874278304536935,0.06668278144017782,-0.35295120492647425,0.14432811646766666,0.11460174753951714,-0.08064810460193092,-0.05105342855815288,0.10664286723690242,-0.04136739534998603,-0.5996272806937435,-0.47865049710407465,-0.3617994531082592,-0.21905261517629718,-0.09415043194320716,-0.041967013275060465,0.019744284599316736,-0.055717237613744044,0.001335721195223901,0.10923524770570195,-0.12246669302400354,-0.17744045621755636,-0.16970572597805378,-0.14200591262245857,-0.21090982991433585,-0.0896430179840863,0.18729709086093368,0.2565454165780594,0.15196655422050004,0.039932847953927875,0.23109789339728964,0.057465712236344425,0.1135973849436164,-0.17662096601725158,0.020275074766693445,0.30248671221402723,0.14710111487648606,0.2760664507148232,-0.2976183048642309,-0.2593574744171298,-0.5829339185908817,-0.29060116318552237,-0.1351542913888921,-0.09757566486054631,-0.14900205883844397,-0.12007824691263186,-0.13834169167288715,-0.28064228436018973,-0.3543857996050036,0.012049011491805976,-0.29184662244775983,-0.18746985024359708,-0.17411579849805414,-0.09093922711216725,-0.08445248255966362,-0.042394027522499975,0.17794953228611715,0.11572869902373803,0.2632706253141412,-0.1892179704919304
0.048628854377745535,0.32589750118392563,-0.2708849260883088,-0.025693468458474433,-0.03414778276452326,-0.18875570165849387,0.11938953338575319,0.15525041884061366,0.08835214672239311,0.15875936773108068,0.34941186224629234,0.7775110455499546,0.5929593535350128,1.0,0.18051575980516998,0.41088874286053806,0.059167158091814075,0.2324731128095895,-0.13527926389603445,0.05481531813381854,0.20261825144612736,0.026752257064217584,-0.034154208503350776,0.012603868284257368,-0.01564879708561535,-0.044920169703610374,-0.1379052916728627,-0.2470179486235553,0.26381014868862623,0.3822301503895658,0.09079850857044328,0.21213642539244165,-0.20555315465268215,0.14517823331512952,-0.31498912491882547,0.03650571376735723,-0.04866036113855062,-0.02009794267353524,-0.14371183697820528,-0.127335981817702,0.07176955241282672,0.0924922417794622,0.031235547239564766,-0.05389487062691684,0.03307779747308813,-0.029196912186834036,-0.001042386395086443,-0.13226108789824256,0.07305880641457295,-0.11394836722396076,-0.09063588948380291,-0.0845349138247481,0.16972085464961847,0.10240590084413596,0.017988206902849597,-0.23887033749338116,-0.10211886713946455,-0.2747821455840868,0.10057544850156551,-0.20728302742453927,0.11668602481442425,0.3167477252632841,-0.08384080699826474,0.016536820486803272,-0.2819578975651613,-0.005153174755968011,-0.46672114980441254,-0.4453163517604731,-0.26080768717868746,-0.17824962838734404,0.04126549964641721,0.14688573402976665,0.17291027379013854,0.12774856222699377,-0.01879801718509141,0.2518748393941853,-0.1042539893389225,0.024558930510255053,0.016863757766230697,-0.023254659446324807,-0.08337970593739247,-0.03403756874382458,-0.19725006291742,0.20080381859944035,-0.18447078689017074,-0.09575020488758337,-0.11058663111062896,-0.177988679921371,-0.21999433589215464,-0.10479034705647022,0.20619147937797314,-0.061990929011098574,0.20297383399361335,-0.1552417465125747,-0.26733989049970197,-0.28138472160388417,-0.3282272233167746,-0.3313491959688783,0.0013671853601375582,-0.22918170978923186,0.22714654945095886,-0.35517439184941896,0.09565407804527666,-0.27935423017654565,-0.2469545029299964,-0.10336583776002985,-0.2537160766697393,-0.044340099715917264,-0.22778960379195526,-0.19023230390306703,-0.22467273295675103,-0.003499820476868156,0.28757501786565715,0.1242535941048947,0.17135034049721728,-0.19034531889181547
0.12136393106496658,0.1999440062889261,0.09865034598843768,0.268163328410246,0.27791839241809807,0.29443109720604654,0.19615212809149912,-0.054663242619700736,0.42777702269156215,0.21918161591343496,0.33017684844757333,0.2856493659399219,0.5663366281539536,0.18051575980516998,1.0,0.5656316421910359,-0.3157209001380324,-0.030249050662929135,0.3081426276835072,0.2882936254611203,0.101150058991561,-0.09320901305148856,0.47946423966061935,0.3492051211471987,0.1629487269605707,-0.0689045695525933,0.401516028409249,0.25320237814670454,-0.09254839528340296,-0.07580470495891116,0.15074159329629083,0.207909649670339,-0.4494912214163081,-0.03206621261061718,0.002517744837182055,0.08177646730112274,-0.10092899104344077,-0.14729025613695435,-0.13664484342200978,-0.23581318697051157,0.14963930200789607,-0.1333919501266258,-0.3045355972652441,-0.28693526402996467,-0.42234916069498274,-0.3939579679891643,-0.31199209161427116,-0.1546079191126099,-0.2037393211294207,-0.3289679283161468,-0.08396970999607038,-0.3014775174896664,0.10896778140587887,0.23706916498046587,-0.2936907030059763,-0.44244438462986874,-0.39563059967044906,-0.3364256431680041,0.11202825607026828,-0.16997036677808453,0.18995955892984584,0.17131915835270814,-0.21998973547586767,0.04743195821021296,0.3512169490003302,-0.010236057997632924,-0.42116082769862034,-0.4081245949816677,-0.13642865831651718,-0.17711604807244596,0.010656271547808753,0.07170193503869735,-0.21485225733477087,-0.004419380185064379,-0.13779003586088306,0.05208429235321945,-0.15271841201960037,-0.02195466345560996,-0.4713784559264489,-0.22202465653698478,-0.4127158978213644,-0.23875131015330806,0.4979440523553919,0.5156619801574173,0.3164844796700316,0.06389852001260365,0.40707666684568355,0.19776049563591752,0.3936348322526171,-0.011767837056882757,0.0939026253734132,0.43096431549226805,0.24044343554216502,0.3001807823451613,-0.26107150519581357,-0.0817303890601809,-0.429942135724156,-0.19431868884103398,-0.1718096598604008,-0.1330295465199959,-0.18483831808337428,-0.021364215593134686,-0.1002171367523514,-0.271944753294281,-0.19819929925233434,-0.06488161289538506,-0.053931745448079264,-0.06806808681534979,-0.2652217347424515,-0.008755058479551554,0.0696335795367119,-0.1075353155436597,-0.09561425780269597,-0.02910768571280621,0.028912392110541883,-0.19222949319236454
0.09709136276301537,0.2700594275924659,-0.20827100205412472,0.1689552415384801,-0.14294974939787383,0.14909851480569647,0.05889649288760012,0.007614685363897534,-0.11167988274964258,-0.00147411046993886,0.3083155865440987,0.5315636220135164,0.4574377129776985,0.41088874286053806,0.5656316421910359,1.0,-0.2919780445149234,-0.1886413981875307,0.11841851646505595,0.2496449164975374,0.14998457424570816,-0.032398331529950995,0.17808889718026547,0.20561887781750324,0.02921636514579387,-0.00958287256753907,0.006894087360429146,0.09261667213804045,-0.08418965547506499,0.014080126361250287,0.18008487981037274,0.28651686485900385,-0.3781587876180038,-0.17066637191372486,0.13542285890351458,0.3160991165881528,-0.0737333569803561,0.07000157349432065,-0.12742795032198517,-0.07882311545246144,0.2181150957245527,0.03282881037927744,-0.00023671072281729034,-0.007805394645847386,-0.025703256775588046,-0.039341772041406584,-0.1519208602977964,0.022499310891558936,-0.11204343883389929,-0.0964046467519134,-0.21118048859166502,-0.19574956783099876,-0.00700197877166718,0.025242639911442676,-0.07946634392960852,-0.2155905574111886,-0.2949746401033972,-0.4301175074844787,-0.02113916342428662,-0.20023124936534512,-0.1000490627315658,-0.01782285204845721,-0.237445243373479,-0.11344048100849749,-0.03876458895674222,-0.019080976433813606,-0.39508620647724985,-0.286558368671646,-0.20835033832447725,-0.1886483667359674,-0.026993955644232338,0.22602300987284,-0.059991354893966994,0.042828585451422464,-0.09709349358344738,0.16516555393115795,-0.03700168414355427,0.08027214254226725,-0.43565300691999825,-0.2771168563613671,-0.42281749847869016,-0.4331657230979127,0.3975282535296833,0.5470021768456786,0.211291633487933,0.18396078561808787,0.36798686729522045,0.33836045513477025,-0.09503425570858565,-0.08915614533034541,0.09757015905228236,0.178988173659331,0.08760254544819009,0.08634070589356571,-0.2313302617922981,-0.027677165126104256,-0.24261958143405463,-0.08852873557541648,-0.04721288094705773,-0.016966275164412542,0.01134928011268599,-0.147874680248196,-0.016469268169787898,-0.0577624700350886,0.031692957413860946,0.07072156693967113,0.007269600446836125,0.13314244051182314,-0.10638455623242965,0.04889941085789015,0.2721422700550519,0.182341250479573,0.18063605564470006,0.29166971229081834,0.2738508817263007,-0.01922496489992583
0.35042678279968553,-0.11578915783276324,0.06532693758728074,-0.39580537573107505,-0.07817598932824238,-0.39608750350437677,0.19910109266718873,-0.14044505855768846,-0.022820676805344834,-0.14383870223679374,0.2876214314008039,-0.034647079736708795,-0.010624618460924506,0.059167158091814075,-0.3157209001380324,-0.2919780445149234,1.0,0.6379384300384443,-0.0168390752508307,-0.0937778340280912,0.16921075325710222,0.025548601999159336,-0.0996973846837739,-0.21962115119948816,0.011220586219644977,-0.011061178648411297,-0.2043497735740145,-0.3170855178240249,0.5062454141778511,0.3061683262424662,0.06004908891739672,0.047760440097899995,0.3264746965551579,0.1981304724652749,-0.19983317214713325,-0.24176509365550217,-0.061321710968165334,0.004880689121061522,0.126243159498903,0.10392976455706877,-0.022935799887824574,0.2481132995111232,0.06382185585781334,-0.014251823697044435,0.14384660493336635,0.07433529970131711,0.24431678052308586,-0.0618858452052044,0.04006719043881124,0.106987848758903,-0.12686952315723957,0.023149134376733726,-0.15841457922164767,0.16156856706481407,-0.033954989138863995,0.26130413527307617,0.49222115081992474,0.4384582224571255,-0.35860607878410256,-0.1489879091195423,0.06854778263168962,-0.06993147564273816,0.4427342980648297,0.08742004367919683,-0.23719144106477955,-0.4244334472286138,-0.1094813419803631,-0.2053650318788676,-0.08733072930445353,-0.04415958444884205,0.09286436361533658,-0.11285486118126314,0.48627809266014715,0.10533713353505846,0.2560768750770931,0.15833535470912855,0.2011992675121568,0.015422613970363342,0.7219531044698916,0.4805769817321926,0.48096071608494195,0.5794595242647894,-0.1853021732376561,-0.21744676149258685,-0.3370509752208314,-0.1709671922189952,-0.11634315513532369,-0.3063348622023343,-0.32172976780331997,-0.2785327782382604,-0.32586103898757074,-0.27851678085912807,-0.3477999289193067,-0.23496494357750647,0.13147768539139654,-0.08470956194759417,-0.014414442763282072,-0.1054550389303206,-0.14706460822481981,0.1295277933362792,-0.08141748971736752,-0.024091029436480702,-0.22810026652305462,-0.09715693483393228,-0.30526995469264495,0.02424638428254206,-0.3437940244360794,-0.2066601403829949,0.19851480581120842,-0.04534228123940668,-0.22317615595416893,-0.046791014035001216,-0.00240338669870776,0.181352914461444,0.061556049970595675,0.13991656071081784
