1.0,0.5806078052607524,-0.30093176243022873,-0.305726397416445,0.06846037329137748,0.14942219110542473,-0.15031769827106486,0.36814409371211204,0.17036708799771835,-0.015143859295758679,0.44703718702624173,0.7096427863184883,0.5255442865929799,0.7202621896665717,0.15394868419794844,0.5852124318774645,-0.34464358154351565,0.1351935837349617,-0.43945729411211676,-0.002125136689848631,-0.17359257361315059,-0.040304552643113736,-0.3598873587564906,-0.16002393085769653,0.12525750964773164,0.12331868864917618,0.05237487219122363,0.18692580220769497,-0.3850868191034726,0.0069536927252879166,-0.27481695483491925,-0.11891675923148728,-0.05729722935067422,-0.07979874678656737,-0.006281919647570255,-0.19379631386437626,-0.0825577267827892,-0.12366903873472956,-0.20279915245566718,-0.16379895031648845,-0.13010724378890207,-0.10177492486026693,-0.22254728453412853,-0.19768975200791758,-0.19193682001056217,0.08869434072433197,-0.14520540116628314,-0.11856975021442928,0.213404986106692,-0.1226692067121784,0.3247334619315623,-0.07746401331610855,-0.28797909056737525,-0.31471832820425166,-0.3800791473389783,-0.28299182715849625,-0.18615511273407806,-0.04569532493118222,0.29977534380495197,0.28588827943487033,0.34849805444207443,0.44808239698570185,-0.19582697955093156,0.08104832770288435,0.2221534018147413,0.7283718348267054,-0.20992498470957935,-0.252995504242559,-0.27808589419804436,-0.0900213268284029,-0.0122413952409586,-0.2317580187221222,-0.2674450031121013,-0.020824666253913875,-0.025641930791892108,0.0681360145273619,0.07098853793669986,0.19279622672060753,-0.19203573092982593,-0.19210366341040885,-0.3139687594990387,-0.20627912456444264,-0.2910111506686913,0.017249166707794954,-0.10842801580839942,0.1068484197994041,-0.10530729873969423,-0.22484669230831875,0.17123217339351307,0.07396872208605505,-0.13716708287941087,-0.2526110398647371,-0.09673304216764667,-0.33793423479272766,-0.0640460660920313,-0.05053059924249506,-0.3275014582351377,-0.21414601721855334,-0.33224243177093044,-0.34732328900159215,-0.09464202034395662,-0.24525861312928596,-0.09575067934391668,-0.16389757698876067,-0.12856097705849123,-0.13208716509192053,-0.05349424171789049,-0.23413611300617504,-0.0688376301773055,-0.2272628787714819,-0.19227324017323366,-0.28682032248225275,0.2440364110535214,-0.24397791179848,-0.1002128421848997,-0.2064208169828242
0.5806078052607524,1.0,-0.2613389748489592,-0.05999789242551937,-0.10602468607388492,-0.03786167238060874,-0.23740314328920908,0.46642662527146733,-0.24063969692937442,-0.1302149713500157,0.1090564281661632,0.5621793942322988,0.14340938747342735,0.6010405816266291,-0.19495420380455233,0.22439279701837814,-0.4853250582576233,0.10457301145207085,-0.340778353436065,0.0777293528622919,-0.10947468196165089,-0.15133115872644426,-0.5436516192553813,-0.24128382126692563,-0.04141763283858156,0.10269944960971071,-0.08378793175531793,0.08322740003164643,-0.4846524925845011,-0.05140409102081196,-0.24653483354933767,-0.13878738760768913,-0.16104572810667467,-0.15332673879341085,0.11501217992747721,-0.0760569351143862,-0.0544557037183756,-0.08745384976845212,-0.21496520616964115,-0.07911951339517226,-0.205491008727295,-0.12768777689599048,0.16194617904354425,0.03178257528164832,-0.155447860335839,0.1056714947891176,0.1292181994043578,0.05529456806208454,0.319005004076884,-0.04650300054933464,0.3655961807847308,0.09585313957194153,-0.08669461014282516,-0.28263752347172444,-0.2831960787373478,-0.14426971644660122,-0.18253872524525888,0.05968480289651674,0.2587344959896803,0.3717332742049149,-0.03554751496923714,0.23113475981694367,-0.36821869161058335,-0.1603201511614578,-0.17436257283835674,0.5974686538082332,-0.04595830200154093,-0.1421792087231415,-0.02852925118135235,-0.0019680861364053345,0.023756938751571508,-0.20104460582237751,-0.321963968776113,-0.06250672384715598,0.0775647375845046,0.11331913108354827,0.028454590638780697,0.27719404932630526,-0.05394415819267146,-0.0283264169497299,-0.4002425983984668,-0.2364262640483882,-0.5576038376077407,-0.2559452223112894,-0.3534696159818971,-0.07145360590362188,-0.2829430367911207,-0.16488519106559452,0.0333510588542019,0.01469778776952704,-0.07644218445504575,-0.2421984890904051,-0.05246572198973662,-0.38601216357689744,0.017725367670712498,0.10010057471075487,-0.13119954179606683,0.04018217619165098,-0.11841047590879683,-0.21883241168016093,-0.041293194848138905,-0.2409950768065381,-0.03367895011397641,-0.03799867986061118,-0.14063223739585523,0.012931178501174197,-0.01760422228564395,-0.05083945839983107,0.10360846033759855,0.0015659148825900586,0.03745685053914239,-0.12629939058259484,0.2390016623582224,-0.2502746158843484,-0.00932841567436927,-0.03510581489469871
-0.30093176243022873,-0.2613389748489592,1.0,0.1918533845348782,0.25341621562340283,0.23168360436112334,0.48981507926457835,0.08329578724045049,0.3175585628363872,0.20543707023791608,-0.18221328099731768,-0.36213900175913677,-0.03599099744613713,-0.3943634290323075,0.07540375432069796,-0.3745560368410917,0.1553728563807964,-0.49788841448469795,0.3573042156677103,-0.13750596280948094,0.24860048235605123,-0.20949631798449775,0.44287380404478793,0.2883584570546335,0.14169744879587642,-0.051578495803116874,0.15029424138559394,0.09108108970717574,-0.15730193484994084,-0.5070365495307562,0.13257998433766216,-0.14050453535914117,0.022094712311981093,-0.08620112921499586,-0.1363757795163227,0.0889644373241439,-0.24474845558287492,-0.23911555510536928,-0.24389817926412505,-0.13194381852049067,-0.03144587863549905,-0.3135288284537933,0.11377546121699991,0.3766501933400694,0.22635462102640586,0.21357827450084696,-0.1286998974625557,0.18607976754992292,0.1376491435938743,0.21491701361707735,0.007833967636327502,0.360292660425547,0.21597291189787238,0.1396267063367205,0.01740706996812167,-0.04800681091020517,-0.12085044557420642,-0.2841485016467714,-0.013524711356459261,-0.13722552046856615,0.008321603352211873,-0.2897891463393636,-0.13988789906451016,-0.1743508027646738,-0.06656272319974377,-0.0935736394108549,0.15393989811880382,0.4768649006275846,3.0998200323583626e-05,-0.09220010548062367,-0.1646705176482791,-0.1288992656930475,-0.11627333619952473,-0.2683580650355425,-0.16246793626769224,-0.25136293435938384,-0.4321784168303923,-0.3700029080077265,-0.24416049139088883,-0.12328512105323242,-0.1848763930789389,-0.3712196903579484,-0.08324759564470789,-0.41348990579864775,-0.12423252215468698,-0.14440462279224725,-0.04119604474062959,-0.04706529050910742,-0.030123270180870392,-0.08558790374719688,0.16820432033224567,0.3695003136568868,0.17565939214312443,0.3296371285697522,-0.09680823774084717,-0.15663449773838742,0.05233872802859711,-0.10164401949492052,0.21432772311008352,0.07070979304338282,0.3472985618853629,0.29482481559408014,0.26328194914229175,0.16956747122841628,0.05071039232975716,-0.04545088093784946,0.14135757264872986,-0.03747668336710297,0.03880771927085913,-0.191725164315482,0.010892412927893995,0.029572399689885388,0.1663534520905205,0.15564443874982947,0.17913449686387353,0.10532506831192599
-0.305726397416445,-0.05999789242551937,0.1918533845348782,1.0,0.18433575360476823,0.27802413851928054,-0.022415062319663365,0.44105695196085526,0.3546710062223407,0.5364686488526305,-0.23526384858298452,-0.07109164803170077,-0.12209683881132974,-0.37762898242700754,0.3104535428075407,0.13711920691607524,-0.2781893533725825,-0.325976254206096,0.6061980853038721,0.062324568958747606,0.3244659668425694,0.24032880210402263,0.565914409872483,0.6861351113019062,0.32395962927376354,0.20022784439078595,0.009199922520835218,0.20360457162432008,-0.26405640343350073,-0.2996128768811048,0.12783319790194062,0.30454218683590395,-0.24485923665921971,-0.21661275303170435,0.1718060175344353,0.2991952122076412,-0.13336178516481095,-0.08235566439948043,0.1692570345939571,0.08262525343459357,-0.2161033641033588,-0.21366791416959846,0.05232401004350162,0.2564350390000503,0.17186401375193508,0.3456113361642669,-0.24160899670072994,-0.18966550222532716,0.24476667846934028,-0.1748828676729201,0.2690482907566522,-0.11088804336853378,0.10951361934561069,-0.1539648353296457,0.20154623895404764,-0.1140751058065634,-0.48216314740006405,-0.5639105819413812,-0.2853397490891209,-0.44059284678663785,-0.13339353397285414,-0.5789253950408427,-0.30147915925155155,-0.5387609490075765,0.1917531948059031,0.0664550352648055,-0.16358057340935492,0.526239996614394,-0.3807997563455805,-0.3307678095024051,-0.010957371705277321,0.05886250632746983,-0.3248178793016117,-0.35867970418814943,-0.01955196864454858,-0.12538242619261683,-0.1001576393668164,-0.0004092769006375386,-0.19666038906365937,0.019098260524625627,-0.39284704345356347,-0.48979763977049406,0.06770442249835462,0.15244128496888315,-0.07250312847459638,-0.1468447191117775,0.07784964049342649,0.13867706041922756,0.3957288920019175,0.05503469314796065,0.1609886533723106,0.13260343396490737,0.23942272258569447,0.41482652129841463,-0.1661899097057037,-0.11445740832712865,-0.08952756174289651,-0.1066381067600456,0.11164675956230657,-0.13999294559327205,0.10725781516801182,0.3134159943004063,0.1119662011462908,0.11950473211794047,-0.0030216264088995318,-0.0946677600730412,0.09559444191118022,-0.12677247612386744,-0.04397680701117123,0.1923116015819422,0.06611135959049781,-0.10393812938293073,0.039830755660743934,-0.021289503293248767,-0.06989293827445313,-0.2673959984338349
0.06846037329137748,-0.10602468607388492,0.25341621562340283,0.18433575360476823,1.0,0.777617997809488,0.3668890469348385,0.12296270333629385,0.6488200466808268,0.32566818413495235,-0.11696322657380602,0.1269472939249996,0.23596132609304765,-0.013687724104250133,0.37079965469130616,0.15070420383009953,-0.064506419488895,-0.3698230589097246,0.03754656882384678,-0.1436216899374979,0.23038672858240922,0.0012156404537985621,0.3474812153736034,0.21967557083980008,0.22130121114895582,-0.11593133879848323,0.6059940200061755,0.19186209901200438,-0.1162820193769379,-0.14039230126232005,-0.024421030569546084,-0.1398716620305147,-0.09824419388479377,0.13385925391041067,-0.18537688985879971,0.07085000828272231,-0.3225134419878514,-0.17307900452581773,-0.07647083887908443,-0.006638059283006695,-0.1542460357328789,0.0949723223354106,-0.2169471517816462,-0.06384746385617092,0.041160713163495524,0.050918461951543974,-0.16882225561911243,-0.11762575896074286,0.13063377792093872,-0.19783275456168523,-0.07844554121690021,-0.15389808936639765,0.07063438868744626,-0.29813800443728206,-0.10659412666865978,-0.15266010863175092,-0.25040357506922006,-0.16294568738905188,0.17632658965033043,0.051540398090197836,0.46328259803090727,0.09530844598774688,0.10753571447600604,0.14038336141459176,0.3760038822315476,0.13702471192362134,0.04959246386850426,0.1376447417750973,-0.09425995377856786,-0.2977613798505293,-0.11766152525738229,-0.0413523873198275,0.04391256640425296,-0.28843760117392975,-0.16039316472540763,-0.07090506092333007,-0.2965570209477068,-0.19234486791975627,-0.22608620732091833,-0.23119489476901506,-0.0341176254765151,-0.27713003356956334,0.15896165924267794,0.34638265473361596,-0.0570488793741487,-0.34575713184680484,0.10472447413170971,-0.10352347578089384,0.241980283113613,0.02683659204621231,-0.040297681034350226,0.023672661563755047,-0.05233250629153004,0.06841901875710382,0.03452070152405623,-0.11520484353717948,-0.19479474680753045,-0.24463208778225637,-0.08611233317352789,-0.14673668662172243,0.09368859882747231,-0.005145700573806599,0.09929374225787145,-0.06430201524830592,-0.10715089931779709,-0.20722699491845736,0.1797405071696284,-0.4436198865461843,-0.05225202031264995,-0.047699586307178576,-0.15976318803683534,-0.17871004665151444,0.20995394668974376,-0.06238749297213398,-0.1288534789857065,-0.18957050406387543
0.14942219110542473,-0.03786167238060874,0.23168360436112334,0.27802413851928054,0.777617997809488,1.0,0.2277115406794641,0.3090299078800688,0.7210153082643272,0.6077348174332681,-0.05306255985407974,0.2819904602930814,0.31341967380115354,0.06026384368008803,0.4342682628184821,0.4086997125499675,-0.2387798358437472,-0.44349261080554836,0.10566204811048431,-0.048508346245603046,0.19969255468880734,0.049096017070873875,0.35191241570989185,0.338537438602134,0.25434708357421965,-0.02567942319192138,0.6155978593057055,0.27891541574175654,-0.3105284402631142,-0.2172332022616387,-0.1450715330500659,-0.24758052375733947,-0.25633519662418025,-0.02809724097863395,-0.03294063686312567,0.11691870929393185,-0.3086760762557926,-0.32419894707039165,-0.3093658638286187,-0.13275347139863397,-0.20576026433804323,0.0752083149997494,-0.09580007524477081,-0.03889000668922939,0.02147869322175635,0.06784412519916272,-0.16216113098703702,-0.15926916876569758,0.2819864912342578,-0.31424843544113656,0.025847898546651524,-0.14271969313973745,0.10757531427806488,-0.38040395461682325,-0.2148798075995779,-0.37068733823383965,-0.48478823641455226,-0.3723603940681537,0.20405695359787082,0.060534911259857806,0.4400191776693288,0.07449184702073701,-0.0651067145518598,0.07967402730623276,0.3302844169764335,0.2825877816618067,-0.08837558380849792,0.2578247508305888,-0.26753408609150375,-0.40798664880940905,-0.03242499743377992,-0.10136698549864427,-0.17308993678894724,-0.26439931266699707,-0.14382039465695523,0.04048636238140361,-0.1880854591332789,-0.13417459172402924,-0.31849348947484485,-0.2190260937791519,-0.12919690095816036,-0.3979952030995558,0.02687594683826004,0.35644225732669005,-0.14189890845841185,-0.23775605888894874,-0.22286421277906693,-0.22462400433409793,0.20792799464957124,-0.08762153203416871,0.1369221996669319,0.06754357924217351,0.12237400209762368,0.0736601658342348,-0.10752173642867494,-0.15024054537844317,-0.3511900155829321,-0.36511257200133224,0.05173259831259801,-0.04609191018947183,0.22678847487870551,-0.0025708470854699725,0.1643886317198911,-0.02330016393953641,-0.12070791937837293,-0.21561902988867757,0.2405834437426573,-0.35984475050695736,-0.19218424430089698,-0.16315884618810772,-0.35823930576510266,-0.13132161864244443,0.2006471912545245,-0.023564857775260274,-0.03329315965177584,-0.211585970553649
-0.15031769827106486,-0.23740314328920908,0.48981507926457835,-0.022415062319663365,0.3668890469348385,0.2277115406794641,1.0,0.022368620375060877,0.3105542885826019,0.08505436170816578,-0.009417202336306892,-0.30281811246811563,0.29762087566541284,-0.20640165515017617,0.034895914655289344,-0.25993388525652356,0.32473234270863116,-0.16525371827789495,0.30637321859849936,-0.22417211551140828,0.017079086078555617,-0.13325481760789015,0.14701110914960983,-0.18505549658013662,-0.2831078264401977,-0.45697526568028135,-0.014521600293414177,-0.40593747703741134,0.2558864403949028,0.07616182175095124,-0.08723856276102293,-0.16465074511380146,0.26732761197736893,0.3756839294220408,-0.2599805789469732,0.36093617397618377,-0.16949418667298483,-0.12994020723824934,-0.3360855308884235,-0.20235093642358887,-0.039005029495493664,-0.08225063926103714,-0.340005454802519,-0.1654095063896898,0.4602964283992878,0.11307749391931964,-0.4276596637921065,-0.16241269495801297,-0.1051062021798415,0.31678871558266103,-0.402668714557907,-0.1844855069752265,0.09832673454322328,0.028700815445127852,-0.1244649692036269,-0.19330321385973975,-0.057744390394118716,-0.0783275477178999,0.03942844551200844,0.166728871856116,0.36974280765028533,0.10005307900293517,0.44143784833082056,0.22902269967924652,0.49529948036949734,-0.16772143436514533,0.3803715862674546,0.3873128054844119,0.1896324306975354,-0.2687072479779651,-0.35040941154223465,-0.07027285260934825,0.22365851107657314,-0.31161575131746,0.022762578923824595,-0.19910710823716887,-0.4204297780651618,-0.40707082615033086,-0.1854678014785118,-0.2058713513627069,0.29688537204459725,0.03875235063634985,0.26928497539370255,0.1656214305953328,0.037830467958893804,-0.13505601434845912,0.03876966313442146,-0.0573751994145955,-0.365385072987981,-0.14600670058700457,-0.20463456568338284,0.039625364516968,-0.27499293947472053,-0.01815207461329617,-0.2520404777426159,-0.23638128402718284,-0.1902844133025749,-0.23632231192472555,-0.08182422708022523,0.0289006396101001,-0.019678399507597436,-0.013662584134625119,-0.03425491332310005,-0.00036842177952764373,-0.07973837996369373,-0.13789196649650962,0.10112822736344255,-0.3550244548914407,0.08129157040803005,-0.19003668123299575,-0.2683407727381243,-0.04211278463214268,-0.07355621318094736,-0.16652681151999452,-0.08043635403759979,-0.06872611555565578
0.36814409371211204,0.46642662527146733,0.08329578724045049,0.44105695196085526,0.12296270333629385,0.3090299078800688,0.022368620375060877,1.0,0.23865751823422524,0.3816605792472295,0.035393631366964474,0.38761093718035905,0.2364216371726892,0.4287004009024128,0.01184954457388887,0.3693236924119076,-0.4110895142174774,-0.022229993970887135,-0.007733032698950262,0.1621036399635433,0.08094977089184234,0.09903557143534912,-0.02971840002018907,0.2775428618448141,0.21675953643298249,0.15104170954760693,-0.0841331106939048,0.07812091654606904,-0.4311360223111177,-0.16399481293774562,-0.16714203770632283,0.07255857330699508,-0.2796139138581226,-0.11456721266631331,-0.024549151676593294,0.24426669762160136,-0.32558521843503846,-0.25856839447336605,-0.30347608222657707,-0.15586564258707536,-0.33432193789497844,-0.22606692009602544,0.0007402561977283078,0.09026180106698566,0.06312292092720612,0.34215081382671075,-0.10396030936945176,0.007566750226881661,0.29721680959696045,-0.18610886710298297,0.42639208532602313,-0.11283559640279717,-0.02172137954604097,-0.3677872443350406,-0.3684862728834702,-0.41122012515148537,-0.5060466547989458,-0.285670566265736,-0.0852596244286541,0.1376158370849618,0.010023798175829527,0.11027337423556632,-0.4010914105821614,-0.23187970645876274,0.12481133930581795,0.6098023208733838,-0.22158578200437049,0.18937707565160558,-0.4067072656622019,-0.328951637943362,0.11974496683712672,-0.016545173918065943,-0.45315663848025906,-0.12526277056092064,0.12196468027966208,0.19731866838161868,-0.11674878357744867,0.2618923040151825,-0.17866374280455835,0.0038501283613651236,-0.5106969270634928,-0.48178763988721424,-0.4815698280566512,-0.03311142150503815,-0.33145720786063393,-0.22672539608682474,-0.37525764310218596,-0.14916584289681575,0.23687271959500555,-0.07979101395219078,0.06277505669829847,-0.13787278821415244,0.07666465636658636,-0.22326229071127868,-0.1854414442834751,-0.08311676418856924,-0.3583687415116348,-0.22742993872286205,-0.05043974161254654,-0.31164044436819177,-0.01714818166857865,-0.20051170323529127,-0.03261730635868023,0.0054172033327931895,-0.1685623817653297,-0.14653688813397256,0.034365507980128066,-0.23103008027029015,-0.021465255584447267,-0.019685201119218933,-0.1375422727034224,-0.26881742244103507,0.22243554461613918,-0.24196148681148144,-0.05989797616628994,-0.3692384633108351
0.17036708799771835,-0.24063969692937442,0.3175585628363872,0.3546710062223407,0.6488200466808268,0.7210153082643272,0.3105542885826019,0.23865751823422524,1.0,0.6997936173102209,0.17115186146353115,0.10525338160850198,0.4934173712411391,-0.03286384153985381,0.7534056762612494,0.4530332974842737,-0.03539308980705679,-0.26743683392336576,0.3690295945585754,-0.18665556354545657,0.18448857906689076,0.10241810838319589,0.6335299895737143,0.48053946453663715,0.2547484513683672,-0.0171139544661812,0.39292158058615406,0.22969165012451362,-0.2197536595273552,-0.2854036411366513,-0.1058176798081237,-0.11432918046751113,-0.23295707799593623,-0.14427534244163726,-0.0859119503132894,0.1459424221706534,-0.34570115357059295,-0.390939537779695,-0.08291552498339229,-0.14577076352228027,-0.20940150961668233,-0.10433843106611196,-0.2945118882316753,0.03480703483806029,0.21017353840413386,0.20365420454936362,-0.37230555587782727,-0.22499995000213732,0.2893048847933187,-0.15654348078723368,0.013920318317061593,-0.21616840010861135,0.07779329365195678,-0.2219555716708449,-0.07428792175451565,-0.3831841325802712,-0.3763734196564846,-0.4506479816362438,0.04807919482096655,-0.25847304593994014,0.5024149124614363,-0.09311412945021083,0.029373915795401773,-0.05000619914511413,0.5135379171710273,0.21270013485848627,-0.21325034674938384,0.3507695578155016,-0.43917422168273623,-0.44063785162916047,-0.07040746930897784,-0.19261645479173325,-0.19049914215168068,-0.4593919414476695,-0.23502261478044992,-0.26484619424663797,-0.26986363526257057,-0.259564963438899,-0.5246125317253352,-0.27507188417057216,-0.2188405343755547,-0.4679712440584442,0.25624520130002515,0.3621286545162538,-0.014596094892754602,-0.23680277758620524,0.11582512013894827,-0.018405484952539464,0.3465797391635402,-0.10273029652926584,0.11634773555742693,0.2642807542815207,0.15560216996641366,0.3220586954297491,-0.2215005882787232,-0.25733381756865054,-0.35859062259145474,-0.36003559090956205,0.027595524692335876,-0.044575713990536794,0.1674155874984614,0.2556387672207943,0.1308261244796885,0.012228985362953776,0.019755626251337047,-0.17996435364154,0.17494629120741417,-0.45223996075866935,-0.07719830305382808,-0.21437034117703518,-0.2844865089164573,-0.1995685050471042,0.14799365785050597,0.021285381100753648,0.050707264737147414,-0.15344841870163337
-0.015143859295758679,-0.1302149713500157,0.20543707023791608,0.5364686488526305,0.32566818413495235,0.6077348174332681,0.08505436170816578,0.3816605792472295,0.6997936173102209,1.0,0.16531413534659625,-7.778452958865571e-05,0.3486951336470842,-0.09261677220338405,0.45748779090010905,0.3085108139597647,-0.2228427575483481,-0.27261374572515107,0.38243727726650356,0.08608503470480497,-0.03596184321965549,-0.038134103000028244,0.5562966242716612,0.5442053242999939,0.3028945771482963,-0.027033493706526517,0.05049143247753747,0.06870591777775953,-0.36555236944114117,-0.3057330509261962,-0.25526973539474695,-0.21582219617756251,-0.4620084422792457,-0.2496804813344154,0.13121255075343888,0.36961054934447984,-0.3437311357912182,-0.44611376041665657,-0.12604145510390002,-0.2571387081879334,-0.3690401563778298,-0.29687347711699813,-0.018014194705672348,0.23567350018471106,0.30223716809582674,0.29705049455350874,-0.22933014239636706,0.003990674164587074,0.5242213029026148,-0.11984480404513288,0.07876096500317094,-0.14312637277267976,0.19451980576037928,-0.22869475871720435,-0.011429844938678161,-0.4873220675165224,-0.5471861838690455,-0.5151669769618585,-0.004099825552080703,-0.18030246479098302,0.30699493901223884,-0.08847945604805528,-0.14271341871993243,-0.22524467828138675,0.3048348791547551,0.17305594369856564,-0.19892688778554232,0.543297183337398,-0.5215770637378684,-0.49982627645061656,0.15152825240460854,-0.058565056476253256,-0.34473397779405823,-0.37633672321325423,-0.18551564653161773,-0.08170268643652483,-0.10054484227430262,-0.08413511470227177,-0.558871350626191,-0.27125449606875174,-0.34610891097526003,-0.5702408565960689,0.11577372345836037,0.22771489505143094,-0.10460789926548124,-0.30885020057910356,-0.03825195993813088,0.1530338602703939,0.4139090017839683,-0.20779012620247458,0.2828372849157074,0.28830329987570413,0.1653769709765319,0.20259350801715723,-0.26402141639079446,-0.24707668868815225,-0.3717457361233433,-0.3365753214177963,0.1851403662442446,0.06886214565549346,0.18958784264377024,0.2502594569635542,0.2578125266140569,0.13344936644231953,0.0759946116109752,-0.14494218978695347,0.22477510734278058,-0.1830016163080967,-0.26134012465930373,-0.09851656986027173,-0.38570035276511966,-0.0953212944485449,0.2356088887559085,0.12878676970802222,0.11125912609236344,-0.24079977843194952
0.44703718702624173,0.1090564281661632,-0.18221328099731768,-0.23526384858298452,-0.11696322657380602,-0.05306255985407974,-0.009417202336306892,0.035393631366964474,0.17115186146353115,0.16531413534659625,1.0,0.3050825347884591,0.5999670548117426,0.3866235600264283,0.20870651943691473,0.3140006775249251,0.2154322452066232,0.14383528467221338,-0.1226932019515592,0.008171935568957739,-0.6097152752681008,-0.21608087884153873,-0.20743726789467734,-0.26946412488064797,-0.018578218409275645,-0.18999824238010768,-0.2788345676209284,-0.1391635704448394,0.09947280989600393,0.012647491371295196,-0.3179431494896896,-0.27767351032603693,-0.0793417356552445,-0.1478835411719581,-0.058447164787446465,-0.051399893270348926,-0.09295671371500834,-0.3163520269656241,-0.20644934062880965,-0.3512600759692017,-0.18177789856180357,-0.2672588054017715,-0.18328185125154733,-0.13713318662022786,0.16842627703209687,0.2672840902860758,-0.17441260769829492,-0.09046538166610207,0.17145056742879125,0.2684994657182069,-0.12002415920772806,-0.04016857750108192,-0.2244959783751231,0.054751951131086836,-0.06749701493300266,-0.25067721203868676,0.08670790057014931,-0.03142410284616615,0.11476268772973298,0.12871470575334262,0.20679895347144625,0.23977106933102593,0.14940019462392212,0.10024812142200405,0.2245843561965714,0.215218176782716,-0.10546845745003565,0.05544424903585679,-0.30920999637593405,-0.04510613127921067,0.11188763735599519,-0.3534794933391643,0.0027197669750148763,-0.029236142322778345,0.14340623721575613,0.08338009272164708,0.1909215264274729,0.08287196881431304,-0.27281179964996144,-0.26638858583856356,0.10613424237365897,0.031968276254329034,0.21001871245011206,0.15125195708108324,0.30542599444287155,0.24521170278342977,0.20730229261712374,0.12939215240630794,0.0092844256536734,0.012777150820349187,0.013096154274172534,-0.004234470238571124,-0.13853984652681997,-0.14947279908706346,-0.3221143376452143,-0.20922940092736816,-0.3333745286048506,-0.2435391599068432,-0.11917481756810006,-0.07818749264737564,-0.06042185346827544,-0.06665165979321659,-0.040886758769060554,-0.05033366117322833,-0.08683821292766072,-0.17698402780013398,-0.247807855233864,-0.18121461214607915,-0.21859333178963974,-0.19403987185860072,-0.34274682829232367,-0.023310266413740132,0.15964674617180422,-0.04265300066219022,-0.10304208307525356,-0.19735348483075923
0.7096427863184883,0.5621793942322988,-0.36213900175913677,-0.07109164803170077,0.1269472939249996,0.2819904602930814,-0.30281811246811563,0.38761093718035905,0.10525338160850198,-7.778452958865571e-05,0.3050825347884591,1.0,0.2999627061001042,0.6583453948278283,0.23057402913538871,0.6614278838193898,-0.4496239699251695,0.07775492586632805,-0.3217516009779317,0.20993357851934072,-0.05153256449243644,0.16454053950996908,-0.32964794664243613,-0.005936093412103976,0.18858275573789515,0.20540120389410396,0.31990615228071373,0.3836777052152583,-0.37682314142206935,-0.02075662850424434,-0.0496768098486726,0.10950396406655301,-0.1863432942169778,-0.011672085391009756,0.1046477886365441,-0.1481606086716033,-0.06685277301515923,-0.19123446442566705,-0.23593610991137182,-0.12527389836698458,-0.11276425787543186,-0.03717701023137438,-0.11662356582623268,-0.23175470174697893,-0.2507569284608226,0.14867149828694495,-0.011909555490801763,-0.11371092773004056,0.08806691737948612,-0.3689953352390658,0.33758669464752084,-0.2086253653732361,-0.34795701117454175,-0.5574744898380924,-0.5248089279309938,-0.2947556288712581,-0.3099018613244114,-0.1714009618841856,0.1070102153501019,0.12305493550788119,0.049975089515329786,0.21176378463351062,-0.3373007557435619,-0.07545150884050163,0.1759444069104257,0.6560818033814085,-0.3504548965053722,-0.1939024298841442,-0.3984942951160978,-0.10911342125224595,-0.11658188366889768,-0.21530314367051703,-0.2728210416395152,-0.0800494743521721,0.02183678780570395,0.12158160745766748,0.014890982953923783,0.13130342512399595,-0.034197924640292074,-0.18737477144792777,-0.29857428779069073,-0.14097596172348836,-0.37079529965634056,0.1419416412957129,-0.2500949865241928,0.12787232425930511,-0.2959772179866988,-0.37702376919538866,-0.01125649323865978,0.053351932808827496,0.08175382300673498,-0.15082026795793102,0.2111704941926175,-0.17059850315683517,-0.07747066744914655,-0.04862628327456011,-0.3575882448430912,-0.3186339262419409,-0.1350857750013355,-0.3657012861487044,0.19565971529406026,-0.1796703607294269,0.0871332127083165,-0.06832866898472927,-0.07378869046888387,0.017081745064109297,-0.1305545722435806,-0.13279407919877137,-0.11870067413477339,-0.1734859026574879,-0.08800348393386885,-0.0862074816992753,0.3007119712726069,-0.062182208757304916,-0.07797515501229073,-0.12056147668001609
0.5255442865929799,0.14340938747342735,-0.03599099744613713,-0.12209683881132974,0.23596132609304765,0.31341967380115354,0.29762087566541284,0.2364216371726892,0.4934173712411391,0.3486951336470842,0.5999670548117426,0.2999627061001042,1.0,0.4238205964770617,0.395537986415439,0.41649856845369687,0.060666933040676926,0.05904482101239668,-0.06941348668445516,-0.2572802341504431,-0.37806079225922534,-0.2123980941211037,0.0447607173022644,-0.07044085383237815,0.07543043007198345,-0.06448423268073919,0.08568317878705178,-0.013103800728528344,-0.061677222180430744,0.121695775633836,-0.32954111230310235,-0.2864677064252554,-0.16210011944653832,-0.13159633619257327,-0.10295245306236488,0.058755353797971095,-0.19180183512791144,-0.328755668939082,-0.298061252269037,-0.24209130953180416,-0.2334355933477878,-0.13939132669690954,-0.30788844109973856,-0.19862555451409414,0.12497441668324771,0.04311921048432358,-0.29671130855787053,-0.19101717314520633,0.20715220218511063,-0.08429282611774455,-0.0856352938533013,-0.2327012500838965,-0.142963837511616,-0.1775262829185934,-0.10864246501707953,-0.3485943653726997,-0.19418036387037907,-0.13814832492714454,0.18607834369543597,0.1749505182981245,0.43630972163063664,0.3702865021491832,0.16376259114455352,0.20411387509289217,0.37834828868417464,0.2929710379444767,-0.1878189016650262,0.04788505960135475,-0.27920506983163845,-0.28049530867805034,-0.03611629848436386,-0.3424720317856225,-0.07316409071500637,-0.20483487652165225,-0.09120954617611274,-0.028538688925512607,0.023853145154500217,-0.00411344266915274,-0.334545930797739,-0.3107091615306001,0.01755557287625,-0.13242973815518636,0.13755476744031617,0.23926169913899825,0.15713086292578304,-0.18216516253558787,0.14320706467804914,-0.03775015829643259,0.10930358756159159,-0.058827098641221535,-0.1298858150322409,-0.13551932701898797,-0.14099099880582752,-0.22186105023349362,-0.2236833815076579,-0.13379673037497405,-0.30886388934246856,-0.17315091588911277,-0.10513859742469712,0.06871501832031383,-0.061085530637462235,-0.1830626742118471,0.05107457780206859,0.030268255087769487,-0.0094159485508436,-0.0893412456224265,0.10172788545522567,-0.24160338590829403,0.044923554072098755,-0.09439070225770077,-0.3394828688210041,0.009299030436928818,0.17429630802899693,-0.13626455952516645,0.040758054200432464,-0.10994491262176
0.7202621896665717,0.6010405816266291,-0.3943634290323075,-0.37762898242700754,-0.013687724104250133,0.06026384368008803,-0.20640165515017617,0.4287004009024128,-0.03286384153985381,-0.09261677220338405,0.3866235600264283,0.6583453948278283,0.4238205964770617,1.0,-0.033722344436210853,0.572168455265589,-0.23577020544879568,0.3845945450718387,-0.49092320858158967,0.1374603578877767,-0.18735218939294668,-0.09231572786246488,-0.5553455182065261,-0.3033283339973883,-0.022221536563412497,0.06715726487788036,-0.009410585848496623,0.022586426590587384,-0.20631272440971196,0.1112294234107853,-0.2784311880511432,-0.1656422049535234,-0.2130383424149823,-0.12497167455692926,-0.12935326692189203,-0.119157874187877,-0.06394337408989512,-0.11802222657933822,-0.15234749940203868,-0.12053282399000126,-0.10483997696499428,0.04262571296019177,-0.03149202799716819,-0.15545092364987284,-0.21786854450979698,0.010915256221613363,0.08203961903681344,0.10177114778036521,0.10463230680623523,-0.16833672756772464,0.10402115280219934,-0.11859963596974883,-0.2619150128796261,-0.3547437946767758,-0.4500188047184448,-0.15783772406135807,-0.12056819178824596,0.12267180645470951,0.0444239119661393,0.36803147434602196,0.06710169929973638,0.48357804358562323,-0.2443708551705696,0.03965995639493951,-0.0044999914660195355,0.6270971171078157,-0.351612674924609,-0.35610761467884294,-0.2036160926484069,-0.0011528800821427264,0.18220776556876392,-0.22038349022259268,-0.1456586232470566,0.11421699936043032,0.13440925481097413,0.3731862501553669,0.11998558984761624,0.30703574971759373,-0.04402778053727826,-0.19497295101431103,-0.24997426119772026,-0.06441858986529657,-0.4035744309352543,0.023255987052806203,-0.2464620171349017,-0.04907444137780895,-0.20690580150020024,-0.2330043562628288,0.0329517191896607,-0.010480808759847034,-0.06019955377532261,-0.13205625798226184,0.021933010876712993,-0.415884661239081,0.04270340263066142,0.07690074983102015,-0.21769441105893497,-0.08497956915758878,-0.07774221996082081,-0.1762326110990762,-0.0014074976692357796,-0.28575998454043,0.010075279703035237,0.03950595479799127,0.017225538469590716,0.07675919259601659,-0.009846586683375128,-0.1819797011911451,-0.01781401591869913,-0.10581074228437308,-0.0779819616492391,-0.12095169664841733,0.32269723098090647,-0.05226842170138979,0.0855339570310599,-0.15241820524301938
0.15394868419794844,-0.19495420380455233,0.07540375432069796,0.3104535428075407,0.37079965469130616,0.4342682628184821,0.034895914655289344,0.01184954457388887,0.7534056762612494,0.45748779090010905,0.20870651943691473,0.23057402913538871,0.395537986415439,-0.033722344436210853,1.0,0.5566766462031333,-0.043116201340197294,-0.10870963160201749,0.34852295951136797,-0.20534680839376257,0.2092098927865647,0.3122297269210999,0.4994859488239673,0.4504823628384425,0.37712026113495933,0.26529050785478714,0.4617236646321226,0.48874709228832075,-0.11995149098365977,-0.12586912747329018,0.17498536383360913,0.17320082490673303,-0.20298492937425247,-0.12972406463076988,0.03601267829821957,0.035589365180959384,-0.029026824529993688,-0.1772791912442265,0.13103765396376926,0.07618373577244274,-0.03346796480798937,-0.012878152778993991,-0.07078579565311241,0.1061772493379459,0.08421101562377678,0.10472364335479545,-0.27238149103014964,-0.1798914791207616,0.1607283711674287,-0.31109154269874667,0.09619119773329074,-0.30613140348224793,-0.1823071110309811,-0.32567804771311587,-0.0032109298619987067,-0.27459662010020547,-0.19749454093735463,-0.3397850709451527,-0.05643678833973269,-0.4776212451231661,0.22139151944797417,-0.29155312787727494,-0.07925990921544354,-0.19184702746248897,0.3740750459139496,0.0981128047838181,-0.38234079484625,0.1682454367111633,-0.44803624295176336,-0.23681416086435114,-0.1711011252339861,-0.19235364172771383,-0.11279739994541695,-0.4233051046236196,-0.23296554668584726,-0.24498629273042166,-0.12302834179129665,-0.13061094242970528,-0.361271657273414,-0.22509315216195594,-0.19164467728707352,-0.2531657678237916,0.29798897338396874,0.3788468758567135,0.07929092144396693,-0.05576236017454819,0.23564544403184404,-0.13410208275702612,0.2598370152761237,-0.14647587410343896,-0.06704538405504605,0.12498605922603835,0.13611655700489114,0.3520489796982913,0.028350707772648736,-0.18498816283900144,-0.05333979600590068,-0.17349874287239397,-0.10040257074101873,-0.0771637144703341,0.11671346744354558,0.22019802507608577,0.13100091326249258,-0.02432824332823636,0.13222220095476367,-0.0806156382358417,0.09092170193036052,-0.20637286690696482,-0.08455544014847036,-0.09199609712709708,0.08211525978902542,-0.034763381999441026,0.08774371552155691,0.015427242773950453,0.08662158491969697,-0.03236583870695718
0.5852124318774645,0.22439279701837814,-0.3745560368410917,0.13711920691607524,0.15070420383009953,0.4086997125499675,-0.25993388525652356,0.3693236924119076,0.4530332974842737,0.3085108139597647,0.3140006775249251,0.6614278838193898,0.41649856845369687,0.572168455265589,0.5566766462031333,1.0,-0.34513468840600403,0.13772644150893304,-0.06459580556391631,0.016827674453068247,0.10729305059867628,0.2848190595650743,-0.03285655112170015,0.23000132756303474,0.19539560064353392,0.19977643311365814,0.28704543272374733,0.3231323759983269,-0.2379669858423222,0.003199511576719598,-0.15293491630890363,0.07256270398949254,-0.38508037279761337,-0.18315759823486924,-0.046629852148271346,-0.09650089740751498,0.055970836181036265,-0.04617853063062343,0.07554824469622753,0.07778025380482809,-0.03358105637442213,0.16457071172500332,-0.19676902336091168,-0.23208726924899653,-0.25605423647338077,-0.013684884463862328,-0.1565099320619646,-0.2958935416305577,0.15410561398132322,-0.45624957865495425,0.1812753204806099,-0.30294146502933156,-0.17755415146642556,-0.4308056651905944,-0.20551360255110038,-0.24913211279447947,-0.3603892343240328,-0.2759284444471262,-0.01460283788979232,-0.11680507451453215,0.26383805725366893,0.12715694507875056,-0.25787563994417934,-0.12770142852970828,0.3039424603581419,0.5880561294365643,-0.5624445032299914,-0.17891628487983588,-0.5032424006102569,-0.22497277847722918,0.04478683007843621,-0.18976639600401926,-0.22130413080977301,-0.085350286605052,0.07714621546618221,0.14129238058061253,0.18870343293032008,0.12602405735510072,-0.2407680126020237,-0.1851954119826913,-0.3288349693218154,-0.24138595396214974,-0.05079389996368145,0.416393572491995,-0.12164261365833463,0.116662828375581,-0.06484702244724211,-0.163732451165821,0.30357361617515677,0.12508640443161123,-0.015680936087277286,-0.01884682594008053,0.21742889051767,0.032809291466091524,-0.06847774453987211,-0.07481757565615484,-0.3255419492415977,-0.23601663130666714,-0.12546551688788657,-0.231918921758117,0.1264875910667224,0.008184898318015235,0.02355816155530662,0.015981149022323806,0.005963712404932523,-0.07064482668591651,0.061204302666457364,-0.31716470128399876,-0.15382990481414982,-0.09514770542635506,-0.1721336077255281,-0.19642799158932867,0.08998849604768645,-0.05156810846945206,-0.053555665632196985,-0.3080136200859408
-0.34464358154351565,-0.4853250582576233,0.1553728563807964,-0.2781893533725825,-0.064506419488895,-0.2387798358437472,0.32473234270863116,-0.4110895142174774,-0.03539308980705679,-0.2228427575483481,0.2154322452066232,-0.4496239699251695,0.060666933040676926,-0.23577020544879568,-0.043116201340197294,-0.34513468840600403,1.0,0.24183464733764426,0.0951817738824084,-0.017664078677692294,-0.36663618643134416,-0.24622951100274626,0.01785210657468401,-0.3708823617195957,-0.24956340819219838,-0.3146768378812199,-0.22440996108282338,-0.4245994358406299,0.6498368180978362,0.22511419844371724,0.01074970790820405,-0.19696548591919708,0.3566489933307161,0.23876944779865875,-0.19332878221889524,-0.036008458520310656,0.12431119897680704,0.04240747657670956,0.030711182528963408,-0.054078992902031914,0.15878384735456785,0.13416632027353298,-0.08361981157538792,-0.12928150673354777,0.29202587932403257,-0.0807957518513293,-0.013291712015045119,0.016022270950773333,-0.16461723359916747,0.38204088837927436,-0.4905331275649603,-0.06950541660382964,-0.012811907353985958,0.30452628666715736,0.18560980153459464,0.08820951740918888,0.5389672481614791,0.37497237227057134,0.01071079156491738,0.05680496582091112,0.04117074690611612,-0.01715456825499873,0.6278592146410273,0.3862864268243018,0.045826548836684654,-0.6199321619741222,0.40359373868239046,0.06930640542101271,0.4237138287660595,0.25741903753142986,0.04142213926867066,-0.04803897388715836,0.5229860440260409,0.23367586410892036,0.1513537956606046,-0.12712241054171633,-0.02594042966356935,-0.26093705807929335,0.13346167070955375,0.03673908837152451,0.5847067916886919,0.5056289122115054,0.34703230745061314,0.043561620766845915,0.2632074149052925,0.06891705545703104,0.24735985655502934,-0.06755915944409577,-0.3183971765165575,-0.1307680662609806,-0.1758140044216723,0.06701038579613511,-0.2582994712709051,-0.0591127050205296,-0.08980996230379007,-0.03823095938961171,0.04163721282398027,0.005853748698972061,-0.2275227574728546,0.09303058831141921,-0.28023489879889973,-0.13011107609850767,-0.3642107859938631,-0.17019306014740643,-0.1456204040951463,-0.23805414609158465,-0.051625230089460204,-0.0021431473455790317,0.10934914644121096,-0.051705410286127185,-0.08039895551587053,-0.016014424322896643,-0.27862800227095114,-0.0019117527164720727,-0.09973357812229523,-0.009992006503574692
