1.0,0.6241556549219768,0.5555636957841444,0.3179313697603396,0.3668867685199728,0.16902022267743877,-0.01947197777747567,0.41398204781400055,0.5044367199696735,0.28924402114853126,0.7796184722663212,0.5248426906167428,0.5424891795176146,0.12948724991133778,0.5754600541698581,0.5292118558090206,0.048791581331084174,-0.1096197475660792,0.7405833132362094,0.025017947006722233,0.34236981069610134,0.20472520074391026,0.4670881370362437,-0.10452140038451324,-0.168429430277114,0.35798019093252315,0.23030073591110883,0.412162547162345,-0.13834280616745298,0.1988775722066436,0.30821543387668543,0.264917676198177,0.02098886395043143,0.45294376663175984,0.26075532357782377,0.14804916540028987,-0.4267852262533016,-0.2803919320342731,-0.2703327730804185,-0.14895066237779964,-0.240322777296941,-0.2713362032251103,-0.24368508227112984,-0.19619218715033354,-0.2802434502743589,0.028234259546574086,-0.5751130047392614,-0.4469734790974984,0.24504558401930104,-0.5519024307279677,0.6606142755718509,-0.41487452695570043,-0.6063516424451895,-0.4392606886429287,-0.499289188012223,-0.5857937695201278,-0.21737111270769663,0.18069331064056038,-0.11448923920217044,-0.385925033146454,0.6919677201492702,0.44096241908658357,-0.16957381161826393,0.1420877459671833,0.6426152884480486,0.7561688425192253,-0.18243971268490072,0.30008554212010236,0.0051708125278032676,-0.38323762507092807,-0.1259680547970025,0.3597298833345862,-0.05900262621797752,0.21377384264769775,0.34594150123363165,0.49026320990340394,0.4913028900473022,0.5098966500357602,-0.036874234125068024,0.24067733077368417,-0.511627978752798,-0.17000817918844469,-0.04783585763888415,0.2479171776260056,-0.010427139810256867,-0.3773762378618212,-0.16328748383445427,-0.47012178495735085,0.542861840173715,-0.33636767803420364,-0.4522670761086467,-0.20537441157701253,-0.23472860470299547,-0.1892935661062379,-0.06578593487090892,-0.1175369289051461,-0.15146795555191722,-0.305649801982331,-0.5800527054634507,-0.5167875241112647,-0.21299850605801848,-0.19143178250768095,-0.29737247971621283,-0.3168536137479222,-0.31163397106397384,-0.21015144685284562,-0.01652984453845587,-0.27067737276172943,-0.11963151050340017,0.059175955168084396,-0.11751247537096374,-0.605650359195637,-0.16452069725741864,-0.3198459846436745,-0.16256131684409028,-0.18123939327539784
0.6241556549219768,1.0,0.33640501324842015,0.302266668591268,0.36082225670184737,0.3429950246951548,-0.005243531158633492,0.46364309085938016,0.3752368375956485,0.3941207605859194,0.46706661324446513,0.7280094887507932,0.1786340542482496,0.23560154067801709,0.5325313295162086,0.5317382011202024,0.30951545222975685,0.0723921524985181,0.3597205159343152,0.36391264669371925,0.3385446883601216,0.07609332738241116,0.06638631281054369,-0.2423847663801118,-0.13491125273252844,0.20373351235694412,0.27274346708761055,0.12844793516623357,0.09983854356760868,0.3258175723963214,0.28937640666501147,0.3013782848653588,0.08580389666702755,0.4843763095980723,0.12462458797878548,0.16214959786474153,-0.46482414712808034,-0.4594819089618776,-0.42399303248391146,-0.32541061110614145,-0.2660839714082383,-0.4632142715552923,-0.25336267553587416,-0.24167239383874908,-0.3609239067510154,0.10105455702243854,-0.48339718677706045,-0.45366695766355697,0.19787072725915095,-0.4336977719039887,0.48974798914835665,-0.3973718818265865,-0.4218055002147448,-0.4379180269474102,-0.6223153298844847,-0.6263805259629814,-0.06032203689607175,0.39322848173651637,0.12200162513405513,0.06529803727324453,0.4187320858709607,0.5528781214461091,-0.0026249505232947804,0.40482631719392675,0.44223277375165365,0.6897868902570065,-0.06321600213018737,0.3543088523653285,0.27792833750632345,-0.16811075457792998,-0.180149021273617,0.3662912243771862,0.050961913111135855,0.0906490045725218,0.3066685179245165,0.3259812277076854,0.28853076420451046,0.26199187225319437,0.22316504624133623,0.2557429807243381,-0.037305078451330194,0.12871583474737203,-0.1953622177823611,0.3698879488661776,0.0774005278327187,-0.2683152342305211,-0.32251897290611115,-0.28605345234765994,0.20490674134712808,-0.3973400799712159,-0.44936178627812484,-0.22522806877741966,-0.3663795663046105,-0.2215748804941007,-0.06872006514533588,-0.029341999288672163,-0.42175699040951964,-0.6084272941795933,-0.6777156140543867,-0.6516607402507758,-0.39856977384527464,-0.16669217675387552,-0.3076814903346534,-0.30532844138789783,-0.2343595440424079,-0.18807170373202622,0.08068353924967721,-0.23221166457259687,-0.031134407648183912,0.0025509839775360752,-0.349832128869775,-0.5190529886067886,-0.17706451970326836,-0.3350364185692675,-0.2535513244497259,-0.060982794946429206
0.5555636957841444,0.33640501324842015,1.0,0.2997458623864843,0.5311128965168923,0.2828810141721978,0.4901906565269104,0.7231373843232815,0.728801224013169,0.5903217474499959,0.3204909112450972,0.43343225807471514,0.47729035832974726,0.2740845217302234,0.4777199863405654,0.6146252053896675,-0.004501007794687446,-0.2981857380864767,0.5809978694082557,0.24344907298404478,0.5640785845651141,0.3999138797734357,0.5879316852189913,-0.2675407209148289,0.05856623452317786,0.5438134820266862,0.05561060032506266,0.15867440780896166,-0.19536972557240412,-0.019522147801244453,0.46217933767122216,0.53620306646414,-0.11050291492378772,0.6653712070695283,0.4629990032449825,0.5002246676912913,-0.2767668665962363,-0.28712230203045397,-0.21205879113158907,-0.1285268453048159,-0.06739078369132513,-0.10104404422560055,-0.32837692843217764,-0.39124951862231006,-0.3105522777099447,0.21337167200675372,-0.6580967292521814,-0.41266179300819,0.38426848217030457,-0.6073026418731653,0.26755713254992924,-0.4982089873400517,-0.6695478287707118,-0.5267375404004614,-0.5002086524267783,-0.5456216685186778,-0.4388815001360266,-0.2340211149230117,-0.40318707160524225,-0.49884615996729614,0.5421780836679357,0.05539325773547837,-0.4576853037572084,-0.17796291113878357,0.5917046446246474,0.6348510183149102,-0.1905060707627365,0.5031488552158246,-0.3985106830040539,-0.0506720935183619,0.15781485390815356,0.7136385221231965,-0.06284051397949364,0.46683941219957703,0.3913672531385752,0.6555144649069121,0.5599188280589747,0.6469320089641869,0.03167707301099021,0.10668649617833746,-0.32326555661038725,-0.09066955591858347,-0.13763682589072085,0.09970950713968231,-0.3512391504495638,-0.6406207156299895,-0.31106585610184767,-0.6133218298885517,0.5034620500851046,-0.2435108858290232,-0.2677589019241509,-0.02014470218963875,-0.12029791828750892,-0.1603875766392637,-0.0014036339208924266,-0.0022192193183554107,0.024878812097456304,-0.1799907651138016,-0.43757724545042187,-0.34726888979432136,-0.31277058819403647,-0.16027792463142634,-0.29454601408123565,-0.34985673808545703,-0.35075821369545795,-0.16653725080481419,-0.02147267183469155,-0.36647654736393304,-0.007305350740969128,0.1814805039076439,0.08347586837254432,-0.5754731914494436,0.04249147361911661,-0.3665468160185595,-0.1341467724129406,-0.3031368593898681
0.3179313697603396,0.302266668591268,0.2997458623864843,1.0,0.2892970001659365,0.3391790627790242,-0.14857569762233605,0.445542685484759,0.22442872585569867,0.23527733319213245,0.11299174540208165,0.11906420086460343,0.19079280441042507,0.03875610336088157,0.3897036349183701,0.5016262925701124,-0.18912829342757354,-0.23193453674275358,0.5539255558357877,-0.04816803899923746,0.426246807579193,0.260110327176113,0.4578274677887807,0.322073793031621,0.04734052179535461,0.45205393992356635,0.1951972335306152,0.4602842157360643,-0.24902649890135684,0.07156635721315541,0.2271008918217748,0.29677923008836954,0.11371327554547063,0.04936605036637872,0.2899005593489356,-0.05421628236857015,-0.019102086650359583,0.12004656496568457,0.13806843145729328,-0.0015312594572837687,0.13692629553359517,0.12177972040716513,0.14446995257623593,0.10611885911732546,-0.05347466090102573,-0.1510189321476385,-0.1493192355892917,-0.03181146107060025,0.14126848091486896,-0.12077325591943433,0.4033101613216727,0.01860153463266061,-0.20064635037924197,-0.12605785666774547,-0.13805908123428606,-0.101013786117391,-0.07814334386468366,-0.014575779901687817,-0.09432766345014688,-0.29097730929911103,0.0974694122417422,-0.024892793853040617,-0.16821377039693308,0.06010230021796468,0.442387433433718,0.3535278480848523,-0.09158040012919488,0.0380985953080977,-0.05336168480525597,-0.21420665532285754,-0.24639959211536094,0.21015979781996166,-0.07787614057029574,0.1782262402045635,0.32410507033800345,0.20921959164887183,0.1407688742166951,0.1935654349162176,-0.1777021479783947,0.08158118309719509,-0.2749080381527529,-0.21034568055269479,0.1265830410620217,0.11771616389440205,0.052758523939334924,-0.05399164093547014,-0.023665061777538354,-0.043561401535667246,0.1262761822810188,-0.023339268746185676,-0.28864359531756817,-0.22473546618013449,-0.1411749899804639,-0.14477279979332272,-0.3403661284389059,-0.321373392467242,0.038214387402255794,-0.2770609361352028,-0.33211128966761033,-0.3293921096819873,-0.1654145752414875,-0.16480575025907104,-0.3805392813772222,-0.3881982154258378,-0.37257661742435,-0.4130048866513048,-0.2562110512118706,-0.31467737128922335,-0.2631994913301335,-0.1347470569414863,0.0005993256942538014,-0.16499779966604006,-0.19431122681641264,-0.1322838970016521,-0.371693725293269,-0.4399825332608464
0.3668867685199728,0.36082225670184737,0.5311128965168923,0.2892970001659365,1.0,0.5218543711179289,0.24582389023776516,0.5874564296950706,0.7948389296916503,0.7290364512655979,0.27737465900372194,0.2914641346388709,-0.010565545241932385,-0.0414819279987729,0.319924610633855,0.42409605239595033,-0.24020789336751944,-0.4572678523324955,0.32223177358664673,0.30878641839002324,0.2859420952413586,0.08373423047199995,0.492724063425255,0.15759429203586536,0.4261868697044514,0.47091173850969986,0.38201926646698514,0.15577126724474694,-0.2523579504403143,-0.151971507100473,0.09195166522206244,0.3465651066340815,-0.2330887560441535,0.3347980026111033,0.19127005908825923,0.31885399259952457,-0.3541103886728941,-0.18158649400227994,-0.21893956289090039,-0.2943017221681537,-0.3651031674948635,-0.16715181191856213,-0.23499183551398645,-0.22101150677354703,-0.10024260967791603,0.4940660588319953,-0.45638992360570846,-0.32093015936497277,0.26596854202086495,-0.21062399347003685,0.13710998986325118,-0.3240866775776808,-0.4562840577288729,-0.39405855889936287,-0.42890263466594647,-0.4692524820392336,-0.19919643293644645,-0.1616474381252007,-0.07889727948620785,-0.0585956677753685,0.17583563894759327,0.1774793345309678,-0.2973278730600069,-0.06174136553389411,0.3778177695746784,0.5833341995844656,-0.0956219743621803,0.606659504732835,-0.38312532960651347,-0.1625149481207073,-0.05051396108912694,0.3112276047164101,-0.42745139750015043,0.12204783637626182,0.048678901564189546,0.31989243539664197,0.16943835354229989,0.2830850844893156,-0.22228560176743375,-0.31662981783540256,-0.35605160346644316,-0.29928908786478914,-0.4616829433398065,-0.039465992385909046,-0.14936273541221148,-0.3974284073608799,-0.35814786279580807,-0.5220100709763584,0.305484338512824,-0.2995318851486044,0.049202722284658815,0.21860741902932113,0.09008656554047602,0.08093952944454695,-0.24364819183833122,-0.1580587248697971,-0.08937066260463629,-0.3564155216437794,-0.3902896136501544,-0.2566052921501812,-0.15708038383415057,0.024495331770519012,-0.1886753172086823,-0.2024967584530863,-0.1535586479892564,-0.1907775056464886,0.025462619046443816,-0.38702209384264996,-0.11416831684356776,-0.128963417475745,-0.0033696810123226987,-0.3095168363955364,0.15389843691780788,-0.23498382868064607,-0.26874502562041636,-0.26710549240976417
0.16902022267743877,0.3429950246951548,0.2828810141721978,0.3391790627790242,0.5218543711179289,1.0,0.2273338215012725,0.5567481784069632,0.32086742001673985,0.7345530673153146,0.08541656930188331,0.32585372829454745,0.023193291867376443,0.2857322870845061,0.32774299005338664,0.42248921011277907,-0.09027451929661796,-0.22082788535518366,0.12902226777997017,0.3712329275621592,0.09050601718379392,-0.10091011516974584,0.27906716889627803,0.11932773011540107,0.36549864987569347,0.15739470698793231,0.24442120196315847,0.20322486820382984,-0.08466326905373138,0.06516139140782229,0.21300966386548092,0.33870500804615394,-0.16697735871956407,0.3395535083344476,0.022706146070504748,0.376914185378077,-0.20278279916033107,-0.188406256874796,-0.18677371619381083,-0.31026888865797847,-0.21509987491606913,-0.20174663940336632,-0.2318429335276298,-0.23942849664897217,-0.22223122801845477,0.4076616391534136,-0.4273814183296849,-0.33173360788895173,0.18652974913091905,-0.14540214865018866,0.15407813424789596,-0.188272242504828,-0.2904196050376973,-0.27244584756904594,-0.32847959094084356,-0.4013872278674395,-0.24946295765890333,-0.07451701287443407,-0.08636136344611406,0.06371531802314116,0.11485133147730278,0.2932202545553838,-0.09884221624715926,0.115463985089443,0.4178817594636476,0.48084741934123204,-0.1385239692705065,0.40392779356867986,-0.15588133592571513,0.06803146272354609,0.08556896279600994,0.1599270034078571,-0.11005842492506802,0.16703079702671597,0.07528995368058408,0.16045720546366404,0.1794237152036674,0.2524035433754226,-0.15034204207997945,-0.18415544818507662,-0.184844884692902,-0.30875960126616525,-0.36272538440255375,0.007831110675167976,-0.1651092083152996,-0.38489470994436775,-0.2591810192232388,-0.16733497747565998,0.10540203784850012,-0.16762368798260735,-0.02373297065650012,0.13089085934092964,-0.003258087099556012,-0.008255877730469438,-0.1645544067382372,-0.10637980768757443,-0.29158253650157584,-0.5304211248795225,-0.36843722014283226,-0.2649389856028618,-0.22826771436270674,0.027736804139713557,-0.11929401360062443,-0.32901101814181916,-0.12950079827409175,-0.2837200828925153,0.10723406490605253,-0.397836775583533,0.005453189238696626,0.03188967227227734,-0.2605630506244434,-0.3314168528888791,0.17677080485091415,-0.13180470171902298,-0.3678787140803579,-0.2069878537914282
-0.01947197777747567,-0.005243531158633492,0.4901906565269104,-0.14857569762233605,0.24582389023776516,0.2273338215012725,1.0,0.5316003922756564,0.31766700823156896,0.461904749647601,-0.17228192672372306,0.31325452955467636,0.23459789023441566,0.5066678394318181,-0.04884365743321973,0.18916558048507648,0.10238295699851949,-0.09166634149012605,0.004260124606156412,0.26487468855532226,0.02726196697136511,0.055384177454728775,-0.022150089027245468,-0.3393725319320576,0.2761550267162506,-0.1902867471939355,-0.09929130468410678,-0.30522089367650257,0.04491764531843511,0.10931101815184277,0.1697557864549564,0.20143155401366716,0.026317648440220807,0.4256153215742318,0.22373647560468246,0.46573797300094094,0.2251842192095339,-0.19665755721953104,0.059645765184611683,-0.04187219349780328,0.08166671153069952,0.013970626709903117,-0.40318015471062574,-0.5218555412813385,-0.2533931911234809,0.09551004557606772,-0.4232028169160886,-0.462096568957564,0.20623314910074916,-0.29875032552381536,-0.2188891415334514,-0.2950532145966653,-0.22610691559726714,-0.3123217722331902,-0.04820300205364699,-0.29605246366574123,-0.22857372378950522,-0.3899360024310527,-0.3922838986820267,-0.35535689173993545,0.2585352571057415,-0.16639176639063527,-0.04315797787907411,-0.07029668851887708,0.2973539724183258,0.10849785531425668,-0.10226181665616312,0.17273196456827725,-0.04410887715571874,0.03855858406308935,0.2436869680408716,0.397518685189687,0.23778338160195941,0.3110899810297324,0.26769079392631406,0.5395137049852179,0.462798776084371,0.37549392464200965,-0.06724196511727387,-0.18694089826922203,-0.022690814852746894,-0.12360633938017955,-0.24081170249981448,0.07993365989948652,-0.27616703574301543,-0.3739149918621309,-0.20930553810773367,-0.2203850971087809,0.20341124046068712,-0.0369939588884168,-0.05527337799407682,0.01851589018828775,0.02452551599179381,-0.084519926655054,0.14345824907906296,0.20561405581526193,0.003949960643853117,0.11110480789171444,0.006836469624405134,-0.015100788353021363,-0.1193033947610179,-0.08860608660330976,0.10251577146852718,-0.09809791642821164,-0.09848008234655492,-0.06744704472346429,0.07605574715855282,-0.14235748214476743,0.16861007227309463,0.2680812263818703,-0.11077290804721371,-0.3207032605697137,0.05553380063968816,-0.13373442301403768,-0.07094348488637847,-0.05851165641053689
0.41398204781400055,0.46364309085938016,0.7231373843232815,0.445542685484759,0.5874564296950706,0.5567481784069632,0.5316003922756564,1.0,0.6445566544602466,0.7570327191875793,0.19485092828390518,0.5265617245462192,0.3713302837410811,0.5072810424270918,0.35034099124906615,0.6228576375520636,0.0841118739887686,-0.13459042591272094,0.4222286563719505,0.3371288549490986,0.4227213069920827,0.284732556342782,0.3547774238630795,-0.20423128816619962,0.14468483805897037,0.3136670878332213,0.18856522873538398,0.10402710004175046,-0.18608005278872888,0.14497201367394544,0.3711239518431509,0.47054710492286833,-0.08326701505976353,0.7177512762583691,0.45823173333477446,0.612160590901548,-0.09995699983164856,-0.22409577701052386,-0.13465811575637168,-0.12160544846969341,-0.023875741242545795,-0.09158257077957267,-0.38553956688212604,-0.42252326438809784,-0.36656236570722683,0.26236809574616554,-0.681683198318487,-0.5293223251219851,0.4011919133774286,-0.48949685079696126,0.20357447934783848,-0.4758585457384072,-0.5971880995299601,-0.5903402156997704,-0.4537211104130667,-0.6229734429410753,-0.4146567438545317,-0.3340279889935092,-0.2741475789158708,-0.382681184241499,0.4669777736466665,0.054564246121987646,-0.3497960920220099,-0.05838411376547522,0.546651119770186,0.6336422617347672,-0.10927059319681061,0.5170452010759119,-0.16315753239718112,-0.10358793815460032,0.1060278045687171,0.6359710625764949,-0.08017656755584442,0.33642743643236106,0.2699160635612764,0.6466892301611633,0.5413834563107703,0.6187471404781725,-0.0672209307564139,0.005014898711346186,-0.2863020221547822,-0.09807400166487068,-0.23760111429578468,0.2513067737404395,-0.4740508212018212,-0.6240317142489434,-0.3237500757538098,-0.4662092075738799,0.39357363959346875,-0.3811625653458752,-0.22309558702587648,-0.04992021632494093,-0.0470107994964,-0.20502585195576095,-0.06267401680772014,0.025510422049391215,-0.14446456607061442,-0.26471350024246426,-0.5250044933900767,-0.41394789562183876,-0.3194017133100824,-0.1829038346319225,-0.27451888991688145,-0.43716767022316405,-0.4025014504732276,-0.3325610048662353,0.02047484038777233,-0.42594970069042243,0.050543099839378276,0.19712941628822805,-0.0392824761582799,-0.6230946863370551,0.02853667570393173,-0.20981981413158377,-0.2948207952422893,-0.3556727778346249
0.5044367199696735,0.3752368375956485,0.728801224013169,0.22442872585569867,0.7948389296916503,0.32086742001673985,0.31766700823156896,0.6445566544602466,1.0,0.6430088525710559,0.28956568126240567,0.3249390861219532,0.21328979961351616,0.057184579116840946,0.3762351204286874,0.45207873750807226,-0.015460429288831703,-0.39077170303825204,0.4129696001160017,0.24377222718330424,0.39563844010802135,0.21550395761166535,0.6233746035107692,0.012200257137030575,0.3298789060888043,0.5954730538670108,0.23436712754522546,0.24161433299421253,-0.23845018390485126,-0.11998493395955108,0.2208020794514809,0.41254518948928454,-0.217944643766203,0.5201316444668691,0.3924187085052921,0.4310008134349544,-0.2836894727013396,-0.32197993181297146,-0.23632417149205026,-0.20652415414843647,-0.27686901482451787,-0.19234767750699028,-0.3548978106482396,-0.3988060596581727,-0.27586582886932426,0.3116669493262058,-0.6083615056769349,-0.4545778622533067,0.23725791162824247,-0.5089632591218866,0.1992355530493528,-0.5568421012431708,-0.6271865105275228,-0.5348560893801203,-0.49317683844988375,-0.5976765233065904,-0.3225428784497877,-0.1701055956394454,-0.10008555476156356,-0.3106053491995437,0.42162127646253894,0.11676975746948177,-0.3824706484539913,-0.10957298903040386,0.4160322287419173,0.5982419239318199,-0.2478964672998105,0.5371803932951227,-0.4176442116223693,-0.16131981103616921,-0.000982002985481238,0.5322330981640009,-0.31305286590489173,0.15502022334163387,0.12935912053845441,0.44920627801008245,0.4239110186419213,0.5354269227782563,-0.019823647211274095,-0.07296367241056648,-0.3339017952982539,-0.11559696547243045,-0.18282517093643344,0.08817950310928913,-0.3252562793537002,-0.5558377512315684,-0.20948670590392907,-0.5589746248061983,0.4864385316255344,-0.35704485500620786,-0.07550568549440569,0.13057386143060906,0.138661712580099,0.09635954299883535,-0.10619792049271513,-0.07621345710061302,0.006294476807587402,-0.22632047258796442,-0.3875578775027469,-0.25752915583159147,-0.06291561480463993,0.07510742809401832,-0.09077662655343538,-0.1444447938619158,-0.200334438473014,-0.10384117136691308,0.1015771151062212,-0.24653701591603977,-0.03972108446645797,0.11273930008989014,0.11970462941586485,-0.5338072649800562,0.14585718992285626,-0.15901320115351475,-0.010594604147610145,-0.23556501159234847
0.28924402114853126,0.3941207605859194,0.5903217474499959,0.23527733319213245,0.7290364512655979,0.7345530673153146,0.461904749647601,0.7570327191875793,0.6430088525710559,1.0,0.15483566940404486,0.42532587006987826,0.09756603310711355,0.3479424488893477,0.25471365643305965,0.4317414733555464,-0.07113578488901347,-0.1850298857645448,0.2547619507142301,0.45365426031451206,0.17228036634272922,0.008859298973445923,0.3805394974378841,-0.022221936545702755,0.2880759467215097,0.2242943253436816,0.08059547262948727,-0.048847892217446176,-0.1065491752826397,0.03067401239586145,0.22503415412856737,0.39063509224049636,-0.16908595265759252,0.5677744812575658,0.22178591724341953,0.5540962564647453,-0.14402779752096692,-0.23446973311831393,-0.15441103827649327,-0.18615309907824235,-0.20884378619324087,-0.16517145111278975,-0.42783952837118355,-0.48755710507722666,-0.3261843750388671,0.3753516074230148,-0.5862267486205734,-0.5029034445406062,0.32143314870615486,-0.388346342141237,0.13010878837878556,-0.4111434123262488,-0.4873466300253204,-0.46504201718731963,-0.40917964501292364,-0.48196609925519796,-0.40299911509420094,-0.2684830966435388,-0.17216803893315868,-0.13627739744181883,0.2429350518787366,0.17757626442563312,-0.36834061266232776,-0.09922868698616945,0.43451527867297113,0.5687578349118341,-0.2103078807654456,0.5205456663037348,-0.23513527396508602,0.08687315813238217,0.14214449403504711,0.3793357121871339,-0.10942584261484921,0.29408032191528066,0.18538108130349062,0.45231613418336397,0.4159259816861416,0.461089509829904,-0.09334493524791748,-0.20369497343047321,-0.3061610557318473,-0.22347439636005087,-0.3918557297099853,0.09097814418393373,-0.4428640890405915,-0.6466774417971052,-0.2745044784489776,-0.44619345331327154,0.3616769222230568,-0.22665668962632793,-0.0036021804698549227,0.16453100925345648,0.09299296930022173,-0.007371862436874104,-0.027080625331251287,-0.0211168653218832,-0.1984417741106084,-0.39602686225004624,-0.40557097445202783,-0.2789360656089091,-0.25722735918758777,0.018700632975396692,-0.09795894041274351,-0.3393256228486023,-0.19906757088011656,-0.2196201032828982,0.1914166205811046,-0.36098187373825746,0.02706785931887362,0.1707712155137809,-0.12455873785700183,-0.4666123951984609,0.18644922356933882,-0.24210314425890392,-0.2543753014121387,-0.23802003692142892
0.7796184722663212,0.46706661324446513,0.3204909112450972,0.11299174540208165,0.27737465900372194,0.08541656930188331,-0.17228192672372306,0.19485092828390518,0.28956568126240567,0.15483566940404486,1.0,0.45023505682558035,0.5544632279348918,0.13814865288521955,0.6238469928615484,0.4543870306610778,0.17273248036801508,0.05928996071475926,0.5329387908661516,0.14688575287459757,0.2454014190717573,0.1108519802411649,0.26499195574160245,-0.1484545973044978,-0.2985748123431254,0.1340259299696686,0.15580079380759226,0.19243437737692332,0.17651909936424326,0.25579524967508177,0.3071462363489262,0.27678707676420344,0.027940291840851863,0.39366574134334686,0.08223041825004998,0.060779562870697294,-0.37323089255388664,-0.10024960860297231,-0.32847497917350044,-0.15647584912126192,-0.09159432891012652,-0.1010285215111501,-0.32401582722764277,-0.1587953677911636,-0.27276085572953657,-0.0026593251218601658,-0.46669884105694565,-0.3534244771156615,0.034913821710759546,-0.42932439189713073,0.4772188693976138,-0.3312438208192711,-0.47441071191095807,-0.35753935109159074,-0.45642449638854105,-0.43692550573076555,-0.0219799455076762,0.23338800289547573,-0.17152487683510495,-0.3363264231094021,0.5253627142351769,0.32944934718353613,0.034820282101477015,0.1790012453243809,0.5023930171994245,0.5165478528642508,-0.2274201741736313,0.19353031435590162,0.10563799848953163,-0.23702072494546592,-0.08797295945702033,0.2895553435689317,-0.008846763497636582,0.18622705709059373,0.26490604247192784,0.3058170702608446,0.2441668023282198,0.28015398960671445,0.16724066210371755,0.23246913081431805,-0.22456023774273537,0.040928982167969065,-0.11640802579613503,0.25112686233940296,0.17388416720134556,-0.3371087758399447,-0.19246318856475078,-0.4404916255990061,0.35990531590914615,-0.3170206507650147,-0.35922284131572485,-0.04492606257936537,-0.22451991416976158,-0.12573200671114296,0.01734721563919833,-0.04603962764985803,-0.4239309151661478,-0.3501487749554538,-0.5433666137497367,-0.35436840644913187,-0.3018687723252023,-0.1862493622117362,-0.3727262424636958,-0.26083351153393824,-0.16430278925983424,-0.16367110603775256,-0.1598904776265118,-0.26500650038821033,-0.06769889594599657,-0.17220677230089407,-0.31310549637840535,-0.46421672931226443,-0.14699828104403478,-0.22476525210405945,-0.1258036256624716,-0.07938133901514129
0.5248426906167428,0.7280094887507932,0.43343225807471514,0.11906420086460343,0.2914641346388709,0.32585372829454745,0.31325452955467636,0.5265617245462192,0.3249390861219532,0.42532587006987826,0.45023505682558035,1.0,0.32484125059175656,0.5084805168553659,0.4201173515760788,0.6316810054477001,0.3872566327480564,0.1581353075357024,0.3422062737837881,0.2847728010933332,0.3666399527093799,0.20229561881229738,-0.05329275536772743,-0.3890930753643134,-0.1323457021904096,0.04939410893809591,0.1879629280868499,0.011687267635866586,0.1643462552924019,0.47239328265093944,0.4674015755272092,0.4129630474992371,0.16610420121479516,0.598600477714034,0.14296313616799808,0.32480655930452873,-0.32486579072703936,-0.4404444024111516,-0.33141563038712896,-0.2494262134049535,-0.19345452334806956,-0.3982988293531394,-0.39964140228465267,-0.44518260906972723,-0.3512027701375069,0.18253082555427355,-0.6049012291534144,-0.5460283710118111,0.20710373679881822,-0.43750781517768744,0.2916805570286999,-0.3978719840077062,-0.44002170530561585,-0.4741140096195542,-0.471710694513087,-0.5965487991864794,-0.018641260151937174,0.07691794493393642,-0.0028483306001664994,-0.2090287937713367,0.57713009536874,0.40540284219468276,0.09263608780229139,0.3315410742129513,0.5206626366773968,0.6954198256649172,-0.10073911559143503,0.2723579876337989,0.12787862599877337,-0.23800846159898106,-0.053941143487653276,0.5033339181316346,0.23656281133286378,0.10058817585949452,0.27925671439193656,0.4289343502415694,0.36887854796245123,0.3281290282176452,0.2170639937290809,0.21831172829080428,0.005270401661817731,0.0705935891595525,-0.1666961472004479,0.40617803427332133,0.09110298910592231,-0.2888103643783155,-0.3309772280552149,-0.31000804756937694,0.20707718508124567,-0.2950299849824418,-0.4626229033763683,-0.2379102890010921,-0.44430829246450054,-0.30299410848964065,0.09751618457642072,0.08322804262532445,-0.40509698925713744,-0.3266723031124767,-0.581119628246221,-0.5387564785118872,-0.44874781957372756,-0.2647508963010558,-0.2550795075047213,-0.24502611364299884,-0.26985213766131655,-0.18883140856456113,0.06812626973987915,-0.27770973800291165,0.01957461588458539,0.08983963733918424,-0.4545677818372164,-0.5909922312324066,-0.18493029342684994,-0.35297680820237987,-0.13123652698075283,-0.10512771616466444
0.5424891795176146,0.1786340542482496,0.47729035832974726,0.19079280441042507,-0.010565545241932385,0.023193291867376443,0.23459789023441566,0.3713302837410811,0.21328979961351616,0.09756603310711355,0.5544632279348918,0.32484125059175656,1.0,0.6257102809975201,0.6286954063685877,0.5418697838043645,0.24413185757007153,0.10075852663365532,0.4213628363070164,0.11925980781425849,0.16802257200063295,0.14643518089758834,0.19099764499343902,-0.4253641174724726,-0.4108369851282088,-0.05164486903404796,-0.23237496421488277,0.14272456037530562,0.15213109026149318,0.3220779972529523,0.4139815196128749,0.23166589722333406,0.15590334333521066,0.5023890377615446,0.23784794755881478,0.21504274838913606,-0.1269305520016604,-0.2229020656471152,-0.31269214650627847,-0.21507742745303923,0.20271409532654647,-0.005651431332246181,-0.3233575357615863,-0.3174279994581184,-0.29605710908073096,-0.23483174701082216,-0.6177761684117515,-0.3436330395096474,0.12392448611849984,-0.40459615457929604,0.3212584664837015,-0.26048764813560904,-0.5189928069103146,-0.39245626260484184,-0.39446800547439903,-0.4595610681931922,-0.19681137608070587,-0.13292167610802702,-0.5671226600715386,-0.6484606601395653,0.60323147455599,-0.04140340249062638,0.13470862988682192,0.15827417431780805,0.6065307945140858,0.33843050715756257,-0.23259699140959086,0.029526026885175125,0.044746030135507715,0.016685151491518172,0.17502757791952991,0.4911583936626547,0.3521179321603363,0.41355339952732345,0.40229402041823775,0.42001583367919965,0.5532984153812793,0.5410257148115384,0.051659995613576024,0.19218121718586717,-0.1860142769213337,0.06338380959176254,0.15761315368964024,0.3654055889120628,-0.11128824923475346,-0.4500101814953774,-0.17131069915489794,-0.4501419067225878,0.3098199922057858,-0.3433084511908011,-0.32602234118250495,-0.0445072286617281,-0.1963194240276518,-0.1366608592953621,-0.011002893035417339,-0.08762234767487748,-0.10746106305384216,-0.07526754566494655,-0.20319252491408946,-0.11775882444772388,-0.22127832821457197,-0.10937901223809154,-0.20533241989424258,-0.24999247751188858,-0.25612339922818805,-0.1707738273193658,0.01999195457517544,-0.2617198368313237,-0.030716762008082654,0.11761160895537756,-0.1284091864737834,-0.3465646071296156,0.10084110509461088,-0.019991047409841253,-0.12438960663379998,-0.37455211070779715
0.12948724991133778,0.23560154067801709,0.2740845217302234,0.03875610336088157,-0.0414819279987729,0.2857322870845061,0.5066678394318181,0.5072810424270918,0.057184579116840946,0.3479424488893477,0.13814865288521955,0.5084805168553659,0.6257102809975201,1.0,0.24233108298811706,0.41458345729632584,0.37340675470986107,0.34397390195681554,0.016322018711832947,0.2618837929017662,0.03479836366695582,0.0007111183211584389,-0.21427672321466001,-0.5668753201384442,-0.24627138096596746,-0.3812747710644208,-0.3435948582586803,-0.2929748861422604,0.3587343511303934,0.6043274345943522,0.30884545152558546,0.19976862316088506,0.2762810552894829,0.5947795613511365,0.14987284954778796,0.45133490883136507,0.1954822354813815,-0.17395144814398036,-0.13408309034283694,-0.07795487722495856,0.28586122978948997,0.007629164164446945,-0.3695582548615207,-0.4807604802638215,-0.3444748180154314,-0.07482409445697372,-0.5953952396997488,-0.43663161069754375,0.14057449940762853,-0.27685127668414355,0.08897976536581678,-0.22552243177031125,-0.30190552922237507,-0.3770452331619061,-0.2482951761578939,-0.3580476372331085,-0.19781987849046,-0.2799394314861226,-0.3561433484228946,-0.39973886014206395,0.4253802732793002,0.025028824081501155,0.22841007834126378,0.21605669331378174,0.37992553227342757,0.2723399552333397,-0.1326769249381279,0.01670285206685679,0.26228511620853795,0.19197775652316929,0.21176725112689937,0.44369014599509493,0.5206027504935012,0.4296268279704431,0.4169620507743912,0.49544023323842656,0.5469686598058509,0.4989239579948124,0.120639891636355,0.09358657277031757,0.13586317211319945,0.1907575973184673,-0.06599422825741516,0.4721886572808023,-0.2919561726100569,-0.38854724470210805,-0.2965478306395733,-0.21248912466685166,0.025812542982087665,-0.17789239232253595,-0.2597150242367088,-0.1265085214832484,-0.2613794505946919,-0.2781625232162804,0.14799194318824246,0.11855318637439342,-0.24362070554163373,-0.05967766137342897,-0.2199843087869748,-0.16704366314919114,-0.41060535885427507,-0.23450295344666353,-0.17581396811666095,-0.3535437743758671,-0.2761441859961754,-0.2728608209994668,0.13839572692671898,-0.33390659155513314,0.06861512418492322,0.22205774611898613,-0.34442413329369453,-0.28840961276101007,0.045285370100447225,-0.12784956039803447,-0.2580844433552032,-0.2540461035283602
0.5754600541698581,0.5325313295162086,0.4777199863405654,0.3897036349183701,0.319924610633855,0.32774299005338664,-0.04884365743321973,0.35034099124906615,0.3762351204286874,0.25471365643305965,0.6238469928615484,0.4201173515760788,0.6286954063685877,0.24233108298811706,1.0,0.7506119680102203,0.24638277368762174,-0.06048848637989541,0.4665927139145986,0.3929273249989761,0.3488411783425848,0.22421265635337512,0.40521073120703743,-0.2033483347236389,-0.22325810973086901,0.27688969428706106,0.060434111198281064,0.3702351792694903,0.17288101445602488,0.22591103514677086,0.579730756625644,0.5538642887267675,0.01651959460506466,0.49008872527765895,0.14067217140395438,0.13050359729880046,-0.4944199157860292,-0.4065560845777741,-0.5272355755771587,-0.4409976968524582,-0.0529590083512332,-0.2494620839217451,-0.3260837283998687,-0.2342216144150463,-0.34368579922127623,-0.005932394027812628,-0.5712695823231736,-0.3046510364060333,0.011652009775558225,-0.3815613484221647,0.37100067123504754,-0.35048651672957387,-0.5954806240625146,-0.4373428308885846,-0.6807425051301582,-0.6084077516020371,-0.06780305313935615,0.30936603582800365,-0.35056835790220686,-0.2892790663553521,0.4428550865675563,0.22768289407273076,0.035453945391845224,0.37927258261233576,0.7327858069163266,0.5296199399935547,-0.295775042834148,0.2500563138333811,-0.030635712983187974,0.028488535547582832,0.11033874303366452,0.49631049438670427,0.10129150092823022,0.292941619789811,0.243310862608014,0.24239160543579352,0.3298777924641905,0.4134743107828554,0.20774148640271886,0.1930102950997158,-0.09928168818207105,0.09483877741923245,-0.0027932274038465193,0.22030784237061712,0.10903221307996223,-0.42406228566424586,-0.3723658000941092,-0.5174915774310921,0.31997344744645867,-0.46313159648389896,-0.4087545271319037,0.008422527485167596,-0.2668173258654049,-0.07774934512512492,-0.19285206894549067,-0.23833131502835692,-0.3754121657421843,-0.5284504364771111,-0.5128830318836285,-0.34180323880954067,-0.3084116997259508,-0.03139879635516276,-0.375438354291476,-0.3164593826150496,-0.2321770148459567,-0.20065714622036418,-0.03515388507800877,-0.2801603537813661,-0.11240156312753233,-0.11943240769771678,-0.22519333413360956,-0.40383601951757353,0.04864966168468926,-0.23070727214976627,-0.22332540309992052,-0.3440393348151558
0.5292118558090206,0.5317382011202024,0.6146252053896675,0.5016262925701124,0.42409605239595033,0.42248921011277907,0.18916558048507648,0.6228576375520636,0.45207873750807226,0.4317414733555464,0.4543870306610778,0.6316810054477001,0.5418697838043645,0.41458345729632584,0.7506119680102203,1.0,0.18517997587982346,-0.07691269846027633,0.5086289111241218,0.295656817535646,0.4693460321763628,0.43743384883416464,0.34330217413182335,-0.21189934943238117,-0.024828844558553234,0.3622331245914358,0.21204984829564272,0.3255018461093102,0.015687802468996256,0.3636475532450948,0.5695223125724582,0.5958247950824309,0.02115014418980316,0.552717884861108,0.3162891181610502,0.25768188549043664,-0.2985508648063124,-0.20303623732382634,-0.24299103423266113,-0.1926230067589339,-0.042872578558623094,-0.12151882512035345,-0.2574234524911109,-0.24004063431425604,-0.26275571732661784,0.18924067141070128,-0.6126243793198974,-0.27861987255667864,0.19748922547283865,-0.35884781132038046,0.3039232683636186,-0.3529303090761096,-0.5798526196313128,-0.4807606747549871,-0.5012521928165435,-0.5557640917279106,-0.13001581437792367,0.033317427476201984,-0.23354199025607983,-0.3531092724541098,0.5061496705631917,0.24269515692268992,-0.05515012727945534,0.28571953310283676,0.7090407853214195,0.6979596507933289,-0.24238507519684094,0.3057080766977042,-0.09426870874856928,-0.15573354090487437,0.05754636931672522,0.6040402964420345,-0.01968629021397904,0.25945355064602316,0.25266846028575685,0.4358181948625956,0.40728722720742283,0.4816255914179318,0.0999336158436878,0.21417299150447316,-0.13419858469827262,-0.008488808256616786,-0.09688733738917153,0.3293674357010526,0.00023411807936199965,-0.3718505052228138,-0.43438359375965063,-0.4368347991239997,0.266136475591459,-0.21984133795325986,-0.49747163209377665,-0.11279668725090847,-0.42428014897800925,-0.32060882059088897,-0.107665026279526,-0.11251868632969683,-0.31838172341389803,-0.37533775481053094,-0.6403177508970771,-0.4947554172053924,-0.5453693412349659,-0.2831993333558374,-0.5431512469367686,-0.44570242563543594,-0.516488252594661,-0.4376810455925811,-0.16936997260793754,-0.415947168009314,-0.07731721854784608,-0.07003769151054699,-0.1759319748409057,-0.4639391279746255,-0.10107047998864188,-0.36279280633463684,-0.38586092924172033,-0.46459299380387675
0.048791581331084174,0.30951545222975685,-0.004501007794687446,-0.18912829342757354,-0.24020789336751944,-0.09027451929661796,0.10238295699851949,0.0841118739887686,-0.015460429288831703,-0.07113578488901347,0.17273248036801508,0.3872566327480564,0.24413185757007153,0.37340675470986107,0.24638277368762174,0.18517997587982346,1.0,0.6710644787974391,-0.24089891835124908,0.38259328449476493,-0.004635307190185003,-0.14045095734052607,-0.2954121546942887,-0.4619959074329998,-0.2880094760134849,-0.2732428376968218,-0.2597336724618153,-0.23523781482882106,0.41878326289127854,0.44241786167556646,0.2560913739469596,0.13810808294094307,0.09303918732875475,0.3588468405484214,-0.03595177617281799,0.08092541476091925,0.02478186855811179,-0.30780379263308627,-0.27095237934658994,-0.12436768662191096,0.2092586472511992,-0.15432175791850125,-0.34798695560284076,-0.34989014448140615,-0.4575970724609485,-0.33886008777123544,-0.1980947808591821,-0.3138092415978518,-0.3485638984595009,-0.3711547451092313,-0.09576148470851599,-0.36397734144790633,-0.10770230594338878,-0.2670608595128699,-0.30276867855172757,-0.2858751669839262,0.1552776000574037,0.3192953724373788,-0.020757374387133612,-0.20212689597743996,0.3609226999615456,0.07826292069176476,0.14225531521273713,0.42088991353563227,0.11917663954742778,-0.010554280925632438,-0.3154929578508726,-0.219482311209454,0.29921197880389994,0.13616850954721765,0.178668106225427,0.25109978427950397,0.3985474058454255,0.07330182977713194,0.18954716877045186,0.17014872402572107,0.20829459394997532,0.14140837108202836,0.7535487714503624,0.4934211807987132,0.5442481664735965,0.5985384649584417,0.20429588553097913,0.24272311351692843,-0.012671231433535494,-0.09866854148949794,0.11568527527220829,0.03347779462445427,0.08862435967294403,-0.1424693959284608,-0.35933151889167847,-0.09593985298258106,-0.1899474490466952,-0.09391989082617094,0.27537457797162934,0.3334002951147774,-0.4554666113431129,-0.11072549891029848,-0.26896559614135085,-0.1384247778821967,-0.18578586803307398,-0.023709105028485264,-0.08679838328196375,-0.0823637894522362,-0.06595976253951487,0.0568762337628137,-0.03755284049865277,0.06677660885867107,0.2957646870612065,0.224451329292591,-0.4437538458941436,-0.33004317868543137,-0.08776895263058175,-0.1522601077543613,0.08008271341053966,0.20149497138575187
