1.0,0.23559612222400447,0.15177386940422669,0.12479834545893606,0.14489869107153264,0.14431551423667466,0.19801964634631658,0.10711109087073391,0.11579852906926291,-0.15823458898649903,0.32835694290297457,0.16891410872595183,0.45411564353786854,0.1328669147121464,0.2779900883247703,0.18997159230119962,0.08335629721871965,-0.17787073684851398,0.28690230520843746,0.16116081115002426,0.27838589444708595,-0.015594100549073784,-0.07890370506805638,-0.21094054424814107,0.15812311989553732,0.08392850572030801,0.24999319445955454,0.00827156234462958,0.05114860261384286,-0.1548509762819985,-0.016207441226795172,-0.2029257400665969,0.03111188056917223,-0.11313611039329349,0.11087147510662902,0.05406400279522828,-0.11135938514425388,-0.24133834442899824,-0.22325140795421733,-0.33230235624054966,-0.10556089454802225,0.07164391874202385,-0.11146802036003492,0.0853738523771758,-0.3161794608762966,-0.13037407987801686,-0.3441018400478762,-0.06765886448605364,0.25766928760126956,-0.3472274665346035,0.14391005482871438,0.05776248603994369,-0.20550218801334375,-0.15224048296359896,0.11422850370255906,-0.21971171883263385,0.050152603156620776,-0.06816816193190918,0.33851730846922906,-0.33090937622366795,0.42892385989102777,0.06729096393997445,0.10628790274274336,0.058264638482321794,0.3247079106308417,0.029949498132615274,-0.30681188526731396,-0.11623797324438284,-0.05517397495749759,-0.09313525053500969,-0.17490105651877624,-0.042677327914341714,0.06767182821393498,0.015446256249809344,0.17128802361313672,0.03418850110558588,0.07380787488149745,0.14372755683644256,-0.2825711752226897,-0.11174205403554355,-0.22542157225696696,-0.38531891150894465,0.08366772810176291,-0.3120074194207613,0.12253134318955565,-0.25727877498851404,0.12856798474666517,-0.07702321367201945,0.41717618014517016,0.23191058532049494,-0.11812600753194738,0.06982092700311446,-0.060871412125089494,0.19760947866465545,-0.2668289927712335,-0.18626412031748643,-0.060948419570653285,0.04833357976113894,-0.14957208310318698,-0.02973132611606544,-0.08878361673424398,0.11081816008138051,-0.03108095106221438,0.0637466653625408,0.06828017442107294,-0.014671710120764831,-0.05963126085497562,-0.1118707835184324,-0.13299006866169158,0.18709086969277647,0.2525084753375283,0.14325933295070944,0.07542356473451126,0.05801717943192187,-0.06217600100269425,-0.2874160333532059
0.23559612222400447,1.0,0.08372645830879982,0.2475563945642616,0.02944242228329289,-0.07300959692176676,0.10966748327773389,0.36782988950641543,0.20018817799778008,0.05277273538378417,-0.1368500516163814,0.425809860476119,-0.009227863626794952,0.2274583818881419,-0.060338822680267905,0.3463311574594637,-0.28867558825305545,0.15636896083662769,0.17923799941423546,0.42671174307620546,0.07134903479482256,-0.1979532150145951,-0.2527378216873497,-0.031124098912515247,-0.14315032002294154,-0.025463210978267332,-0.07927585239879908,0.06838782952374334,-0.21873049512562612,0.1582620123549138,-0.010185847078979602,-0.015487729629912595,-0.05579607194520528,-0.1951883565716334,0.10611482218339212,-0.11918976000970295,0.13709934898780607,0.12446392024463013,-0.21016069919079705,-0.07650003917081268,-0.06134404928611125,0.04650304095288568,-0.2830931457059723,-0.2547951645357505,-0.29632700474795676,-0.2263904446433915,-0.20256642386262738,-0.4984312060706114,-0.11561081905622166,-0.0762568110653034,-0.10259620300718227,0.2266689243184733,-0.09546006725150238,-0.2482843987234985,-0.05381706898489997,-0.04526710035701652,-0.30948825666947544,-0.11537291591050126,0.06192041492450876,-0.22333701890953253,-0.14179428746297018,0.08462782564576915,-0.2142633866802215,-0.2560747906330969,-0.09372161667450407,0.4358930666467793,-0.44009712096979475,-0.42383867128124336,0.04035798847586336,-0.45899092387024976,0.26627118633287883,0.1335765907119124,0.0760437137642744,0.2791250854603156,0.36744061969705777,0.24795034595398643,0.2335972525631676,0.2551421958742638,-0.11350900858094352,-0.11003745373210631,-0.2688931686123739,-0.24960863631448293,-0.35934229322174815,0.11467159835277561,-0.34061854797386887,0.003685191324603095,-0.3919786515932795,-0.2978258971586036,-0.1990775894872881,0.2926410951179354,-0.01686624087076807,0.09848639003188268,0.3224040288478691,0.07111526040268466,0.04874019879980461,-0.07705380170487698,-0.03975800425930022,-0.05825062464994257,0.18719845948190222,-0.1651736450815107,0.579875344357475,-0.17712044658279422,0.3597134929598673,0.006515416678686028,0.055451767069568184,0.01590001481759623,0.25651087144074913,-0.03196628298965944,0.09836639094658527,0.051467203554550145,-0.003874029430362223,0.10551320321642761,0.3075040239755756,0.26848941862353526,0.3232054163797006,-0.06117330173362809
0.15177386940422669,0.08372645830879982,1.0,0.4285329153359988,0.2994100906836359,0.44713790166161704,0.353376971651891,0.43513940532585343,0.4427317850043237,0.12184148296641902,-0.07979378865953961,0.034717221011858757,-0.054037510061106624,-0.05536401198577059,0.3946414377430669,0.12892547769592871,-0.23225473393375648,-0.23749068567969586,0.45992979751161256,0.10216431635277763,0.37752043330306767,0.12931853971493318,0.5068148304200836,0.2958946720247623,-0.050278431426328526,0.03447238949766098,0.39313114628179097,0.10576463982097425,-0.1519164659188455,-0.33840578738284555,0.37937324892567204,0.2428498897341647,-0.16442060641954825,0.12976442151123185,0.12087413863864892,0.2588261739486205,-0.25659282133496736,-0.39116384968760876,-0.20731706751869183,-0.266414220953324,-0.5478729031134163,-0.34150423322052603,0.09698021700158752,0.12558476485951414,-0.18779871237737333,-0.03791019477232859,-0.20278597756280173,-0.07854929233182657,0.012933832929782623,-0.1753462263357706,0.41184858424668785,0.08234921916152696,0.012157184706315632,-0.023450759186119472,-0.18106815689238803,-0.10558937406214956,-0.2923277061998519,-0.39915428410583387,-0.15882752674235492,-0.4121920723856642,-0.13940224738686594,-0.3772833663394335,-0.4400157481250202,-0.3677077540506479,0.4339622749255796,0.3742821983804328,-0.0897760996277717,0.20989820185443211,-0.4155696877168645,-0.12391628741373664,-0.2036928793827405,-0.24273159709308115,-0.22743418963245793,-0.20251957200584997,-0.03848237165162969,-0.2179578868956334,-0.23455241832340182,-0.2961678853763911,-0.3065832922737093,-0.4057580290545585,-0.5612092018663062,-0.5110021218788804,-0.008820242195292496,-0.016889659770699002,0.19365865732776785,0.06263759760660702,0.03970353607097374,0.14458061763378308,0.3005587222437729,-0.15180244134929194,0.00037551076230139775,0.19272135091991033,0.09818609942694852,0.22286895348445013,0.10877996551017324,-0.028715890863354552,-0.06933439897434666,0.06098419334126544,-0.09130506147171305,-0.15839607907731226,-0.052674437989896586,0.14932254780405277,-0.18978445871808627,-0.33970796321417135,-0.2772034890947799,-0.16750443242661942,-0.18893447357621093,0.21074275513992438,0.06380156500960225,-0.03076350454134436,0.2908110612904423,0.14833257869789793,0.1755868370105145,-0.1317635369013902,-0.11699380983771587,-0.027136427683664248
0.12479834545893606,0.2475563945642616,0.4285329153359988,1.0,0.11528739788984885,0.22053606673829762,0.056827649910839696,0.49999138549738886,0.17392586115794204,0.30311019174672954,-0.301221433991842,0.11157928787406575,-0.28621315363851674,0.20785583655062428,0.052907403122516614,0.16466836745937224,-0.17059376102847795,-0.08774248988384578,0.46355346855009627,0.43052150809693607,0.1975573423589155,-0.026896338608170357,0.2985050565920078,0.3614415035289149,-0.33566239815737814,-0.18815363000040053,0.23033785563352435,0.052342851661362266,0.09773910991649779,0.07185825170049005,0.3190305670895166,0.35554986557876217,-0.14725691204435806,0.323203653983963,-0.030244941017489133,0.12374927387112378,-0.34414432912523274,-0.15206176788085699,-0.4001704818584311,-0.2174081770971359,-0.2407829499795872,-0.17695705813812862,-0.05798067807908767,-0.13695166284381055,-0.23808857436395636,-0.16735685979727688,-0.22038235348680654,-0.1513555281172714,-0.3709690631444209,-0.1744599875339515,-0.004237376962420292,-0.1661451669553775,-0.13566667919735198,0.022081324314073933,-0.4696027755449115,-0.23158580997840694,-0.3244217326787633,-0.2730601520762638,-0.3108907827392838,-0.2518182374608064,-0.2537482376394451,-0.08598230631801616,-0.32106305545611064,-0.22469468233466333,0.3720413779180093,0.44128431472354457,-0.35461764295743464,-0.07615419632406528,-0.3066216255330675,-0.19627496089477128,0.045427211822280725,0.08796776496678813,-0.06592292883125689,0.07623560492890126,0.1932295107510625,0.020913743076017958,0.0738807142512929,0.0318028336248178,-0.19774074545069203,-0.3163737688624766,-0.349655582539308,-0.3038416695414172,-0.13235827441728215,0.08489834688294458,0.061772514054674016,-0.050397866375813685,-0.13934467269213435,0.18807619226441405,-0.005476278332524142,-0.022041075654820174,-0.07945986986642717,0.22209948776014055,0.1494779898505872,0.1890463179096879,-0.08544614813163749,-0.15967957344308525,-0.3824926331684267,0.09477397396897093,-0.05999125414814358,-0.18631097014902198,0.165668754759215,0.0786251970348197,-0.0721636897254867,-0.32514481024718594,-0.3884284995517993,-0.326190958031137,-0.0720285511946357,0.10528636478442822,0.009762860756204528,-0.15621153759586293,-0.007805537877289361,0.16156921536940833,0.1689654410043075,0.028048439496494874,-0.012101665369094204,-0.22069287466921816
0.14489869107153264,0.02944242228329289,0.2994100906836359,0.11528739788984885,1.0,0.08328111358951543,0.623579227455902,0.3549437426323175,0.4980575027441959,0.36759604479977775,-0.1348791383293,0.006144050656584878,0.12058494260944416,0.23434184140988118,0.17781100089372165,-0.061165925389435556,-0.15322849578288078,-0.298167870506235,0.0750095747377483,-0.0445634819760131,0.2221139037972485,-0.18321157767352286,0.0660330394065886,-0.19124972789720907,0.08680953437026696,-0.38831185934137186,0.32730175551049256,-0.43674346615758053,0.1810075535524573,0.08239541415837186,0.1351252858590539,-0.08368059042367101,0.15295216840829898,0.23520399614129345,0.14000941106670703,0.26088871451102175,-0.26199640829318877,-0.23442954326364962,-0.12160541230784078,-0.2300836982039762,-0.19327291135233876,-0.07697017252351744,0.12416709802740228,-0.0027746893000851155,0.04258358340513409,0.07487765138270146,-0.17723512499266625,-0.17981227902122035,-0.11376549140352664,0.03294904715392794,-0.1457352962478708,-0.06664728209639431,-0.21806484549072333,-0.12524680860213452,-0.362602531378372,-0.3171878149840723,-0.1715766696051318,-0.27492832608571566,0.13178506650923574,-0.02898665404873812,-0.0019064382284837813,-0.0783601579396594,-0.0609615675450675,-0.0869895972805929,0.17588623624897856,0.23020937866108063,-0.05626534290237655,0.04680846944972509,0.17514488156160585,-0.35219838537302345,0.17561054266603837,-0.1180133719289335,0.16559804330943143,-0.02793247089536269,-0.08751605130528514,0.02606918739297477,-0.114071573209759,-0.10654753069116095,-0.20688623476655732,-0.16964431900049148,-0.3005087261827191,-0.17973686286089643,-0.03164325878788594,-0.10935461536504794,-0.20873431534341935,-0.3834391405275555,0.14183358680949945,-0.042354417395051885,0.14808597940567458,-0.22622658852365432,0.205507628281487,0.08995032127613418,0.12195190630082768,0.34851523482748514,-0.013692861552962256,-0.04463938297988823,-0.150585067499177,-0.03160582783942176,0.03541268380728991,-0.10496788975572639,0.04588025638119516,0.0591608858430071,0.03370059231879708,0.13023838529507406,0.03133853241296852,-0.05367816429447552,-0.08478654366138716,-0.03963682313744467,-0.16072054135104036,0.09758241309628177,-0.023080060304004422,-0.0670715428112361,0.1776736933295483,0.09721626748415954,0.11645049520247043,0.01820268235891356
0.14431551423667466,-0.07300959692176676,0.44713790166161704,0.22053606673829762,0.08328111358951543,1.0,0.06407228431676153,0.20277333910680853,0.20221973874928528,0.33875093787507116,0.23288697187297477,-0.06561710481199587,0.11984973027643674,-0.14911442397520516,0.28201562691828946,0.38991594410155456,-0.18588158022195142,-0.2769147562519574,0.22544605341207846,0.13447811059397982,0.33048409955460367,0.3365745469749171,0.10813044700434005,0.24452763053403254,0.1824221461959307,0.269781401500516,0.15949677230618745,0.309630056026864,-0.2633884439842831,-0.30065169918785256,0.34189905418988426,0.34786070498636557,0.02820681042718062,0.035948377660673374,0.23453888507732146,0.32859368979195513,-0.0028254503997176667,0.015679588541329528,0.021771873024783107,-0.05413765736098141,-0.38302555266972516,-0.26702564275900276,-0.18748355594227953,-0.03667335560029215,-0.3406728896288772,0.05841387299256584,-0.36395491392835916,-0.14341119779200617,0.07153420572496999,-0.26352576359107077,0.18254098883841807,-0.172527261476811,-0.3613241680582497,-0.3464154538979521,-0.07053984814759744,-0.2998027994276601,-0.2036774068021374,-0.38296828396971533,-0.1332242162203133,-0.3056009547540231,-0.21672407138506944,-0.3550808933279007,-0.3716569245535995,-0.38262697955534397,0.22774547101252443,0.1633456444586291,0.12622749231307456,0.4373594157412167,-0.17518992440677816,-0.008473991442011686,-0.26992632638776326,0.01521178614623818,-0.27102943636288646,-0.4060668047783767,-0.2502017539998689,-0.16189179689929692,-0.27741124009036805,-0.035271825286771814,-0.26934204985932003,-0.4668481354954617,-0.36261933906000154,-0.43747027859445237,0.08148411565689448,0.09044094473756721,0.25790157863570273,0.19408527636103295,0.11486319261365908,0.0836801150442583,0.3190419959278375,-0.09117821405450736,0.012334451061465093,0.3848340795711572,0.24286928549923398,0.18696265621856817,0.07096025093949039,-0.09277368321671489,0.021705342977116966,-0.0069267461423195,-0.34888926493890793,-0.17564768683026935,-0.07790961442641227,0.051632570286457055,0.005071657485153418,-0.001408907442257836,0.038722225614946405,0.006687308432202065,-0.05587700730716166,0.06260192239659071,-0.0891439042654916,0.26289531376229547,0.33398717742748696,0.19143914855881156,0.38794205017861344,-0.23188327091114821,-0.10156398274505019,0.1940537181782093
0.19801964634631658,0.10966748327773389,0.353376971651891,0.056827649910839696,0.623579227455902,0.06407228431676153,1.0,0.6145464154902242,0.6057730449136475,0.1939542270141693,-0.20260859537392972,0.1525114607737871,0.26678505799238095,0.43174173765344126,0.24932087603802422,-0.10366880812460205,-0.0007870482413687863,-0.3035780347865419,0.06429911006196119,0.045817303305043376,0.24573054652858597,-0.2999235089427524,0.007402846641420847,-0.4698097842766647,-0.16248463928376972,-0.42030489327458287,0.31259869060796275,-0.5699706103426319,0.24622256194572037,0.18586047038756282,-0.08462302997750758,-0.3174675613396003,0.023241870658855083,0.2916774544409946,0.10043875995159834,0.37982231275487954,-0.17793807734257047,-0.3841327646797018,-0.26423322978123204,-0.4237258828917871,-0.07983502115617187,0.14522852656889904,-0.08732531134143838,-0.07266990564947957,-0.08766472893012552,0.1343233629782163,-0.2867428111444659,-0.15097531029245095,-0.05769683680896112,-0.04700677083075204,-0.12365754157446025,-0.21176879527211098,-0.3106042868410963,-0.38213948255490104,-0.3187779050010263,-0.48286691584945646,-0.36367011401138677,-0.5944351732440343,0.23791284493471937,-0.12004721980882266,0.11229222708844311,-0.1966290979598301,-0.0046336962728246445,-0.18664452994888403,0.4574363094204129,0.4795737682984791,-0.29101214317091767,0.044171195500988615,0.023812289212089152,-0.16485099213973722,0.029878268034805568,-0.2628211598299946,0.361523552384402,0.025795630097053972,0.06909008906526459,0.07204633951396057,0.00894749887351542,-0.11012787829206412,-0.36866859302001986,-0.36929265669914235,-0.2337399604907256,-0.19732239069138235,0.13774535202493507,0.10886972756088553,-0.09159356703317008,-0.3865778579039423,0.17136691077461,-0.23654107907484162,0.2840453618323343,-0.24968011515152444,0.35451831372452575,0.09082607441342458,0.13516476607482994,0.41787805610728573,-0.18382259068576126,-0.07130036262832172,-0.24501082635498297,-0.32672323227031286,0.21648246985531505,0.03395126630077482,0.07201665391040343,-0.009919070693057423,0.16506880843500105,0.16057804208653445,0.10301481612287867,-0.04976360139122994,-0.08779953366601882,-0.02367413950461934,-0.11341984267849699,-0.11428683749074948,0.040712609093903174,-0.06628197756459753,0.35453680680243554,0.05474114896007193,0.06372224598380119,-0.04916462714691052
0.10711109087073391,0.36782988950641543,0.43513940532585343,0.49999138549738886,0.3549437426323175,0.20277333910680853,0.6145464154902242,1.0,0.4221521153096225,0.5309825885081795,-0.5077558608900162,0.20597815384383159,-0.07046667367611,0.4152771527351423,0.09743708447827153,0.12043687870207873,-0.22647086599500055,-0.36248189611260256,0.2120242228846127,0.27695884623800926,0.3217921470163159,-0.2628876824593418,0.15349232741056504,-0.1982078045694479,-0.4307492798269561,-0.46139835067806656,0.2913247661046928,-0.4530694953113095,0.09998089721178743,0.17653521637405378,-0.006209877977379921,-0.05377198593214672,-0.04075822077735738,0.28519679551967625,0.02142788825884859,0.36196833918467364,-0.4043780539690722,-0.29279623112266,-0.4521786360337609,-0.4306520767736283,-0.22467210691811468,-0.035538551210189256,-0.2761385017538611,-0.2834959777648453,-0.12184371431903093,0.13100561213383538,-0.3279416615345086,-0.2672220156562071,-0.29271687845191835,-0.02856923162839745,-0.066252760098417,-0.17441393216056092,-0.3999390736323272,-0.31635756474741544,-0.51737842317782,-0.4667071923949384,-0.5463430695330256,-0.6185676318257265,-0.13253354025504263,-0.283171406745969,-0.26461161098875907,-0.25213022063871376,-0.3672491881970782,-0.48124626469524834,0.5275377751019147,0.7590536004365481,-0.3323757689717558,0.09152102606347783,-0.19799018575226085,-0.12580593812073002,0.12890682893825245,-0.05531147431894456,0.10912536745216556,0.12313093527282973,0.1493856082192492,0.13385739486309392,0.1049643372927532,0.059400970814359466,-0.4115906142670057,-0.4584256847327238,-0.43040783761421075,-0.3854314102529818,-0.04177684336261006,0.16124679215007953,-0.1387271130278388,-0.21058712438254634,-0.048720245134056914,-0.10199422665015827,-0.08255389167718888,-0.13291490493480504,0.34937624172672777,0.3034881444517689,0.451028757273234,0.42810065740130837,-0.07787215100709836,-0.17024547874878404,-0.43506273649656546,-0.36597294230582533,0.1351439333044004,0.015604466900653974,0.2437332627777095,0.01141152445774504,0.2390238999292807,0.0015682601395292954,0.06897532892270108,-0.11724535153671728,0.08225363913594547,0.05379815094419903,-0.04384152082843869,-0.07947541490850563,-0.06864785052986057,0.12812579710922592,0.4731310242756932,-0.00010376852247302822,0.07657576791094561,-0.04715843828276928
0.11579852906926291,0.20018817799778008,0.4427317850043237,0.17392586115794204,0.4980575027441959,0.20221973874928528,0.6057730449136475,0.4221521153096225,1.0,0.2743431655789764,-0.13677811623545297,0.0476679081901414,0.09073745550131598,0.1741308273308587,0.45073843519746043,0.08130575062032148,-0.10762473427829856,-0.343835112452815,0.20463078070129553,0.03687370948688023,0.2226225030512168,-0.21634603832082192,0.20233963055942306,-0.20279444895418267,-0.19551986987446923,-0.33441382040764833,0.22843481720693906,-0.23719435374639644,0.00853431143186746,-0.001509159790824756,0.08139181220488843,-0.16770619915181365,0.105382979102809,0.07591761331348036,0.00028114924484752167,0.09300787859104642,-0.08279154836275113,-0.12872310117654018,-0.24054291735827107,-0.2685881576382454,-0.18277192628553934,-0.13851929087203513,-0.07447086778489069,-0.019439619320746837,-0.15019265581351326,-0.07956482809410415,-0.16820163963978732,-0.12037247376507416,-0.19998500210372921,-0.06218199590673876,-0.08119638559439897,-0.05269096920685074,-0.16256327890712371,-0.19123888039083736,-0.17068745564796423,-0.27746131409007196,-0.3374442456073926,-0.35510803098229266,0.19929357558726055,-0.06712918265850631,-0.040426543567061345,-0.11926462072963172,-0.2561833388110221,-0.291340406332168,0.3479930520910832,0.3472252443673526,-0.21984096896471578,-0.07569612843411685,0.006536079739191034,-0.19484799786983162,-0.08903574291161567,-0.21932088618198137,0.08773132568992101,0.12436299101974561,0.1893222129299152,0.08124699707147633,0.06809897075012764,0.02215888475156186,-0.3068549901026058,-0.365258563598589,-0.3568865094903671,-0.28018631946072536,0.04322790048836454,-0.09395946277009923,-0.07756721667356493,-0.23207905027652004,0.10570495512253718,-0.26832190652704424,0.2948336703317546,-0.16132357001074796,0.11556399110242273,0.16305925527465007,0.07972575925195999,0.40937832014139763,0.07542646949964747,-0.04235596353420136,-0.06482517270453272,-0.03729279837766288,0.06993707306936398,-0.05225727741659657,0.13942622041850314,0.08421161729085411,0.07786728990255094,0.0718064934839501,-0.006645905206101561,0.015003838233530888,0.027616900258737313,-0.07881607587763177,-0.06812136467023956,0.029763161858568078,-0.06328225941392276,0.10664966783908567,0.34835102110837857,0.014517144945415924,0.17114612100732224,0.06953602557222816
-0.15823458898649903,0.05277273538378417,0.12184148296641902,0.30311019174672954,0.36759604479977775,0.33875093787507116,0.1939542270141693,0.5309825885081795,0.2743431655789764,1.0,-0.45359755095960397,-0.1598509500762144,-0.17952788840898684,0.24309021295986527,-0.033569142132216755,0.28402947276309015,-0.3471487002632382,-0.29289809278671564,0.2024971120994467,0.2461669565409806,0.26739459889677014,-0.06142253624669524,0.18452270388978573,-0.017689605005807848,-0.15305676512720348,-0.3304439483347784,0.18339499315475788,-0.25435274931773283,0.054547245856526066,0.21971120721647472,0.04325311750558882,0.041941968184776274,0.17497108118176258,0.1124940540984394,-0.05275534461442685,0.13166698650290118,-0.22139659834776798,0.09594550007830135,-0.07526179588557938,0.052164985653031126,-0.020962624313820042,0.062052972675279726,-0.24676902493682826,-0.2357820275973032,-0.11735387786856721,-0.045423558451205735,-0.2749044773394629,-0.11400135920943799,-0.4227870886182603,0.0031752488131950216,-0.09694886064903441,-0.28870937469559266,-0.3126786606135873,-0.2376253795022334,-0.28881633702980886,-0.30181943236198067,-0.45586068601214264,-0.3240476968682584,-0.21531232962264338,0.025274710789029757,-0.2740750894095875,-0.018109891872654577,-0.20367906315572062,-0.2758003259751409,0.20641912303391916,0.3325603512622423,-0.03634044449208648,0.1661092786132117,0.04510141468571787,-0.054667163705608514,0.18732298422608543,0.2122015058314271,0.12977667200491078,0.15769124619330357,0.21503405860246474,0.22756147756280223,0.23141053717376772,0.2577276736580242,-0.3481783326069084,-0.31935611380485834,-0.4090306627293543,-0.20961648785165687,-0.09283237202545083,0.09969778714687927,-0.30098343684212114,-0.17301566768893628,0.06627062930286863,0.07259043583981989,-0.1855801559263588,0.001019569825105545,0.31600972744418065,0.25031730164575233,0.4787978487082945,0.29914098774714765,-0.08270473920085784,-0.19279599426715355,-0.1238980316036793,-0.3225258588195378,-0.1575915221786997,0.005648045200297362,0.07391539785259285,0.04985217487224137,0.10931407651347197,0.07745592427896142,0.08684489237743384,-0.16962441531653963,0.06110957672478899,-0.025390616960837036,-0.15548032618609461,-0.005288099140725926,-0.0717473079088059,0.284120064157328,0.39028983594568023,-0.15362447370227506,-0.05232243125344512,-0.015136114889499678
0.32835694290297457,-0.1368500516163814,-0.07979378865953961,-0.301221433991842,-0.1348791383293,0.23288697187297477,-0.20260859537392972,-0.5077558608900162,-0.13677811623545297,-0.45359755095960397,1.0,0.16757763094178293,0.576284040444552,-0.21974314855690033,0.46634913371134656,0.1835336713362791,0.361997197958365,0.1751449603420421,-0.07955308366161072,-0.19324522299323127,-0.06131607587418473,0.4700158760127204,-0.2922808536198717,0.03363037794917152,0.4841152520850297,0.5448007262357514,-0.09542451073537661,0.3559059497837845,-0.09477186590749323,-0.3797078056452552,0.08522821783363764,0.1472261804198836,-0.00819283509190353,-0.2639406759599905,0.2448582281231268,-0.054643529379740874,0.216850345278354,0.07962333978705798,0.13760453204139395,0.149761191042857,-0.12248184322658108,-0.16798339638957938,0.03320530322313054,0.13754250027117337,-0.20720937633734426,-0.03479566522943593,-0.10046865938304626,-0.08313348810397081,0.4724729797893725,-0.1640705186529392,0.16688469228445588,0.17350989969323524,-0.08071177336246191,-0.06441622345029972,0.26317282878844,0.05419570981089286,0.4179053255002536,0.24954056200161123,0.31368870521407327,-0.05388073940909467,0.29204781056075857,0.036037109227368636,0.14406550686640432,0.08825733847051807,-0.1941890905473298,-0.47025635182106,0.20159748671636776,0.0033353610504836305,0.06475778319770353,-0.022614369432238022,-0.2674878647416161,0.12325631052572243,-0.18333009380693843,-0.281651552564038,-0.201566316086758,-0.04526880832823665,-0.14237678024459247,-0.05222495666391529,0.29654226391662425,0.2506418844041395,0.26201575390939374,0.10664541687253984,0.2041035922778112,-0.2136876537745916,0.3435126427476113,0.20050080741810142,0.1869111096419573,-0.08496128262834517,0.4834588201447966,0.10017705933277038,-0.2840630512350958,-0.13382789537289624,-0.19206852617250048,-0.1651000823032022,0.0030245796686988132,0.021550906898517675,-0.012737037390452866,0.10088244774020931,-0.3925490583510886,-0.2623733368571484,-0.10866479897730097,0.241240202540509,-0.03223010484358481,0.08973684674800526,0.03238341051515987,0.1166894146769667,0.06769219507191594,-0.018385506007930395,-0.14922992758462258,0.09976724789240911,0.02156244783356621,-0.11892471011216495,-0.16049732427760324,0.03163951836230335,-0.00764121542172527,0.07977229008955826
0.16891410872595183,0.425809860476119,0.034717221011858757,0.11157928787406575,0.006144050656584878,-0.06561710481199587,0.1525114607737871,0.20597815384383159,0.0476679081901414,-0.1598509500762144,0.16757763094178293,1.0,0.23005886695860234,0.34629448657690165,-0.06118568047267816,0.1496448991417722,0.05355594737873185,0.2915074709099862,-0.007333944825776655,0.25653986133219187,0.06438162182151042,-0.14811491916452255,-0.3078835909092227,-0.12718985304430996,-0.1254958084101146,-0.06675997258404828,-0.11456635345290511,-0.12765294826080387,0.148157660359681,0.32115128226321027,-0.24827176866374132,-0.10513504045682298,-0.07149006352722999,0.04279142724463258,0.16033052344911705,0.09499423609611927,0.1847021355801009,-0.07408765886349249,-0.274115788105523,-0.10849197602169419,0.03975890757407352,-0.1323198794274832,-0.12287773543136227,-0.16713606569839365,-0.07037643153895462,0.00290846808316959,-0.19651202325097405,-0.40401098400894186,0.11464336270917093,-0.03304731994187687,0.07432743530341858,0.17901627771744213,-0.20409077210933718,-0.2582877379538943,-0.03712246989508495,-0.04353670446765279,-0.2163513620463112,-0.18801878980185785,-0.09040214270292708,-0.35656560215882377,-0.09519295347403348,-0.14006792521984152,-0.2699589311304019,-0.3624818724971978,0.05879981428605922,0.2416392218203325,-0.2574194534054544,-0.17644475284477712,-0.031377418519170294,-0.3367773091494904,-0.10234197697222594,0.1152009245352569,0.24215957224753318,0.06392392879473444,0.0724302398924039,0.030417461509486512,0.00043967329300299775,-0.10064807224700072,-0.03869255823137401,0.10260237301996673,0.010092942942035912,0.06913969328495209,-0.2023248897595419,0.08932226890364653,0.014904870188435813,0.26721551704434543,-0.280703643135293,-0.09524250441228174,-0.02582337755439244,0.031061953836675964,-0.10768181537807521,-0.2064754117194449,0.14940896738018186,-0.20600765928532255,0.1266073237522049,0.04800566486690308,-0.19514503399832245,0.018051238227000065,0.10087700718094082,-0.24061619275785484,0.3772182608594101,-0.22454018602000747,0.34961812174730067,-0.07943320600324733,-0.06768121252585711,-0.1553728565694102,0.06510716998923012,-0.04648985881967872,0.05228656922298139,0.08546475910825638,-0.1611698233341813,-0.06406573907962959,0.1257288562609028,-0.04552313746748484,0.17368306003793307,-0.02261332643064415
0.45411564353786854,-0.009227863626794952,-0.054037510061106624,-0.28621315363851674,0.12058494260944416,0.11984973027643674,0.26678505799238095,-0.07046667367611,0.09073745550131598,-0.17952788840898684,0.576284040444552,0.23005886695860234,1.0,0.4132243035574629,0.4863274585904727,0.28843046359167795,0.4369708868453475,0.07958328614430245,0.08595383662225059,-0.036552200073184264,0.03016015496988397,0.026773109188574097,-0.38005636773115614,-0.4167128899279065,0.23479101184137452,0.12785791204890684,-0.10245593434966119,-0.17932313572048977,0.3035403118743301,-0.004680162483157822,-0.07568610369694215,-0.2597233442058438,0.19776718708458954,0.011361110697896498,0.2221353076013445,0.24020724941716062,0.02274643014747282,-0.16282071024621125,-0.14636702334823798,-0.27045438868440597,-0.0682425794368986,0.0772095279773186,-0.1484656715159167,-0.1283244026564039,-0.28713934645298966,-0.08067992512794929,-0.24574841430978356,-0.14865837845249505,0.28822598242228925,-0.2542266932357557,0.05155248437604171,-0.039262832524346945,-0.27794349446232336,-0.2535995918325451,0.1774718399813826,-0.37420941672425345,0.17382816425957925,-0.04451073983946244,0.1993148942322016,-0.24146859316537939,0.42442201698287635,0.0951760194472026,0.2658339091025326,0.11686178756194171,0.1466706188381909,-0.14057441427349754,-0.12375152750474093,-0.08950453575458386,0.17959348207572828,-0.11324311924555397,-0.1666376065059545,-0.005495313884489891,0.22596751989029515,-0.10428717564909952,-0.004187289738226528,0.06729384710070964,-0.012438717633259325,-0.003331975417662503,0.08244266559454501,0.036089071141964336,0.23305626787653835,0.037429855497902134,0.05773630110071247,-0.24602775308829103,0.16135605451175372,-0.14527764352566608,0.0662729139916803,-0.4094150835316588,0.4137175253445057,0.05677015237381163,0.1377777405054695,-0.0861700933122306,0.056966248786537124,0.09026736670632715,-0.22999690365779982,-0.06660727983802824,-0.31552560950414565,-0.1368667692330768,-0.18122860526561801,-0.18865824244524584,-0.03339333991850581,0.09367573414660411,0.13360877793577575,0.2409022547103545,0.08144534861547113,-0.052630158787388207,-0.008615040211620848,-0.11679910499332807,-0.19404661372764936,-0.09526560520137567,-0.03490992079720836,-0.04913963203969408,0.03974425674148429,0.05912149088574902,-0.04635715139825343,-0.03954571680722755
0.1328669147121464,0.2274583818881419,-0.05536401198577059,0.20785583655062428,0.23434184140988118,-0.14911442397520516,0.43174173765344126,0.4152771527351423,0.1741308273308587,0.24309021295986527,-0.21974314855690033,0.34629448657690165,0.4132243035574629,1.0,0.0033660864738951387,0.2047941281903472,0.10585273466628112,0.16673204025654043,0.1007854425606621,0.29746172897284345,0.06868558283317922,-0.46670631744284874,-0.29719316904533455,-0.37845695617125147,-0.18384138410013653,-0.44188215142642645,-0.01924102945979498,-0.5602549920525618,0.49194686169981716,0.5255397050644381,-0.31074509239376674,-0.3553011965706038,0.006788930677383905,0.2940314458525072,0.025708261661813024,0.22076418424459984,-0.17091266335773822,-0.1542062497004315,-0.21495103364317983,-0.38886659939323387,0.1840749448478771,0.3907673408028432,-0.33587916008740537,-0.4513018237101622,-0.2497641294287555,-0.2163317103215131,-0.2900446646323673,-0.30445714793870904,-0.30763772288698804,-0.2183369067517763,-0.19069611816792578,-0.3394177146737711,-0.2571193330644848,-0.353070924180092,-0.25725254523451385,-0.5749553366098012,-0.377095194264252,-0.3374127975125227,-0.13897938968429172,-0.19411665300249428,0.16150747137083996,0.1642806132401946,0.15083978044220278,0.041855452469398716,0.3542555910577385,0.3490885660671275,-0.4446322168644085,-0.24815804736025876,0.18393273794707807,-0.21032519390289894,0.23021939913970094,0.06939823068408568,0.4823626162213251,0.34014018721563466,0.2325252904439883,0.07830875361114088,0.20393210396799843,0.09131717706825372,-0.19060693603821308,-0.18880453350494034,0.04247240716257203,0.06989977051528638,-0.14875032212700218,0.2147953785277292,-0.15770176414612713,-0.21608303880383914,-0.10954626401147947,-0.3900542662791709,0.017371243369119424,-0.01826368092600493,0.3204148393060848,-0.04699663319670236,0.31889703311281137,0.22043933388042425,-0.039216239585234264,0.04653249007532849,-0.46126709272034827,-0.09843990090940298,0.1798887049131253,-0.215606341168162,0.3244911347584493,-0.11199888504700106,0.279851674707492,0.03086529209866977,-0.09253797658012525,-0.21975570938251918,0.04326884209324471,-0.039425208168081934,0.12856829498309089,-0.16453015764829082,-0.29276233466297,-0.05863837850992287,0.23220570280692618,0.1970726922013582,0.1385983089252304,-0.20215514007250907
0.2779900883247703,-0.060338822680267905,0.3946414377430669,0.052907403122516614,0.17781100089372165,0.28201562691828946,0.24932087603802422,0.09743708447827153,0.45073843519746043,-0.033569142132216755,0.46634913371134656,-0.06118568047267816,0.4863274585904727,0.0033660864738951387,1.0,0.31128053795660254,0.269161815495899,-0.12604768386344573,0.30814578914365864,-0.18631161863608148,0.13111546169083205,0.21014309365265516,0.19102510762893046,-0.04965842582942135,0.20406467467418682,0.1160496078808886,0.22322114234164536,0.019142887637109793,-0.02519947632267635,-0.4741893310488776,0.20522205887724151,0.03006566204626043,0.027780805636745322,-0.10318809552672088,-0.08750695077467933,0.0025465671779686208,-0.09541086963513495,-0.30851921934703136,-0.04024775237615273,-0.181499136051304,-0.3951179336311531,-0.1635230676047801,0.04040375169970935,0.04719057460272173,-0.30413175369559553,-0.1510655672621081,-0.1440536830519847,0.03787313488245435,0.17082721489897063,-0.17361764645210132,0.23211818183171481,0.07105897102359414,-0.1293564915416402,0.009491511067638098,-0.031495817644667704,-0.12032965404358785,0.13455792059597324,-0.06984191470921833,0.3410376686415554,-0.004486609899580056,0.2202714363591922,0.02756525186712321,-0.06161172220542844,-0.06385732570456791,0.2989816801028431,-0.013383057236891397,-0.07308907265577896,0.03307988313565362,-0.09632336560182536,-0.0028635153696603324,-0.329138832036,-0.21017810928609157,-0.24611505876717235,-0.19364403502910113,-0.0003423162567097347,-0.12220167539498812,-0.08576161859899453,-0.15140385291041783,-0.06013245249864729,-0.09961127833538432,-0.17725853023029078,-0.2590582051832062,0.30167901424162313,-0.24963254530797227,0.2971904194872551,-0.13473617096568805,0.26355356829612336,-0.2073618291438357,0.551759094421499,-0.03681144395038654,0.040504208264236556,0.06247858430208136,-0.01997515458937362,0.27255300134773003,-0.117089854794356,-0.16931975085812456,-0.20867803835999785,-0.11131145795474026,-0.3238146706401933,-0.13657547860949978,-0.11991282327049461,0.39590902717517773,-0.10502997334650105,-0.07237887138271971,-0.09905106406522202,-0.040419050341143736,-0.05204011510867763,-0.07406874716059192,-0.1398743030870309,-0.16277621196567235,-0.055575695914767465,-0.048476958548245054,-0.03503253007758298,0.02743640293219297,-0.03879690832334772,-0.1410515077250387
0.18997159230119962,0.3463311574594637,0.12892547769592871,0.16466836745937224,-0.061165925389435556,0.38991594410155456,-0.10366880812460205,0.12043687870207873,0.08130575062032148,0.28402947276309015,0.1835336713362791,0.1496448991417722,0.28843046359167795,0.2047941281903472,0.31128053795660254,1.0,-0.22541189857841895,0.09508751375339053,0.35535759975431486,0.4318449848551938,0.22988877974032382,0.26827033257103333,-0.20313557671012475,0.24744089924662954,0.3333536361180063,0.4087844767240106,-0.00679150131882341,0.21495020988759728,-0.09177225345942304,0.06658552373241665,0.2451000353525903,0.3679048902193339,0.12928847881551667,0.03398733721290517,0.023627895793756612,0.001104944694305779,0.015690919807728756,0.11199925740242324,0.07442411183990598,0.17545124957410857,-0.060223950943476365,0.20000771560648953,-0.3365787519670456,-0.2199168599217744,-0.5354145591562935,-0.3509492127855963,-0.2844278232928535,-0.29971304021957956,-0.12394503604530388,-0.33524400206691346,0.014564504125729934,-0.11696622152027683,-0.27284166396135645,-0.23645869951051804,0.02505039893052848,-0.19471457342809786,-0.2759694711553787,-0.15026897138784512,-0.16256485710299393,-0.42795766153887066,-0.2133746774060328,-0.11650148714097765,-0.24893348453332576,-0.3806166974636664,-0.14803160445025534,0.05692488750518459,-0.14938223243032303,-0.08053481585789116,0.1348143925599385,-0.2751924015967862,0.09193773984899613,0.31209363652102246,0.0011340072045361404,0.12690882674559348,0.28580379404735223,0.16819529734992975,0.05372892799754203,0.16949585565294625,-0.12266531817254088,-0.1742064713374014,-0.2538403110419307,-0.248438973410331,-0.3315287133863564,0.20270546404394835,-0.28258705255900435,-0.03407911260322827,-0.2634452873050622,-0.2453942348232348,0.11206855157239906,0.19008198000131493,0.059432021360487405,0.16014815260245624,0.4287259567076047,0.15292187076539795,0.12544702841518876,0.006657535512372432,-0.0670783578853447,0.12529374118900358,-0.30695648825012034,-0.401677475594075,0.1962555210609742,-0.014869911149831197,0.15922238775142286,-0.08655531154375484,-0.022807925746652653,-0.013393249347324719,0.10999829537030756,0.022919672559035546,0.09849462443814815,-0.04022859930097282,0.06464120892725245,-0.02769867319528526,0.24942543983546786,0.20387843920920798,0.13899881850121623,-0.12294063189986042
0.08335629721871965,-0.28867558825305545,-0.23225473393375648,-0.17059376102847795,-0.15322849578288078,-0.18588158022195142,-0.0007870482413687863,-0.22647086599500055,-0.10762473427829856,-0.3471487002632382,0.361997197958365,0.05355594737873185,0.4369708868453475,0.10585273466628112,0.269161815495899,-0.22541189857841895,1.0,0.29551363624561533,-0.06532635369776452,-0.26366444357031704,-0.3251904309921446,-0.02911461850493799,-0.09994517325152068,-0.29119202361431284,-0.1123979952085895,-0.1546443277149751,-0.17707934293512811,-0.26121299451477187,0.5262495142081635,-0.15246056265205662,-0.236383604480531,-0.31279916387870876,0.021234560050213704,-0.06204924297625692,-0.2455349625898682,-0.1455467103262024,-0.20271801279935756,-0.4178538357370297,-0.04162543365129332,-0.26358100973198173,-0.09843627851560302,-0.15307227776789115,0.16600403321503016,0.0914447303247944,0.03455647363847992,0.03659846053291945,0.18618848325571544,0.24023026973261158,0.20773166126816997,-0.05789769371626411,-0.09768373071600746,-0.06324580900376246,0.12873201694755998,0.25658222232854844,0.10202372957054968,0.03903136741028423,0.602095060365684,0.29721760854541945,0.1894609388734002,0.1724987043159158,0.500557658884749,0.3477523474860918,0.5286807345691141,0.5461064339605379,0.139019058585883,-0.36100803741481446,0.050126129649690904,-0.2043012121646526,0.061821975001386927,0.18915729117120364,-0.28962495788360143,-0.29466410983177754,0.04638589719914059,-0.40883274762820115,-0.2397402724422028,-0.22848754948675387,-0.2534009081721982,-0.32511101451849406,0.44959869011551307,0.28873575961752507,0.5590966109291952,0.49355465665458925,0.31258800980606927,-0.32926100684373344,0.45746547287006734,0.011846325350144002,0.11702864838409019,-0.17284557992603108,0.23253173686713854,0.022304977979404495,-0.08857314837344263,-0.27417450764783463,-0.34632716296605404,-0.25778023618290347,-0.05934702750749394,0.0936516426858056,-0.33325387771226955,-0.01556503667014986,-0.1464482713866474,0.030129788177786578,-0.10166443220758851,0.0568209955731634,-0.19248535609594483,-0.0619592554964657,-0.20118263115206717,-0.22275241600281317,-0.24690680371501636,-0.07141817666032078,0.02507811032546795,-0.2987996515778005,-0.3421377210993727,-0.2957356926854729,-0.3697450361295256,0.04611587358707432,-0.054485780786901875,-0.16081868101488572
