1.0,0.3289275678529911,0.012177267406912138,-0.05950657431171328,-0.17095036321514487,-0.09244493838803511,0.21375055046537667,-0.13432234061408532,0.4216846281535424,-0.02506574829090496,0.7166519202590059,0.3175333663541635,0.6631232625968162,0.13604259614098504,0.5486732041650073,0.3515437181762499,-0.0623479840003056,-0.08942744083143221,0.4262257791521735,0.4557848302692756,-0.0475006954296981,0.03370651939185323,0.0202025791698636,-0.16311640861144347,-0.13654638767345753,-0.13533411192745307,0.1783451377523036,0.22821002432007875,0.1390464362375581,-0.14931995574641513,-0.2536201725980374,-0.23070590340229327,0.0411471924414853,0.09115253808152854,0.1672128109348688,0.24082758104143367,0.07361634061762651,0.12247395709392664,-0.17014596262908538,-0.0831119746210984,-0.10695935147938909,-0.2146694707672956,-0.3622788985286046,0.050190068003143844,0.10949174207397175,0.1764833616609632,-0.4112673390761785,-0.20702508467118985,0.5894816216882036,0.1930648672681961,-0.07479809241435456,-0.07307042085725843,-0.49433033066298837,-0.38232913466307217,-0.24234489608799273,-0.37658032161151556,-0.04998468124946313,0.1500920745223475,0.44564741890838455,-0.03879530308416619,0.25031669456413147,0.04445272903243037,-0.11726027545990819,0.004354109216524092,0.2316077212661246,0.21813968445120596,0.066988841594945,0.11403869527102006,0.25384804348887297,0.10536678846951396,0.10325014629585466,-0.15105333930829787,0.009146941877200282,0.13694017815151896,0.12442681002582391,0.3761287758396547,0.3195787533025987,0.2765673562449277,0.05235493221967419,0.11116269185502045,-0.20389797521703337,-0.09980594465836487,0.021890530238247753,0.08818872602895979,0.019743514327447916,-0.31830740584170514,0.14868423536340775,0.027474166432613016,0.3614087351367677,0.10480943981519515,-0.469878445708749,-0.12851626247275175,-0.26333467245236936,-0.19665461575073137,-0.3011750627840968,-0.09619466693171172,-0.44568250673213755,-0.1952246088187537,-0.3930596116071806,-0.252305383050529,-0.29360311101386194,-0.21014808119577816,-0.23785503294788002,-0.20922327487775388,-0.26099911155992067,-0.34237458255612585,-0.2525023781490354,-0.268577911732654,-0.12249039319814639,0.10469372344095391,-0.1622222781123338,-0.23446807132622335,-0.15786476816429207,-0.21539729130114305,-0.36387876510859524,-0.27373978076204714
0.3289275678529911,1.0,-0.0551729732651678,-0.10058737144757356,-0.030153426910623546,-0.21373931461145265,0.041906118204943214,0.2730935514675938,0.20690369439165032,-0.17790445974533448,0.05033380822905117,0.285330540723938,0.21763832120803545,0.5341142842376155,-0.06745575302104061,0.38935432796990904,0.04617920286499483,0.21491827969691799,0.06205216131123913,0.3829358552283636,-0.0387805667704109,0.01515658415213821,-0.5602597908320142,-0.29368486589270726,-0.20929750647385098,-0.3045100342464713,0.1891511573200824,-0.06383608516973813,0.00014132872073911748,0.2068737307101466,-0.09886264565616079,-0.12481832242508377,0.30740202617534895,0.5126997993443065,0.09014610835562573,0.012391970156038986,0.07032597207236989,0.08309645126575095,-0.12842667927107987,-0.17018271947176075,-0.025453272705581554,-0.12911512016712004,-0.20875352040524364,0.18475934063761354,0.07242306691534992,0.26989793626818004,-0.25728758056437534,-0.11776784412604033,0.2601778079675972,0.4558413499008333,-0.17203153339409963,0.35615939059123153,-0.32902005527122913,-0.5082466426010873,-0.3395905763226877,-0.2627175362511191,0.17635249710425827,0.19572807698085037,0.2625932579266428,0.3706630046535779,0.29093081491927214,0.6002630947196205,-0.02273411504659073,0.19458521335557877,-0.14616013457257884,0.4992935052618246,0.2602154197502537,0.18690354622990538,0.2749999501403777,0.14296606014451696,0.05897257638703311,0.10128699435041298,0.16146328186576364,0.36042404531403205,0.3132612421642261,0.3263330956249627,0.258419087523492,0.2781938451072717,0.26223973259827843,-0.13287397099875753,0.06391058521909852,0.03935601194238993,-0.3553437349845741,-0.09963002850936162,-0.2783725415574839,-0.3277102939707113,-0.24244695065411237,-0.264692260546819,0.09194382858228835,0.34720921914689923,-0.5015824391298369,-0.06657045470975408,-0.1829024368062267,-0.3716159664164905,-0.30899806740540026,-0.1814985259947383,-0.404409643749203,-0.26444739476125445,-0.44720303796440725,-0.4708198841323128,-0.2976770532221438,-0.4010497782004681,-0.3519031596117147,-0.3490135213608477,-0.309257520373026,-0.29230046154152767,-0.2549446595741773,-0.24822507849343523,-0.2507178633631297,-0.10165059609959144,-0.26551145747026844,-0.44706658692185536,-0.4883545261674086,-0.28796874979614184,-0.23767237188340037,-0.24645195870927125
0.012177267406912138,-0.0551729732651678,1.0,0.259467166303099,0.0898574677787584,0.21423670162451822,0.6682446144707176,0.509483634593452,0.13499597145644868,0.3647737356872713,0.06428829148552213,-0.20634969865167985,0.01830365091939135,-0.23339830560876643,0.061076235151586306,0.1552233549898542,-0.10618555476371358,-0.08922034372509798,0.17330260382670173,-0.21350660396977242,0.5687414821606332,0.31296712151447453,0.48988926000496685,0.1855089882392421,-0.036000679266904034,0.4199356041909329,0.20706109845342172,0.3503326720644747,-0.1098091652728771,-0.17699772598740676,0.41260000026610005,0.23333894439157404,-0.16220487605934553,-0.10046439443912467,0.09297792892778399,-0.1382477491240988,-0.12962045583820614,0.05198879367431778,-0.14361526378841297,0.12268728377932454,-0.036167112344804665,-0.2568243536302925,0.0929709490605334,0.0297239426515428,-0.33950591823862364,-0.21363267122048613,0.09279307497886749,0.02541065046366011,-0.14364652506723274,-0.3724597230949515,0.33227164357671557,0.03359715736783774,-0.006873424372637586,0.14693082671413588,-0.09640277302049162,-0.046489885152614305,-0.15539181089554965,-0.3317599593670797,-0.20696167781123323,-0.2768819758693443,-0.02909170844199659,-0.06305065679190668,-0.23007760702947413,-0.24813291330575796,0.06480617001272623,-0.14295365248605205,-0.11662356212205262,0.028098299932261168,-0.16371584963435837,-0.08187429881248663,0.07929671249801436,0.11267719373173389,-0.1226358140943677,-0.07051922156226788,-0.2009556056185526,0.041092484164111015,-0.02406059357005032,0.039914228012691025,-0.04234874068516811,-0.10755619655403334,-0.03681047900785772,-0.030968664276218107,-0.00048359801344438733,0.02271768565462895,-0.4234873147980011,-0.040349478229155196,0.20125253983890434,-0.08560932970346796,0.0279125963186237,-0.21802444819845604,-0.08606542703281492,-0.050995907218147875,-0.17149720245988934,-0.08056729666333802,0.07214783493998998,-0.06466506338699352,0.11031379641729858,-0.05555153546507671,0.06918316064241449,0.15811208221903766,-0.1749788308388333,-0.04601080440684328,-0.14898468061468606,-0.08631808793501208,-0.06537798835218964,-0.0032071433023862827,-0.012648616782373721,-0.054649908836373294,0.0707354808462696,0.11386027708917584,0.1476187351858067,0.14825821258831945,0.18767387583453285,-0.0028990123578561,0.02303297194215761,0.0069119349858624115
-0.05950657431171328,-0.10058737144757356,0.259467166303099,1.0,-0.28941394497327005,0.36267966847958744,-0.08495835491251108,0.3724394271969613,-0.09793981453463356,0.296746544965781,-0.09339008493025545,-0.15840169672337698,-0.48993531793907624,-0.46107771572582507,0.004524174886191062,0.21351250215159506,-0.29945270884358327,-0.2060821867404766,0.29648606191847054,-0.19293638951305417,0.01923617408975962,0.3356282257585234,0.4637050158444524,0.6037767532324289,0.2887054581809135,0.41530626624246364,-0.08982954837906308,0.507722657086176,-0.5339984186345181,-0.3854801249782679,-0.05670232398248622,0.1499999540274458,-0.0759260651545922,-0.14735740946199063,0.17225006666179196,0.19939742071386823,-0.009126664071517734,0.08579972584507226,0.09755331550054462,0.07960657521740648,-0.04911971510733901,-0.134118005212955,0.008105297211249063,-0.1033165227499348,-0.3773972670924211,-0.2828519184597524,-0.024083307148423005,-0.009870977513003733,-0.2869582157901432,-0.5696275748453001,0.15654792065130874,-0.2723152067796679,-0.09411040518463616,-0.028248670667689477,0.1448483416607232,0.2640762260269053,0.1599675074828437,0.05781063083509956,-0.3166408527436377,-0.30006761650848207,-0.39726032729621846,-0.48669198304189515,-0.1370769225834664,-0.24773671386089727,-0.05298369181449548,-0.21537628247377374,-0.05430315272491143,-0.2623853012594981,-0.259493669669674,-0.38847941657133733,-0.3013226544544664,0.034892940828085584,-0.554021188439208,-0.28288431648456946,-0.16730689021071135,-0.3833052980776754,-0.26617092564542577,-0.22983962370180483,0.010600400416680375,-0.17293423337719022,-0.2903615804465331,-0.3705446110287476,0.09002006465918581,-0.055062531867588436,-0.0690870613056536,-0.07613776183859373,0.38430403721464046,0.35130184630944983,0.2029447566713777,0.039720002810120635,0.12217482965805196,0.20273868195988234,0.17795473377150625,0.3518359704353485,0.1749809086077589,0.04980416822184055,0.1577613318823518,0.1332814867866402,0.12921042974661257,0.12439544663310637,0.36241046860547316,0.397300949332082,0.2738850987428975,0.3021993196737284,0.21148069533028255,0.2275985683282558,0.1523856572491487,0.1430087295892881,0.15502127869701043,-0.0617497288098202,0.18538508927162675,0.1623215267412245,0.29715032642376593,0.33838784045682646,0.2232453816590353,0.20983920592206662
-0.17095036321514487,-0.030153426910623546,0.0898574677787584,-0.28941394497327005,1.0,0.1152086964922007,0.05684887451406856,-0.19636415814568747,0.07377149210577945,-0.041310232935653994,-0.04412126321238825,-0.0870904439758401,-0.02199202012904307,0.06501710295631544,-0.13258600583640567,-0.46952883165697834,0.2394691629578289,0.17544842207894173,-0.14453205521286389,0.12270988615386486,0.036154776326347414,-0.1671263551244226,-0.02724865972175619,-0.14902770268609175,0.1038143910763998,0.023435477188735024,-0.15972925538527405,-0.06269272316165142,0.3389793772472694,0.1893104535302788,0.17957304514955305,0.09581904750881352,0.26797664524523945,0.23637928492432803,0.101917492167181,-0.2651607448236799,-0.21825841658637168,-0.11343787160576164,-0.08878956965931524,0.054543154307618726,0.05746160694274021,-0.06846886797870778,0.22854593812226145,-0.05453064810491898,0.015894629053212483,-0.12676079853966887,0.25725757496221296,0.21889250749759145,-0.010368891198840801,0.16807865782966042,0.1599145712907213,0.33108799693139734,0.3248570018503242,0.3488430689590495,0.09115120259500545,0.02042120361325187,0.23321710086949154,0.1137406985208826,0.021891934781195332,0.1149696568338612,0.3528976662229533,0.175787135129807,0.21971206917882852,0.18817821030885426,-0.031143298444278204,-0.023736899956138466,0.134548742764253,0.04683047765744709,0.017786215386152417,0.042435918190038044,-0.03830705598425261,-0.02604491734514107,0.4137808957804418,0.05024984922702044,0.07037320291455301,-0.006062156631169849,0.004703098502513942,-0.21138165699668057,-0.01597851979651919,0.15273340702192872,0.027356852324216245,0.16269506336363712,-0.07461229478354879,-0.0710743046426884,-0.17824400663591364,0.14846623866493042,-0.10617356881056966,-0.2984868703452799,-0.32210790961956914,0.00826894760357662,0.07625716909122446,-0.2871381191339624,0.05654855321764115,-0.13237890245516318,-0.16913169490558405,-0.08124850181675052,-0.10827295904370103,-0.050106770362136586,-0.029643152814847723,0.010471368456929689,-0.17014150885893148,-0.17595929015285872,-0.17740278977624527,-0.16879859396559574,-0.22774044860961526,-0.1687416558587523,-0.2334692528159727,-0.1869551028263942,-0.10053753960687917,-0.019839339158586825,-0.03449894667578846,-0.025194461061117297,-0.0821196302377871,-0.1293853382549258,-0.2632698158032051,-0.1517366927007593
-0.09244493838803511,-0.21373931461145265,0.21423670162451822,0.36267966847958744,0.1152086964922007,1.0,0.10174398344336853,0.15363420343066858,-0.09736456591902157,0.2513122653323058,-0.04350682323584512,-0.10719767410373941,-0.3323865998454872,-0.19167932745746466,0.009365270068710407,-0.019671459521003444,-0.2667751710470371,-0.22048776223791353,0.15280636676097825,0.03633543463118017,0.2505834680723422,0.05832087332590296,0.3787451660625411,0.42723470519056655,0.29105596961233926,0.13188161058551323,-0.02571176407420528,0.2416611115629515,-0.1601936282008565,-0.30438192263091085,0.06987741441477614,0.059232931827341975,-0.1138381486936463,-0.1856593369324288,0.16091974741331785,0.04007233125150244,-0.34332645060082,-0.10498187679722835,-0.129712458328262,-0.03220818046934133,-0.04287137758057867,-0.11735285174366515,0.13724413801422056,0.06990694147002058,-0.10718385290045356,-0.15346939001272322,-0.02586168598826674,0.0671654076426046,-0.06151370484928394,-0.17711565764374254,0.03298079691736359,-0.003482399129381063,0.0494103083046667,0.14531792477672958,0.23465846321600953,0.1443107877385641,-0.0015131551479246246,-0.026235270760067247,-0.08675814815017285,-0.2411773369767258,-0.11546550066263649,-0.2858318840238097,-0.07193968989851095,-0.28710878730703876,-0.01016362717755093,-0.1469472672494394,-0.020384152549998962,-0.13397962458232998,-0.35032825877197926,-0.3196373819305702,-0.10576838530031824,-0.0613373225549156,-0.28389313691902424,-0.32553534924788136,-0.23220036360563462,-0.33194758223866805,-0.29480456981680825,-0.29866397772086273,-0.31841511529873084,-0.07399225653504249,-0.2795421247843824,-0.3928237494301696,0.011210648017943612,-0.2117268435083074,-0.26169392296049543,-0.11293714330034389,0.30418859842814977,0.041213964303207694,0.21973777902983227,0.12889963383154668,0.16478510965261592,0.22077924672318802,0.02277010738941863,0.3451133453663867,-0.0223034966789025,0.10460434372679359,0.19872367085306367,0.04530760052020733,0.0581119983567262,0.14326506116688367,0.2532315302979616,0.3404300922321174,0.127732779735535,0.3425621000578099,0.07181015265721312,0.18185013776718936,-0.038080343738645495,0.12424913586603088,0.1565690043501906,-0.10779360327857465,0.2260009692940015,0.16742911012018136,0.2944977064746833,0.40246376412495755,0.09230593661433506,0.1583378780153432
0.21375055046537667,0.041906118204943214,0.6682446144707176,-0.08495835491251108,0.05684887451406856,0.10174398344336853,1.0,0.4762895563139338,0.3288118193063603,0.09088612528075106,0.2548357773009178,0.09295965835648963,0.25410020626700835,0.02179917659680911,0.1992922097315684,0.20629456118377357,-0.3009378501033093,-0.08162798376824267,0.21844435628856484,0.11726923020633359,0.5569189896226842,0.12517217221908045,0.22026992926392935,0.0037701603024148447,-0.05185450700440356,-0.01185081392056689,0.2788038107439934,0.022739057650971364,-0.00621757390517989,-0.15102488678788606,0.2757610878708457,0.04984330378721111,-0.02474558117584719,0.02814498965138232,-0.12739480797488278,-0.3040585583558359,-0.2748355152312141,-0.07088982537003248,-0.2811323777575684,-0.06082480892722382,-0.16424539248725395,-0.30190255093163215,-0.0878024619692501,-0.08844473533211814,-0.1717491056966944,-0.11622101311034876,-0.168014973497068,-0.30127107195803987,0.10523991974159305,-0.16149982548566852,0.009809484102307565,-0.15334395051075247,-0.11220789165823095,-0.07995423479684445,-0.21180640707390117,-0.3863681720551477,-0.33168580441861456,-0.28166691116936204,0.11777765075894255,-0.08191646061117944,0.1314934371286873,0.0402233740752636,-0.2671877033079457,-0.20999634208501416,0.19337923514393465,0.007085121357273902,0.041289810342421816,0.21061351822595975,-0.08247748558052295,0.11030303438317736,0.16165016440199326,0.013618893178536453,-0.12022181771517418,0.08712265309021501,-0.1744372897061239,0.16272974047060823,-0.0574658580774019,0.03808553022765259,-0.03571284512176803,-0.3000271131098435,-0.16744480033398604,-0.10639437312827157,-0.13442818467632145,0.1826318988047063,-0.19208718324358123,-0.05223956812088863,0.013384548765063935,-0.03949269344263309,0.050934055393919146,-0.22533072881652913,-0.08367541436366778,0.15244684138653705,-0.06842874076756068,0.005540043373829726,-0.07633336140421441,-0.1907684725956687,-0.08127785201011614,-0.15683148288271395,-0.07977747268911681,0.005038524338947842,-0.1296557567038271,-0.04574769558693963,-0.1514678033077418,-0.06103936710713863,-0.055064149076239355,-0.07029190711604588,-0.00839514141701676,-0.06862628639672674,0.007566949349621876,-0.02251672130938209,-0.0680574465653846,-0.036523998832983205,0.047474663101153454,0.02436974020770497,-0.05876612554728347,-0.057058996088685046
-0.13432234061408532,0.2730935514675938,0.509483634593452,0.3724394271969613,-0.19636415814568747,0.15363420343066858,0.4762895563139338,1.0,0.1329799967296516,0.2945050307879525,-0.17466624235472125,0.03621618153251672,-0.07095280521076595,0.10974222837456278,0.17328372359515315,0.5510491227002383,-0.2873255332737554,-0.10912056040560666,-0.16312775834250473,-0.13340059569061552,0.47481954098876084,0.41617497488612165,0.09054451682389057,0.3675887895049589,-0.02186787572907432,0.19918654560762666,0.3956990594326482,0.19971195129697555,-0.2870684285518553,-0.22398167428664192,0.26553860426113396,0.2810951154367289,-0.1491185471387992,0.08147022963595936,-0.10995842763387323,-0.057279313761654904,0.04247881490580944,0.05665402120417244,-0.01629209788393396,0.040906305944729965,-0.08553495997349185,-0.10848416760237985,-0.19268278135738948,-0.22582603006946111,-0.38295453826684345,0.15954849988421035,-0.296031722128039,-0.32133511610677556,-0.10920954316964078,-0.1733980894505254,0.15477162872193237,-0.005227912602953502,-0.17867990180135737,-0.22248998770883793,-0.2134922563238406,-0.14892469427666383,-0.35512358830240187,-0.48492834538007457,-0.0551025388344589,-0.08446672135248902,-0.16440721482783668,0.06698470943274464,-0.3502864086968882,-0.27633927325363883,0.07048098288074799,0.2702434564516323,-0.013443093849783644,0.18757682752284321,-0.3489073026593141,-0.10373894884589667,0.016553045183417506,0.121307646735463,-0.3914976574302896,-0.22517615818254763,-0.3219193450597289,-0.1546774335692959,-0.2699232092669045,-0.03534211935724026,0.13816744651816873,-0.4002268331960625,-0.00255197333202237,-0.11264210405922587,-0.18892461356553625,0.17781779139085097,-0.11891409152204935,-0.018198689423067776,0.06868668608259793,0.12222325854360443,0.26324616831283254,-0.0043697881524881665,-0.1504645656446919,0.11294862203290439,0.006449859430133677,0.002441138273597578,0.033258120521088674,-0.14867844744858782,-0.06915792005595005,-0.17614291728019418,-0.15366347793169835,-0.17522238900701287,0.022613680775533027,-0.014591579275501271,-0.002924850104881403,-0.05881604800005747,0.03252500365997573,0.0403448243219786,0.12859610798180682,0.004074329071641466,0.012211506077618572,-0.01987726427407982,-0.12653151622249734,-0.28396407845504773,-0.08101314069297538,-0.03963679340635567,0.03879029390820774,-0.08491716449243653
0.4216846281535424,0.20690369439165032,0.13499597145644868,-0.09793981453463356,0.07377149210577945,-0.09736456591902157,0.3288118193063603,0.1329799967296516,1.0,0.026653724753414827,0.5979311948912132,0.004083317603354098,0.4760439703563005,0.04163547224210629,0.5330363599995576,0.28873125480313544,-0.13248377474089965,0.017449790857621356,0.25200098695786854,0.041721536355716696,0.15525306235167785,0.02328413193007287,0.13833480116324776,-0.10893435168912965,0.1749821392003895,-0.14345890266508862,0.03599153741160904,-0.13157834978900473,0.09685897220746426,-0.03247719543195757,0.029686039041771237,0.10252488685636575,0.01832461618415385,0.20396002527146098,-0.015543262565541088,-0.05867547396630025,-0.1539966205336362,0.203781534124807,-0.3420181580982726,-0.11409438816795041,-0.20875538175998193,-0.17187855893077678,-0.33633817703736096,-0.10651817301725311,-0.19937827393904942,0.16723727747627723,-0.415234510400072,-0.22549692648207212,0.31897394143665714,0.028453288312400186,0.21167412434032623,0.005349651286076596,-0.44593606181702733,-0.2880998408805834,-0.36340152334216247,-0.47038162036611175,-0.2633368504484504,-0.08658896401374595,0.2150322407194538,0.055112632266332576,0.08549911404653798,0.08428344164386317,-0.15328721948750193,-0.03975445672140265,0.404607363471665,0.3118419418240328,-0.005283156462975767,0.06976328180699076,-0.08691527864476617,0.04950045470104136,0.08361740384023146,-0.004079294355411559,0.049955079211082616,0.2434535840537671,0.12214060439382055,0.2389364262232083,0.21644403179300345,0.10849626571157346,0.2137468764932357,-0.1322027381542325,-0.0384036169865949,0.031009778270507535,-0.18981960922721827,-0.016655406190357908,0.09216045904318669,-0.12714607279269113,-0.2574265258812987,-0.10764807550996923,0.19457042483008646,-0.13542197572588505,-0.20134945883486371,0.14545666014626799,-0.04856369789820272,-0.03254179752539721,-0.18207075101730577,-0.17419983944310677,-0.4853190504765929,-0.3127175304663255,-0.3194245132292844,-0.34891216135973946,-0.2117620997708627,-0.1324214738651182,-0.17874376653600296,-0.12896044642613136,-0.16189849262647005,-0.10280656311862266,0.0016965952248042305,-0.11505864733395063,-0.18639911108130944,0.12078220348684432,-0.27356153214348544,-0.35617807028843534,-0.24339477387195205,-0.18036679204304165,-0.18409123508480552,-0.20499637653694674
-0.02506574829090496,-0.17790445974533448,0.3647737356872713,0.296746544965781,-0.041310232935653994,0.2513122653323058,0.09088612528075106,0.2945050307879525,0.026653724753414827,1.0,-0.0006234318977220035,-0.15662089383783936,0.021354820742487495,-0.32905442219432723,0.3938305477091965,0.3766428064389134,-0.20034225450957976,-0.4174387273449518,0.01798216458764725,-0.26844436760570983,0.37977316748385415,0.20518538384790927,0.37082516577482416,0.34485292720287747,0.27366799025500177,0.36418396424675387,0.2440338032083965,0.21042351734081863,-0.12474520022582519,-0.3332290926251211,0.14255990827088397,0.10046637403577545,-0.1793775801162334,-0.17564138316173192,0.03903052885073962,0.2553384208623334,0.11427772247816544,0.32100172219710815,0.062392563829463385,0.12099583185426356,0.017635705454610944,0.036959980396276175,-0.24126068771745102,-0.20180520826229317,-0.46679846996453594,0.05689083222658423,-0.18819452495843508,-0.04192562457731007,-0.22343537161133262,-0.2440484743314126,0.30862273862698564,-0.13678424745357048,-0.1409302211017876,-0.027261296825330565,-0.11288890941235682,-0.09742768718223925,-0.25086697443436934,-0.30351677168138896,-0.13005811457764832,-0.1936985081724748,-0.30668327166963844,-0.13361217207230844,-0.3669182351544124,-0.2951082122114445,0.18311651199763815,0.033465190146731744,-0.09622494442323623,0.10380264596906714,-0.41044361217799424,-0.1455671632584341,0.03375468777273348,-0.1946365256193658,-0.17630938306927404,-0.32171655759494916,-0.1664691794635927,-0.148759358212689,0.03252001405588881,-0.009590366731309818,0.04199470091725422,0.051983275672564576,0.11649459013694557,-0.01863650258282311,0.22375965970802963,0.12581647854705158,0.16159043559086977,0.0597264876633515,0.2194052165713695,0.18742980366207632,0.3767615005260841,-0.20569167950800926,-0.1136452903959479,0.09207812231474917,-0.12446421641492383,0.012379226175730071,0.1367664077328308,0.12581538443761653,-0.010213479143624688,-0.12047578554637081,-0.04405579401176427,0.022230741602015353,-0.05539118114368294,0.12146543112919844,0.08467158113827133,0.09592425392424156,0.09177339904525472,0.13074736206249768,0.1486758737052696,0.09143534997377983,0.23908163542577243,0.03193878660432459,-0.015972499505133162,0.0022118723972904615,0.021440494387913275,-0.051575817089065945,0.08221143471729139,0.04805283568011228
0.7166519202590059,0.05033380822905117,0.06428829148552213,-0.09339008493025545,-0.04412126321238825,-0.04350682323584512,0.2548357773009178,-0.17466624235472125,0.5979311948912132,-0.0006234318977220035,1.0,0.19434333581034968,0.5788569171965908,0.0031078129630949178,0.4764606380407464,0.255528072632577,0.04091076276783196,0.0002370510564850209,0.6005046352419415,0.1788112600077505,-0.03737091754391203,-0.028838511968981625,0.19819340084888828,-0.21485117106646018,-0.005641218011616773,-0.1761616504058962,-0.04772478071581511,0.06928963363835651,0.2518900502814835,-0.07301534069600066,-0.06313188184245569,-0.012881905024779743,-0.0014148911220465106,0.02090001832028392,0.048756300219136336,0.06129131513451195,-0.10059487237326828,0.043164477704251414,-0.4282191257557436,-0.13962908164540544,-0.2145931705656351,-0.11866018011422491,-0.20355535315789788,0.12047273586153069,0.06951821426277857,0.15531985293614264,-0.19911583353238002,0.038124360346704765,0.4007302499707825,0.09965123337515672,0.19112083397540452,-0.06357316617188176,-0.3980596064681736,-0.14274385625476316,-0.2705131946245872,-0.33822014372580383,-0.16392942490997786,0.044309535210034015,0.17707883051141302,-0.19102299873192535,0.1295584349615888,-0.10571416098592548,-0.02909943213285839,-0.16464843573538623,0.5075076728280774,0.27023441429734196,-0.09592045449722442,-0.0777534267985413,0.080966005263143,-0.02684071698760611,0.16131829370561038,-0.07062409308091734,0.03267694261337836,0.24656948735345802,0.16835956276147004,0.42116648578989274,0.2656421242367616,0.074428882857576,0.021636005642221415,0.17097369379195168,-0.1762323086351101,0.010981375552108782,-0.0034905103657622014,0.024484256467742153,0.2157258022116584,-0.11556936736623419,-0.0022107528493061643,-0.06075114351892988,0.1281873255780653,-0.07734598919766196,-0.26681674450172616,-0.11587490419306483,-0.2898968681055388,-0.14823699073970825,-0.21752506865960022,-0.029216917873888276,-0.4906030944826073,-0.2484607103694388,-0.20887592736029606,-0.21981931740248015,-0.29855222570892215,-0.15053266366650253,-0.25723806068469435,-0.16789789727842866,-0.247140472389801,-0.25316022356791923,-0.24563643732898674,-0.2544337350794992,-0.10068497868640042,0.0925462365369432,-0.1565106083227425,-0.026324465699131508,0.05953477093599416,-0.13251341327301774,-0.2780258363039525,-0.28177825392421924
0.3175333663541635,0.285330540723938,-0.20634969865167985,-0.15840169672337698,-0.0870904439758401,-0.10719767410373941,0.09295965835648963,0.03621618153251672,0.004083317603354098,-0.15662089383783936,0.19434333581034968,1.0,0.3170487926452678,0.5195898720431733,0.0059145119107558855,0.3045517452730669,0.23217328944955934,0.40252348141824523,0.03995491715234575,0.5167795597307526,0.011213388746462515,0.23278732751566408,-0.33400602832407206,-0.33738016737071796,-0.2601533360766179,-0.1183232823010313,0.06427103055397661,0.04852834281434614,0.24171031547649283,0.4184443615272108,0.23752284384774083,0.30620456421452785,0.26085729027879817,0.46720973851843184,-0.2204023546672646,0.11898976424506845,-0.23908665903525453,-0.20070764723183748,-0.4423673857827845,-0.48165413146234054,-0.07760412107659269,-0.169082651617605,0.073545908575649,0.20725775734146792,0.47294814951395053,0.4825548885553373,-0.15840081247072768,-0.046816207578511175,0.38719446629705156,0.44784461971688055,0.11557769154047101,0.07511939049836824,-0.015310717042276016,-0.17435426615312058,-0.4252771346313502,-0.5102511939653944,0.051211485748887835,0.11721861344666527,0.43680882595377407,0.19568263921370888,0.5589491433640937,0.2990489925224628,0.3319437003258045,0.30759751747531056,0.3585960596393792,0.38857599708254564,0.3455090598763811,0.289767396029753,0.24995412388622695,0.22021944141614014,-0.10460028967416213,0.3745890602665396,0.08141383612608029,0.29131091154526256,0.21072981612357014,0.4624272739052311,-0.050179514485397654,0.061459162723200185,0.24511140404785084,0.25061624352747985,0.2239023156154371,0.31414717010872373,-0.2209565013161463,0.27020980103899206,0.12958480440011794,0.3115851040073174,0.03431809643812738,0.019348057116127058,-0.08572138919583505,-0.16055987540308558,-0.5062234233640084,-0.3315042865128875,-0.42116995523617334,-0.46447126132460353,-0.5442601464792383,-0.3479339273552791,-0.5315352413651954,-0.4636499364946583,-0.5300271065168936,-0.6004967689418292,-0.37289283781935706,-0.4892843392019399,-0.5086846580938482,-0.49733319874757964,-0.5860087507266443,-0.650371422366894,-0.5446959160168428,-0.5653072480319828,-0.36291923964336,-0.16085612614643383,-0.449735306478649,-0.27201013615434655,-0.3330841269923461,-0.30151961242490644,-0.5650487400203056,-0.502923815803394
0.6631232625968162,0.21763832120803545,0.01830365091939135,-0.48993531793907624,-0.02199202012904307,-0.3323865998454872,0.25410020626700835,-0.07095280521076595,0.4760439703563005,0.021354820742487495,0.5788569171965908,0.3170487926452678,1.0,0.4562558510998691,0.5369750464927514,0.381637747121381,0.1607756918287665,-0.02776147111380828,0.04649165320974811,0.2346548255197041,0.07665677865203092,-0.01572136069624077,-0.18323603806842617,-0.438353155176423,-0.2752007564403721,-0.23010385244453488,0.3149161329728437,-0.038596181203355805,0.48345534229110637,0.004888483020262781,-0.05762941942886272,-0.06258314952586769,-0.1451442989325811,0.04326961902369239,-0.1769330346219534,0.15665644643583246,0.08921978668627698,0.08145230027744323,-0.1949581822899915,-0.0596151489498921,-0.050590877671092736,-0.022788997803193663,-0.30108069038796187,0.06611793208309209,0.12396440541472993,0.43427200526495807,-0.2554869201054001,-0.1536573851693139,0.5892012157727706,0.47449908754405495,0.03869027970947384,0.15330772821559793,-0.34135564804390434,-0.26287446144946375,-0.2640755448886923,-0.49513864420754183,-0.3712263241592342,-0.247693580904798,0.3948110370079279,-0.05413246083765796,0.3136779432610179,0.23029299250047067,-0.11155395219191154,-0.09836792004300703,0.2804574156488291,0.3750713456843211,-0.17378262194582356,0.16400123717348836,0.08973356836313272,0.18278306493076488,0.22152131574728628,-0.03402877793114599,0.2713797169254419,0.08880199829472737,0.024040232286700398,0.4283757924228785,0.3064536887239264,0.1934248507117623,0.12598506626993472,0.15616694287785732,0.1611793188877662,0.18685657978147216,-0.032135826747389545,0.2832466349226773,0.04882407096796859,-0.1125913662208052,-0.12925063583126004,-0.24427156409038628,0.14086138096061113,-0.08698302167741921,-0.36569785829576296,-0.22310538977228425,-0.295594963298469,-0.391505313408837,-0.22401144594238187,-0.08998756491309448,-0.41637196645185226,-0.34858214893698164,-0.27176122525794155,-0.2928158690566007,-0.45472592930342853,-0.38855592309578857,-0.29399494674826565,-0.34763652813922413,-0.2564869347863447,-0.33854624782022136,-0.19608492038871822,-0.2724961621333485,-0.1033875823145949,0.1406397671043689,-0.12662766925956348,-0.2670400671201625,-0.16919723774064813,-0.3565886958059441,-0.3428007057929124,-0.3296276776729899
0.13604259614098504,0.5341142842376155,-0.23339830560876643,-0.46107771572582507,0.06501710295631544,-0.19167932745746466,0.02179917659680911,0.10974222837456278,0.04163547224210629,-0.32905442219432723,0.0031078129630949178,0.5195898720431733,0.4562558510998691,1.0,-0.13270123150172025,0.3010500034610521,0.2710244316645614,0.39941004964527793,-0.2562331635011165,0.5153585449282443,-0.0013320989545247224,-0.07274035197351468,-0.6090437220937623,-0.3652296348304675,-0.36380923216233535,-0.430150745431697,0.13884529375373697,-0.32820655773017215,0.2413319922940239,0.41200576714277093,0.08602935197388228,0.06959917309828269,0.1743571757125818,0.38999928958332536,-0.2027853018327554,-0.06763229415331849,-0.1070926104304728,-0.21112540387608067,-0.23116172494651102,-0.2638242121366997,0.02099063355337533,-0.06650704532965465,0.0077203675586219244,0.14618881622539576,0.4120626736216608,0.5042976578041594,-0.0927499836320285,-0.052198137040562045,0.45153544641845694,0.7911807191718767,-0.15670926389107423,0.4411996803895344,0.02195917553309637,-0.2196763729169984,-0.16779343924677922,-0.342517168662574,-0.026629122009742667,-0.13181046640883132,0.40857466279912474,0.2991480115477226,0.4599971907283153,0.5345601969943966,0.25016005406019265,0.21519682210480146,-0.081236948227579,0.53449135293927,0.053700801664757,0.25498295093897344,0.1658488833252316,0.25061685872246153,0.11050020302739076,0.21925043137285888,0.28524532353184473,0.3203701941133528,0.21052919291200178,0.32467851501330064,0.05092547905306808,0.15527618735518392,-0.04383401985381488,-0.05250308881526736,0.16803821558453697,0.09330585044568582,-0.3661811675777816,0.004583264273548801,-0.24433018305982,-0.15227834739260432,-0.2878599973862321,-0.4183356209737857,-0.18603763699610484,0.17487684700976813,-0.22463522899348665,-0.1944491333994782,-0.14312051884260815,-0.37006664135271344,-0.3843773163951367,-0.2329678305542093,-0.36519495350437475,-0.28954881234965346,-0.3025402345064818,-0.44803207248029353,-0.3375023528215906,-0.4954458438173892,-0.43522101846166295,-0.46915189428670606,-0.3915038279119786,-0.40946305389411974,-0.36266049529808886,-0.4045257430388357,-0.2983334707067952,-0.020280840538021525,-0.2728257090419764,-0.3973076574499868,-0.26822485010901326,-0.31448383030238275,-0.3675559413339743,-0.3927754680570533
0.5486732041650073,-0.06745575302104061,0.061076235151586306,0.004524174886191062,-0.13258600583640567,0.009365270068710407,0.1992922097315684,0.17328372359515315,0.5330363599995576,0.3938305477091965,0.4764606380407464,0.0059145119107558855,0.5369750464927514,-0.13270123150172025,1.0,0.36915270224629104,-0.26462238022289086,-0.4460580255168934,0.08706118868557011,0.08769695508140274,0.22595287059703628,0.13838723220130641,0.2864635582205604,0.17637534182141582,0.11814017213020742,0.17191927910397056,0.3315797192763576,0.1930741908752349,0.07645242819747171,-0.3978347115454427,-0.12786631639018517,-0.07373131590091604,-0.24676738512298863,-0.08852889442695473,0.021648605819375652,0.2047203064567318,0.19383891005343915,0.29343901463267025,0.1160894549130837,0.10048172116687945,-0.0254603310179173,0.00080076519489752,-0.5899804729654184,-0.34995544321460337,-0.31366847181315194,0.17451564434297498,-0.6225953266567124,-0.5043104870433471,0.27824252687582174,-0.12695952577669786,0.002466644662649081,-0.31919354256860993,-0.504252123845579,-0.43103750363010146,-0.17935795955309014,-0.4175427406207092,-0.4267365209540206,-0.1172435490888398,0.35233359003073855,-0.055048844220163,-0.10239530572221937,-0.034739885691144556,-0.45306955671687715,-0.25108660076300543,0.24530708674771654,0.10838329444301739,-0.006417033454736966,0.2125001866353576,-0.13482602493199836,0.13831530196904163,0.14760233354416372,-0.18561614562529702,-0.20246002596792342,-0.25207554065540294,-0.28731805090102014,0.004722009852920602,0.14221779275592483,0.1742707612037101,0.18120168340589163,-0.070294365164117,-0.06825354865523839,-0.09323160530450895,0.3834355057335855,0.41107924860005024,0.3411249507966658,-0.08910820588893703,0.22441933053898208,0.3883130346077593,0.6993030320089635,-0.09804098436128406,-0.27083776173727847,0.11361398682201054,-0.10550649210056712,0.03100937895926223,0.040841289647031855,-0.09269448640131045,-0.3152421508343255,-0.2283519964072855,-0.312514542278909,-0.1526050240849984,-0.17658265148161217,-0.033180559773296814,-0.04039471454800502,-0.019762166817366457,0.036229762580933016,0.0348979215335162,0.21179880150530997,0.10029176220270344,0.050226445825986454,0.07881144788048174,-0.0548805190754472,-0.3995724356039286,-0.1771355775005143,-0.1801588017705167,-0.05648049531692508,-0.03610156345221374
0.3515437181762499,0.38935432796990904,0.1552233549898542,0.21351250215159506,-0.46952883165697834,-0.019671459521003444,0.20629456118377357,0.5510491227002383,0.28873125480313544,0.3766428064389134,0.255528072632577,0.3045517452730669,0.381637747121381,0.3010500034610521,0.36915270224629104,1.0,-0.2752797073994814,-0.07018541485970446,0.12939790338854715,0.02297592624034904,0.22386488824495707,0.29779740653813686,-0.11374426005552804,0.09469904856392082,-0.07567516441076665,-0.02940169371300229,0.5165654533656098,0.23512476915607036,-0.1750392755323911,-0.11474615181517779,-0.03791471778255549,0.07585937667863615,-0.059291484933655075,0.03534353011307212,-0.06765151855748801,0.3826297390364751,0.0886902223318445,0.19048754536837745,-0.21379109892591897,-0.10536190321459914,-0.11931886311243495,-0.03733557687158363,-0.293876239930376,0.00024266572615760153,-0.1412829912713767,0.4006566823239319,-0.3662082028639457,-0.13065231074867778,0.35397381929792154,0.16919727283853794,0.23231116696525356,0.04806506933141515,-0.43549739026760315,-0.36141836311951764,-0.43228677009681826,-0.35354568964068134,-0.3787527649001793,-0.3079341598665476,0.1491490321207318,0.025759114406552805,-0.09852281501998641,0.0948425960432801,-0.24344346829014468,-0.2502582220038841,0.2703203421020463,0.5412499083994712,-0.1042883986264939,0.12041747266586789,-0.16297821098960594,-0.11665100256080436,0.04399548983151462,-0.03382628833151327,-0.3305113730366848,-0.06372394539101306,-0.026587117683971886,0.1706698746317446,-0.09802571685918894,0.0722118872387914,0.14542299397792824,-0.05863617370460068,0.0840860760244181,0.002882041654152293,-0.19237173923660628,0.22889931657506782,0.032824768881643616,-0.1463396929556738,-0.08383416937125046,-0.01504136281264276,0.3238791415577961,-0.03483097165638444,-0.37961298850796316,0.014773440197240386,-0.2176900821263653,-0.2525770345442308,-0.07532884706622198,-0.04323373982606166,-0.41089244094763255,-0.36447670991975284,-0.36211007205204276,-0.4016239813601932,-0.1866583018139706,-0.2016754126030852,-0.1348523577599088,-0.19478642757065864,-0.07634025765533399,-0.11546972588466517,-0.046805732223952415,-0.1984781155456837,0.04747489643957538,-0.05797836477238914,-0.20589940796929318,-0.3145438497665329,-0.2109243211718837,-0.27729027197168343,-0.10425953249424962,-0.17938752965143495
-0.0623479840003056,0.04617920286499483,-0.10618555476371358,-0.29945270884358327,0.2394691629578289,-0.2667751710470371,-0.3009378501033093,-0.2873255332737554,-0.13248377474089965,-0.20034225450957976,0.04091076276783196,0.23217328944955934,0.1607756918287665,0.2710244316645614,-0.26462238022289086,-0.2752797073994814,1.0,0.6007765282570419,-0.23179188589605995,0.011909979028021397,-0.1340628470416231,-0.12848953809560765,-0.07567997018710124,-0.3116955746345674,-0.11929413980162487,-0.037280575659634475,-0.25647746770014085,-0.061855139561947686,0.4735316908152174,0.412925805710512,0.2839035022792169,0.3131944475337716,0.1837448218737495,0.3809111280102797,-0.2010706026955445,-0.09003087449767369,0.12158720916543632,-0.06659402918208789,-0.08882505196313398,-0.03139356987363648,0.1778246118588747,0.33738741183229115,0.19725853624836223,0.14852867726263058,0.16893140105357324,0.08508703130334883,0.20063744228080532,0.3379320937463487,-0.09936806477459549,0.2308209397292763,0.17048645486251288,0.27292107878890204,0.3211454608007479,0.27186420421462903,0.10257406996578189,0.13266968107601512,0.45994804814952484,0.16118693434389217,-0.03995135094717009,-0.14753871097040022,0.5482287746900633,0.2574732317261658,0.6716693395886544,0.4853216896097164,0.0664918881671868,0.03831969780962969,-0.11497504306470163,-0.10340384879424724,0.2315167431099346,0.15481922788395894,0.14090702558792648,0.19525383239157745,0.5908528842271549,0.39542309176666013,0.44591764051945776,0.2678999788868771,0.3679747438454671,0.11789267412482549,0.29016594507159404,0.5034454712663532,0.5193031680565192,0.5131760440830848,-0.03170530348175047,-0.1319973536835358,0.02893894661965454,0.21576002746064413,-0.031395736245594594,-0.24660258449935368,-0.2577127637725363,0.13480265333300295,-0.1706495425367725,-0.5792669347088035,-0.24236903080284528,-0.4462385241603751,-0.31730731259204337,-0.14606156129894618,-0.17212047900979185,-0.10386225666217075,-0.10541799776394406,-0.21474572080217677,-0.4033534862831082,-0.46020147962602687,-0.3974638307348408,-0.5250191597274501,-0.5228034360631865,-0.474621146491471,-0.4944309331836599,-0.4806510096552732,-0.3856621268507782,0.1329128728029797,-0.23228605088306783,-0.02889640484147917,-0.13826843784109913,-0.41205114235741436,-0.45605682746382953,-0.5102474857479229
