1.0,0.16549874301491674,0.06006064215354154,-0.31327402118214187,-0.4143857205282464,-0.11173294420091288,0.007382316459979945,-0.44056576496632316,0.09002991061916377,-0.1541549587995179,0.6994322685079646,0.1684041128781877,0.5367974060516274,-0.2549225431454357,0.4786816985076054,-0.00479604529221097,0.45862683178722685,0.12880739894169627,0.45120699490957394,0.2583973128610233,-0.09819818439577062,-0.4379682632012579,0.435962314414824,-0.17143578471161555,-0.0685228162083431,-0.01774409192986626,0.24936931519522457,0.2209117475582636,0.38870808280167507,-0.17742851103672663,0.17430105016657332,-0.23988841013259413,0.22463886243082357,-0.2087808315413948,-0.12245955858507575,-0.24521899740389538,0.27787188208304814,0.12340066034696519,-0.021534730263142614,-0.00846914739813881,0.16826074624380188,0.10320942917303261,0.31494294108736975,0.27627741740903805,-0.08882384204064912,-0.43051056485632055,0.22273429765005448,0.23848299711271792,-0.045721304396887916,0.11851439466825658,-0.18309029112001224,-0.16201667370829456,0.1394640230471098,-0.08873993020698075,0.06715131937475907,0.2715260184648165,0.4042993426689826,0.23971643620571845,0.531359491689876,-0.016492446924156468,0.19160089477181572,-0.04653590419934719,-0.12730320847859464,-0.3224643484694306,-0.18889214737753604,-0.373770951680828,-0.05948533344487226,-0.48212064187385717,0.15639254188401558,0.019275705308970388,0.17579988433033814,-0.3133552803966202,0.2867830191168259,0.048867194290902846,0.42769897693345926,0.37373578411700725,0.4499100800896286,0.24578544303940264,-0.20988437579005956,-0.11077323063198408,-0.14062890372854583,-0.1662232761555308,0.43864792069022784,-0.24730573696254343,0.3904776964920566,-0.2178362374819699,0.04855017181517177,0.2403237799690767,0.386488827997001,0.07481866607695585,-0.20189998604804085,-0.034352378464819776,-0.19568710019028182,0.18911135129917128,0.06276933645423437,-0.07845005241534758,0.14118562403389967,0.01353111087556031,-0.20695256421407202,-0.07452416171076078,-0.09405412767554706,0.19985704527610873,-0.5351293932765683,-0.25688560490248685,-0.515595663530656,-0.3741390580712531,-0.338216642010632,-0.41352871610496694,0.13798408585777502,0.12139966478186855,0.2774921865230976,-0.030315416839720943,-0.25943172013486054,0.016244668521691093,-0.1181918968653044,-0.10850733741249821
0.16549874301491674,1.0,-0.06852504714799043,0.17369500862094228,0.11110943080196406,-0.08172494699550603,0.028182180549098063,0.3493969628394436,0.2862664163383902,0.1021839396285141,0.05878807781549418,0.32712759088667914,0.010030840742336816,0.3772768694880725,-0.03083747356454566,0.38960285791855237,-0.01791535444282852,0.19633272051572165,0.20265673497357625,0.2197265886470181,-0.1383993955710821,-0.2287355799882329,-0.07429311862514201,-0.03577966329012697,-0.2764405209736673,-0.20693995037778495,-0.44489666043024784,-0.338786657320586,-0.21107086342063913,-0.20218494061811312,-0.22562426814495176,-0.07070094117175074,0.05642793242635755,0.24997697314169076,-0.16660831893372616,-0.07205048200811723,-0.3390405333007423,-0.20475221986445546,-0.24534595716337923,-0.22111015122676367,-0.12248416469814097,0.1718792874862736,-0.016044956411338046,-0.027878579872833986,0.04654356386675428,-0.030576565032800068,-0.10409247064930047,-0.07991820122907566,-0.04590285330288521,0.37307725570450656,-0.16264335594517929,0.05039684687392525,0.015680887551539582,0.16755030332160736,-0.27522785277449396,-0.11267441441453326,-0.05260824265941119,0.2712425516937668,0.11590527226052173,0.005020967071357763,0.15682423842934468,0.6199183257633661,0.0586367127477585,0.2879949207031408,0.14425195340511143,0.43460083270573485,-0.041274267694455746,-0.061375431379444366,0.2299319260460355,0.07421852892122381,-0.19409501345292027,-0.30428038209338987,-0.24906154195769692,-0.1582190356161282,-0.18727963608807138,-0.0762198068817685,-0.20041541424909273,-0.043386883140034624,-0.1196962536843208,0.12363795023781914,-0.14652889467251318,-0.1625166303598074,-0.1548376743005946,0.10138684352937419,-0.10394331891696505,-0.1521735453302173,0.12989467580090558,0.07784508339621614,0.06515248607603373,0.2761020793778601,-0.09149073858740568,-0.08897458431617299,-0.019149268423966154,-0.18843402640424672,-0.1553887307835683,0.035958760932295615,-0.2636668627577971,-0.20297931247114148,-0.16908880131364623,-0.08848311102244054,-0.022158636086161802,-0.06756056648626299,-0.15995020323820988,-0.18585428897118064,-0.06539132121374973,-0.1350527645541964,-0.20212127502620122,-0.2490344805006426,-0.12932667107283202,0.020720747464514033,-0.0688533873406867,-0.030061334318469454,-0.13843005120291332,-0.2579422478886142,-0.2913028838145269,-0.10793682232150671
0.06006064215354154,-0.06852504714799043,1.0,0.15158857437859447,-0.18740677825570343,-0.18608258422544863,0.5591834587125413,-0.1907308126028752,0.026950763810929645,0.07591548708268249,-0.09686257044260307,-0.3581549511448294,0.0864437511970595,-0.22161135432071466,0.3289583124937403,0.03944022031207835,-0.2982080893720383,-0.2813262779001058,0.2463565069762064,0.11565056692202992,0.2338358785884462,0.13478098379059725,0.5236199299133614,0.2755045374843764,0.3377556498043137,0.37939007124953344,0.3799510543719239,0.3255335478934349,-0.08325822186441306,-0.22712447453705847,0.6268043230422745,0.3159692705324429,0.20361784176017006,0.10671985685447277,-0.10743226678766885,-0.12000615326657865,-0.11640028668778651,-0.16699472987532676,0.17640751919295383,-0.03710160624373715,0.03742844445904812,0.06553822940737099,-0.006352785650797929,0.0033401837606846585,-0.031118018240381042,-0.38013165122640086,0.036953038719972776,-0.36839549951706124,0.2273782587301547,0.06910044977014979,0.3460250884154786,-0.0606530970630766,0.040692211039024546,-0.31848606555903036,0.13389015077384903,0.06682717491526301,-0.10109688323160015,0.013846298744015068,0.08344911383037064,-0.09496966675368228,0.14768333671527753,-0.26154576609562474,-0.2386439249586961,-0.1844527836347713,0.13298171928854555,-0.16784657406012024,0.02222115459489591,-0.20569281155918748,0.2282671355387636,0.41044857834011594,0.07629722055521768,0.010736606668792765,-0.02821439146669993,0.06245459045722336,-0.041475263079364444,-0.08860860105424728,-0.12290661495262574,-0.05066549451748162,-0.25364417041081566,-0.004179661248112372,-0.21867207770935473,-0.35994727086754935,0.32664791386847963,-0.10878812347205387,-0.1904176080244317,-0.051073872679116894,0.43809374061540085,0.3661856196105378,0.29402304748504776,0.24669074217263579,-0.23369048283456603,-0.01605845789687773,-0.19095644767241837,-0.050592558830838574,-0.2757792758119015,-0.39296585032449244,0.007417811062178789,-0.1661723691216299,-0.0755570069007774,-0.2745819286448418,-0.056474673503022266,-0.018356442055138016,0.09246131382513127,0.10315436671670258,0.07690732021676831,0.14366180037072268,0.15912129953439702,0.13603148252241787,-0.273011962605837,0.13532702609519337,0.3237465851209536,-0.16134354658858827,-0.1933276591699689,-0.05501977431863096,-0.24300424883352784,-0.31604373776117217
-0.31327402118214187,0.17369500862094228,0.15158857437859447,1.0,0.21970407070321443,0.242055965917927,0.09672259646469061,0.5041829727860457,0.382683996908584,0.23949204258128912,-0.060476990869972644,0.08303865414516948,-0.24218828287061495,-0.0388669255762167,0.2686257454765539,0.45516111864956166,-0.47996936230007564,-0.30423998560677906,0.3640549336068557,0.0303119661350517,0.011575199315790725,0.20152948027261303,0.3382409124164215,0.6963451414352267,0.333310133885411,0.36176185495548696,0.05119509510729067,0.003351792515845906,-0.7379199363919005,-0.47844044875255054,0.21113089966200252,0.6488381093000796,-0.05647525270926489,0.1850720122862923,0.10135803267205669,0.226033572771659,-0.41631012823670577,-0.19417832181727496,-0.11189837681009461,-0.21565425944142705,-0.1227563826796163,-0.0121886955357896,0.03359512940543548,-0.02761514062473632,-0.1705907375431831,-0.05798574165196751,-0.42086221833461257,-0.12476010923953415,-0.0763802740111424,-0.11628612070432803,0.13606937193224342,-0.02188573649106309,-0.41550229565063146,0.22328614503814792,-0.22905021931406833,-0.3960447025830957,-0.39331753585494866,-0.12708059991729692,-0.536789545536757,-0.15934928742534765,-0.3902817468209656,-0.13358687463940497,-0.40485679920019824,-0.10213183349391276,0.5677295434989895,0.44786551682736425,-0.20389259821379851,0.07379074411842926,0.21568447847658748,-0.03696771045760797,-0.14086969783850403,0.03444816852837145,-0.6118167686478753,-0.23320646391193464,-0.23915384113724844,-0.09757524528422844,-0.438126843088687,-0.08685228514770096,-0.39834048037766484,-0.15284548797960826,-0.515897504359116,-0.42876919811119935,-0.22103242516498695,0.03540709426674538,-0.09000970401305021,0.12971438195257098,0.3486213598266636,0.08206770051101213,0.31156385424513305,0.2703334951304805,0.18817984228683904,0.06761743980146682,0.4716129138179734,0.22717396815804172,-0.13082467291577518,0.05962136178999978,-0.2926068509266663,-0.034170929798136795,-0.12378388711682933,-0.17726602473258513,0.1808611551167959,0.1746771655302183,-0.0011277173268092583,-0.25951670147056927,-0.03912638594224849,-0.1792750714560393,-0.19275242744752122,-0.13910033338555,-0.27081520610551263,0.006641262431591387,-0.017467739346227716,0.18831061232126026,0.132099055115113,-0.2545029595859993,-0.14822065600412823,-0.17037129880591645
-0.4143857205282464,0.11110943080196406,-0.18740677825570343,0.21970407070321443,1.0,0.059067240233430005,0.174905429258541,0.31518445990984695,0.25410627047127193,0.05301644513404159,-0.4832900134617949,-0.06455940754151288,-0.4661182709709842,0.18485595583193806,-0.4203443490750142,0.007193752133222508,-0.20192952362653058,0.017349486971103417,-0.154765373200288,0.0075266644969113955,0.10968584429272273,-0.05055923519790913,-0.31929673632770084,0.13566831534124585,0.1892710462326297,-0.12800633187170954,-0.1538222473464687,-0.4213550741271293,-0.18148242568358144,0.15331504248223715,-0.2625481574446473,0.07950391332045707,-0.17435858550480068,0.16090892368360793,0.03601818718643794,-0.11093354348547094,-0.18166842470145855,-0.2167123806507811,-0.18214880654197455,-0.28215342622161915,-0.08451868663352842,0.02753194498983015,-0.29100587129099365,-0.3176428414757063,0.21685387709749993,0.34149933573030883,-0.1601800242554466,-0.1229774532458176,-0.03624283000133642,0.07252032372225085,0.04007790883270669,0.0448521608542379,0.08111291377331711,0.24775324112488004,-0.41879599087001074,-0.014298750231172611,-0.16940755539431376,-0.32128981676847695,-0.12436908118483916,-0.08134377909199883,-0.15115231494982034,0.26050372383906273,0.20284085743541294,0.32442423776777124,-0.02190906297352861,0.20384832463004582,0.07397908088972588,0.29721358031566014,-0.02654127239445732,-0.0190575519838611,-0.15187528085031746,-0.08465240360645117,-0.07860077655036166,-0.12158274258973753,-0.43145479673286197,-0.2601522489913807,-0.30685359436365367,-0.1674965087568542,0.17593933682622995,0.05726835358573383,0.12416394459158993,0.16276451106650225,-0.23205242220703953,0.18989361431683263,-0.3128867087803728,0.08904155182425612,0.23532931743527472,-0.04319298818630027,-0.376322704835915,-0.08950366205607654,0.30883312365113424,0.18269636441854553,0.2667553469275956,-0.042200388491390656,-0.06383038723798469,0.08683849670504167,-0.20513168791251968,0.04941778812433262,0.2851802556027881,0.11399828529299122,-0.027521548827974175,-0.11781258706660426,0.19310180488792225,0.06622871488307551,0.2093742495707632,-0.0014246334438381932,0.10883926127778883,-0.047075919608122865,-0.006705442631856218,-0.0418638224041577,-0.1017373636258894,0.12967172681118197,-0.009157640273774938,-0.031721876384410146,0.010116195021680463,0.038491277520759704
-0.11173294420091288,-0.08172494699550603,-0.18608258422544863,0.242055965917927,0.059067240233430005,1.0,-0.2147871524929552,0.12604892133344384,-0.01986855463925849,0.10018398809308696,0.015591323017531475,0.04476722342704572,-0.03171742614562792,-0.17343793232952406,0.23406483979980108,0.017252291023219953,-0.25929791756428194,-0.16460231266975658,0.24252193535265734,-0.2557584006567857,-0.02289993946652359,0.033154506320674584,0.23470972635202392,0.44347319520410694,0.37061806271843734,0.45400194260325366,0.22707518431637777,0.39981298221937595,-0.274434228832587,-0.25625940328283847,0.14359604634087683,0.3586509692025691,-0.0831800056182303,0.004315484631774422,0.11317581059758473,0.24172287684383012,-0.0795532345978416,0.07428577381860157,0.08214168674174047,-0.1533609720533307,-0.42439888112700186,-0.3036184169427696,-0.01493368454316387,-0.004771135222185288,-0.2007276588445589,-0.09733064397053415,-0.1225015043352393,-0.02698229134071324,-0.020317240438034765,-0.3645745518380645,-0.19665198297690173,-0.04664347896698721,-0.20613579159182327,-0.08438858860516828,0.08408328784376526,-0.23340475287841658,-0.3721517903152221,-0.370241082551747,-0.37424114404296854,-0.011432248759721052,-0.2200452258208306,-0.07157041898415954,-0.26079744145372424,-0.2618859151850292,0.3051234459761346,0.28116723391893234,-0.2079916188201119,0.010811003254077465,-0.07123650487227962,-0.09972101812157258,0.05528772328306013,0.010455028538041504,-0.23096723926483712,-0.15033759708458624,-0.1534758817645506,0.048918055756280804,0.10621972193581661,0.1863459682643881,-0.3128811114126615,-0.24224323860381536,-0.3773920976743182,-0.2260760167939617,0.11943637468475853,-0.1319236226782858,-0.007790374599398831,-0.21173230469423657,0.046316488220901314,-0.06821921564571451,0.2873920536164299,0.1486204242644081,0.13112884708303452,0.1734389956935316,0.19607949014965834,0.2452951463647805,-0.05471630840123046,-0.07341701573910332,0.29934796729782914,-0.004008153910593123,0.001735628206552034,-0.1538495519577511,0.4668639139656562,0.334173175960277,0.11866249152794428,0.11687444906119564,0.07747691167824365,-0.06160756780395546,0.05008098809966682,0.0842637955131293,0.023494544142095643,-0.1424234939511737,0.10597085969022912,0.009958057205675908,0.13043632348058873,0.08954496345229157,0.287874559761274,-0.027672395593200616
0.007382316459979945,0.028182180549098063,0.5591834587125413,0.09672259646469061,0.174905429258541,-0.2147871524929552,1.0,0.22129167642926142,0.3437490963643951,-0.0006553264975043225,-0.21811339471017094,-0.34094392172134796,-0.046641715077556586,0.17517514557209657,0.0979146875718672,0.019068414357777907,-0.30379983327377785,-0.211024265654766,0.26459110032916106,0.06402116417113937,0.37525453356026983,-0.15456572487562414,0.27417878760482883,0.2480809714159107,0.2291050141812004,0.15576254841892279,0.08596819117468633,-0.2439956310221946,0.027629221109505525,-0.05995049517305174,0.35777284324735475,0.29984824029134804,-0.1620945991693387,0.2802274842418563,-0.22273575379066266,-0.20967181237719032,-0.122415578616297,-0.2813473907929449,-0.3200664846461581,-0.3542110134943278,0.10544964654395403,0.03839648351112942,-0.22586128927794408,-0.14306386475612534,0.17857901873933366,0.043531437363480356,-0.33676429004446035,-0.627966542179711,0.189738528092703,0.10103708596451003,0.07126303584726044,-0.21386144679854008,-0.15061875106514805,-0.25377160972628265,-0.27114110658579016,-0.21709324797647978,-0.34445539862661717,-0.08293035706440145,0.1463581232327685,0.0945366729225449,0.17408969816793698,0.01475805048939879,0.1677009423555803,0.1485742850430253,0.25921276399542587,0.060947721553515605,0.2084805989424546,0.19139241122630096,-0.049255438435139624,0.1771733482163039,-0.11670033104897116,-0.020854160280194906,0.20903826369072623,-0.042687626032980486,-0.01890042333199242,-0.1482060723306416,-0.173017659807887,-0.14946962802736166,-0.28775771069454714,-0.1485018768173092,-0.073915498638886,-0.13166627055630795,0.2651571474331519,0.045220040076731395,-0.2644585270783528,-0.10073721999772776,0.36375737944525494,0.20498695738457498,0.008917549341851391,0.14353446305858164,0.05928807580180353,0.028982898875542513,0.10161419960445316,0.12774821142538903,-0.31536770825779814,-0.27406430657740044,-0.475121547305949,-0.31960951273651755,0.01665907232916446,-0.32681244752299105,0.026322738600604634,0.08078709136406392,-0.03518917842440099,-0.05167571581514328,-0.11336294533979006,-0.18289853551879484,-0.17580311248669786,-0.1486871114147109,-0.4158639246053752,0.02350375797321623,0.05882177462922742,-0.022248048183658574,-0.1431379193278041,-0.07267770361625703,-0.35074390351373164,-0.38882131694096117
-0.44056576496632316,0.3493969628394436,-0.1907308126028752,0.5041829727860457,0.31518445990984695,0.12604892133344384,0.22129167642926142,1.0,0.3251759599191391,0.23706366560796927,-0.2624016490867694,0.3126730264049997,-0.3184220573959461,0.5681800021181824,-0.27650546084494326,0.36845106345642176,-0.37462611754510255,0.02605979156285218,0.025894437381760657,-0.20048173990358614,0.0014417753078493315,0.08359882276543995,-0.2388367990288008,0.2990689000945775,-0.07552665738119765,-0.11077404586929969,-0.40361492133573657,-0.5333386678197471,-0.37855410536065,-0.08282925110577041,-0.14127116012561672,0.3036621686288584,-0.1666535921303469,0.44538866179770686,0.018627433226642825,0.16948083604754363,-0.46810171905856235,-0.20509523336046076,-0.43223629575157485,-0.3667341193245175,-0.16550634658207772,-0.012810575945642088,-0.06052912297283865,-0.08546327576336916,0.058688727015235684,0.36393923042656834,-0.44350957089849874,-0.30986949441029904,0.038937798794405044,-0.07767806613850287,-0.1275759521659507,0.08052980917282031,-0.4143785495273938,0.1984241689464133,-0.36905978297190767,-0.5222986509096118,-0.511514958817704,-0.2826266109598227,-0.476136512381667,-0.09300476329602321,-0.08246063375077707,0.28343580500051113,0.17592620476451534,0.30464762121659406,0.5054942317892298,0.7742098538046385,-0.057111647420939014,0.44160328339645577,-0.2663414285328111,-0.4170142343577563,-0.39106517438327876,0.20776454845193412,-0.36438299893986165,-0.2858453644237595,-0.32713278886789354,-0.19130680962067192,-0.46708016713193606,-0.2095601525107724,-0.11022934898126394,-0.06093030735446419,-0.13039482013697296,-0.1322224880508834,-0.39737008454569833,0.15853904845677716,-0.2633382924488405,-0.026180215086908418,-0.0469926468566957,-0.29940860247651097,-0.1702099782778146,0.2882278255759312,0.17422303060529912,-0.10025686947645775,0.41513643999668,-0.05577541088213069,-0.13064662036099783,0.17710699542786162,-0.45631936446787447,-0.3187376439823772,-0.06267185114148886,-0.21319266285466076,0.12729543543773936,0.046685253189670525,0.0026181816968939295,-0.21911693375808636,-0.024017624800030484,-0.13528858528611762,-0.266826647291944,-0.07511005432647822,-0.1858553970360153,-0.11655592217802069,-0.3832578084234885,0.01282103946051136,0.09752427974297151,-0.16277762812216043,-0.09457948003118245,0.01489981610849813
0.09002991061916377,0.2862664163383902,0.026950763810929645,0.382683996908584,0.25410627047127193,-0.01986855463925849,0.3437490963643951,0.3251759599191391,1.0,0.1690310663245144,-0.005337114207391146,0.12107749119287028,0.10983187931248804,0.23191171324584323,0.1628854843301861,0.4290280413248875,0.0006194778782564001,0.2437256283172284,0.28859137309502353,0.11088398593978177,0.07110951491754748,-0.20129354049834255,0.0648518416846723,0.23107502919100537,0.1619593896473488,0.09205188544291627,-0.11674499860748111,-0.3204704315807947,-0.05227506247768115,0.11829892882427505,-0.037414980668318304,0.184402788372995,-0.10549835416303102,0.3342505862347042,-0.22237493997104535,-0.07495856291433653,-0.13638615766485118,0.1488227878375297,-0.3827698255800501,-0.06970645776170685,0.15253368878315787,0.40709336505711174,0.11938580218238326,0.20719111330081366,-0.04203055804498541,-0.10467154862889476,-0.24950389997576516,-0.03351547157880166,0.03063293832855114,-0.04944013682230381,-0.1011403876571366,0.03761336407462917,0.09517427756389978,0.013571227507062201,-0.15142448351840496,-0.1512709625893816,-0.25163647453656734,-0.052547631627945866,-0.05034127343410406,-0.19440662058564717,0.06014715715803693,0.02831189246067774,0.006826564134662207,0.23838294797008167,0.09919572289801895,0.25245061087948617,-0.30632777344638495,-0.09353463576712179,0.09299904688284365,-0.25984467952831486,-0.2933580710899193,-0.11841182120095467,0.08628300436624135,-0.035588680954562545,0.11343220226263315,0.09196873107929854,0.06277088008005816,0.25893518022175516,-0.2528993849787502,0.1592294235791583,-0.12969639390631718,-0.07612145527922927,-0.1511319793993397,0.23995335093748343,-0.4187891331455962,-0.26259075071906207,0.11732317110756298,-0.16049034237280171,0.1082886863940059,0.34919190114547505,0.19332936039304952,-0.13783913579041107,0.3695109252744239,0.2952453084707305,0.05414686119778694,0.207700907903611,-0.42929009305498733,-0.14177206335763318,-0.004950560209668959,-0.17431513690045916,0.03221329961568764,0.02129336182339554,-0.33018440490480305,-0.2993085067294037,-0.4262863546470605,-0.4531899354276075,-0.5056974045262258,-0.4313435822232834,0.04923613651182661,-0.21667505534359616,-0.10805867672764792,0.06782053950890986,-0.15908345506841085,-0.07950482150522843,-0.0705859368992182,-0.04643443181145738
-0.1541549587995179,0.1021839396285141,0.07591548708268249,0.23949204258128912,0.05301644513404159,0.10018398809308696,-0.0006553264975043225,0.23706366560796927,0.1690310663245144,1.0,-0.15371937333901278,-0.06253393054520294,-0.2609034403663728,0.09591762108477915,-0.026570303174295554,0.17105579867292348,-0.18976846304805817,-0.04112431779769059,0.07647938717498015,-0.04175799837952509,-0.24757936156484098,-0.12945372944099093,-0.044378724980932205,0.002141894519064791,0.07222354947521843,-0.1816522258027203,-0.032196213215611606,-0.29621878618209074,-0.3257512659588648,0.012797910397981642,-0.09588342825730084,0.045142017479710396,0.0533880225706449,0.12365516971315131,0.09146864662287109,0.02024815967100335,-0.26900769470539615,0.13457285869650734,-0.0610522273615338,-0.0654758299586336,-0.13116540190405473,0.210439747786595,-0.11962394052016813,0.19038549836728177,-0.0986568366151288,-0.00023242160032540597,-0.020911646561341687,0.12130957538237355,-0.01429702507041277,0.046967160747791704,-0.1327235940314514,0.4941058773418691,-0.017013227428609112,-0.13870660102338714,0.19873856006076374,0.1628084758733363,-0.0070704893925556634,0.04402285246131094,-0.31684194210086847,-0.015262549970916564,-0.16425397377357193,0.1425456424381325,-0.06572552630045168,0.06456835601274029,0.13718571615462358,0.15653921354252429,-0.1295947225215787,-0.04251578095566096,0.33140439853500386,0.09444840542501273,-0.03946603805081236,0.05921030643755928,-0.22548079612693825,0.09580300647322344,-0.003158908804642905,-0.07352300335123135,-0.10001778982183152,-0.08960608073281626,0.010227045899447094,0.1689344864784173,-0.019520253467903866,0.07879706595900254,-0.16425754194537698,-0.1930930504455899,-0.037857741689550445,-0.029289008092833704,0.08533995897790886,-0.14953775091037544,-0.09359304002876662,0.2728650226543173,0.14119321067690985,-0.16522557359890017,0.09847243669439568,-0.04061297268573024,-0.15006699544767996,0.05139975436431635,-0.26587701542300407,-0.4390853986298907,0.05074167681994285,-0.12367572662024884,0.2685412262675509,0.28930697171297726,0.31189237011476584,0.13546849015206253,-0.11088524815930169,0.03189840563477161,-0.010860247196438643,-0.027581905527517808,0.007556809886643279,-0.2940388178068214,-0.3696738949694824,-0.19998219781229748,-0.07310230563201255,0.1467774845670679,0.215669294936356,0.017880097413754282
0.6994322685079646,0.05878807781549418,-0.09686257044260307,-0.060476990869972644,-0.4832900134617949,0.015591323017531475,-0.21811339471017094,-0.2624016490867694,-0.005337114207391146,-0.15371937333901278,1.0,0.42896271350151305,0.5206558522320082,-0.2665830586472944,0.6619818534631972,0.11600313478296037,0.3638022430229979,-0.009294336897301142,0.5829544193680474,0.12087238750888625,-0.35690940783149366,-0.09103648915102362,0.4565755839689677,0.10016059316309317,-0.02337148779490991,0.043075901903224675,0.2734197392405687,0.2733279457980245,0.15918313620779342,-0.4359731429098899,0.18584770841061654,0.03625622281113443,-0.003886901353126173,-0.38888351344225286,0.14867016384230033,0.11296188060434383,0.05390337706265042,0.03536855505862406,0.07616836076264044,0.05832531530603536,-0.039017738389748105,0.02947710537592855,0.3745151569086577,0.3393643713075768,-0.16308886518254134,-0.30560081338941286,0.1562899986566832,0.32021769229783614,-0.20609214926317038,0.15346518874389597,-0.22573070129660833,-0.13558289217190614,-0.13726929197324444,-0.07339333739363155,0.1211314042203093,0.11687736990334704,0.20768193834622853,0.13292040634138788,0.08541522003506709,-0.1611884040750552,-0.07003256307712662,-0.2067123624727812,-0.46830235795722375,-0.6335517869167482,0.22523231097255905,-0.08659765951489,-0.23881006055831708,-0.42050591912558466,0.03855107795407841,-0.05605324581578539,0.09391113047954099,-0.05467811020446099,-0.10815062478951262,-0.08085990569085211,0.3613598216556106,0.2451319144332487,0.2879996239585985,0.07899125705212871,-0.2311961061520921,-0.06681086405326048,-0.4754580765583676,-0.35975585654651204,0.24313758991490272,-0.3358108014369655,0.610333408306938,0.021987256101172276,-0.013249212056710152,0.08978607670065965,0.5743612333680794,0.19394075814584322,-0.25760021592195864,-0.019681506793956624,-0.1626924250127067,0.13462269231454596,-0.016710750156798137,-0.04780751603108228,0.010874715037333237,-0.04442724454395599,-0.35226500699950153,-0.2234948092728137,0.02415098921426598,0.17571433461858632,-0.4362662515321191,-0.36715289000940615,-0.40152525005906314,-0.23215609277558616,-0.22087499406540698,-0.31531389297562756,0.14175524463546924,0.06220548525434792,0.08630732098451875,-0.16767786421392356,-0.14171294267020182,-0.07955779975155254,-0.13170366232309413,-0.08675584276080557
0.1684041128781877,0.32712759088667914,-0.3581549511448294,0.08303865414516948,-0.06455940754151288,0.04476722342704572,-0.34094392172134796,0.3126730264049997,0.12107749119287028,-0.06253393054520294,0.42896271350151305,1.0,0.3313716785649334,0.4165235526981162,0.12833981838215694,0.41082440770823764,0.2393876749541724,0.4431576399627629,0.04494100007227851,0.01969089945279845,-0.4160302500166563,-0.10974380820981014,-0.12713729492212134,-0.03969846864776042,-0.31882126490320967,-0.24139845551706002,-0.19273764336555502,-0.12768796510182592,0.08336438407259415,-0.010470347737783907,-0.12396699146536747,-0.11764228208850923,-0.039000134811516284,-0.16990278383027238,0.03937784373629834,0.1212723730348868,-0.05301787267826966,0.1538190522712677,-0.019161852592193697,-0.015868745314089428,-0.07426293801762214,0.10058737318469611,0.2515111511672692,0.2743991698265302,-0.3158632899219872,-0.11091874205967968,-0.023446258440965245,0.18604059765308864,-0.24443658363087206,-0.09458193121816845,-0.34755835840500654,-0.06243058280992065,-0.06674074371230801,0.009569252423665076,0.017066283472150234,0.0021519102066628504,-0.026974108333727865,-0.0601647378408701,-0.2372337035682357,-0.06343550765145932,0.15532557173043218,0.1429799612556276,-0.06924126780253036,-0.21860895505055736,0.19201341018977405,0.38559323178292293,-0.37153965416065227,-0.14836766945634483,-0.08055386791963824,-0.41355711181277827,-0.33711919629731246,-0.02287739741115444,-0.23608962947475098,-0.2846616772663425,0.015805058887002725,0.017872148472816617,0.057554929119115965,0.01061909509850326,-0.08951027226469326,0.03409575725108278,-0.13702202254328655,-0.19755884700614024,-0.10584657752186212,0.14076747328322042,0.1296149307100338,0.16476384097914354,-0.2741849128439344,-0.39551845739614283,0.12682941521279997,0.24041442157505277,-0.04430310890583515,-0.14968122754244553,0.0739883630068597,0.02178355230890676,0.18547589723461405,0.19373103627938273,-0.001772704776833418,0.06612256253128956,-0.21646629708720885,0.09646140220007961,0.00591966772663635,-0.10285518546131475,-0.22805754926631563,-0.27936379111569004,-0.24159247332490005,-0.10513778600368076,-0.20869622248429884,-0.123659967374804,0.31842707850016305,-0.020602152879398348,-0.23685414953083705,-0.1776673495603365,-0.10659377143758428,0.016144584652955162,0.12472874411716803,0.19512557713902975
0.5367974060516274,0.010030840742336816,0.0864437511970595,-0.24218828287061495,-0.4661182709709842,-0.03171742614562792,-0.046641715077556586,-0.3184220573959461,0.10983187931248804,-0.2609034403663728,0.5206558522320082,0.3313716785649334,1.0,-0.05025728412330787,0.5803813203482753,0.33219022298133266,0.21146071251376605,0.2724885602940456,0.16916524067139008,-0.10547412310094573,-0.25214063725485286,-0.27396985650116173,0.25584857417565005,-0.09804678983592054,-0.30139910493033606,0.09363076208319272,0.3146978766252992,0.4111672778083378,0.30476726296038636,-0.12702559359968738,0.16470091587341948,-0.2701956558881638,-0.04920115538416825,-0.4406420706171492,-0.3314654063725713,-0.13228957515296658,0.1931796010488934,0.09766514744181523,0.3283015487593983,0.09525075544809047,-0.11492008025687954,-0.0581385940119248,0.15694621824736202,0.13024762843072807,-0.2555165352562217,-0.6429368387307933,0.006664587231652224,-0.10697434069604596,0.1173654103959193,-0.11547759025954031,-0.22730570121041174,-0.19843839003551364,0.21911064687011642,-0.4601155483489862,0.40951728754699246,0.04494964614237999,0.048062797804677766,0.09099896122611677,0.41592058476701294,-0.0013138708239892097,0.578678737425982,0.041844071740186735,-0.022042155367874166,-0.2965149330688794,-0.09509736651557703,-0.04199856814335171,-0.24560458828976964,-0.5003050109976124,0.15817682423889928,-0.017414968803020226,0.0917808927296587,-0.37533830935569984,0.0928904452783258,-0.14986498664791226,0.16272520077932945,0.15262612701248446,0.33169204033420285,0.14609721357997527,-0.3857281966420759,0.017271120434148825,-0.2107206876075201,-0.24564337299561909,0.5146274046272868,0.1102211947662076,-0.01948231040996539,-0.23153170366699427,0.11478037695723822,0.08402217330492498,0.5528084721474769,0.3076645181293867,-0.06132148015243015,0.1465166777263794,-0.01810233580095068,0.31086328721959294,-0.0476730042168769,-0.17930616888957793,0.2569301643291539,0.08478353684082805,-0.1466185070520957,-0.08143380416657404,0.1909976252909688,0.16677546465240042,-0.10768113744325539,0.07191656167118608,-0.12811995864311682,-0.05456039214527381,-0.009481182872541813,-0.038378864800837825,0.027629495749030012,0.0944675553713605,0.3009017273298953,-0.09888279772017548,-0.16601499299491565,0.14164564865935844,-0.05659165329971628,-0.17365214715829708
-0.2549225431454357,0.3772768694880725,-0.22161135432071466,-0.0388669255762167,0.18485595583193806,-0.17343793232952406,0.17517514557209657,0.5681800021181824,0.23191171324584323,0.09591762108477915,-0.2665830586472944,0.4165235526981162,-0.05025728412330787,1.0,-0.3377576899795899,0.3738009319357637,0.07959381802222398,0.516706126089821,-0.19679187325149836,0.08868783203784536,-0.058249751524114386,-0.04083955969545079,-0.49503196344535083,-0.13387882039768054,-0.37941249040402913,-0.44270311804652873,-0.5192432727803956,-0.5507305460938577,0.06724633832127012,0.3861601173523052,-0.2691918699223729,-0.15456334853603348,-0.3115323044854222,0.16512536594705962,-0.39661915441474616,-0.2215291040354881,-0.2024450986472332,-0.010247767062052984,-0.33341724507969395,-0.1220791435657214,-0.05830821337532203,0.1824276621091016,-0.09508143998325588,0.03750664888714458,-0.08074066872427947,0.14260241538373272,-0.26759090332222996,-0.149802445483706,-0.14360945205595785,0.031561896116610394,-0.2426766924122872,0.05621170456396087,0.015404250663182344,0.013210987642004816,-0.22434032932036888,-0.14916839028625248,-0.22145236710344582,-0.03646707442921807,-0.21449079638115928,0.07682977402083793,0.26949730932120985,0.38505026740013715,0.31716493973644155,0.39357817232005904,0.025833078951854372,0.42285751849501724,-0.2039854415400837,0.05921438268306277,-0.13418112604461446,-0.33941585046163947,-0.41095164339444473,0.06199006411522657,0.003892895223402108,-0.15602824618361588,-0.2208862980515389,-0.3615828841272272,-0.30199042093199346,-0.2893043189742205,0.12028698731768601,0.1656187083591784,0.29571109515917193,0.11521840619927323,-0.2903050853885773,0.4438392458982956,-0.34881155275012493,0.0694033328435253,-0.34641182156248246,-0.3969024693761871,-0.33009800168564957,0.15297949609145392,0.1446377342901778,-0.08688986408966279,0.1487862123229571,-0.15260185459837602,0.10873101686552188,0.20816391829809153,-0.3361301679464736,-0.08852870599872684,0.09523833259629116,0.14394598736648856,-0.10240792497101588,-0.12739616585202015,0.055968974261874645,-0.011653181658509938,-0.004168667156465593,0.033499493263306555,-0.2003823562591048,0.12378991188221392,0.13469429890543774,-0.1315235137671463,-0.37337231512572816,-0.16215676629838435,0.01637993503904255,0.19188913094522758,0.045728687076240844,0.22671042053149382
0.4786816985076054,-0.03083747356454566,0.3289583124937403,0.2686257454765539,-0.4203443490750142,0.23406483979980108,0.0979146875718672,-0.27650546084494326,0.1628854843301861,-0.026570303174295554,0.6619818534631972,0.12833981838215694,0.5803813203482753,-0.3377576899795899,1.0,0.2786276569806317,-0.07480424744583326,-0.2744653035774853,0.7016355497239843,0.009854021000289022,-0.08792985151418259,-0.04806581552758949,0.7867922756147616,0.5078651433615482,0.19541352310642765,0.49049925403646155,0.5745842434493075,0.5493729620334804,-0.11915597507808845,-0.5939507020278053,0.5227773909782163,0.4157921065004004,-0.18522542924720423,-0.3475606113640777,-0.06862477419188621,0.07367256490753449,-0.05690722072929707,-0.031013019402140712,0.30036797771627793,-0.012067820317398047,-0.27803919363040286,-0.11990568153915948,0.058030552345325136,0.13533384553334352,-0.38724408971233154,-0.6262028417651163,-0.12463190880945313,0.04332866307501297,-0.18496552567063423,-0.0693796235238084,-0.20838085704267037,-0.2605641811987806,-0.24233270132397494,-0.34686547694724035,0.2110919595373374,-0.052793939389857165,-0.1222999856988685,0.03891847333363114,-0.008273818538206159,-0.03786944605204623,0.0030019386785936387,-0.3431234221872925,-0.5803324151444553,-0.6495954219495633,0.4144668447216233,-0.03584146434560685,-0.4126562047113398,-0.529302750870047,0.2503083548141009,0.21604132151295327,0.2342266784214775,-0.1908451441104069,-0.24584293835755225,-0.14552689206038408,0.16986771339549153,0.15704723912630603,0.0996641805934993,0.054389461820002184,-0.5806445972870493,-0.24141072212670725,-0.7353082634253616,-0.6796089580060528,0.5275567212175438,-0.12185235480364039,0.18829474532635715,-0.1296941123370606,0.3958959609434058,0.36799298653913276,0.7674767697365142,0.3119181794970857,0.01079637729220693,0.303893731656249,0.056461902437516254,0.4887071188257995,-0.21775221382492968,-0.28687279458991777,0.09465546070647375,-0.016848777524522816,-0.17936471237021298,-0.22933303920557266,0.3681444825344031,0.3396872033373228,-0.07129042292892587,-0.05792179747838829,-0.16354399936832603,-0.10093893098349693,0.018792206428741045,-0.08258104823052691,-0.15559217471028303,-0.03141371824521619,0.3687155735871839,0.00047629888094368963,-0.03474410466261987,0.002349345247460456,-0.19431150313415096,-0.37686101024036384
-0.00479604529221097,0.38960285791855237,0.03944022031207835,0.45516111864956166,0.007193752133222508,0.017252291023219953,0.019068414357777907,0.36845106345642176,0.4290280413248875,0.17105579867292348,0.11600313478296037,0.41082440770823764,0.33219022298133266,0.3738009319357637,0.2786276569806317,1.0,-0.0729993035238389,0.2930503247776847,0.18162737113340113,-0.02880056340749525,-0.12402390943835617,0.02585990639051573,0.09140402748342348,0.2348184837816358,-0.241937175365643,-0.11737193166851888,-0.06822266483885621,-0.046956086012871816,-0.3836376471480425,-0.11485523023306501,-0.061709656042024504,0.010371399924583344,-0.13678248982527177,-0.14331163497343716,-0.3256292507743081,-0.07042542074933876,-0.23267402758468,-0.06380609127076835,0.04052412974811594,0.025191038741553717,-0.06740666618150205,0.133991830990746,0.0033724249368689905,-0.08903179122461186,-0.22242178425912146,-0.2721397063586115,-0.23793353550688456,-0.03920291305020301,-0.10376718289107632,0.04016413277791113,-0.16129145457175556,0.0037058313122043133,-0.09192469730030588,0.18190675621821978,-0.027264509538672134,-0.24429336879978464,-0.358701806191785,-0.0647296245289735,-0.20161691887339328,-0.06042414916847193,0.13488796323564778,0.1654427065174166,-0.16881481372749083,-0.014719569846362473,0.21088575096749743,0.4684671792141314,-0.432974745197245,-0.2744330285153782,0.26954445601643523,-0.11989300069982703,-0.164636910553071,-0.20399817672076603,-0.3698378073355351,-0.24513617664271978,-0.23422095605390378,-0.04884716715348277,-0.2111214357206813,-0.13772909976327116,-0.35952449392547287,0.13352087807163757,-0.3414573809038117,-0.3337003722737611,-0.09299098582212477,0.2562722786419007,-0.2688778354282473,-0.07035418826919987,0.2072131091016233,0.006108000143916623,0.3132207723708622,0.3633452787168894,0.1714163735272163,0.11669718882344492,0.469305094361942,0.31110072703723285,0.014182630152330063,0.14161579214490463,-0.140499261406696,-0.017198294154969897,0.016456470464877516,0.09762295887428575,0.1959789204676615,0.24737569469582257,-0.05212216964759578,-0.15394127843244412,-0.13318647603333955,-0.15863586998035753,-0.2183280583970006,-0.03039545715185844,0.05706435641925147,-0.05887635576628016,-0.1407865373480965,0.010587000088662738,0.15175375801676622,-0.005142478371576969,-0.054808218086286255,0.05182634689402294
0.45862683178722685,-0.01791535444282852,-0.2982080893720383,-0.47996936230007564,-0.20192952362653058,-0.25929791756428194,-0.30379983327377785,-0.37462611754510255,0.0006194778782564001,-0.18976846304805817,0.3638022430229979,0.2393876749541724,0.21146071251376605,0.07959381802222398,-0.07480424744583326,-0.0729993035238389,1.0,0.4895559073099593,-0.034768282317681365,0.39205131087617784,-0.04264288120428678,-0.13592738524996448,-0.18203013980431884,-0.5218941691776813,-0.20679283367708473,-0.36633118364944045,-0.18375130220085875,-0.0630553569574474,0.5225617737115619,0.3517900684691199,-0.10438460185209589,-0.444469940492904,0.09547504457260286,-0.21542697707611028,-0.20708694144464082,-0.38780841545356937,0.3240420119418673,0.20892139117185576,-0.0749930414363409,0.21108076297537437,0.3053120367542341,0.18205291068333693,0.3167901851987347,0.20191314742105962,-0.028058854703154088,-0.10872917279258072,0.2800114492960201,0.41386645924865045,-0.1361066151237752,0.1260943710004263,-0.1541745302580624,-0.07587998718503118,0.4351084344681553,0.18898585759864986,0.01809909668977721,0.2960240184973159,0.5209466440942975,0.3165597465342251,0.3603221309170058,0.17172188533077937,0.1563539581588549,-0.003047980975962574,0.11025154466538761,0.007954781413508605,-0.4445107169986564,-0.3889101423682288,-0.12992203740268005,-0.3887231047675557,-0.06270668133249867,-0.11955926400325244,0.008527432058675673,-0.09565437204816193,0.4387200256584754,0.11457922809195484,0.35187952319303945,0.1891250332946646,0.3307208901082157,0.14442475503974853,0.29487379442504386,0.21505431731550628,0.30322029339535067,0.22360351991914587,-0.08694441358648249,-0.08010120508726656,0.2398236694645567,-0.01599922825854169,-0.41385267591473646,-0.1234966061433724,-0.0929921388706013,-0.19391207777701058,-0.248969742760918,-0.21021498044477724,-0.2501314112815832,-0.13627984292056824,0.40408284018325674,0.33374704335648525,0.07478907967235457,0.2448407610412693,0.04020476861925363,0.2378145785987731,-0.40123244723456636,-0.20036880570635726,-0.3544532516665675,-0.1397516582030066,-0.27022383488534185,-0.061831881353537316,-0.21345230170780952,-0.11260030224670797,0.4603869332049491,0.10338611653226265,-0.1406906734966332,-0.17937624400672197,-0.21544038958560754,0.22063624512649768,0.25283246061288983,0.3872847902700273
