1.0,0.3422492857971433,-0.09536998232321099,-0.24003351513334947,-0.2651702083204365,-0.05624531585295503,-0.3350996060764371,-0.3695076364131955,0.016898243703568898,-0.2731471351132626,0.5625552480609554,0.3500016878883439,0.30578153639496114,0.07448031513817316,0.038071907994538134,-0.09272412193029685,-0.015815680280262305,0.21382497295048436,0.3664295763152994,-0.15940362766154748,-0.030773336406169704,-0.11433850609469343,0.17010107142334155,-0.3202181769969348,0.09379052898329278,-0.09947201843621219,-0.1297862517234193,-0.026107718645150275,-0.05924672555908912,-0.23679076562150336,-0.13495698072295725,-0.4975023106008342,0.15864697748170875,-0.13457087214347557,0.1204120023861076,-0.2809207347221247,-0.10058454247420068,-0.24008068573764946,-0.07592697373219759,-0.0054294122773038645,-0.09515422391063237,-0.12531681042336856,0.016814535432029737,0.21109505217917696,-0.17357209833896567,-0.10127526383841613,-0.0060883453161143805,0.1553553450232577,0.1165440232156936,0.06482612919608595,0.2924067091393489,0.4414721888586658,0.21965763659724527,0.2052103741830697,-0.035712610018973065,0.0603888650242953,0.195110545221816,0.3115852656921646,0.3844857146508846,0.13907569739235467,0.41975079481536215,0.2666472303556333,0.24846485090825557,0.016447370601612155,0.15470718508801082,0.1778348924994099,0.2552915096031097,-0.04865592537556976,0.15442294066405385,0.1198455898021302,-0.286173397074405,-0.23262483114606322,-0.1955819486287188,-0.31656800785049705,-0.1670628488859982,-0.2026302535607777,-0.26825962827056765,-0.2436727207301221,-0.37059241480858757,-0.11811237651689376,-0.2990902130143753,-0.30988905270711076,-0.1302651877621804,-0.3600436850621316,0.23119676693361216,0.15087373863780837,-0.022321252465143368,-0.010260036803736671,0.012055398730754913,0.3123692864550073,-0.13036980497140635,0.08925399293755218,-0.15725901589495045,-0.36010219315111835,-0.18355132691372453,-0.10769738919850748,-0.11789479956177712,-0.14912341312904448,-0.35875631474064895,0.03733928942069506,-0.41299208585604136,-0.2398449578117181,-0.2841192568890019,-0.19779225005305212,-0.33956310136993795,-0.2780121626329766,-0.18210561701401817,-0.12045091725426062,0.050994294766635,-0.26515057516671586,-0.349893673721886,-0.1403929642993032,-0.18739495684805169,-0.3038062430102621,-0.20248243551487913,-0.04374220352301939
0.3422492857971433,1.0,-0.10393066290108519,0.297590557469666,-0.3272859478574441,-0.5973251408146845,0.21217578080924282,0.3778981589941573,-0.12905421779570522,0.21104679487107858,0.31341051179672164,0.7478011849390792,0.4650299310212428,0.5826752546852929,-0.11430626846147647,0.124312964635988,0.4402201586744928,0.6004374453250181,0.14037041390694402,0.24463849015976602,-0.5843031662803334,-0.5016838740667909,-0.5949603197784255,-0.29172333799342937,-0.30821107270978104,-0.540380893019555,-0.5821671875074951,-0.42743472800163346,0.1308678851249437,0.28228458035012327,0.02042510707724871,-0.07059623237289417,0.3737354891409674,0.6266339527468868,0.344245624029979,0.2900390895900619,-0.3284388682730689,-0.46298844890857893,-0.5136178434347468,-0.25555935343774505,-0.2875423275086477,-0.31281444379340057,-0.425023908271985,-0.3206284000487842,-0.3289071657885533,-0.11941343297412085,-0.27506264747144077,-0.17193939684634155,-0.23604479346616994,-0.4583618527135851,-0.2834154058528369,-0.19983393639367666,-0.09955426707894556,-0.2965385632297476,-0.4775608524919233,-0.5333351946463638,0.10533348995931785,0.40528917278262283,-0.035787261466796436,0.03783240777679225,0.5666163345104517,0.33116825457772425,0.48015232819584974,0.30816760983754105,0.42868055397391486,0.5446214483019183,0.035304919056373625,0.3990562323176608,0.14113333013075843,0.15378888221829964,0.2611919378101195,0.13301408366402065,0.3922614420745771,0.357598489366249,0.24127136706423322,0.35914688248456245,0.4842940996302775,0.5168992293699212,0.004850885725792301,-0.02152127537297755,-0.13134783491764324,-0.05306128272878008,-0.40590556503953273,-0.03898802544517073,-0.14272877859611374,0.0658752236522088,-0.6687852574962133,-0.49440972914329834,0.022562509373849737,-0.18379453326147238,-0.372602020807064,-0.5022292375251034,-0.17782980205622181,-0.0743425653550464,-0.3867283445425076,-0.29825849268249627,-0.5422401010930543,-0.4691281454634267,-0.5329022966757399,-0.4657720740762379,0.12325342897248776,-0.0781975476358057,0.044001500244016015,-0.22611920520628218,-0.2401586096186932,-0.13256285603855048,-0.049237263182642745,-0.24413509571038394,-0.28793303600797543,-0.139605227549289,-0.10914749291554218,-0.2932721940755918,-0.20729414903635937,-0.1516685946762286,-0.05018827095812707,-0.21498179877222132
-0.09536998232321099,-0.10393066290108519,1.0,0.277584611610246,0.3114561406608131,-0.1738339750732041,0.4887713385710615,0.28689049194974786,0.7975434491073471,0.4646255859243231,0.09554495231519036,0.016755195390437863,0.1399543154379561,-0.22084650672105424,0.5709422369733445,0.34398683876687386,-0.35849684627954853,-0.3569641099994261,0.462333117081944,0.1673201766802264,-0.1443186510824623,-0.06906041040409414,0.3334579437706325,0.42605488683987297,-0.20771410526702871,-0.017525729297736967,-0.05110494909596794,0.4550109056011076,-0.4292205311580665,-0.433618129236288,0.4689301502154759,0.36435550678800166,-0.2193516027611465,0.12531450914118578,0.14618243264943437,0.13147753345380708,-0.32577801274248813,-0.3097300250706883,-0.1589459121286079,-0.3881963071075341,-0.1669410042583117,-0.24819810041219723,0.01009724814121552,-0.20141063244118745,-0.10415617391443471,-0.3594145379537596,-0.010636746590559465,-0.04020272266055923,-0.17477984531104562,-0.262530352011526,0.2585819938998165,-0.13725000838692478,-0.17515808788286427,-0.13363630799236573,-0.23057479070003373,-0.267478069440397,-0.11680601316616503,-0.11958503960336295,-0.25821098287629635,-0.27832725058051827,-0.21394292092273337,-0.06057746037747565,-0.44307949942236685,-0.26014361503109895,0.41715881551267897,0.21036601091025375,-0.3074435126887445,-0.052485931153434556,-0.35574062887685515,-0.03858325681679923,0.17176074613210826,-0.1362227841003317,-0.3315298446460299,0.05455158260670999,0.06807139648698607,0.0037710486331094433,0.08150896529251588,0.10885257345755243,-0.28258628288722887,-0.47224359604621124,-0.37542829000953576,-0.49725102689109113,-0.3187699245208215,-0.044161754801800575,0.48593822809050663,0.22010701883392553,0.06617666422412265,-0.09138729699250997,0.536787443805163,0.021531642326162996,0.21719766544710672,-0.030350409207776954,0.1697682358380781,0.11494674964835415,-0.211160005820266,-0.2364485911156526,-0.21769885239189368,-0.2955961256093896,-0.041252816080850956,-0.20361771758330924,0.0646848594594731,0.33607064659983293,-0.02912291321326433,0.010202508160036336,-0.07508807519764611,-0.03165692925919913,-0.08122568349975712,-0.08858347657238336,-0.49582906617308725,0.03742568017714692,-0.01875479548877688,0.08018011370196547,0.2108871355012244,-0.0202155643333381,-0.10779583963641826,-0.1987497356689039
-0.24003351513334947,0.297590557469666,0.277584611610246,1.0,0.12743494722711748,-0.40025372404734083,0.29364976898316186,0.7178912468835053,0.1760983849365493,0.47532232102464983,-0.1106248492559707,0.2671182751375327,-0.001971320412155453,0.132533338737607,0.2906915063149141,0.5013236120328813,-0.17598798894289547,-0.11726659346592713,-0.07244016066817928,0.32131054332214865,-0.3054596915560706,-0.08226441433039917,-0.11248855685953787,0.5700741253377574,-0.3383513321315924,-0.13240981598715937,-0.1778143302727116,0.3144966857389291,0.05903454790636363,0.2272227553934812,0.575672783095376,0.7053876498981185,-0.15150399378368926,0.48617939203889554,0.3017996668526971,0.38731967236990356,-0.3061471780091794,-0.08741403448166814,-0.3492784392104864,-0.11862093777714508,-0.16321282660815392,-0.18820186704230787,-0.3667914987148656,-0.625650418454048,-0.29409949176055034,-0.3466574068171618,-0.3803827149897807,-0.5038710738751688,-0.4740586735159274,-0.6210287673477451,-0.25405955324705204,-0.5120560472885313,-0.23245351734548422,-0.329916457768503,-0.4061258526295609,-0.3677026662576467,-0.34808660484809345,-0.2639374341410481,-0.5683703537875338,-0.4370720519848543,-0.24771843157630347,-0.1956302392947413,-0.14812128598484156,-0.30925488207376817,0.4355196407727445,0.2529650647846744,-0.4158360255814456,0.23478322151574507,-0.351847816400367,0.07009011043603361,0.25261166632278925,0.22535400294391716,0.20524057258299436,0.23824080909258957,0.07381695211372082,0.2723889461571027,0.32790640106232755,0.33593847843785124,-0.050654437437335824,-0.4602383927265041,0.03697620262004182,-0.142389335427492,-0.09367623705241615,0.42422414137694264,0.40386785690889976,0.45101683551024824,-0.27761351682556784,-0.0947590921129906,0.12549457943316406,-0.12168440282056532,0.2940746706285352,-0.24135105776380958,0.3323430715607909,0.15561954620906013,-0.1608428845411607,-0.1110946302239945,-0.4527478221409095,-0.17723486267122945,-0.08096756749679908,-0.3938907469700646,0.4517527904500691,0.1976987013458605,0.27151528535851527,0.02641846020426574,0.16160363266822864,0.21015604650036923,0.16705690567739462,0.04449879911746208,-0.19595781712361895,0.09529990390011749,0.0034892541348048338,-0.35279729533070353,0.18896348027251833,0.21089519598512774,-0.015978220800048314,0.059242753019549364
-0.2651702083204365,-0.3272859478574441,0.3114561406608131,0.12743494722711748,1.0,0.43934544820141286,0.3622290833431589,0.22997476305188008,0.43883376528522394,0.46347027940480506,0.21308261321165545,-0.07434860526134893,0.2065153162629714,-0.12319159489017124,0.49581353632088526,0.41963293423845627,-0.313717732480652,-0.2218883013536172,-0.11604686643331043,-0.08846472595788112,0.28813910792082376,0.33377506634392734,0.16553694589396412,0.1996621279196959,0.29654154668247873,0.04547032029565636,0.5242054803244212,0.2702386796843068,-0.09267152106163182,0.06512769890196737,0.03755626544607264,0.21365934803931208,-0.39390049986811526,-0.17991887792492683,-0.15537899170511202,0.005364416341213525,0.2708172546868971,0.282873703963798,0.25656713488019994,0.15822636000292106,0.20074422385496077,0.3765328996675163,-0.021699983443934135,-0.11243925558280579,-0.24744099559441088,-0.25612484568032706,0.022204800057537364,-0.1066468927248726,0.021669676121101433,-0.10627650357665852,0.02284505298217958,-0.26881304722520116,-0.08494355621828058,-0.11022722188710407,0.12229494387890147,0.11734328771360751,-0.3863640482089553,-0.4923498926136139,-0.4121479358599274,-0.49359328700548816,-0.4397746179279295,-0.510133832504382,-0.516304848213397,-0.5154703869369,0.19283137070682993,-0.09103560904071234,-0.3684259124870048,-0.24344351647765886,-0.42581471171322194,-0.2771367463169303,0.12721662996055824,0.06916743031761552,-0.013728201484812547,0.21568359035805643,0.24985186308656843,0.161737035659332,0.01877751531800757,0.03828001433352462,-0.12398972875925021,-0.17620619962929915,-0.15364983203857632,-0.16021890227098676,-0.12451677309173431,0.09502750243440486,0.1023673155078638,-0.0853916583910562,0.13416284703211645,-0.14291332352877828,0.34938071571692497,-0.21031375249325787,0.30980578915096946,0.11686757201766276,0.2181935127835575,0.20621291525974256,0.2606236503355741,0.15766753565868052,0.15305209815862303,0.3129963008678726,0.39122094664451795,0.2979512524967049,0.19889735982942963,0.3804165092687525,0.15883211881564763,0.3626230830888485,0.4200761587283139,0.3760315418599511,0.21267842663441464,0.19555716822535413,-0.11566553782675786,0.3230166769165676,0.14935045873302324,0.11658315670365772,0.04710995299231679,0.34064436941312437,0.1882554369002491,0.08834935896914958
-0.05624531585295503,-0.5973251408146845,-0.1738339750732041,-0.40025372404734083,0.43934544820141286,1.0,-0.25268248948461486,-0.4011976420158466,-0.08510269109606436,-0.18631313475044273,0.03526521929073564,-0.3454376371996046,-0.0820762932695712,-0.25045246764628687,0.048116441869498566,-0.19122438950915904,-0.20908058475243038,-0.16338896313395823,-0.1507039992732434,-0.2426188449898076,0.7371291212686869,0.6446753265304099,0.4402539656010074,-0.04345372725303944,0.6068382599784747,0.5375811056340762,0.8211512064129604,0.170495153241205,-0.10134985201130992,-0.051897045664840075,-0.42022516345240196,-0.28933841418693995,-0.15772951506846566,-0.5575157121570562,-0.2756932483804257,-0.398736879685511,0.6367104608755468,0.5675091802154447,0.767891005096339,0.5239806118373985,0.2715476508268652,0.6258064434330046,0.13711792705566106,0.23453161629086963,0.009714179949572471,-0.029159465773711122,0.1612702460886141,0.02069523170750278,0.3558711955668133,0.3565090885275749,0.32306890839546926,0.21329866654539012,0.2075285742136889,0.23449554742166662,0.7156511538914597,0.7046111983805557,-0.07037593855104202,-0.2844608614802647,0.05348304392241898,-0.15045523578170578,-0.34372610259998565,-0.46685439040524557,-0.3245164507867311,-0.31907627832670893,-0.2772177973169236,-0.4258879273197125,0.0882646004434893,-0.42595336114210947,0.003744030670965624,-0.20372019526287946,-0.2756437551430156,-0.08017871740778232,-0.13846529328085125,-0.13413274768397915,0.08002559614244815,-0.18624841230885686,-0.42534117338537225,-0.46498729838236597,-0.17189714000343012,0.16697941373636277,-0.06487563539176003,-0.011150212034760484,0.24292200531349467,-0.171558166549345,-0.11154870785791271,-0.20681219717507868,0.5294657018955085,0.3666771502033301,0.07839670394899696,0.10303162357340195,0.06668013019387256,0.19308154886483833,-0.017759879815359543,-0.13146516016952067,0.39976520967105383,0.2918354625971182,0.44011839209214915,0.4922548093637852,0.45307660365461466,0.5465865588044199,-0.21232115526195097,0.04364892410174014,0.008931548768411384,0.26730158218734645,0.3397116284008002,0.13625059264050068,0.04658807105432487,0.18819151195627282,0.38183044461530496,0.18153358381966436,0.1044939703083547,0.09924757346420571,-0.20701428688440987,0.17808702559343245,0.21129228465618843,0.11863080875957928
-0.3350996060764371,0.21217578080924282,0.4887713385710615,0.29364976898316186,0.3622290833431589,-0.25268248948461486,1.0,0.6733476906015239,0.3888970113544542,0.5509783243826015,0.06257577478571415,0.1820795995970317,0.4408861439476357,0.3564573389162085,0.30015600309085344,0.35568361487889993,0.05471098588782492,0.031624121774941755,0.08381579207024262,0.13276678721721594,-0.2718134569851142,-0.16172671765951943,-0.22935805371845924,-0.016384809028709278,-0.10492255878615073,-0.34032056752966605,-0.07588654435258001,-0.0855473110258334,0.022550060134586186,0.1825414528437845,0.25435904962699135,0.300478414351665,-0.05087383247511522,0.359619704914771,0.2051848309190355,0.3568656274621424,-0.33535832910998853,-0.1715395781450447,-0.18609436204255067,-0.22772310581151128,-0.1558617832922838,-0.06356064876949831,-0.21851974285860698,-0.27639233761481197,-0.2767744450087901,-0.2248300682174512,-0.19518144753375286,-0.2303390387308564,-0.2776601610043422,-0.4456073283571737,-0.18045642819564509,-0.485914152923543,-0.21170947895801037,-0.3058234788697121,-0.27952061574179926,-0.3390014461794185,-0.2964335099208358,-0.20157468618305274,-0.5315037962530365,-0.3386345822945065,-0.025764040018842,-0.010448813468342599,-0.08423263649487911,-0.038983304815417244,0.3860890148425796,0.35206996810218827,-0.3763919885368058,0.03126945817359864,-0.3677324913786111,-0.14686955512315641,0.2964891680734915,0.16758530643063185,0.22800492428421756,0.3874883128745913,0.3289260609699441,0.28145325973758817,0.4411066159106473,0.4080508382560938,-0.06661261754651764,-0.22454243300022111,-0.15140632764491818,-0.1097783718349104,-0.4286026476780817,0.1318916058621005,0.011076670480701198,0.02015621212200267,-0.37404985833902715,-0.4155773503160267,0.3505817722463648,-0.24634835251154408,-0.07260858796845379,-0.27088835185353505,0.02566569427710399,0.23852140288859988,-0.07538459210149069,-0.11931697910679932,-0.1660765929440455,-0.1477245508250172,-0.01026890892527422,-0.21323073969450132,0.42080334077050346,0.19852175918235926,0.11961426298438126,0.014439980218849515,0.10974892535092258,0.12355765147122881,0.08337328358369882,-0.030080562471035063,-0.43190542248623465,0.14430088191930643,0.07869734408179553,-0.04689662526874335,-0.003059018400661777,0.09043808085705823,0.07986350696867471,-0.14291887807169848
-0.3695076364131955,0.3778981589941573,0.28689049194974786,0.7178912468835053,0.22997476305188008,-0.4011976420158466,0.6733476906015239,1.0,0.24292269266564548,0.6361793997553988,-0.07523091955116878,0.33168386434415825,0.24622208208083404,0.4986280096195137,0.21731548225577768,0.5742508715100964,0.041816910705797995,0.02416214961644162,-0.14766413344471693,0.11751478103249258,-0.3786526350292152,-0.13777766738661804,-0.41235864974262093,0.2059316544645831,-0.3665733402992408,-0.39278218633151796,-0.2272613087693068,0.0023335147035907925,0.09963103480842067,0.28245733926536065,0.4533512322303442,0.6190926407584272,-0.127792056948102,0.4872955326397093,0.21219671067069346,0.4258729072743877,-0.3442440574803857,-0.12023369575333406,-0.34549166214485666,-0.18314592612483058,-0.2248670184002337,-0.19797001234543612,-0.4204004020384447,-0.5395501088612973,-0.4587548425659192,-0.41760333361703394,-0.3945806253542832,-0.46907760857723774,-0.5221644726020918,-0.721748221020411,-0.3745293769871272,-0.6077999573515191,-0.3403062449313581,-0.48433541127249913,-0.5040489409193967,-0.45676957613672126,-0.33819669009266434,-0.2687606513091321,-0.6790379343939263,-0.5155150518465329,-0.024221954766015293,-0.0583362404961681,-0.028892475228651453,-0.19820568258359272,0.5619161922980737,0.550078986105655,-0.5123670328131099,0.12787844983275562,-0.4433948943547058,-0.11515151587544172,0.3056156559253502,0.2878357102637297,0.27377303435323774,0.3566081030643795,0.25829463662703755,0.34898432890910264,0.4994281998157108,0.4573309238070239,0.11198425053127503,-0.2670416932974566,0.028774082659663493,-0.061017401446856016,-0.31506005349129207,0.35758318334409606,0.1974087362425329,0.33746695344534516,-0.4475136736856097,-0.3213965376851368,0.32434807931908155,-0.12554919459093195,0.06355485608362539,-0.3994410438565794,0.21929837505919209,0.24419624456598993,-0.1142009474198581,-0.05651585360615918,-0.42618449365080985,-0.15898529286983956,-0.1704335599799388,-0.45910641889962756,0.5819148960810154,0.2479344320729621,0.3006897850103771,0.07723114069645623,0.239640487874243,0.23751598287586592,0.19181003991043255,0.0560893010147572,-0.2637843648769289,0.11470644012124687,0.059829649515179675,-0.3105857853485853,0.04053950813266916,0.16059977543524234,0.09092550496245307,0.05509979037993866
0.016898243703568898,-0.12905421779570522,0.7975434491073471,0.1760983849365493,0.43883376528522394,-0.08510269109606436,0.3888970113544542,0.24292269266564548,1.0,0.5750715507291688,0.22066887963011447,0.04438189364329805,0.22961674799137835,-0.20913438795637684,0.6346128687812348,0.4370274776833657,-0.36387189397873143,-0.2698967967338533,0.4247430045949513,0.007092258096613627,-0.14124695460028738,-0.1296686441221386,0.33627987329903924,0.3593805691404487,-0.13651900403418496,-0.1845585328006251,-0.008617263269946647,0.3810486874509661,-0.3653665352108368,-0.3919142178445938,0.28858899341280464,0.1939829338290063,-0.2614862731135091,-0.018806859337355646,0.013042339382865057,0.007997347151304148,-0.2522885593649897,-0.270263716888541,-0.13724577323331996,-0.31315998320333593,-0.134309127560942,-0.19159798216602453,0.03170977809881754,-0.07827691945897006,-0.19172783990577105,-0.37906017288150307,0.04707178683308109,0.04812306667206143,-0.07460724845706224,-0.21480566670972376,0.2514325970663674,-0.05310802111589438,-0.08244844265565206,-0.05672634716484749,-0.15834837158258194,-0.16881942541519168,-0.1845357425651497,-0.22108927629742728,-0.27728965443817444,-0.38428193887825396,-0.15775943227499517,-0.12734139711263798,-0.375952114652502,-0.36025666296795733,0.4664602037873789,0.3728458058427993,-0.302065356647712,-0.0681750044661187,-0.3814042617549588,-0.16254692866340426,0.01179371020885585,-0.1878926067695529,-0.3251290128967131,-0.04958475188465793,0.05196763243478883,-0.040156883948912404,-0.04114034158039502,-0.014482493086817655,-0.3728115045874903,-0.4928356054684769,-0.42694690471411895,-0.5372794789189463,-0.3620165555448274,-0.10520187484268632,0.5508931456674173,0.22602869343993282,0.1122881103685106,-0.10903931961904206,0.5554287851007813,0.1131034885069106,0.2544904712653273,0.05436953320809086,0.13621633123848736,0.10357186128940615,-0.14417641234102135,-0.17619935971930645,-0.15406020377563845,-0.20340319288007194,-0.030667093102040445,-0.0990313330192937,-0.01709732915981255,0.33405694402210545,0.013834506949523692,0.1214557804379217,0.012636763931872429,0.028567029373955246,-0.017152028703929255,-0.02334368346688786,-0.4006829017745653,0.03291835454704395,-0.1107083874287575,0.1195765952102422,0.09818034832100245,-0.06807807069956713,-0.12933670219985763,-0.06346417056213846
-0.2731471351132626,0.21104679487107858,0.4646255859243231,0.47532232102464983,0.46347027940480506,-0.18631313475044273,0.5509783243826015,0.6361793997553988,0.5750715507291688,1.0,0.04000427102653572,0.2221629336964955,0.20356211539768096,0.12104487045416654,0.22012540078260207,0.3866015402836713,-0.05103166438004003,-0.013237905288846186,0.016335641167669956,0.08842488359761633,-0.39232996527803676,-0.24745071223993942,-0.2143834870134629,0.23991206639798207,-0.174202510622159,-0.41851784102966894,-0.1205652536701231,0.017619300239904708,-0.2840747024842586,0.028709492334684054,0.17086982049450167,0.33924545948414186,-0.18452157032200986,0.24398461391350212,0.07243328923262007,0.16914613261916941,-0.2648263863556983,-0.21485585451843214,-0.2776944276683912,-0.11072080930620215,-0.3454808046188499,-0.190108069277805,-0.15674756756761304,-0.2644137328725484,-0.3711786455848325,-0.4012470926618089,-0.04027014037321575,-0.0661385656746408,-0.15258157399129552,-0.3823372091329376,-0.05931208457922228,-0.27284695318692254,-0.11859004148520244,-0.23223581857013625,-0.3103903558747542,-0.37913648890128465,-0.18702616255937546,-0.1691837763106943,-0.42697703598150993,-0.36963932109199765,-0.0559455022511291,-0.030021779813346833,-0.23889163937292487,-0.1660598342382639,0.514155885918088,0.5166561954324992,-0.3315009210460699,0.09628031207283723,-0.35374536272561385,-0.09005138991004516,0.2623306464736197,0.07712388129028545,0.00458362991081494,0.3509698885135297,0.2821263376064788,0.33714653792871624,0.3392103970767652,0.2861220361353225,-0.1825923451638466,-0.35526429519650193,-0.36809845702515404,-0.3517746725051312,-0.5680238387890517,-0.03835641521710407,0.23516231692588965,0.10512648729072162,-0.12718629024915717,-0.2815547978176985,0.45367916699116995,-0.23704854335780645,0.1364247201414202,-0.21775085999638671,0.0113130048823442,0.1966881884229806,-0.20367544262815734,-0.27882981522739186,-0.2055408844511635,-0.24877092670115697,-0.07818062934828088,-0.23412564561347857,0.316108776764056,0.36662459481354737,0.17263311480414129,0.2245339852509209,0.24264953093973604,0.2113094883291271,0.21503552977351376,0.022324732177346696,-0.3267821391169096,0.004069254973911398,0.05724743774119281,0.05711870691677682,-0.009606452218080068,0.02417929299895687,-0.0318436745152367,-0.09132258383745248
0.5625552480609554,0.31341051179672164,0.09554495231519036,-0.1106248492559707,0.21308261321165545,0.03526521929073564,0.06257577478571415,-0.07523091955116878,0.22066887963011447,0.04000427102653572,1.0,0.6199327667565988,0.7228819695905628,0.23264486514699553,0.4725603674790406,0.2754824209701528,-0.10371777182379167,0.3735328328217263,0.11672603933575863,0.12409719417596443,-0.02982513489787964,-0.06772315166778262,-0.07939924336420925,-0.21204130869753915,0.153991408690383,-0.2690002694547414,0.06546441199578265,-0.005966891019689378,-0.00483132182314299,-0.07644726449965956,-0.142983989287312,-0.38483329505796204,-0.010180367625777658,0.036175981153551556,-0.026299425149044823,-0.2345843899352817,0.14850341160162314,-0.18257121304687463,-0.03878918489515235,-0.09413583129615617,0.1588326343809038,0.04154077395316438,-0.05434374614489057,-0.00471816372484593,-0.24981894537835983,-0.20065086386365658,-0.007177508148985457,0.029963714513272306,-0.05429936841369828,-0.22348901196452287,-0.005918451007757356,-0.047578760629033386,-0.1402333079113669,-0.22731416890510156,-0.1224514925938201,-0.15894218890701972,-0.14261832590353857,-0.025175466311199324,0.032616431473429644,-0.30438378821309825,0.2636213038007608,-0.06318166655575637,-0.09492810746326726,-0.16916206819875065,0.4422061711873652,0.25670109601650304,-0.09469283427337297,-0.22406804664227897,-0.15332169470925425,-0.22089946536342905,0.10980525624107244,-0.18723749132325312,-0.019535905049875228,-0.016171735950958967,-0.00408852015949679,0.09631648214346367,0.09809498423745366,0.16666137895243333,-0.2277848442391379,-0.09836155732406036,-0.315236617910961,-0.34011802287768406,-0.26956575478896444,-0.1403948856905195,0.05156897733761041,0.021095697281184152,-0.27037986710114875,-0.3615773813615362,0.2995724742399683,0.03455848486453763,-0.0807358092494556,0.049823545908023015,0.02379576121520246,-0.1010126044042498,-0.048790366947833466,0.028188311656143394,-0.06599768724441178,-0.03363266887414768,-0.0742103227862107,-0.06321623553091991,-0.15641457299457012,0.07542137113495563,-0.09058132112072896,0.03422072186309763,-0.10342100193956594,-0.05702503419275561,-0.2124974804994646,-0.1380936355210392,-0.19278450782038706,0.26109471898682146,0.02766998097111582,0.03282079979409761,-0.10767829608000595,0.09022999432379589,-0.01757113731405249,-0.1470954047552285
0.3500016878883439,0.7478011849390792,0.016755195390437863,0.2671182751375327,-0.07434860526134893,-0.3454376371996046,0.1820795995970317,0.33168386434415825,0.04438189364329805,0.2221629336964955,0.6199327667565988,1.0,0.6484865083399864,0.5855792772782791,0.2296344037732795,0.3505220818937692,0.13735599311757601,0.5101927352161229,0.020798563029786877,0.30595009948916596,-0.4530717010782157,-0.32420549475681887,-0.5244773516886442,-0.17455453825014,-0.308085592427722,-0.6045484406486771,-0.3489263875112674,-0.27757493846065806,0.2642626986928193,0.3000015371212219,0.018928004083191757,-0.07954958315482974,-0.0209980823742928,0.42777039669286415,0.12580146125780797,0.05940772942805081,-0.09526127729521194,-0.2689005293721187,-0.4100762108753251,-0.30408420537167724,-0.034296766083278585,-0.22353758143894328,-0.35012534786947247,-0.348353075053816,-0.26107797702367813,-0.130233671732467,-0.3345605000975445,-0.18869804626031955,-0.3569241124569679,-0.5301121472260533,-0.34059423331601096,-0.35220383968509433,-0.3175934927403968,-0.4024180757005654,-0.40795730173560235,-0.40857292371315806,-0.22559923887014344,0.013643491417947686,-0.1927651301664891,-0.3598570238539145,0.328244386818238,-0.021581123400449348,0.21229273889290104,-0.03786464927214726,0.5082923637346113,0.5730792863970063,-0.3126787742111464,0.12303055024728353,-0.2728556896271215,-0.28225049054007945,0.3284725106529826,0.08682903734098928,0.393784925570914,0.30562215474056215,0.17876883710776817,0.3181028587138976,0.4091458246421467,0.4873902513823178,-0.09479865875817654,-0.11452736059412727,-0.12153205970826364,-0.19393404396455846,-0.291882455253416,0.11344310511394684,-0.010598089788953156,0.21078667952989302,-0.6699236971849785,-0.5317355593164724,0.11121196109859467,-0.18822509425022296,-0.15887177501881938,-0.2964299624211206,0.0056804077676091275,-0.006689196548703569,-0.1596670425863748,-0.05282426013536718,-0.3813026455888943,-0.18369908168376953,-0.22397149016987486,-0.26006673844179334,0.11171426185389376,0.036598901555092746,0.1291356920646516,-0.12094805977072612,-0.16074117612947664,-0.06171020177928205,-0.1390821140556791,-0.14362470800278926,-0.2635742458834206,0.2133390543174999,0.12871380703012195,-0.16357144944162522,-0.11699045341574721,0.09714013739909563,0.1252552521373758,-0.1371200750021559
0.30578153639496114,0.4650299310212428,0.1399543154379561,-0.001971320412155453,0.2065153162629714,-0.0820762932695712,0.4408861439476357,0.24622208208083404,0.22961674799137835,0.20356211539768096,0.7228819695905628,0.6484865083399864,1.0,0.5235888881153029,0.4227442453936993,0.28709283368240546,0.019831633067539465,0.3792268288437736,0.11758040889009821,0.1110480126396675,-0.21699444643970534,-0.10805429126532179,-0.2577952111080027,-0.2434541491664345,0.04418012362071631,-0.37544939697401747,-0.014835866005782114,-0.13632482951776098,0.06994288206237256,0.10835761332882773,-0.1738918503982899,-0.30413220606668984,-0.018703747678302306,0.24795278493005246,0.238314886302254,0.09388252167751322,-0.09239384246378621,-0.3256431583494652,-0.10591118921452292,-0.22366405105045814,-0.033371110555920784,-0.05167691526495261,-0.3726599589353521,-0.24553706001183614,-0.3086790917833595,-0.2071002818993089,-0.27559770393577,-0.18859269728135114,-0.1694083051505207,-0.4201792816033833,-0.19732538912833805,-0.26490950069121083,-0.3343403569039098,-0.38187290495087206,-0.22347433729016516,-0.247452647258659,-0.26088659336687847,-0.048237139135118054,-0.17996677648522394,-0.31361135585985295,0.3520437941147323,-0.001375491545938683,0.08395578382495117,-0.04119140194123299,0.5469151813443871,0.4865020359139156,-0.21347539204526603,-0.0021357875768453606,-0.26312892715144826,-0.26353344222690045,0.1578556260167061,0.03616984620130873,0.15400157549920065,0.12751873292158614,0.1452889426092647,0.15031584979341675,0.32549576563096577,0.3961197421659523,-0.24516570263092238,-0.18941688769751217,-0.26875647457443624,-0.2636894090187996,-0.3131100153722644,-0.08392489967977747,0.014025627202083621,0.03421148470570804,-0.4390468302715796,-0.5397825509502474,0.42838090079058605,0.05058899074235439,-0.21252024525960297,-0.22167801503308887,0.10181620222633457,0.12319396029945338,-0.09650279215288857,-0.06065132568508463,-0.22709310009463532,-0.10781823922844148,-0.14696454530721953,-0.10733656869096748,0.10151057367859875,0.1558105462524075,0.10862048083304418,0.05553107838358881,0.015385418203500166,0.03807530132278708,-0.018488065034923184,-0.05132771262653556,-0.41528532070730584,0.2264405381232486,0.04892617193325294,-0.040538526739010323,-0.0695183937147437,0.09511902693383438,0.05863748352457783,-0.19372176937460095
0.07448031513817316,0.5826752546852929,-0.22084650672105424,0.132533338737607,-0.12319159489017124,-0.25045246764628687,0.3564573389162085,0.4986280096195137,-0.20913438795637684,0.12104487045416654,0.23264486514699553,0.5855792772782791,0.5235888881153029,1.0,-0.15552954868701754,0.20232938566773623,0.24410051976671443,0.48090994036891616,-0.06765337507969046,-0.0374073211727061,-0.35537930414650365,-0.2355384077401703,-0.5892629162448503,-0.4137770079896085,-0.24892135904503,-0.5493149053616749,-0.2704090168277613,-0.6184783005392599,0.26314622021311707,0.45064054576557455,-0.2094080605734054,-0.12966417171076958,0.15090436090832995,0.33420515445717297,0.07931572094055257,0.010280760281675624,-0.10164754716157684,-0.014821862429418915,-0.16589489499814716,0.003963025024857073,-0.12058497429919288,-0.10201745845624012,-0.23075247698802714,-0.1826846119384027,-0.3817946035876294,-0.22920591737330367,-0.2068813017909421,-0.13881904629154476,-0.25452474760699434,-0.4320048507409124,-0.3348086583229269,-0.2950106412926104,-0.06500203720957277,-0.14973325276862035,-0.14836194702684669,-0.13706452027718596,-0.11808305961706406,0.056235373783216955,-0.20466012134256226,-0.21344362125888863,0.4457464021327646,0.2875235314145356,0.29071861817751665,0.12712505810035518,0.24765603777937692,0.4803323696686673,-0.2682872768482839,-0.10157455801844766,-0.26133562156128154,-0.22664894789292644,0.09047918341742807,0.16122582808811792,0.3841166544888194,0.23943425369043272,0.20785813973440337,0.1765647709628267,0.3152601580246289,0.2758192526694997,0.0734778388049832,0.03129886094195005,-0.02905573583299425,0.05120734182469,-0.21821926837462863,0.09441133849985109,-0.21638473632035565,0.0012041544050053218,-0.48347764936798593,-0.34383299908563464,0.07458068908555932,-0.023154238112877958,-0.2877365418311104,-0.3519944642969593,-0.04313510998460267,-0.07709625057687394,-0.02827301818345135,0.016082064585645567,-0.184440949611151,-0.08340835076831501,-0.09077975210270252,-0.11973903057649479,0.23079455731932574,-0.047272213880959514,0.1989924391260035,-0.09511240987896388,-0.028848190464947385,-0.08435473313762422,0.04270909295136925,-0.025264190963089482,-0.09498061728697614,0.03039589630798884,-0.02571105438175928,-0.03696202466581333,-0.20626686220231732,-0.014287372386228882,0.05716931992637723,-0.07542253911029441
0.038071907994538134,-0.11430626846147647,0.5709422369733445,0.2906915063149141,0.49581353632088526,0.048116441869498566,0.30015600309085344,0.21731548225577768,0.6346128687812348,0.22012540078260207,0.4725603674790406,0.2296344037732795,0.4227442453936993,-0.15552954868701754,1.0,0.6446970837054071,-0.3484627268812466,-0.1609650544539283,0.25397683017873496,0.2482312075409986,0.16480612071991527,0.26019899651957235,0.35439135980325914,0.4328375451179556,0.1266403828660396,0.04235916330638489,0.27076789351385994,0.5295261435413654,0.06723661771287226,-0.0691876961356195,0.44524726631742034,0.3127123589811988,-0.19724632160281683,0.1982837994018846,0.12902572537717727,0.11595746250151626,0.00014535972034696251,-0.1282320461938263,-0.010021269548177432,-0.18623250885282203,0.2852318462919723,0.13567228674914023,-0.25819106031790195,-0.35144791476862863,-0.22015100302748256,-0.38818394661652383,-0.24826102045219495,-0.353797645685948,-0.33046054559231103,-0.4385355977278564,-0.03183149986263292,-0.40945248089951597,-0.34475536311139154,-0.38135879069667467,-0.19496851071144708,-0.1746295193951924,-0.32139009985731826,-0.2830374502017779,-0.47715202356791353,-0.6234669645201952,-0.3000393509529309,-0.48287990140326903,-0.40287629166533095,-0.47162387589558324,0.5096912583243781,0.06553882515622325,-0.41949034731846513,-0.1840210158264506,-0.4281380202948488,-0.15558605405769205,0.12092869483343248,-0.03234760943802753,0.006256903657109549,0.08786262475050667,0.2061635701595544,0.19428074463333003,0.1788993396213478,0.22196993262919035,-0.11706467450078369,-0.3297377116897532,-0.05077757840228777,-0.22495297141183215,0.00011589957329707645,0.30030051491767107,0.4740940556743884,0.24653500177231694,-0.09188250278091101,-0.19354589961472185,0.4338573302517171,-0.005978810219273463,0.14174582191295215,-0.07330189582110373,0.2824163230021736,0.10349467336829332,-0.011041032847158912,0.03795930967735718,-0.2128172170554338,0.032254906220636655,0.05041466301959049,-0.1354656319682849,0.1248386178324852,0.1945173670697539,0.07791578122581626,0.049444494664499725,0.07222590269999422,0.09462068581922521,-0.15321917738819266,-0.1462635736856989,-0.3392718674711069,0.4002185809564845,0.10638656840027177,-0.11542475619825483,0.029871131828293002,0.26509803197594206,0.1331877879695654,-0.05822439815009911
-0.09272412193029685,0.124312964635988,0.34398683876687386,0.5013236120328813,0.41963293423845627,-0.19122438950915904,0.35568361487889993,0.5742508715100964,0.4370274776833657,0.3866015402836713,0.2754824209701528,0.3505220818937692,0.28709283368240546,0.20232938566773623,0.6446970837054071,1.0,-0.23617454089769105,0.024846728811387796,0.01831566516343792,-0.024303179926266297,0.002734467013572371,0.10979401878387626,-0.10752419559956646,0.1475617525910434,-0.303342932317083,-0.23273626058640326,0.02991993957293309,0.29729632489027913,0.21033880268613278,0.2001090111991834,0.5703652619704652,0.5346171861811908,-0.3116265224293409,0.19695758722091608,0.06079087405561961,0.23485380297073097,-0.036585189289332305,-0.06366876966330667,-0.05902312010566702,-0.25187244839635314,0.2121719962579195,-0.041053919857737126,-0.2818000708566982,-0.4406882456841131,-0.40258577922031386,-0.42262689207292103,-0.3561681616590814,-0.38474424915409255,-0.5433412194983681,-0.6362644193963048,-0.2931013516652521,-0.5728636456417966,-0.3275498542167335,-0.46670172775110264,-0.4742537133119691,-0.27897145943981577,-0.48257111026011434,-0.36691764763424667,-0.644675714158461,-0.6810045793245423,-0.15426414096028576,-0.33227656821639834,-0.1511764855211186,-0.5064042336729692,0.4840779283184828,0.2995148805026708,-0.6988690794843441,-0.20459303200291745,-0.5763272613731983,-0.3336091594663413,0.08434220621998104,0.13452526687424426,0.08803054710002597,0.08042797190893373,0.1272853813356087,0.07291566218740524,0.201107175407677,0.2227058085136113,-0.020715730445220716,-0.4221670156621224,0.06044322311148947,-0.18941283473027207,-0.07991993439295529,0.5071492461908709,0.29564766492465594,0.2414722807405181,-0.33663306951747035,-0.14846734823658855,0.3974087209517612,-0.043508436668609665,0.22364697469423234,0.022514680836199216,0.3724449658040201,0.2669188920357696,0.24311329446490784,0.3552097932762896,-0.19568130864760488,0.204575195631084,0.001392733568244018,-0.17055837812991498,0.30755202945104365,0.23870223498325435,0.2862298645900588,0.11025897519119604,0.18817831444945574,0.17616046021404036,0.11743474206690552,0.1566773526029719,-0.16249274173935369,0.334832396664578,0.18365097441218764,-0.14453784738473913,0.06785336999519204,0.350103514947935,0.39590820677397265,0.33990454734061026
-0.015815680280262305,0.4402201586744928,-0.35849684627954853,-0.17598798894289547,-0.313717732480652,-0.20908058475243038,0.05471098588782492,0.041816910705797995,-0.36387189397873143,-0.05103166438004003,-0.10371777182379167,0.13735599311757601,0.019831633067539465,0.24410051976671443,-0.3484627268812466,-0.23617454089769105,1.0,0.627250832328019,-0.04140739183847857,0.1852881955971451,-0.14606328995599524,-0.11768583977601538,-0.44011785859699387,-0.20125410352694598,-0.06733516070203699,-0.15506203184584735,-0.2412839393314183,-0.4686771966428056,0.35645548730963433,0.3472449803971035,-0.224606913443058,-0.10259519459492568,0.5225531857142868,0.460640393121329,0.23769011259144032,0.23175372384653828,0.0825359875899663,-0.06364941647415197,-0.15583952186611094,-0.027769490358904043,0.10199800388693064,0.09404384683174528,-0.3831331783511208,-0.1397939044125772,-0.23981565980797573,0.002846594931548335,-0.20942196734937882,-0.14315115680327112,0.08209564450861521,-0.05034497912479369,-0.3339967459733324,-0.14606612789477455,0.021487905508007266,-0.24317418393478657,-0.08324736563718448,-0.17269951237065492,0.5349981499065081,0.6107991449653648,0.05251519006833143,0.2254707951595363,0.5026018025122889,0.16123829193079067,0.6486817523891182,0.6872631717953551,-0.0374000319867558,0.07812919530551624,0.25317410451248423,0.19389507162588088,0.504893593054893,0.32961153609103266,0.17427038558249158,0.21622264262005417,0.553214970103384,0.3526894993551538,0.3774736233871183,0.39985534050405946,0.410083275795838,0.31754067594862356,0.5251202426271018,0.6074189637305792,0.26418427475131007,0.4419563678757998,-0.0994245362466589,-0.06697946689050287,-0.4861605563325555,-0.3719933388627708,-0.2840509657872895,-0.3061063627789605,-0.07093284577154167,-0.162498198213942,-0.5973590225574249,-0.559970010066657,-0.47060921044855614,-0.11706925113651984,-0.16054923755596825,-0.13561936068282257,-0.3327020709252796,-0.17907290550076968,-0.4194318797771894,-0.2285928570606771,0.10144517562213254,-0.1251075931530913,-0.042177227336937934,-0.07530576993418812,-0.156500085949268,-0.22585361811631713,-0.16235592361933113,-0.19124838448992085,0.08503558675905457,-0.0900490217488849,-0.006816542543616071,-0.3504040503281276,-0.4692144647003682,-0.12458559024584312,-0.06914490727544315,-0.2619313009758013
