1.0,0.3064966554118732,0.10467516619040863,-0.17737236787094332,0.09527375085152671,-0.28915366122292935,0.39353446733279773,-0.1833225304873682,-0.023316186847352885,-0.04059111714875948,0.6464206892961537,-0.1114005350699224,0.147541674718183,0.050690052166163437,0.199278476870002,-0.11800157988732878,0.1060623250097656,0.0070241033981803275,0.5100598451365324,0.49569422105146105,-0.03522015675436225,-0.037383772057142946,-0.08540978210668376,-0.20577649704736622,-0.49298051258234643,-0.36361320150877796,-0.10304333755716513,-0.2339323604745057,0.22067028842915798,-0.19487739296778261,-0.2557207266134194,-0.3010776440828695,0.19421965209182046,-0.05804507346786378,0.0368157154862212,-0.5007516965575204,-0.059714917551066726,-0.3385917497982679,-0.10115628057855586,-0.13279921262458672,-0.07997193887884381,0.08169757266054947,-0.05940194828171331,0.047928536337819426,-0.19252267257367633,-0.06051797409118342,0.23180686926432545,0.04377741245246274,-0.3412413686787955,0.25334487474951634,-0.3633118001920742,-0.03460018022056869,-0.08450198792504991,0.07307000290739005,-0.10636452670237871,0.15068793192308583,0.3216294262718698,0.3344343230988476,0.33183407727786723,0.0014707979941749171,-0.06331486508819248,0.06468795755461414,0.08570339479717363,-0.039013305038714106,-0.22324129544873902,-0.14277171872869607,-0.23694802856027702,-0.4848022914638,0.36614732610903067,0.008354220822996881,0.061775454347129784,-0.022588934084421232,0.03037902244041269,0.05600326380193142,0.04279825939014594,0.05905562559401889,0.26289781931706024,0.14426850648248896,0.019012146071928877,-0.079635417886749,0.11754150295461134,-0.17164594262809835,0.3831492666152169,0.062158717376128665,0.09521723307642527,-0.2422263269479428,-0.05084263991197579,-0.0016092729012614573,-0.039022493775038816,-0.01299514006495995,-0.15081899769378612,0.011902258490007053,-0.08750920248673337,0.11599942891760767,-0.1682977522973669,-0.14549744552582872,-0.10147216865655212,-0.11277119595001138,0.07047591257954011,0.03914117860240768,-0.08870498754217693,0.1874570749377192,0.04973572118351702,0.14175851034478565,0.22761465836989445,0.2083824892251999,0.11398583785313002,0.024061581732245846,-0.0978697218168981,0.0890527048607342,-0.26981956517025985,0.13413549964753774,-0.2646509243584178,0.14593717116730873,0.10469001246758614,-0.05763655608144302
0.3064966554118732,1.0,-0.3029375535165296,0.14140351476993318,-0.3351643693441465,-0.07581327207318546,-0.052677969623031465,0.06007587705213883,-0.32611522170074064,-0.09171463737489174,0.19114851068968036,0.4883578648094208,0.027765242991275474,0.48152211144554896,-0.33714723948946196,0.11351219547713932,-0.13907495469064943,0.0077995908570614066,-0.008461070589478778,0.1719321598804237,0.07217200728471611,-0.19143095018174644,-0.3255148023461527,-0.13579640188143047,-0.19719588841530722,0.016107061135207136,-0.06951306887484293,-0.04935108398949547,0.0010280679801498139,0.15040225389542972,-0.009879083746633393,-0.1312062975967834,0.21925882262327956,0.20616866311916507,-0.105709674473148,-0.12964561244477418,0.026592247238846484,0.2920886220339783,-0.05419851557855701,0.28663210592288213,0.20331340232720563,0.19659607078952193,0.1375362411600977,0.09526410831953416,0.0359885346194744,0.0838117265403588,0.4808023515603851,-0.06838645803086972,0.07497441894170627,0.20028198567459377,0.08917692500346995,0.12859540568679917,0.07671297030497713,0.01241507054435696,0.181793905747964,0.12422981282736155,0.1661714809437415,0.0051826320981486415,0.01617185300521596,0.11483763942397256,0.10777164017282986,0.2589711817351511,-0.011716832603489514,-0.0041613654893559995,-0.4436734397630777,0.1054026516169677,-0.30548078317560484,-0.20795252586851282,0.03496368718957478,-0.07460453557239122,0.12255012471686176,0.115380576275396,0.04332541866471702,0.2576439499212954,0.09221391709621733,0.23057067010316323,0.13987393184817135,0.3279981807208463,-0.15792107820285256,-0.07505840227050348,0.01545214140905153,-0.07504812725453075,-0.1369151974465025,0.21615506553974725,-0.34601717429512824,-0.2814035251566249,0.11209721482472754,0.05165797776342609,-0.3318387904357874,0.06329712779150763,-0.13616211511318235,-0.46430035923977475,-0.09277083747913505,-0.32298177113770676,-0.046259607404479625,-0.14932706449178385,0.019514326717168243,-0.10359988134630341,0.13024467515634233,-0.26783119865668514,0.042117373805631575,-0.11067754384670102,0.15394399704968675,-0.062149484223542405,0.11186934748016954,-0.021388622087135913,-0.026950582330807184,-0.02819861307445342,-0.24502193356956678,0.02960606353920066,-0.18241203830729358,-0.052040363580052,-0.08548136830030476,0.20498273769641817,-0.0022319737571801137,0.17844126465158813
0.10467516619040863,-0.3029375535165296,1.0,0.2881591091377018,0.3854575830065415,0.20338551448573255,0.6820754991878148,0.313516471932471,-0.010781291074505506,-0.00856599572964676,0.24825630226715156,-0.2533642431633895,0.04841899967263915,-0.10414672057989431,0.30774443137474133,0.1400866948343627,-0.36216576849941684,-0.4325302011857464,0.4398655380122774,0.06771668395286148,0.18945009331028104,0.4697885300887038,0.4784855181839639,0.1321921395075271,-0.11886618196237872,-0.03826267126019687,0.3529677843357643,0.03104920565252312,0.07441579814217712,-0.35524133551724746,0.3237986875053266,0.3868515635291316,-0.04012532423388102,-0.038046447939502,-0.2509195242139491,-0.021607724519626594,-0.037361660999765574,-0.4517321313232333,0.08262559549084772,-0.4586235499170704,-0.23655033175264512,-0.4041511208297046,-0.1321823454389114,-0.08154835749746443,0.012778426922685531,0.08950161023665314,-0.21130934719017933,-0.10743134073143917,-0.12368663502804114,0.03389500017416104,-0.08988991134308863,0.09656272977217123,-0.24338573984421907,-0.2274536958248217,-0.047678224561973175,-0.36930714308083173,-0.2537722401006776,-0.27900677383480227,-0.3111614233192881,-0.5357311438807244,-0.2972224672031295,-0.23525117816912408,-0.39399587373943273,-0.46132647493530726,0.3693880806527103,0.1553840730439651,-0.33742671002270774,-0.26077632358951086,-0.3445752263137201,-0.5050139691162255,0.25278062198434664,0.11643949448904081,-0.08564840697411305,-0.11042003718307368,-0.13544940792792642,0.04686616599804745,-0.1010190044577805,-0.19439659992605468,0.06204994612447881,-0.2512322557969977,-0.24307611159901615,-0.20841390585755346,0.19752827017079772,-0.12598388601146485,0.3923606963584003,0.23408938621602451,0.016998752216741894,0.07361369310322462,0.3481065664377052,0.25052889524985267,0.04065113244101325,0.20474177565051485,-0.03881977217019728,0.1373387388956927,0.0866795982793812,-0.11539984991591459,0.03252652949705135,-0.1369453802636594,-0.2603356255289319,-0.05046940449598549,0.025507192028677992,-0.019112893949099895,-0.1954676621047219,-0.15472585125366206,-0.2334762401404815,-0.17936699566853645,0.058568748182324964,0.0723853672010055,0.27732669014714667,0.04018670550611811,0.36084569822705337,-0.057082748638681506,-0.1519738810187726,-0.21565387015642168,0.21468259617082766,-0.25112962816612544
-0.17737236787094332,0.14140351476993318,0.2881591091377018,1.0,-0.07735649825211409,0.3827690053357597,0.02360215730087791,0.7784862346571159,-0.1415146925756105,-0.06089566904781535,-0.31094566311956656,0.21073377051559097,-0.0249894756647709,0.13847858196407437,-0.09920782946641671,0.4545437316653962,-0.4940575219619208,-0.6754290296517945,0.08671935394673398,-0.423871054436235,0.3144446843940627,0.39420855757979334,0.41427224647923594,0.664838453200937,0.4109103890877123,0.5944764591001196,0.43202222442298427,0.6509094906794551,-0.39129784280080765,-0.1677553200424763,0.3650893651444792,0.544751670273337,-0.29998507344159364,-0.08077885643698526,0.030706769519861163,0.5085279996830231,-0.022448214549634676,0.05311009815048156,0.3100801175095838,0.122930796366745,0.1043899855358865,-0.22766648602784126,0.2145025951233541,0.1426631415709781,-0.21619750125852583,-0.07148707982083155,0.12436024633103251,-0.025204267192052904,0.3606723152248806,0.06551818241003206,0.46885998765752235,0.3452712007011161,-0.043412264765444485,-0.10048182223592539,0.019922510782808073,-0.17252859236731158,-0.2717464755743792,-0.5950197247829672,-0.17085487030974436,-0.5699303594774527,-0.01301268522199184,-0.09804698415211957,-0.7427815880719386,-0.6803959157853459,0.2922524755991948,0.6132101619256488,-0.22758619932969185,-0.11096635521547021,-0.5664458477297449,-0.4032177239230122,0.09236707857208626,0.21472716119228094,-0.22724849105268888,-0.08630559471543493,-0.10699196212956781,0.05960912521226122,-0.27299463824332393,-0.30506973950338445,-0.020470916735751483,-0.30671851028813046,-0.5494859584752577,-0.49173655148351575,-0.26326501674300085,-0.38546368397852365,0.023529840753676465,0.1923598121814352,0.1450271650317226,0.17790428744490128,0.38321245684598526,0.49542760278635534,0.08388455312196533,-0.2957665074096417,0.16439031486003458,-0.322063186783283,-0.021600038594938958,-0.05777205022705256,-0.13192518962869026,-0.25484157416518405,-0.33601955766324715,-0.3791838673592586,0.02773675621214814,-0.3294709563044693,-0.29528300496224424,-0.4634618128998235,-0.48391948303057664,-0.4722475272731098,-0.227789164584776,-0.23565535345703995,0.1448657117972085,-0.11455919549285938,0.2541359612779653,-0.41966221538230225,-0.03730906443680065,-0.1776122875287092,-0.1418593033281654,-0.23838668044595268
0.09527375085152671,-0.3351643693441465,0.3854575830065415,-0.07735649825211409,1.0,0.2779009451881536,0.3122819824967388,0.09651147524629171,0.7605453214914344,0.7615885342678084,0.22869074649256316,-0.21609159505249845,0.3853871447539228,0.020494335046069668,0.40994584307212234,0.3938096562764626,-0.2012967137050375,-0.2728074450926041,0.13514929303984266,-0.03733387243220003,-0.02066815016291243,0.05622467570283909,-0.07913546545949597,-0.3169831949020458,-0.2505814809923053,-0.3764725031692578,-0.042726980970581634,-0.3896301355324686,0.15741758277072246,-0.17273226982886233,-0.2269245216199684,-0.13266829758066215,-0.23271524143383296,-0.19678167412572964,-0.17410024352528003,-0.1660645079139613,-0.08198390499606373,-0.279566692680448,-0.29810991385824376,-0.4471173117364024,-0.22817823329946038,-0.22555708274683914,-0.13553443416358016,0.06857036868127983,-0.1358342380590813,0.06235619834108066,-0.12224503143984992,0.03700281127875812,-0.09907936949861898,0.27249555909780515,-0.2068715112232438,0.08016430569005584,0.07514720279581456,-0.01690943664244044,-0.4564803855647583,-0.19920565064406245,-0.10189890586846405,-0.03427009079678573,0.19769586081563137,-0.03244359992969827,0.24742133546169484,0.17432095855453011,-0.1553589952864126,-0.15117289140589862,0.3891283263169367,0.29120081502871253,-0.12050461454480887,-0.2778180477717601,-0.2546622756871388,-0.05965158452322918,0.0028721298298669587,-0.180265568046471,-0.06591253044422718,-0.33387677455035697,-0.06390759697893063,-0.10416139892610017,-0.13187759810714778,-0.22078395262067496,-0.2736906843017363,-0.19338852703385806,-0.1340708530847308,-0.1429774994945764,-0.12488988544703684,-0.23756292431334466,0.06433445810737475,0.08712594986686915,-0.20851038924073606,-0.19982866002918123,0.3244288405003594,0.2507326603403263,-0.11385393613924626,0.19660678274897114,0.013067560834354607,0.248832842154845,-0.38939962859232047,-0.23739204271461917,-0.49318452953925257,-0.3034050246024032,-0.3900304043766096,-0.08497946393182552,-0.20250591124972647,-0.00918103375623029,-0.3427071125112102,-0.0913557525186474,-0.06742672118142364,0.03515332714196,-0.214763321247795,-0.14092990032036418,-0.05578366744812643,-0.030338110793878586,-0.33566984141322853,-0.3237136849017408,-0.09030804870247919,-0.061286532194936856,-0.153707738211917,-0.2838211315727293
-0.28915366122292935,-0.07581327207318546,0.20338551448573255,0.3827690053357597,0.2779009451881536,1.0,0.03237588897436217,0.36458457996877836,0.12808524886219355,0.338948227285828,-0.20278512856581257,-0.023601130788876098,0.132150251889794,0.02230459064765469,-0.08544238740104203,0.4117008755437075,-0.45845687139332314,-0.4988536434903252,0.05530826739166342,-0.44899344080868897,0.49297670454308956,0.37109522276289836,0.15517292730060672,0.12918066523118868,0.3153569682873403,0.2812474544673282,0.5968223623309641,0.3253545728579213,-0.4312801475276875,-0.23567741176093485,-0.027228543720396233,0.060546630743240175,-0.24545279901867714,-0.2297316569523897,0.12081916532742712,0.41808767648792533,-0.2600868603547206,-0.003450864135142401,0.16119102517235837,-0.045447831878780376,-0.15373806850533794,-0.3320497079858147,0.009741503661876854,-0.11824449386983543,-0.05723368897917479,-0.016299198810830133,0.27864363518454877,0.04757620720320029,0.4300745500043382,0.22468051861783037,0.40018515875348254,0.2794578921820784,0.44389882079474285,0.15022354167779983,0.18129570956352317,0.10927292533764177,-0.29992078426912355,-0.5044785226513077,-0.09979586217089191,-0.24099180824865382,0.2066039826908722,-0.03662995499304253,-0.3868647440420735,-0.41475396499765954,0.3850444958335137,0.43031457432571485,-0.027636410527547336,0.06776143294489723,-0.4967768022906092,-0.23689619932594358,0.2203250833280419,0.08234957914989517,-0.2584173094764369,-0.2460805894181004,-0.18696460927766162,-0.11490925525773603,-0.30927053174856495,-0.22932493059115647,-0.4596407161760581,-0.3432845593667362,-0.48279115426799885,-0.4329323615934491,-0.4792179047022119,-0.42347385663895226,-0.13015431426238067,0.011239038682855211,0.02942113978079989,0.06596341642801612,0.1457931659493758,0.35801506306892017,0.2221297467648881,-0.2077330299858597,0.45020477647257445,-0.21434209647877359,-0.13919081122389007,-0.16342161184725712,-0.12425711256941249,-0.20223861869969445,-0.025439306220584174,-0.1966555496125785,0.20964930995304765,-0.3538737168423748,-0.14051533501733013,-0.3047746427760222,-0.1570972945666231,-0.20776698070042496,-0.13583613709559522,0.005825710097819976,-0.08743664846939754,-0.18756799001439006,-0.0808864293615744,-0.26657410202947085,0.02505308227161509,-0.15850246847876512,-0.2599730348167803,-0.18668425934636385
0.39353446733279773,-0.052677969623031465,0.6820754991878148,0.02360215730087791,0.3122819824967388,0.03237588897436217,1.0,0.18881689494674586,-0.048819707627233554,-0.004007264519006158,0.5845977403764635,0.025562215258074405,0.2653964570555492,0.14477596330365441,0.2368007020478994,0.14284802232014102,-0.2959107259360458,-0.26582718159877494,0.4554990157977664,0.34356656364193766,0.2647277996240311,0.42334332191417157,0.043182753189118156,-0.10622456032663617,-0.5058397862095761,-0.42352312976241874,0.1797660476314647,-0.2574531622915218,0.21756202466850008,-0.23001171223329736,0.12053153660975234,0.09076505423827139,0.09474895435541549,-0.03906707785623697,-0.03368616887593453,-0.18466404238829,0.02726139534852157,-0.4632896720318038,-0.04601377381026299,-0.5311147819798384,-0.3073630408575833,-0.333327483089964,-0.1388672920215546,-0.12449168121322118,0.26246310952564894,0.18422548541187247,0.014750073315158135,-0.23498659321358387,-0.2273180361333245,0.07338777947134079,-0.2884733681706384,-0.08118059473798789,-0.16868917562372865,-0.19397830113775386,-0.11057908034312096,-0.29764746735494413,-0.23096636328119705,-0.21905310893723526,-0.19578208072537243,-0.48649950880359816,-0.07993266561384409,-0.11794493457777848,-0.13451985575195785,-0.37251144460902585,0.17113438245760276,0.060338722106290064,-0.23605071193903732,-0.21349180238179907,-0.17952742454255238,-0.3967504500127686,0.21762167338029748,0.17749907762430236,-0.013578654531197101,-0.12283157350351762,-0.28078999890844275,0.04511126780185332,-0.11827135195793953,-0.18446416727849274,-0.22030169455344809,-0.4589373688717399,-0.22963886483520268,-0.15434190775382386,0.17906796903594507,0.23584804879353516,0.2505493193147986,0.23195004660147345,-0.23493786842309247,0.02469629536555538,0.11262235358345608,0.13870896847486108,-0.04043205694698612,0.17786668977053827,0.11226641880358203,0.15123620184577988,-0.028407802312535247,-0.16313217563287133,-0.21587356536509908,-0.07663549122777379,-0.19984299785492776,0.08344529762039711,0.15860724422877884,0.03150644543521294,-0.04428729354039534,0.030621612094213588,0.05074493692454864,0.09233132744505136,0.014349229099765423,0.09715578568911193,0.2411563607837717,-0.0975087665213766,0.1025527520058453,0.04176438624138959,0.07342090851633647,-0.00024332032997242012,0.1490355638384401,-0.13354754153838222
-0.1833225304873682,0.06007587705213883,0.313516471932471,0.7784862346571159,0.09651147524629171,0.36458457996877836,0.18881689494674586,1.0,0.04069298930299856,0.06683165711488204,-0.23151354441049202,0.31943007826327136,0.21191301623451733,0.400441709237133,-0.04837601057912396,0.5585041924762449,-0.570535770669488,-0.6670112535148585,-0.06892897216558207,-0.5050745585249881,0.40638907008232994,0.28885315207414175,0.08526479867256297,0.3931827043205117,0.12245622717332569,0.2545002634380708,0.3308060259706628,0.380659237334495,-0.4083630404115547,-0.19361529053991908,0.23422501692378667,0.41571759199867014,-0.37254314170418623,-0.07615228643997346,0.12929553241856054,0.4860109559808264,-0.08622030897634339,-0.1341579319769834,0.22845169102745436,-0.039281809038034236,-0.08204421030173091,-0.3120233701814974,0.179140242580768,0.19718605354004104,0.022840476660420748,0.19386166745949007,0.021228233524779913,-0.0676629795631034,0.4290834875510961,-0.01145208263284526,0.3773095852848443,0.24010538686128508,0.0392752098927678,-0.19037122972121293,-0.011202053546700595,-0.31929454637803395,-0.4606937869506787,-0.6926045043432557,-0.0649004782959011,-0.4487468023401144,0.20798084890761484,0.23304056683500549,-0.7122972252184967,-0.6456252250596192,0.35397755219526444,0.7620088551480637,-0.05739702921719282,0.06563499735552027,-0.6347067425068803,-0.35597365172327106,-0.0683018169096502,0.03960321792744654,-0.37766013832695117,-0.3953423394511414,-0.41404020947695314,-0.02260862418251246,-0.4757829095896404,-0.42915676879598985,-0.25600481924977947,-0.48918510115315644,-0.562044163133271,-0.43157887443344134,-0.41315603502160997,-0.24683247917718196,-0.0005708107370746926,0.3143528548631193,-0.06397226956374649,-0.04064931523909328,0.505345324084452,0.513753515513957,0.06663975983927989,-0.22355256375840615,0.22219499814292673,-0.3265553473356026,-0.14086063601836174,-0.16255533035252362,-0.31560659269097446,-0.3161389083966701,-0.4492386593069321,-0.49408351449047183,0.06436608403774069,-0.41649590635749467,-0.3105502181013295,-0.545765908349621,-0.42313866868661726,-0.4169365904398514,-0.1936272054650391,-0.26187128218842426,0.09296851951970428,-0.13003604484038478,0.0919696572734563,-0.47735131776542,0.10069782408919997,-0.10272951513296642,-0.20250764935276683,-0.22187596056028364
-0.023316186847352885,-0.32611522170074064,-0.010781291074505506,-0.1415146925756105,0.7605453214914344,0.12808524886219355,-0.048819707627233554,0.04069298930299856,1.0,0.8381548028441552,0.04105952896488798,-0.01167052800935505,0.5063440180233315,0.108121970623049,0.4444891034493412,0.4822887084446387,0.07120750092588779,0.030646414998699165,-0.10238221709970356,-0.24673286050014315,-0.25289598011800885,-0.19399314040041904,-0.017920864898804744,-0.23523257226377017,0.06449185978819376,-0.25807504978159107,-0.36625556591935937,-0.2959427937499824,0.08517498553119497,0.0018922494369277968,-0.4225550409950267,-0.2943368838210074,-0.21155967380534488,-0.0966471517097862,-0.061733938404431,-0.1847042707409083,-0.1744898266761434,-0.2950532430390442,-0.2881344321925422,-0.326570449363892,-0.2197967532987037,-0.22033577711089797,-0.0016833614977808142,0.03464238261766785,-0.191442719001691,-0.11840116172216132,-0.10497226743559475,0.006587840996027,0.12929233233990295,0.2125272168825324,0.03026939723294308,-0.013682483147900855,0.21298837874236123,-0.0308852924908804,-0.5508805814856578,-0.14330397478312587,-0.09243428059390446,0.030496413847858932,0.23541180461858557,0.10408512724299722,0.39094997514684926,0.14673110515364027,0.03907647191488208,0.07825876381770996,0.35195754371578936,0.18215004271670188,0.02435323371064921,-0.19400110297100193,-0.1423304473247268,0.062330583151545035,-0.3764756579649774,-0.25666158405361983,-0.09619852057412742,-0.45117932527647003,-0.11306697789441641,-0.2943363188429351,-0.1712034966643564,-0.21018470234324096,-0.2025118932312956,-0.005415368160244326,-0.0828274188146668,0.026158136403566328,-0.18513568400753289,-0.3026356788286409,0.015680183210048833,-0.028468624492710506,-0.2940513457262064,-0.43257451298153315,0.3091881392610228,0.05804695347443938,-0.19388658852940124,0.11866882533829161,0.08049564251631697,0.29971551245125694,-0.360258096307423,-0.13591056438116916,-0.4978016395585229,-0.3949371843742475,-0.43867079082563576,-0.1502348192486129,-0.30546810405242986,0.06269458733677712,-0.34510883180944396,-0.008040607958381093,0.00639709102492272,0.11047623043546184,-0.14711016934967497,-0.14121074256336402,-0.11902599525713323,-0.21235709275394937,-0.43243790871823695,-0.29766739756804317,-0.07350251512814253,-0.09698735220759375,-0.26478027343349,-0.2663612128171982
-0.04059111714875948,-0.09171463737489174,-0.00856599572964676,-0.06089566904781535,0.7615885342678084,0.338948227285828,-0.004007264519006158,0.06683165711488204,0.8381548028441552,1.0,0.17126953740976264,0.08707230410311957,0.48969296672421536,0.24556917438725548,0.31422412205843003,0.5607381540422961,-0.1490499209631815,-0.09771945642373879,-0.007104218465764653,-0.18985032428383794,-0.2283322866486623,-0.12361857373251474,-0.16764275744681387,-0.3177378167987521,0.03408561138772743,-0.30130984418652945,-0.22785313246525166,-0.3377970709397612,0.11281663306188985,0.006739121317456928,-0.3397036225690324,-0.2802803381302851,-0.19331269991226976,-0.13187322663058304,-0.0824519255405107,-0.14078561052078878,-0.14412260539635804,-0.15304914840920997,-0.4444153821229839,-0.25165947176740466,-0.22749531770872533,-0.1757736354040632,0.04049304809635401,-0.011067892549519752,-0.09903749912026562,0.016233991353600784,0.13300963267661628,0.03984941038084007,0.18830240539564813,0.3146278146860387,-0.03182138768041993,0.02821245569507319,0.30167785562655197,-0.09828168804380553,-0.500490871045946,-0.16731940198435286,-0.17043437522521135,-0.09348488840910853,0.14622908842289986,0.1491963783814214,0.4255855928536679,0.26016841334577445,-0.041164318665448105,-0.08454853572526592,0.24074677376310347,0.2878737256758158,-0.09689058892130345,-0.13750416903722318,-0.24230889816244786,-0.05289821612902266,-0.16713452903265813,-0.08727944309106925,-0.05601746067304023,-0.29175847043933234,-0.026876204719598836,-0.18691290012420989,-0.20536947961778665,-0.20512381575945599,-0.39949186572021866,-0.1405574382716416,-0.20112434814387103,-0.05170632038249701,-0.3330553153155332,-0.2662848286042028,-0.09646216738191785,-0.09129729322409953,-0.30966920748641363,-0.4457347299382975,0.1413338461630619,0.03763909692586607,-0.10122704221500552,-0.06934598286795188,0.1330665445772367,0.1389828148659502,-0.3820008003996522,-0.26962297995942286,-0.5036583177976743,-0.3966393510112981,-0.32984861898314544,-0.2096134738076456,-0.21284529264739502,-0.09445379826506699,-0.31324199773170075,-0.06722919767135932,0.04037534743519328,0.07431139464566834,-0.23982473203008875,-0.16805707502525885,-0.20358082566787733,-0.15504746182299892,-0.4446685258009215,-0.22805851179868566,-0.013105088535707214,-0.011492586303199923,-0.2587057789538425,-0.16617386731719969
0.6464206892961537,0.19114851068968036,0.24825630226715156,-0.31094566311956656,0.22869074649256316,-0.20278512856581257,0.5845977403764635,-0.23151354441049202,0.04105952896488798,0.17126953740976264,1.0,0.06704727976397619,0.3650572081772214,0.12247725673359126,0.37738167174542686,0.051844669566117045,-0.007176762889631193,0.04574513018286736,0.5596198154208628,0.5871210674223152,-0.2402783475856497,-0.03790239300273024,-0.09986114327328148,-0.26054898884593936,-0.5190438358751723,-0.6172833722566068,-0.24389427975625672,-0.4253045729344841,0.5388579424744621,-0.14404519070596197,-0.04776456085518341,-0.13112817828882176,0.21089423088228457,0.03283821385136208,0.0025071481478388504,-0.4975264650576989,0.1732011153870343,-0.34960722410720163,-0.41369449727166374,-0.414911720957707,-0.13454353700538382,-0.08251048236871265,-0.15814843880980017,-0.10029016314933575,-0.04015885838110407,-0.0042799140935785174,0.118299734487374,-0.12956569862995765,-0.2620590824304393,0.06782225846759357,-0.42200617268650026,-0.23206077016758914,-0.05888518955331694,-0.17498064689121304,-0.2239410020355185,-0.218598291493625,-0.019501485454518942,0.11061527621141669,-0.038771294089333865,-0.09741205205898958,-0.08754169057978338,1.904167980221828e-05,0.19179806820758857,-0.11587392682093649,-0.13416654249821167,-0.21242300089874902,-0.295487655583653,-0.3034277241652639,0.15479470095713538,-0.1403969351488551,0.20748378100748893,0.12926960402276264,0.14731631996494798,0.10613206506799572,0.0541077200044136,0.20610738829708175,0.24746781055411513,0.18088133004160423,-0.09691649233023764,-0.19807187658811654,0.13239082457926674,-0.02143329660681537,0.48009619655923896,0.3347204168283422,0.3831530310158374,0.021293719897425994,-0.24346580043968022,-0.1314425780973609,-0.13552534850446363,-0.1477402664978478,-0.11069670126878337,0.08563933067410659,-0.023048660170576277,0.07087243083344279,-0.18942598436122893,-0.2694433348300533,-0.17933750708934884,-0.11056696697750294,-0.08489626152225689,0.028937038372737228,0.007888848719824508,0.03850956099621474,0.0729605747494092,0.09457261324459074,0.2773005483700564,0.26424261384100944,-0.025843637213058445,-0.0008301401455751694,-0.0351388859725607,0.09567616052856187,-0.22945484494881796,0.13102108969797538,-0.1587384690584084,0.20197568275442798,0.21898881447444948,0.04472978958234279
-0.1114005350699224,0.4883578648094208,-0.2533642431633895,0.21073377051559097,-0.21609159505249845,-0.023601130788876098,0.025562215258074405,0.31943007826327136,-0.01167052800935505,0.08707230410311957,0.06704727976397619,1.0,0.295784069924092,0.686443395452098,-0.09172886254785753,0.44984137559078324,-0.17044701796325562,0.05731110684421263,-0.1354241152047982,-0.07051670921689557,-0.029755557356056745,0.017081056512222224,-0.2309581006489001,0.07982324745885112,0.03702963569179836,0.026664735701237875,-0.11225281389595727,0.03658054258061609,0.11354540152872072,0.4462935270633742,0.20463593817918538,0.18457515736527427,0.08968946377267976,0.33669200629542523,0.1586236517265148,0.08632153803551959,0.08671323863899942,0.17377125651785058,-0.14931125384388746,0.12522425363219125,0.10985201019227502,-0.13535292482868122,0.2845081562084092,-0.02096341764181275,0.24190049295579988,0.1562270922103423,0.3561895223559635,-0.33652080698863895,0.306198193481334,0.009241601399671074,0.21276585183187033,-0.13596387132075421,0.1903029197589216,-0.34517564458256883,-0.20663161856872644,-0.3291598630629249,-0.22002768606726744,-0.48509859189388893,-0.16406541992839285,-0.07663763886544064,0.24665739583369273,0.08031138979121745,-0.05263083776017364,-0.161546601642129,-0.15893801348994147,0.22707956366555,-0.06334197742026323,0.040689463819413026,-0.22558764365594097,-0.30188434956921817,-0.12247010013635817,0.2708555851554324,0.1287710269393644,-0.0790158567980704,-0.16004313170851983,0.05076408298727916,-0.11654503030104749,-0.015761190790341915,-0.18097485780741734,-0.09177270163868444,-0.2133621821902501,0.1650980605664607,-0.2244841437297614,0.37293505411752476,-0.12784221298221488,0.15593201495905004,-0.21626250973018288,-0.22198803963079794,-0.17253427073906644,-0.15164811865947952,-0.3517124915863051,-0.43557588224152477,0.012812263951979463,-0.2726310446971757,-0.2320724626940644,-0.1805776430799209,-0.40842412994401683,-0.27391775477145736,-0.2835929711999575,-0.42605699521949997,-0.1331340592763005,-0.2512934632476578,-0.18483117366038046,-0.1332050739273694,-0.14506809048639482,-0.0993368981629476,-0.20336754920186526,-0.12865588689648946,-0.10608505550532725,-0.31726908873305265,-0.2413590133957482,-0.2336671806272552,0.11639568376207031,0.18328968201367546,-0.15837721427567306,-0.04257649163652244
0.147541674718183,0.027765242991275474,0.04841899967263915,-0.0249894756647709,0.3853871447539228,0.132150251889794,0.2653964570555492,0.21191301623451733,0.5063440180233315,0.48969296672421536,0.3650572081772214,0.295784069924092,1.0,0.6311288313208431,0.49568750123823296,0.5571170435355643,0.0016475343207252937,0.02241852232717558,0.016638036315812,-0.19113932693802457,-0.04182063847580073,-0.053283292882907694,-0.15552567282783136,-0.17492732499251928,-0.1932333981904227,-0.34913333325655616,-0.1726921253488794,-0.24351241409574081,0.13970835553612287,0.14217882020362269,-0.2974661729555934,-0.2642431090039177,-0.07899320989736318,0.053378902731566875,-0.06814283766456722,-0.12613496478866418,-0.033907158685401076,-0.30364209792116426,-0.12261996454536307,-0.5413201613319726,-0.05065596171223723,-0.2675171317798733,-0.07968557232973845,-0.05164716452583898,-0.10926099657354528,-0.08195713482166393,0.06998388673777879,-0.27704486008402884,0.28660040251491653,0.0959172043332644,0.0003853409290056327,0.06334276491002402,0.2812605366421587,-0.027171151011046137,-0.21243840883343187,-0.26926362021992895,-0.3054346794235,-0.18722410043464824,0.11103264230693774,-0.09917025338947477,0.688632675889699,0.36793867878562736,0.13367979136160163,-0.013293248868137007,0.24015366705497787,0.2666485397825208,-0.07191826551526517,-0.1306434537361889,-0.2130754315004051,-0.0023838721603144076,-0.2902280893853279,-0.14932457184214382,-0.01296247302517942,-0.25271521395904795,-0.1885191840123384,0.07121711069371844,-0.1569752220449965,-0.09855243147935626,-0.36213659837440704,-0.2255052849530926,-0.23460904359741944,-0.007396224760136588,-0.1582981751868316,0.051233825741780356,-0.01928228318351483,-0.008883074768096197,-0.42331483105860407,-0.5066331959872067,0.367299280194108,0.19608211913878865,-0.13865968870017684,-0.07569426923558802,0.16878008328752703,-0.15978237065994835,-0.49037586451080145,-0.4689791083091768,-0.569273070370351,-0.45707483394705256,-0.4399557975357799,-0.2225652182792366,-0.14684295229630817,-0.29816224197163976,-0.17360666198468142,-0.28753154295937133,-0.07283292635171675,-0.10747082083752288,-0.16033970945330198,-0.2878326966065762,-0.06985798940169081,-0.5201816488342582,-0.4308162886226381,-0.3089193134928994,-0.05140864536548442,-0.03327646689676766,-0.18488680012717623,-0.3089288340724527
0.050690052166163437,0.48152211144554896,-0.10414672057989431,0.13847858196407437,0.020494335046069668,0.02230459064765469,0.14477596330365441,0.400441709237133,0.108121970623049,0.24556917438725548,0.12247725673359126,0.686443395452098,0.6311288313208431,1.0,0.008092633862631657,0.4758883157943174,-0.07507651282403237,0.018896903272585218,-0.233819466214274,-0.1807444299791195,0.03992815738952174,-0.10685089836900469,-0.3878363975812707,-0.20654433382140852,-0.20482981324907013,-0.13528964932359477,-0.14160569375220208,-0.19989932101548868,0.059911137423634436,0.30651633293693614,-0.03961085859270229,-0.08288482813283254,-0.024712994118987103,0.2218569773012046,-0.11024239007135621,0.002598642798892227,-0.0197205354976342,-0.027228030091389216,-0.046041686031153495,-0.12243087630005678,0.04787282314019616,-0.11232153386371992,0.11507621440147744,0.0990066876923995,0.19405552608677495,0.2023795403469193,0.28566153760445645,-0.2479517918189986,0.3793556507354915,0.1414285820821249,0.08852566331277475,0.16888964507341395,0.19990596010088615,-0.17348351716819385,-0.057921551311763665,-0.31020652967655477,-0.17938174593638878,-0.336385054444434,0.0815404184695475,-0.03060150656458887,0.6004233478987646,0.5071928686608866,0.039993209442139466,-0.10118150982197058,-0.1276696035189381,0.42907424849752207,-0.12043502978184539,-0.0638441245080173,-0.21535709053756644,-0.13607716454675778,-0.20551605805442527,-0.03863114193293436,0.017229186769552884,-0.1333938390686728,-0.20616872370364508,0.10687108673148679,-0.20157441941068605,-0.08603200694071282,-0.31864014669865687,-0.17333006501357795,-0.13736240191770976,0.15286522509304665,-0.3492842193457028,0.2668562653573335,-0.3853822869034744,-0.0916579132621321,-0.29015274785556433,-0.44876125776599574,0.08069764110303927,0.14512014261709993,-0.22233987945260206,-0.3773044909117382,0.006475109317319827,-0.31458957655574066,-0.38120062661268644,-0.4504672271512095,-0.42223879176623397,-0.368916265384678,-0.3316401421616865,-0.3699661757713509,-0.0972165310019387,-0.30879286891613467,-0.1434639077931301,-0.2519858090152166,-0.13715093365145148,-0.2505448928880187,-0.12976578396048413,-0.24547556767058104,-0.12451407941766052,-0.4848033143836281,-0.29204977742519356,-0.26629787557241374,0.09481995637051975,0.09646844253586895,-0.2533812946274753,-0.12128886156202251
0.199278476870002,-0.33714723948946196,0.30774443137474133,-0.09920782946641671,0.40994584307212234,-0.08544238740104203,0.2368007020478994,-0.04837601057912396,0.4444891034493412,0.31422412205843003,0.37738167174542686,-0.09172886254785753,0.49568750123823296,0.008092633862631657,1.0,0.39949907276559565,0.006435370006118558,-0.1182678085051347,0.5044363405271357,0.17697167463135977,-0.3418111592570273,-0.07155776062001046,0.3195115840858524,0.12208927199326482,-0.009641782414242106,-0.39627261368246175,-0.17366414652271644,-0.07179751561570823,0.17564490822732579,-0.26289615378438835,-0.1820156232619917,0.04560326827136298,-0.059982207755814136,-0.14379765891217747,-0.16778301801519638,-0.31748233978169016,-0.22109445194922317,-0.5836716788329472,-0.18562183593180265,-0.5814253471281313,-0.26313754625849967,-0.37918070569055773,-0.19697810500580465,-0.23294440632575233,-0.22945386083123576,-0.23980277439192646,-0.20184299241101833,-0.1826553798554913,-0.15588067999411404,0.04776297763126053,-0.20374383030557539,-0.21669455250696465,-0.14421906949205873,-0.13618797026681018,-0.41158202947884887,-0.3083639779762084,-0.33554279729881836,0.072351666288017,-0.15946347959731177,-0.14976839641044787,0.02199037026325153,-0.03634519195887933,0.019407286080563226,-0.13146843683202777,0.547163446349279,-0.14279015649008678,-0.2437480073063392,-0.30325845637686166,0.023318973697872194,0.028009007652337093,-0.19487632799472723,-0.17170163112575323,-0.17351975616451215,-0.33361051334121095,-0.1743426153568266,-0.17327437512815433,-0.137162314198508,-0.21118685773183146,-0.1286895139215093,-0.1799104467724286,-0.2090592850953415,-0.028598730574294667,0.4073293921596246,0.037262772577957,0.5688576277514439,0.17319759543691676,-0.36341922318461195,-0.3555228608998352,0.40783421956403004,-0.15793727022719753,0.054647318603533654,0.3407034242492801,0.13140771061414716,0.2544818398066136,-0.15163565868166728,-0.13418852613933022,-0.16653652373297825,-0.2601023907961521,-0.16763114417513497,0.14895168199919534,-0.16542791565958975,0.12623199015294403,-0.04478607953578515,0.10946643075127445,0.08553238536939661,0.2080905132107524,0.042730123890755395,0.06441052660940044,0.08002487080875702,-0.2751146441002247,-0.14443921252035472,0.04102796557343629,0.02492910911612196,0.010451984806152483,0.24432157325285372,-0.10109535056409769
-0.11800157988732878,0.11351219547713932,0.1400866948343627,0.4545437316653962,0.3938096562764626,0.4117008755437075,0.14284802232014102,0.5585041924762449,0.4822887084446387,0.5607381540422961,0.051844669566117045,0.44984137559078324,0.5571170435355643,0.4758883157943174,0.39949907276559565,1.0,-0.3988846406160155,-0.41147908421819557,0.14308324052255075,-0.22287023922690077,0.04705583210478236,0.06302263117452159,0.10614923991527939,0.1970862370943507,0.1820083161530243,-0.02830125435197233,0.05036764382137186,0.14066847063852167,-0.12177983431857478,-0.0480423444362808,0.03841455350532547,0.21670531665284004,-0.2722903442538759,-0.1117079705372447,-0.11635886614806365,-5.091576113206503e-05,-0.02587409535067707,-0.2520404224908573,-0.19118059310254665,-0.34328035682514135,-0.12156093880029785,-0.48727592476360765,0.021860365410194035,-0.11272944894604431,-0.17093136776310883,-0.14994172351982787,0.2699707182711497,-0.2791230968016699,0.3302126978070205,0.10491893095566691,0.2456475554072349,0.05491696857685191,0.2971444124915586,-0.19191444086213522,-0.30833431258079863,-0.3387860076106226,-0.4280831102257831,-0.49139990601605216,-0.1342804861533356,-0.278760633513826,0.350391210374763,0.12633705662120917,-0.30959878890264564,-0.4300469023605543,0.4232461364138838,0.42558678641510017,-0.21717155064541238,-0.25559304289480256,-0.44799596528220925,-0.24377002229729366,-0.07161732801303584,0.04310697927679514,-0.20854505629889547,-0.43590664852578576,-0.2545955678279959,-0.07667187828913988,-0.3638385249574532,-0.3456801573659376,-0.4894090751344472,-0.3694487309247126,-0.57950854083797,-0.25595022253243305,-0.32798735219816305,-0.07214463104406138,0.010365433986330986,0.14900680725698603,-0.3142497016068115,-0.3295591748452187,0.36834264731177946,0.23787122238782066,0.02434143476398996,-0.13972179065163856,0.34669844539947875,-0.0689067810994367,-0.3355019810153653,-0.2935911970056808,-0.4903219237317253,-0.4688901831743661,-0.4109779088718075,-0.3429394696598265,-0.06157169060015492,-0.2894075145851091,-0.28338519089215825,-0.29221493581556224,-0.20679170768407074,-0.12315257201052296,-0.3006375139420827,-0.30058778991236773,-0.04985162793639134,-0.4213749688919924,-0.2558556696022748,-0.3797831211429464,0.15882119780288467,0.048561458577957024,-0.2627086415858503,-0.28419700263179315
0.1060623250097656,-0.13907495469064943,-0.36216576849941684,-0.4940575219619208,-0.2012967137050375,-0.45845687139332314,-0.2959107259360458,-0.570535770669488,0.07120750092588779,-0.1490499209631815,-0.007176762889631193,-0.17044701796325562,0.0016475343207252937,-0.07507651282403237,0.006435370006118558,-0.3988846406160155,1.0,0.7898458263493592,-0.2986314986819556,0.1956803108429668,-0.3305177409404987,-0.3561038852037473,-0.0022905347117775556,-0.166752158252437,0.04243223599055402,0.03248432918617953,-0.3884717501414518,-0.1990037812993383,0.2994199258020855,0.33452320163713184,-0.2485476916085488,-0.340581831525178,0.11486146600018741,0.17517758014111134,-0.17530226432860227,-0.3582464132342691,0.24557476984697602,0.05684961235735861,0.08059923066390737,0.1001357851094733,0.3098379123120211,0.38748456747304616,-0.2650349512866394,-0.05489178118685575,-0.22902697050911958,-0.28011823138516684,-0.21369879985992776,0.04916052877158217,-0.28254817360490053,-0.07421043967128715,-0.2312517124453153,-0.004334508582671921,-0.1009788951742646,0.2656051408713623,-0.06772939389485633,0.26678463568276556,0.6449827796988761,0.6457971942906936,0.30277421580724156,0.24724225101394118,0.012927286862628175,-0.08738443696277823,0.6830687948802422,0.6870926425219854,-0.41790183894230065,-0.4953504972357348,0.14489732536131056,-0.12946784911205425,0.5953554109196639,0.49202722270425375,-0.25349332098322314,-0.2866412697298134,0.32105243527773003,0.19987150542815776,0.3113401578814042,-0.1199012163250981,0.29989885987669085,0.18993917962437484,0.5525320343787196,0.6239382289653692,0.6629053365132865,0.6038970240850027,0.31574459639157837,0.20618410233707696,-0.24678821836048095,-0.3267474506197142,0.09139032935982988,-0.09367453179670393,-0.2270766886736748,-0.2290825015695199,-0.2000436227530074,0.2530452906227552,-0.2435713695940432,0.2715865524392236,-0.12403506715572936,0.08319267439379496,0.11171247254958329,0.20857066708222827,0.09284426211172661,0.3459485069999257,-0.3387514750878235,0.30004180430893385,-0.0752653094501516,0.22826315958403123,-0.03668018996868702,-0.02040019408427946,0.1092804538248044,0.01647806484073816,0.0888807659536255,-0.14058037617771565,-0.04509684133259953,0.1809443088487718,-0.08457852863340279,0.015640737029401115,-0.06438414010481029,-0.1556127571480165
