1.0,0.3435661084894611,-0.13288309065042958,-0.4079502671175573,-0.05569645451924563,-0.3128561437015157,-0.2806624079207939,-0.5373720986014867,-0.23733378814586417,-0.26855934583070246,0.12706498275810227,0.15539129298992357,-0.06958998833533636,-0.16573416434975533,-0.2512831852091094,-0.03347770778617461,0.5588517769560727,0.5177240622454722,0.3061935191355988,0.280667982701239,-0.013655437065727607,0.06234043295862656,-0.0711003481218131,-0.24792085842838718,-0.09653297173674316,0.10603179692062192,-0.2935007423395481,0.2135760661851759,0.2644321779658906,0.21861044932662044,-0.09962931118652583,-0.15717159119581592,0.44164398772401997,0.3512123377251613,-0.03647125793056481,-0.10603269456502389,0.022344760036587627,-0.07042862343999408,-0.19781112241349813,-0.09964423455224282,-0.06952611433220769,-0.2009311826792302,0.346439514681611,0.36070943329765115,-0.019598778636582985,-0.24141821670201635,0.26761561231892866,0.22851856463457323,0.3132330846810867,-0.01958854737747023,0.30113865234850723,0.12720704386759224,0.11053282365358875,0.30470088306520277,0.12045455568732386,0.26183176975989647,0.5076248201680843,0.3892520288525291,0.29620627951175077,-0.03055869886769583,0.3801086900557012,-0.1348171960343026,0.1910756412548599,0.3153467820730417,-0.29042185269052784,-0.2510271977824322,0.10587459603780291,-0.23565981898619537,0.46658861439849547,0.3524739366376541,-0.2888444205164427,-0.3211947689919141,0.2263498203410871,-0.1278144140992781,-0.03936290227779132,-0.10758940063177151,-0.011483113812119665,-0.2987315275937109,0.48500755146936225,0.5197110934061725,0.45050859516620495,0.5962181107370829,-0.04147568083080804,-0.09531449906193379,-0.020616518335693473,0.20566580972104254,0.032861827619157874,0.08051850415876635,-0.28365544962865197,0.03765211149682081,-0.5002185970002276,-0.39941256328897673,-0.5315358385846168,-0.4065409693034493,-0.04922416724183631,-0.07189919678012556,0.13360996165053218,0.27656055235692206,-0.16152558640761006,0.08421263723863415,-0.26216042080957974,-0.18464935813053893,-0.4453770342336094,-0.2853916630163562,-0.26303434038833134,-0.2478094592451434,-0.14995380857560467,-0.1938909755923027,0.028631958492325096,0.17127429115320225,0.21746380449160244,0.34982487128347634,-0.18971740506403523,-0.2731948083105355,-0.34642891360302697,-0.24891462226381525
0.3435661084894611,1.0,-0.4277544498717873,0.010531062229524936,-0.463283807589168,-0.4052073963251135,-0.4997720168773473,-0.028534249300677043,-0.48258289012994704,-0.14617858848024587,0.010553426297406762,0.3881197845387828,-0.32687901434949873,0.1760237860620142,-0.331243591156772,-0.06584529128450074,0.42993895107253444,0.3576414502952494,0.43095115448770466,0.37358441567067485,-0.1898160200518013,0.16972634017080868,-0.4460976357905555,-0.4737687829021682,-0.4837799882281291,-0.24667523455571533,-0.5750072128002898,-0.09125842985709397,0.24887956073673725,0.2860469031555109,-0.35182099771766656,-0.28207595000039903,0.4774472915418012,0.6042713508585673,0.42728982137228594,0.2527463877905855,-0.21597159226123505,-0.2329342314526138,-0.20245541091992772,-0.17053654405349025,-0.0974868008038184,-0.31188214873431525,0.15405134542723903,0.10613735303707642,0.07181135068673253,-0.0815080739802329,0.4936916434104039,-0.31531382035866584,0.14517012505892973,-0.38596398749886224,0.38146324635795864,-0.15568556755512453,0.2701561005157304,0.03556450505016492,-0.04935527562932207,-0.028594367576906966,0.3997917192756369,0.5487120493920551,0.23918495352151609,0.2556986673046133,0.3940182678126597,0.5296820037089838,0.39156015333511285,0.7066263502556214,0.0739100998585831,0.34028891018885565,0.16166852007748378,-0.08179958851047033,0.39974210718386716,0.3247057140310663,-0.49904164773528453,-0.2952341920854571,0.020708063744539366,-0.20844324633658892,-0.005748314674359541,-0.18036106536006752,0.060833995507491335,-0.017822844841704884,0.37450654128751254,0.22949897055248988,0.4220470079064912,0.44347418586021037,-0.008178801770802845,-0.04470226102830865,0.22590702200929053,0.03292630112810184,-0.11907970208949108,-0.02618098781202557,0.08519552436705677,0.04175144409558802,-0.1935989925025786,-0.5978125684497926,-0.2588088560924445,-0.4433570200432362,-0.33208253040521274,-0.3707643010181084,-0.14679252967062653,-0.0639824461774615,-0.05628296528532689,-0.19748190621254905,0.15509174408294468,-0.25474331286898105,-0.015601041757803932,-0.17613797506742573,-0.1721545354099047,-0.2261620214184198,-0.1346063253987905,-0.22241917403267172,-0.25376615564502053,0.05390715021843007,-0.013141426948418806,-0.042203947549152424,-0.059801053449499805,-0.18036480034820457,-0.23908897208796814,-0.4286780607144881
-0.13288309065042958,-0.4277544498717873,1.0,0.11978266878890036,0.7782964011179833,0.4102384563446242,0.7225179650217801,0.27898751295210805,0.6818060303950424,0.3592465090971651,0.006113744054094898,-0.15704392780872,0.4097327086286474,-0.17334949112567033,0.23306440519916002,-0.027031612393324692,-0.4624153693337281,-0.31310621871536465,-0.10519596237538285,-0.00034602583373054735,0.09441243014479152,-0.2365255465162995,0.5285665406230514,0.47159832610339836,0.300963890798006,0.06253363185257844,0.5515536702961337,-0.11051821721361944,-0.39223955880360145,-0.23044695422002426,0.2656943661819563,-0.046107613318993705,-0.43636994558481595,-0.28953972842463566,-0.09692905016854621,-0.09945380453378883,0.2189198916379477,0.32515698848189206,0.05868137504287074,0.2082004444075759,-0.26204517393432974,0.1072183594602592,0.02328903376624269,-0.04845912178569071,0.11828249805435466,0.26876496554381163,-0.38332665948031963,0.21979909301011114,-0.01889506093829397,0.34658794236163565,-0.17258580291733808,0.19174322790662562,-0.367697333660495,-0.12886928787474677,0.10063224369976043,0.05866924409302782,-0.5204188754611052,-0.508118618754172,-0.05792426661906326,-0.24621487497743327,-0.272547670134272,-0.4207036262597697,-0.24041364398361947,-0.5778831338747974,0.032455651270038535,-0.19970446161020802,0.07085522751424718,0.37048552273013413,-0.3776689662564807,-0.3695164630782535,0.4498501355519741,0.34702631064817635,-0.05301997255310175,0.2817673037297895,-0.035780076616902814,0.2208892469305802,-0.007106503824618927,0.12718823281691694,-0.47134479284830777,-0.2074178512378014,-0.6694791167240991,-0.4407317122095747,-0.24054931275983724,-0.24239293769735776,-0.6395081874021034,-0.1472457899253611,-0.22941044127120597,-0.214115044975578,-0.02394668775706023,0.14508062201834337,0.18927083395666405,0.4379007649206841,0.3765036434231983,0.4216755923195678,0.2708370675982789,0.4039875257967007,0.1431715098615744,0.1824472845659469,-0.09648637197490832,0.09223116073040535,0.05822857070303049,0.061044194590255466,-0.1587076638635677,-0.1676913736187762,-0.23990160518562417,-0.19351384515292722,-0.19813305117667432,-0.10068270089954987,0.28845998508884,0.21778528776643738,0.051289818836349414,-0.014035868538397165,0.27616628048320774,-0.20980364131387613,-0.1052627091275259,0.038126885294102957
-0.4079502671175573,0.010531062229524936,0.11978266878890036,1.0,0.11622328802105507,0.08675557389045026,0.18478204230656473,0.7240744478420019,0.062370560903742815,0.4033366011636846,0.0927964973291723,0.18984529023634217,0.05471462436214287,0.3173231827511638,0.3460087752990569,0.4912381439321467,-0.26763938065699017,-0.3498292931100341,0.10750051388323227,0.019437558980597593,0.2251471238528811,-8.196707026396031e-05,0.039647029802733186,0.5210473637606505,0.3525409020242086,0.27426700605214926,0.1483282673462972,0.056871111766309206,-0.1043068897386365,-0.12548460869342698,0.3779673945830144,0.4891852353432975,-0.21659913463453712,0.08038481838039943,0.3583197403558755,0.34728917519473873,-0.13934666605943036,-0.23356505585467754,-0.08769724822055346,-0.2714103542020283,-0.10683955327388459,-0.12929299137569333,-0.09748075284924627,-0.19875154483614016,-0.13604254619778414,0.28095635376809863,-0.23092337679950115,-0.2881322477657924,-0.2888703564093727,-0.19793797860710624,0.13953118028925207,-0.10027363862698686,-0.14110429410788902,-0.21542509588956896,-0.15273446250533995,-0.22855563400027892,-0.34774975449860823,-0.3761416678641972,-0.4067732845770492,-0.1860781788066544,-0.04734037784020677,0.20556729372772078,0.004481311427953192,-0.1355450219958444,0.5384002242143311,0.5888915550056537,-0.1611991523238529,0.18026483822967274,-0.37402061637521944,-0.10624680969716738,0.1859615169754814,0.272078133478047,-0.059066207789017854,0.15214305932048375,0.16266332594355906,0.245019959581728,0.24494399319271984,0.26804429570094745,-0.2789494575922734,-0.3019693874480801,-0.3225874658214809,-0.3554332009661561,-0.16871981025283614,-0.050207156887777,-0.04840380323783308,0.2336493833226611,0.022761634182963935,0.0029842052428780542,0.3787922270347378,0.30508108605006634,0.11252728220206827,-0.03407306717479348,0.5891683338775678,0.007464552923962542,-0.18155188723076485,-0.06165316627498168,-0.30696824325534416,-0.3194962188704919,-0.2551724278490549,-0.23754468061252174,0.5607659036528976,-0.149696385442815,0.0752112260254389,-0.27632900737175736,-0.2740844509154799,-0.317519218621571,-0.22021174699295812,-0.2977660887085476,-0.026390419264206426,-0.10526477748655237,-0.4340005585414776,-0.4416254682976298,-0.04306041442268916,-0.26994117257559613,-0.24271686449793053,-0.30255616326106927
-0.05569645451924563,-0.463283807589168,0.7782964011179833,0.11622328802105507,1.0,0.4138735772277248,0.6038995004619976,0.17475330003233358,0.7332043448732259,0.4992429579864032,0.14508253369439075,-0.1513106787506435,0.40106386519278364,-0.11911940514646263,0.3377824588364259,0.22249842344637336,-0.39259051970597897,-0.3192085914873124,-0.0711698224664491,0.07089232209845761,0.20218352647999926,-0.20570997811851285,0.586547309991483,0.5277485283327783,0.3951151498159419,0.1640254803411706,0.6015954065903741,0.057899403982727006,-0.25703820720439763,-0.30998270880964185,0.44593550484119143,0.11567486543351368,-0.35648467172006176,-0.33371789857818546,-0.1856583575234872,-0.06263529737145047,0.07730587206938085,0.07318274467845809,-0.09904685634410375,0.061225256720684414,-0.22893598478328564,-0.031302157609059425,0.100572623729446,0.036746213683963753,0.034471508182692276,0.23866408518265966,-0.34892655354813,0.37915450759934305,0.12165270624288371,0.39788003463352883,-0.04690984064645972,0.10480711888359448,-0.3361860689219218,-0.07177713539113714,-0.1574763545027621,0.0814014819589707,-0.44376804886225457,-0.48876268670895645,0.06902707929224798,-0.17405578951376802,-0.11925043969929378,-0.3253928462755609,-0.24017524139073065,-0.5463894868980289,0.12258720174953232,-0.040937835178657,-0.08882268316679029,0.28802228131974417,-0.32172545753405374,-0.37938145946518853,0.37202831476439163,0.2700666631600886,-0.12444568525110393,0.10523523808693261,-0.11125997852152893,0.09494512059384587,-0.02582722150748817,0.012988728604918565,-0.3746614896266212,-0.09862865903784071,-0.5325414430155411,-0.3584793779109297,-0.22773561971583278,-0.256231118602319,-0.4955663799768112,-0.06458991845855332,-0.17082795980750506,-0.35678780330819987,0.042815714587906,0.2434416143279465,0.13628825566820202,0.2786800629010937,0.3065626028643135,0.3429051763794894,0.14288407945424933,0.29049009232981504,0.053913043657108604,0.10149310911195172,-0.16899217153484647,0.03921976503811258,-0.019489325801151838,0.044894058791027064,-0.28373758634069046,-0.2831522937123214,-0.3289048799708069,-0.2823612130460881,-0.29009952698189967,-0.21438279232434587,0.27416414014741736,0.13263345219049308,0.013643414099685811,0.07665506189163307,0.11802367661450876,-0.2986311425245714,-0.2801991264562785,-0.10284548308619683
-0.3128561437015157,-0.4052073963251135,0.4102384563446242,0.08675557389045026,0.4138735772277248,1.0,0.5608870466329702,0.3208187346634459,0.7161833990755244,0.46674815565902544,0.13404969212227483,-0.12260856945756775,0.4844008404859445,0.25807934521123443,0.32178724710708645,0.23913127765810627,-0.5275075819765233,-0.36410454797227926,-0.4028933181099566,-0.2523287767946285,-0.016426115474710398,-0.08712866081790063,0.10417508868241031,0.3728712009848919,0.09746964964187275,-0.14853780900105898,0.5627961099714917,-0.04786359871760841,-0.3046103977026211,-0.05423059038341595,-0.07249756016310313,-0.01793797370930262,-0.4415944347407904,-0.3921280087330383,-0.27797135628823766,-0.08180243493459519,0.1315004989057989,0.11578550559912536,0.16549180992319681,0.12741794247060512,0.033666386820696434,0.22552508483850073,-0.38848252519648224,-0.3422683324584378,0.23169595738304047,0.10686017415427189,-0.38158515348967736,0.007880199333421397,-0.15963200623473944,0.14723219246623878,-0.5821824302193571,-0.0651976710245996,-0.12686912047794957,-0.20435253160415934,-0.06655729237301565,-0.2132227202327806,-0.5593340602657699,-0.6056373888633483,-0.03149132459015354,0.013054423477742653,-0.33104443366274594,-0.20865445550872158,-0.10896309894908214,-0.4473714745239208,-0.19877135344410832,-0.1639954728965459,0.03322240340524529,0.30949524190968103,-0.530205291499593,-0.507372762760134,0.267164189745535,0.19996244818834133,-0.0256629759572093,0.13066205036747372,-0.11336913730415428,0.08052611291930031,-0.16534834866077383,-0.05500930708584985,-0.4880969106387707,-0.4272784016263992,-0.3873287067793045,-0.37539339013657413,0.24934224897075935,0.3711963402463571,-0.21660124868616037,-0.18749827602628694,-0.23097134767963967,-0.13282238600915194,0.1799911594875923,0.012247798050815103,0.6503486139175607,0.5759330318897389,0.3875030230609789,0.5404771172639758,0.1427237773193238,0.2158694144806285,-0.09405351629605142,-0.18176992286828692,0.2863188228425271,0.10496411914944258,-0.054054988822358305,0.08257178068671511,0.10913346297986057,0.25897982859717067,0.15191290101448035,0.21740262387409082,0.07733933212815036,0.261625840217583,0.10603808050802568,-0.17637454983756604,-0.19808775359308992,-0.22219938672468822,0.28286399392830525,0.2702013860079659,0.26056806865980375,0.2976847350659241
-0.2806624079207939,-0.4997720168773473,0.7225179650217801,0.18478204230656473,0.6038995004619976,0.5608870466329702,1.0,0.4914573169521062,0.6261326747599631,0.4963563697833904,0.2458948908260695,-0.02600905063418278,0.6371314393015545,0.21059532322455737,0.3624293997920589,0.15783781124686924,-0.5692897457207006,-0.4088539090115267,-0.3973613790603043,-0.12601947733936084,0.1869007781421237,-0.2542796728608358,0.233531623769064,0.5376521292041763,0.2732514849393125,-0.14426066007212457,0.5161683845070497,-0.24123649036847059,-0.1520086753730032,-0.07739906223286751,0.1876490684078355,0.004232735983710027,-0.5824171835797598,-0.3432071950341613,-0.1678491915197592,-0.035542796077784135,0.16085928344975994,0.14713936713424744,0.0844695652685456,0.07851708476755338,-0.09852315425308873,0.1136826657250845,-0.13695939183166853,-0.15927226418809426,0.2998870084277859,0.31033699584893,-0.3542072620218787,0.05804383962172969,-0.08392806459193926,0.4281863086165564,-0.379324624616752,0.27137024262056336,-0.33234986283097523,-0.16375904156733764,0.05665610462358118,-0.1323081874329259,-0.6443089708502273,-0.6864931514574965,-0.14837727471136017,-0.1456923769082352,-0.3378581281668879,-0.3282315350507331,-0.08834705568193894,-0.621074348385454,-0.0011890845760243376,-0.16026727759532605,-0.005227697213454572,0.2928111635425445,-0.5169899353631043,-0.5059802837375308,0.6011236379179958,0.31766439457165024,0.10532275606368467,0.2419611823874319,-0.09110499087317261,0.07344435317101557,-0.07563398285193434,0.12415726577539185,-0.5815885450482132,-0.4316169441742083,-0.6123944395931207,-0.5374820101447646,-0.032540895759734435,0.08702981793865952,-0.3608004893722909,-0.00848813815636241,-0.17958556989683455,-0.08205901419377977,0.15388422694261517,0.29066568169378587,0.36339962122372804,0.5081966665968942,0.5077532991876735,0.45315143215526993,0.15615004803173865,0.42365409953388844,-0.03855130117817567,-0.022389117575351485,0.18683648589215038,0.1726875111522974,0.16297196119269716,0.19206600022741838,0.032990175607276385,-0.09913397838826639,-0.19288237367423508,-0.12235036303336222,-0.1564902043934614,-0.0838536714095076,0.25726291479995067,0.1050659606054044,-0.23155109042925312,0.0215124197660813,0.2571615142848245,-0.07000910817925358,-0.08522646210026143,0.0783063412573608
-0.5373720986014867,-0.028534249300677043,0.27898751295210805,0.7240744478420019,0.17475330003233358,0.3208187346634459,0.4914573169521062,1.0,0.21239755980484037,0.4748827427659956,0.1117802963509278,0.32138992358461577,0.3594050656685327,0.5434270763526785,0.24005808021282718,0.29271139951633623,-0.47786856934448774,-0.4254769753629524,-0.286306097314048,-0.09126321180631519,0.12189937677910544,-0.2168291741433277,-0.15902453038116637,0.37920234388738555,0.11633927268368005,-0.15076081527156135,0.23955187362730573,-0.16936617192609865,-0.08318175291982961,-0.06225599366398357,0.09440673633908851,0.25260884714510556,-0.4609766009432259,-0.08613957119076575,0.16292746702470104,0.1827703945878518,-0.05494639086962864,-0.08292136087981236,0.07127688834664656,-0.1390898735905086,-0.07131378283122719,-0.015098865928067876,-0.15706281965988783,-0.29458267937536786,0.1479811430499922,0.2795129686033993,-0.08258272463923816,-0.27627617369486734,-0.18673914381293177,-0.1221669164973572,-0.07183083581769788,-0.021181018785837693,-0.030517612209114673,-0.1483076749855971,-0.1115088958782019,-0.33210905378076905,-0.5814211092841387,-0.5334929399555925,-0.36963094978797617,-0.11895303419632437,-0.15221416068854438,0.19667161112882806,0.19529483756939447,-0.23908081434154704,0.27315159544791434,0.3491027555984887,-0.052823050553985035,0.16766405113341326,-0.513210775627467,-0.3552368339607568,0.3131455563842644,0.3205678574486216,0.012257751256594035,0.23288400582426097,0.015322682280796059,0.22439098994758105,-0.011018486070998073,0.30375118635393966,-0.38129701832659485,-0.50733941087899,-0.4465516891879732,-0.44230891132126765,-0.12889632527178244,0.11646982453964821,-0.0753235657438861,0.07060265092959253,-0.15649481111371344,-0.08397243506982391,0.3514270446751023,0.21144959250398887,0.3564886217405765,0.11307125441520474,0.655941377911567,0.14180387754746238,-0.08406507446112692,0.17641781297126458,-0.2673112195162661,-0.340487160265477,0.04202474488042468,-0.0734895065923487,0.5068247910911048,-0.0028723625846172078,0.2621277985229732,-0.09841751559160593,-0.16986203877619474,-0.16689031524655243,-0.16791382134870578,-0.13543016248366144,0.09416100344830403,-0.10243633799502144,-0.4990532676826866,-0.22464455333701644,0.19852079710757406,-0.10148232434424057,-0.0727853598654597,-0.09180907897448778
-0.23733378814586417,-0.48258289012994704,0.6818060303950424,0.062370560903742815,0.7332043448732259,0.7161833990755244,0.6261326747599631,0.21239755980484037,1.0,0.5886396312613145,0.2107261498787178,-0.11449054335727109,0.5092621378833835,0.10453311144880827,0.6061820883860749,0.34006834967581273,-0.42812488244605296,-0.2334248185982437,-0.08730321509451039,-0.09229171377296243,0.023465103542223777,-0.3181269937265652,0.5933986033398045,0.6115592463669359,0.3096353342305394,0.007026776949065605,0.5823611614261229,-0.014336837483997285,-0.34697684738950746,-0.21353705238830825,0.25789202773122094,-0.020814881287955,-0.4375374287504813,-0.4429950312983701,-0.40263287047318913,-0.20281164140485347,-0.00824697546841685,-0.018299757037194928,-0.14029853255984504,-0.02015929111664312,-0.2241295916697605,-0.042702869046980854,-0.1697163848585045,-0.15231269378625867,-0.060464900020402265,0.02587704244118461,-0.42141352770102664,0.06563719768140504,-0.027664305643105395,0.24439656436597648,-0.2531895901941103,0.04804124807652617,-0.2590646699852994,-0.007308131511023455,-0.016578993411932776,-0.023055423979277446,-0.5240558696602157,-0.5800985385508997,0.029959947342545985,-0.2998657094139744,-0.07862042299792467,-0.3523051456988248,-0.168926328065267,-0.5331874792452921,0.19225671881442316,-0.10424287027391248,-0.14583003007362902,0.16692274922781872,-0.45519121235937643,-0.4258559657744763,0.3187516072097315,0.1999961914731204,-0.15296627830445017,0.12762444304550047,-0.04816653931646205,0.14017750128211018,-0.15600907124084165,-0.190197234453328,-0.4301412762861361,-0.19171782721299366,-0.5458107367666525,-0.40964549517991855,0.07446047580638421,-0.02436001663834301,-0.30443913037178233,-0.06359184723467937,-0.039118564115736595,-0.23858112393488276,0.2524215565869537,0.22472564410256465,0.37667331263173404,0.4520938100563461,0.37941783394323414,0.5589868793660479,0.23285099559643407,0.2616858355554977,-0.049148307256591826,-0.025642317130889124,0.1140038001477661,0.16394597819991122,-0.01162737515290112,0.18438063716274514,-0.09469315396766127,-0.03568168594903163,-0.13709400962342802,-0.07378029673202866,-0.13925633920664082,0.0252442084822,0.32576729870337967,-0.05869752135105745,-0.19537549515468736,0.06439721114329022,0.22595091443631554,-0.10148876616959715,-0.053317420855167295,0.1682008646942426
-0.26855934583070246,-0.14617858848024587,0.3592465090971651,0.4033366011636846,0.4992429579864032,0.46674815565902544,0.4963563697833904,0.4748827427659956,0.5886396312613145,1.0,0.4068251971375623,0.1648130533632192,0.5433845790318719,0.38073206793789716,0.4588873319336763,0.6158721140619797,-0.4563914960501153,-0.39414848944574954,-0.08986559175257412,-0.16710145509229946,0.1213338145019843,-0.13510169279450093,0.20091669479050156,0.5295222028280986,0.2622664850907025,-0.11367191616251526,0.3894404370133286,-0.04638505137582227,-0.2918423946589001,-0.102776816589303,0.1257674908423027,-0.03261095357227247,-0.4140863568949579,-0.27994021872501634,-0.055779460850205256,0.02305547041751178,-0.4707782274031859,-0.39271879672212406,-0.26010718866737703,-0.2528020137133488,-0.3318932440949736,-0.4163057679628864,0.004691291912329949,0.01929967311545816,0.03517791193850306,0.18235588928939694,-0.10654113368460673,-0.08083723506635718,0.23005497318432566,0.08485578846591488,0.09768403225995168,0.13923993648794578,-0.07216194221291049,0.07401554840486542,-0.22894309115571748,0.18587276208759743,-0.4693180940396276,-0.5185426014574297,-0.08867040825143203,-0.11818756731008273,0.12319687361183415,0.17799756738150563,-0.07372821057897616,-0.28472121351773944,0.35537040678416904,0.4051257636402408,-0.3319547844694587,0.0627557656403367,-0.5184772492597749,-0.3653675452096023,0.0816097037357467,0.008009454977630814,-0.2768943921426909,-0.022233188180237284,-0.12285128382744781,0.08629381980305374,-0.15804735541920745,-0.20511775471141325,-0.4311652094696798,-0.31326652726825066,-0.4776724158267228,-0.3944828614697242,-0.25323549742353957,-0.0677845959197443,-0.15204049198289055,0.1802259139509721,-0.2285741197626626,-0.32786755810363283,0.3401461742935084,0.5178799573323948,0.3888243167926982,0.04041698261263581,0.44483960815310475,0.2727358676913826,-0.18022940117350955,-0.0861887641982667,-0.24869995034888637,-0.2956774598147862,0.18193066442137124,0.12895855068889925,0.34739370821576715,0.2268088270927812,0.08266093693387092,-0.12978011602008555,-0.20123178941701234,-0.20062486790354964,-0.16713444566838845,-0.1054901021276565,0.0683090855017702,-0.18708658910827844,-0.34285718191803977,-0.008730156357883781,0.11263622773748014,-0.2701738456454378,-0.22420078667453033,-0.19182911165459096
0.12706498275810227,0.010553426297406762,0.006113744054094898,0.0927964973291723,0.14508253369439075,0.13404969212227483,0.2458948908260695,0.1117802963509278,0.2107261498787178,0.4068251971375623,1.0,0.5612584988630148,0.6710305783699705,0.6088407659282871,0.4699940149237639,0.593217075017837,-0.12944929290855145,-0.0060359660028805875,0.1059896902679332,0.12075915588999273,0.1137529370993166,-0.17761417285766468,-0.02265354267545852,0.44127547397252487,0.2855647583256504,-0.11161105443845276,0.0729264962296739,-0.08618296033783202,0.22470342827496967,0.29637986537245453,0.1293937058443368,0.04149401315129972,0.060963573734690524,0.10321075579107575,-0.03762079367610404,0.08596331730878977,-0.2961599254774489,-0.46126534151828197,-0.441245653319728,-0.5323912734251491,0.06034432775896235,-0.45751499095559245,0.14382723385138,0.12906369277702415,0.23939626768067654,0.08461170357896407,0.1097644278748207,-0.09005467298098468,0.2617651020632013,0.19104751937175346,0.14495360897385595,0.19605032779378373,-0.19231206402102968,0.07469419546282952,-0.01499607938744587,0.035196930830152524,-0.23167799247317147,-0.34483396383455633,0.01168017198762351,-0.15045059519748127,0.25353893095770086,0.13964082826396318,0.35704909907252186,-0.06189424072679451,0.24499694252812196,0.21900606921875268,-0.27789080290712465,0.07618104452421916,-0.10816835685063787,-0.01641084757343239,-0.0318933316241242,-0.16070420794274753,0.10293836998113,-0.13711794728143956,-0.14324285357896016,0.0020824981551036546,-0.05100467421315976,-0.22956513466974812,-0.19402760880618894,-0.09543292070823751,-0.13060868597329864,-0.01868787006576327,0.10575118394091018,0.10071362725551006,0.22021732358080615,0.4710088620770943,-0.058350818508186526,0.09072700733902668,0.23632434711760303,0.3928810151519219,0.06918262993269295,-0.14291198594101598,0.008065163247836994,-0.0034152070721851805,-0.35390946784305544,-0.21571323953504395,-0.4743016126778379,-0.38340581649339267,0.10892165215067275,-0.03392904319444834,0.03229288380643122,0.1900834911213302,-0.21506042022611255,-0.34070953025718187,-0.4056652008791854,-0.3997159151635354,-0.3403966588590934,-0.3803101925617794,0.01007162174867785,-0.2094565377388882,-0.26968294427881023,0.2632206481830835,0.001490899246549977,-0.42787937311176577,-0.44764638441149895,-0.32923386043586983
0.15539129298992357,0.3881197845387828,-0.15704392780872,0.18984529023634217,-0.1513106787506435,-0.12260856945756775,-0.02600905063418278,0.32138992358461577,-0.11449054335727109,0.1648130533632192,0.5612584988630148,1.0,0.3541115916119118,0.7498944909037364,0.1833736573340651,0.4973889487399586,0.06769106526490869,0.17121316540764472,0.08989965998813494,0.29251399711514353,-0.07837398667463868,-0.28725172551255057,-0.37586030765472594,0.09609584745500895,-0.15423127795977,-0.24432005122278955,-0.20792319203419365,-0.1416600360270933,0.4561275178113086,0.5171243891682084,-0.09082954704826915,-0.03699446423760227,0.23600192724592128,0.33731316547133544,0.1318662274158421,0.1481399740857567,-0.13702702282348364,-0.3009939393620733,-0.3584448927603687,-0.4204569857808362,0.08347545705401752,-0.35387217963715073,0.24250289811096012,0.08216542062907788,0.19132760615429897,0.05855875479622887,0.33941462951444695,-0.25081526473595134,0.17062020576931242,-0.1238821889082522,0.2440481310130801,-0.032252336258027293,0.05394032873230257,0.1525974750699695,0.0899935547432714,-0.060205335115612615,-0.14416608944214082,-0.15724098314716634,-0.12313262887772491,-0.12666132922905154,0.22944919874089567,0.3041988971805817,0.5794618882877604,0.19491531203810997,0.1528012053166259,0.32389091592580976,-0.061848100164598664,0.0247691350649745,0.001953653957040332,0.039458476230207255,-0.16916020627044767,-0.13568984226965014,0.2650273900663867,-0.06437935405141008,-0.13039348704453885,-0.03169962769368943,-0.10841297122077735,-0.06482425342528593,0.09512397231927626,0.096304844153022,0.10671511035940026,0.2821905705084769,-0.055949630160588355,0.15616347628285274,0.20526362711570142,0.38510571810492444,-0.1126862577171464,5.876680888735095e-05,0.21535625601970904,0.20951293790844527,-0.06641830904395732,-0.370990221072247,-0.04230488449332665,-0.2689051681740014,-0.2844258898321809,-0.1443206554644133,-0.4562781550715377,-0.36106861178168304,0.025973978909585544,-0.13129506517368705,0.1685318353846907,0.015676996542395412,-0.07425916670774468,-0.34247842628494984,-0.41928297503385353,-0.3979990538429383,-0.33703094951799323,-0.37097571670088536,-0.01397793286643642,-0.16280615254387973,-0.4287045387320112,0.08586311887894421,0.04676085646320941,-0.4064009604244307,-0.43933046399932396,-0.3739803884776246
-0.06958998833533636,-0.32687901434949873,0.4097327086286474,0.05471462436214287,0.40106386519278364,0.4844008404859445,0.6371314393015545,0.3594050656685327,0.5092621378833835,0.5433845790318719,0.6710305783699705,0.3541115916119118,1.0,0.5530206722639407,0.4786615939690625,0.4605259995347389,-0.40533471632636114,-0.24019577344900747,-0.23614434507882337,-0.09918139581592592,0.02297149225916485,-0.41850042789688474,-0.008031699562324359,0.49532552711330874,0.24971093499484556,-0.3715233877292903,0.3776289017366405,-0.2801452649344128,-0.06913351588352672,0.2368783207275302,-0.03921110489620068,-0.18467610650903932,-0.2563682300288483,-0.13280402757817883,-0.1672709323821074,-0.16165532425132506,-0.12351839813228045,-0.2162062382549898,-0.1573177182273896,-0.34502797684387493,0.08524193115228823,-0.15501346370476546,-0.03276570930353383,-0.003677934143551272,0.36289301896704745,0.07418551064742356,-0.07531614288861442,-0.047442181816062266,0.22408776771558936,0.22711891547404098,-0.20336736745886339,0.24508692668332527,-0.25183200994222527,0.03034943349770323,-0.027703096239494247,0.016435092007355153,-0.47932134732971565,-0.6013428523089498,-0.06502118980010681,-0.18340878561110463,0.14233821267121158,-0.003325207890419898,0.33036893404917056,-0.2903096992103074,0.04504084608033876,-0.03474482108539173,-0.12168085721586039,0.13872399515099001,-0.28804818839033713,-0.14754989660541604,0.2216627196960621,-0.08900063478896317,0.13263771102735264,0.16435350682179148,-0.11897985286683667,0.05068418003998683,-0.11023052843967038,-0.2360756702769603,-0.43076454763050165,-0.270262089875119,-0.4223879673248675,-0.312897044116072,0.015177294539178855,0.1510721104226635,-0.03285804565738847,0.3716757455677,-0.2278201718629719,-0.08517066454660698,0.263300616788684,0.4057258982497933,0.3283627179220035,0.17515576150634304,0.2753556544010057,0.2648298248922084,-0.15766117180866074,-0.0028368285735900687,-0.35864786049562386,-0.34907968523796473,0.32236791659418645,0.12124325464396858,0.06797829298318694,0.24895855360077404,-0.012286526666967168,-0.11328955294406325,-0.225884780020493,-0.18837940599337513,-0.23594123883314658,-0.15358054207853056,0.07451888058996443,-0.27930161633070905,-0.33485754032903803,0.23751272089771092,0.1591986189000639,-0.23358552308001357,-0.18863668374726028,-0.07086330631524436
-0.16573416434975533,0.1760237860620142,-0.17334949112567033,0.3173231827511638,-0.11911940514646263,0.25807934521123443,0.21059532322455737,0.5434270763526785,0.10453311144880827,0.38073206793789716,0.6088407659282871,0.7498944909037364,0.5530206722639407,1.0,0.3773645878817281,0.6412721335267335,-0.21243315567083748,-0.06616574452773796,-0.21653832898125883,0.06900351808502149,0.008550891139254892,-0.17765938059079708,-0.36648273640087736,0.2584705393595007,-0.009097442802502874,-0.3627200616605993,-0.06148971701796836,-0.23846901547536525,0.37714176298617874,0.46085142342487373,-0.17205629635066616,0.014740835300294146,-0.008864252981746605,0.10757696275553212,0.08602726510176222,0.09459145262948124,-0.1498899591568131,-0.36699977753963914,-0.20469240144524525,-0.39565298112025027,0.19732255652058234,-0.19679349216216313,-0.16995654077988795,-0.22813190000734015,0.21325387136514867,-0.02492365831532032,0.09292784197798026,-0.4466124796184729,0.032425708336035704,-0.1815071633553275,-0.08765530817505726,-0.12293937211066501,-0.04611251725940886,-0.10317156363812041,-0.04780839390682669,-0.2953980720480105,-0.3682230795945527,-0.4166043283049397,-0.1927470728285084,-0.07109300985583092,0.1015177195012283,0.3748698485324526,0.6090819045512804,0.0808466775936137,0.12700158624906566,0.30448528677198666,-0.12647057529497466,0.015024066196340878,-0.25390987061667436,-0.14248982566229373,0.03220576839392169,-0.0859349473787892,0.2124840486723551,-0.04812899563035943,-0.11018261566893595,-0.0694245301467515,-0.1209038127895863,-0.0502321413257379,-0.20930508743275586,-0.2222340096688003,-0.049180832460672654,0.006336038540406001,0.17750475304172542,0.46113874177892916,0.361647863620674,0.4083618514896314,-0.07877153779546486,0.07999432401885002,0.3946538649123231,0.2136896777799898,0.3099621023048042,-0.030758086952829774,0.3401644330514765,0.09632659472521508,-0.3443874758125891,-0.16568579168685868,-0.5638660315626396,-0.5133072965970505,0.2677914947193752,-0.0244525911512395,0.36242304175072415,0.21349804727326,0.18052197197029937,-0.10014881790838656,-0.2210042507312625,-0.18380740906428486,-0.20557421496656703,-0.18608249126382528,-0.14923180661038085,-0.29327999975433305,-0.5888136564021643,-0.08822572039499185,0.1454761001728487,-0.09769752825153234,-0.21012309584724115,-0.2311995554607158
-0.2512831852091094,-0.331243591156772,0.23306440519916002,0.3460087752990569,0.3377824588364259,0.32178724710708645,0.3624293997920589,0.24005808021282718,0.6061820883860749,0.4588873319336763,0.4699940149237639,0.1833736573340651,0.4786615939690625,0.3773645878817281,1.0,0.6954589049271676,-0.2339785371234155,-0.04797246133845329,0.24772429773458712,0.2102410906951095,0.1382102563403991,-0.37066777916671084,0.43284394005452953,0.7782492221056034,0.5194793551187161,0.07880148777197896,0.34866899443434674,0.02795098757665385,-0.007997447128671368,0.025041716698299465,0.4562625689777707,0.14850609548980298,-0.14233536402223396,-0.1585001105067512,-0.2620717608696867,-0.08929129604098777,-0.06321970268412926,-0.36091103493865145,-0.27539295063925373,-0.4125901958779392,0.14136529547568305,-0.15202101527309111,-0.19329933604240393,-0.22096353930272766,-0.1325110293656318,-0.028005513112963,-0.43482948035801317,-0.19806534870646694,-0.07960104179528206,0.22610889938560697,0.03034336561000448,0.16952972294186802,-0.32350217083482136,0.01693199376916067,-0.0353404425584389,-0.11604816320993946,-0.374553691461386,-0.4769748341368602,-0.07640018671054216,-0.3113900290851971,0.14085159839390943,-0.1368132795932555,0.19599024993062195,-0.3054126405325005,0.5471439248365206,0.18016321261061075,-0.256657026428819,0.09428145003348226,-0.21215331653891198,-0.06937532011328074,0.36394485307259583,0.08795631292973727,0.1066412891856979,0.2296940053003688,0.19134146062507346,0.14777664331985538,0.15505734600380378,-0.11005685191170986,-0.4122318029465728,-0.041165043582281825,-0.3774601465761283,-0.33597367959547086,0.2342418508655082,0.0006563325543222924,0.1285862251069563,0.38873077982085386,0.2881614999639631,-0.024067603529503875,0.6448942427735668,0.45338469845025714,0.12461614871490892,0.12855086844632096,0.36481567791945607,0.2599559276961832,-0.12661117452013315,-0.07406112650348258,-0.44735519091875686,-0.33888730436982656,-0.02879766201357963,-0.04335449569415028,0.26659260197742213,0.14033814166245076,-0.0987624869108282,-0.36717527870798494,-0.44311115696089687,-0.41352137055318583,-0.4081400547425291,-0.4114882488888446,0.1253734579520015,-0.1278402653589506,-0.5454958350673448,0.0076775580450420215,-0.03894395888187272,-0.40242725314607514,-0.37658609891321726,-0.24000675709759192
-0.03347770778617461,-0.06584529128450074,-0.027031612393324692,0.4912381439321467,0.22249842344637336,0.23913127765810627,0.15783781124686924,0.29271139951633623,0.34006834967581273,0.6158721140619797,0.593217075017837,0.4973889487399586,0.4605259995347389,0.6412721335267335,0.6954589049271676,1.0,-0.2616007486112238,-0.15235347383667516,0.11009372580453915,0.15007800058639922,0.21712072841154187,-0.1255129719987433,0.09600627820479912,0.601076641051278,0.3057001702687062,0.0931754841572826,0.17580426798844212,0.10736522299310111,0.11155117364121457,0.22658467346220035,0.28391386959308934,0.25836718359723504,-0.09983902878732644,-0.04632423506770852,0.01981775655352376,0.18549408387557909,-0.268384971299465,-0.45684054002561997,-0.35124927038946946,-0.42126884993275904,0.05794963853980084,-0.3143193331592082,-0.012624370539469017,-0.0836099980509397,-0.14315324892493878,-0.04218697805255197,-0.17782624391814578,-0.24981209314740813,0.112729090651616,-0.06557098377225673,0.189535976310835,-0.012665626799480594,-0.22772906572400214,0.020290603012105432,-0.19549743687315915,0.006238179000653348,-0.39039074221230674,-0.5278675582737126,-0.1521719152366463,-0.2728100634643784,0.1870374765146385,0.15673465879089124,0.30736673137281567,-0.1799128699448473,0.47859401125988305,0.474932778470861,-0.3395279764879876,0.02545007482494705,-0.3471319930887958,-0.1816426232200995,0.09155688537479238,0.03636732051310832,0.008282129480335207,0.015111454651429818,0.004045602323292793,0.115417405140202,0.1012951692238005,-0.09795783384760023,-0.35525975125475534,-0.10740332905564372,-0.2502495758907588,-0.15136526983016274,-0.03870760096666592,0.16624190265182562,0.13133280973453046,0.43781115450746794,0.05466335806127572,-0.2024888233070006,0.4886275430348047,0.4010589750945867,0.19495713757351518,-0.02965017955015282,0.39053475723679093,0.14991168106195016,-0.2500370659601941,-0.188546978363383,-0.459326077947223,-0.36685136299849375,0.0014889673088699404,0.05103758386371195,0.33981102233021915,0.14353015644172526,-0.08508337159048694,-0.3420892192259065,-0.4199638937031811,-0.39966527155294146,-0.3808080802758316,-0.38991782364693856,-0.018842713582768296,-0.1594501416493184,-0.49364485236804584,-0.08940122745082602,0.06291695942202837,-0.39642523408748404,-0.43347282580308916,-0.4007069989083828
0.5588517769560727,0.42993895107253444,-0.4624153693337281,-0.26763938065699017,-0.39259051970597897,-0.5275075819765233,-0.5692897457207006,-0.47786856934448774,-0.42812488244605296,-0.4563914960501153,-0.12944929290855145,0.06769106526490869,-0.40533471632636114,-0.21243315567083748,-0.2339785371234155,-0.2616007486112238,1.0,0.8063348437095158,0.4096178979240733,0.20678783337725745,-0.3468990024367381,-0.15141394231223387,-0.17608529454163774,-0.33188727692245934,-0.15667294701132897,-0.05581722032125406,-0.5443382802698973,-0.07682274274767611,0.49444977397424017,0.2472380555171668,-0.07799438813140654,-0.22023597786822038,0.6557162196314142,0.5562013698325723,-0.14524614345415574,-0.17607367197066598,-0.02004848071871708,-0.2568025547607058,-0.3184959633557542,-0.3002669260922383,0.152986934712914,-0.18224927000529423,0.2725544432491847,0.39146620349880185,-0.06356768548857361,-0.1942584722417925,0.42623110149991955,0.08915693322085087,-0.05609156874541055,-0.09090436392842613,0.22482584665268776,-0.028606722944404427,0.30342957678847365,0.34897131610504106,0.1224349922272021,-0.048892042053984425,0.8072810753473868,0.7545434714831766,0.1372861358689222,0.0892192674393704,0.4972974993475791,0.07938465468177199,0.18659964855514735,0.6620286277223725,-0.18170555227757054,-0.21820283693398707,0.07529080527739632,-0.36820550609068237,0.7071949502409389,0.7153048000118548,-0.4543343252748462,-0.4849006839733017,0.2631710135412403,-0.18040887232083783,0.16902939047332033,-0.2647891695219828,0.0044022496378307175,-0.3969909703894799,0.871000919672419,0.777209869334294,0.8487979751466055,0.7692821717601456,0.12766269767916458,-0.2269228406291153,0.2770403088457873,0.2123084636164544,0.21013994168747335,0.37756883015284043,-0.18485214538818084,0.0012514377139642772,-0.5798198882665277,-0.6294076737183839,-0.638893947803027,-0.6450054171281236,-0.13875597318596575,-0.19300039955469883,-0.05272456046653921,0.08030336195542352,-0.1620683076911858,-0.3134019478211719,-0.1982858668421309,-0.3798341380877123,-0.2685361633646931,-0.20769950985586275,-0.103531130865825,-0.14233028610099338,-0.00348850676884004,-0.09287426542990508,-0.011920524408878922,-0.10103301990455434,0.012914673643103045,0.16271750196834558,-0.60385240171651,-0.16463528653009057,-0.19609163602994195,-0.065552263627462
