1.0,0.3976096756022924,-0.11508580442208424,0.08290801993035932,-0.26466624253162285,0.09455386882028964,-0.07378390827665413,0.12838455192646211,-0.1397635867714405,0.0847212295366436,0.28020050785827866,0.19287081888989618,0.0018983259478509466,0.11397441763958518,0.014986136899369534,-0.05062687822007065,0.725045486988379,0.12348580634735366,0.3272905909651308,0.3357913587181615,-0.1283414159548175,-0.07568832931235296,-0.22832489462032513,-0.264399878100478,-0.18857902602164786,-0.26473924416195227,0.09913605190088068,-0.13650426092003995,0.19358719344340306,0.052830935899742845,-0.21247513531513137,-0.34134965955662333,0.25176585681829355,0.11592656808301498,-0.05994917816620052,-0.17452625352550963,0.1736677643430849,-0.35004819093075934,-0.046529120831484104,-0.02000361969023493,-0.023945030902665827,-0.03932349079075158,-0.34433961011560893,-0.31188923537165464,-0.3241767054626778,-0.40827425413905355,-0.2741444338139606,-0.2410698474363686,-0.38241547735846937,-0.28711729427759686,-0.34874981589654597,-0.26768601338995934,-0.20379696496603736,-0.1858871706508492,-0.14115847859526667,-0.13940718695569082,0.8499341149760516,0.1400450667398548,0.54782842395769,0.16956548431916257,0.35557120444292806,0.29617476317202784,0.5163026393363638,0.4768083702661805,-0.08355951875790374,0.2203984484113036,-0.016493738481222528,-0.4301072459104293,0.5395133523680419,-0.008575469777596949,0.08907584735905627,-0.25851493414618576,0.37745032265179757,0.0900923413192527,0.37523591307622,0.17615375056747168,0.4249392405533617,0.13261639657937224,0.27701992794964325,0.06408050377972875,0.4082950366379666,0.2537745677763763,-0.05654219257845098,-0.20920780584601736,0.28918799891191155,0.041499869588801544,0.04455234829250324,0.010762142686975461,0.02671691224797475,0.061030608233197337,-0.3070518216491957,-0.2904413352867503,-0.2815267780952017,-0.2944183199476343,0.16071489675375514,-0.0933452591894592,-0.098703242634218,0.21194623673237822,-0.2130959240256084,0.4020126422610537,-0.19730673086639736,-0.002719870822502137,-0.09009709452872607,-0.205682395966194,-0.17342749225468795,0.07259134866654862,-0.3281623209968237,-0.04781711725871518,-0.16673690718645992,0.35474696310445814,-0.124829303707225,-0.28420361259298677,-0.37236823156386806,-0.30420141327458244,-0.1468478071753228,-0.0868529425204339
0.3976096756022924,1.0,-0.4105569460724022,0.004510722057443162,-0.16188260418731862,-0.3202980074116868,-0.2200277067170596,0.15130142541101627,-0.31325326145335014,-0.17543329649475728,0.1623650115178126,0.5646341415962294,0.2078317161789851,0.6141131373587561,-0.26383655334292544,0.017357277825773294,0.4658416140649872,0.5115020562765485,0.0743874792650909,0.2767361272156023,-0.4830337050982524,-0.37904978617572466,-0.5124855464941755,-0.4625528299567004,-0.4783088722540236,-0.48877071505496683,-0.15975031453308353,-0.524868853837186,0.056766335961436425,0.44784592802465306,-0.3264270511455049,-0.380445064240865,0.3967503636192185,0.2996697164907191,-0.031198765594385485,-0.42167087511045515,0.0534004843937602,-0.24333438118399356,-0.1990573424605418,-0.18041424345306095,0.020593694085809085,0.01612587631840402,-0.23901281916754616,-0.2436599121264157,0.035520747170921976,-0.10348183569003028,0.013072336253815198,-0.14058690704019103,-0.13829434904520463,-0.01778492888213052,-0.14044010165801224,0.04530055134593718,0.1493567392402655,0.09685069456539679,0.13962902081340064,0.10230246232906072,0.3148443544740894,0.4667307816119647,0.3054069964968992,0.4133265413930361,0.48282995842923276,0.6904194289857325,0.5511269392543171,0.6252386552671217,-0.2093302952723955,0.13813044016322668,0.18078033111057185,-0.22717758473265035,0.37051990181588473,0.09024513412226894,-0.27117804198450973,-0.3470384831613162,0.36886800497270245,0.020362330857009107,0.085231174525114,-0.13085256992876357,0.20055202533274813,0.028313413650623367,0.055727105326820396,0.16279773247356788,0.23729064047690912,0.2501378984391006,-0.1991086643536277,0.08577035004452442,0.14752590546696775,0.33574762807065844,-0.05053015700717688,-0.1360390619489601,-0.2924947852188298,0.2313344894599214,-0.16089149217696777,-0.4855570971909244,-0.3810270775113376,-0.6085019068722052,0.06152798569016781,0.10716067722233487,0.01074623454556643,0.05734612411298605,0.10326835277680084,0.0479395421736579,-0.43006373290912,-0.468265851815833,-0.2725164412650561,-0.45067958178206047,-0.2147467541059524,-0.24131516931209834,-0.3806330376121001,-0.16270466761546098,-0.08759812167723963,0.17566595170205507,-0.3443219365912492,-0.06843198727752076,-0.0075291642768425425,-0.2680835640473135,-0.4228508253406825,-0.2675842566974155
-0.11508580442208424,-0.4105569460724022,1.0,0.09360199394980992,0.4934905779636992,0.1044587423800728,0.819488375819144,0.27617310159948183,0.5187214360676458,0.19794339655797796,0.2292772622111575,0.0025975828957600926,0.3042845163789842,-0.016594675143467203,0.33201925671531807,-0.014989984227801753,-0.299554784909301,-0.47757502265999785,0.29869277889439116,-0.20437581868205285,0.19429340596486808,0.1820659536043217,0.49268484714321614,0.24130677288592361,0.3996617626118377,0.29405619472733785,0.31382215669917296,0.36267415734547165,0.011350645246556398,-0.36873331445752044,0.34911174303431924,0.27678531656508765,-0.1790958915312476,0.16262066513513443,-0.056307701544126156,0.28418596126711526,-0.23666942341771519,-0.03191088201243372,-0.07843039024151992,0.012607049485741123,-0.2730873790807653,-0.15856899326696974,-0.0529923204938671,0.05571863337376287,-0.364108484675835,-0.18329218949469164,-0.3538177620715028,-0.2575196076326247,-0.1255666404161651,-0.2679241147043545,0.005552091350587183,-0.2339019059580994,-0.3141183884853043,-0.4042161194465989,-0.08636479891809727,-0.2985476728105815,-0.2743138083916308,-0.5336323431601407,0.12888190332037322,-0.25487917842575586,0.1962475879895537,-0.2657886795270574,-0.34042873854120353,-0.4462683297630391,0.3249534540890754,0.23389490302675714,-0.22416131791901767,0.028937569786136673,-0.2873632559239695,-0.3528560708684798,0.3526885037927498,0.2209368730169643,-0.17075534010335403,0.030142253044041615,-0.004057659110561185,0.2878385932482371,0.10302440583506167,0.26736095142486704,-0.39851975934625317,-0.37944593015640266,-0.34908004074726884,-0.36023783298629913,-0.12738086032723178,-0.2999227712735069,-0.11036572249732843,-0.38230597396823707,-0.06656325682096023,-0.05164451982784955,0.21607207751804736,-0.01992673318215753,-0.13324181343319375,0.29417016654058725,0.22791760731262983,0.5831037300882148,-0.022084744866346193,-0.19747738339876494,-0.26165991347852224,-0.20149784499426168,-0.5320825091218399,-0.27026611888451935,0.21216067371551056,0.47316840242660735,0.14384500376851178,0.29730948389801004,0.22403154140377257,0.13390282094898376,0.025276519078714373,-0.1607067555752482,-0.12871168638012442,-0.09531715439284891,0.12628562930752169,-0.22052518295355472,-0.24538756547309168,0.05744981983619857,0.2256360738259898,0.03359348209999162
0.08290801993035932,0.004510722057443162,0.09360199394980992,1.0,-0.10142253423691859,0.42141143538292375,0.35358663541821206,0.594844573139739,0.20902783727024993,0.4138762867022121,0.1262531577095645,0.20198299354441934,0.07966298383988463,0.12257275898319722,0.3855155112235846,0.4546094003530821,0.02213923409994946,-0.03580201386592014,-0.06789588750269133,0.10728352870330272,-0.07483597659140383,0.15021554728611627,0.47047285408566003,0.571555456945449,0.15675605961593203,0.16628379906743979,-0.12034411675680935,0.222288365558746,0.06731463972966178,-0.09516164612584757,-0.08434598305462726,-0.057908670224377234,-0.19516314894628656,0.09132552739833386,-0.3001568679604266,-0.021069944862024667,-0.35526547402371,-0.32703816870280045,-0.2759145462489061,-0.13586526763495882,-0.32159273340985484,-0.373630462228674,-0.31807469987027637,-0.31406109406244975,-0.2720397139944205,-0.2835612296460969,-0.2149826690584411,-0.2663372166093722,-0.28514192308319813,-0.1811233415722947,-0.07573443925652945,-0.16520676411443808,-0.08989522545305774,0.01751570284337543,-0.13294415344116495,-0.17924912481245503,-0.0059445383602136125,-0.14617729863440473,-0.13557059662134743,-0.14747739440784716,-0.11767673956475004,-0.027138089077715824,-0.025459161729381917,-0.15166203286099536,0.32185709545101215,0.2986844910862851,-0.4092230019113285,-0.2821684662438717,-0.16166602636559127,0.04545127862078449,0.15150703445639982,-0.13566393224490156,-0.130197476265691,-0.044708819975993117,-0.003835913826467358,0.14799428082655464,0.05192210964593408,-0.06736158467883684,0.049002065696612196,0.04070676347998357,0.012951338694725145,-0.11590700367653932,-0.10289774842356422,-0.10362487111015162,0.17353037166618912,-0.10968927738884991,-0.22328889940823807,-0.0017534383793793235,0.33869100177901207,0.27567011312608203,-0.10063860351303197,-0.09920297349564869,0.23896796806451462,-0.022670844121185005,0.0734160883522121,-0.20947055928291192,-0.15660159669997242,0.05661476327162248,-0.2052635481216558,-0.013053601781479404,0.12538729830832515,0.01669011925867186,0.19902060399470217,-0.048902607072327284,0.04460435009059557,-0.05465615568345302,-0.2767145626895009,-0.14647195812432173,-0.37715996317922534,0.01456941727973452,-0.12035318118670137,-0.12407857273544683,-0.21136810960024024,0.056889467247385285,-0.011980823417434774,-0.23981944191134497
-0.26466624253162285,-0.16188260418731862,0.4934905779636992,-0.10142253423691859,1.0,0.16844036708500412,0.46222866600116436,0.005962299556596422,0.7082058351651969,0.4552011757346663,0.0006387479574712321,0.08977411790455474,0.17708656568729106,0.06950510100579603,0.31358576351483247,0.33215871534279834,-0.3036141099360181,-0.4063232597253032,0.17670775801222302,-0.209217814253208,0.08451370466716253,-0.10234977773858067,0.08263479244732723,0.07270086440362708,0.3640992443066822,-0.01975840727037824,0.39146471984365333,0.26927607866396336,0.017444938379020617,-0.11560556050026266,0.06691424047249987,0.0727684383176592,-0.3072046495433646,0.040211074435433,0.2916797018426894,0.34346312982501315,-0.09859744997257233,-0.054622992639572876,-0.08377415941007339,-0.250712499499933,-0.04914853841952285,-0.14134714331236034,-0.1761643626500457,-0.20838688328237462,-0.25104566688046903,-0.1175504629876888,-0.349987522090604,-0.31993216890299525,-0.17728593681798194,-0.31832143509498717,0.0003214261486968824,-0.26943460506534905,-0.06259975870841682,-0.16687980970249117,0.0029522723245229373,-0.3638652266075257,-0.2891685466903017,-0.16155727253194302,0.32137683595213556,0.037800199060870406,0.27706378846800656,0.0967640309983646,-0.22619648621752636,-0.20732953276751204,0.27946964825659987,0.16662659974011718,-0.01182441408601607,0.06991962876029668,-0.12900540396033155,-0.15188395088463083,0.12211209539412579,0.05902015759149635,-0.14285909073959005,-0.06157011624292502,-0.18533628727572957,0.06670208432614513,-0.16940437927491353,0.1381176203080817,-0.28867991696556417,-0.31696437555825085,-0.14072459055143355,-0.09674431488223537,0.042993075107397895,0.05013104508002498,0.04930293287954683,0.014971746691590803,-0.22302634565381374,-0.32914817891893056,0.2678371742301638,0.17553715420440225,0.14030292828769164,0.2690355519832346,0.19624075515354797,0.40962057883128855,-0.22192690207422291,-0.10369244523102206,-0.40868381353723565,-0.3765446698384728,-0.37597375916152637,-0.22634827775043906,0.07621560116587327,0.24366167577032197,-0.11224968367118009,0.0027197807595198006,-0.07616545317704496,-0.07001403220338334,-0.0017330654872147117,-0.2154625055814167,0.0490661790273115,-0.13357027787916212,-0.049200778141290515,0.008000130306031746,-0.03842435818199248,-0.07321455503431097,-0.09381369066446099,-0.060889248475212834
0.09455386882028964,-0.3202980074116868,0.1044587423800728,0.42141143538292375,0.16844036708500412,1.0,0.14127778939538632,0.3272407183749285,0.44255603798845955,0.6591447832767405,-0.08753710114774778,-0.03405489473706006,-0.12749266976439885,-0.08282936893144645,0.4530033875594201,0.4347511933837119,-0.13344270796200589,-0.35215400385197,-0.17863433414211705,-0.05276825353632079,0.23563021096210224,0.3394292236896866,0.2591814950939753,0.39965545073912334,0.44458876582369533,0.44518404960184493,0.4668277079399806,0.6753399911186112,-0.11431219055419076,-0.34814313281523773,-0.20203887013955196,-0.03088443339536671,-0.3002899021611923,-0.1311136778402301,-0.07554778420619017,0.3525621996154711,-0.1971557870611868,-0.012835867713100987,0.10201643999494639,0.0816937129099985,-0.11771658157100773,-0.16340567792396105,-0.17746307924683297,-0.25429536512193524,-0.3356558566767301,-0.2768226105089307,-0.22606908282719773,-0.27343169902630465,-0.25912807505691815,-0.28192081837985017,-0.10387044778942996,-0.26793193074739646,-0.1321817190437357,-0.06000421056758294,-0.12090223169348818,-0.21428017371972344,0.10211121809175501,-0.1833639653597342,-0.09205175660016485,-0.1795806304668012,-0.23223536624057253,-0.036336266828032884,-0.25423086880262946,-0.2926904430129972,0.2337062564128009,0.33145908482536685,-0.37954334261831696,-0.1588222882012598,-0.0484866844709358,0.08593240688263774,0.10119322547274878,-0.021363263362534714,-0.31927558050250165,-0.11327616823646161,-0.1385829901103593,0.1130770741757407,-0.2419268725650803,-0.10007806722920348,0.16231253168443835,-0.09090820540808084,0.09303800681466402,-0.09352653899295064,0.12763674031311875,-0.10142896057238723,0.10864872880866058,-0.08049586095426907,-0.2554145391567042,0.006215372979318618,0.3836184055612364,0.14285749545349555,0.02313592252295773,0.10974717766968071,0.3812914884728564,0.19813351398692142,-0.03238042632134104,-0.13314408575199022,-0.18773948849112668,0.071193501955808,-0.3437069412475764,0.06749364046100852,0.1972024594778591,0.1094060671530021,0.22813315062804726,0.039970414271603,0.019966068503317655,-0.005246047963001499,-0.10619364155201028,0.1338198844564968,-0.11788196230451176,-0.05874038938322984,0.13921554248892964,-0.09536834462682353,-0.23014762247695594,0.10119384131664821,0.10933091893322892,-0.06997704661488821
-0.07378390827665413,-0.2200277067170596,0.819488375819144,0.35358663541821206,0.46222866600116436,0.14127778939538632,1.0,0.43403101226513774,0.5921165241163693,0.2742512736151709,0.33065368385369853,0.16715049100450446,0.3533383834052521,0.1136837743823803,0.45604871517493184,0.14811217989637207,-0.2175783120280387,-0.35137953225392893,0.22666687117499082,-0.07197402468441029,0.03293148525335136,0.16086559738374637,0.550507972162214,0.35890881255384327,0.30388760771629103,0.23428981085192185,0.27771188136908254,0.40678390456976227,0.08449393787585187,-0.27363741663556423,0.3301605003041357,0.22651158422207754,-0.22941773282582234,0.20946390290702643,-0.05924663040056217,0.30091872911403006,-0.4029778463473062,-0.2152878853354764,-0.2700333593256009,-0.15461506971631417,-0.3942976087357606,-0.2418464406513683,-0.18559811694795092,-0.06711958945947924,-0.3851995060096892,-0.24378709996847966,-0.44616060091947557,-0.35608757203379116,-0.22634768168929628,-0.3252833699844895,-0.1053697152303214,-0.34181952184978953,-0.3363547543676184,-0.40494977143763417,-0.17244024953993822,-0.35768333759039544,-0.31045240646164624,-0.4715832751259182,0.16764368008670572,-0.1362271057258211,0.2767234863813741,-0.08564143290951609,-0.23497874164021948,-0.3606359344418259,0.5632646273842519,0.3748037167233606,-0.293161450038163,-0.10580871885645697,-0.3400672669863516,-0.281908119823914,0.28663539607812527,0.023418445581031563,-0.17876734961465282,-0.011173410778410789,-0.009820212569592382,0.317755720315392,0.1221793363852695,0.25764072316469433,-0.35067647924669687,-0.29877279678157526,-0.29916666083290927,-0.3374058673317471,-0.04558194396532946,-0.21223386289977333,0.060891399493882586,-0.35360847850203075,0.008347963539720237,-0.016476761914435503,0.34611972853042605,0.1858072504721961,-0.2633029093537798,0.1559147871199337,0.23785780887204372,0.42516211485614197,-0.033154045131034704,-0.21426058860330557,-0.38901742168751385,-0.205968187121018,-0.5888512104868823,-0.36844171176552426,0.16696021376522263,0.32309619645355614,0.05032496896558158,0.19699932959083666,0.09958425312115005,-0.01646251363927777,-0.1393084868387088,-0.2577144508756192,-0.23027883963780715,-0.02414594789996971,-0.001622393537518508,-0.2882328495163086,-0.3385848162720553,0.009496215583608176,0.08201500291120593,-0.13201460050801125
0.12838455192646211,0.15130142541101627,0.27617310159948183,0.594844573139739,0.005962299556596422,0.3272407183749285,0.43403101226513774,1.0,0.17454572394775328,0.3415913259257782,0.08182739828700614,0.5410409610106768,0.14906612853397602,0.3968446517912505,0.20633894934667768,0.2682701388744307,-0.11073134793956951,-0.17267839950472458,-0.08506352858508988,0.030369594830742495,-0.0015515044561700765,0.1642456508178942,0.21527364914812108,0.43394428877026164,-0.13893886256913535,0.27880661080350483,-0.0709375894345554,0.10566578240017042,-0.22602791556588653,-0.22336906742371465,-0.017804565239570073,0.141210956784701,-0.15227963621879628,0.25878879288649953,-0.3186383586134189,0.04828901690067542,-0.44702376413596023,-0.26025029254865395,-0.3463901440248177,-0.125945002788102,-0.4070799275925963,-0.2637688016000625,-0.2266703076845887,-0.10234662751722377,-0.25348786678304136,-0.13181148662128186,-0.33356573226396136,-0.2638670651394425,-0.18623661695844174,-0.12581261647722844,-0.1342647687777788,-0.11846775519722977,-0.23701915533491336,-0.2167180274725378,-0.20569925828734803,-0.2107966870112762,0.00038423801012063075,-0.38241804252387246,-0.03565059162336721,-0.09341961486834913,0.15930806524180913,0.30650477577205,-0.08914020999912095,-0.2069359819182652,0.3123747788696725,0.7073466351129106,-0.49631977604874955,-0.07270692348116799,-0.14355776186733363,-0.1581349410955185,0.014377964573856438,0.014657950174164856,-0.2910562637069981,-0.1581847434498207,-0.1708426826455911,0.1581524974866214,0.04678200551171572,0.10842475929164781,-0.1861007791297268,-0.25840416379416703,-0.21793859427774073,-0.3523683961489567,-0.23888246890504033,-0.15385732186570775,-0.11247153365033084,-0.19833729514618922,-0.21333311878090883,0.0008848061970082465,0.1672570311725225,0.2777462910113334,-0.12156564564822928,-0.0694526098680939,0.4195917808585217,0.048228869987804124,-0.022686901926101826,-0.184054643713085,-0.24003136730091332,-0.02910568256983825,-0.480249869730859,-0.10725322816176937,0.2111895670590525,0.18342460639559885,0.3344459313253966,-0.002736494121643591,-0.04836182211721463,-0.15371281550548488,-0.1800490490389968,-0.2716998713314465,-0.3170850378327161,0.013181311421814574,-0.10224463535956992,-0.28497490240943313,-0.18438137216227937,0.06318139228276297,-0.09576098711703847,-0.3378095986634689
-0.1397635867714405,-0.31325326145335014,0.5187214360676458,0.20902783727024993,0.7082058351651969,0.44255603798845955,0.5921165241163693,0.17454572394775328,1.0,0.5243158812489253,0.12259184442272276,-0.044793984131665444,0.15395918592934768,-0.09437299375366097,0.618719495641281,0.391023858153269,-0.2659749358861131,-0.4502056581374023,0.1166981774270339,-0.10858355559843226,0.039141095354600135,0.021077151181540337,0.482281891175121,0.4052773450332316,0.4209761237783861,0.3066497956184586,0.37155526874978606,0.6635146072996359,-0.08885744004934142,-0.3800704509221471,0.04986166607959549,0.07127855834542308,-0.5262087707053618,-0.0520382282081706,0.14165782874522406,0.5032263352931688,-0.20580446413231937,-0.1260821669994827,-0.11025727825059417,-0.3451399210181084,-0.21333205116564555,-0.2453035811098184,-0.2997599290169312,-0.3310742423749183,-0.3532155413034625,-0.2546520547338148,-0.4773982474081614,-0.36650286556892125,-0.209471296713827,-0.3227571617911845,-0.024515974933213593,-0.3128706549881441,-0.1449332792791798,-0.16772950701700923,-0.2094761329352151,-0.41767411656668735,-0.22415220626834859,-0.24018576073182835,0.20051910007426446,-0.14958844595674425,0.13363376906290148,-0.03283015716580089,-0.29292171957349467,-0.3433980981223622,0.4914999390373413,0.32055635125401205,-0.3256140826557189,-0.14298099035473646,-0.12322619406580569,-0.07137527079621606,0.19001655850821098,-0.11721666653175855,-0.31932390237854613,0.0024679151656056024,-0.08989212779440015,0.1512324863773267,-0.14319153423070125,0.12266528787094859,-0.2702026862002498,-0.2898746073962829,-0.1599266908136894,-0.20482538583274676,0.18518101231530626,-0.10925100073297875,0.18414423536017954,-0.1738165298641512,-0.061071943407816354,-0.18668047808356955,0.48104273855793694,0.19868275172965988,0.09669041160902989,0.40274716473211414,0.4343579665671438,0.5724775153983459,-0.15750946278198533,-0.22857558919458051,-0.4354043334753997,-0.35762072012538976,-0.4648767681252303,-0.19523536278641707,0.2199602430773407,0.29775218783470964,-0.01017360420606732,0.187218182615246,0.06277808973806336,-0.08620214815926255,-0.0065553667088872995,-0.12124880904237906,-0.006361436909897695,-0.15222802673930674,0.017783536876067124,-0.09608451322785239,-0.24266032969812718,0.07413819958787327,-0.020770068045435495,-0.05465372043837085
0.0847212295366436,-0.17543329649475728,0.19794339655797796,0.4138762867022121,0.4552011757346663,0.6591447832767405,0.2742512736151709,0.3415913259257782,0.5243158812489253,1.0,0.15267296418889642,0.28868770220910583,0.08639624248652245,0.09323506231382149,0.5977221298358211,0.6550967416421685,-0.01763624288257449,-0.33080012217028604,-0.06629561174521129,-0.09312232285298824,0.12365218764850006,0.17012297135368645,0.23070561048347718,0.39441126903576335,0.4722535676566763,0.12441542483727112,0.27500079423832585,0.33049418455473595,0.009041186345789194,-0.20839553085298362,-0.19288236060974048,-0.009726196412866988,-0.4037315086823744,0.0031413769239438125,0.08338458121974235,0.25692810064033567,-0.19187707922845088,-0.16886047567014512,-0.18668947064338612,-0.22074323050739372,-0.1393478170335764,-0.345688383973955,-0.2867317833818444,-0.31052287275759943,-0.45847154908254417,-0.3555719254024155,-0.3756736060758253,-0.34381936977470257,-0.41245855961447375,-0.4356276623978163,-0.1553852649713777,-0.34686249063280283,-0.08432461831953067,-0.02630111758191763,-0.051438849976994126,-0.4083668683659448,0.04914059308953072,-0.23315058250892673,0.15910194541162248,-0.06043004764994313,0.0013753346457148412,0.15498153322405425,-0.1523456995365251,-0.18652930410010216,0.30926688502369387,0.3311344337672677,-0.341696789647232,-0.18518149290480937,-0.1599725869983407,-0.09816650942999434,0.28304590666071344,0.05723876846823946,-0.24164609132540454,-0.02128000176152328,-0.09885792647600677,0.2420075443919872,0.0230567134503139,0.14789366727788003,0.0633609668233261,-0.15858477952899425,0.029257176041550655,-0.09865844327614087,-0.06908165938305937,-0.0824250954577514,0.1457206853199415,-0.23665438499723132,-0.49691338254790574,-0.4923044232387877,0.5221147232824189,0.1183784520679396,0.08602853848739134,0.17015994128175563,0.29292179175752525,0.22077127053903275,-0.06337186854493831,-0.23030191098503638,-0.33069576303923875,-0.05937213759926633,-0.3465931037522154,0.17486619596996553,0.07400351179428324,0.0954428312275703,0.17842326152296373,-0.014422645357415276,0.028138196479401755,-0.04857716019491695,-0.1782789706464618,-0.08551053598384445,-0.2862598701991588,-0.02061107082574348,0.04712486846560026,-0.037262090798825816,-0.0859928058563166,-0.008548945747312919,-0.01540015618955075,-0.09397027899142867
0.28020050785827866,0.1623650115178126,0.2292772622111575,0.1262531577095645,0.0006387479574712321,-0.08753710114774778,0.33065368385369853,0.08182739828700614,0.12259184442272276,0.15267296418889642,1.0,0.41686588594745416,0.7660379317550619,0.40907109632618904,0.5305865704169225,0.2710736413492155,0.42535428422647154,0.16038361385112374,0.1332385565927282,0.09121103492131864,-0.3298661244689137,-0.15404440347689097,0.1866343465430645,0.01135657123089674,0.030822371343848853,-0.26884274827301313,-0.010674104069387331,-0.023928496626948865,0.4439291501873882,0.13185255138697624,-0.19442687390168198,-0.19481150786849735,0.05490977628701106,0.1820546631383888,-0.08396753109864331,-0.14659110390420665,0.1373990455200819,-0.13135390579465986,-0.09724598756128819,-0.12430116795764173,0.1228650704765304,-0.14725971942806088,-0.3501835076585185,-0.2909591990253261,-0.5049009859172211,-0.5540104924795145,-0.409796126927021,-0.36350964044859313,-0.33752486888758343,-0.39874490390449485,-0.24614848844658438,-0.2981760802959885,-0.12395161056032845,-0.3090405531245055,0.25060838001616803,-0.17816441148885434,0.04378552625471214,-0.04066507061706606,0.35947166305554684,0.08702270345926573,0.37568865309616006,0.07682201947495576,0.4107640574012507,0.18225011783955283,-0.04086163682856163,-0.05233777740317465,-0.2003618690198891,-0.4188194592801701,0.04884966253930525,-0.13834978365377829,0.07280304397624678,-0.10625211323677394,0.27035192580163825,0.09515730574660841,0.26864201190025383,0.22910665884350437,0.3900204576122217,0.19856567066416717,0.0020597230128913814,0.08730948321224963,0.1975020384799705,0.14897873103229967,-0.005413145658336077,-0.021268737144043433,0.3596723760261293,-0.07244620923505281,-0.109247105496009,-0.3254086676060732,0.25095556119609913,0.2361258724764328,-0.18281865353344195,0.02468972441924335,-0.11696780951469736,0.08891801545194002,0.12732151087893842,-0.0881771274142812,-0.23372712994072578,-0.03012922927743873,-0.23661550706122442,-0.06250753033364785,-0.1185735761842816,-0.008173949295881687,-0.22822000764130787,-0.03824248585799991,-0.025416125034071348,-0.11601724440168648,-0.20816511790665962,-0.31012894208020414,-0.24653982349580986,0.050296692853490435,-0.26766286922394494,-0.2853496623776865,-0.2614173199656046,-0.12104671246392901,-0.20369094080184227,-0.24462273598521858
0.19287081888989618,0.5646341415962294,0.0025975828957600926,0.20198299354441934,0.08977411790455474,-0.03405489473706006,0.16715049100450446,0.5410409610106768,-0.044793984131665444,0.28868770220910583,0.41686588594745416,1.0,0.5123853597182524,0.8220225146671113,0.16842691819859365,0.45084318262207224,0.2550634124595686,0.20847870894020726,-0.07832130395867828,0.052783077030473635,-0.29397047618068745,-0.04807851846725254,-0.23896697214808954,-0.0330869284046104,-0.27115073736999656,-0.31171163142630914,-0.0647044363510635,-0.2898932370655184,0.14561666369935394,0.30106001578505764,-0.32099532466794334,-0.13881146009983678,0.06533223690558142,0.35918866175596503,-0.036038224775511433,-0.16143430687826843,0.004262401209983159,-0.2075657281444503,-0.26671482085151416,-0.23765084812594092,0.07764605039162797,-0.0404589964373016,-0.3329412585624654,-0.2522465044947205,-0.2816166388605415,-0.2525208559214273,-0.3476917691584406,-0.36508353063918825,-0.28889273266701765,-0.25146043324117184,-0.24094727832451526,-0.1718240597963099,-0.05667722508183609,-0.17450649879438537,0.1321334273248335,-0.21570216633661565,0.032104186803395926,-0.11091452141096146,0.27374729907007833,0.17961046657646465,0.4514731679856918,0.5646897696747232,0.2922795584372781,0.19093457613676482,-0.02705565424013144,0.34560326508573014,-0.16872913800254488,-0.17320262228907612,0.03906376029076567,-0.2266689180443494,-0.05661707375856063,-0.04267666315930125,0.17886870748063916,-0.0008030720515748098,0.04366955365280443,0.17844060054696398,0.2735270236943051,0.28569119698752576,-0.04836495049276323,-0.07431297711859505,0.07003641576223742,0.00880129133250606,-0.30347124474998477,0.11790342623773004,0.06812401064008906,0.05997494080798317,-0.38551724864257964,-0.37248664787687014,0.04150140279204635,0.30971739121025726,-0.11349270317971732,-0.23152225774893778,0.05493960318249972,-0.24388686881276822,-0.04132688345447688,-0.09729559356633077,-0.28937802567506127,-0.13294159256443838,-0.31185800874830244,-0.04035487240029914,-0.048705970289333836,-0.14261191613246127,0.04844361987770953,-0.2493277144126851,-0.14758906331496158,-0.22299489566145536,-0.32922054996305705,-0.40322354616690737,-0.3522141522349587,0.04601887111396155,-0.358517967435362,-0.2335998420123287,-0.06329137606200741,-0.19149035365253256,-0.2871240573317182,-0.3884505830853224
0.0018983259478509466,0.2078317161789851,0.3042845163789842,0.07966298383988463,0.17708656568729106,-0.12749266976439885,0.3533383834052521,0.14906612853397602,0.15395918592934768,0.08639624248652245,0.7660379317550619,0.5123853597182524,1.0,0.6149434194773733,0.41887007372492163,0.31749930214141947,0.27761440140281574,0.13798327330586743,-0.050517928344181395,-0.1747218908699637,-0.3288298635460638,-0.16636825208777045,0.062396265369729545,-0.0837065450538549,-0.03056397842496812,-0.23582847773075136,0.1197532810329621,-0.017152158860937475,0.3790454516414813,0.2507096834479719,-0.2616605836820915,-0.165244422223046,-0.028197981762281995,0.20331181653048241,0.04129032332149701,-0.14442304280245527,0.1583695731658993,0.02926244106026267,-0.018572596103185884,-0.07302996615387145,0.22844487919590173,0.05010996703640249,-0.33373341984537247,-0.28613357518136007,-0.448014762894337,-0.43747862983818886,-0.3627953573172797,-0.42895707111238013,-0.2990916712214609,-0.3998060337647781,-0.20466229920413057,-0.2691038291068462,-0.012106796570103117,-0.3321407010505363,0.5196925737495246,-0.0546766137115594,-0.1879599273838061,-0.03670512857635072,0.3709530032034139,0.1368138624411646,0.5579805124815918,0.18470719183517925,0.3867200337486609,0.1906843836676458,-0.130813991942929,-0.015469948089876466,-0.10539714234724921,-0.2761559851952679,-0.14330281293037755,-0.31160835144471927,0.10459184454507486,0.0019613343452639016,0.32215629889416453,0.045973353922270505,0.13901975487826135,0.11089776570037722,0.27497538983338593,0.2152001219312245,-0.1038694239646368,0.026069466676409903,0.033186731319185835,0.06706635497396082,-0.1961912518430755,0.04540991564982581,0.1504162605437515,-0.022702693589523187,-0.2838090462116878,-0.3246255617473834,0.1428131917302312,0.40115200927060435,-0.09731217966477546,0.057895795734254164,-0.04136458669443139,0.07887190764881684,0.06470006513224057,-0.0631514803415141,-0.2526858065697088,-0.2195920147454705,-0.19584007117005883,-0.1987808468864012,-0.02098900244830727,-0.036874327335894505,-0.13929050058983372,-0.036620326353299204,0.06957916657066422,-0.1546679717670999,-0.18963132767623553,-0.3436053043873214,-0.17455370438491533,-0.06821726667482712,-0.3919101424841843,-0.22440649871420498,-0.15309862885824266,-0.12007034683363305,-0.18532876350859084,-0.29866778490926343
0.11397441763958518,0.6141131373587561,-0.016594675143467203,0.12257275898319722,0.06950510100579603,-0.08282936893144645,0.1136837743823803,0.3968446517912505,-0.09437299375366097,0.09323506231382149,0.40907109632618904,0.8220225146671113,0.6149434194773733,1.0,0.08671583293587727,0.40950493682114597,0.28689629909455777,0.3085922204338443,-0.1376787782683074,-0.01620557426996651,-0.342747677185244,-0.16906356329385774,-0.2443261630611016,-0.12722291495076082,-0.21677925007303275,-0.3127113998640377,0.041683886479688376,-0.2638899572559575,0.20876252129484238,0.47717838277395896,-0.32257453535764674,-0.16497774411977187,0.15271445427117242,0.3726051131102412,-0.05964208966665482,-0.16964837710436959,0.019775643743689696,-0.21910529256025274,-0.16726176813268837,-0.1947287148349476,0.15841900381716728,-0.0037433830946710703,-0.3025812668259507,-0.2864105397406011,-0.20265646838454365,-0.20421086280069423,-0.23339297548352983,-0.3806242303761802,-0.2850373012197495,-0.26380499281305947,-0.24217359765237645,-0.20604416130042527,0.025248954382072496,-0.19168212003764692,0.2409047674053576,-0.12223571743323808,-0.028754989008200425,0.0371908481054435,0.280479374784606,0.20463743990832878,0.5573059480698594,0.6257176830149438,0.4170337514569071,0.371890939519166,-0.16376593296327585,0.2216185750501056,-0.11423168028132674,-0.2067609080986226,0.007493680305563423,-0.23302476293476038,-0.11763171247868096,-0.13851547133555023,0.2871178845923866,-0.054828307116960205,-0.03701717830258392,0.01456617501302972,0.12421777467165784,0.14834296971969232,0.0032300814575770107,0.03753941788975068,0.152566164835904,0.17140083591707542,-0.2280251860374411,0.15302634616191121,0.0809289654529869,0.14697370505338547,-0.3271342763483034,-0.2951133672466017,-0.06837461705279146,0.3651667105720283,-0.10590369075459513,-0.28590486022139505,-0.12897647692781222,-0.31783541139499993,-0.02706935574362958,-0.026182224936090383,-0.2455467449885278,-0.20010487684393893,-0.17124202322418652,-0.11567971535930856,-0.1878041497191729,-0.2926435269544414,-0.08389774527432677,-0.2729332787420237,-0.14936789214705903,-0.2975277625128471,-0.34261127754179027,-0.366021194839311,-0.228177478709543,-0.03377777116057016,-0.4373725883875704,-0.22553601053581493,-0.06827061122968683,-0.17324954197181286,-0.3397699059076859,-0.378498214800045
0.014986136899369534,-0.26383655334292544,0.33201925671531807,0.3855155112235846,0.31358576351483247,0.4530033875594201,0.45604871517493184,0.20633894934667768,0.618719495641281,0.5977221298358211,0.5305865704169225,0.16842691819859365,0.41887007372492163,0.08671583293587727,1.0,0.684442854397062,-0.019402941852173967,-0.21667101858738916,-0.024224393315737502,-0.03576227743247073,-0.08160648608169276,0.11974141457936077,0.6067137536129232,0.5453210571510666,0.4025340099435446,0.2145539797901664,0.2579278979396143,0.5363668845415496,0.2612540680852104,-0.18661551615184452,-0.05007455576367671,0.07426848528580697,-0.4625872024742521,-0.028672472834312332,-0.0037038459764208234,0.25575784928132844,-0.09142996162307561,-0.11915218911371306,-0.061343125812030816,-0.29146288999249315,0.09152068203171299,-0.23886350248372973,-0.4946354071538285,-0.5193209236523625,-0.6001493581114136,-0.5613984302272643,-0.572589110243714,-0.48757613083303797,-0.482066906413065,-0.5273840022947989,-0.19598848913851855,-0.4613859950717219,-0.16289776683065338,-0.18864231730518172,-0.05384289015791467,-0.38826216898173477,-0.12067267014080457,-0.22472882868257682,0.16468532796838248,-0.13826348197359087,0.06324670769957312,-0.046902782448348924,-0.09306988422312633,-0.2117389425638639,0.38817634241090254,0.1658129465977846,-0.42585494919611494,-0.42424208182986706,-0.10431481198061586,-0.05900678155519751,0.17773056104639512,-0.0364644474022833,-0.16354097937584394,-0.045718722472933224,0.006185137452618251,0.22128883623306866,-0.006730506725009417,0.11173117233358111,-0.046676436946363545,-0.15319452804280972,0.08297748237734552,-0.00866329909828175,0.35961662304276304,0.2055884542902501,0.43978429425124743,-0.10764195027381072,-0.13731556865455222,-0.31730531445802007,0.6993209210990404,0.25342248100638487,0.05221641947768506,0.2869085866547768,0.35234155743813883,0.45515525915367994,-0.05431332317212008,-0.22899210585037696,-0.47273277194062063,-0.23973221284430857,-0.44657341850347937,-0.1622426623696225,0.23971828812564172,0.14279009106887156,-0.09335644075649231,0.061718693905860385,0.04201374786851387,-0.08614169618539952,-0.046706048471729975,-0.22356539776400366,-0.15814257215307562,-0.1280817420317268,-0.10999597162003068,-0.25320729143906007,-0.31820482792186755,-0.0020160920318270485,-0.0570771856706751,-0.12524065078082802
-0.05062687822007065,0.017357277825773294,-0.014989984227801753,0.4546094003530821,0.33215871534279834,0.4347511933837119,0.14811217989637207,0.2682701388744307,0.391023858153269,0.6550967416421685,0.2710736413492155,0.45084318262207224,0.31749930214141947,0.40950493682114597,0.684442854397062,1.0,0.0311552471321696,-0.05047802686978391,-0.17811075572474694,0.005261118475643441,-0.07791947780452264,0.1371548478605519,0.23220415561969215,0.4843861874753332,0.25720608954093827,-0.02433713611979412,0.1706290241555274,0.2591753469991615,0.22217836938582625,0.135808238022971,-0.28174269623431447,-0.05009248356558796,-0.4059404263357282,0.016964535493715613,0.015241624735557817,0.16107931540035053,0.005403349483073323,-0.22044471811161281,-0.06549328436083571,-0.33257159019158256,0.1947165788375936,-0.2078539733916984,-0.5472164707185633,-0.6170548977767153,-0.44370806526336853,-0.44687798084207786,-0.4829316620840779,-0.48426259788273346,-0.4991334390242048,-0.4788026474668373,-0.2547632980114898,-0.4097963127845708,-0.023544448110881543,-0.05341755693982856,0.048880810076602575,-0.3679005781431549,-0.08031626170157856,-0.06620126008628915,0.1781386229282314,0.02288926301535046,0.060608204985883596,0.27938914691810557,0.010978348002179334,-0.02763421086112293,0.13057476045307181,0.12812243774222207,-0.32404298022417033,-0.3438982973509647,-0.04628603797034636,-0.02007239486591977,0.04628208945681858,-0.052890283436213825,-0.0694501063307053,-0.08950645197034697,-0.11161041423464327,0.04173675607508056,-0.122009956198721,0.04160590538309177,0.08450523758468766,-0.062073152942760716,0.16366200867366693,0.1250185607966934,0.19591629461037668,0.38365936639513953,0.31236584955196334,0.04786029194219202,-0.38334546961619,-0.4007147755705293,0.5490110586060241,0.40642651998586304,0.22696511118666024,0.1614653503819928,0.33100445962027836,0.1318225556394895,-0.11924294124311285,-0.19316259012497686,-0.43917645557090274,-0.21170568304836684,-0.268282190482345,0.018743769654691367,0.1792177239438999,-0.1257004551911187,-0.011381581855523501,-0.15142002080447087,-0.07364095778303523,-0.10047027641430813,-0.1746651752261897,-0.25121299231689737,-0.22944852270488972,-0.11037018852089106,-0.24325730179152433,-0.0005116297128448675,-0.05612147229538304,-0.10778388469559867,-0.09502931696806398,-0.14299120146341576
0.725045486988379,0.4658416140649872,-0.299554784909301,0.02213923409994946,-0.3036141099360181,-0.13344270796200589,-0.2175783120280387,-0.11073134793956951,-0.2659749358861131,-0.01763624288257449,0.42535428422647154,0.2550634124595686,0.27761440140281574,0.28689629909455777,-0.019402941852173967,0.0311552471321696,1.0,0.5610310356522462,-0.00020295750862442987,0.21350809557525005,-0.27967190086564403,-0.21624731023912544,-0.2879121279610261,-0.3668259158276816,-0.16630302297202926,-0.45025175982158444,-0.04982108106903269,-0.33302715356349444,0.48822653997167176,0.493344858617505,-0.28732845166024046,-0.3840194815653659,0.32674045626395054,0.17065696798799268,0.0661555142112493,-0.3504135013252322,0.43134432695915764,-0.22040431835455124,0.021169437759707616,0.004642102502816908,0.28127605012237533,0.170719852134305,-0.3562737161403028,-0.36873138381539,-0.3008557901015242,-0.45106120296452573,-0.18727991448116316,-0.2762481096846596,-0.40722221279570125,-0.34010784566583374,-0.4202285987314974,-0.30677251979064746,-0.07864618069959323,-0.18617075237610184,0.15296760797198844,-0.11666045110487518,0.7035433253836918,0.3827780219042962,0.42442051465842445,0.11016200604868773,0.40169147209253464,0.24278676901121152,0.7515774253703638,0.7202524383815279,-0.3115170468984361,-0.10608239105082848,0.04120099832362131,-0.5269901090929283,0.3688096200370126,-0.0498825137334717,0.10505891712327017,-0.23431199522857646,0.6971829624361859,0.23200225620643466,0.45327750749820517,0.1107077814152731,0.5193863996798335,0.19012723808372603,0.5386848153706311,0.46845798177907183,0.6135954253918292,0.5676106926641995,-0.13672625182493559,-0.07391756002497926,0.281122841615991,0.09143861200547561,-0.09396229685438343,-0.19283187513952227,-0.09539225372439637,-0.00013480791572817428,-0.3316044885102682,-0.3877307810358211,-0.41346217620612635,-0.41289408439564196,0.279195209884797,0.1095982921799854,-0.018137442459729643,0.2053865554852816,0.04595277321542912,0.3452061648434075,-0.28811510283767305,-0.18189011923454843,-0.10423138855427794,-0.17761141142482736,-0.0941172047834047,0.0875101253784715,-0.42840274585269933,-0.1533702714063726,-0.14428202273624896,0.30041524780625345,-0.27703609224598724,-0.14322647844804945,-0.22258329384736766,-0.2821483781365144,-0.14994012927781958,-0.10861041291084769
