1.0,0.46280259121892897,0.4006506340718028,0.04803291772172201,0.16026935500246478,-0.005461455906814151,0.3000741773828214,0.34583517364731614,0.3063085240578824,0.18784378234562693,0.6772062620764734,0.4473095073606129,0.5386783729573786,0.3826575284976979,0.340799116268887,0.22019725667250784,0.29987268376391985,0.08632997206870405,0.2994450813769628,0.1346268201475752,-0.0706364287583807,-0.15790873605611894,-0.19519207025006088,0.031237266982998998,-0.02680621453677268,-0.037281302610054565,-0.0003264890219369731,-0.21446593383474052,0.40131140050372666,0.27790102687018275,0.14432172102389182,0.00337763018428658,0.08142148541292535,0.12624988600043446,-0.146652514899568,0.05891427296149547,0.06062819181387203,-0.15064604910022653,0.03771183190048902,-0.09323188939742912,0.13155842957414737,0.05101140112162812,-0.51686717900349,-0.5114701260198364,-0.3164300136484203,-0.5833607695368588,-0.4419079139889083,-0.47806826409461317,-0.007118063683798016,-0.3918500380081612,-0.12453992038622588,-0.2569515525036,0.07016013777419128,-0.013363162775612584,0.11935872856473609,-0.3296204654855033,0.2706653000894212,-0.12609245317432277,0.5080366584765685,0.10594402089927651,0.5635058919092448,0.2848810331267904,0.3970696601505449,0.23405327049757332,0.03250160387957879,0.06458738279510826,-0.16557092746830251,-0.31144682793882406,-0.09567009138419452,-0.3120988551264711,0.29416088751492453,0.0006672810748269175,0.36370063868603997,0.2024092603446519,0.3177871716397678,0.2574657434980476,0.25242096341280823,0.20103806637219257,0.02192641225076157,-0.10753732848086495,0.04686238701150154,-0.11050240768161014,-0.021559007708124214,-0.16498710075546083,0.028937819254204123,-0.08303584382245793,-0.3074744040510005,-0.31310335535146494,-0.08331768424228352,-0.08137194862513378,0.19167946624970658,0.09181888244668339,-0.06131074742167954,0.008986646322947425,-0.03838716777495266,-0.26220486508156454,-0.30702313309409385,-0.13865149204031185,-0.18463544193079368,0.08052993921920606,-0.04114825850339306,0.12451863669402113,-0.26869867976129425,-0.08981259241653043,-0.2604901102449873,-0.008298966213040826,0.09092328868132919,0.03122749562088888,0.07591427393894212,-0.20393438307545056,-0.2666184464187548,-0.17207406943572193,-0.0753253801012503,-0.38787935787779415,-0.13467397212797366,-0.21487782924451732
0.46280259121892897,1.0,0.07893375416854231,-0.01641584150399713,-0.0904195663503126,-0.22667871384120092,-0.12061476665470826,-0.03785478172169495,0.018096961167517696,-0.2133258178036833,0.07451700584789332,0.19240165109057794,-0.0041204109599396474,0.07146233634963309,-0.0980834610348783,-0.0398532971430411,0.5393541646423405,0.45658380782547675,0.2997172611200938,0.2691183757349676,-0.0897991148299013,-0.1476113827156587,-0.3640868999047445,-0.44431455776128426,-0.18411141448100032,-0.30655616490716775,-0.2529052370324628,-0.3190026477434232,0.33199573866615234,0.314518967504082,-0.15875294414847818,-0.15872838981891058,0.40565379477330965,0.24210472080346876,-0.3474285915320621,-0.28517334316801035,0.2796266590463355,-0.04297325099241076,0.3833297673636251,-0.07372309055933875,0.11615200541142376,0.2985376758721758,-0.14415826720719102,-0.09513193188852362,-0.10794549931419924,-0.32046614127072304,-0.029411250050943635,-0.08824318698176493,-0.17536141829968063,-0.08781540809467675,-0.20456626274479744,-0.12346342304184418,0.11949268725299321,-0.028319029531637712,0.0789387926383519,-0.010988824024395976,0.41860953247836874,0.46875971602343125,0.35212195610487135,0.492714811777891,0.27646675374660495,0.31823995232180546,0.4331881696607954,0.499929551489546,-0.26574191175796597,-0.2978412228841291,0.1495100830762447,-0.2484082265986377,0.3609732558947412,-0.0546379545805311,0.11936383091078524,-0.10748206932997084,0.34275156043031757,0.2185563403482742,0.20751616904868317,-0.17793640674290473,0.06061397093020434,-0.12672372796091017,0.16376194291353635,0.27955318131369833,0.332987507888675,0.25048665969242406,-0.38485257618212815,-0.09991967873856444,-0.24022402429421696,-0.31972792217728147,-0.4281515257329522,-0.3939514502353909,-0.38375835291821436,-0.1674186760049568,-0.1610847708086571,-0.32549374880997983,-0.5035584293564306,-0.3884957562161219,-0.27925760940989824,-0.21826487080994947,-0.1550965410746096,0.016484550164626313,-0.11955803371166848,-0.0736581854319998,-0.15634313312091977,0.0139416088845877,-0.19974628885262927,-0.21029588474878297,-0.24995828316361743,-0.009988965699726234,0.09525541860075716,-0.07392948750805794,-0.14464149166294196,0.03506528500527284,-0.1719740282798091,-0.005859383020513795,-0.0669469362271275,-0.22259802356793382,-0.2892368835524907,-0.3365588599415964
0.4006506340718028,0.07893375416854231,1.0,0.40059004683955574,0.49684740229163493,0.27484759896695,0.7526243098309159,0.46659594441209634,0.4263780246082186,0.41778974392468304,0.38488743960227695,0.16974273791158004,0.29543983197497087,0.12994749937261627,0.2870468721459221,0.19679061814689397,0.015019198677255189,-0.12727688168818407,0.2496886566404755,0.20980045154340182,0.15893057231963514,0.049890529349501805,-0.022195632208014588,0.18731611013694355,-0.1499339470890219,0.1275645923839774,0.13329489152054944,-0.06871486846450359,0.0020552292444365877,-0.055897581183643165,0.2640917771673185,0.14899768844222164,-0.0912614665518084,0.19004333211182822,-0.11750082207242941,-0.010419613024063232,-0.18695599818802836,-0.3750997488736814,-0.028329028631697766,-0.22893535249442762,0.008577405769227475,-0.12075175429312529,-0.2797276870260105,-0.30160000877807347,-0.3287757182029085,-0.39474410329922055,-0.38835863077410687,-0.317977900452228,0.04180820429900146,-0.39638337641063076,-0.04829372598063002,-0.2765962087743967,-0.006214453816366239,-0.19995448392277068,-0.08796844629546836,-0.26247771651090274,-0.13733112368811354,-0.20691518490405084,0.1385281787125119,-0.05839042054097998,0.3604665884338332,0.19143410943440223,0.13523090869040155,-0.10501315538936647,0.535249209340617,0.3175107083303685,0.007789800400852444,0.03230862459093391,-0.08156204046791629,1.1036714077655287e-05,0.324504791053229,0.16129275944155896,0.08915907727663296,0.11285962766645681,0.15696731089645072,0.26712065161175785,0.18503596574624218,0.175057771962582,-0.18260168853390812,-0.2358485789547473,-0.16334583119571228,-0.2598235016819145,0.12047767453947898,-0.06381266623505276,0.0797869706934555,0.010056139378890014,-0.1913452137930297,-0.23463151722014822,0.1210324562465542,-0.11290705195338156,0.2006570154186843,0.2761327040448963,-0.011779859509919803,0.16575798305379558,0.0458073530731636,-0.3140523473295596,-0.33824773546654174,-0.17919951194801478,-0.2676986729729328,-0.22633785007648824,-0.09606660898575713,-0.025560318991702222,-0.26598985932190483,-0.13969180369128317,-0.24254568118695854,-0.005558737153000669,-0.07620404203738533,0.09445308202683202,0.0308963528579018,-0.3490564875046133,-0.12891919191921694,-0.2031338266411721,-0.20981122938613905,-0.28216490359428625,-0.02093365414649717,-0.09439732632933033
0.04803291772172201,-0.01641584150399713,0.40059004683955574,1.0,0.29473311503589716,0.4775577823124861,0.19242765663744796,0.41880906918636845,0.160224090945009,0.4164106874522506,0.04455195151969361,0.11016801734314575,-0.05850760677559247,0.08896349702504965,0.22319875003547848,0.3687211524259193,-0.3081593859645954,-0.18923542816148883,0.10445465873739458,0.23564609026855127,0.16207246782889378,0.1343543401011189,0.21139118369954712,0.5040448380173673,0.11778933169491099,0.3335210318985241,0.189486620017661,0.1730835458597474,-0.23782130234003784,-0.1785614178769809,0.3317186286060102,0.35791498782385334,0.010030728267954276,0.15833176870067234,-0.007077089754031126,0.012241006180668175,-0.2262770523288377,-0.3384943313667928,-0.10177606578893886,-0.35099164363037816,-0.11814333032697705,-0.04090207741978295,-0.010302546757899838,-0.01334295954517451,-0.08420263842161611,0.0076756361764345775,-0.11345144456045485,-0.04207878021804544,-0.2810569366360531,-0.10687412358510602,-0.08525914907391241,-0.13011848003802448,-0.26088803655295184,-0.12789328125867144,-0.18582632543332547,-0.1415098353417662,0.01937736788482621,-0.12195551726252842,-0.15838911142502052,-0.02504833208706454,-0.11028027810407946,-0.048495083985412184,-0.12617627888118926,-0.19803400333358787,0.3083525222080314,0.32158766091383156,0.06127744069055082,0.2944227338744199,-0.0719334013838084,0.1301718853525675,0.12386317572822712,0.052860139367001596,-0.33836231354643065,0.0039502189275018255,-0.02728747521977805,-0.10055456891917541,0.007498360258402409,0.07714792804318778,-0.15855358637311642,-0.17489944582193323,-0.308673988122818,-0.18473303444869316,-0.13702610291884507,-0.013419827855609422,0.189863059643517,0.2758105587480786,-0.12188376979597297,0.07049692435473819,0.14040762915886681,-0.0022551603505644364,0.05512355329100364,0.06919887939544629,0.30119606275401634,0.14443399788158995,-0.22050301560798108,-0.27032223509893816,-0.3299377904975327,-0.34908531999102,-0.25055909347272515,-0.31479707211655683,-0.0704362758113227,-0.23298775612799122,-0.11483245404574391,-0.29497062712347455,-0.36755539742440746,-0.20459932913561807,-0.16329248767558194,-0.1566376367305432,-0.14751618046993165,-0.18776112476841572,-0.19662561091031702,-0.2611167307596568,-0.2764038358658203,-0.20051533804380603,-0.22219218619567363,-0.15269660551253436
0.16026935500246478,-0.0904195663503126,0.49684740229163493,0.29473311503589716,1.0,0.6264536104105162,0.5257781890856972,0.44231424030554733,0.6434117337840709,0.6947289584458659,0.29449918458266844,0.29706603567902534,0.17008775051347655,0.24982338077229774,0.2587426483720229,0.40093333538823905,-0.23493278840773052,-0.42568784791004605,0.16391616438362316,0.20999791108572466,0.36965560487183796,0.1771850117308769,-0.10943549171295615,0.27782679994723525,-0.32673554957711076,0.08094385934029864,0.40818540319218005,-0.0906120512593395,-0.10475055287551172,-0.027595139543557523,0.23633893505989487,0.08673310063313694,-0.12292848998208622,0.2220613441252253,0.06535324434702666,0.2110944009631759,-0.1621109833804119,-0.2887876667829708,-0.11862812292385073,-0.03495025505298552,0.08396055936551675,-0.10464823773339209,-0.2905725634037635,-0.3401535436163916,-0.22538783884591554,-0.27207532964635445,-0.4556451015735411,-0.298307631203934,-0.12077279888014651,-0.42041582252379683,-0.10972791383205684,-0.28067831373818536,-0.0408080248325742,-0.21667084427655128,-0.07016392533951282,-0.4306794716815349,-0.21979787141800286,-0.27444456323105276,0.1192979951068194,9.331478966477969e-05,0.3179942702730742,0.3719647859753563,-0.06498680002364966,-0.1376218785032777,0.3395296121423544,0.39569745875321277,0.15877788194841969,0.2150986217466675,0.008424908123291575,0.26159249052112143,0.3359706700671066,0.15822586706511155,-0.032152701067119385,0.11959757414464287,0.09436349200847663,0.2537284877174149,0.09654177573211147,0.1814302648890796,-0.24758373338679054,-0.3480727953729603,-0.19465925496702524,-0.3065014709491038,0.10736763907116302,-0.060138891770480186,0.07908349758873684,0.11280967544403511,-0.17684926042530646,-0.09998607153754989,0.07153728425426421,-0.021444758736062493,0.23751202228818824,0.2708252244624859,0.2394384110140937,0.1667563977893983,-0.11839224232190923,-0.12615722860169168,-0.3660063071350852,-0.16783675800935077,-0.37330131687242885,-0.3614086009712591,0.20792087561120692,-0.1427907902088594,-0.2089328598735678,-0.19648487685767257,-0.25439162969276163,-0.17765345789286796,-0.16433567762132828,0.14116395083341868,0.05253526427602418,-0.12192955132409607,-0.07048241297092704,-0.270943600429804,-0.1914261356334754,-0.3049827113387551,-0.11470634021376848,0.000628802347490843
-0.005461455906814151,-0.22667871384120092,0.27484759896695,0.4775577823124861,0.6264536104105162,1.0,0.1858215371636261,0.26871909308447417,0.2310872360428287,0.5940776431685385,0.0015648434553947384,-0.004745338057659548,-0.02977025776609202,0.02391015216932121,0.13006323860965086,0.17788854275527122,-0.34876707869480644,-0.4528171131193732,0.18030566245129367,0.3287542077998485,0.3847482155084379,0.33618750002198433,0.2633068590189773,0.5379795112365849,0.140715260028007,0.50091859854476,0.5927455423625166,0.4035073229494785,-0.18788199401970335,-0.07733792958015867,0.3500797253797783,0.34578838639765874,-0.09055422780822447,0.17380505478485206,0.19475121547618623,0.3294713799215559,-0.1695260462348395,-0.1512614187598002,0.010852161885000747,-0.06995110579814692,0.05710916383178639,0.05127268797027234,-0.1346091585211673,-0.14867676487223824,-0.03120477985936575,0.00149338413682698,-0.3422957094701366,-0.13829949444891665,-0.11192399612337475,-0.18232645172989442,-0.19438994631172185,-0.22091100367189637,-0.26668622304750006,-0.15853969290039704,-0.1735567003820956,-0.34134350877596414,0.035123384411727986,-0.09624516228924085,-0.06614329826013204,-0.15307507795628977,-0.11945059964970266,-0.0975223186057716,-0.37608866553908643,-0.39155645563975666,0.16756923606846932,0.2762746869688305,0.17005548417964086,0.3781566829430525,0.07980280832044005,0.3183957205976952,0.20772488068334144,0.1310094262941115,-0.2178982056335097,0.05211078635459634,0.045470704292705694,0.12193938174951906,0.07501069585397117,0.19351405104844943,-0.09527814323228435,-0.22656131077656957,-0.316646796246241,-0.22562541217967025,0.15628070434972072,0.0803572792186818,0.13881674480074918,0.10749097734407755,0.09708319259932621,0.24263008327678737,0.23370408436821807,-0.10479888726894604,0.05187421324102147,0.18841487208402444,0.3741311240002239,0.24936442655246963,-0.17337144591205986,-0.17353716562584817,-0.38806339798944384,-0.3288698555895492,-0.4261803037736507,-0.4172693504560135,0.024792577872138608,-0.35726229973755164,-0.18937368841505012,-0.3442754030297198,-0.3379221442465032,-0.2837089181777873,-0.13093142331815483,0.0023627946328421334,-0.05018815563746143,-0.1841986422617998,-0.02619829252646719,-0.3085928569847321,-0.2095323776087677,-0.1800152684121639,-0.11237764471137673,0.05978883713631205
0.3000741773828214,-0.12061476665470826,0.7526243098309159,0.19242765663744796,0.5257781890856972,0.1858215371636261,1.0,0.6954538556111322,0.5346114359711469,0.5034337821966733,0.46141946460063754,0.36065165750554296,0.4217581745090076,0.38092953191927204,0.21792931951035177,0.24858167506258771,-0.13505596072708026,-0.19648082925381136,-0.035281576355375106,-0.02275043239401564,0.16280651438235844,-0.03562031500368644,-0.20842441970042289,0.07897855670002524,-0.19087368083324494,-0.017384322616896562,-0.002017971235175917,-0.31245156489525966,-0.010026298229721644,0.06727464745483046,0.19924042765822472,0.04997187784873498,-0.1979375306610761,0.18277280734622783,-0.019683220191036178,0.1749839641472353,-0.20280846451862167,-0.3834244220171286,-0.2505812313303292,-0.21690917636785698,0.02493391733913827,-0.185902374976754,-0.24035147842189447,-0.304302940943831,-0.36460716721132286,-0.32961327616319935,-0.36005471959207636,-0.3239819510994254,-0.010467930068463579,-0.4820804123282164,-0.08404189309239958,-0.3077411560104721,-0.041392345443425516,-0.24790438982531557,-0.07983727817707063,-0.3425676718293088,-0.3990136715597307,-0.35786892205800874,0.11221107757764436,-0.15913829218993575,0.45994850192411446,0.36265373573486476,0.10194289834215473,-0.05424279568983671,0.6121328460711774,0.48097967694404564,0.0279078904277597,0.05514927344845876,-0.21721595442117195,-0.1135022063620926,0.31586801061515357,-0.012407167454705374,0.14785799494492521,0.18038645760790295,0.16762307260864764,0.32555627854128316,0.18091688434831107,0.2272727151101247,-0.22276601148049707,-0.28254679387474574,-0.193017852583842,-0.25969417570916653,0.15863208574810198,-0.17961858053139104,0.13664828116396965,0.1055684664691725,-0.21227728638268925,-0.37396210710876376,0.0657561077607571,-0.11401082877085679,0.2562534147857931,0.2454623068374418,0.14057992739148426,0.23871554413818644,0.15392218266913588,-0.016775524141734627,-0.259026770391104,-0.06885344483723883,-0.17528038224005574,-0.23261539661099878,0.10929893844105047,0.15229122444280754,-0.18080877668827733,-0.07831293730708996,-0.10222076552890158,-0.01880205638374103,-0.0824417213828785,0.029708333494153423,0.09406691397439584,-0.06727200691142964,-0.07868954381732776,-0.07300876858227022,-0.09169518107871608,-0.19169962468678012,-0.02293880031944344,-0.11673751923699056
0.34583517364731614,-0.03785478172169495,0.46659594441209634,0.41880906918636845,0.44231424030554733,0.26871909308447417,0.6954538556111322,1.0,0.5092074952641299,0.6258385985253242,0.40389966573571445,0.5885070414515237,0.38795453486132797,0.612039881021419,0.011450154650354136,0.3242751535032679,-0.12027000587142857,-0.14634456854671543,-0.1617844892812457,-0.041469346914876457,0.11824990443233943,0.06053897210664899,-0.37127153744812597,0.20969356101094644,-0.10564342179667313,0.19574566650445852,-0.06808791336480942,-0.3102535769852387,0.04816871599389447,0.2855499500585501,0.25753971269968456,0.24859991627826364,-0.009925553041658092,0.3385067748703738,0.03612373838528168,0.3279021380308396,0.012364965439232541,-0.2375377914293559,-0.1478174083289295,-0.26053439071454915,0.02097714472436307,-0.0008239322165747733,-0.25845830130829656,-0.29127801352762867,-0.2879828405887284,-0.29606754477068314,-0.31546009470504116,-0.34197336347971774,-0.17752449857280964,-0.46552874522129734,-0.13214203304467553,-0.24384152241770113,-0.0661012480729684,-0.2371728779726936,-0.050178150310118796,-0.40128768960677885,-0.26203133105826776,-0.45503591562666706,0.05293947426299519,-0.15487655199653197,0.32716163233045187,0.4241146372280121,-0.040982134003440744,0.0233076523835347,0.35737544850661984,0.6009047426960882,-0.02957919836296826,0.10969983692489492,-0.27704312982388146,-0.2625586320249034,0.17349699029811105,-0.010438397113918769,0.20937720712750194,0.22284533499662065,0.1767300884959376,0.18066883528316185,0.10884589526251222,0.13058944990859536,-0.091619724102741,-0.22737647656315385,-0.1719637352058716,-0.1929249883588473,-0.032491233399864275,-0.2156005829067987,0.11767313586811726,0.15821360482368949,-0.2707507265083682,-0.3156457853780073,-0.09995534237778414,-0.14078748632388804,0.19509893832715527,0.069546121314391,0.32812547311445833,0.2145453730026892,-0.020212550315144132,0.01271962921058296,-0.287258902979425,-0.14264027390448814,-0.2866336744213809,-0.27171526215473557,0.2938592298954446,0.15767143955029284,-0.02567629146814618,-0.09097240433059131,-0.15090073944544652,-0.13847518508988846,-0.25432969046987336,-0.18573306585441945,0.09258231923937149,0.041221705082531986,-0.24903332374212936,-0.17001130887881363,-0.07819219876817755,-0.08028256799430052,-0.19284939367399992,-0.19029039186788888
0.3063085240578824,0.018096961167517696,0.4263780246082186,0.160224090945009,0.6434117337840709,0.2310872360428287,0.5346114359711469,0.5092074952641299,1.0,0.687622099706325,0.5486235017481137,0.5302690832853627,0.5441873442862645,0.5123444255306376,0.4496321561763564,0.44479629101686835,-0.0807466420490007,-0.139831462253189,-0.12281481864551112,-0.16601732912772463,-0.1488299790949361,-0.17555097261209532,-0.028824846721218673,0.1973725532918693,-0.39593433495144853,-0.091789547226215,0.22682984016688487,-0.1648108999266963,0.10334312193619379,0.035441815568165086,-0.017389454733240592,-0.1540063686057739,-0.12248465177820086,-0.007425628247690245,-0.24064083555735125,-0.007817308708911105,-0.08408976282342231,-0.29310623822924614,-0.03642105696648944,-0.08638914554855075,0.07258524808661343,-0.15254047278865027,-0.21410724233703382,-0.2657571747066395,-0.20852971865082492,-0.33139557946830217,-0.25903044186721874,-0.28387551863908517,0.013919804684497664,-0.3222482308627518,0.11593146169561612,-0.13173682410963575,0.191506097199716,-0.0038492926030054037,0.15744374260062222,-0.26245831032499245,-0.3147604025247169,-0.36577656171441947,0.24735029439860545,0.10240295104291201,0.5187465132995461,0.46000610965989436,0.06297004116083323,0.0592569802802341,0.32059063903661905,0.3065016460670393,-0.18232789544912514,-0.19014781885863585,-0.21626034940148015,-0.14139955831921272,0.19826364960184437,-0.06126686196600022,0.08953954344875226,0.08211906152960752,0.0957217599204619,0.1928163067440268,-0.05472092083879391,-0.13605397207163852,-0.21460215116243175,-0.23342051520332432,-0.1644496367551472,-0.29513436762174017,0.1297160686496178,-0.19843603108297214,0.13539198068595332,0.07101985825105905,-0.0905603072283759,-0.1035605941605144,0.20923705297984246,0.12039794377799751,0.3559102871513529,0.24277332695251233,0.10509899860645605,0.11438450304670557,-0.17080977307746134,-0.2164017644242333,-0.17554285669607375,-0.18306486668055671,-0.11861038551317087,-0.09381303992596171,0.18750361875236438,0.04474570573416637,-0.1969667985027171,-0.10788035730809893,-0.16804635109910085,-0.15659216168602652,-0.13767191498701928,0.011471059222926669,-0.07379192257256552,-0.21105306017857645,-0.2620726688167701,-0.17974586121017905,-0.18064774970095296,-0.34803836727008997,-0.08329960025197902,-0.21867708576559056
0.18784378234562693,-0.2133258178036833,0.41778974392468304,0.4164106874522506,0.6947289584458659,0.5940776431685385,0.5034337821966733,0.6258385985253242,0.687622099706325,1.0,0.42798659534361483,0.4409838572594768,0.3915546610625056,0.3782737961545214,0.3317056620311363,0.4724592074519893,-0.243871817067753,-0.352821827621665,-0.14852117386753652,-0.06674669426328907,0.2098393463598852,0.05646838699809218,-0.01996664031848644,0.43473975356980515,-0.15282475434860956,0.21624126953327336,0.3752766244639048,0.03317668091578988,-0.11123872958932608,0.0020033267311117047,0.19257964482899764,0.10985612515776093,-0.16540562526179928,0.08329627567458586,0.040659471661857904,0.23351015719802187,-0.09630389318003242,-0.2219342079205499,-0.0713896288570808,0.010513349726024973,0.0914330880846286,-0.05967701492604777,-0.27353281761412357,-0.3045625170168001,-0.2815127457519391,-0.2824586211103101,-0.37258988600667764,-0.29961769433886964,-0.03898320785958109,-0.3864017242667602,0.022600322458614257,-0.18395596221649915,-0.08046794692989931,-0.12454925682270512,-0.016372740380887874,-0.3456069279228503,-0.30066135535889366,-0.4427368823281261,-0.063266725210141,-0.16198394255259074,0.309134787985319,0.32241741967979975,-0.21241634973679097,-0.21342992204800387,0.42872583225229394,0.5690124300202364,-0.13722628933130882,0.12990002728606828,-0.22455806539423226,-0.017639056841305817,0.13721761534063354,0.01690872545531286,-0.014658084393397336,0.07519655804543525,0.12421315300543474,0.23248778352579805,0.046077205613297444,0.1093101833703285,-0.23012564556834791,-0.350544338041718,-0.2991954763636312,-0.36325653074285674,0.14286974061124957,-0.1394641340776837,0.3010302788144189,0.2958435428889963,-0.011070162459777546,0.0983657492767847,0.3827631914257436,0.07022127865396584,0.30294245412619414,0.180349047559154,0.3280963665030532,0.16949039486091844,-0.15319925797639278,-0.09800980409776351,-0.28033112113514,-0.2550835412928542,-0.2968783761096697,-0.3068898989726864,0.20974224145580045,-0.0911860445659576,-0.11142311542626367,-0.1723913481098096,-0.18279662275836986,-0.19740272271022843,-0.14481391544774383,-0.0068097614853116556,0.0040508204975493395,-0.12558477396169804,-0.16580213247223125,-0.3371422365410965,-0.269484860482747,-0.19042557343375502,-0.1291661817126163,-0.07034687305285614
0.6772062620764734,0.07451700584789332,0.38488743960227695,0.04455195151969361,0.29449918458266844,0.0015648434553947384,0.46141946460063754,0.40389966573571445,0.5486235017481137,0.42798659534361483,1.0,0.6692185399496646,0.8166325410815818,0.570132936669926,0.5954001459534928,0.44894988728637975,0.1363009961094386,0.07552205008831765,0.12479307817315037,0.005674268915709369,-0.039400511455073915,-0.23869904708014011,0.005625446788919766,0.27566326606155467,-0.15792154474243228,-0.09520185273164451,0.12683128404081992,-0.13003113583540568,0.3799167729188795,0.24351946550714987,0.14435421539268006,-0.04135010537852395,-0.0649126255161561,0.09382606246203774,-0.16348727609923813,0.14832945574394826,-0.04571467393943311,-0.18276606965453496,-0.1587318132326189,-0.14032629663573523,0.1472822934140386,-0.02446275898436554,-0.5744823717382734,-0.6345457904226783,-0.3896075940603028,-0.6091601617843131,-0.5091206480787502,-0.6059115842829261,-0.022772202559080672,-0.5201649376304036,0.04111249928456435,-0.22953827193894125,0.1364497949633276,-0.021816946331905715,0.2993535574165274,-0.4121366187112872,-0.19382996273345715,-0.42000946915856036,0.22468793160417155,-0.09742816664315462,0.49195190614513495,0.32219242480625165,0.22909470830376144,0.11595145062095724,0.24538886346334077,0.24572085732763654,-0.31596616381782733,-0.3139572668854627,-0.2561117099871821,-0.24535999265244562,0.18946780474497069,-0.08077628710016349,0.29153453460073625,0.20350139495407515,0.2935223084423187,0.38005425571562457,0.09791093059755715,0.12144820519068038,-0.20230678935487217,-0.269582113246775,-0.05615426979905898,-0.19419383541773688,0.2572857184839091,-0.1251064198570534,0.26308147843832974,0.09020152882368866,-0.05685307172294828,-0.19743155237277346,0.24970881792132468,0.14404041546447768,0.4995628443483412,0.3850623385881234,0.17550615146919887,0.2909272746453632,-0.023469416966853725,-0.23257174862914418,-0.17440711340698611,-0.2676361382831014,-0.05394540701219923,0.05460407230614098,0.08381621283443608,0.13103426550278302,-0.11860949868659526,0.023415483360352114,-0.05804953746970609,-0.10281191458199454,0.0958054260065437,-0.042720203336454564,-0.004248180714602828,-0.19806250103083234,-0.26235550130678564,-0.14712994433543963,-0.02237692463990104,-0.342333854221861,0.019887970030765284,-0.16517776427062106
0.4473095073606129,0.19240165109057794,0.16974273791158004,0.11016801734314575,0.29706603567902534,-0.004745338057659548,0.36065165750554296,0.5885070414515237,0.5302690832853627,0.4409838572594768,0.6692185399496646,1.0,0.5320244106829597,0.8588904205500111,0.24574203830093574,0.5367255515936517,0.28225665775207837,0.2305271024947444,-0.14536564473440494,-0.17168675288185248,-0.029018643488730796,-0.2112283075228907,-0.26591300991865313,0.0281211212527685,-0.13763196155054605,-0.2138115040053889,-0.06388563380491719,-0.3158910086517857,0.45450751753962665,0.4888743986904064,0.0013880306616257635,-0.06813837629112841,0.016476672888451994,0.06391711073979196,-0.2888073107560162,-0.037995641875620045,0.2177701085594691,0.02614494748782515,0.021537123020150477,-0.17790284446680515,0.25974368284862703,0.1175102942304267,-0.44240844971962257,-0.4836410151199626,-0.3870559376850422,-0.5943869746642376,-0.31168604062301664,-0.5398980536092477,-0.2357771444993327,-0.5205785868564787,0.09528258344916418,-0.06557175592604517,0.31766257787956786,0.08702576238770338,0.35448186565504836,-0.27717962257083867,-0.35695920184851365,-0.511397062297812,0.11193356579246175,-0.11481372429278995,0.4857649267310987,0.5671581159504455,0.3369017254431278,0.4362061918114264,0.15341697637099527,0.2688422772151866,-0.24098467035956467,-0.321204927796124,-0.2805800600102242,-0.3690620833074715,0.08514069457386045,-0.05619887807447943,0.4526714584976015,0.24442342710071102,0.28092537211066937,0.19925088805494684,0.02854845403037027,-0.0035986092215763753,-0.18436335968633463,-0.14939772895265857,0.07460393891106147,0.00897117171006195,0.03212606778220347,-0.11070594031921764,0.3059882680937096,0.282150809239384,-0.10900562135774026,-0.17078483559780433,0.0106224772931003,0.24889941717688016,0.3094321196261954,0.01894056138359709,0.12886963245594144,0.03338408551149976,-0.1639289282262209,-0.0318784162858977,-0.19105544995803841,-0.15919783019957506,-0.05037721376384855,-0.07314244620865909,0.28970144003686743,0.18672680056368166,0.015920767088411104,-0.03837091246834811,-0.1378949938730308,-0.14022941906661152,-0.06792800824470242,-0.23115555958782977,-0.10622992413177373,0.014567370356318365,-0.4224617442474647,-0.2182750492506578,-0.04814623520557165,-0.17312537194095642,-0.10821155771580586,-0.2772218290386429
0.5386783729573786,-0.0041204109599396474,0.29543983197497087,-0.05850760677559247,0.17008775051347655,-0.02977025776609202,0.4217581745090076,0.38795453486132797,0.5441873442862645,0.3915546610625056,0.8166325410815818,0.5320244106829597,1.0,0.5235747833185801,0.49732109765287136,0.3418038382932465,0.1801644714472863,0.16687559039382374,-0.010280451372355658,-0.12152536263803214,-0.113195360559409,-0.20614938051266535,0.016642791979538107,0.2414956476925602,-0.1250982464197969,-0.03362601512256135,0.06367144909998373,-0.05989569727644312,0.3359053380016943,0.2568553524412413,0.04674067278083584,-0.05016987871304693,-0.04263291875444703,0.02310624173094192,-0.2377329005488951,0.12322167064720946,0.04120797875291551,-0.16509553571609153,-0.10066794514195834,-0.13072634476392006,0.16252706460265118,0.022923634931651157,-0.34548562560141044,-0.38564698939336306,-0.1661648802460451,-0.38456495651642514,-0.31334586325312963,-0.37033712504824756,0.06065832446890659,-0.3182491454834557,-0.014794862916026245,-0.1923417795988862,0.08205515541780337,-0.036029762279526846,0.1898541343554072,-0.2224647831111617,-0.10897644217490013,-0.2999549629129209,0.2615245061275596,-0.09715041676385115,0.47968275643496083,0.2382786310634001,0.11113969205616353,0.10084434659017041,0.1396058505630142,0.13805008116778772,-0.2621208674154927,-0.3667600981264588,-0.2267528038220554,-0.33560171028380925,0.13214553084935687,-0.133187664388622,0.31819447013305857,0.1612204790808468,0.23354083507054277,0.26420146868973043,0.08007229727689874,-0.04231929541346652,-0.023087951510065662,-0.06918737327192673,0.0004578782341846993,-0.15006638639326111,0.28110196413212285,-0.09635857268186682,0.11620792280504884,-0.07816352891992627,0.03640750918449161,-0.19415509480748372,0.2426967396530448,0.06694764032366045,0.3013075683892297,0.20579572766507753,0.02772748563724384,0.14553719117398237,-0.030044473321080567,-0.22282444572235713,-0.07190368245274248,-0.1404504491781655,-0.1058609171039152,0.098454497295041,0.007555654374006042,0.05206852349778658,-0.19718776016259568,-0.01779827571954023,-0.06103733088399102,-0.07318420608729442,0.03815626439190698,-0.07310731357962853,-0.005143045071343303,-0.16526290487381515,-0.20591366233848776,-0.06786622815191896,-0.0733931647645629,-0.2360836377619562,0.006316386473341195,-0.2045566886955506
0.3826575284976979,0.07146233634963309,0.12994749937261627,0.08896349702504965,0.24982338077229774,0.02391015216932121,0.38092953191927204,0.612039881021419,0.5123444255306376,0.3782737961545214,0.570132936669926,0.8588904205500111,0.5235747833185801,1.0,0.17544760421669037,0.5028338311576177,0.16995619879862658,0.10086776964276069,-0.206878228806228,-0.22251519022014526,-0.1454161168261396,-0.2350800402629688,-0.2118869505048219,0.1217356342538134,-0.14806598165134133,-0.18102375913351623,-0.04038365152049161,-0.24196311993493574,0.3198336407642349,0.32631947103973225,-0.10778248607710667,-0.14586498004414827,-0.058175862589217545,-0.0471330381043624,-0.3293539474170502,0.03930203955121334,0.0659952951187936,-0.01551307921179641,-0.0410142173251355,-0.23000694459868312,0.12685088202290384,0.005965647178225459,-0.2300716390876612,-0.2929688298807422,-0.18721235932894043,-0.3784386391015529,-0.13801246570144607,-0.32863034525225726,-0.16920444102613416,-0.3422612010120969,0.024175915627331585,-0.08223648739881455,0.3525751315009452,0.1510047186296225,0.3985885401315457,-0.16539731116886455,-0.28351159853434765,-0.4684410883225636,0.2747791864010799,-0.036920373792366956,0.4771188961590875,0.5331063726932153,0.26466284891240766,0.41269424684367956,0.04998532027751782,0.21203779031197117,-0.170259433381457,-0.32483900496973406,-0.2697860530008592,-0.3490435554297123,-0.022897632607582964,-0.1492986966246776,0.27673745194207205,0.05842781710510799,0.07331719999653527,0.0688148741970059,-0.08723200276511847,-0.11822560916431776,-0.1404646032533854,-0.16256482586589718,-0.011572236829434217,-0.009838753514263554,-0.03335355263354661,-0.12548175503359457,0.14744521449967535,0.16256153160653336,-0.09196921786817472,-0.18443687273148213,-0.07514310687325992,0.22540336329344074,0.24120637239187798,0.040801455375275845,0.19361284952895633,0.05599896813501238,-0.23206649129625517,-0.04488859076193729,-0.07572119754678334,-0.13846888323012302,0.01794711695201362,0.009835658676035159,0.17741231471018362,0.14651108357525414,-0.015267390454537986,-0.09856408221118128,-0.15940384968647073,-0.2031339581130515,-0.1016756911549067,-0.2358370550346854,-0.041250316731308044,-0.04558311429228034,-0.4074626763068077,-0.1567251095526033,-0.04448696205330878,-0.1641941095653514,-0.08560923007950424,-0.27975802730121657
0.340799116268887,-0.0980834610348783,0.2870468721459221,0.22319875003547848,0.2587426483720229,0.13006323860965086,0.21792931951035177,0.011450154650354136,0.4496321561763564,0.3317056620311363,0.5954001459534928,0.24574203830093574,0.49732109765287136,0.17544760421669037,1.0,0.6157657192189113,-0.11804432154385082,-0.0214680889236098,0.22468354931716547,0.045182938874966626,0.02667119734083258,0.029564031614879065,0.5110113418907414,0.4168190231261748,0.0514682564373526,0.06562659481473776,0.3897511854665273,0.2848824852213625,0.2775190606162893,-0.06888263368410812,0.21521332102146962,0.021860263530996085,-0.12764599569482057,-0.13853129761936206,-0.13751898189114178,-0.16228672227857854,-0.23972156185955532,-0.3367764714422755,-0.03980325110860594,-0.08206380158344152,0.11098854431778879,-0.23171101331782992,-0.22192601772783302,-0.2633915179470909,-0.22665370195603815,-0.2598294552026777,-0.22159097482088666,-0.2466690076720007,-0.037747278084600065,-0.2878043506482974,0.06354905108891687,-0.20085816994642094,-0.13236132510422044,-0.04895904476924897,-0.00034463784393961195,-0.11852693818759144,-0.09322193044599165,-0.16385039597206041,-0.001516807005843224,-0.12600155329843682,0.24376887686331752,-0.029974955208190917,0.07128804443405931,-0.20894570598245896,0.338676197692589,0.10624646442064753,-0.287885049238622,-0.27960916890694837,-0.1297898954925861,-0.020326139818911088,0.07336098310390879,-0.017859616430955374,-0.08700271418930595,-0.06349795200074032,0.08031898774321009,0.15501526243807817,0.09446796458269272,0.00965302230535299,-0.09893835345111521,-0.05170302364125317,-0.15753947275599928,-0.21501590542971533,0.4233790925768234,0.20046447730260475,0.3720174716556684,0.20563473866658954,0.16009143357045294,0.05495139028157602,0.5719987273782616,0.1324406397897662,0.16285716816542115,0.20410174872340325,0.0058578757978426585,0.07376159696454189,-0.010144054915200866,-0.38278275239101217,-0.004109447184534122,-0.11765325711539418,-0.031109474499371566,0.012878649776686072,-0.1742356797536416,-0.15133698801298906,-0.27916956007411303,-0.1875769076851402,-0.2227319694973804,0.10173472453484131,0.04913472774257025,0.02876282090448642,-0.25821020845439363,-0.4030295791244169,-0.1071790711388994,-0.1269006363316549,-0.27171406160810513,-0.3885329535681842,0.1387458194551558,-0.0988676363942368
0.22019725667250784,-0.0398532971430411,0.19679061814689397,0.3687211524259193,0.40093333538823905,0.17788854275527122,0.24858167506258771,0.3242751535032679,0.44479629101686835,0.4724592074519893,0.44894988728637975,0.5367255515936517,0.3418038382932465,0.5028338311576177,0.6157657192189113,1.0,-0.10131184689535838,-0.002812600121414754,0.020820461804401728,-0.07464278748952924,0.2835344112439891,0.10889194512187018,0.14437570959597812,0.3722634401701305,-0.11437605456946706,-0.07555930977948479,0.32075143868478095,0.1404946616879159,0.1941556620476579,0.07780237414469811,0.004659111310907514,-0.07034638843128911,-0.053470732848162957,-0.09275098681501584,-0.18294913582701514,-0.09724778579066368,-0.029064271324498493,-0.0863873020044663,0.11343171268511887,-0.10389945825806127,0.022939005158316005,0.05714202690524378,-0.15310750440207493,-0.23277948270571175,-0.23112180685695252,-0.2955960938252568,-0.08595945111461396,-0.17755203497275335,-0.2611699591008028,-0.37130837580958315,-0.09262974131853349,-0.2701202421797186,0.08533094695259376,-0.016666321411287394,0.20383865441079596,-0.1145697117133157,-0.2983106919387849,-0.34084388104487495,-0.0010687462005110903,-0.09212144120746911,0.3272835152441997,0.30075462682635185,0.22274261342345322,0.0786214122590049,0.19925043384346117,0.1305933993079988,-0.17584120369040718,-0.28136729914934794,-0.17149290482429366,-0.099037513555108,-0.03620753723753721,-0.016703299600907738,-0.04995430735649372,-0.028236172852302094,-0.04574873126786811,-0.05749829590290406,-0.10582060884271227,-0.08416574252518245,-0.19355777668114568,-0.20574271130381924,-0.15290846651027099,-0.11863407260879182,0.043776961526467546,0.2245248955481749,0.19083189370675085,0.25241656320742245,-0.00041651644349195244,-0.004848596578358752,0.29168875503326125,0.2312181713819663,0.23853115779421466,0.06786158603003685,0.14991722889822517,-0.013967412376260781,-0.2545968832393564,-0.10023066805304504,0.015523554273305476,-0.07062093880826374,-0.04730113365472623,-0.07622308672122184,-0.0037331470033034257,-0.05689831686028907,-0.07318471056773977,-0.026352511269887236,-0.20537271260767165,-0.04369812529992945,-0.06299704075999955,-0.09609423913838398,-0.062156476572135466,-0.045638446351461706,-0.1073427998064795,-0.17779470203233855,-0.2141606439994368,-0.11297316891348257,0.0009148771721588304,-0.13849966652234436
0.29987268376391985,0.5393541646423405,0.015019198677255189,-0.3081593859645954,-0.23493278840773052,-0.34876707869480644,-0.13505596072708026,-0.12027000587142857,-0.0807466420490007,-0.243871817067753,0.1363009961094386,0.28225665775207837,0.1801644714472863,0.16995619879862658,-0.11804432154385082,-0.10131184689535838,1.0,0.7103831843016228,0.2358887418684421,0.13618995900672512,-0.13027337779645679,-0.21290416976766413,-0.38015817575858457,-0.4560550257470863,-0.10099071977131521,-0.34000430707715834,-0.2006110202473023,-0.24714309263931422,0.5817412784715736,0.45885352656283396,-0.06969965196588637,-0.13857250659552856,0.4241203373128937,0.12924888032243423,-0.4400656764336907,-0.4127208261979368,0.43797036402268225,0.13106861455606447,0.2829152820533049,-0.019015280643717856,0.4047984290221497,0.2767305012540819,-0.18394207814889751,-0.1413528344250961,-0.13725394922823198,-0.3746236636995895,-0.05626389597942327,-0.21957334981762675,-0.026248757858908178,-0.08693635391591016,0.011902522051901456,0.07388551837837234,0.31911073124878964,0.03529055143203752,0.1669459055168811,-0.017979638574159556,0.3145685401612787,0.25338310542566705,0.21753610952560937,0.16644685004971732,0.27328481482970907,0.2614920185031727,0.5149052963552346,0.5577871944463181,-0.22172531251717414,-0.2767787696092597,-0.0014167502424088556,-0.37114565887812045,0.23181501425583886,-0.0901098787863832,0.08952518294248615,0.09133467392156808,0.6133228552813327,0.23610880108483717,0.3131318128964918,-0.0011959994100579426,0.1768592586196827,-0.04067326800147564,0.3495691084307304,0.49969710486234614,0.6183485986212941,0.4413113103656861,-0.1284018319389174,0.05464845584389465,-0.10097432191702516,-0.2077511852739726,-0.1830996259492436,-0.18840681884261476,-0.2685333897021245,0.03404703709655867,-0.17069050694467466,-0.34736327562677954,-0.5422180200581939,-0.5180820420537047,-0.0643855838710159,-0.2588774254437154,-0.1446585730943794,-0.024932819373116807,-0.1421795473214642,-0.011221387743891368,-0.12181957850421626,-0.0006175944105461988,-0.06609120122436592,-0.10112602615204323,-0.21479682285977006,0.04101718055913255,0.04703757445957559,-0.05322619999552064,-0.1982487352958382,-0.12134187237512019,-0.31787451574804504,-0.13640917105958777,-0.13146607781416766,-0.24183837758477794,-0.08761499099268515,-0.3124795349592492
