1.0,0.23159364995950635,0.2371747264056554,0.032797436786119516,-0.13426288424557326,-0.14848096587404025,0.4077057426871485,0.012077710996137666,0.08695931764658599,-0.07857531631323197,0.35641156772324695,0.0741444244103928,0.33271041959001696,0.14516688570619316,-0.0009953540077389416,-0.06450241033308349,0.11574345274229525,0.05872797488129901,0.19270527814057997,-0.21754852364621388,-0.05581605896350786,-0.005523930717685297,0.25257505262385854,0.09649257336059017,0.1130710259306913,-0.04058271222232365,-0.07962052695844435,-0.08489681072399517,-0.07948811046096008,-0.033389204882638523,-0.08098234725587788,-0.0962835217832554,-0.032621922336322974,0.02325337201134049,0.07614337820683684,-0.016855456610365655,0.11480785807670581,0.23739721014661824,-0.024791556723108125,0.17734634429194832,0.06673420262435423,0.14557192327859053,-0.06481096808984532,-0.09079841091940535,-0.24085873534085692,-0.3024471731296937,-0.21443174370525658,-0.10316552459225443,-0.048809256462482076,-0.15956065618089094,0.09683468797794123,0.19660761378520672,0.15347876540684788,0.14444015809116165,0.16277772717014222,0.14242905863087885,0.17980312785363337,0.09100856921181218,0.11455013941294316,-0.0005958873606170569,0.1586143647074806,0.05213041581148027,0.032522852098370275,0.08690902758865159,0.022989179975851787,0.05030737054228976,-0.03397447805514793,-0.3029282784386896,0.20099190827214314,-0.27059471457009393,-0.0719400769655411,-0.1963932572253641,0.10537185754467143,0.18592981857751698,0.26840252362898254,-0.026014404598230338,-0.013223724395607985,-0.13377149298802224,-0.015480166449210898,-0.21618783927838311,-0.1080589286901608,-0.1129986117695768,0.01597964157567329,-0.08451997686132748,-0.02151519425478046,0.13640596933309174,0.08623357335075958,-0.14281402133199275,-0.038736103228517144,0.27268180324501173,-0.3017334096433101,0.019837846966072492,-0.024783130670387996,0.24775811746913518,0.18596095831777454,0.16228563021620157,0.049727870248766,0.07982167812235166,-0.010974509581210892,0.2437275793144828,0.18408447046469126,0.047493682843229974,0.09827288228187783,0.2118051934549077,-0.093643125257914,-0.05237579820982375,0.038336939473222774,0.11406982537077805,-0.22762395052055442,0.08806692423503847,-0.13850543778482594,0.0170429365345132,-0.048311675303866715,0.14117414888791432,0.2178880814466166,-0.15115944256969197
0.23159364995950635,1.0,-0.3004038447033074,0.18795700234735768,-0.09981980850228026,-0.06869420825487943,0.003462005664915877,0.1471560454734457,-0.22799805634006676,0.14204937244111057,0.29937795578640536,0.5245451675670779,0.3598207722584216,0.4433160602230688,-0.10959010430750497,0.058498353620285666,0.2751710463661465,0.3152470684332243,0.0505747537012812,0.1479168688814837,-0.4184374176471156,-0.20352428670647046,-0.20396416852122787,-0.15989511038609563,-0.3291336695442361,-0.1937205322876294,-0.23075475777437648,-0.3529334948533078,0.07720990790793185,0.2910399978378334,-0.13366243732621672,-0.26176037597178653,0.16763076929217913,0.1994263769995044,-0.19021717316417427,-0.19616242865471092,0.002021071478913266,-0.00017002802521938956,-0.2810275364109374,-0.00690642201589917,-0.18451845963205268,-0.05122119540504981,-0.07495867322904343,-0.18999639878260685,0.013864036045388186,-0.224611497319162,-0.032268938292321823,-0.18656662358215403,-0.0013703416012105717,-0.08137059247155697,0.31295257649682395,0.10748437248844167,0.11717951685049646,0.07140689229767068,0.0008121734268106939,-0.07509154157456528,0.2201722849301799,0.23640160120444365,-0.14307953387166958,0.012578823411351511,0.04060739409131547,0.36715790999950393,0.37393867463120845,0.4478005097719471,-0.08848753459935542,0.008753972144916994,-0.12368478648468746,-0.3113898458687345,0.27064935549316704,0.03593525394955228,-0.060672059348166475,-0.0393143439230833,0.14987086611767245,0.1399345727060172,0.05018168838930002,0.032670898091905584,-0.18993938132272323,-0.17935907639029197,0.06774229735228234,-0.005582616106853492,0.18460094566055685,0.22509789901201474,-0.014708143898961962,0.0730693749075488,0.372893808182503,0.390264138683382,0.030300784557463312,0.00013383321656484275,-0.0892877285986896,0.11194266359476651,-0.23887036971406755,-0.20152079539407902,0.05405996223037817,-0.27236118425278966,-0.03953897436636334,0.008524698756525565,-0.28244064557509546,-0.010630534986509878,-0.05555286448139437,-0.23316625408482097,0.25593766415034197,-0.35414924258441133,-0.052349574353942885,-0.37064231836744627,-0.12637899686639248,-0.24438981837523158,-0.1266561720913892,0.1941422426734147,-0.16624626243697738,-0.006060578619177888,-0.26150115425886705,-0.16540264335406524,0.010576296791006783,-0.18683851537424911,-0.12718676466619913,-0.13360259473024605
0.2371747264056554,-0.3004038447033074,1.0,0.31637265775767537,0.25809594524396307,0.10076641432020411,0.6602563175151052,0.37414410773847095,0.5219361070045828,0.0700378065908812,-0.3472801511637254,-0.05551883898383186,0.005065361399230499,0.04025705931804219,0.2349901351985466,0.22374943898079452,-0.46313152168399535,-0.35988355402034095,0.16198477175254297,-0.18699605930668375,0.2704027996766147,0.10577392675774416,0.5274312123061411,0.593178587129508,0.49899396584388417,0.18098064983366421,0.2161294482176783,0.11508176097608558,-0.38637422141250277,-0.08803821296592909,0.24092943748963902,0.34502814360137374,-0.2535394941163413,-0.10286185268758931,0.22093368845813566,0.2944592246707386,0.2930145693410715,0.3347673121224487,0.3875538225869044,0.32219716075554894,0.2838196109741038,0.4736279542477872,-0.32877860011143056,-0.2673082770321788,-0.37057801894299214,-0.3023451944978874,-0.4805993939666222,-0.26076633500517726,0.023029709845982446,-0.24317620338353474,-0.20127631854747996,0.00482294093941615,0.09501823178258172,-0.29315764925991966,0.15798316867307066,-0.28778814241202155,-0.4996510266480562,-0.5018517826056595,0.4202834860727302,0.07282102819111935,0.3724227149878221,0.04390975875123792,-0.26323035021660435,-0.31825231508935664,0.48307760941230216,0.4858685979349013,-0.00019151427955635603,0.32970945687539377,-0.44651217640442026,-0.4209245216215776,-0.11606557760903713,-0.09272488669815425,-0.03634791410144467,0.3326910133061068,0.30359630666103526,0.11000265585561748,0.009817255610854357,0.06773525356553896,-0.4420096407303709,-0.48494262689251844,-0.5156325119567343,-0.49989890261513187,-0.1423096475640769,-0.2235176331475862,-0.4117585380029653,-0.21658607567508908,-0.06616489103681628,-0.10619567846600723,0.2381402987653882,-0.034775430873952955,0.15622120347095242,0.4140199665147922,0.385077250496507,0.6203262468279284,0.1448022701611745,0.19723585333503893,0.09882180685126009,0.1477342164091246,-0.17790301714373682,0.2009267263820309,0.04342679345295097,0.3301261153396833,0.2844246399010304,0.5002897066140998,0.17737596230935973,0.2587280562058122,0.13753343495971196,-0.1917109397662526,0.11126316814033542,0.025623604863251572,0.373230057171172,0.3176550481126812,0.3311955913216228,0.371657840403398,0.28776274063554463,-0.2158027683904412
0.032797436786119516,0.18795700234735768,0.31637265775767537,1.0,0.01716756661425889,0.28667040464821236,0.11735262664555551,0.4770077120000339,-0.10150347680948915,0.15231640883738645,-0.11565035393638169,0.42626161907275395,-0.0883002033068151,0.29230316642931303,-0.05735513143283832,0.2669321577117794,-0.23728781120875303,-0.09529936706238527,-0.15788766735369503,-0.02804568665780878,-0.04779477564685925,0.1223725479664183,0.4021212453604033,0.6225804103370406,0.29100232865799086,0.4202719184806949,0.044016372178256734,0.1145363951844013,-0.1703157613425815,0.2168346591045684,0.215802857338314,0.31880046618558117,-0.17160280681009837,-0.00565526415123471,0.18649199013503473,0.11467535245954488,0.1209837812769654,0.09295347718739444,0.15814396184794588,0.1622083767808764,0.06063433138808048,0.21932661534432188,-0.3020287282646799,-0.2800147138309221,-0.29784051065967837,-0.423910007084981,-0.26931594520183794,-0.27016316167159016,-0.10948586912403811,-0.3622641178895957,0.06301557049880684,-0.04448965653244902,-0.0030968796134900503,-0.1952258827480483,0.11444615179021642,-0.2974166436965704,-0.3288876287618445,-0.34895082799764415,-0.3226707473484921,-0.22427406922941767,-0.21175495716347698,0.008046630500876005,0.223131362910155,0.14414323832057424,0.46291927516251263,0.28498488634048713,-0.42453717254755546,0.16518031763689636,-0.35650923893306624,-0.3756855267736444,-0.14086084215181124,0.035153811181656086,-0.03434992549004082,0.27865257310640695,0.2058023343586629,0.0903403918740649,-0.056924214633765166,0.039349708320329566,-0.10403846847066996,-0.1452747277542746,-0.15135446754822854,-0.09047715478358255,0.1097650621555588,0.1706349983652342,0.0792916139360288,0.283846500217581,0.2835273468795395,0.31492879095095105,0.28523916178880937,-0.13919286601930603,-0.005982262385360553,0.018675935084454268,0.4385422587268076,0.09306528393601125,0.044655041235565206,0.04718316347559828,-0.252913118595453,0.08569042113782534,-0.17873161650958497,-0.21382408988657572,0.15220529630251914,-0.056278275468515084,0.09245644161256551,0.04765214795135431,0.003651926479744213,0.07458354340581341,0.046378052689063774,-0.0337029695705865,-0.11044368435277536,0.12065130079877676,0.20866402006220763,0.11877645569458861,0.21881532075508955,0.09388756079689539,0.12861052072227735,0.00928003479901433
-0.13426288424557326,-0.09981980850228026,0.25809594524396307,0.01716756661425889,1.0,0.4095710931134803,0.31885235974321413,0.39308161199055897,0.45982256583855097,0.46534453234566525,-0.21361815819389904,0.17836434590082612,-0.12688665851421543,0.10458126986191166,0.3435340665115775,0.3774164045334743,-0.4163230767521114,-0.34260584691931795,-0.09611202607207191,0.30979467328517907,0.12108120533017493,-0.13077956238322147,-0.06257214477512982,0.36897802098731897,0.09533480389616532,0.15520735931587484,0.3959824405997948,0.104918584238067,-0.13680598282549145,0.1612164967193202,0.23745182951407406,0.3580325477562371,-0.25286788709852315,0.0244444220486515,-0.027592891108927688,0.20488480390744884,0.193510257470017,0.06488908802236192,0.21157775683471533,0.07085577944537853,0.09354602159663221,0.432748346000536,-0.33118539884045534,-0.34295917653863445,-0.19503316091189443,-0.17629192049574097,-0.3329757192021126,-0.4007141741214289,0.013576883297278646,-0.20523944263479277,-0.2505594929761215,-0.22824250563407716,-0.22791711060251751,-0.32102826482820324,-0.06939312556265001,-0.31131207580202214,-0.4422946651110651,-0.46876575766756756,0.10454106587743171,-0.17370711145728782,0.11373372863748445,0.2220166103014191,-0.056122304830370125,-0.17424216209904314,0.09798427107359338,0.3001531366284056,-0.13777294284662944,0.1990908555416009,-0.37349144835407927,-0.13096411126623667,-0.1047912477852084,-0.09513180898906871,0.06303521259171478,0.22548627423223488,0.12934199146330286,0.15268042598901616,-0.049041506722491614,0.19855244825447796,-0.43604333505824244,-0.3132586449873815,-0.30002225197290266,-0.26331665455246567,-0.04332445538704485,-0.027753530337265086,-0.29637580787815615,-0.3181577691855284,-0.3300487761644396,-0.04033506590171548,0.11905425940345556,-0.30631973397366014,0.37112985901331347,0.4518700859400981,0.4408694805615799,0.34510745074765864,-0.06949347473373044,0.0020141297629970704,-0.2594453995022478,0.14990540885104767,-0.16181167061489735,-0.05941125191979333,-0.04433322269300217,0.24262760938719358,0.28604432842708877,0.19057865949108113,0.21870563828043324,0.30612965153913113,0.27949964889939016,-0.41803204750902756,0.15522892302751198,-0.10943966521570998,0.3468122408855888,0.3954567701508713,0.4495745829193457,0.3586739887625543,0.08397948177701911,-0.2542719504449288
-0.14848096587404025,-0.06869420825487943,0.10076641432020411,0.28667040464821236,0.4095710931134803,1.0,-0.051701664105465,0.18533797666504268,0.026924666873740278,0.24420934187094007,-0.33298390506391784,-0.011228717915036894,-0.28048565142073223,-0.024451739086927004,0.10940990427472523,0.1474354444440291,-0.2930388943047579,-0.13514846814039116,-0.19132868853875462,0.00607705212419535,0.14020601230093457,0.047170787582723105,0.12323044772837215,0.25679802380074307,0.31129579729492146,0.44024510471564454,0.4833360071814485,0.46978329904473853,-0.347253384439664,0.03535257454958472,0.059214719473310945,0.1550646039962452,-0.28640657364080324,-0.08881915935697615,0.19921393912711058,0.10180630660472559,0.005119105796205495,0.07756839454455129,0.24362780274246043,0.16761656259885424,0.09478303702864824,0.22167883818565814,0.017639375884463612,-0.08164616965064456,-0.06415303451233553,-0.11123778493019894,-0.06266635969914587,-0.11883243581245923,0.07032771186204889,-0.19752712775436873,-0.07875699651553028,-0.15932495313465575,-0.0905258713284463,-0.21324663691294657,0.21620773332658977,-0.08009141030939936,-0.26762296906132843,-0.24744485600921973,-0.045663028335458294,-0.12823531028913693,-0.09514219163381822,-0.15909667557569362,-0.01193364752387409,-0.08278760839586041,0.08954578535154034,0.013674239777005822,-0.2090777705013323,0.09864474058100814,-0.18302341958154325,-0.18187296720385449,0.008363151459685208,-0.021038921392311755,-0.1013775474516159,0.12349983119062842,0.07530290460929909,-0.04872130769855102,-0.0905297653365929,-0.002467589660760073,-0.24545861707905162,-0.20280826504508348,-0.2425773423460558,-0.22309408699948535,-0.10299646615457742,-0.12869814306424784,-0.2136288210257561,-0.17950868545057036,-0.1202088321815057,0.25756481083321675,0.20113682328071922,0.08088906161579774,0.2730279636935009,0.3247521765863726,0.2882924529128188,0.0962007518831916,0.10017209875930763,0.006729840783709169,-0.042743683987757394,0.07646849082217713,0.06614893475368352,-0.1566373254743385,-0.05210654054949714,0.1869228760684141,0.011359641542770131,0.1269963337153266,0.13219179360210073,0.19973155638922532,0.22070483046882283,0.04636926778326909,0.10307448467518085,-0.06046116003248143,0.29557064556407364,0.2728574757185364,0.07192335652546894,0.31935167822835686,0.13323017996700212,-0.18221199616398906
0.4077057426871485,0.003462005664915877,0.6602563175151052,0.11735262664555551,0.31885235974321413,-0.051701664105465,1.0,0.6216580931161472,0.39528364268715355,0.4569515940196207,0.0393779374679584,0.33597763898178573,0.41334649684485325,0.4567361130138675,0.23337697435295848,0.5255237259067089,-0.2896925281649691,-0.2018008114680228,0.00581851836323191,-0.12203755560365706,-0.003012107332493597,0.19576872220041408,0.04666041200679261,0.47465538289556136,0.22980379131809756,0.07269595320040668,-0.029561322368346642,-0.126331520692702,-0.06058376988006259,0.33397901581737993,0.4590659433128796,0.42684242603916517,-0.2180466750753903,0.0506208651960626,-0.10578936427000338,0.2418726798539656,0.4983973460341223,0.47607061247727867,0.03707528003741683,0.3173636814666948,0.3318027946951301,0.5139835761345611,-0.4071895417980021,-0.3710927550456877,-0.469517923909752,-0.43805059867763707,-0.5044944588270971,-0.4100711721138974,-0.16371684638706172,-0.42000201946011106,-0.23656340280197277,-0.21920246253425496,0.16129453706589733,-0.32920678620250293,0.15550295244167822,-0.24159757311982757,-0.4091555409046312,-0.4632320397312673,0.19303750474842082,-0.15231665879481665,0.43985062900667865,0.4367906194119777,0.08043051409008263,-0.06805814537934142,0.1802255399956371,0.5720524946036879,-0.2388196487179096,0.018889563943624264,-0.25690201973293825,-0.4669983668985462,-0.13292198050802986,0.05466705804815317,0.23765648054329866,0.5085425421837042,0.38810099794757413,0.276051267739404,0.17990269910188691,0.2129406423858445,-0.31204940955745875,-0.38128793811084283,-0.323393583104009,-0.3131490700031491,-0.1678478680855003,0.03292995651217226,-0.23225886809255686,-0.174197025612656,-0.25781017069284096,-0.25820880719042355,0.18539235497969445,0.043130507755737235,-0.06860420496975757,0.23135482749330757,0.47982012665977436,0.522438017487057,0.12089373215241393,0.3721014386437328,-0.05514366076694316,0.22696932924804167,-0.2581969368251347,0.10433459235814481,0.3565374943996967,0.2553871545613841,0.35344383675213836,0.361084548329196,0.07329833355352883,0.14269082378092154,0.013530244812861768,-0.007953388530796792,0.08293875006984039,0.16318219995691563,0.19833071764230473,0.1968028199913829,0.33663388211966955,0.3298225568192381,0.2855721414226395,-0.1584998648609635
0.012077710996137666,0.1471560454734457,0.37414410773847095,0.4770077120000339,0.39308161199055897,0.18533797666504268,0.6216580931161472,1.0,0.11197909119214665,0.7030221155778701,-0.057633461181226746,0.5787840747750416,0.14879597203874623,0.642736470625454,0.12463476057737641,0.6276100807682189,-0.26633024099422264,-0.10826734616184704,-0.19319625205027277,0.13153908169678205,-0.08949841052227298,0.15567979748649402,-0.17134883580353638,0.5120380346915863,0.1177310086650627,0.18287158023194025,-0.044938628788651874,-0.0669332953663778,-0.004605059232522729,0.6190679439620224,0.41689415874869057,0.531866906235259,-0.2952956403328999,0.0532983275417733,-0.21700205509123738,0.18663372191262242,0.3470303219726596,0.25900996218141437,0.047628038133817774,0.30797802860696744,0.19756183972142993,0.5459819218952882,-0.5496689387991114,-0.5249839456435011,-0.41592249040298795,-0.4924735369318559,-0.4511668168037375,-0.5293968617387932,-0.20931792081899786,-0.4609215495012994,-0.14268950086349363,-0.17659847444377835,0.18959449712356102,-0.3424259034722158,0.10911425326929304,-0.2909886551537406,-0.5525485986622282,-0.6367318206020748,-0.11301105033690581,-0.18235358343968344,0.12015594647286516,0.5678972814515838,0.37075955832167873,0.23014012832870753,0.09699996653094707,0.6041862583013873,-0.4165614370524182,0.08819594537172766,-0.512471963045536,-0.5475334251558829,-0.07097953623168707,0.21772906943446568,0.2918258913132044,0.6267078215220279,0.4096252975882703,0.28756049938873923,-0.04509768816961023,0.12981613918976054,-0.17758682283999103,-0.23693817223369856,-0.1732293282160459,-0.10780553756254127,-0.07816151153125887,0.18462030146622158,-0.04725122883585501,-0.050996696922881245,-0.1722578122953824,0.010852970223001059,0.23666432154434683,-0.06628601928611201,0.11153408100489792,0.14719254416190097,0.6514452179069198,0.18743248399825557,0.010078195388189607,0.24992208833132762,-0.29696805651265756,0.20995909402941587,-0.20858561627473224,-0.11989846347977112,0.37053637590426486,0.01998041569781754,0.2863324904408601,0.06261461436252548,0.11057713706116754,0.15889518888252877,-0.0038327888183619786,-0.13542664412082855,0.10289817875627001,0.11622414852895667,0.1284826912885276,0.2091687047012471,0.38927480946686227,0.20000340823621512,0.10496290018699472,-0.04576430528823637
0.08695931764658599,-0.22799805634006676,0.5219361070045828,-0.10150347680948915,0.45982256583855097,0.026924666873740278,0.39528364268715355,0.11197909119214665,1.0,0.09137128365911117,-0.22595261351458595,-0.07098015963492484,-0.0358687354193786,0.001876730899516932,0.5468987157539712,0.2991910737389207,-0.30899365621215513,-0.3630974627747737,0.12023734228411828,0.1997310730623396,0.17749943802316095,-0.13047649876718553,0.20011804214490733,0.45447600487526757,0.14502176997779825,0.07076757245751991,0.11852897803919853,0.12213381614617505,-0.13980714835537292,-0.09551396168953252,0.06790363069145268,0.23656254567068608,-0.19602060399339682,-0.010383432816797227,0.1670359620232787,0.4036567767503034,0.23726899973529594,0.24839752152945874,0.3096259598600558,0.1291691273678679,0.25632344060769646,0.39066144413955417,-0.3640485215279164,-0.3244927133485783,-0.3569553685067039,-0.22916948544020266,-0.4715990349561299,-0.36649701203880025,-0.06540509590660715,-0.2268623146118471,-0.3801112005391487,-0.2233717893113795,-0.1509043806811449,-0.378657144108808,0.058690479086247097,-0.3577113995373514,-0.42826778103233054,-0.4280873225455306,0.4519437396974116,0.00882679529459211,0.47571058769871394,0.08245695960217111,-0.26499605574972496,-0.3886155060149534,0.2109998700167368,0.3137342642520965,0.073770758151069,0.26817839307037256,-0.3608371471393913,-0.13723347882020348,-0.08144051524105583,-0.20970799059150913,0.02892958633174706,0.15905330393641107,0.15696155965185715,0.12695282359413576,-0.009647439820118536,0.11378338559605092,-0.37620924278774576,-0.38557608396501153,-0.34414250098482774,-0.34010327478965446,-0.034273011581646126,-0.04484545877998837,-0.4358757258523555,-0.3447990758337793,-0.16030076577741698,-0.17618444610231845,0.18657480134319274,-0.28250199162530865,0.3684801717540313,0.41383359773694484,0.34236085426175367,0.47828921669624264,0.08125672004552985,-0.08905235613273478,-0.08382493676996067,0.12945501029053672,-0.26258562768809623,0.12005681178873812,-0.038676019089717247,0.23503582097010453,0.2616625203615186,0.37107071769379485,0.26557630577147906,0.3835145664974315,0.31071728063856646,-0.22899804080101818,0.2141650116434361,-0.17037081746757973,0.40545514965790236,0.3478982329106247,0.3089620619701267,0.33584975658475086,0.21080977777691173,-0.18300923992308035
-0.07857531631323197,0.14204937244111057,0.0700378065908812,0.15231640883738645,0.46534453234566525,0.24420934187094007,0.4569515940196207,0.7030221155778701,0.09137128365911117,1.0,-0.016429616142070374,0.4890259119546598,0.2158272408479,0.5577653018687161,0.12383465942177772,0.6771064798702779,-0.13819424426348453,-0.02837769589723953,-0.28021964982011544,0.16542014647245595,-0.20896179620636168,0.04966425345384144,-0.24412493376063168,0.38310808634722504,-0.0007329063537477935,0.07106184097785699,0.013659156027318993,-0.027511699227101793,0.03282181364039766,0.5267382737873186,0.3851911200670652,0.38219102409377675,-0.2703005151815507,0.040275468718770344,-0.327297612040723,0.05180245260589552,0.11923902035612739,0.11030929709068875,-0.1511867398916389,0.13664286728331182,0.023810757997132843,0.2855560476392781,-0.3476207888391711,-0.36928590877885054,-0.23642600123419572,-0.316658172813078,-0.29597143736306325,-0.38820312724530553,-0.04344889962389703,-0.34474605742318454,-0.09855422616272738,-0.2651033343176741,0.14573939228821062,-0.2751955385518371,-0.003959536188899578,-0.2678929857186251,-0.3780401257627132,-0.4182680886521461,-0.04199025763334305,-0.23225021921119224,0.2159002335573216,0.5972200374823177,0.40638041397156227,0.269893746760528,-0.051281149152149146,0.44405722322678876,-0.30214425417727897,-0.029194018574820197,-0.27913777931916056,-0.1933836620509653,-0.12359394112314893,0.06402664405732669,0.17488761782358292,0.2952694118832447,0.12127256651414277,0.15304733735748008,-0.09781782055632034,0.07516544344517252,-0.19854490499204452,-0.15954519234222514,-0.10284081590091541,-0.07190391739347109,-0.02247592426283618,0.24800845827387188,-0.013029523093622713,-0.09937236890744304,-0.27847421067522254,-0.020570915466265407,0.1872477775244812,-0.01458205901097558,0.1592690129474281,0.09127891786759448,0.5341940842205839,0.1110569035934729,-0.127984368076691,0.14478088238497913,-0.359513896656058,0.1389515984499658,-0.20979143449864637,-0.23636443886395497,0.2879822999537564,-0.026122187864275594,0.15558018041936594,-0.02879781041313829,0.07867675492592409,0.09370370976233248,0.15329066538341543,-0.07743076960141076,0.06097377663090047,0.01721889185223755,0.10775004247711992,0.1096819607218643,0.3651030481031132,0.1745786433581093,-0.07923491334656473,-0.02901154755212383
0.35641156772324695,0.29937795578640536,-0.3472801511637254,-0.11565035393638169,-0.21361815819389904,-0.33298390506391784,0.0393779374679584,-0.057633461181226746,-0.22595261351458595,-0.016429616142070374,1.0,0.29020886431545795,0.5491884691869126,0.2427528539947864,-0.14650935508877413,-0.06703458411073576,0.4485575170785997,0.3509120761055093,-0.1035911606948515,-0.1423435563745736,-0.40407546944275835,0.16681700566225144,-0.126025956598335,-0.29317344965150927,-0.441952439161528,-0.2065815114043326,-0.25918082023258515,-0.23385752340601848,0.3326346197309788,0.14271648678795118,-0.1884972302528629,-0.2612794806447013,0.06214233811111079,-0.09150396285682126,-0.2732817364703219,-0.375312360508238,-0.07801143375066286,-0.14629281040922304,-0.36678741182306096,-0.30020127571975014,-0.16608316256082398,-0.3248082947419193,0.33126873509583016,0.3021481374281904,0.13164406374689394,0.03943819888274412,0.31568148897604,0.21363052905946928,-0.01097354586481172,0.055886987812260654,0.20135073788590277,0.09922278369455442,0.14909692950845996,0.2954108570826002,-0.09090990520398708,0.24494406980031777,0.4054427796070927,0.4007990034731648,-0.312212426519596,-0.25785605312206406,-0.13270489993904444,0.05346760908608435,0.15265723221635588,0.31408251707106305,-0.20179208998724515,-0.19264013447161168,-0.20213811919405764,-0.4460672182913489,0.2785615063036245,0.007659439478518296,-0.1166419961013744,0.07711085886675391,0.07942109307806276,-0.09493911835324129,-0.14378504889825722,-0.039020135221189495,0.05708863373994935,-0.10869245223144772,0.35481344120391795,0.23670209352808444,0.3922722099796044,0.33531143198508323,0.26764335067676476,0.27794544647652225,0.5527915713800887,0.4678274741902992,0.09792725965249616,0.10736265496115215,-0.06800932681309188,0.2597325204486086,-0.4520451205439469,-0.36501983933162974,-0.22339230853908187,-0.19251700355366558,-0.155761428733364,0.15280716648697365,0.03894806122192071,-0.3374484997604317,0.0952692680638275,-0.05308743822124615,0.27407435174749106,-0.14406756314329694,-0.24421872253758226,-0.3394050606903245,-0.3576510936408174,-0.4073051770589284,-0.39579667306170846,0.18777891798159743,-0.24711744080215722,0.10647879665759107,-0.5335047984639124,-0.41169949211301726,-0.3145254212215721,-0.36865962123789403,-0.030790471962720615,0.10036715820278364
0.0741444244103928,0.5245451675670779,-0.05551883898383186,0.42626161907275395,0.17836434590082612,-0.011228717915036894,0.33597763898178573,0.5787840747750416,-0.07098015963492484,0.4890259119546598,0.29020886431545795,1.0,0.4703183318032036,0.7988896877993912,-0.014259691464044953,0.6033551537678534,-0.029614856550851987,0.0947556376011809,-0.35203264882367397,0.01632466655222309,-0.30377056194014407,0.03928145041331988,-0.12264767753223751,0.3178599146842474,-0.17614662074636436,-0.05652647846025217,-0.2247200726585735,-0.32088338942314265,0.17389405045351425,0.5157414546728655,0.19397999479973596,0.21111390942648214,-0.12710431568309652,0.01861331493367759,-0.24372060872091103,-0.016797132396544057,0.34966236448148347,0.21364117548660128,-0.20094069159314143,0.05632084387205535,-0.06247679216241349,0.20809058800189964,-0.18771339187889527,-0.18057124306682418,-0.20906009709287027,-0.3114701145568277,-0.18151383150985434,-0.34595025488678555,-0.19318103732761452,-0.3443226274196499,-0.011324682158641778,-0.17951227065014225,0.030372288297555474,-0.23087876372666608,-0.030723683249800165,-0.2914445560224832,-0.17865355316958192,-0.22691877578627506,-0.3012811791886049,-0.4003937313000206,0.0810829117537315,0.5498056333172551,0.4811432268723357,0.35669598496452454,0.15144103752511706,0.41613842066688533,-0.5360979614882634,-0.12513043758113654,-0.1623047802505637,-0.30946137996686396,0.03666539022123858,0.10471654491366991,0.12735975397310542,0.3601229501550351,0.2021549089291476,0.27160334406103065,0.0987635158649501,0.18207278828967235,-0.07990104524970239,-0.1256343242851794,0.044682212337261905,0.024121016039292443,0.026487208746751017,0.37812027586502517,0.36920130637913456,0.3809583798014369,-0.11077145266013112,0.04518776221683182,0.24081168626227187,-0.055140580490555535,-0.22979559465706445,-0.207952696716092,0.4944945458677843,0.03956746458819317,-0.02145674139074801,0.10677968697247982,-0.3544991340659822,0.11597252560431749,-0.2740146320632759,-0.239904840851015,0.44532274581191567,-0.12556313029231725,0.09687111133606649,-0.24420245019163273,-0.017052287086343838,-0.18578240715175354,-0.1834625101107754,0.029244543127958746,-0.09350779714352775,0.247396283967724,-0.11111911650091513,-0.13250305657266864,0.25450507271371986,-0.08894398870890427,-0.03159602310907078,-0.08578409236004876
0.33271041959001696,0.3598207722584216,0.005065361399230499,-0.0883002033068151,-0.12688665851421543,-0.28048565142073223,0.41334649684485325,0.14879597203874623,-0.0358687354193786,0.2158272408479,0.5491884691869126,0.4703183318032036,1.0,0.5940766002446641,0.2298965705965339,0.34396923647462224,0.35228207223598124,0.23352031050715244,-0.06635085577151086,-0.1254129318101886,-0.20766778500281313,0.06199237437627947,-0.07014065403732253,-0.019809281764174277,-0.1942776030632908,-0.32597589983924086,-0.23735221685560778,-0.3686199207969311,0.30527775540331964,0.32274403920741235,0.06449150172267235,-0.14649191507731069,0.031274101108223505,0.005525768569892235,-0.35221505183805,-0.2203238552795988,0.24292581233147806,0.24518143946690335,-0.3568974125418149,0.06555039530603242,-0.03214610630432249,-0.042582549923424744,0.058007076386525226,0.008095266522016115,-0.16715508471317753,-0.22585552035030998,-0.03450771472512664,-0.08032534403901494,-0.03449690357174381,-0.18215992635968645,0.054435527582935746,-0.11770922600019895,0.26858244200601805,0.0020469944171727767,0.006816534969485695,-0.042354925491105345,0.13623022651857583,0.11793711449069258,0.013825023084169937,-0.2106440589968121,0.32000495208571084,0.3924682379164294,0.3096177212092738,0.22471597971375215,-0.061577774416029074,0.1772682500239665,-0.26147314432871605,-0.3448438175172896,0.055075650823859915,-0.09687272088841037,0.003395338652489796,0.1785150889829514,0.19968020210837845,0.127059651800001,0.12677240488999525,0.10771197577317689,0.17115440651921118,0.017477744854500803,0.10565016242645581,-0.09656481186818484,0.23413215478071978,0.14561487938688242,0.09917895581486878,0.2666184874880049,0.36722712772940297,0.34827847880057117,-0.20304864613400214,-0.1685026623002054,0.07280891183014591,0.3454669915135264,-0.3216285456204045,-0.1902391452715249,0.05887348262009123,0.06996079751728489,-0.02414266006491875,0.11165785291377074,-0.042607067122743765,-0.170296767819556,-0.1814384159268313,-0.05175141697199922,0.44496384171071934,-0.07705982699007805,-0.09835652222573008,-0.2013647669114563,-0.2073088894389108,-0.3716647604866169,-0.3126234709377502,0.1935109405338932,-0.2333224268292856,0.256329275773931,-0.3229121066840304,-0.4399659971573975,-0.04145151277611489,-0.22971890847261053,-0.025645033929966126,-0.0747258837213294
0.14516688570619316,0.4433160602230688,0.04025705931804219,0.29230316642931303,0.10458126986191166,-0.024451739086927004,0.4567361130138675,0.642736470625454,0.001876730899516932,0.5577653018687161,0.2427528539947864,0.7988896877993912,0.5940766002446641,1.0,0.13210011454060444,0.6109891046834413,0.05213445969434314,0.20758055649277174,-0.2600162558617035,0.049261983464444804,-0.2203124409823202,0.06722659239378824,-0.18875402087171642,0.28901362243187684,-0.0990712095077696,-0.16096032528727214,-0.1992901095369605,-0.20480467509756753,0.1609306370102058,0.5214352932537425,0.13800527425154888,0.17897858403146594,-0.22927826974894425,-0.01719914068412278,-0.3784056012334377,-0.0007630952049714097,0.3310050223140845,0.2894602860654827,-0.11950436142310161,0.24321821848513384,0.0009052545418468177,0.25207093942995973,-0.24885974684947693,-0.263444159443128,-0.38027819733821605,-0.45163414140869534,-0.26861096103359117,-0.4289927275109328,-0.19010178020730997,-0.43341042231201815,-0.013402068730159538,-0.2033794276699585,0.3419528516489763,-0.19163281908671553,0.1701599242182629,-0.2277982237064579,-0.2222932843115866,-0.2695861470229783,-0.06721807553997858,-0.24250177965261938,0.3084993080425982,0.5839420981838195,0.5017679585840205,0.33819347178499903,0.04020861182377345,0.5015387748319083,-0.4789211860618412,-0.22989195292293726,-0.2168793466492323,-0.36573732564740236,0.026350970370674343,0.17505266210098436,0.18447112741972715,0.4136454849836528,0.27990075055504404,0.30031563693576047,0.05416573293783128,0.10186656736912184,-0.0337637277083844,-0.14342490723320195,0.03860273960994009,0.02589453290969929,-0.09370258043729532,0.2881012669693403,0.23235937971998522,0.19299125721561147,-0.13694025936273696,-0.02381977592222966,0.2960050782525102,0.18784653535796167,-0.14361847643684428,-0.14215736723615507,0.4770009629191395,0.06287947084792556,0.031224935777831735,0.13781087824763646,-0.21918025067199767,0.14126474314545634,-0.18590148480059304,-0.11373827416275083,0.5215077302372754,-0.09648747015596162,0.17213342881334584,-0.17920511012368598,-0.009390573526732497,-0.12872362791151826,-0.17773023563294799,0.051072130208220455,-0.09670631444864683,0.30390157789850647,-0.14164209839617284,-0.09107143598457018,0.2494559215053479,-0.02488389001426611,0.010320664554319193,-0.007627888293431603
-0.0009953540077389416,-0.10959010430750497,0.2349901351985466,-0.05735513143283832,0.3435340665115775,0.10940990427472523,0.23337697435295848,0.12463476057737641,0.5468987157539712,0.12383465942177772,-0.14650935508877413,-0.014259691464044953,0.2298965705965339,0.13210011454060444,1.0,0.3518562736037072,-0.11280646639917492,-0.2194413093176503,0.003170197286298971,0.1512630665895057,0.22291476714217334,0.013019172988659298,0.0450765031860281,0.3435964761493462,0.1450365296700391,0.019825938650084682,0.3208125737718524,0.2223909614661357,0.24425001528158405,0.2447121038615297,0.09559321921637048,0.18020444841587627,-0.137183456070414,0.11335969426409985,0.15788379425754456,0.26824875425409894,0.2174674581841066,0.2576878534436867,0.23605899202012776,0.3228358032243412,0.37964020278069394,0.39843655266691524,-0.32096853658801816,-0.3786205056017477,-0.43234432477778506,-0.3721531978185092,-0.36042940115564126,-0.32866182594693233,-0.12454767050357879,-0.31332434216549304,-0.39686542624425863,-0.3582627521470327,-0.04121480765385592,-0.3336311513163138,0.12541187724759975,-0.20126029048902289,-0.37906057501757845,-0.3763647391408299,0.2585922138884012,0.021601752765297823,0.3830113340711997,0.23617241195183572,-0.04737916928821002,-0.16618349682807476,0.12115197703155912,0.28514379368217746,-0.10410006841706036,-0.04056820963887591,-0.30192369496811705,-0.1751530749266172,-0.1706015258093857,0.011809801410646262,0.3364009895260124,0.04282628673140617,0.14726321663634295,-0.00987168672232732,-0.05613323709492,0.0033330624199599075,-0.0903629802116714,-0.23772758406843641,-0.09372460763047961,-0.08204055168409902,0.28990970877426897,0.2734932247646475,-0.1575822669622087,-0.1942610257113169,0.002404205587633177,-0.05462447768094311,0.25695848139878974,-0.015195165936247784,0.34538739092939064,0.2967660403801826,0.21208648228441973,0.16826223173426513,0.1597945258832353,-0.1346474415706568,-0.1130409666772629,-0.014186011005379223,-0.27389614964460607,-0.17648761233831692,-0.0006286118516204055,0.07218072026992056,0.02747725092476933,0.14172293430990396,-0.07979827195506996,0.2959407489777935,0.1833606074875191,-0.17394873066062125,0.08301984708835432,-0.12371494327996452,0.18723496563498576,0.09401109929891739,0.0077977908927117584,0.20177897741079814,0.28781257420795503,-0.11501510002181743
-0.06450241033308349,0.058498353620285666,0.22374943898079452,0.2669321577117794,0.3774164045334743,0.1474354444440291,0.5255237259067089,0.6276100807682189,0.2991910737389207,0.6771064798702779,-0.06703458411073576,0.6033551537678534,0.34396923647462224,0.6109891046834413,0.3518562736037072,1.0,-0.29987065534000457,-0.2693585540306751,-0.19829814587369632,0.18405069236636648,-0.09406454798713385,0.0559476614063717,-0.08702395564879538,0.5611280841807118,0.06364070390387018,0.014036539572256358,-0.14291971948679083,-0.12556993311664116,0.05785589293163076,0.44080912532623445,0.38527167540257423,0.4790666767050713,-0.2762761149109676,0.03975244060817049,-0.26202024977393934,0.1912089458548569,0.29415994564703696,0.25099819585271116,-0.09317771172358315,0.21864890084378358,0.08413819416064018,0.3776961797192456,-0.33768014733335666,-0.2891158795986073,-0.33227854725055744,-0.29803736763995525,-0.3061199004869299,-0.37195930901125335,-0.14175121964546156,-0.36187232705084316,-0.27982226526071846,-0.2784214941586569,0.018130805161148743,-0.3352584002761193,0.05645701832343704,-0.2337551167354045,-0.586722269819087,-0.5870358367047298,-0.10246489916816624,-0.31471401667537446,0.21952297009910918,0.5396678172510925,0.25020430946170913,-0.03011323023074564,0.1085329039574461,0.5604821803716563,-0.47137823356215464,0.08150592408494373,-0.4128103189312033,-0.3361219818960143,0.0033513424710434232,0.13873154517412098,0.05883453044417215,0.4268222285357758,0.28867154832896036,0.3567120635541282,0.11791882965802536,0.27039882640791624,-0.35233261106172403,-0.3290439875344661,-0.20815037895886865,-0.23962867079485317,-0.06691326224766657,0.2948629196338408,-0.0388777160914954,-0.10226998053120485,-0.34685482700402015,-0.21785344685728872,0.26117181418299523,-0.15443946570137917,0.15218162126864404,0.13254614920827582,0.6523109530259689,0.2816675312205736,-0.01687660374741339,0.07861926625310482,-0.306915669114953,0.24223016592394248,-0.2923451442898787,-0.05250884431273808,0.32022563115583624,0.025819239069167853,0.19900607375352125,0.10256992770318772,0.190283520826522,0.09569684708178872,0.07191615156495525,-0.03730409411879042,0.04543545481041228,0.171916467017011,0.15968432376427594,0.10027026267943924,0.37884299529292315,0.1612823353979151,0.02111468253496821,-0.13303104983056618
0.11574345274229525,0.2751710463661465,-0.46313152168399535,-0.23728781120875303,-0.4163230767521114,-0.2930388943047579,-0.2896925281649691,-0.26633024099422264,-0.30899365621215513,-0.13819424426348453,0.4485575170785997,-0.029614856550851987,0.35228207223598124,0.05213445969434314,-0.11280646639917492,-0.29987065534000457,1.0,0.7755883236329315,0.06064458127662495,0.003214496535495589,-0.21999853647543144,-0.04398454626465205,-0.2790618004390381,-0.47451195726167633,-0.3649601224992791,-0.276855687059763,-0.2983853655808172,-0.25929662051912805,0.5860326746572573,0.20631247050393922,-0.22625637021725645,-0.3881161812018236,0.48797933811522837,0.31820288235132027,-0.16921781967936886,-0.5111487356872138,-0.053672585862784374,-0.23339256927596053,-0.3201206072450039,-0.2242963825075591,-0.07518663622944466,-0.4906625661457375,0.19763484561632833,0.16063962472140006,-0.014679904846519537,-0.10400534653390577,0.21834899825279436,0.12757310260780275,-0.20852805102904118,-0.012057548193136092,0.10768993553141011,-0.06370834998996394,0.037806182775958146,0.13708614763880836,-0.19162527162465923,0.08053527649602124,0.744286821511665,0.6902145540946982,-0.19738908496418206,-0.039773427254588184,0.033270178701058695,0.10616992901085956,0.540783897930784,0.5916140449683768,-0.27850389655618063,-0.3086186962568151,0.09667477598674443,-0.4561458974686807,0.5390273527309708,0.3890857908134072,-0.057917881409116884,0.13924201293608132,0.4192239589850012,-0.3594345495507082,-0.2524206615965455,-0.29171033829105936,-0.052977852886920175,-0.33819122917375954,0.7679223315501246,0.5599630701318118,0.8158761847291099,0.7824934144410025,0.335796447119517,0.2856764834364976,0.5991437075041665,0.4653952496863489,0.204645054661005,0.07692213849975521,-0.1659810686644302,0.3176493176814668,-0.4111244064991492,-0.5844649509111954,-0.5283294498736022,-0.5475628004501529,-0.09020863411666215,-0.04229733281506475,-0.05380061544449447,-0.37247128562842347,-0.10852065266959536,-0.30891146052222757,-0.05746742967068879,-0.25677864481710966,-0.5137738914612416,-0.5313075871714659,-0.4681719184235448,-0.4569926012540749,-0.37378464763420843,0.2408390317346065,-0.23063323036476377,0.10252177545546101,-0.5963595653965368,-0.6771885943168527,-0.4936864326115635,-0.4687707792993173,-0.19544692041797124,0.23872162441941622
