1.0,0.4630659331153998,0.11073685426565717,-0.14643343117381027,0.11038577691267487,-0.1545758191454586,0.24884947638909052,0.028424473884866516,0.13752557474123697,0.03230167431002532,0.48436761979710846,0.2526436793891641,0.43743808444476856,0.2519926241401531,0.3339970421968435,0.03425209431002933,0.5085127530262354,0.27324959471799865,0.42996553706978635,0.49690260564906297,-0.3098553252118038,-0.3277350915732252,-0.1180449851364405,-0.17900584359457888,-0.3505375429492329,-0.5939270024035744,-0.23094455319974097,-0.4160930860623487,0.2198732412777913,0.21400999485495234,-0.3245988630394312,-0.3992478812869978,-0.05917638455079078,-0.1868711888799418,-0.3984373159849798,-0.43562694398131985,0.11938468754830457,-0.1949725113997955,-0.1708452527894216,-0.3522191988077113,-0.0006186731457976548,-0.013330733075893017,-0.28883764565255565,-0.341333939916479,-0.3725375080461628,-0.5221007214132871,-0.2984529367285925,-0.42060722454079263,-0.23915361190188347,-0.2940932876492221,-0.4120241487365398,-0.2944187363388233,0.047011307216960035,-0.04625515061095089,-0.1401196759298178,-0.24260872749693563,0.3353476637345485,0.22791823140570205,0.1824099483782036,-0.2369262250938511,0.4581757056316287,0.17595175283869804,0.24938589998870553,0.2613343872767023,0.02092618598681934,-0.10835415059564638,-0.4060296469052954,-0.4819580622723763,0.09921141175979738,-0.09664008313192457,0.11635055914252845,-0.23460170230532498,0.12077983875173091,0.3217626469238725,0.2564352422081565,0.25348319240339123,0.23135793367071744,0.035589276710918216,0.14514461762603087,0.20214501316634323,0.2623702744455637,0.2952248329587056,0.1574094211837354,-0.11474329561343927,0.2139811329033185,0.11700251134032438,0.20773668614879848,-0.12943861711991161,-0.01885360546510379,0.058613166059909266,0.28542376059188757,0.1936400780290792,0.1824761639292238,0.2226627705059512,-0.13788285644468862,-0.023787208718721788,-0.35886952610693723,-0.16941360242935002,0.07019368500715403,0.06164944412504823,0.07561942129965019,0.3820333178032667,0.06802069002465926,-0.010776293637522269,-0.29090443540925887,-0.06864854342259512,0.12801045152715906,0.0883478003291101,-0.10704883543022913,-0.03419969658185486,-0.25854333846249344,-0.04916099650527609,-0.03601837829660255,0.06801327319880736,0.046171127353968486,0.11416704338280197
0.4630659331153998,1.0,-0.3651795375420172,-0.20440091096562707,0.029013618986772974,-0.23176684811982695,-0.19001765286595898,-0.02842719098091656,0.007965780114951254,-0.016894666538470243,0.03900019509061354,0.06222206280413768,0.1700390030134744,0.2994844339326158,-0.08104396999112826,-0.054328021564296405,0.39410431860816203,0.48724361476238287,-0.1708911133009825,0.5742846188408658,-0.3493798146458466,-0.30327422536078014,-0.5763436585954509,-0.5973063666295254,-0.4478016883742219,-0.5175768270098029,-0.35351619634762715,-0.49496413716634896,-0.054310109432842264,0.01785953780577677,-0.5985354356276515,-0.5965964504976659,0.08179440226551593,-0.10593676200315229,-0.36573492805915403,-0.29568582612381156,0.17428838044937334,-0.04802278852210156,-0.04536295097171355,-0.07061953384415286,0.0027225134894723214,0.021159361898659884,-0.1216278265397615,-0.17837024579702915,-0.05111441207568515,-0.22276204568390584,-0.07996451377176433,-0.16194244507432243,0.018495352842200958,0.03861902879964868,-0.24692635589262693,-0.05300778923375513,0.18791039809979135,0.07037373329960535,-0.02661798025586379,-0.09120794794996813,0.47563422698804536,0.6059485937925841,0.04972190870516349,0.2971190299664827,0.24019679485793713,0.477753530765061,0.43179674714187144,0.5311609342099815,-0.39295171259743505,0.05840789657308656,-0.2338633691133364,-0.3244466864472525,0.5320471073826212,0.26254858350676624,-0.08833791744354542,-0.3574368746985653,-0.013937414877506741,-0.034241516913161414,-0.0759146611150291,-0.2225759541300112,-0.040313634079313945,-0.08396278813655664,0.3777110441062884,0.3737182430806193,0.5408198072861738,0.5375553532480492,-0.05031881626920855,-0.16730508488393236,0.07764169057024803,0.24494916682044587,-0.12338088142497626,-0.02437114051921694,-0.38486250432046515,0.23056088752376422,-0.0848632370699039,-0.19192217114019744,-0.1438729691188248,-0.22057087508308865,-0.036223777460762135,-0.12218400456243791,-0.25348091481290486,-0.11611150678303273,0.08465471717386953,0.01885001310443136,0.14513106121710212,0.12825675627002492,0.06701358947329111,-0.16730645025630894,-0.2108354476853558,-0.14563805712818034,0.14147940166093878,0.0697768767447369,-0.06390697220231559,-0.13257033974354787,-0.27678170251035156,-0.014784754626242081,-0.09648513013896293,-0.06581034200162558,0.013345226397896476,0.08542691056507618
0.11073685426565717,-0.3651795375420172,1.0,0.4404103288374896,0.11528736555113878,0.3603281623686546,0.7172304862500563,0.6557892406837732,0.29847730039150905,0.3420248982605955,0.3853060107673769,0.552853305388201,0.46570565948536347,0.1863747163182405,0.2616947906994169,0.2164097244777897,-0.28492772540603545,-0.42546779288297637,0.6049264650512699,-0.3279603529819842,0.19615393444925222,0.04244986219792373,0.4174063004273582,0.6129276646196882,0.1739298966033996,0.09878749170852176,0.188142738503894,0.19319815166526635,-0.20695073838268538,-0.2917210104603479,0.3424122652339594,0.36280301602692244,-0.15190757502254473,0.29678298395874925,0.2660296711096018,0.1703043992755629,-0.3303299292029891,-0.12754583616601411,0.007637731575491591,-0.19326300471646637,-0.1742893574115604,-0.015357350624168993,-0.2447125654510677,-0.08761639728522365,-0.4821880684686628,-0.2525596334604228,-0.48725703110872587,-0.35941893971762157,-0.5028447701859675,-0.5117648945115097,-0.260183390953808,-0.4542080043012897,-0.41684890829515897,-0.4889469015009042,-0.2641983597850898,-0.39994794306458636,-0.5245758851163633,-0.5080202493081573,0.36897452941272485,-0.41568285263785737,0.23288341143256883,-0.26418446617525215,-0.6292859062347288,-0.6612333602233,0.7028921451259245,0.4325010058214647,-0.10013166827924275,0.244177186374573,-0.43642535794049553,-0.33508181302385326,0.1172884919192004,0.07236459483759874,-0.12466174277621996,0.008215813593691335,0.03522364430919821,0.17217678362744615,0.23112380992100306,0.24123192596145135,-0.5038136258181339,-0.47459786857990466,-0.5178082913017804,-0.5866062695283962,-0.10121219062618537,0.035825704378997465,0.18581095331485434,-0.11914356422444614,0.0026961580168970286,-0.17972307732403134,0.6085748858101941,-0.06310033985726124,0.3701941660991419,0.3386318105534276,0.5376217196319257,0.5111601345108973,-0.005880421578451941,-0.01966090041329496,-0.14438451718485276,-0.1880237148346616,-0.44414926754869605,-0.23898065670693602,0.09828184371337256,0.31195096226306884,0.022160313800888173,0.0653688866378817,0.012975458973754458,-0.0971503411600058,-0.24395434348034423,-0.13320890990455483,-0.13696656066930316,0.2127969811075147,-0.04425807179053988,-0.24869417182988984,-0.0633169424025625,0.12944012366160068,-0.17416577102198816,-0.1919709516829522
-0.14643343117381027,-0.20440091096562707,0.4404103288374896,1.0,-0.35803824329734096,0.17136026095092047,-0.007273977241318804,0.48224722053275176,-0.21581910257831616,-0.07776785379784164,0.16332515219431523,0.6031257526167709,-0.009133872992242614,-0.09683456160206894,0.02885216673166359,0.18017590582561532,-0.34669914995293066,-0.25419452233906215,0.36040582014483385,-0.10752269889159022,0.09793364937656011,0.3740827819811596,0.6178798285234006,0.6793786454964893,0.08594892615619204,0.24141506185419204,0.12124255084829617,0.5990975706842652,-0.15867528121469915,-0.224472401381732,0.4871706162601991,0.6005697715910895,-0.35566834076499804,0.18855452306811613,0.33636458689586385,0.14727570726801312,-0.27623451635738366,0.11363344804826206,-0.18231402156476928,-0.039721973023085576,-0.020192857571356353,-0.175418907143659,0.09895717393663533,0.27185004948487446,-0.2717465485061416,0.010282169050668581,-0.2500058789918693,-0.07460992369740357,-0.4723830036274866,-0.4530126511304449,-0.1206076392918817,-0.3629650697224046,-0.6208641956615198,-0.4889159968191295,-0.2243062107052679,-0.27747392064512133,-0.32300569734682594,-0.27744500550016993,-0.24256925789942466,-0.5120654033298963,-0.3368852113362129,-0.43773870254201996,-0.4832126977856393,-0.5403296330258296,0.44267647697734197,0.42700531054296087,-0.24146443614044127,0.28788706363120087,-0.22778622126785872,-0.3080512752829515,0.018118724829383558,0.25310842254256954,-0.0777394403927591,0.06403641768877752,0.16962161674574683,0.20590744800076846,0.31822756581278816,0.3583716744458898,-0.18842227441304152,-0.25761293114223954,-0.3262826573902448,-0.4400126873564652,-0.16866027859140417,0.1156460643961789,0.27779659599147555,-0.05376978875250113,-0.11844542510566883,0.1310681288896068,0.49910318257984,-0.2920354469465578,0.040775310190804506,-0.024314915167967806,0.4288293667587198,0.16184859748422378,0.20901209599057893,0.02445076670627129,-0.041927538777956186,0.09939409816922429,-0.4097823699785762,-0.19635610915191531,-0.009136268972902673,-0.22541974921068053,0.04486063792523942,-0.061159075000650966,0.21915648954620504,0.18215514835198346,-0.20175087452139334,-0.17741569837458396,-0.13149776780108985,0.3648067734565345,0.23514170025841982,-0.05062692001824716,0.08591727487769044,0.2587767239482769,-0.011900252466467651,-0.14312724153756956
0.11038577691267487,0.029013618986772974,0.11528736555113878,-0.35803824329734096,1.0,0.46635496382299974,0.3171374460940442,-0.06674481170521404,0.6930705069390767,0.4959614354097559,0.10947111964789082,-0.1611493215868351,0.33540682136846417,0.2317557097415295,0.17956958419380506,0.09107148143079803,0.1586989778126286,0.06787876999019749,-0.06984141121965388,-0.0035477664689597408,0.19265746561484454,-0.20592424935941922,-0.29841225728065196,-0.2350177870786883,-0.0928700434563827,-0.23847729059928227,0.07895099968202728,-0.3964858114300294,0.10136906751415477,0.01439453962813958,-0.385401026817715,-0.4378846788083769,0.053610000445786704,-0.15838834408029098,-0.3720358223687934,-0.15519756293919654,0.06453670820692986,-0.17648489906772358,0.35853714390893293,-0.00015417753656855348,-0.3195201101395047,0.19782708228628051,-0.19593411984459397,-0.3137321529260736,0.027072108352591055,-0.13887332328275473,0.02383238524886604,-0.09837424786422937,0.15845562835641736,0.18295243746222123,0.0025229610180008783,0.12343222942154788,0.4129152181312139,0.2714660178269394,0.15951203616732487,0.04994887654438623,-0.03756341989965854,-0.059674157294925596,0.38653924523202926,0.33511930999892836,0.434126437222461,0.30773637800802567,0.1869789425476255,0.1533056035067482,-0.015316315036063469,-0.09573716972290318,0.14531223318252795,-0.2306922920973595,-0.09248588673281659,0.17959625387113126,0.09238539214108968,-0.26916503763924654,0.03966411115232024,-0.2598588313574778,-0.23494020552858297,-0.23743279283089316,-0.3450673026990334,-0.27926199691818104,-0.02999748531374491,0.007452020777026041,0.05853181782091577,0.10870003166328665,0.1177063428980848,0.27372754112854975,-0.2164841201564539,0.02401451259643986,0.12598841003996428,-0.05668703559989817,-0.10078626303751455,0.25004702173107546,0.05508116477872388,0.04820999639257936,-0.13991138331648825,-0.03179140439867725,-0.14479071806861324,-0.17243443299417108,-0.04779406115897169,-0.1384775277532913,0.19092152817570357,-0.06010059365149416,0.09969269997033132,0.2753486227531521,-0.1625078023276978,0.05860850827755852,-0.21524715148698437,-0.27642096917056613,-0.05100276422112679,-0.07679611760496403,0.02166978689834011,-0.21194540243494867,-0.2960105370431945,-0.04786340439009168,-0.14148567025990472,-0.28753700976507,-0.12420153514046221,0.08492655462766649
-0.1545758191454586,-0.23176684811982695,0.3603281623686546,0.17136026095092047,0.46635496382299974,1.0,0.19956321911444602,0.2884421325189254,0.41219012344018213,0.5894214199149804,0.052257163311948976,0.13335407827831897,0.17228059570138085,0.03848246737110351,-0.010977112313656286,0.27822360692520326,-0.3754358034960796,-0.26629882467084537,0.026344996623947348,-0.3082893882313753,0.5063425401925219,0.19379198560799302,0.10816971541882336,0.26576703800017365,0.12227207294548278,0.2556165169133716,0.4597190540535893,0.29974085586825716,-0.3233781666053554,-0.259369461881276,-0.0069000720307212365,0.06880972198699453,-0.15240967280691742,0.05765782187549849,0.0421862293231814,0.20646817469545456,-0.2550644894766786,-0.0879892846228798,0.23100138484170374,0.13933964885154948,-0.29935700985836466,-0.1097040748762958,0.05217525899537205,0.021429500321578906,-0.07288412842958575,0.10909431536712322,-0.09513623537837564,-0.008020502868177114,-0.02964305994505,-0.07191311421753076,0.014633208571752146,-0.10825932600265528,-0.14068049132451826,-0.1797066399464063,-0.1767350128264558,-0.17250858691489518,-0.3336547673642499,-0.34516097226719566,0.30996788835486605,0.08914108331556635,0.0694624644292442,-0.013416989808411082,-0.3842721953048997,-0.4003330584290206,0.29184051379335746,0.3970897706786926,0.12651249229592168,0.19351149516436975,-0.20875774796623842,0.0053765323493135736,0.18512094019917552,0.07749401675298719,-0.2799187464753619,-0.2266607132109434,-0.2521701857516806,-0.13075117844301365,-0.21572247881336398,-0.04197476757089163,-0.39618978996390314,-0.35924669665624503,-0.30604662458723353,-0.38031029104416764,-0.20660728949053128,0.20856408553404468,-0.12420780620751179,-0.052910533406633826,-0.04021545881434187,0.09385139088603055,0.2669269664385722,-0.17279420111740115,0.1452853919097173,0.08272798615515414,0.23184859590993667,0.0799516431920734,0.14939393808108972,0.08120725928431194,0.12620320357901946,0.020567495590480846,-0.24530963426871216,-0.2508968978454663,0.06247195370090364,0.02899954637005591,-0.11784256999033378,-0.012756760695104999,0.018136807714880816,-0.14694542530728733,-0.19732738764006488,-0.12484383565779068,-0.013035275984367668,0.13452097471097452,0.009119598274556471,-0.03597570407847006,-0.08225685977842537,-0.018992664148429726,-0.13713200803447317,-0.1542941439143607
0.24884947638909052,-0.19001765286595898,0.7172304862500563,-0.007273977241318804,0.3171374460940442,0.19956321911444602,1.0,0.47896357631702274,0.5663660911326723,0.5157238272166802,0.5302589877978445,0.2624242288081893,0.6604977092708816,0.44973856941376833,0.4341637815408066,0.23468491437432562,0.08784624099985305,-0.12690779341681183,0.43289973900069184,-0.13699855244963502,0.08766624100048483,-0.2558220533051858,0.07571355516995061,0.27853229653661266,0.03435496472513447,-0.15801299270805286,0.04533945075554294,-0.3016641128244386,0.035988219957670396,-0.0372443773986302,0.05968634752579931,-0.06529216366923694,0.09553580425474706,0.21602320706559375,-0.05714049215719322,0.06878676441530848,-0.18182162256849785,-0.38486074460618525,0.03592917042041385,-0.37856328907142806,-0.1799451445057718,0.13549452308359625,-0.4219421417259773,-0.3950654481421488,-0.3132444179108964,-0.33767676352176884,-0.3743795271612754,-0.4218184242456054,-0.2996299027363531,-0.26404528582059766,-0.24731835901926286,-0.2565724485320405,0.014886219966252815,-0.09162068687587661,-0.11873550282383685,-0.3050191415031688,-0.358710959781151,-0.39784672860293196,0.47068747861865773,-0.14728242121743548,0.553217003886167,0.18547173239477333,-0.24153600492825128,-0.29381208686093485,0.487938813299342,0.1534068773032318,-0.1795088374043778,-0.08813196152706225,-0.3141306654445435,-0.331077632563722,0.09207563098613189,-0.21949986744106445,0.07502165673068524,-0.009139618347825626,0.039027923968415305,0.12694829742491393,0.11755497344422512,-0.01675010840722751,-0.3980003746561299,-0.3036048554895306,-0.24600737667205674,-0.2972406921611658,0.1449254161363313,0.12044344116520792,0.15362410135291227,-0.07628033334893637,0.11594954965571463,-0.2740194244177889,0.4133178871518401,0.1762940091613727,0.38852757423526246,0.25527633740952665,0.26400902973317086,0.39592572658297404,-0.2662954983642343,-0.1342261848542101,-0.3708786493171624,-0.4329132564643576,-0.08426611756445164,-0.18606724714258022,0.30702974454118465,0.46793443148835295,-0.0634459881397675,0.04278624926097564,-0.23930784073204406,-0.2174766215636027,-0.09706351347043689,-0.012538768012384518,-0.20420136392710594,-0.05280079818527513,-0.264993040451234,-0.24228474336953956,-0.15217683112905708,-0.09168100004895903,-0.16330950486314735,-0.07398036283097896
0.028424473884866516,-0.02842719098091656,0.6557892406837732,0.48224722053275176,-0.06674481170521404,0.2884421325189254,0.47896357631702274,1.0,0.1921624722761083,0.4885422451360668,0.21272755836975438,0.6773423383326083,0.380692123044364,0.5503047080000703,0.008573720892393057,0.343259194942401,-0.23462551829038036,-0.13460660822840328,0.265723705787823,-0.16343301900914578,0.01801275992786352,0.005556171987409146,0.059882464133503906,0.4519652370358171,0.030338854374708103,0.013125290141035124,-0.06058528555443057,0.038339041524992234,-0.33824211733050596,-0.1903799776575051,0.1397960037353897,0.2203242940538773,-0.15841257468051506,0.47117811454782976,0.21393456203820593,0.23589617490854586,-0.3289100939898469,-0.10886904236780491,-0.15696843620469048,-0.25274581256344764,-0.14752063894123119,-0.14742577931381962,-0.2347742924404483,-0.06845332500161819,-0.4747495742622038,-0.20597482394522298,-0.41328898266508407,-0.2773575403156997,-0.5060291281647559,-0.5399004034765142,-0.40312117071338477,-0.5719946968943368,-0.4366522409549024,-0.5836688107537878,-0.22810582451672898,-0.31189013889487965,-0.43652472465341036,-0.37198803485016496,0.15554610382756945,-0.1932427703969444,0.1475342551245494,0.07000630960165394,-0.4510915834548342,-0.5378092726100402,0.435855074795437,0.7421285213607349,-0.11651021413418534,0.352629567484271,-0.32002139088108444,-0.15532859533485477,-0.06156917367416003,0.06529353772541882,-0.17231905131946876,-0.03092190148495616,-0.014194385278215694,0.08484941489329394,0.2391905872950404,0.35351682722299965,-0.2882712163147234,-0.33405851852995505,-0.3128424441007321,-0.4673266933486186,-0.26265889106330786,-0.11127527371749038,0.09590931249193932,-0.16073841413993928,-0.20139116116573674,-0.20309293030366754,0.40880283485080415,-0.033782622601237274,0.3491867375324082,0.06272884440383086,0.5711161995169369,0.2504724828596343,0.11499869570944808,-0.019028326529748625,-0.04907876256984425,-0.038354813714366574,-0.4981938087859332,-0.2506922120743607,0.3785480569847687,0.20487297346135624,0.09208582982821843,-0.03277549387283782,0.044968865967274826,-0.05516960973207564,-0.15519674786609777,-0.08756325125838524,-0.17433153951151478,0.34168980553136136,0.05863154420701774,-0.24630662937239642,-0.1038349522888374,0.21903657220496767,-0.1881721516847245,-0.21501482323345
0.13752557474123697,0.007965780114951254,0.29847730039150905,-0.21581910257831616,0.6930705069390767,0.41219012344018213,0.5663660911326723,0.1921624722761083,1.0,0.5757188436675519,0.1942479842033503,0.057650252402214414,0.46774713053033345,0.3750971637061745,0.23558945186776953,0.14302306909681098,0.07416180085303699,0.030931951837396648,0.08051094919503775,-0.146607222646754,0.08406143170586483,-0.2235707217740229,-0.22245913303536516,-0.0010183172986153518,-0.12271035875152173,-0.28622825584676576,-0.12043108604880239,-0.38734102077597293,-0.08166855427698824,-0.0772711220461266,-0.2542934997093731,-0.3568720673149461,0.1304746886680586,-0.03362935208359578,-0.24816503577240187,-0.03238182920464049,-0.13071051408292259,-0.2863562974086246,0.27499593487141516,-0.20454294734309295,-0.45409954613669196,0.067507021053167,-0.29512952224476413,-0.37192033508407546,-0.01940331703495636,-0.22591344347818376,-0.0565821821993794,-0.1526851166019212,0.1232029909776019,0.12601512589692293,-0.07689091406528178,0.08293268251670115,0.2518761039477241,0.19229485307544297,-0.010414927770129515,-0.07049072740389047,-0.1477012130550554,-0.13757043771831118,0.4207682278108037,0.2956707691882058,0.48973640667666457,0.2975464179081584,-0.021692011698601445,-0.05268538691535295,0.16557396169634908,0.06947900056789767,0.08291589042432639,-0.19979812315485626,-0.13177378078349578,-0.05482953439162277,-0.016507796208556788,-0.4316298561275064,-0.007440104380854085,-0.19249797291262935,-0.1769549583750105,-0.21671797490362787,-0.2525432324708084,-0.2103803124155806,-0.3359644978611079,-0.23337407885077432,-0.018222443774793127,-0.05820826359536483,0.04177147595997719,0.10565639548847414,-0.07663721880270499,0.05117636023246183,0.18753775599328712,-0.03322692406729071,0.05372336689189583,0.15388116295174148,0.22833527688350985,0.204517883504177,0.016214470897955267,0.12345361973137303,-0.1384831404410764,-0.1634384016295533,-0.10126191798439022,-0.22738411029593178,0.09489255653396286,0.04807527224318919,0.1969434339882947,0.33512373142775514,-0.051859087184793505,0.01448982480922093,-0.09845207130942729,-0.27506893211146266,-0.04331989811775804,0.015434099600328063,-0.07876479000933803,-0.20744864225264567,-0.2520786075510701,-0.11288904907314364,-0.06808074984607185,-0.1418850670810462,-0.24382339165634911,-0.03140187075684078
0.03230167431002532,-0.016894666538470243,0.3420248982605955,-0.07776785379784164,0.4959614354097559,0.5894214199149804,0.5157238272166802,0.4885422451360668,0.5757188436675519,1.0,0.3323596543830337,0.2630581245501415,0.5853131474418828,0.5690479715090068,0.25109149829431215,0.6341270509077646,-0.09374808638175537,-0.08278361032100669,-0.009420640749208198,-0.15327593966105574,0.24922906548847146,-0.259966014409064,-0.16832840391106174,0.1506410441549499,-0.12069049709142848,-0.17796012913382595,0.12655613033559354,-0.2995492573665674,-0.22441660469533373,-0.11419862210365342,-0.32624747880017546,-0.3086624724869332,-0.0017379725596785975,0.10195843623846913,-0.21046212834488665,0.033691262925256704,-0.14706955884202447,-0.31129650072533604,0.018652545819622876,-0.2062246214489394,-0.25218430883183396,-0.017149552551166243,-0.31909042809704746,-0.3921406237056957,-0.1825892059021624,-0.21184837704751636,-0.2357252115633789,-0.2676644319617638,-0.06253506599546634,-0.07473922774920265,-0.12295767242119786,-0.14209625948613194,0.14230253808108276,-0.038642218058867944,-0.16009233418587834,-0.2392381608534043,-0.2515302495644588,-0.2444460440842598,0.57184312356617,0.20529317492752797,0.5586114673130662,0.466353164683692,-0.13420611690166662,-0.15128348823226062,0.34505038276681316,0.4170840159846232,-0.05224961119434464,-0.03976517856158004,-0.16046939437070748,0.054949022839456005,0.01186644808202807,-0.29080403463753796,-0.2118609340802553,-0.264581173779372,-0.18906802058274375,-0.125569505635964,-0.13143742339036324,-0.10349017967492026,-0.3496297698193024,-0.18345116893314764,-0.09190732985241282,-0.1864068006370718,-0.06284869825361737,0.21484551391793888,-0.03153739376809335,0.03186384261978595,-0.07335772640171694,-0.1757234097903968,0.23897086509517718,0.17549930047957277,0.3678346846637123,0.19477446512831229,0.31102945688182887,0.22755758387955843,-0.20414262898866625,-0.06846037950376055,-0.19162054379322302,-0.2254030778912023,-0.20871885242138882,-0.2963185818211325,0.36343251102549545,0.27564865808279876,-0.07650505514898644,-0.0846687435265762,-0.18093423711505136,-0.31504267104503947,-0.21259400391632102,-0.11032355151579494,-0.18964606686865693,0.0323715856548664,-0.25426071048424714,-0.23461307862801928,-0.18226115692118522,-0.11254830389951913,-0.257473950001527,-0.23686459872212418
0.48436761979710846,0.03900019509061354,0.3853060107673769,0.16332515219431523,0.10947111964789082,0.052257163311948976,0.5302589877978445,0.21272755836975438,0.1942479842033503,0.3323596543830337,1.0,0.41881061888187565,0.7990743022612422,0.39782936145373554,0.7404717895627283,0.4405103240719363,0.35785381774929714,0.038169369453380904,0.2909277462472351,0.12781351702320654,-0.005324772861500745,-0.3026627238778152,0.33503790223998536,0.2764697988659174,-0.19923848464230678,-0.3492517076107113,0.0896020542242242,-0.13183212756673165,0.2727969513769192,0.12718124844049272,-0.048341705311626945,-0.16115183303566943,-0.16282411374272376,-0.11772872092680847,-0.2570137543804946,-0.21594031411947473,-0.0970159061805494,-0.3320726585037428,-0.22312649658601932,-0.4101721585351697,-0.017530571260888386,-0.03358985893846589,-0.28799394785145527,-0.3424764669564354,-0.3395366769160372,-0.3954192670939135,-0.4166521508222005,-0.4048125440806383,-0.2932787647586157,-0.2857678638899977,-0.18468500164328464,-0.25675584992292,0.002498948106559377,-0.13791313458593793,-0.22667841374901423,-0.44673822869669527,-0.08834539028966665,-0.1921432022785163,0.3113683084950507,-0.26342299342982833,0.4659797202031853,0.2349893781615827,-0.03322619432430839,-0.003192883953479703,0.4587329209050443,0.11321984939110544,-0.5032384034104286,-0.29241998829246674,-0.12436954512321363,-0.2042752483471629,0.04812413112216452,-0.24685659661264417,0.06738441507439773,0.011542245272651758,0.10318905998835286,0.26385295020850125,0.2010101451250131,0.011495975191554873,-0.12081305468362477,0.11473692723663789,0.028716975745443227,-0.030046170985244022,0.40487886834088427,0.18748407095287395,0.46309077041721375,0.11151213311164149,0.1238023796249859,-0.21143110065051396,0.45879368724324754,0.13021301779127778,0.2608050127368376,0.15518433539000998,0.2929993613969855,0.3367154553863012,-0.2532166707821939,-0.22747270790616672,-0.47043149970711323,-0.31763527415067533,-0.1729501673717086,-0.35790018091114173,0.1581593626098064,0.23155610384891262,-0.14804127383636562,-0.14972682104424612,-0.3930096300299484,-0.17179262397546433,-0.09821648945914019,-0.03448720134694652,-0.24517259284154397,-0.028682202639608065,-0.20554432996341887,-0.15117699075545138,-0.11117554584572878,-0.015480637374178569,-0.10807454608172652,-0.013343837034309762
0.2526436793891641,0.06222206280413768,0.552853305388201,0.6031257526167709,-0.1611493215868351,0.13335407827831897,0.2624242288081893,0.6773423383326083,0.057650252402214414,0.2630581245501415,0.41881061888187565,1.0,0.3672884330118923,0.35690761661891807,0.1629921388272357,0.3704109115903992,-0.17533825839140602,-0.1622634483135795,0.4202400717292389,-0.014368416536568522,-0.03298010441882592,0.07857061060804538,0.31396217677892274,0.5368811582636611,-0.09913375031467507,-0.1760431680733849,-0.11834753690012861,0.14709401279841397,-0.18473442247235858,-0.0959413845892496,0.1806413085731217,0.24488018450772991,-0.3633819279497057,0.20919278765145297,0.1097617395606281,-0.07741675274830596,-0.37273084237240267,-0.08622988556772786,-0.3643781440342634,-0.31375723299906144,-0.14262227256524537,-0.2805466407004872,-0.13170695487937778,0.018054071927315632,-0.48986487949642044,-0.2565449142800616,-0.42871783968394644,-0.2861319484738008,-0.5065338723458087,-0.5446745351189385,-0.36352332747466254,-0.5353363877670982,-0.4888313266481449,-0.5139178120260215,-0.41321829026616447,-0.4651878226906537,-0.2945393334693146,-0.28250172887999914,0.10456841815840588,-0.4439922061050246,0.045543573011211154,-0.13515097455353026,-0.4398950156053053,-0.43001585186816854,0.5350853143095542,0.5945544965555644,-0.3579480359334776,0.14026099594390384,-0.280960440328207,-0.17471583150070563,-0.00908863781677177,0.0983675166085102,-0.189863633198538,0.0950459534660251,0.1043375692453379,0.2788307069266117,0.38942597930156336,0.37150649059109436,-0.2236811581912967,-0.1550763869255786,-0.27346243706638745,-0.3565260797903634,-0.20406308660500222,-0.03834519815440692,0.25479818356163125,0.05794415285355144,-0.13970937435289316,-0.13942150876719603,0.3737550800834392,-0.1764145257331099,0.2805238935163293,0.18838373545142767,0.54891581383524,0.34242004631475215,0.14299472806117747,-0.015551737572572678,-0.09654826670721818,0.030595707035341816,-0.5158382915567706,-0.28095346207955846,0.12971307571014995,0.058907457493582185,0.10781050172234724,-0.08137494917851579,0.09232263859721271,0.017326809030236614,-0.2827680648096657,-0.20177561925809062,-0.22511620987865144,0.34365972448127413,0.07725528622029046,-0.2070221373133289,-0.01261368265848033,0.2852114839377449,-0.12552909736648402,-0.1540310744035201
0.43743808444476856,0.1700390030134744,0.46570565948536347,-0.009133872992242614,0.33540682136846417,0.17228059570138085,0.6604977092708816,0.380692123044364,0.46774713053033345,0.5853131474418828,0.7990743022612422,0.3672884330118923,1.0,0.6687745828309816,0.5851091500013622,0.48404407424927637,0.28232511446661607,0.036711902250407186,0.15545805441259702,0.05031637741433963,-0.0095737406387843,-0.4453221971888756,-0.027592752819186668,0.07546109963540006,-0.2276097396250427,-0.47420824099135767,-0.021874775957213318,-0.40897875296729724,0.08351725033568774,-0.005459358939414751,-0.317842782190143,-0.4023612109049006,-0.059684457967916243,-0.018291487213910388,-0.2979846775592205,-0.11398402911757688,-0.06699636061005694,-0.27693651996705987,-0.029258221962436944,-0.36797231954614873,-0.1502161182902118,0.04705952994637471,-0.4181654276112349,-0.48752295021505637,-0.3770855673483857,-0.42218491673488845,-0.4424750208901199,-0.4331604512021407,-0.27099394059819015,-0.2596446563196125,-0.3341455554702856,-0.2993989464670117,0.10362597444656411,-0.1384324212343693,-0.13347888020278414,-0.34127654199472734,-0.1773613351534274,-0.21001304937349755,0.6109129704342354,-0.014763365724994655,0.7426664530639195,0.45749253332364515,-0.045517333823744344,-0.0433846063146532,0.39180830662054555,0.30193721481881464,-0.3628858974415641,-0.2116394427450774,-0.10273217225840006,-0.07525233609708838,0.025120775589704235,-0.4225106746626169,0.030574696076895932,-0.12800922463031894,-0.010392884106978615,0.05744056238404271,0.10578326121090206,0.002983669158752536,-0.18475699903338222,0.0050845018804797975,0.017721312245040168,-0.03756730301515119,0.19869914730898572,0.09300300702156937,0.28774652024312725,0.07112234802440137,0.06979539792378851,-0.2933787196089919,0.3753760715389829,0.347519377407978,0.33939614586411143,0.17730871954997027,0.3124805185394404,0.35456561764393174,-0.22757472177585147,-0.23648981253081747,-0.3789407676577873,-0.3915550812773245,-0.1598742368624815,-0.30640253835924464,0.3646193673066561,0.3992814727458656,-0.09825482244575945,-0.13539726288073342,-0.32408999943309563,-0.3752979411435468,-0.06817324429075258,9.192687916564741e-05,-0.2192003256834465,-0.046831298863849784,-0.31972243643934106,-0.26319080229817843,-0.1683486010026121,-0.14146169649660423,-0.22032710813804135,-0.08279390873056672
0.2519926241401531,0.2994844339326158,0.1863747163182405,-0.09683456160206894,0.2317557097415295,0.03848246737110351,0.44973856941376833,0.5503047080000703,0.3750971637061745,0.5690479715090068,0.39782936145373554,0.35690761661891807,0.6687745828309816,1.0,0.17701900449971564,0.4859953514713266,0.23953672592844522,0.3637675042302075,-0.11352393355855488,0.1587798411058529,-0.11966978215780559,-0.36346403007807343,-0.36470640469344534,-0.09456813854949542,-0.22154447176565858,-0.44232640744062196,-0.26101473353630994,-0.537752152655573,0.027633660418277736,0.18057748847313695,-0.3980558698981849,-0.4054623659448701,0.015566024635719815,0.17636580984804748,-0.27106106616675446,-0.040820916550410535,-0.0485473565661527,-0.23000112394233757,-0.0963775942261543,-0.32567692305517276,0.030173889392804302,-0.0832289545525114,-0.44767817194117526,-0.4084346816438643,-0.30199961725063845,-0.35640627915080264,-0.30766129801803527,-0.3300480895760025,-0.21833918400448465,-0.209607928759586,-0.34099010931578444,-0.28005324506745394,0.1708130062420752,-0.060622944078627214,0.08986942461724028,-0.10224879695754492,-0.16679760209397082,-0.14936719831923628,0.4247642589534156,0.15602853804557076,0.6267553224065217,0.6808213553980453,0.11249453671290603,0.09144142968343973,0.06748339890032684,0.35536546504007305,-0.29759584794111255,-0.166409291499279,-0.11304809316561781,-0.024460021418036756,-0.16079251975377307,-0.3303263059859761,0.09860500021040286,-0.09977521830109487,-0.013425949254195919,0.03173608531422998,0.07543840530051377,0.03801339564907777,0.04072567571356447,0.1327339285886113,0.10871372613825914,0.021972178533859184,-0.05937075770644792,-0.01631557944656669,0.0669926913779,0.004941686544247235,-0.08921756971102143,-0.3055278294266346,0.10778241983313322,0.3914478578194848,0.28993518775182614,-0.07991495919899229,0.19202378504252832,0.026701591046100214,-0.149891003374854,-0.14536311322029202,-0.18508062896564315,-0.2303632776516792,-0.04568877604179801,-0.19993172338595933,0.486696432792701,0.28733854289171984,-0.03260518277724408,-0.1499768293514091,-0.22844931210451577,-0.22539826396254037,0.008829824705765491,0.07637661190602439,-0.17870129344957625,0.0659441010736173,-0.2532186022527199,-0.27052401046038543,-0.18543579530411453,-0.046371698879426826,-0.14365425330844622,-0.1042405624017532
0.3339970421968435,-0.08104396999112826,0.2616947906994169,0.02885216673166359,0.17956958419380506,-0.010977112313656286,0.4341637815408066,0.008573720892393057,0.23558945186776953,0.25109149829431215,0.7404717895627283,0.1629921388272357,0.5851091500013622,0.17701900449971564,1.0,0.5133101700698743,0.2711705876249755,-0.12366401958258451,0.15641387851853428,-0.005803694340357799,-0.024713180204607315,-0.3558881896368187,0.3734563458891822,0.19334035497798482,-0.11083641867596285,-0.2769756789103302,0.1696037813353029,-0.09276854559708217,0.21127300074247873,0.03821955713273897,-0.01909265070213249,-0.21035118015437348,0.044750683935296416,-0.21212291297942132,-0.20005922592517847,-0.11071055639169185,-0.09671810128969131,-0.37342412271763925,-0.14469695952627476,-0.437987729893554,-0.23248199794372423,0.16674428964637433,-0.2868217126562907,-0.3755792856173427,-0.050574173328349285,-0.19645454063633025,-0.2439162713366617,-0.27681872295741655,-0.006973638345095345,0.00789574831380367,0.08542960957211183,0.04407382512544807,0.15774193519535354,0.097384812012471,-0.11680144409650431,-0.24527995880061712,-0.0480730980067055,-0.18679791976113858,0.21839964711037957,-0.14188919638143282,0.30788763950337095,0.12650821970256088,0.08422565326285333,0.01367722266479072,0.39533311516435476,-0.09093144671036447,-0.3118853667728178,-0.2611113612990072,-0.06583206771774351,-0.1473686093936805,0.03166550533907908,-0.34478880222137553,-0.056115910735955794,-0.05412673891504248,0.05301314685721632,0.05185298230179625,0.02522057059532717,-0.18123955287884583,-0.18347391014339734,-0.0071782448777610065,0.133996197278547,0.0399583291641276,0.6151544986489047,0.2091508489538803,0.4918847032225469,0.2865025054675822,0.31547010788292973,-0.22156921943516028,0.38705580354868757,0.25973662600463693,0.1108326968317939,0.10996520829734627,0.10007463963605571,0.24020039063284518,-0.3304945185006454,-0.17459576623525883,-0.45185407357273627,-0.355339483885489,0.03665635105672778,-0.27946896493461215,0.10431234338699744,0.10927110941669614,-0.2621974274772594,-0.10608018056852699,-0.4236183730636168,-0.12628384349061716,-0.2204558620011817,-0.12946020187815427,-0.33265429294530535,-0.12650456807554836,-0.2602749876028672,-0.2076522189129495,-0.13158022760940588,-0.1892864513991522,-0.2412551276835145,-0.11362809042131666
0.03425209431002933,-0.054328021564296405,0.2164097244777897,0.18017590582561532,0.09107148143079803,0.27822360692520326,0.23468491437432562,0.343259194942401,0.14302306909681098,0.6341270509077646,0.4405103240719363,0.3704109115903992,0.48404407424927637,0.4859953514713266,0.5133101700698743,1.0,-0.08101084377535311,-0.05867356533598167,-0.04659086697895133,-0.14806369445336837,0.08473147693638362,-0.20780623553365624,0.1663924656411668,0.23536273398214813,-0.11380021267332151,-0.168797191778774,0.1600346978334802,-0.032784672076847605,-0.0813947652517121,0.014566532859957066,-0.1470431937481009,-0.1400575929935323,-0.058365564432873364,-0.05249575690710536,-0.16441989372106483,-0.0368681647916464,-0.10827419408742754,-0.1937515879798344,-0.1538019694443658,-0.21689180141074554,-0.09796815374375958,0.043075944107384835,-0.19244422607508793,-0.21137819991853984,-0.1317704897137697,-0.13811293086758117,-0.21682895769817007,-0.18364506822443022,-0.1036955147947682,-0.09860546611637376,-0.03253799709639326,-0.14867908948372005,0.026957431508249894,-0.0573533597923409,-0.07647342348626045,-0.19497859041863166,-0.2221051599792868,-0.2999390735157317,0.3706991322821469,0.0020710260346375265,0.35362536431351344,0.3204851813224042,-0.04142501583984624,-0.09173616414251626,0.34140234777084927,0.3269471065746567,-0.2204904740254309,-0.07910554732837333,-0.15243673664958782,-0.0755581589306936,-0.09456173041426813,-0.16747419502955724,-0.18405729982052005,-0.1660647239587607,-0.014886773517621193,0.012693571949419443,0.0801210464897579,-0.044583253236758,-0.20150170077675367,-0.031395027377271824,0.010556478331278167,-0.12411382013703534,0.06956975406199196,0.265628440877242,0.21699885994436321,0.14578850073959077,-0.05716157660134892,-0.17026430295577055,0.3465524142196356,0.21209024787206274,0.17673726318035238,0.05005124684366599,0.3154637444835513,0.1736868384288104,-0.21250008574163345,-0.03094391462228736,-0.20145183850278323,-0.22547477752924358,-0.2544108308865439,-0.4301543796307696,0.32441156158284673,0.008966489160804003,-0.13765034700729326,-0.14870150203510907,-0.15622668635679898,-0.14852375711111324,-0.26058907773380124,-0.22079432353869438,-0.2955808625302817,0.19054165016022412,-0.17579337394523892,-0.3344928366353005,-0.14710590401650717,-0.04659571494534914,-0.23391015105217594,-0.34995885210451355
0.5085127530262354,0.39410431860816203,-0.28492772540603545,-0.34669914995293066,0.1586989778126286,-0.3754358034960796,0.08784624099985305,-0.23462551829038036,0.07416180085303699,-0.09374808638175537,0.35785381774929714,-0.17533825839140602,0.28232511446661607,0.23953672592844522,0.2711705876249755,-0.08101084377535311,1.0,0.6437167388810053,-0.07546654797868868,0.4844777528801707,-0.34928877887190296,-0.4377912483651691,-0.31182792853917146,-0.40156243799652963,-0.32221391278542605,-0.484222647853301,-0.2850724939652384,-0.5119594208644772,0.43622610664386013,0.40147745723291955,-0.36749382938945885,-0.4699230990671149,0.17128398311431794,-0.20482721680499644,-0.54781959636366,-0.4121195351073115,0.394143990305696,-0.09343805773524065,0.00011695735086752012,-0.175176199031712,0.13774593833781043,0.18641483137909234,-0.3771026962426784,-0.466537702733428,-0.14984665371525827,-0.4749835527935228,-0.09107896054847257,-0.27164177577412585,0.015021228125565233,0.013453362975397816,-0.12063676310975849,0.05567613528252195,0.4423913563685354,0.3317875755737147,0.22486885101192458,0.14261999638140818,0.6271630565501397,0.48419680878857513,-0.08530250259635412,0.12368797555614859,0.3167572042574408,0.37653583681659836,0.6707942227123833,0.6814313719110539,-0.38472975437406565,-0.46930023597719644,-0.20844160442683812,-0.5785142763499531,0.3458679087906107,0.12588466822538616,-0.08801033325004354,-0.35577695625091926,0.4361740076280646,0.2444567710651734,0.23536159606208717,0.1261322634805023,0.024906796600011216,-0.17470514826538033,0.5664904991481221,0.6020921719565459,0.646302258952636,0.6424121289115561,0.46634145756210954,0.07099953479158469,0.2802812249506176,0.1801296546931667,0.21675243058916274,-0.2607633339644105,-0.184292933510973,0.3738693738708039,-0.041951677393136245,-0.15119578244461904,-0.2667889815181252,-0.2475661158365681,-0.2561961814276779,-0.2967691475081902,-0.40683881231885866,-0.20425883392485716,0.3505552097965734,0.1478699818152757,0.13260864367593497,0.17262003430432601,-0.05432833989950946,-0.17700675168883825,-0.448037577203604,-0.11720926781000048,0.1916991525642225,0.1256714554918483,-0.08288048776809989,-0.3317761566505143,-0.3277467215277375,0.09130030006323867,-0.1505011872046111,-0.16060281938590043,-0.06026256735482569,0.22183693702176932
