1.0,0.6924875218197847,0.0927069379126274,-0.3537624792304763,-0.16635830657629602,-0.28907926097687225,-0.30000628566401405,-0.3631754156161745,-0.23123029061964925,-0.3748487319497719,0.15514431671887077,0.06741388170980138,0.0015113477836395215,0.08465308395997029,0.011012549551794489,0.029951041025129875,0.6064945154714164,0.4559159198448344,0.4611047764825286,0.1222700597481493,0.18414469489398302,0.11656928395194802,-0.2571426515121869,-0.4192331679253068,-0.3834485947057835,-0.38614670372476645,-0.2973447020583825,-0.3056293947112998,0.20576473781723859,0.09224480363173158,-0.2641062033689023,-0.42885777445313983,0.2983162360427223,0.06423504860302104,-0.500721397474417,-0.607804242491546,0.0038206315875478547,-0.03497139365362074,0.01750939617938858,0.09133205973677758,0.18064756058084575,-0.22971653027504113,-0.466742318041236,-0.23908472404912048,-0.3281636869066796,-0.41753470818056443,0.13083264268489567,-0.11892860004208462,0.0020022616269297624,-0.09261765810948576,-0.242728505272715,0.0031874181749130003,0.5085115264470988,0.3633914048324756,0.22141309170754941,0.15189052069052134,0.7605343594637772,0.6796608568374028,0.3956711348047382,0.24111370711941618,0.47733541905431814,0.3046000968732678,0.5108494488283,0.7065537830206527,-0.32689327863890655,-0.3476128895770404,-0.3516463784580089,-0.5659500140541885,0.34879950841120716,-0.14045989861337252,-0.0778267834080733,0.011474839088973458,0.11414132697778895,-0.055794473569994466,-0.018194700144222194,-0.23053446678464803,-0.007074417595044684,-0.31933355908865424,0.5311676911970017,0.5022865944235848,0.4451413598100231,0.5930941754065847,-0.14646235378213918,-0.18591206891228781,-0.0764313502778307,-0.08638132627156152,-0.02190831100168844,-0.1612546649874712,-0.047176043532562974,0.20062176033284468,-0.007906095989581181,-0.10996701296946422,-0.32948577648238914,-0.11417497546479065,-0.00018748080164144717,-0.3017344295099353,0.1840739982035527,0.18455022429584342,0.21053394649616128,0.28229610823220097,-0.023431987566325453,-0.06253948879339931,-0.06252957223035253,-0.1847528885557785,-0.13979634694134915,-0.14550574797615806,-0.03658365755673919,-0.16789734684452345,-0.03291814501636664,-0.24056882504819943,-0.377963622838677,-0.07922377428211523,0.21718593321261123,-0.05093566349409276,0.05882510108705371,0.023170640366173497
0.6924875218197847,1.0,-0.017437699643338196,-0.14566651331734054,0.020459167963793032,-0.15014871810054978,-0.2963526298087258,-0.023214715637448983,-0.1245065867704501,-0.03775040336620523,0.2676339036769159,0.4850301670403553,0.2446405424294092,0.34891049909972616,0.16046771962947412,0.2869432578781363,0.4646099921559617,0.47698169134678564,0.18994196139387234,-0.10406345450181184,0.14747117259854656,0.07711267372837054,-0.29442548701557997,-0.502930641842342,-0.40435792440193896,-0.43016090853063216,-0.15471484523505769,-0.26860492278186004,0.06539482473864701,0.13549797670647715,-0.5492452559449458,-0.5373321011573403,0.1600873324492205,-0.06386690264060882,-0.539504695662151,-0.5946389436103956,0.06980353865425165,0.14837780201892425,-0.018986793467839536,0.12496250105507806,0.15096846857634572,-0.17656820733347003,-0.4748302251345761,-0.3242200233687624,-0.40102416400076835,-0.4643250847712242,0.07902797963540938,-0.194027238929655,0.11902597784800162,-0.1310807003410769,-0.05444658400665477,0.08880004937121123,0.5647661169569861,0.3042398331881969,0.1291617937696086,0.07499290974458062,0.6161287100500051,0.7008965080708174,0.549598948732378,0.3743054887922414,0.5022258830001253,0.5994172833587718,0.42111263363527135,0.6546226096633547,-0.32024993995489387,-0.11925047073776965,-0.30486769265415575,-0.5809799086002986,0.3602299546580632,-0.11182402339625945,-0.06411523927722708,-0.06135107803884949,0.14087057742467832,-0.03107733126108047,0.08440452731994794,-0.047931914500655724,0.008958191228159428,-0.3151247396556517,0.26591886482921867,0.43563946028864803,0.4178247467920968,0.4709217646882416,-0.12141267858790158,-0.07052007760053795,0.022470854490277217,-0.0610221246302394,0.06363904050704854,-0.24521141276553068,0.07341941452361783,0.10658231398429173,0.045096611723096244,-0.2602377857139852,-0.27735054895176564,-0.20200734046315447,-0.13570990934393978,-0.3465278966710596,0.16515050986427016,0.025826469006528713,0.20254503054349104,0.033246188732114434,0.1165000297236829,-0.2925262884367102,-0.03880574464023977,-0.2233912635134642,-0.20638829828649005,-0.30433582107834023,-0.08555898249284412,-0.20872698481974583,-0.13663348600263273,-0.3072689384045683,-0.4664910300767615,-0.23604383196949988,0.08808339507023301,-0.2988825244713779,-0.1181685260051085,-0.1385300642170453
0.0927069379126274,-0.017437699643338196,1.0,0.03144488497042004,0.42502220611192854,0.3492804151996929,0.6591875071154077,0.08191946178815071,0.4797286482915654,0.09725434381381684,0.22149812484636028,-0.0160934791254257,0.3875831852716736,-0.004325997554153148,0.42057381270479177,0.05209700132187407,-0.07374829059170665,-0.1335283860802003,0.34651778263197214,-0.17310673299192067,0.410458924183191,0.38988901656666614,0.4764427434850867,0.1085039091529602,0.07092800493378389,0.06713079370290281,0.3768808857271585,0.2722760641367051,-0.08066117478348399,-0.26272927608556135,0.14491334240863185,-0.0366200410173638,-0.11672390074776978,-0.09703397287335323,-0.1406168699695555,-0.08943562678346104,-0.09227839716109937,-0.05595101565348235,-0.12216289726729826,-0.09565386623029137,-0.0759034112476334,-0.18084735868518476,-0.2722269615181295,-0.22522618364577235,-0.3468195993138766,-0.279802502126033,-0.2841774920452123,-0.21042838866960392,-0.09307870146207765,-0.2902023601814422,0.07403605349413347,-0.09002573630432492,-0.013828694811605086,-0.09162735652864633,-0.15668387673609738,-0.21425208898617765,-0.07369132067237434,-0.09145979381094317,0.054281749677303676,-0.20678307804373677,0.3695629715856452,-0.10370429051595748,0.08888059340848521,-0.13346248157641197,0.29235976370180344,0.06711137072077955,-0.09837750736873298,-0.13336432325481354,-0.017297698914737914,0.03714837117665814,0.31141092194164477,0.19128425529989881,-0.1796113991780902,0.17366582964945942,0.1306297315431097,0.014076717522613772,-0.029408067050740564,-0.081254056069202,-0.01235089032075612,0.08393530549887952,-0.31194661560692505,-0.237375196793588,-0.1777511065897995,-0.32920710224126887,-0.05763793332589365,-0.1580669208171746,-0.09313605443477029,-0.11052684980707955,0.12855676533116514,-0.08332275839359726,0.0028368013140595604,0.3032136016780602,0.14334647976485673,0.380953744401839,0.06778397165219409,-0.07087248437019879,-0.16516442863708797,-0.07583403816308264,-0.2248052674966294,-0.0353507992804373,0.11044938120824241,0.2247599031979629,0.19904951913658,-0.006605706733387366,-0.011453623837654482,-0.133637453335051,-0.17073908928463694,-0.21067928948401793,0.13289902661884706,0.008120937892387884,-0.07036592338471835,-0.05930074671574575,0.03626311487615681,0.1570913918174024,0.20001430982056492,0.10567434069117496
-0.3537624792304763,-0.14566651331734054,0.03144488497042004,1.0,-0.16380068324082095,0.42439738690635087,0.2599497205683521,0.6313342391060736,0.10186822439137608,0.5124133938793851,-0.1204879792538578,0.20361332594362153,-0.101256489929304,-0.09445016601010849,-0.02414495773831873,0.07665099657647537,-0.39635248798709266,-0.38346967441793295,-0.10358818801628061,0.05336918525434557,0.016629472017388076,0.0127731570041032,0.41924220518903355,0.6112338091062878,0.1350934203488675,0.5280766378655996,0.08086196744064468,0.38298367763924474,-0.3855955506468706,-0.4261040064944297,0.02347514826892883,0.3512373196269267,-0.2875711213930285,-0.004075065091905435,0.33985992588729325,0.4770068274820428,-0.297274203119648,0.08149062862436597,-0.4021900595013134,-0.3204985792983243,-0.11505023512751933,0.04326697090340892,-0.007804638407516582,-0.08748863135026241,-0.06498107525498346,0.17212427108892392,-0.20221327400322334,-0.10297447250774366,-0.25621384047390067,-0.3622157467777179,0.058855734490746034,-0.29369766909581657,-0.3303285821923977,-0.36949233486821925,-0.372675384635296,-0.43466164261731405,-0.3777607278801337,-0.40783991321323293,-0.29527149575310985,-0.3716864879726881,-0.19507682847818456,-0.16372771567432173,-0.3439719509027858,-0.3647393243675237,0.4707989627559526,0.5865380643967553,0.11621086699042757,0.3445882667077295,-0.0554777714709247,0.046444049039925744,0.041558845852263736,-0.14512310488211927,-0.3802706999554861,0.08948344543869566,0.055637856721776534,0.15083897513007857,-0.05210489468196782,0.3409851483673984,-0.37418837986372044,-0.36334737355203034,-0.42307415856964675,-0.6010331837441522,0.10567167780781253,0.18321109825246443,0.15812116641611126,0.3314504826924723,-0.007388396194241516,0.25378754065226994,0.351175270038828,0.01994063054641874,0.018146025589687746,0.009345247286722915,0.5006465102975501,0.17574216461824085,-0.2994760433173015,-0.2162631420752766,-0.32761764109162134,-0.33802321414075276,-0.42215686044417494,-0.34529426484024495,-0.019942443794249386,-0.20477780785124297,-0.3777440785290137,-0.20667792350909148,-0.1996525896957625,-0.16140780062096183,-0.20867892506583827,-0.21150668334223766,-0.25934368668937763,0.042571166524754865,0.254878272059732,-0.21533077577151824,-0.3981993845067993,-0.08203779842528452,-0.09917806937530674,-0.3293694349529432
-0.16635830657629602,0.020459167963793032,0.42502220611192854,-0.16380068324082095,1.0,0.2575931280760316,0.3526403622248733,-0.004992520321900932,0.6728660377252039,0.4078794819270374,0.16644815346760736,0.21352854871974208,0.4397933906514245,0.21961617916447138,0.5290221254671521,0.5399314172015922,-0.013060156683524143,0.05074108370980185,-0.10766677719957062,-0.28933440046068043,0.40518039998014754,0.3897027350378226,0.15204686873562223,-0.1157649443093665,0.15667617218812807,-0.19953731313710038,0.5083915566047482,0.10522363498569268,-0.002793885362456956,0.11110912862904895,0.14605725059939037,-0.09110973243048186,-0.0018560283474516421,-0.26490853583952717,-0.2209312337461706,-0.2322268328497671,0.17395890461104127,-0.13459118457827346,0.10770300101675896,0.17346208094269883,-0.07644591632399497,-0.06090241328738585,-0.2696365496413762,-0.3839594886456654,-0.16276133722482078,-0.24576377016640594,-0.2385434270074441,-0.2948960026580817,0.24686337917243345,-0.027160375294182137,0.11135199680459368,0.006208957534296301,0.0034981934674433277,-0.006344947790387264,-0.03193078015277254,-0.02665190431228828,0.014647772964404025,0.066552873784201,0.20756191418893422,0.022539488693418912,0.3106936151440065,0.16158596443305473,-0.1407627710243085,-0.2623360267326291,0.13767138562228662,0.12247382523655224,-0.04710907969488938,-0.2283648341323486,0.09124366317284555,0.24866610212316118,0.3120091548969033,0.2019838990021793,0.1025517749046167,0.18489233373984904,-0.009787407282403765,0.2675782718070445,-0.20032670251952053,-0.3608138050818015,0.03403957941682312,0.10532486286202286,-0.17695463439210593,-0.09209568103705608,-0.2072228210327248,-0.18568276955332016,-0.16981294554929807,-0.27759183015735256,-0.09696318341778916,-0.2796362583629154,-0.01742370531938103,-0.01937063916264808,-0.1272545687363443,0.11197006990405864,-0.004363280441543853,0.14879892584417564,0.03237957949808958,0.17396615773821997,-0.17786240616789378,-0.11130947458578774,-0.24551551275023126,-0.2594406294226579,0.047906913492630404,-0.030162205773859366,0.15135016611986699,0.1621983333131966,0.12434103203654803,-0.04984164063936251,-0.09482831305523588,0.020013193587271976,0.19471100339753417,-0.09720274381240497,-0.3509274451078577,-0.22864607971998055,0.02232097819576069,-0.1364770601478464,-0.09619634535076058,0.21634827922185743
-0.28907926097687225,-0.15014871810054978,0.3492804151996929,0.42439738690635087,0.2575931280760316,1.0,0.3344745718973293,0.16702323391064397,0.07877743391471427,0.34036201486210166,-0.2608007496481704,-0.15110965368447923,-0.1933204676334129,-0.44704197211002583,-0.12324869295197408,-0.131357940132648,-0.20584088354119845,-0.33938243955872244,-0.1404119218141053,-0.22154432342658725,0.08665308288424486,0.1440310642086667,0.5470745457705042,0.46604819308644113,0.5158979442702404,0.6630985411693558,0.7569597676706141,0.8522791803994314,-0.566177699987942,-0.5209422263407678,0.22763755062292199,0.07041810540515825,-0.10528129803049252,-0.12178553828853105,0.3731319141722462,0.3509992185248898,-0.5075827659470511,-0.25581513187797433,-0.07731889678711482,-0.11588984946977403,-0.48086943289631784,-0.30275401907841315,0.03248970446101479,0.09389484800854568,-0.059122517010234396,0.22359760554020824,-0.21471592342776002,0.07655599284184657,-0.09480340332426809,-0.13443032443928352,0.3137634429238018,-0.029306777505760283,-0.3402433316407398,-0.31531841429218166,-0.26324274675873793,-0.14169470498010367,-0.025611322699847127,-0.05216320888950902,-0.3620117927611454,-0.2491764196767508,-0.20069558955750735,-0.25495595766119533,-0.5219742214678875,-0.3275914676875034,0.43684178972586996,0.38157368295044125,0.23645603835643197,0.40687457436849517,0.19997779946547123,0.3141574619288915,0.19794075452691653,0.06944538487222864,-0.5200068687548203,-0.12280108624956525,-0.1764566532830784,0.022420197979243228,-0.3119329078987151,-0.1519291409144704,-0.09636498248685484,0.053398592497401955,-0.2871056476246056,-0.3504357137871776,-0.2543712366187578,-0.3212328547144549,0.26539830445895185,0.3883497515910771,0.14609615808826285,0.3387286314205913,0.36334584796227254,0.1306996834032577,-0.28636031330650946,-0.12904178492005028,0.24511159739262214,0.13466863254251635,-0.008523213349731586,-0.08888912751994286,-0.12017293850199164,-0.28065199911859995,-0.3005859986006864,-0.26558734097247605,0.015240530023191094,-0.034959840762805755,-0.03292718990196308,-0.08901137605566128,-0.27442641100958426,-0.4414404647584866,-0.19957999081751857,-0.27807692632299785,-0.019851082422945657,-0.16079293630301103,0.2655409096887244,-0.24502068348626524,-0.25944626545244964,-0.1643544169590338,-0.020143024428451256,0.060046833626272916
-0.30000628566401405,-0.2963526298087258,0.6591875071154077,0.2599497205683521,0.3526403622248733,0.3344745718973293,1.0,0.4538165345932151,0.514607006876248,0.3379644856567375,0.0012181171746937706,-0.009268246506775409,0.28986416659675324,0.09741310301989824,0.27100162141257667,0.041806764758197244,-0.4124731488550111,-0.34668572949938736,0.09186941537726699,-0.024139411190805204,0.16673243973037682,0.14067796386199466,0.4078496792959432,0.21300106189938153,0.18266368139406486,0.18824358182481182,0.2827960137166552,0.167593536001427,0.016634548671089246,-0.09834102512314027,0.2425414782672054,0.21869021139006592,-0.1988639182247863,0.10033819359520792,0.033776031428506124,0.2118517629254263,-0.013310072963547389,-0.009486490149501803,-0.2392873096558458,-0.17714723022419035,-0.0342992882926629,-0.018865463284045512,0.02703766008313892,0.0017789805047831377,0.08601867035644092,0.10847869184128062,-0.2628932457054372,0.012889255742056615,-0.024869753269948072,-0.05484517673774258,0.1280092737280352,-0.022854208411077704,-0.3340536312790784,-0.19522615096098853,-0.3939760585100778,-0.31009969590323366,-0.46447580708837577,-0.4353649082883563,-0.2548759510482825,-0.38986689955088677,0.05545078605478768,-0.19864145899980368,-0.08096818342878798,-0.40914197633279925,0.44694522124436165,0.1943454248363151,0.0028157289937395208,0.15273708957329654,-0.45670140767972495,-0.043182439734441094,0.06773234505454549,-0.009752856957100256,-0.030639185679562083,0.12178949221634035,0.084528742011231,0.019889745699340825,0.09227470199369521,0.15728894782573674,-0.30428031042088877,-0.18486732261369643,-0.46085721367383686,-0.45768974610100127,-0.02017901645198355,0.03999447681563385,-0.20651923815949969,-0.07233347745897434,-0.22314270899684888,-0.1418415189479341,-0.09984098942522167,-0.3368660761630723,-0.12914322565391925,0.15312166879899575,0.27134717663182994,0.2349133039452321,0.010431327867588392,0.07012900850901194,-0.2755406264427842,-0.10517234144070475,-0.26832365910522105,-0.12093984046785389,0.19216938354150384,0.06893547925856826,0.08518314269902162,-0.214231853155813,-0.056355994016900314,-0.2189702544291024,-0.20190713983861364,-0.22846635206466684,0.1352228400674925,0.1090351398266611,0.06873108082001876,0.009787974686544796,-0.17934650313339878,0.1629240786692983,0.03457055240051529,-0.024806189928002563
-0.3631754156161745,-0.023214715637448983,0.08191946178815071,0.6313342391060736,-0.004992520321900932,0.16702323391064397,0.4538165345932151,1.0,0.08473794890783262,0.6139193635307233,0.05277653455286731,0.41295996473060503,0.23098220606342088,0.401643222750646,0.045540609993668414,0.2083696320018859,-0.25573635228250435,-0.1122646686281147,-0.1437972829776831,-0.035069574980529754,-0.16839528088958008,-0.100905364513391,0.04033247610705842,0.06278087880909508,-0.1494407323060428,0.08443543452869057,-0.024176549369987914,-0.05630740399064432,-0.03233656291521572,0.07092853842466439,-0.22544891895978553,0.17808794830858782,-0.2296963545350947,0.12797518221813806,0.08549527167075825,0.30616393185395274,0.03925240289761178,0.20704135528540496,-0.45189214625440194,-0.3182132322383084,0.13138551534489465,0.10988088696963712,0.10503485058925555,0.00020541498938869606,0.015223325092062326,0.18968476409856533,-0.13724716433883535,-0.030602443425633893,-0.0893558747496313,-0.12626070715033982,0.14123169979160458,-0.030151752663638506,-0.3297073336150323,-0.312172326669323,-0.39151971573116057,-0.25976918296744533,-0.4382068451356485,-0.3944914141808506,-0.23386112709433185,-0.2901057955407842,-0.1263077048705246,0.15352356610017248,-0.1742683226397107,-0.22782750472148208,0.22094438399260538,0.541217930481341,-0.03275071599797622,0.20972280829253168,-0.38906435925956556,-0.3747067681931508,-0.197704232484076,-0.24555879042508832,-0.03292454173143807,-0.033908796202071406,0.05854417306054632,0.045341669454318986,0.1529703036252381,0.3836337554302752,-0.28614178615516234,-0.24419056183280002,-0.19436118194873586,-0.34259057211503147,0.07085701181686888,0.25891023965806137,-0.018554369755457083,0.19058740758052414,-0.18481025483612115,-0.14914035270237033,-0.01882238169622262,-0.3064027982487245,-0.03230169611029779,-0.18249497122244207,0.3312987501668386,-0.1164508206040786,-0.33530701564397136,-0.22377513831971016,-0.32228179141601626,-0.20497733211406632,-0.3386536275510528,-0.3408647255164653,0.14922624071862461,-0.2765607869919983,-0.19536294155755796,-0.3154649014298813,-0.1645943601070766,-0.1621388653182131,-0.16312210345039566,-0.1637583776916517,-0.25013102830642775,-0.029531861671822084,-0.032871482614689154,-0.4016995845440958,-0.3165296646801368,-0.11459252439969134,-0.11793594011764053,-0.39369699180267953
-0.23123029061964925,-0.1245065867704501,0.4797286482915654,0.10186822439137608,0.6728660377252039,0.07877743391471427,0.514607006876248,0.08473794890783262,1.0,0.4756310766827497,0.22202758743763418,0.34317439414107637,0.4812916598640866,0.21657282615601536,0.6410087895720276,0.5022334126148607,-0.34877767467395493,-0.21407520086765916,-0.1213413394642593,-0.2619452270080768,0.3738076443825426,0.2798601191528788,0.42168511484147564,0.2432014526420315,0.04416580272178319,-0.06432330900215642,0.1119035323624009,-0.00012054428404824656,-0.07147492349928869,-0.07206708810129282,0.186263401620488,0.17424696034932133,-0.3061856113696804,-0.273114419616639,-0.06802764382350701,0.04389407399294825,0.10390852819261356,-0.0281501912350881,-0.09225931880978186,0.021762809626010116,-0.059643759260203044,0.012049683408844295,-0.2068666098671248,-0.4062282929796059,-0.11414028814685442,-0.2032384939339845,-0.1855612050942664,-0.31832274809389194,0.13085686946633562,-0.31644224716595143,0.06754506655966039,-0.21163536624826462,-0.029632216007599285,-0.000435003462045158,-0.16184279075477187,-0.29911210364595825,-0.34376446392225773,-0.3069286967628925,0.16610954261748548,-0.21858409245971464,0.3863666872838895,0.0513985442334289,-0.1202442016953976,-0.3916567988967773,0.4386230887748236,0.29030167479518404,-0.09922268581085733,-0.22753506433801973,-0.050125518452299615,0.15856639190929286,0.46078174565890656,0.18904257894069507,-0.02527934933046203,0.4055570383510412,0.24065904920782658,0.40697366490148107,0.07215022766721327,0.06193246063995288,-0.24786238810597241,-0.14499328746764437,-0.5635197360595336,-0.510780167636767,-0.0017439720221530644,-0.03924616039973768,-0.2825531512713011,-0.40934316320206415,-0.2382424432406754,-0.13458408200366875,0.1041426093692284,-0.07394588425124585,0.03880654572739743,0.38938134856352435,0.28477754458298554,0.5575379094156738,-0.05669491810539053,0.16449411758788537,-0.22708267876574362,-0.1616402439767134,-0.32536752314837764,-0.18230062677931755,0.161383873348554,0.038425717673432024,-0.02069278387375406,0.11389707416775434,0.12603701357683358,0.007943251305274505,-0.24619521537476194,-0.0812852510355857,0.17595706286077806,0.11270074214380911,-0.13819649811500373,0.10048093347263957,0.008384820809606012,0.09162268078392515,-0.15285929455811495,0.06877296032480765
-0.3748487319497719,-0.03775040336620523,0.09725434381381684,0.5124133938793851,0.4078794819270374,0.34036201486210166,0.3379644856567375,0.6139193635307233,0.4756310766827497,1.0,-0.06390790201572075,0.3688326834392184,0.2012466107748792,0.22898657892758767,0.1871959717183954,0.4812715762570179,-0.37499122792582745,-0.24007459481457072,-0.3841013840599474,-0.33154114942451923,0.05806881455563104,0.03812537999278762,0.19356577778258388,0.18571938532168328,-0.05815879519012197,0.09188409328066162,0.18410636179442771,0.1384321144607936,-0.35584961939840104,-0.11836782320944415,-0.12117900395207955,0.13238306937474278,-0.2747958607374207,-0.2563350622491621,0.16228671543747436,0.37550479141306753,-0.03501273078832052,0.013255150376676595,-0.35971721505619325,-0.27355401507805543,-0.12113703706741052,-0.0827990618595499,-0.055795099053874836,-0.24409308282111083,0.009410041159929255,0.11582222843387265,-0.18023168185587446,-0.18342020606743342,0.2069128563008685,-0.1629663034062525,0.21008308435192058,-0.10788290912990454,-0.22883736304560404,-0.17272702471200282,-0.34536638080021026,-0.3101034517269786,-0.31106460329747326,-0.24047982189374875,-0.008417062261396572,-0.13907356109678776,0.14701134860676277,0.3000620532846045,-0.43396656298092606,-0.37744610464463385,0.4952947311623881,0.7769228701208456,0.005541994595791332,0.07646899036324331,-0.03898245639385593,0.04184416120330827,0.14735848763472045,-0.12293689268032275,-0.24604367708883065,0.11715538509116875,0.01843901249321245,0.30153368583051315,0.07709153735793138,0.10380800124255311,-0.30064792372042604,-0.03547274981126071,-0.426235768739726,-0.4535437317460956,-0.13531487105781537,-0.058573429050389376,-0.058149824625768044,0.027006628827823315,-0.2520362967293849,-0.011553990117125969,0.18474207198363632,-0.1324197809610237,-0.1434874844826468,-0.04198929161123627,0.39464453705106856,0.09429640667603999,-0.1387917908367387,-0.0020566523945971292,-0.3522888715360136,-0.15432578755412515,-0.32735817214356794,-0.2766793793625584,0.09679938056171165,-0.23249151406041305,-0.13513044289698242,-0.09694569411978415,-0.0495838518485995,-0.185392147490007,-0.24854320882404607,-0.21771472417066204,-0.10238780691764626,-0.1544376533158265,-0.14457362945783608,-0.26143172538628073,-0.1456845235493255,-0.1432535425140304,-0.1267511558874384,-0.014761569120408564
0.15514431671887077,0.2676339036769159,0.22149812484636028,-0.1204879792538578,0.16644815346760736,-0.2608007496481704,0.0012181171746937706,0.05277653455286731,0.22202758743763418,-0.06390790201572075,1.0,0.35380382411068756,0.8275582255656498,0.391361176349297,0.5660996050897518,0.20357690122103417,0.20420377373515797,0.3417151179522439,0.15914173752986582,0.02217911879463923,0.16189774630923173,0.27976008438158034,-0.10292625013631321,-0.28557400433199437,-0.25049790066452093,-0.41590626031929034,-0.05307059395500716,-0.3069256357306821,0.25491157142283055,0.27331262057515926,-0.2684344054465186,-0.14745315164663544,-0.03739109032135605,0.07448555686579408,-0.38838475439575026,-0.34985908994044496,0.10153010925728521,0.19109010502418658,0.03602794262516611,0.17803742555014548,0.09689033468016754,0.002304154171414934,-0.30064032180967326,-0.2323636431896843,-0.3742521714383863,-0.3560854117203406,-0.1772025042390907,-0.33250287557294816,-0.121590628731799,-0.20460925458997428,-0.16528351878994665,-0.1707014966104304,0.09590633314130603,-0.12754244717343022,0.003948746069805601,-0.13321649842779326,-0.05323429559679722,0.04519975369479576,0.25188742626391825,-0.006498873907994462,0.24318410949736874,0.13761976097957881,0.1627157980915388,0.1565817087691178,-0.20789235424230706,-0.18700339360658014,-0.1419443113204214,-0.2415767033372318,0.08746134091180349,-0.236258705345077,0.14592361931796435,0.1642496303338489,0.18746793860571653,-0.04216281998733135,0.02360390214834409,0.06162342564401436,0.09465003182407865,-0.0038566164289747015,-0.1162096185358718,-0.0805253190230271,0.10841381481082325,0.07391047048059021,0.4925105780944562,0.28884737488163137,0.33640507473526016,-0.12913654214258127,0.37037991221178845,-0.34662365210137214,0.2600674218425532,-0.14848658475409965,0.1788856077681547,0.00013342923152283558,-0.1231310578307345,0.10080708092373697,0.026394227018964506,-0.0853035298866052,0.03831541893293328,-0.10589840157105024,-0.06650332699987915,-0.22192050215666076,-0.06853669203387809,-0.0914267744005212,-0.08752882907321369,0.07985675955235445,0.07861485112956891,0.10471108004335616,-0.12373818292767365,-0.06914100864681856,0.09633784673752593,0.16373563153958368,-0.11776139446626267,-0.2067571886338774,-0.055048423607850526,-0.07202056845341553,-0.07494804011399445,-0.08947064927249583
0.06741388170980138,0.4850301670403553,-0.0160934791254257,0.20361332594362153,0.21352854871974208,-0.15110965368447923,-0.009268246506775409,0.41295996473060503,0.34317439414107637,0.3688326834392184,0.35380382411068756,1.0,0.44272605500473394,0.6598166950519115,0.45095146438985956,0.6529778549238587,-0.03539771913950569,0.3141533432703394,-0.1631109731138664,-0.2131328253430646,-0.0840663165975464,-0.020216802433279318,-0.05646336402383749,-0.08560371548348948,-0.3405752597689923,-0.3591602896068912,-0.27008416564006366,-0.3372032720146974,0.06821003089671954,0.22291686978529943,-0.35696656525073156,-0.0776745384950841,-0.33563608038975534,-0.13063567796513365,-0.2668091345575095,-0.2408676920172306,0.2414685398630783,0.10703098203360054,-0.18074774755311998,0.026920461429313765,0.036345352150137886,0.07893599006158031,-0.27419591596518317,-0.3849551923567949,-0.38622565873072345,-0.38638475907153097,-0.05454799326754885,-0.3949942561143427,0.09465958687209215,-0.3566572735872475,0.015991158475122464,-0.08315094724204294,0.22447794859676626,-0.03737991295217141,-0.011068633579903888,-0.19797379909447438,-0.05496222166002345,-0.04230781193662008,0.36726727042981394,0.025088351552992286,0.31242870435994174,0.4836857413174273,0.08592611642414556,0.134647104976923,-0.014868688919407434,0.2964609414094218,-0.27310800934671514,-0.3795410760952728,0.031045102730569513,-0.22666643062199637,0.155479526956226,0.026009489464309504,0.12805393397244363,0.23903185917550107,0.18363549817726982,0.3286972016771645,0.16930981363198908,0.07614185540653151,-0.14119515344111389,0.033507192000867006,-0.07861840756213356,-0.09111857914039781,-0.002692817835676425,0.3069904298658938,-0.12039528016810568,-0.18684655869552189,-0.04837173815684019,-0.2044928884882375,0.048090207265021855,-0.014060176918112417,0.14181966201589208,-0.01788787909469571,0.12823554293643674,0.20154039563689263,-0.23020826287538315,-0.17370325372608442,-0.15734516354688027,-0.22077501299557678,-0.19962585198062843,-0.2731951097652992,0.1221930712674093,-0.22378627558536301,-0.20908052493505735,-0.04774863254935873,-0.047541199262073085,-0.045987743387583824,0.008898724507234269,-0.035691014548185775,-0.03651980414327443,-0.04104848957494264,-0.42240901936040803,-0.3173847822930266,-0.24647221911333958,-0.1478415013921323,-0.18253939821948348,-0.21387665941073872
0.0015113477836395215,0.2446405424294092,0.3875831852716736,-0.101256489929304,0.4397933906514245,-0.1933204676334129,0.28986416659675324,0.23098220606342088,0.4812916598640866,0.2012466107748792,0.8275582255656498,0.44272605500473394,1.0,0.5476951362713838,0.6753613746101365,0.35924842707795135,0.09273227569085536,0.2587817443860661,0.08842419861336065,-0.1777706108854867,0.1949909315667178,0.17686416164994886,-0.07065351055946839,-0.3327813075997116,-0.32040524630365325,-0.48728926708448767,0.02189164648150211,-0.3507464619816317,0.27516142176696384,0.2745402421270292,-0.26794755874182213,-0.15819422937484226,-0.07276936890870142,0.008460673294864463,-0.42774840649069845,-0.2865300628901269,0.2210812892215676,0.1939729474113743,-0.01572164919967368,0.019927049564744784,0.13429758999328925,0.046676130251265935,-0.24202222009632673,-0.24615609440529143,-0.293270815279058,-0.31473396131092596,-0.20791627096812443,-0.32803833389858134,0.06739119093602093,-0.15534162628482967,0.0008542610556799596,-0.030914484411476723,0.07627802847514327,-0.062407125844025656,-0.035462531209944165,-0.205460598536327,-0.19231958343758332,-0.026528153420368673,0.295885302089598,-0.027078814349302253,0.39024578068562665,0.25776241958765406,0.15587112658998709,0.020916573454937686,-0.09105703417286551,-0.00761972103894167,-0.13802746976244232,-0.28327059740720106,-0.14096443811342116,-0.2062216741329965,0.13375791210342575,0.029398970861310825,0.2815381948530319,0.04145505868327141,0.062464159249472025,0.10250204977558354,0.15434925978193453,0.00669092439584367,-0.19879756222686168,-0.08150345630628103,-0.0019914295320862625,-0.04211026531946999,0.28045375159914904,0.18270713692252483,0.055530370868487486,-0.23844068956627665,0.14492368997489188,-0.4496154849301434,0.09896664216089757,-0.3030604528527913,0.07846488536342341,0.050842463704539834,-0.0989405150111558,0.09307575329062298,0.0739208939346145,-0.03118763964850213,-0.06312358332645854,-0.03341218256727472,-0.13546145965310846,-0.27014877042922697,0.020877868684905425,-0.11701532727946544,-0.09999409067277532,0.021303318819241215,0.10269666506088372,0.055607124440505355,-0.15722060195239895,-0.0630981427640886,0.11559050456831567,0.0763573138359612,-0.23395915672496212,-0.21235289735688256,-0.05191174294765118,-0.05004939995196941,-0.03335681862150136,-0.024808697191424527
0.08465308395997029,0.34891049909972616,-0.004325997554153148,-0.09445016601010849,0.21961617916447138,-0.44704197211002583,0.09741310301989824,0.401643222750646,0.21657282615601536,0.22898657892758767,0.391361176349297,0.6598166950519115,0.5476951362713838,1.0,0.3131538967594745,0.5873183300557615,0.07941598111578933,0.480925348239327,0.018295377106427098,-0.010932697874049229,0.08417152339176935,0.002633697810132532,-0.38046057649801845,-0.5105846878515997,-0.45816400841432997,-0.6600412283850867,-0.3099544935779806,-0.5963383100849209,0.4320744320787113,0.6252993804262966,-0.3942920003083865,-0.1941207255785881,-0.017619421136154396,0.04776652946173475,-0.495589406094933,-0.3271197296144124,0.5491418810106178,0.24258131423777124,-0.08202318058093086,0.008183152495260816,0.3500713542459614,0.2792321323855188,-0.07272811171405977,-0.22144264384689896,-0.2134141051120039,-0.3614472218945139,-0.1373809040181817,-0.3502905737042213,0.09393765662223039,-0.08296863416046829,-0.13179846457734382,-0.04767908893875638,0.1904042259115644,-0.011652019877234555,-0.0469328486866102,-0.12073722974993803,-0.15846628387488482,-0.09608814008827464,0.3589743130774854,0.06349144473392461,0.38097843304874945,0.5511818209715932,0.42345238427217485,0.3308079220958671,-0.2872414383033243,-0.011439478548218567,-0.35328464325296705,-0.4477758788741235,-0.35058956496012456,-0.4335366870507673,0.051172787152488866,0.0630632241015456,0.5155191687072654,0.25897781241247636,0.24361014727716057,0.24277355989538227,0.30465693815218503,0.2182965430058787,-0.15072254646593947,-0.04540422722362553,0.24113630782277354,0.17590910868158172,-0.03716915238813527,0.33564382198879483,-0.3787599108895679,-0.4687026037164153,-0.21572689282930907,-0.5080939762322046,-0.3465689470884592,-0.40347595233792743,0.18696816028865887,-0.001737833866983344,-0.010822190063945665,-0.03020477036899471,6.00724520569281e-05,-0.01099340764817171,-0.2627206172358179,0.011469846442785403,-0.12453069194301439,-0.16987576277090538,0.16003796658313335,-0.12578846139750816,0.04277988777454166,0.06650669767947118,0.21144006108179017,0.15994933637750894,0.12122889485060188,0.07071768274743374,0.12468130094253904,-0.10064376661661874,-0.5753665717916392,-0.24822570094552615,0.04781550914145519,-0.008189553463257004,-0.02415604175722919,-0.06941697703776115
0.011012549551794489,0.16046771962947412,0.42057381270479177,-0.02414495773831873,0.5290221254671521,-0.12324869295197408,0.27100162141257667,0.045540609993668414,0.6410087895720276,0.1871959717183954,0.5660996050897518,0.45095146438985956,0.6753613746101365,0.3131538967594745,1.0,0.6000733132592501,-0.07857716071341087,0.039964317144871996,0.16056618124980407,-0.036687901251825535,0.344768285396901,0.3878806520697022,0.256761445075839,0.03610694359057465,-0.028480619877759766,-0.22892173581033692,0.06781050123083382,-0.1797182349554433,0.2521690610295512,0.1183256002271817,0.06137998699845282,0.06654233379983948,-0.2559150078224727,-0.21913666398479215,-0.41027403903913245,-0.3609466274379973,0.13226228481685978,-0.028837985954102772,-0.011881624539506487,0.13903201268111287,0.10756165796796371,0.09712394447482488,-0.4204654048292191,-0.5319261388728048,-0.5029476500569428,-0.594980615859042,-0.2776307098473837,-0.5019306123218235,0.04250623714742032,-0.31954296753379874,-0.054377250883855026,-0.05086923656489762,0.30178809972038734,0.14378962539648824,0.12267025456194156,-0.23769174698889828,-0.16297834602616681,-0.09062126981975056,0.3552849897675055,0.06275397824315779,0.3280234834137391,0.06790444088366532,0.1348222208466105,-0.15314624224742468,0.06821835136220217,-0.03928721165372245,-0.36333542943401537,-0.4838188562249068,0.06856493618831593,-0.004002848221943511,0.32524749643637596,0.0846815625533428,0.217135255230459,0.3109396018768592,0.2807563637620411,0.24344223470003437,0.058170973146993966,-0.14109118728255238,-0.14920084149420282,-0.053229503773807564,-0.3279099112982628,-0.24800003148307997,0.3896843384274197,0.2157746922987331,-0.06285434760187096,-0.400650689619281,0.1448502481847873,-0.2744870106522689,0.1803135142270295,0.06962601435608189,0.20351691301957178,0.3873054547257782,0.038178616204836445,0.38396865452542406,-0.11360167378715853,0.04476198961153422,-0.08829148579553278,-0.20604051762570974,-0.08243281962485609,-0.10047140646725222,-0.0016580685901123483,-0.02210188721730039,-0.05494782164744787,0.1320057448469196,0.14227963300186508,0.0937928088867689,0.0014169463876221105,0.053018735886420365,0.16654903091181722,0.23159867342691345,-0.2528369412365043,0.023584868648895203,-0.007034338535952069,0.09505215253865078,-0.2259101710951373,-0.10337657859405927
0.029951041025129875,0.2869432578781363,0.05209700132187407,0.07665099657647537,0.5399314172015922,-0.131357940132648,0.041806764758197244,0.2083696320018859,0.5022334126148607,0.4812715762570179,0.20357690122103417,0.6529778549238587,0.35924842707795135,0.5873183300557615,0.6000733132592501,1.0,-0.10795751285160644,0.18409200662030867,-0.12785961305906485,-0.22970361899180206,0.33169067062426294,0.2861656152690842,-0.048927458749129994,-0.1259062151885136,-0.1358924819365581,-0.32722881806788595,-0.03731571538333431,-0.229468430246692,0.14169893684694937,0.34929590307459385,-0.12104726155358177,0.01141925222830545,-0.22110753457681498,-0.2744576936009294,-0.35621096429883436,-0.27080929012650484,0.26204434675673666,-0.036866399905884216,-0.05850883153714938,0.1672317086346456,0.23108762076248415,0.23650419025046043,-0.3626179610938325,-0.5290324666686647,-0.3575383007332189,-0.4681794796475076,-0.13031463415530123,-0.4412805917217839,0.16963989677848146,-0.2564047309115231,-0.07728513721686998,-0.14311516998584264,0.2888963091258025,0.11837467242893313,0.11633202726770864,-0.09094212262714066,-0.05782721025885453,-0.019422312093987742,0.4256224592155586,0.10955570766367163,0.4074076780352546,0.43022501717627526,0.0834132854350207,-0.046986906477763275,0.07507465053852447,0.23139196542570548,-0.4391530166470001,-0.5461321559586302,0.08827008077181296,-0.12153980017925782,0.34527947698212996,0.13106916231998597,0.2524134484201345,0.4542628356861109,0.31363850467407184,0.4492521373508627,0.08024282438029856,-0.11504659449364803,-0.07931931237287178,0.04277217967280989,-0.2059520197545201,-0.12399942229810308,-0.014876926781518808,0.2470398732982969,-0.3288578573468233,-0.36887313512208564,-0.1827062870787129,-0.25249710087510796,-0.05753636099901413,0.07325036711108607,0.030291333889872277,0.14112503272772406,0.09996010237080839,0.2243683684399257,-0.18753934382069537,0.03556322363167366,-0.2531976745632155,-0.07975620387831973,-0.16545441606321062,-0.10202958965277754,0.0989230515930167,-0.16191665738407446,-0.02626357032065988,0.12762398867874178,0.08231783181625013,0.10418603099838701,0.09734736991919098,0.0415665529075108,0.06483408024078054,0.019015804735688407,-0.49787789768982865,-0.18055220271792383,0.0033873160978216354,-0.05850955244707139,-0.26208739090741173,-0.09859673505256773
0.6064945154714164,0.4646099921559617,-0.07374829059170665,-0.39635248798709266,-0.013060156683524143,-0.20584088354119845,-0.4124731488550111,-0.25573635228250435,-0.34877767467395493,-0.37499122792582745,0.20420377373515797,-0.03539771913950569,0.09273227569085536,0.07941598111578933,-0.07857716071341087,-0.10795751285160644,1.0,0.6578395644344353,0.3204359744376205,0.14032153217377702,0.0783998964628467,0.021494547625535463,-0.3980032877759954,-0.4673437623136249,-0.2341100006268753,-0.3650708015344711,-0.07957744998282285,-0.24354844615488572,0.34511440722737374,0.293195034325228,-0.15149039690550656,-0.31526520214799786,0.5190730298492515,0.27465937609076035,-0.39695780624238797,-0.5449680146929001,-0.01144614142779821,-0.06024154279903083,0.17299730555999399,0.17331042128571345,0.09356775349796757,-0.16186892012506662,-0.3677004203524139,-0.1123670875322141,-0.2231214682701688,-0.24587506034410164,0.08256172407873061,-0.10300543607350389,-0.07499109925777075,0.07404229325884824,-0.21096887335856093,0.12685621377579048,0.24730100009798744,0.13756701229673335,0.15337356383030984,0.3190465688838228,0.691230262431627,0.6699977373321037,0.23758972641910453,0.22837594503627273,0.19557608851021824,0.17908269896186968,0.447881247665981,0.6661329552716603,-0.5870290731522027,-0.3706430737366538,-0.15146635822256174,-0.3167010999185415,0.18452409559327193,-0.13582834310263345,-0.19701795715092998,0.09831747738371975,0.29112091505209664,-0.1651268759255542,-0.19581130666813437,-0.2618859729812547,-0.2947355619628871,-0.4383158059064045,0.6334940314363918,0.4465128387034936,0.7296471442600949,0.7424711026580297,-0.02101100702582637,-0.15094172682604753,0.036773530813435665,-0.020022363349455286,0.14345896355503246,-0.22218159128231835,-0.10663303872455497,0.07771221103373013,-0.12203405529025634,-0.3626453712629305,-0.4754261682523448,-0.33830169447337,-0.07134939034645567,-0.24962511569917628,0.16814616345640054,-0.001729208349315872,0.07447905915716599,-0.06794072273256246,-0.13612904100731432,-0.1786956423548209,-0.12204852116716695,-0.13723817360681304,-0.13504805669997907,-0.06646509538407717,-0.009299489216430933,0.069168600421388,-0.16256437867744392,-0.2307405904459324,-0.3168534820697736,-0.3614034750649429,0.07147774313988292,-0.31542039352025847,-0.08891207490733238,-0.01538976230311791
