1.0,0.49377377539954026,0.11510292699636275,-0.11933973732807339,0.07821827063275463,-0.03695244438284239,0.20732103174891497,-0.06450523056109887,0.014392325347800482,-0.016597389762131407,0.06807747746603963,-0.09605924133421757,-0.08792925432420187,-0.19882368100482758,-0.07129340611231516,-0.2061966614989848,0.24671716976547792,-0.12614488331935314,0.08437663422298748,0.07647559912036174,-0.06862336329447562,0.0213036032719814,0.07530536344636314,-0.005704885637931791,-0.07134263395765475,-0.0353349608540019,0.15613856989799982,0.12474905510890895,-0.007235772331008687,-0.22398727314841618,-0.03316877094772886,-0.07841544313712062,0.0852767381684907,0.33803320961887506,-0.07926568396365744,-0.1715813973513699,-0.09157497977685873,0.0409952667011794,0.05939440928884921,0.10116477113078443,-0.05630242618337873,0.12403409276217006,-0.09909664852010298,-0.1035107908063194,-2.862116351321693e-05,-0.12720334998587485,0.03873200426266588,-0.11184951206682488,0.2844068216066772,-0.16838253599517328,0.23119721396557116,0.1101375961510042,0.3450656731279037,0.1712058301362887,0.08901032100830232,-0.08917986207163023,0.5212646807478563,0.47705335443922775,0.08707370957885423,0.02984540401562544,0.1639159755597203,0.150031537913105,-0.016230107137582904,0.07479158443265738,0.03816988028969237,-0.029214067354449036,0.016644323282349226,-0.12870813278674312,0.2594670796544947,0.009181228940787312,-0.16388897390502555,-0.26670886553177614,0.05602930069256786,-0.1546784498086579,0.16197701577739876,-0.16300484603540474,0.16685659472674397,-0.16207498924637637,0.355768120778002,0.10659966024124645,0.06890539355213172,0.001995562280956145,-0.033315966761706145,-0.12819616260980274,0.09852464501052556,-0.20424680058541317,-0.006873529806034866,-0.17809242062693134,0.07895603884117848,-0.07242678685944098,-0.08228759338985467,-0.154409183321068,-0.16008894072889332,-0.25578650843655776,-0.03929161386608855,-0.14238962697682148,0.0022145561296701187,-0.10495374981496723,0.1092413894888915,-0.20803264246528105,-0.139497004459175,-0.1208643937164805,-0.14462587148498268,-0.2843832941819503,-0.25914282410860184,-0.3774106303452222,-0.1704222193278686,-0.27935691729868967,-0.04840042864901545,0.1056930649029969,0.0839192790928969,0.03295591561688878,-0.13312098971238043,-0.1927724868300513,-0.29498727007037595,-0.23389263541840774
0.49377377539954026,1.0,-0.3677791736049534,-0.28267055859647616,-0.18107363279812727,-0.4566115428306619,-0.2705174930928586,-0.2815297453627949,-0.2185888814817313,-0.3814774993535033,0.19626599957774785,-0.1017198119417543,-0.18265400681717772,-0.3433946389115907,0.036002480645274136,0.018275560469235053,0.5024199602678481,0.243032361911249,0.3126347552927766,0.2301300375039524,-0.22589208286327253,-0.17874489000958368,-0.3918831354089897,-0.42205433883895754,-0.2805803077508848,-0.3376441233714713,-0.2207735937893029,-0.24468312343277726,0.35062640704416204,0.031485699875403624,-0.2600910353874642,-0.19591247383305316,0.49948871253931565,0.6906111050826933,-0.28468248937651025,-0.42423372376457624,0.21150802159671406,0.03560523543637032,-0.11333328399026664,0.006352913044906343,0.32419911841756976,0.29688881209589196,-0.2688963500732354,-0.18072408663401637,-0.12095808552111148,-0.3704415392368468,-0.05813027023732643,-0.17336738950302705,0.28633761585896894,-0.1682450690670852,-0.09897389729498685,-0.07930540265529384,0.3919202303367938,-0.014772813137499929,0.09050001494150575,-0.04283563304374871,0.6632018321289435,0.788305451232889,0.25370592992658103,0.18270331135581638,0.3165651871405447,0.43810313704057163,0.37571302675580454,0.489808789366674,-0.3063363330222365,-0.2284078492727007,0.1473472211235303,-0.48827389730300946,0.5338747619470612,0.2813150514633973,-0.3437392472926162,-0.0961072316786181,0.36182117196639046,-0.16675038712193527,0.3189584508267554,-0.044782414622093744,-0.06139865855057152,-0.3431405963648014,0.4568402195120056,0.2193310340753825,0.3279002529046604,0.33023171725327244,0.1763954321154187,0.2786002454704218,-0.11590362131678154,-0.11976752219940255,0.07367037161367505,-0.23054289424019686,-0.16700911954873165,0.04888977928014182,-0.12098588765609582,-0.21794396121979903,-0.3763153118733877,-0.2669428850251173,0.1083186073638289,0.09550709035315964,0.043493388220489745,0.059565986356917025,0.14538669239960234,-0.05808004432891644,-0.20711877906898213,0.10400177688345187,-0.12546497541479024,-0.0261915057451253,0.014924830998725125,-0.045318999529037896,-0.2615972283887607,-0.057754614057472696,0.04935137821308921,0.023515149421066386,-0.07276050496170375,-0.0705124938111658,-0.010460946280804125,-0.05482906102427122,-0.039842722004633555,0.0812098975824312
0.11510292699636275,-0.3677791736049534,1.0,0.25093101571417936,0.7087425074302433,0.43912191960118546,0.8891099122288552,0.4922662594727006,0.6734589510680401,0.583966317430143,0.02639799386965058,0.23408202003213555,0.3669816145964073,0.41827674514218444,0.16047331164733505,-0.004233890143962712,-0.39766212384649874,-0.228791617208344,0.11231673466122354,-0.09566101428814644,0.09203254056243308,0.004083441710467918,0.6363040438649801,0.46021247146867983,0.6092971192329815,0.24956568203636503,0.4398775868390263,0.12818649374372193,-0.192780763749721,-0.3398945386594124,0.5462799088325316,0.31802834943720837,-0.2830786146084389,-0.20584874329631636,0.15488389882652662,0.15876802892349048,-0.40504433110345295,-0.3116621266685364,-0.15384889650215802,-0.27761355225498646,-0.22051934894617553,-0.0023129983770623134,-0.03469836484572647,0.023758756706919733,-0.11735859133903036,0.07007900554406818,-0.30154524892829476,-0.305927739421417,-0.12530056045157534,-0.033758646402735466,0.22474667295636777,-0.03113930156759654,-0.03018018123335628,-0.06421596834773968,-0.009240438349723296,-0.44503785676419794,-0.377710103299437,-0.40364488724054576,0.05753560801916732,-0.19608889480814468,0.04215736172071239,-0.05904904911956876,-0.38596680959227087,-0.2333795134349415,0.6595468507680031,0.38112727077523223,-0.0018700369138249587,0.3408908554828693,-0.5021701874942507,-0.35939051061683014,0.028530170885601662,-0.37529790094373755,-0.41488848043735643,0.13129071351680802,-0.18543271313802595,0.00758595325373661,0.09034759888475599,0.010016499987181852,-0.37272347267397005,-0.316995939037856,-0.4671853787634332,-0.5728012804999484,-0.09618866651513704,-0.3666889469529908,0.05113128115916818,-0.24818903963973582,-0.07707272698837235,0.07068267882294904,0.22681853612605826,-0.4180125097250176,0.05097938244073127,0.1358839059728554,0.43806689524694997,0.204692716005031,-0.3613578217640645,-0.33699021893396985,-0.255953765588123,-0.45016964805203935,-0.08071737981022609,-0.3856850656002991,0.21955273367593203,-0.20451680792561,-0.108872321643566,-0.3144346928896674,-0.2449524163405138,-0.33719794774082074,-0.012833714615150017,-0.13283508896595927,-0.2975885607304358,-0.07513648382176401,-0.24532416568497112,0.03474347925782097,-0.2749017057334133,-0.35412807296319154,-0.3390815598814682,-0.39340606477208095
-0.11933973732807339,-0.28267055859647616,0.25093101571417936,1.0,0.043729303225386776,0.49094031600749155,0.133797227445675,0.479097290117752,0.2979717411214996,0.606058776202672,-0.31489264481164403,0.1841994668098283,-0.013536891709048678,0.13255338496948374,-0.06387800275642411,-0.04714538149813677,-0.1328753582012921,-0.24254878871998717,0.010496150701549243,0.20931251112894847,-0.2109616681685255,-0.052256756040765975,0.4757928724767457,0.7019443460842976,0.31086654661585134,0.5297555757401747,-0.04842855692458958,0.27534318694846854,-0.3252911164006726,-0.3359934718461514,0.32216860863567287,0.5437239802645684,-0.23129254846956238,-0.2334854028195701,-0.006282519917017318,-0.05284044549949119,-0.32540197470830995,-0.23492587665365777,-0.21697289579457454,-0.11130509466261748,-0.3520390440856653,-0.14268969573455167,-0.11792563340404627,-0.0007491903979507362,-0.2551394736562696,0.13698845652816574,-0.11687832304171884,0.0186208559184532,-0.4643738860278142,-0.1595092477045067,0.0677085871074146,-0.19824818102666172,-0.15453433456457327,0.03986392813321873,-0.23745521891414947,-0.1432923760036909,-0.33695224374330424,-0.28731751202698386,-0.4189036612494934,-0.17627418124839025,-0.3600874421388363,-0.26463066814697644,-0.31182390385782094,-0.35609296795517953,0.3998174506598941,0.2848098348009377,-0.34873734443055077,0.40197410377269815,-0.09184989719778167,-0.0056060249934189186,0.1400279747877909,-0.11077547890340009,-0.2763227576285002,0.08245435652790753,-0.00839036195235108,0.12606177342960248,-0.01811162506991538,0.07586830944481134,-0.2435871214959815,-0.17102954436257495,-0.11833242186444017,-0.26157089837447683,0.036924975556996906,0.014074486701731618,0.12395771628593522,0.1111491804631874,0.17955246739870473,0.5610625573625969,0.16553177512240133,-0.06422854738538013,0.2496198038677811,0.05577055974371679,0.4548229362398081,-0.045599701280947584,-0.26542252153906615,-0.23974026085312033,-0.29065544612955474,-0.29918312851527423,-0.16135800885812895,-0.21521569599741905,-0.01071549159076305,-0.3792440454876251,-0.024856072975602474,-0.3873715076340503,-0.21677278174790085,-0.26069082178436853,-0.04445802541612444,-0.13289247022949927,-0.3046479169704517,-0.09868193011990613,-0.07645213393741535,0.1893826048520155,-0.1935405687385734,-0.34312616978439914,-0.308660670249225,-0.22957375761560347
0.07821827063275463,-0.18107363279812727,0.7087425074302433,0.043729303225386776,1.0,0.31854095670148785,0.6533815913844885,0.4414487079067849,0.8361273175526117,0.4945381769463973,0.488468459995758,0.4358443657594916,0.6158013517708585,0.5087185385267273,0.5526123846118163,0.45447828639670806,-0.0941631516722224,-0.09986291484273829,-0.028410046506217455,-0.14997558541243997,0.03749608893433156,-0.20705523559005717,0.2507110961231466,0.1522745834548075,0.5853906036072072,-0.16515027230763824,0.4714903199717532,-0.20827255756157073,0.18731325688150455,-0.29519001237523423,0.2620788698275379,0.0007714380462062796,-0.24816126958204482,-0.02849977199311263,-0.10334659452545339,0.02543090663906558,-0.36794654496736784,-0.30514284631206606,-0.3196662154662526,-0.405861927798127,-0.08706022801764488,0.019216908742985768,-0.2568978329367954,-0.20957044698874888,-0.22185492750770408,-0.1785635526972242,-0.5066835047470837,-0.5503658081339285,0.07232907333574136,-0.03645356858727398,-0.024015018377905453,-0.11853796099095441,0.10013715179688042,-0.23856194234211123,0.2576267633072274,-0.4614182094188462,-0.09554567582984702,-0.23465827684666157,0.5115476113842522,0.14248950079104164,0.4898598225902079,0.44927303836379623,-0.06027999694113169,0.23067104269071292,0.556539456096161,0.42755533902405346,-0.0163900290166419,-0.005604427333963529,-0.3565687178678777,-0.17639183030810027,-0.057275623413420275,-0.4860923827880703,-0.25381062492662304,-0.09669901533141816,-0.2305034629029896,-0.16521999721327776,-0.1268352120736754,-0.333337326458782,-0.27271786516828106,-0.4377122642749253,-0.3731197696184967,-0.4683106008971745,0.19446626739524114,-0.06724512751145809,-0.21984442739653337,-0.5451123858209957,-0.005157516905238987,0.12724454604190066,0.04224965298976413,-0.2824215658425255,0.1910124298588808,0.28274646580293017,0.32304424107442875,0.1703735696135317,-0.42556077790667407,-0.3152833234527805,-0.3600013003728333,-0.4927150499426379,0.021948215844131775,-0.362724635850418,0.16220133412202623,-0.14406883817828753,-0.08410831938682815,-0.29658193527977944,-0.11095902229634534,-0.29634310211543863,-0.015071199325636418,-0.05907451166902817,-0.3050435771105482,-0.19620054596771339,-0.4627921046792553,-0.026813122796761617,-0.2723746414732011,-0.33731431786791816,-0.2801310475082518,-0.28426339938445333
-0.03695244438284239,-0.4566115428306619,0.43912191960118546,0.49094031600749155,0.31854095670148785,1.0,0.2901503864061516,0.4919094438823785,0.3612620810797803,0.7468894319162561,-0.2238335218535796,0.2265621787896142,0.10090869538556015,0.300898607882826,-0.1496640382941941,-0.04257818645768862,-0.23647302315143517,-0.2813654133673032,-0.11162840964890186,-0.008038975877592182,0.1872249898980796,0.33167336495331573,0.5520098244848956,0.7511850821876791,0.41455882638835656,0.635636322664612,0.4334666051432652,0.5745080831062374,-0.42688394301614985,-0.32697946331194655,0.38038073438636316,0.4236178080124053,-0.421818037924192,-0.4759718153446286,0.11611280173428624,0.38652354928371346,-0.4840140163165877,-0.2828205557442142,-0.09407851394732854,0.05810566274134298,-0.4516084671000463,-0.1087015611337602,-0.03269844595829752,0.010462768812345254,-0.15480968636140646,0.3244793790828189,-0.2435795557772018,-0.1823766538867291,-0.297818889443129,-0.07614164062719395,0.19661605891242834,0.0766640579698559,-0.1404569698476523,-0.06756667580105122,-0.13450538698078088,-0.2493693165825794,-0.3419274139510865,-0.3251138478999596,-0.26617850649481933,-0.12206358746372496,-0.3489224702337627,-0.11804105404140276,-0.5503674430958141,-0.4695275978375306,0.44804146644915,0.4724708502932477,-0.25709580528633347,0.6351148394864898,-0.2733437430885418,-0.13490815823467986,0.23438422672616407,-0.2337938311843913,-0.3500320124707259,0.018510199659841152,-0.27104023532465366,-0.11867320859225906,-0.12447474118744302,0.09795641946074396,-0.29023325793348936,-0.18424974487026857,-0.30624338933394546,-0.47018118075139226,-0.13151322843320365,-0.3107655163151681,0.1422024788617012,-0.06034013942864777,-0.10948544833546771,0.44081667005074016,0.32253454342664994,-0.17177253065244652,0.18642335779189698,0.03593145903173738,0.5475708062751382,0.0743752857811244,-0.24540380403505127,-0.298360317173647,-0.35303054347797436,-0.3382380922757138,-0.3090119999416933,-0.36455156813206235,0.1351716968562736,-0.31528394183632386,-0.09112767800258681,-0.2686424711773113,-0.14217778942280507,-0.2632330872405104,0.1030205986411531,-0.07704637807937634,-0.3061462393767909,-0.04257566514135341,-0.20626600867256528,-0.0700624008039491,-0.29218572217497435,-0.2989939902234148,-0.24936781024941115,-0.27215510247842223
0.20732103174891497,-0.2705174930928586,0.8891099122288552,0.133797227445675,0.6533815913844885,0.2901503864061516,1.0,0.49053777543877064,0.6265611743158728,0.454766680313923,0.18081601850441265,0.3305555386553001,0.42966224213026794,0.45620923576243416,0.21275941065509502,0.0026014445296099965,-0.32207847032090137,-0.20295624599368164,0.008680216493070334,-0.24706396468825553,0.1698181176380622,-0.026734693541280816,0.4858565395984822,0.33421279256156794,0.4347978837761837,0.122850728058579,0.44231429513840026,0.12572648477081005,-0.09958375145631022,-0.3026436652570538,0.4758350300398328,0.30580610840857847,-0.27806677280553244,-0.04330298689301206,0.1120169465195294,0.07847944190398995,-0.341152351707698,-0.3150813609279921,-0.1810666370913385,-0.2835064921634495,-0.1793532110641061,-0.020276103845598602,0.022639167718441745,0.07632725583056095,-0.0443250057910513,0.06519863768338376,-0.3005633448434591,-0.2673441853344335,-0.06374316274245126,-0.07370370373035065,0.2235083247860088,0.02771283691751522,-0.018265110284481193,-0.13520231019289827,-0.04866247127147708,-0.4619488870133869,-0.22654210713722472,-0.36617326520580484,0.11846314055750959,-0.20884828033242672,0.17599996158399744,-0.022116629689107433,-0.2805966737319371,-0.08335121457289539,0.6234725172798486,0.36480265949750584,-0.008530779770577807,0.2796954070061049,-0.48116738290897443,-0.3887527604624339,-0.0560979292418932,-0.36653712281257506,-0.33846746234236574,0.0746732277503477,-0.14743904672250563,0.07243479410895377,0.10610796006319571,-0.0761904040985579,-0.2006069214954622,-0.21364698372778174,-0.3363950382449584,-0.42192715370336725,0.01439058892273962,-0.2422684722966727,0.07359012214883824,-0.13745460727613393,-0.08874893591443142,-0.029790905162778273,0.16600719443543657,-0.48431640842496854,0.02085102846993092,0.04966875870854002,0.29304579856013857,0.02884210438177428,-0.34410303552040267,-0.34988196077682104,-0.2717875369911421,-0.43366966053097655,-0.04528108215416804,-0.3963014717484579,0.06252778411366353,-0.29043203707000254,-0.1387413314873988,-0.4398736245936351,-0.33713862075408,-0.4155259839383017,0.0018844531786754142,-0.15594320972005893,-0.3019114903974767,-0.12014036939199384,-0.17999921461218146,0.08093788854114183,-0.2742084636705909,-0.4132160541216415,-0.3614925423376635,-0.43217322576358236
-0.06450523056109887,-0.2815297453627949,0.4922662594727006,0.479097290117752,0.4414487079067849,0.4919094438823785,0.49053777543877064,1.0,0.5770186879009211,0.7719096081288475,0.038569652262955945,0.5863805080141173,0.24808418788524303,0.6602024326992019,0.2095389541602522,0.3072221448722159,-0.23453631720183116,-0.16707978634034565,-0.08062868976845568,-0.19930126405177137,0.005792156538561971,-0.18001487287910545,0.03367740987370373,0.3118457371305814,0.1015626314064911,0.13811560505149958,0.14819487075331905,-0.09050325059001407,-0.05534953762194072,-0.1806707673125521,0.15546368066823685,0.420191691059587,-0.3799859888420644,-0.0790953467968325,-0.18250499426716876,-0.05071620108055943,-0.319917107535655,-0.1569130181236627,-0.3355463143224605,-0.27448589441198173,-0.26709631333897316,-0.05318655397870878,-0.12921859936124827,-0.06949052583724825,-0.3453330261414624,-0.024103943613576474,-0.3578733347485486,-0.23791429945154582,-0.5435992741035817,-0.299057171662242,-0.2328752962681568,-0.36613161349328976,-0.26488030660630135,-0.31381892222139646,-0.1729855846992529,-0.2907841282551998,-0.2654767034617001,-0.5099905790766803,-0.1677328574223865,-0.24769123706626028,0.0883465955381005,0.1540234240911181,-0.15837423807002246,0.004233109731434262,0.6039314934801331,0.6100873313749783,-0.5393957953299079,0.30004794776781873,-0.4268039446708845,-0.23188324274491798,0.20134773148828122,-0.2269144721337414,-0.21013986838408588,0.21405603874528895,0.061365319735201235,0.23993997715392165,0.07947525348709895,0.07034090087951955,-0.3704433475870803,-0.26543388688686187,-0.17797933857773673,-0.2915043162689803,0.11391038612661318,0.1392866522795261,0.09543262356790025,0.05503807749483802,-0.09252156885107239,0.33139100717555336,0.0665721953901096,-0.3311638394066471,0.2595445974717101,-0.0011341859645411449,0.5973701162086587,-0.05649178149747903,-0.39824075047796414,-0.20354372063002413,-0.46092792956147677,-0.34529766024532527,-0.23965572442475566,-0.23391077137404834,0.21116615427523713,-0.36254827955035224,-0.0027990038945162523,-0.4526943582991031,-0.16871407000467217,-0.28650515880193794,0.10353976571103798,-0.08520946737451972,-0.3839151294341923,-0.20899427707606594,-0.21913067764838456,0.16272118724034132,-0.10360442837653243,-0.3349660608181145,-0.3327226596484841,-0.30210391347820675
0.014392325347800482,-0.2185888814817313,0.6734589510680401,0.2979717411214996,0.8361273175526117,0.3612620810797803,0.6265611743158728,0.5770186879009211,1.0,0.6706330492590742,0.45878781733532403,0.5978080603062619,0.7082759239351993,0.6459176812031181,0.5786657177256238,0.485282724865326,-0.14348644638898783,-0.07062027590273103,-0.075500985232574,-0.1095741089866719,-0.007233971200742357,-0.2595746886096927,0.3575817428510816,0.31082458783856726,0.5351319171058184,-0.08162377366678321,0.27176357823999286,-0.23909626008531404,0.0780924148231681,-0.38434098674020073,0.2985676438585429,0.1579369107590511,-0.2057775583904135,0.01152563954531185,-0.05621967053214947,-0.045620046810834425,-0.42493313746190176,-0.298778357227958,-0.4053310686141148,-0.3965669829340254,-0.16701984247706192,-0.0029714979295764493,-0.21423917683737936,-0.16708485371564968,-0.3372845984900573,-0.2276474370249031,-0.45755283515130235,-0.44425039172871195,-0.014224356989461177,-0.1324443045163018,0.12097254422261262,-0.10667718033676574,0.05763080770597419,-0.14512394311031795,0.07783176179133479,-0.4467474448796764,-0.2758862597800776,-0.33256117709965716,0.3403934604353345,0.07708109989591576,0.404729863940889,0.3698621916265026,-0.20208161576688205,0.1379977967174301,0.7891559926910686,0.6339626702936279,-0.1775160704768624,0.0333765303733908,-0.42240022396541016,-0.23084420418889556,-0.029527716185276314,-0.51962879802388,-0.41441135885002156,0.027379217990528396,-0.11912490449931659,0.09540068711132094,-0.031584883869151426,-0.28727392252739176,-0.3651553476490493,-0.48088686942365305,-0.4574237406266801,-0.5386194068163084,0.2116057351639052,-0.04378919831332864,-0.1733535593778812,-0.43283242140987105,0.02986482545449829,0.2705897233439816,0.01164829344320971,-0.3118841040537027,0.15523802712880022,0.22384363851881892,0.4563558282735618,0.17888173854331169,-0.4879006092987684,-0.3475268288225069,-0.3937349662509172,-0.5381142131382479,-0.07356216476752617,-0.41220736340383424,0.17326922187788968,-0.24231749817543566,-0.16733704838013921,-0.3830072729496897,-0.20373806374438375,-0.32173144561464145,-0.0011487814834230364,-0.1667383533779982,-0.4365610893171974,-0.24301756367779273,-0.48007661120219797,-0.08970933784013853,-0.3692902473026775,-0.4124051128686157,-0.29781662686780386,-0.3094657162029379
-0.016597389762131407,-0.3814774993535033,0.583966317430143,0.606058776202672,0.4945381769463973,0.7468894319162561,0.454766680313923,0.7719096081288475,0.6706330492590742,1.0,-0.10860804164491289,0.47770749324336603,0.31013455541424423,0.6034550397937877,0.06808720544595595,0.13821202101803104,-0.3203842639077868,-0.19758007218124837,-0.031527433997764316,0.027060191069600396,0.06730580664563791,0.004966682881081679,0.4073832218302562,0.6183744429878469,0.3680200066531131,0.40896283256364346,0.15056764673529158,0.11510093681990075,-0.35360971363178184,-0.33046447788329264,0.32967834388865924,0.45328044724638017,-0.37111216271837627,-0.3007297158640297,0.08077738350055574,0.14245469256973056,-0.515119789563523,-0.23534858173131337,-0.2513545721054796,-0.20540175337688588,-0.34672416551544666,-0.11263763477219069,-0.1296145911222024,-0.08573488725184467,-0.33809301675126385,0.06665868702346309,-0.2710036277558464,-0.17711014979953854,-0.40736168696687947,-0.24797784247313603,0.0614951797940268,-0.17514805383999812,-0.18745233974677003,-0.08698605349392018,-0.11849178217518264,-0.24614651348815225,-0.465791515193505,-0.4432057559435764,-0.20047150365253705,-0.21428214481222016,-0.1575853037660014,0.020682869294642196,-0.5383917891750152,-0.33607049075504336,0.7220810213731906,0.7039084130420556,-0.3738091746440898,0.4968055322282369,-0.41431500020905276,-0.2580257730475867,0.21256913002209182,-0.3252454249454885,-0.46094445455888267,0.18180446829738228,-0.17340702293925467,0.10218146268387414,0.021522331915130543,0.11201764933218536,-0.4451769667657518,-0.27407659993243355,-0.446209904664053,-0.5801747996477704,-0.14098710719038673,-0.18090499614751454,0.09545578754738634,-0.08355293955668897,-0.1078413849000504,0.41645208226895397,0.20458565235086346,-0.29111563722981676,0.15113524410546084,0.022322804755287754,0.7159319888699102,0.11426205160166242,-0.3912188917241361,-0.235369734007124,-0.38657648086997476,-0.34623098317785966,-0.3136853044232064,-0.31963318977229127,0.24727480940058627,-0.3489553597876793,-0.129052129499276,-0.3476421992902179,-0.17804549654044424,-0.22981791795849366,0.03145083052463192,-0.055980983270547784,-0.37236466300319393,-0.17859402832295476,-0.21525976934730426,-0.027991403741342263,-0.29141863737654294,-0.31339592702681573,-0.25941312996873767,-0.27689425893655645
0.06807747746603963,0.19626599957774785,0.02639799386965058,-0.31489264481164403,0.488468459995758,-0.2238335218535796,0.18081601850441265,0.038569652262955945,0.45878781733532403,-0.10860804164491289,1.0,0.5320675168283153,0.7203191036219267,0.34741175495213833,0.7263448003672327,0.613873891111129,0.2932350848680586,0.05302936764437445,-0.2338936998690606,-0.2607943223557474,-0.0618092103545961,-0.29101221304652586,-0.24277979222540944,-0.3496455533059784,0.04843230985405987,-0.5840655737533009,0.17811292755554814,-0.4316822531926828,0.6229310034061508,-0.1535019311598504,-0.16471965292555374,-0.30699224161980393,-0.02834795177720947,0.3257764019767521,-0.29077771467057395,-0.13999975433859466,-0.07293735622818888,-0.1611290862826364,-0.32784183354216867,-0.27918610661904275,0.08752473761721731,0.024081217704146805,-0.26764912927689893,-0.22540517173950245,-0.13562828307198901,-0.335489437992468,-0.4588424161353425,-0.44650765820816524,0.4562713942273158,-0.1316257047157136,-0.017823769749873743,-0.029213065443714117,0.30697461455637737,-0.27995144175752756,0.3277093113059045,-0.34494258339956535,0.2739846328700062,0.007502795105958983,0.7686254006252985,0.37295095561532526,0.8152992055378808,0.5838476637159432,0.3716585664459627,0.6173053792051475,0.13582871105181402,0.19758261211160064,0.1020113191982514,-0.4257990539340166,0.018136761524048733,0.08357069556149704,-0.15118539346086035,-0.30683819595334705,0.08134422062634997,-0.29350588400994604,0.004342525980540029,0.014237637407262985,-0.178680528264357,-0.545276217152314,0.11334010445365854,-0.34035220727294135,-0.007930622849064789,-0.03011232761395585,0.4772957223163373,0.2735394764159681,-0.3716580402051736,-0.48834596749215675,0.15967413926857185,-0.004393109345074311,-0.25113245630377323,-0.13783450299246203,0.23531289933113259,0.30014252857047063,-0.12399171114900026,-0.018206506499980145,-0.1603306677107324,-0.26609187407475793,-0.21177956228047165,-0.3209525034794334,0.16749889550512065,-0.26941832176520386,-0.11890875029673571,-0.09340665711669216,-0.09330360990113643,-0.19703139692631289,-0.06818037003989856,-0.21094396661898104,0.001612714407204838,-0.13997920627904978,-0.21931409950236153,-0.08422908685597494,-0.34669561730695675,-0.1588807030916997,-0.2177725895343412,-0.21101217761923824,-0.1248515082576845,-0.09990411988222771
-0.09605924133421757,-0.1017198119417543,0.23408202003213555,0.1841994668098283,0.4358443657594916,0.2265621787896142,0.3305555386553001,0.5863805080141173,0.5978080603062619,0.47770749324336603,0.5320675168283153,1.0,0.6067963771415575,0.7998604659833465,0.4309458249419338,0.5312294115437346,-0.13779369987614098,0.09622986482246657,-0.27789136053364477,-0.2891112351039723,-0.027387287665737347,-0.14049912717962032,-0.0613883426757923,0.11354446422250031,0.074667198867973,-0.14731736085426164,0.08009609176295389,-0.2703880521900444,0.14880763657724091,-0.13494724546183406,0.021030157624499363,0.150493831467897,-0.2840065797834566,0.018043576531275717,-0.12040018036848633,-0.011406953461370585,-0.2055921807004599,-0.21935058564275875,-0.3594274810911472,-0.30376372576101734,-0.16374212100881144,-0.09284655667606956,-0.18122495749319464,-0.18453187683689914,-0.35576606488427676,-0.20267999237629872,-0.40013382310829426,-0.3618261662977133,-0.09765976896034945,-0.29326689460815486,-0.06772434101348221,-0.11656538214006248,-0.07745726495875756,-0.3748700217167573,0.019259411732434326,-0.2936402736896644,-0.20168872580135905,-0.4303117442446479,0.22819344678327383,0.012795378777856647,0.3566687282563044,0.3388231647976874,-0.014981088189569405,0.2311712977814251,0.48744327657348324,0.6172999576939528,-0.274274316700315,0.039712750933974535,-0.294930705794073,-0.1165722932340235,0.07288157310112509,-0.2921981817198171,-0.26330476654590373,0.01047417085591916,-0.03899744839470878,0.2718341811263943,0.020105755776397175,-0.1517585372444778,-0.2570990635890754,-0.3261559281759613,-0.2955127192068297,-0.33234489134603934,0.2385982840572023,0.24487770619508603,-0.1414453157126273,-0.07315186363769825,0.07400951629723726,0.39220352048032203,0.032710017583673284,-0.25217820651706985,0.18790008114036919,0.09333000960820516,0.4350749989957948,0.039571122498316805,-0.2694057271450094,-0.20754822099626466,-0.32205695678837787,-0.28807004780208645,-0.21659504192589588,-0.3151598328540782,0.105365373862154,-0.2530588087349973,-0.11295527908766217,-0.2921914485929054,-0.04622254879835141,-0.19609852405966785,0.12477665923318021,-0.010518411273761272,-0.3429265231951637,-0.14938358527079448,-0.2961547504834086,-0.21632328469132653,-0.32135465907006083,-0.2710371324504779,-0.14731090805272273,-0.15850204379636226
-0.08792925432420187,-0.18265400681717772,0.3669816145964073,-0.013536891709048678,0.6158013517708585,0.10090869538556015,0.42966224213026794,0.24808418788524303,0.7082759239351993,0.31013455541424423,0.7203191036219267,0.6067963771415575,1.0,0.6788745858835762,0.6339199939625337,0.43183358494187624,-0.11748978006513405,0.041574722225016666,-0.17153884969146452,-0.1490589810152827,0.042483006306400534,-0.22934140668841685,0.17977170022182426,0.03776797765716993,0.2629972773017722,-0.30367542345151716,0.13812346365020733,-0.30316598610673784,0.19580256745983518,-0.32130887265865277,0.0989131430192154,-0.07677550453399404,-0.17116318557865137,-0.007462833618072692,0.07991017701474144,0.1239720982132998,-0.33280310782619377,-0.3078099830124199,-0.34948681113871655,-0.3092882831766149,-0.15155526603594205,-0.22976232453184328,-0.06232886248606337,-0.07458305259466658,-0.0797869303069687,-0.09645157984767026,-0.3542285660190327,-0.305467922899757,0.2688904868640582,-0.03534374235470162,0.2246765788873986,0.018680692775798338,0.03295257169868862,-0.1987159627911391,0.1364015225101873,-0.3472718025991203,-0.2001313164499983,-0.32200801195626494,0.49541712142769656,0.06452721994777419,0.4583755089482018,0.25193648626525605,-0.21096806090878337,0.10806229632135292,0.5150965694007221,0.4923528353967751,0.08418336842584628,-0.05745705384069635,-0.2728016986634956,-0.17327002345417203,-0.06608376436505835,-0.4881067776156825,-0.3974828306513824,-0.10155882264546051,-0.23893769062213646,0.07736721810775594,-0.11444657983421053,-0.30116159702476375,-0.23538493064278482,-0.43749499595290364,-0.4135946324129448,-0.45245979145709675,0.20868764580492513,-0.09837754870804696,-0.2943477674649591,-0.4988159800778891,0.11030219464729778,0.10962615552069403,0.0026349512806915646,-0.3403113244707483,0.10348965044322772,0.267378438717595,0.26989161714497534,0.2538882538467903,-0.19412189370697897,-0.2442012794383228,-0.1594388542638999,-0.3439282131653881,0.05290355524923939,-0.2625941257951046,0.1805872404444494,-0.13604539003891086,-0.07281389497221774,-0.14828094135845632,0.006692770856990787,-0.18840985980078703,0.02106487443200152,-0.1802660938296974,-0.2572306945588053,-0.055347728037380285,-0.2792319441904033,-0.20774766284250962,-0.33113632121259545,-0.17363219359497903,-0.06034050442184499,-0.11123645288085687
-0.19882368100482758,-0.3433946389115907,0.41827674514218444,0.13255338496948374,0.5087185385267273,0.300898607882826,0.45620923576243416,0.6602024326992019,0.6459176812031181,0.6034550397937877,0.34741175495213833,0.7998604659833465,0.6788745858835762,1.0,0.3826727175436902,0.44258818478800327,-0.4229531559645571,0.12470117663076777,-0.09323560910085317,-0.21485162615793896,0.0904645737836851,-0.1274593729722863,0.028581075447486802,0.10930168336057937,0.11312350466270538,-0.137623210987355,0.03252315595848177,-0.31490474007320063,-0.07136541551097927,-0.11373760916101547,0.08008646333383597,0.16597975471443682,-0.23662985173120207,-0.14665975248891858,0.11301086188536923,0.16978897095875972,-0.2387605736113957,-0.07869083268049552,-0.3104221058642788,-0.18997060291372067,-0.22790857715485824,-0.10646074734965794,-0.0719925949448901,-0.14690604511071603,-0.34293186708715556,-0.16236860569207087,-0.2262542161157266,-0.1952726708603828,-0.1796807935896038,-0.2012745818644823,-0.0401784639931052,-0.16390509228716849,-0.28344977837882906,-0.34318252603262484,0.005631749732085507,-0.12351096011013056,-0.44212304199731717,-0.566913903661563,0.1438340395807504,-0.19555865325150654,0.23621152111272123,0.16922791810033946,-0.3234327258504784,-0.018502701270000147,0.6517512977714013,0.7671185377253974,-0.21560179190858256,0.15621864223285217,-0.4682320850667484,-0.35966622023009537,0.11492101205346918,-0.32663663298340545,-0.5060601625892321,0.18549581547803873,-0.1663573607494471,0.2697135696243017,0.08199184251006507,0.07172478820902041,-0.4595348755874769,-0.28129524708984305,-0.5545177537120329,-0.5862830386065663,-0.05345184325020765,-0.05552377882316161,-0.15950105678278076,-0.14897811177848103,-0.10696299209251048,0.24623389468479867,0.13145277091269547,-0.25015556978556375,-0.014897204632353514,0.08260549287231136,0.5644815090598178,0.26226803571142887,-0.24516728168660162,-0.037840192042146885,-0.10518460724442018,-0.12130879950569878,-0.1934467786618705,-0.14305163560543815,0.28791739840029773,-0.18990125990943635,-0.06740257698793584,-0.1271792032795866,0.0025532722659063942,-0.08898304629797567,0.11361741865184681,-0.01499155445273569,-0.2596858181961949,-0.03307989196224727,-0.12087270845520781,-0.08316178045934056,-0.12814463987543492,-0.034723201137089696,-0.035309506307601025,-0.10117259358933398
-0.07129340611231516,0.036002480645274136,0.16047331164733505,-0.06387800275642411,0.5526123846118163,-0.1496640382941941,0.21275941065509502,0.2095389541602522,0.5786657177256238,0.06808720544595595,0.7263448003672327,0.4309458249419338,0.6339199939625337,0.3826727175436902,1.0,0.7634742442994071,0.20491401699484374,0.20722129707978598,-0.2991918529746944,-0.3158247149838644,-0.1332405981358865,-0.4963450492101852,-0.13444625599919083,-0.25856018980353035,0.19249921968813213,-0.5387349645062119,0.017913128039910846,-0.4784565277789659,0.6321245834630893,-0.13836629838270703,-0.0793628713617418,-0.21750955913757566,-0.034055937563842335,0.2797280221787864,-0.2347635546648882,-0.20188353950171462,0.047977380027367955,-0.14246682237413402,-0.19476875584633027,-0.29055317900496785,0.1931993522072293,-0.019286811424526484,-0.29448667143134355,-0.2721577511085343,-0.2985498108113973,-0.4800058402167905,-0.4327559135683827,-0.49686401765325516,0.2695507768000025,-0.147170868905709,-0.0017201610071610036,-0.16182188286827087,0.19558128717347095,-0.21979631097773833,0.35389094035231833,-0.3096788410265461,0.13164946155635007,-0.048911985552198646,0.6662930351683233,0.3634501770655747,0.7847624770274317,0.5569084197172196,0.35249085817141423,0.5699492517660397,0.3054827476180894,0.25307152571491126,0.0013917639200281952,-0.486228746991587,-0.0734711769459835,-0.036282720265463704,-0.15917801259577172,-0.33834966185232057,0.04162767977541193,-0.14200255289314162,-0.08979631158453336,-0.01321447736490506,-0.136792165119325,-0.5543600196719595,0.007659935934471339,-0.4203221882108749,-0.0657473139583274,-0.08932409762014412,0.5938803804287062,0.3699992522737661,-0.32101920215840984,-0.378231091020423,0.2787172266066092,0.14650044356405437,-0.13157054422965725,0.008889653630314718,0.10268362943398225,0.20531419226632647,-0.028003497983494108,-0.03945234177490997,-0.37879096846421895,-0.3069812833896702,-0.28486668257414216,-0.38415029605954676,0.1708782416117939,-0.19648161567836328,-0.04070709236876804,-0.13294952895700976,-0.1335421649077233,-0.2684585139287688,-0.0734461961791773,-0.16061629591202517,0.16480663710349533,-0.03817425558855469,-0.3157042893836714,-0.34019261068768714,-0.5256226208560713,-0.08738890912984228,-0.2408408479222802,-0.286878410312654,-0.13594196570001071,-0.0652069275266439
-0.2061966614989848,0.018275560469235053,-0.004233890143962712,-0.04714538149813677,0.45447828639670806,-0.04257818645768862,0.0026014445296099965,0.3072221448722159,0.485282724865326,0.13821202101803104,0.613873891111129,0.5312294115437346,0.43183358494187624,0.44258818478800327,0.7634742442994071,1.0,0.2014188631056759,0.20746207126261237,-0.24627762765994068,-0.3145974540369933,-0.0848904786536083,-0.37040594085093625,-0.33043875992901695,-0.32412580549838166,0.10478260259528596,-0.5579183302005906,-0.012326902083097129,-0.5568936552235646,0.5396025092878943,0.06685231979307603,-0.2988642826957347,-0.23788761886849555,-0.15993731843825815,0.14320215015559853,-0.46802939114489683,-0.19176584797942384,0.0777434249287982,0.0467461998916772,-0.285693224695702,-0.26170305019045664,0.15077060467080608,0.12784033916263876,-0.231864682248751,-0.21619130949559104,-0.35490274547659434,-0.47004436291831625,-0.35244971444431383,-0.36162610033680315,0.06845237475015974,-0.20328274131674282,-0.2939629601438519,-0.22767445752315904,0.1446216410696817,-0.27992158167008485,0.2869391022246212,-0.1926147473374649,0.10558934591781823,-0.12728530279386285,0.5602889498406926,0.4153322892532882,0.6981434903600475,0.654995063184917,0.438715855162304,0.6186684451820039,0.19285069827533674,0.28974665600849636,-0.1568952419540419,-0.452273435063166,-0.07517894832212835,0.05373407718091536,0.03910869105387528,-0.15910850063711654,0.17169345086077303,-0.01830737161323105,0.15449196839087753,0.1221410769125929,0.03891225885465705,-0.38298313275047874,-0.08403760570467449,-0.4280023239526559,0.00716361760314206,-0.052053490019509645,0.5208063343241797,0.52575448285971,-0.3066457322316591,-0.270717869787821,0.1486237368586103,0.29075381913943726,-0.1689862934092528,0.09860320301404628,0.25864438332814454,0.241545235683237,0.05196461908477813,-0.015463430515886282,-0.3459801228634663,-0.24420975433354405,-0.2387460487648304,-0.2967913908858894,0.12420904744978836,-0.08966037264249399,0.04150226003527127,-0.04121144902212766,-0.08269399538391632,-0.2027435213077597,-0.025764281077504267,-0.13118450821747593,0.17502859354389522,0.001424719088839929,-0.2775544892163887,-0.336363314580554,-0.4342658253445629,0.02664491763307299,-0.13805335587547732,-0.18274559512786906,-0.12764819928831356,-0.07423487740476052
0.24671716976547792,0.5024199602678481,-0.39766212384649874,-0.1328753582012921,-0.0941631516722224,-0.23647302315143517,-0.32207847032090137,-0.23453631720183116,-0.14348644638898783,-0.3203842639077868,0.2932350848680586,-0.13779369987614098,-0.11748978006513405,-0.4229531559645571,0.20491401699484374,0.2014188631056759,1.0,0.06480950792251575,-0.2588678266431234,-0.16815714503597048,-0.24310573378470976,-0.19619386134378508,-0.3299702668450386,-0.2719535649547005,-0.10757418817422448,-0.2909413529710143,-0.15549799170631776,-0.13242817535799115,0.5163410716713499,0.053807254861003496,-0.24724933939066632,-0.2721162353213595,-0.08278007049909084,0.23787311621850396,-0.5365510678686212,-0.24611396012504058,0.22324159995919993,-0.08367647955870637,0.050229954636931855,0.004480817580760137,0.16974227697552963,0.11403041510569505,-0.12259432541296826,0.05536255212773665,0.07279850837779296,-0.0904999725123894,-0.1786869313167736,-0.1850327251424795,0.2904813267734387,-0.044209848942599224,-0.11445004243654153,-0.030156884705330428,0.5804369252263416,0.1365547140564475,0.24664049972930646,-0.13709214567270356,0.6087956534235565,0.4441347856833759,0.3170910475161053,0.3575050609775635,0.39879731634767723,0.41744642093192214,0.5653138810377644,0.5308006705477107,-0.36815858590865114,-0.3169542892978677,-0.17825595007422992,-0.4046021677957743,0.2385148436958094,0.172304646837813,-0.05112620183556743,0.06750662665540604,0.5429545157165975,-0.107482918654265,0.24815204753516115,-0.1620199387233975,0.026248465574995397,-0.40636146274594903,0.4737379103514742,-0.021108948987588888,0.56521779647113,0.4843209864244474,0.39114269199931745,0.34617398180131165,-0.03998542782771336,-0.18949676794600168,0.20470031555437448,-0.02139538664454808,-0.34844806620799923,0.062234077681167586,0.3106865865621312,0.10607088409787868,-0.31717483104116667,-0.2789679373222234,-0.04630163273242447,-0.2554453459416155,-0.1907868461643348,-0.2341875562524899,0.3124913379745031,-0.11852373744763697,-0.2691939212886476,0.008829351475718287,-0.053684898518696185,-0.22360948457692176,-0.2072147670161678,-0.27200654989900314,-0.03883894275936567,-0.22128332391372738,-0.10908093249533385,-0.17392863179077564,-0.21105408843016432,0.03301936096320191,-0.04432376044698708,-0.23614222550799824,-0.24328159827958512,-0.08692377777700436
