1.0,0.5754044653395267,-0.08986450651297781,-0.16091391039878267,-0.04385715677495905,0.07908455494434366,-0.01597659828819047,-0.0853222922404881,-0.323119496901782,-0.10751075526139438,0.1667392873727344,0.10389019275184856,-0.04308960302728274,0.020020999926508336,-0.17192507063657744,0.42044356951572437,-0.02374622037680206,0.05129220186258888,0.3495870883272318,0.39619654521195496,0.3539527144794015,0.41581279957673717,-0.17632448467069514,-0.2681123663218009,-0.23711880101891047,-0.3259726074451403,0.44971120753817795,-0.009735094722099989,-0.04598390008642205,0.12799397318343117,-0.19302623903476665,-0.26358091748991264,0.29161176035197245,0.06315911561657003,-0.11679330962346787,-0.20447315141074032,-0.11055611338294159,0.08698732312667525,0.2725262523407033,0.20663499611395048,0.11973395793215602,0.2423619550021625,-0.15737326834895643,-0.3126455510614038,0.2901014559084331,-0.005050190143872274,-0.1337967529293096,-0.36816982935933557,0.23257125608784324,0.23350134849528212,-0.1626435453327468,0.028044420146861676,0.18391964002234182,0.05666671749100943,0.2141238876267932,0.03934157836083892,0.6406721065584788,0.4846308634868889,0.1600453673601407,0.2809453854584627,0.2517038782375721,0.3893414810190872,0.25787429459958255,0.4327434151144758,-0.1694027139828341,-0.18141550484875585,-0.0067582721530203786,-0.3918156961177493,0.2849120354109712,0.24000798029176199,0.15381567480252875,0.12175537315941642,0.03996620504371007,0.1846208772015647,0.020996282154825876,0.05497910418866087,0.24306356438108914,0.22410955086677475,-0.09534239251326128,-0.09822360873913516,0.07570342135524233,0.0024108929653718033,0.11949997085361558,0.42947247683676915,-0.023830447880816483,-0.16898088729996982,-0.16542721794688334,0.31123780940024154,-0.12730311323667895,0.17823955898237653,-0.2997662425909575,-0.33565380294670827,-0.4750056833282429,-0.40561392976237076,-0.3892902850268579,-0.42592607294821994,-0.188803526277058,-0.4610941750140601,0.13368097510494195,-0.16588732047576324,-0.20356761376007312,-0.0476242369128611,-0.08283072288525185,-0.08864630298374121,-0.19304905161092292,0.017476792539034423,0.18117064452852277,0.09365631403648425,-0.09253560548058729,-0.3567906145953921,-0.39726280900293337,-0.37872766222953314,-0.20215936242169746,-0.15431578158215217,-0.36387748975683226,-0.3330255925504261
0.5754044653395267,1.0,-0.30440923974883,-0.3997128032420907,0.06494614020267804,-0.023235299536556345,0.13668808448724268,-0.007160863502670725,-0.12818106315567818,0.14176848050424937,0.015876811151308547,0.5705041755946001,0.02785714903054975,0.42110032054151475,-0.2979335523102436,0.578331610445908,0.17093663887128957,0.20525201575618718,0.03286657785194769,0.10894824215724483,0.08625196836892444,0.2594296541807815,-0.4908252103937675,-0.5567760794017355,-0.29758056592299853,-0.6301065660995564,0.3815224034601537,-0.2776639004892233,-0.052574924106074714,0.3111682331297878,-0.3830208932360513,-0.5129533298435441,0.26121737149002916,0.02536955894911387,-0.4231505618885311,-0.22391299343806553,-0.2395725575724164,0.061353179689803715,0.007397535834644944,0.02621441747346432,-0.21868707824976474,0.2756821481230689,-0.14798062132286277,-0.3218080359898678,0.332138125673035,0.06159330990454591,-0.2596653373596081,-0.3338969984710757,0.13720671432448467,0.1735866118154498,-0.20732142114661511,0.04747665462006228,0.20704353360721722,-0.04173481370290207,0.19883600560580766,-0.13700531368114624,0.4832841524124981,0.33470727877948353,0.30915072209437083,0.5341537010109739,0.556908701061465,0.7597928427436479,0.39410891958542676,0.6935621760361836,-0.2383129717479952,0.14726752553848982,-0.00477399140500811,-0.3743013192502185,0.16629914373481933,0.3300061582137118,0.07797457502336277,0.19423512911470117,-0.1006478252742576,0.08853614995295633,-0.16661567928618284,-0.09849348886361416,0.16421896281315154,0.28766822562396355,-0.25978579340175706,-0.12334379828578765,0.2047607575791944,0.09041019687903716,-0.2378283066925505,0.5286364517513376,-0.18292394055208713,-0.013148606253550243,-0.318706402123308,0.14790319712492478,-0.23087084965183935,-0.005297565185458488,-0.21662647056286638,-0.3835674813382507,-0.27463998608188395,-0.5486422432960933,-0.4131219655756433,-0.5411907596347035,-0.4469586432412551,-0.5433584607051187,-0.026854021582379324,-0.2902859329952706,-0.043426505025491675,-0.16494252187905825,0.07856555882820418,-0.1533001703955227,-0.07134393890478162,0.06321530966750809,0.33657562800368845,0.25050307610418787,-0.29565916471126924,-0.5782994628654291,-0.566616530162808,-0.5279189456507816,-0.15047257228490715,-0.32404111035461614,-0.23184621398783195,-0.2518457157882256
-0.08986450651297781,-0.30440923974883,1.0,0.4156649031579616,0.2503987638366527,0.26849601319591043,0.28841239255658524,0.20726062351168645,0.08669415522780739,-0.04751616717386822,-0.07059303354189062,-0.5338296647084907,-0.12848692398062247,-0.41244440719894837,0.23330173235992804,-0.3826767352922274,-0.21712054230173639,-0.2935725612943379,0.3437445160818758,0.11062073057002525,-0.07798439160277776,-0.21593080823212735,0.6474859963593671,0.5817521840843983,0.287132212492514,0.4613751590798324,0.011318974741357514,0.42015683186852515,-0.19361336922333877,-0.4246026892874978,0.4538103370581198,0.19622837703336438,-0.027981582611338828,0.11844823141075976,0.40991345601042645,0.05561494051333808,-0.25904102713474797,-0.2983968749754454,0.14678202355635533,-0.04879208768818344,-0.24029191636775554,-0.17447112845881035,-0.11228759401359478,0.0518921782505698,-0.3421162989077053,-0.34025255832363877,-0.18496301000268975,-0.051099361944450486,-0.28397429940594304,-0.10156846923381027,0.4264219676728644,0.004536197843884053,-0.26414082896524116,0.06779187892956406,-0.14610814682713988,-0.064810272271637,-0.1801703380056973,-0.11763836347981528,-0.25563586088310924,-0.30505245980949147,-0.30013836538236993,-0.48479461264365464,-0.31139430477756597,-0.3027529921951232,0.5734850388149233,-0.03459009898758366,0.08965603335728242,0.24712161309291503,-0.04351113808793168,-0.4073217581527667,-0.08700653663067157,-0.1174079266764246,-0.1264138161206434,-0.23345186936322945,-0.058931094033938355,0.07732859573188297,-0.15914577917882025,-0.17488445120510135,-0.003735286469277938,-0.03824527966268014,-0.4054332775967586,-0.31087230422500844,0.3802627835099872,-0.16287115565576563,0.25867994433394853,-0.064426695623778,0.4307610994143282,0.19927957351825026,0.5252685606381331,0.3109275948730617,-0.2915691082144375,0.10959024387063902,-0.07377354875028092,0.45404582901417573,-0.04520127214013692,-0.01966738726537355,-0.05228281033103339,-0.01208243545658715,-0.3542770600124354,-0.17514228101876822,-0.2548212421726644,0.030573975577966078,-0.2506276822081879,0.0176376817617039,-0.13419884052703168,-0.12274739516245399,-0.1972457908874796,-0.0689411029351922,-0.03299511340144709,-0.03922944966699977,0.20465124484844627,0.04864346436536126,-0.1856920369102161,-0.06704232253907902,-0.016412536939716272,-0.16581242533543228
-0.16091391039878267,-0.3997128032420907,0.4156649031579616,1.0,-0.00437627173138595,0.31318767277496995,-0.1836976112121636,0.42117738766413165,0.05507220116958061,-0.1289243071033678,-0.09189077819080778,-0.438462909667807,-0.328421547508696,-0.4244486538658877,0.3210516740675758,-0.5170400803001837,-0.42055922810056817,-0.2522783743135686,0.1983800623361864,0.283064737208435,-0.1416650584065307,-0.26212607041208497,0.7079262500258259,0.7365019042846831,0.26600190735854645,0.6402625502392747,-0.053677036342036445,0.5042484583699237,-0.416085408747837,-0.3985243967248475,0.33812023700220317,0.3994819105912725,-0.24157764771451906,-0.18678871336821204,0.1979052541957596,0.21094019445181833,-0.11278199736703148,-0.13926625512729565,0.035785211631086666,0.05793215925556095,-0.03403683495784373,-0.052848525042944544,-0.09002804022131726,0.05791639423837459,-0.5413529687029717,-0.4239602199363755,0.031411362848250655,0.22575149917136084,-0.4758819882433613,-0.19541056174795993,0.2932612437422653,-0.0604477773975606,-0.3673844689726115,0.14177775924481917,-0.1385696943120659,0.07551752353200075,-0.13919257784675484,0.0553058206248805,-0.5759460617115613,-0.4212282576755233,-0.7149003906474504,-0.5361312026978625,-0.46860908486644365,-0.47919815803275634,0.4660537990651768,0.16802133159945326,-0.2550193046892342,0.07643231712862923,0.06645836419551336,-0.2422880271603719,-0.07437367708393124,-0.13613601226383865,-0.19223097631349442,-0.13583808391432226,0.032085506402433225,0.09375825482609691,-0.09614730126490421,-0.08976173110363073,0.055844400093603204,0.05211793402066488,-0.15273803795673524,-0.24317868461806114,0.40875614623323775,-0.22697000150301802,0.4547554880112518,0.3036207381698394,0.5038966831058206,0.29276060531324827,0.5294357509745807,0.4820228041477449,0.11760204294947711,0.11709262393102916,0.3329992613075408,0.4115842908892657,-0.0377322552710448,0.0858658757669825,0.12157744378188028,0.1039754082055299,-0.05124257131001748,-0.04076903347486741,0.01851166091578783,-0.1692659347417795,-0.3213425897531997,-0.26362556648735225,-0.1951121078850389,-0.24027077058219523,-0.29761267971397276,-0.2050577325041939,-0.17964254915952593,0.13292804704011044,0.3982244774294896,0.1643961494934794,-0.12275290308928527,0.033507981847533126,0.013291657693805208,-0.10502433799488357
-0.04385715677495905,0.06494614020267804,0.2503987638366527,-0.00437627173138595,1.0,0.4436547595009411,0.2819115722504668,0.2736034559303732,0.5787063781355718,0.6271064600864249,0.3516521870819544,0.1412670045843869,0.2430164698604266,0.11872463302958873,0.37207697136795437,-0.057236915440474885,-0.019134915527440795,-0.22424270875326727,-0.22360188346126308,-0.10707855156732987,0.1763029664823257,0.14211984819623366,0.08793360406231679,0.15143002946650508,0.4111861687684654,0.07677585190614204,0.19821920838019763,0.12738526831680944,0.015640304518242144,-0.21346792278292115,0.04616254177096208,-0.26542985953096543,-0.23933736582522425,-0.3050888940347491,0.0020999583929087163,-0.13495286073187138,-0.20645077483569307,-0.23841977293432484,0.1255029266919399,-0.13301871239521623,-0.19551488026477518,0.0791604807293061,-0.3049859910935992,-0.2561552196485764,-0.26330922681032753,-0.302968915351544,-0.3905590695388361,-0.28594835535340984,-0.013842428041639007,-0.25186973438755533,0.024184277387957556,-0.1701382591054048,0.14705275100385515,-0.026784019248295286,0.0678709681525296,-0.13290716087911483,-0.21058704863354039,-0.2547298829173706,0.29316537537803666,0.056196365945500495,0.1576228508954921,0.034498492923248796,-0.1974553938237964,-0.06264051149484232,0.35622916605263694,0.3467193490905252,-0.09061915447016548,-0.08415789535714006,0.05077490865318676,0.12754384823866768,-0.04310376397065701,-0.12531856343513048,-0.19218750470434307,-0.22865441723612648,-0.03360943468518293,-0.20300191708280932,-0.21370030506535415,-0.1498180160969037,-0.16855781196788658,-0.12525851852555364,-0.24756761159221188,-0.3854091846253759,0.15810144502576556,0.15394962973059925,0.2581765391345215,-0.041688255611735434,0.132891271290475,-0.03182835439441036,0.3838913668342583,0.09413187053776138,-0.2700019891113898,0.0888771891238431,0.1187419010551156,0.06658159384314286,0.11817315436602886,-0.04319382312864544,-0.31138282261813666,-0.006951492573036917,-0.3096968142322488,-0.23673919021846046,0.00656654612037501,-0.14739380087109047,-0.18051239567752142,0.07775076951216503,0.12583620612971916,0.14412911419497432,-0.04175084700265514,0.0025918339592406873,0.006895696917930723,-0.10986205891894203,-0.28637588736462904,-0.16459151202965036,-0.15899229561392003,0.020303026738792227,0.09018631095311268,0.13009411807466628
0.07908455494434366,-0.023235299536556345,0.26849601319591043,0.31318767277496995,0.4436547595009411,1.0,-0.26174478329058853,0.182753714512085,0.251361658925377,0.4539458765317232,0.12561886094399527,-0.15228858995449202,-0.02141255723634733,-0.22623890072841607,0.2242115774404599,-0.17590520135856474,-0.13781546208168163,-0.2070026726488848,-0.1656109925604864,0.05378255016184352,0.11614812307494443,0.06222871880653294,0.4342123606796398,0.36778527574222125,0.6782029332588551,0.5886933255037775,0.5592100184422881,0.7211558786331115,-0.39286726449715226,-0.4958262004190034,0.2174700737861591,-0.09306784959487471,-0.18519026064328553,-0.5149746675245778,0.2529286612453237,0.24508239533787957,-0.2541567468775963,-0.3493506824168106,0.0407615941054212,0.07518081449490065,-0.1801497867273585,0.004012965444354279,0.05314073034717766,0.15713499542743756,-0.47055665295766197,-0.30651147067425244,-0.21267076448889202,0.058655322626966586,-0.07072906528813788,-0.287385680320334,0.2503599676224905,0.020598757875985165,0.03238707400587675,0.12819507439240674,0.04674844577671687,0.08708574476523961,0.08060695931951062,0.13018436553958224,0.032353234483831164,-0.0839821077691832,-0.16821503200597254,-0.17227727858279984,-0.4683123181872179,-0.21378498350867214,0.26356349231624077,0.2199320349893437,-0.21310422307448973,0.008160407660535673,0.38986728970298334,0.18311290454121257,-0.17951938766809072,-0.07980385198478224,-0.4858584861649618,-0.34773363074576796,-0.184660637229085,-0.10537462180005418,-0.33599448107555674,-0.18403123630876603,0.061512603024734144,0.0014784039019532444,-0.21548214929296575,-0.4142841758514632,-0.011895724153404718,-0.18267950105981526,0.21959314942975647,1.4921833542140784e-05,0.08705727155107786,0.05376317704488832,0.5137785115261675,0.3161060465972638,-0.16262883468739017,0.15314593591435807,0.24829248766753487,0.24608463436730665,0.06381891895981671,-0.020517726511320847,-0.052116123450839276,0.0634630944850122,-0.2022085056884981,-0.11883172396006625,-0.08396415014594245,-0.21880776000983554,-0.3205180832039718,-0.10793052023079117,-0.0014736504911241953,0.04083097010183807,-0.20139149344979498,-0.12693683574268017,-0.15929792938566384,-0.10594584345316248,0.19042882707252243,0.026637115084940523,-0.19451824966104,0.03343165073193602,0.11140283590996915,0.08754753230504826
-0.01597659828819047,0.13668808448724268,0.28841239255658524,-0.1836976112121636,0.2819115722504668,-0.26174478329058853,1.0,0.2979770116586984,0.09960335432335059,-0.007609485874012579,0.008347029621389824,0.2014621462299556,0.2675234207961049,0.3203292768484086,-0.12244943190280246,0.08470369835595888,0.006777219523846612,-0.07432796445851854,-0.010948187255498112,-0.15625910508527185,0.007106267305278205,0.03720521225441475,-0.23627574804760007,-0.20452467167243657,-0.22976721033484915,-0.290761368353154,-0.1206511090966176,-0.30421207249529103,0.20273584668459146,0.23466554895423747,0.11164393539118521,-0.0023923584922999055,0.10921656422901371,0.5450819516242471,0.005654490210709552,-0.049327970537479275,-0.0785771456093085,-0.1619842664933015,0.04202625108616792,-0.16360076094495288,-0.13778571906589065,-0.05736548830914468,-0.3860363861960775,-0.38178553047930824,0.2886673759634932,0.08201906580876249,-0.3615522331032324,-0.4332141390058763,0.09047791602928491,0.02280055265890096,0.22815133666018778,0.172185564999946,0.11757259141795905,0.19468315203623665,-0.09492361482237435,-0.3687912789834977,-0.2156478782973,-0.3640558841360521,0.11101427417946616,-0.01748611653750262,0.3972216721133438,0.1727787618370458,0.3455653498331392,0.24385744679940238,0.1333620132421459,0.18269029073092283,-0.00919122710574562,-0.014709182120387552,-0.508353720911417,-0.2016306526326981,0.008096180100343405,0.06044606415846164,0.1254073799098671,0.04997618391845531,0.1658961518978847,0.05513624385036891,-0.0663518758679162,-0.03338494767309897,-0.08505727715177529,-0.1792285431866497,0.11993380651547432,0.11922634114262629,-0.08516304108051666,0.08056955294325377,-0.04342062198783146,-0.19129032995981313,0.0610386242064083,0.01860377987120218,-0.11434477656563233,-0.19802366219308315,-0.17254757351434893,-0.19371364731566057,-0.25431554444470467,-0.2516448893052045,-0.19193377425400066,-0.17363119031884638,-0.2989831035066741,-0.1842980316446749,-0.3658006045350768,-0.4129168971406367,-0.10187167334388166,-0.07402654844050902,0.009142831916083744,-0.11871854555738556,-0.11092132506338312,-0.14021723696349908,-0.055929237696030004,-0.08668114192091256,-0.019495511868561414,-0.09173108448356007,-0.2697944648912849,-0.34635594406468007,-0.12867911900477574,-0.2611603966699997,-0.18063705068388872,-0.23938417705999254
-0.0853222922404881,-0.007160863502670725,0.20726062351168645,0.42117738766413165,0.2736034559303732,0.182753714512085,0.2979770116586984,1.0,0.1825875579664676,0.3376553189900835,-0.09821387653795731,-0.017638590297860992,-0.09241300982458764,0.1870696347780116,0.027017160342548575,-0.22034247545372082,-0.17958021676606928,-0.03556933103368317,-0.09517094532478444,-0.10747607315634722,0.016675796019257123,-0.04478340729155171,0.11988315774343065,0.2960235016408894,0.060565045686422445,0.19044361111059585,0.05551525503904265,0.05517048925808654,-0.3287898776075532,-0.15393936678755757,0.282433182073098,0.1579516568028865,-0.13064577376738615,0.0005831148211860464,-0.02588382407332724,0.08006091907424161,-0.28137711555412886,-0.10225203788200347,-0.048098648250170954,-0.10072266925212989,-0.23827823136410842,0.07086536192192495,-0.2768078252034763,-0.09923753558707102,-0.19128483115777223,-0.11200163636858207,-0.34209669631487066,0.0052230649035520885,-0.20514526098971064,-0.07562984777608753,0.14519667837701278,0.1934317592079663,-0.14992702075545458,0.031296765585594535,-0.10608594074487464,-0.22462753727711052,-0.12604663094149696,-0.15192562383615835,-0.2911962695421704,-0.14516785165099058,-0.0941256917772934,0.036438971503381205,-0.2181421205002415,-0.1033808621960018,0.26963611539213983,0.6233808937571971,-0.3450912687654323,-0.03611515831805929,-0.22820712308469365,-0.12716011477053904,-0.04056037911705099,0.02354916810642714,-0.10171390020024691,-0.13088857676206483,0.012724894240721714,0.144613751800958,-0.17132645562438645,-0.1009708731452181,-0.15255851460418235,-0.08220677044098877,-0.14723440622025796,-0.3173713814036075,0.015009592387812583,-0.10117334874298745,0.07298972173052382,0.03703836972616832,0.10312622185219454,0.2612011178605347,0.139759309219583,0.042546830094228924,0.14138737362148732,0.024966920486436193,0.4109386788009197,-0.025958506669662373,-0.19538901802348624,-0.1119186366116154,-0.07510396156572766,-0.03305588821211752,-0.1080861971698938,-0.0794476744867653,0.17559155081030609,-0.19731661104180526,-0.15661183437629272,-0.27822528912423133,-0.11202441801386388,-0.4107960772139768,-0.21245193907823942,-0.1717592496490972,-0.17493500920645635,-0.006246557589863342,0.06512599371148732,-0.10160960894303324,-0.08148838645400612,-0.186760596309198,-0.1949131659829936,-0.18141503829451008
-0.323119496901782,-0.12818106315567818,0.08669415522780739,0.05507220116958061,0.5787063781355718,0.251361658925377,0.09960335432335059,0.1825875579664676,1.0,0.7446927542425209,0.4154134698101324,0.2586568050203214,0.547272583380469,0.3808383386755781,0.7035252727864889,-0.2980715820563505,-0.09121009284167661,-0.15290086966554914,-0.5162022210173873,-0.36291772399732614,-0.2034575680318894,-0.28915624803986983,0.2442979547275485,0.33888915654611257,0.3886091165477356,0.12575227639206052,-0.259339986882627,0.020743126024073803,-0.1278003728027913,-0.2858199669743444,-0.04768983407122419,-0.18643389304786112,-0.45728311007827416,-0.3132642034230327,-0.06543778278227362,0.22480523597737542,-0.013880104284187797,-0.06310517285913002,-0.07189151110639162,-0.08610601299470372,-0.08380778941706207,-0.03928076372593641,-0.1383084930925191,-0.15181192129262677,-0.2377976413217803,-0.1830484200343359,-0.1717837007057885,-0.0004981204464463099,0.2580044824320254,-0.13248883677724776,0.1988216900125095,0.1640258669449313,0.25684023066358913,0.15877080166534197,0.19762142607537642,0.024101428311169373,-0.4890874056059085,-0.35582146486956323,0.17340995925014743,-0.25681174969481374,0.10579326347808317,-0.09719386422641393,-0.4847364856319112,-0.24936283018512082,0.6220478621101144,0.6048967996115387,-0.44099100795909435,-0.21727379086426812,0.004818537377561019,0.17761088613914142,-0.1824170963060937,-0.09517143594585457,-0.27114067318197654,-0.2635006024076181,0.06783977152637005,0.04989968781698816,-0.048053330125555044,0.08709731847585031,-0.15255398941351195,0.0017720376004516877,-0.22304990596727345,-0.3069495488248143,-0.024600065192344388,-0.18888658639946487,0.2772040874834838,-0.09716878504595809,0.32456542310184555,0.12963336490201421,0.5149738380864265,0.016803443659429703,-0.09295402220801748,0.10456608312390132,0.28176448153032857,0.33322987578441576,-0.06589220288811146,0.0013465566276109305,0.08003747161370815,0.023333229794626584,-0.18594195343469644,-0.3031884692640547,-0.04333486921455869,-0.22447255659504092,-0.4068134738004804,-0.05597970262214121,-0.15862625111288015,-0.11844078313578173,-0.24777608273266227,-0.2538471999825108,-0.1280842469668021,0.002921692849811267,0.11700166811036498,-0.18929405323625514,-0.2837064443383112,-0.0813779922370111,-0.13210273161127967,-0.02972001072970091
-0.10751075526139438,0.14176848050424937,-0.04751616717386822,-0.1289243071033678,0.6271064600864249,0.4539458765317232,-0.007609485874012579,0.3376553189900835,0.7446927542425209,1.0,0.24951158493685904,0.2687669689496749,0.31623261915380957,0.3785533311996177,0.4188912009302079,0.012227275715283118,0.010409049716522697,-0.10876039345408671,-0.4070854858656641,-0.31060879341477765,-0.009577905344567265,-0.026685057751199375,-0.05380833708313902,0.12698882416691146,0.4184456221069281,-0.006127920261867323,0.11189297192770052,-0.059396756439349836,-0.1769359614776848,-0.23942230712209478,-0.0184108344648912,-0.286285553400535,-0.22462901197104954,-0.3497665713770021,-0.1565718933046026,0.012941871744271784,-0.11373606192697804,-0.0245639958659903,-0.1304420009701656,-0.11712441275178449,-0.1650095907718012,0.07428203330040849,-0.05828871494418999,-0.07741953580024538,-0.14135747102947804,-0.06317078528956444,-0.23014326249712336,-0.004687599549607561,0.23289876252075004,-0.08179848913141245,-0.009240315853274209,0.17126181751944744,0.22309158233149592,0.02977682533577312,0.2647858009417018,0.04635104908019239,-0.18188394584369386,-0.21796158781848043,0.2669225361055249,0.08654852670397249,0.25354489074864206,0.15611917459374405,-0.33993610663686413,-0.08728911952408694,0.3310101035011479,0.6276719558486566,-0.2633374042607975,-0.16182857772150983,0.1182385233360674,0.29113982744506106,-0.14700702784070205,-0.02270576743177588,-0.4053416734974224,-0.2855868101056874,-0.10093846543459842,-0.037130448368320176,-0.13205074028669586,0.015587608588662288,-0.1859909211357428,-0.0881443221183651,-0.27189339808720625,-0.4269204604751077,-0.18337802735632508,0.04804494681424832,0.042814129533400795,-0.11586217153423832,-0.08208050875735495,0.025749834174961947,0.27525196494871956,-0.041551741815118344,-0.11929010203891581,0.07500565081711695,0.28452055470163834,0.013418735687448599,-0.0490803578605992,-0.0931386069948548,-0.02570223311872727,-0.005467921524345128,-0.11166277899743379,-0.13033823322130614,0.06145390096980725,-0.2084663146226763,-0.15302541143043763,-0.0065651775009830425,0.015836081055982963,-0.057053249667632415,-0.10032990088142885,-0.1382682691529403,-0.09463546437764131,-0.15130535980287724,-0.07272289972797481,-0.15367676066708347,-0.16149288795298192,-0.038237908770206934,-0.06979818041628734,0.05951976809594064
0.1667392873727344,0.015876811151308547,-0.07059303354189062,-0.09189077819080778,0.3516521870819544,0.12561886094399527,0.008347029621389824,-0.09821387653795731,0.4154134698101324,0.24951158493685904,1.0,0.3436156590638029,0.7482368927812677,0.36452917353419517,0.5379523560657455,0.19805584655914402,0.14200297212076085,0.05529185104696459,-0.23451033209690206,-0.03506599214428952,0.15303846056765166,0.1119248160750594,0.14591173141297142,0.20472107594443129,0.016514899906261184,-0.0010228019597558488,-0.017782797221622126,0.052748822964024215,0.34917058613047525,0.056447395020163216,-0.18662152715333744,-0.07591437414685746,-0.26403660923231875,-0.13765236832911387,-0.16492109535404628,0.023732533906431832,0.1601774833128194,0.021576946621628883,0.23328878017838686,0.028732068539585008,0.2972534105907718,0.13279656313614027,-0.23676133017861825,-0.3748308271954409,-0.15855296998089147,-0.29289492351161683,-0.29679060707071975,-0.3509187360586776,0.188515665793929,-0.2821011894674317,-0.08853406301880815,-0.1716793895211833,0.45305451131620267,0.12800185893180865,0.07287779638978618,-0.17007162483361038,-0.22814181398260353,-0.1748538262383606,0.1968171084355575,-0.23128379078258288,0.26535672954320405,0.03915684711877114,-0.04687181484330308,0.029559051061674106,0.23525671584089222,0.016460840121514313,-0.35903340405271955,-0.4895437144649879,0.1158754414455506,0.14051113307253485,0.01131641118346978,0.0028047335593630353,0.1787027278108119,0.15601052849015748,0.2852096811581233,0.11480038694875179,0.1973682307091099,0.2252016415759107,0.06245560345279981,0.09763666021862812,0.010121381842322068,-0.018467569521758695,0.2649065686280948,0.13286278388579226,0.43480277926870753,-0.11729316964084378,0.26726887620245676,0.06494890392262746,0.1965069278607088,-0.09204979493552577,-0.24129314449756264,-0.09361691686707468,-0.07817660339397758,0.06279885369906255,-0.12800231321601319,-0.14549271767499863,-0.12668540438564063,-0.1591713985401332,-0.17610471770368763,-0.4166226465050913,-0.22153236026614825,-0.1288669047494027,-0.36841419236634815,-0.057326732961620296,-0.1833843686072206,-0.056302741895787135,-0.18212579487630998,-0.09837224558451406,-0.1633760866344951,-0.02165970443385728,-0.070142937053681,-0.22808035583447947,-0.19070874023042395,-0.09218882151599855,-0.213326505661124,-0.12871870368680444
0.10389019275184856,0.5705041755946001,-0.5338296647084907,-0.438462909667807,0.1412670045843869,-0.15228858995449202,0.2014621462299556,-0.017638590297860992,0.2586568050203214,0.2687669689496749,0.3436156590638029,1.0,0.5116745449865046,0.8249508835904683,-0.01568468864893672,0.4463167239914945,0.3366664100232773,0.35655102061475635,-0.37304021381857383,-0.16385270907308364,-0.07465637294935504,0.11467293082041496,-0.5102025032696339,-0.49824283322732943,-0.2553625333985259,-0.5568881545535024,-0.015918301887822794,-0.40634250693133667,0.1932340871483916,0.3875871644183354,-0.5184700941684253,-0.4412917027914309,-0.03807424337955612,-0.05136095879635493,-0.4997760492276896,0.01663535980469335,0.0509470760245382,0.10450087820419442,-0.07805736169678563,-0.04862860373552851,0.05268451412258906,0.19413391693019202,-0.18264332578286321,-0.30335533271325044,0.26451504321552183,0.1481266229751264,-0.2327350633384698,-0.253036673838731,0.28925423825954016,-0.06330015283677573,-0.24156529158621373,0.010224824532961599,0.307457758643409,-0.06042791297005831,0.0534052350181031,-0.26908940577710716,-0.02534835557906234,-0.12108726517010335,0.4093444652340015,0.19593774418508533,0.5676805344530478,0.5452685908617673,0.20287910452936686,0.3859814952912245,-0.22362723375477467,0.3114311612147007,-0.23463274805030185,-0.36864541599007494,-0.012027265792492968,0.3262286866125348,-0.09896903953183517,0.06516657148824709,0.06741530280870296,0.06159612419401458,0.05593085770550993,-0.058573352607890865,0.10613086861259195,0.2407177633527498,-0.0906937207220429,0.04584095362076273,0.3485526627952626,0.21238935350354526,-0.39845187566465107,0.24276545691500886,-0.03835225638256332,0.10798653701146269,-0.250849474747656,-0.06688719161616268,-0.2834945638005766,-0.3496380630931721,-0.017517849532202187,-0.30199905986105763,0.058551344993418235,-0.3377995595053334,-0.21870379249128183,-0.24427173660169427,-0.254780382779353,-0.2888375475236658,-0.1252644017038655,-0.3348139151663083,0.1189802597455654,-0.16358310191744213,-0.04219350859499628,-0.10864708934957612,-0.06128833110768133,-0.03694051312260404,0.17000778734377245,0.07135799285364872,-0.20165937916523563,-0.24771796318146122,-0.3610823640646703,-0.4550531832512782,0.012471994490249135,-0.238231075053491,-0.15158859286335374,-0.11448112618074444
-0.04308960302728274,0.02785714903054975,-0.12848692398062247,-0.328421547508696,0.2430164698604266,-0.02141255723634733,0.2675234207961049,-0.09241300982458764,0.547272583380469,0.31623261915380957,0.7482368927812677,0.5116745449865046,1.0,0.6242861458319224,0.46549104935732355,0.1449898406458122,0.22662489767038063,0.11170532378999644,-0.4924024541426067,-0.28130632053826027,0.004766653036586656,-0.06692313730483176,-0.01829628106918224,0.0040178270046099885,-0.050964976027062736,-0.1531048422714389,-0.1847052804840524,-0.10441733605375729,0.3049389370679118,0.13064790061450038,-0.2014187846336734,-0.12988495454519053,-0.284673113143425,0.05958698718202427,-0.10893587140998788,0.23530736410596143,0.23289702390767766,0.13467234046340756,0.13418063589254478,0.03788925133069297,0.26023861316411245,0.1287402479627091,-0.22906158103651184,-0.3230669638703373,0.016157201670527862,-0.08495779343024426,-0.288590516186637,-0.2814958553495912,0.3870984351190348,-0.2572665020242229,-0.0015750182333398607,0.0144714046154151,0.43566725000605006,0.11180514463537392,0.10748780089133587,-0.190650388930676,-0.3007058745190247,-0.28731541576672054,0.3109986728209151,-0.280294437424788,0.48662128257613385,0.11243847460753545,-0.028978468575415705,0.02603419209434553,0.18534203633877402,0.1529969240965901,-0.3993029571989874,-0.4368953367582296,0.002209618836017038,0.1916490952209878,-0.08004053748451508,0.021992294743646182,0.13208482999968768,0.16618811683662066,0.31695497204689616,0.20247568208363093,0.16942530626721086,0.2194781255276546,0.12528003184346087,0.15870567645387754,0.11698564485256567,0.11751444048940976,-0.05533799588094967,-0.077962872923866,0.16979252820705837,-0.25926368043289416,0.17053154685272295,0.03240861937022158,0.09925022641638791,-0.2499495642808072,-0.19979295979094036,-0.15621124390030025,-0.08343080742833454,0.04252601895028696,-0.18617283036357307,-0.17381098874920653,-0.0235517793344545,-0.17262075026176474,-0.2534856416448495,-0.46345489588367994,-0.2061936210906097,-0.22835108256431627,-0.3259807698442555,-0.09117894321372354,-0.1733156710264622,-0.04293413146975045,-0.20172606760015252,-0.1414728000964533,-0.196611145343195,-0.05065159019391792,0.019699477261473693,-0.27275310971563643,-0.23214962634562555,-0.16835184217070334,-0.22793996961024796,-0.1774893944229299
0.020020999926508336,0.42110032054151475,-0.41244440719894837,-0.4244486538658877,0.11872463302958873,-0.22623890072841607,0.3203292768484086,0.1870696347780116,0.3808383386755781,0.3785533311996177,0.36452917353419517,0.8249508835904683,0.6242861458319224,1.0,0.07911563912592876,0.3029012022753641,0.3559796923420882,0.2915741985900431,-0.4646895434190287,-0.3146600570079102,-0.1650086202395412,-0.05129748982320187,-0.43827530548607074,-0.3231335415378083,-0.2613036590074489,-0.48942157626565735,-0.17952794435765773,-0.46544717297669236,0.21018707750497365,0.3126758576433161,-0.30714391686078757,-0.1947969123890678,-0.09355003418934844,0.12956304222660592,-0.4452250699549333,0.091122792244258,0.05219417892823022,0.06847960309731453,-0.17034074826825163,-0.09979848233864694,-0.06192232721607013,0.08174318903439343,-0.2005037304264179,-0.294459927457212,0.3299072862602599,0.25776673052629206,-0.21634766554289,-0.1898812266429724,0.3561314848855516,-0.010244899546503124,-0.16183653644997548,0.11351322780965686,0.2560509188974168,-0.06570761372902782,0.0021172834355078257,-0.3385059863065804,-0.13512943276611267,-0.2608667439572081,0.2784742324221086,0.018965107271671305,0.5941852288565779,0.4639227133065023,0.15721604756737562,0.2733257820031293,-0.009629373222750816,0.5179069513388261,-0.3913669991015428,-0.3780792770897738,-0.19788002801906301,0.2079908367079429,-0.11205755427913733,0.10279309545683013,0.17604839214375362,0.03399983865751211,0.13309660069449403,0.08684403115549803,0.06669230230002506,0.20776695766787034,-0.11573005436235756,-0.02801276211917619,0.26924758889477285,0.18719730197758355,-0.3638747137355223,0.13680389908119422,-0.031780363049021855,-0.05524158989561776,-0.1417235107360479,0.10998537349463629,-0.21920438567626377,-0.3786469970535467,-0.04621716774456353,-0.27192251703200376,0.08526044549861715,-0.26022555455195423,-0.3070131693672897,-0.28519215237389467,-0.12717429098819677,-0.28411377346443606,-0.18311392795106007,-0.3869769427792082,0.05672665129585334,-0.29347364545208826,-0.16433004600623785,-0.159128181262494,-0.19174534242432767,-0.2027242970932717,0.01320209258436474,-0.030459906588565098,-0.21559126309549878,-0.16583162754047362,-0.2112527003856456,-0.47682322929849646,-0.093245906127136,-0.3079339816868275,-0.2910368883046146,-0.26166986003337434
-0.17192507063657744,-0.2979335523102436,0.23330173235992804,0.3210516740675758,0.37207697136795437,0.2242115774404599,-0.12244943190280246,0.027017160342548575,0.7035252727864889,0.4188912009302079,0.5379523560657455,-0.01568468864893672,0.46549104935732355,0.07911563912592876,1.0,-0.19943723034145008,-0.16483427942199153,-0.22746412166453164,-0.18990953382467018,-0.039768825535683644,-0.12449998017767056,-0.28609209570074445,0.5341432892285982,0.6368695344255947,0.29114006572285916,0.2901355467543055,-0.1995824020440192,0.17662034802047463,0.03474549063135533,-0.29301245021776123,0.08174773983980022,0.11463460809465084,-0.43756575701829487,-0.23632314575189653,0.039434859058100076,0.08439532706458222,0.2032655690111817,0.04881342313144786,0.009645488344235599,-0.08342443911653326,0.10889532069451338,-0.04557868317370196,-0.10642794515182066,-0.17414278292780164,-0.39070554531626733,-0.40163566310902454,-0.05918713127528507,0.011211723550526416,0.016252490633446994,-0.157589851333023,0.049274461800507194,-0.044877825078858874,0.10861686793484804,0.18145931009719993,0.09830369668746791,0.1418356089566441,-0.35598267639114656,-0.16133379899490047,-0.1284878225300785,-0.4198983893910816,-0.21463968000309086,-0.35612846253869074,-0.5239041462962604,-0.45529585006173845,0.6446744393306062,0.19723377282114987,-0.41198569676209146,-0.3209643903901269,0.20830688140634265,0.09842804788867582,-0.111980016790644,-0.12309940078710616,-0.1772069530747181,-0.08037844679541667,0.12176417923997916,0.08868145291790483,0.07732722349876997,0.11986723435523991,0.05870495491991304,0.10374777732829076,-0.28143034668286815,-0.26891954564789744,0.4179181011606023,-0.041578363724584566,0.4279631973936064,-0.1180111235174103,0.42215351318990346,0.14400195413643993,0.5792503844940731,0.15760941128705497,-0.14781407974435476,0.09559199015798557,0.15131183436892745,0.4310945055124328,0.016532090127817995,0.04017753875427996,0.09773399032889359,0.09479473616041037,-0.2317630361872868,-0.25429855638041743,-0.14303905044855125,-0.2134767691343415,-0.38483419307491873,-0.0628405955838575,-0.13925891348967778,-0.033393790637529217,-0.3195054588286631,-0.301227929797511,0.004708317441247327,0.12202342904605328,0.16624129605824145,-0.0027131683046216666,-0.23540298657791153,0.14032087089672377,-0.008381950993239766,-0.013301778338204994
0.42044356951572437,0.578331610445908,-0.3826767352922274,-0.5170400803001837,-0.057236915440474885,-0.17590520135856474,0.08470369835595888,-0.22034247545372082,-0.2980715820563505,0.012227275715283118,0.19805584655914402,0.4463167239914945,0.1449898406458122,0.3029012022753641,-0.19943723034145008,1.0,0.37041500545900036,0.4242467458252359,0.146468125716349,0.1839181157742669,0.3284148654936687,0.4472375780829231,-0.5459932967788185,-0.4603696932945978,-0.4067947096397779,-0.5524300232133286,0.3391871168051624,-0.3618551212995615,0.4319780495180383,0.5932325387866049,-0.16805308537418207,-0.1703425513404684,0.39857202916003853,0.19412147470179794,-0.47302650293795745,-0.5122021250248324,0.10346702046122004,0.26507631343108046,0.026007604386847356,-0.032024308842920714,0.26942887221555756,0.33208047809212876,-0.18627394295620028,-0.3191847911340556,0.25755353569602174,0.01672080636151466,-0.11610251502328797,-0.40576377187200535,-0.0003954043759670937,0.03393614931177536,-0.5022812475939711,-0.20042103489743548,0.17475251726794824,-0.07005063950149347,-0.07362185299198688,-0.13900941947619735,0.39942485034638014,0.2873507395346125,0.1563539628150358,0.43437002247324363,0.48601748805497186,0.582710892864009,0.6018676755903504,0.611791466110095,-0.4402171663695136,-0.26178729417666197,0.1257293121030018,-0.37974260397835263,0.08159332676087307,0.20426110335735992,0.2776479073166893,0.3573163679673444,0.18165993927120505,0.355369078560667,0.01892572186261083,-0.04334845389588375,0.26194885964883413,0.2804317228063641,0.09450009746168614,0.11615452572493515,0.3787943948139491,0.36474909171478676,0.002291285058785813,0.7375079993113799,-0.23398342382074958,-0.018715730858535458,-0.5314042761421243,-0.1445818365154891,-0.49520039315171394,-0.3736538344058859,-0.18720917112195504,-0.33797692592245654,-0.3395564825632063,-0.5651650597889586,-0.14027040659518455,-0.33207313271639455,-0.3957785956334349,-0.32535618854365245,-0.07297663874919029,-0.128542789283986,-0.056212814200269946,-0.02411319192891974,0.2418504598849291,0.006268313141151125,0.025562481105005464,0.12430381556630071,0.288469120042163,0.18295302661766208,-0.07683229026297417,-0.39768542217407105,-0.628673827330806,-0.2912414341285665,0.09359734931680241,-0.13576648793153723,-0.08474547982690675,-0.04901502871994888
-0.02374622037680206,0.17093663887128957,-0.21712054230173639,-0.42055922810056817,-0.019134915527440795,-0.13781546208168163,0.006777219523846612,-0.17958021676606928,-0.09121009284167661,0.010409049716522697,0.14200297212076085,0.3366664100232773,0.22662489767038063,0.3559796923420882,-0.16483427942199153,0.37041500545900036,1.0,0.6298647918688007,-0.22616978666777376,-0.2453559768884745,0.09731309091926536,0.20933969542518294,-0.29787287237169285,-0.29186453131981066,-0.12815862124060598,-0.211825862873806,0.08786855687732888,-0.14492229017597935,0.5184997157244828,0.4729220586254225,0.10108465783061232,0.10950858340327471,0.37433200686071183,0.14528013400250653,-0.1806262934228676,-0.17793700463329767,0.24488713672584184,0.16065191545713123,0.01121400599629086,-0.1365804256978677,0.2072954505047931,0.2613082582341373,0.04889331964245509,-0.012144668754515142,0.15562185433402279,0.13047536201946677,-0.09254199434126746,-0.25763683122976455,0.0661320857130592,-0.0795666204547401,-0.22402699552484046,-0.15598715528195842,-0.07613397389809146,-0.3460761967804417,-0.20149526477541738,-0.27875883418707614,0.3088368217373452,0.09370371906741262,0.01531334608615406,-0.011544118568780192,0.2395900816961097,0.1987722266923632,0.2796342612945727,0.2166430787250166,-0.32237320187466245,-0.12189054408969129,-0.03782521051886392,-0.18589934219345147,-0.08504671030764382,-0.11216035555462735,0.1856547050349276,0.2324744084052772,0.35653037542081945,0.2083997294699435,0.14646400023510028,0.05882195126105809,0.10205349221738637,0.04685966544795282,0.4538935790631006,0.44035522493999674,0.3670974128508394,0.4242446592547134,-0.16557065071256147,0.14475640568306813,-0.17882304041811148,0.005682896822720697,-0.38788861847305045,-0.23248124116401464,-0.3559924113102258,-0.500556659664776,-0.3301369714028103,-0.4148747380884704,-0.2471434390585771,-0.3455032759610048,0.120056154313027,-0.014773225046909703,-0.12925200186624902,0.024699052950199443,-0.23436884537207087,-0.07110203021172144,-0.1761537247927396,-0.04695883340940035,-0.054773122129555644,0.028960944686073513,0.11159429797221626,0.0053569852642919675,0.011458479070197118,0.05498963745079889,-0.021149183292232476,-0.026869561722698068,-0.1439002070829567,-0.09171416336669222,0.07765016550078445,0.06554217958783234,0.1670032902164308,0.05797779093836165
