1.0,0.13161289845857255,-0.1636020438445483,0.03144573251607483,0.07798662397895027,0.12649177386458804,0.14174938491971475,-0.24903330315671943,0.05607124221936632,0.012018408626069385,0.2663691647018694,0.013646287422093175,0.23784149100046348,0.027952654112903614,0.3802587975946176,0.23642331237715491,0.21001486223619784,0.14700911567813474,0.3659373755498102,0.28316602238932914,0.08370088224255681,0.11747809475849122,0.06137900956762871,0.04309292521213267,0.08807531255748423,-0.009859000657670538,0.1442463886362456,0.13406972986239574,0.1319311451877358,0.1405788549688311,0.17194041138349658,0.015263796878316586,0.09037490513449492,-0.17713754605173332,-0.1573765928886558,-0.39171753002698967,-0.04962907683808821,-0.029211192675666946,-0.002795791776416553,-0.019060056836727998,0.29297074769616255,-0.07836571649694145,-0.19675992703765638,-0.19069108444761212,-0.2086851661022948,-0.34993028473228255,-0.06391859402613305,-0.2762789761918011,0.04388391419906516,-0.057766585913494345,-0.15246011284876745,-0.17226889482672073,0.011914954213249156,-0.05031571646228319,0.032784081517611,-0.0524804129447444,0.3016758564479413,0.31926349468961307,0.23051229033020826,0.006900412377169708,0.3165571152039032,-0.09209395417527927,0.2942552775759454,0.1509620236519995,0.018403701370965666,-0.1332507655526617,-0.22268539924717362,-0.36910814874382636,0.40029820975592867,0.018832013711923952,-0.0869833751751321,-0.17870326848826287,0.2661925568857548,0.14899731187445076,0.19427472020118788,0.19361896770613518,0.010993608581093618,-0.241383028583838,0.2440988950739322,0.10647052733294925,0.21446565268888218,0.038449394835691014,0.36013568371365673,0.2051766401811623,0.21326713072766446,-0.06653794030414616,0.2048416500768504,-0.013660028376373675,0.1476419771354816,-0.13966710937021007,-0.24992999063083748,-0.09560432270585002,-0.22328429902478344,-0.1495935314766399,0.014918058370842969,-0.045944318414274474,-0.10915179220260922,-0.09875507824103355,-0.022774357327038027,0.08814873569892001,-0.21382389112974076,0.24212676808468037,0.026662683620927545,0.18005583151846744,-0.08639226472775659,-0.07472101614353958,0.060881219400211344,-0.2544005738158378,-0.15905243621733564,-0.15271584398799473,-0.2833236914663515,-0.15541735660680586,0.10425761522914292,0.11636482173626078,-6.872114313419579e-05,0.2326259046151645
0.13161289845857255,1.0,-0.11918500959054087,0.038510937571693465,0.01609421615814843,0.06626829103982608,-0.23988736952370282,0.10983658464620294,-0.1703148096128705,0.014418951579253537,0.12077493072142036,0.30751101274073556,-0.0644063253203095,0.30318204656606884,-0.2508686783267164,0.2748116730775449,0.22521666508372912,0.1892301660162936,-0.21105106129272846,0.05391638718702236,0.15814509294573387,0.13128789293019436,-0.2571267305373651,-0.27264209509406845,0.030907273562724307,0.08313498071929248,0.13933237909119575,0.14417542886845855,-0.13515115694977722,0.19276881615638417,-0.1522461100578897,-0.2861813359928127,-0.06199148995128939,-0.18462512447345916,-0.047100270227849225,-0.030806434687425072,-0.029300132014065224,0.04543990400362777,-0.15414855726780247,0.039481185346411256,-0.09962968984228321,0.14248814069521987,-0.14039513926558125,-0.0968601343320808,-0.20897050797291025,-0.14535484939946164,0.18623490792863565,-0.010067041811228932,0.2928815571732485,0.17908647482019993,-0.02367459249098933,0.2819368682084646,0.1737290467742057,0.1758464665070558,-0.05239283854957625,0.2232635578651037,0.3976157203672194,0.5036865870289325,0.22409012692726873,0.22834530047889787,0.1294038017621629,0.46637168373499205,-0.008399008007918854,0.24963823491089857,-0.19244514957667894,0.22023018880608441,-0.16159105277209584,-0.0986094754802015,0.30998127459738073,0.21521071612030526,0.0512810321029172,-0.023682748285263115,-0.03333511018685847,0.2926579086982258,0.10638990319542899,0.18972971980670467,-0.00319717319634884,-0.04570304799572321,0.15271433659430583,0.035242987437419035,-0.04216050457839929,0.0038010034313283687,-0.3390182982997052,-0.21385423578094728,-0.2060073544085766,-0.17622938908173608,-0.06498386330066001,-0.054899616264581695,-0.043062030107732144,0.05622212053673024,-0.2616011446704989,-0.34657169319301684,-0.12258029117060326,-0.24699233528663034,-0.015761500482282014,0.08174189366674577,-0.03783920074102972,-0.06240048771214513,0.07712027998659611,0.12276818924376427,0.3237228540108371,-0.14403940989697944,0.10384378375452687,-0.2002846294772053,-0.27744507666244034,-0.2579329429067858,-0.14244954025065706,-0.23319751328769275,0.02203375700763559,-0.051321571301420635,-0.21110051305611446,-0.06763662650374844,0.16535072809620713,0.03015556190926262,-0.19778538502945667,-0.0010946634474475502
-0.1636020438445483,-0.11918500959054087,1.0,0.15525422095840855,-0.017650174412780592,-0.07692787486789399,0.29719454790067434,0.562513063116477,0.06429903365522317,-0.06076681253498002,-0.0997172047045348,-0.16472868571955793,-0.16207078944030812,-0.2457570245901273,-0.2311209791799908,-0.34641640442300664,-0.002801220558247592,-0.12451541981449396,-0.17352444217220836,-0.20871750592074945,-0.07355913346098379,0.15669936340348214,0.23281669339554192,0.08692478632810838,-0.18261764546979195,0.09725280664968357,-0.1007814537576651,0.03668166585429936,-0.47467954559444847,-0.3379309013253814,-0.20672397962118083,-0.015895175899438136,0.12425738710404682,0.4322803072987055,0.394565269694674,0.25155823426828827,-0.1326816985199007,-0.21390904133503308,0.03846605770303331,0.04215940428760224,-0.3574887417898285,-0.12633363824914962,-0.20013273328611117,-0.09904396207632181,-0.14390393021878342,0.14648126577269532,-0.2309539901645329,-0.11488360551252402,0.04142129469622035,-0.22466836222986938,0.4267896157836104,-0.03737136027858553,-0.06498611735268549,-0.1454009610893191,-0.10931405387931956,-0.22491459392563287,-0.06713222045376105,-0.05422434418577502,-0.018541890780282025,-0.10014469573436081,-0.027967424102298244,-0.02893343390239948,-0.23354630399693727,-0.2478515376118171,0.19792694710269076,0.4497429352505115,0.46026322360722255,0.4716380630801793,0.11952591015093673,0.25044007313837335,0.002693580819214387,0.22657662644541107,-0.3089555184189574,-0.048108630745077555,-0.04084479481119058,-0.02180788454968925,0.06587737810031534,0.12234222304729976,-0.17759048599940422,0.13544930226880572,-0.2335973651822661,-0.29291267155817347,-0.3699300210738623,-0.40326520347169825,-0.36637700810682516,-0.2674741294080667,-0.3233627413738419,-0.17817245747473928,0.06230946988249494,0.15094394505868183,-0.2662599503952168,0.027910366612484003,0.09672013912759439,0.16412672687436813,-0.054459133478328814,-0.2100736290078761,0.20157549242453163,3.5608222613066715e-05,-0.39837016593873936,-0.3200888437674835,-0.11334750805290418,-0.06494218013350794,-0.07099105583971159,0.12927745275478153,-0.029764452926169152,0.052987943652616366,-0.051613995035078256,0.04841612277993423,-0.04838600235896427,-0.09301890854359368,0.29422508615109416,-0.12620083288531525,-0.07525750173573212,-0.31127130064374114,-0.2621030213576998,-0.1928164694406404
0.03144573251607483,0.038510937571693465,0.15525422095840855,1.0,0.04015551450808201,0.18597418447510292,0.02587484207502538,0.467571347000457,0.0887337713454032,0.09772498422684496,0.09899332867187313,0.18507616047407247,-0.1920130109866492,-0.14480256674737704,0.1451068089920765,0.10978760627904295,-0.21568344911885634,-0.015816269490165943,0.14306727261868168,-0.11587496818291367,-0.06278962947287528,-0.028794986841055078,0.5437477866729501,0.493804933369358,0.3056990094870196,0.4235230532674889,0.17837126546918466,0.28045177342775807,-0.32101672728051583,-0.15961927767754555,0.09323584842257962,0.20493335552701786,-0.11137668592798378,0.33236383870971886,0.3514624563807083,0.30735545274968007,-0.35195618778696797,-0.32146090726344706,-0.10973347440175368,-0.23640130961094027,-0.2088783900129685,-0.3298563025620447,-0.124874127843636,-0.03932281496842046,-0.26115937318903615,-0.18180326437375222,-0.20780723499797263,-0.17879806892188152,-0.01051985951765715,-0.04003843558207726,0.117671724623732,-0.0778182970478412,-0.13971580008356227,-0.07618973650642644,0.012716412337988982,-0.2262220961894525,-0.1210642150520294,-0.16972168724190548,-0.1698409601526131,-0.04969800286287891,-0.10541338162751537,0.16449502407239594,-0.26812600040181933,-0.2395448602294426,0.3481454484428128,0.49201135826921605,-0.07947827846093555,0.3135796169739341,0.1243708628208022,0.10508593782155924,-0.24924549211490513,-0.1219323465731756,-0.2961184460949169,-0.26524505211888877,-0.29214012208046286,-0.09153063057556368,-0.32682582608801636,-0.2836504256475354,-0.19720085866741954,0.002573967233529049,-0.30281405188318583,-0.38162595684312633,0.09528421792290559,-0.05337719563612258,0.12602829777636404,-0.14565295871964237,0.25000788382856703,0.1487149929981887,0.45181738351603545,0.3560935282544122,0.024521194652287963,-0.09801909693309675,0.5270229883395661,-0.02220341923134159,-0.024858617229351957,-0.0973604899367706,-0.28295250497198093,-0.25160984881849113,-0.4557623627740593,-0.30086374635845026,-0.12825656245399986,-0.26898398631544795,-0.10931863042355536,-0.2408373095287805,-0.25060076152263844,-0.319374866156241,0.08682356756280304,-0.258983311675909,-0.16896078765816935,-0.318272537159716,-0.2898512448912221,-0.3851193844866156,-0.0501906737257946,-0.17723686494950225,-0.2242148440715639,0.12775375916963547
0.07798662397895027,0.01609421615814843,-0.017650174412780592,0.04015551450808201,1.0,0.8017728958386471,0.3085268854066304,0.05169203340432491,0.4898959800939305,0.6101682257241732,0.2632854470976499,0.130394394065469,0.27755838043954284,0.29924754167879897,0.20433580518297023,0.5252891627209741,-0.2237549196020459,-0.35013506634120206,-0.10947023371944825,-0.03724898988815773,0.5305575555109782,0.3391941936030333,0.28052065561599565,0.21390600335409302,0.7074143572238292,0.5195090666605302,0.7359446681173824,0.643897087367684,-0.022895914217170694,0.03560659357867174,0.5775368127480268,0.20414740371434043,-0.5016629935175414,-0.26928859577679004,0.03777122865139852,0.06003988632130217,-0.39003544459937955,-0.08898437512083607,-0.145167755947927,0.07404790591342503,-0.14293741932426435,0.10883031589544671,-0.08254723012882455,-0.2354980291741684,-0.17109322391140416,-0.3540577469869914,0.03330441021908463,-0.167610743127307,0.20065522622225868,-0.13814322238821933,-0.09539631098441889,-0.1084070392602684,-0.05889970333627118,0.024066371275648802,-0.29245257661743446,-0.2329442073968346,-0.13925920793112848,-0.31714515395860476,0.21068453745434246,-0.19360089757743806,0.18702636266153094,0.27010073046465377,-0.12715027677685586,-0.1462917525363663,0.3208016161349826,0.0923897052735416,-0.07052694645495487,-0.06787014055166869,-0.13411719521862836,-0.13444926837308535,0.18114663078680251,0.39059114539656997,0.1280926763724405,0.18787634229055825,0.18917245037599162,0.11946629827362716,-0.28857905628651825,-0.19336279238070025,-0.09157836267601478,-0.14694846574044163,-0.1858915411078976,-0.22715977408857244,0.0299126304349331,0.10336620782489844,0.17577441067394242,-0.14708744976880603,-0.05118975601044311,-0.09401485508434489,0.17887796231497488,-0.2097154912116612,0.02744445408361834,0.0792523791527358,0.19149293956082075,0.15860462900818034,-0.27430123070597207,-0.25395098591168735,-0.44169901140129564,-0.47693523253478526,-0.13822983212379045,-0.23065153742909952,0.04868841524080555,0.0989869632291654,0.1691607145017633,-0.09458722498477577,-0.17996433480963422,-0.14001241071134127,-0.2341640242110512,-0.15294228908501006,-0.0728444613748478,-0.39086426260845825,-0.37160103618232526,-0.2591656324628863,-0.06449048080595107,-0.0579740296202583,-0.30992992362129435,-0.17648343265621488
0.12649177386458804,0.06626829103982608,-0.07692787486789399,0.18597418447510292,0.8017728958386471,1.0,0.1422696709778851,0.09551790563603589,0.34368588376753456,0.43680508201798546,0.08287902439358853,0.15383595289787408,0.1664564799414001,0.149300385282084,0.19929527118199641,0.5666918335009365,-0.25336509747486174,-0.37148013403496294,-0.13324976620138507,-0.14098775031168206,0.6396795672351391,0.5253265516282818,0.29811870744958097,0.2107531912495857,0.7934458175219248,0.7259800086096384,0.9334648437987083,0.901079067656169,-0.12481808300437938,-0.05560566688622107,0.5572969365070638,0.09313479646395484,-0.48147374731269593,-0.3299116398175913,0.05791257876744737,-0.025945031354561825,-0.46080500079807485,0.06445017716537721,0.01615018118443875,0.18912741228638094,-0.010065007262917152,0.18427626678858583,0.024404615142308895,-0.06694186601620113,-0.12204027175383644,-0.29976476792482176,0.23643402885898954,-0.05444995809823256,0.20794398797184557,-0.07359390853550819,0.09432131716706335,-0.0034898602118004322,-0.039996052082034016,0.0882974374186094,-0.13851767093281486,-0.08150861128993143,-0.13373358039265107,-0.2739880421775624,0.08100322599578982,-0.15050136556033042,0.08591891618495036,0.13935238976728398,-0.17755423701924983,-0.18776483129960211,0.19908344828585386,0.19196353400155375,-0.08769892699836826,-0.10481502715658585,0.025859286570523055,-0.09499350828565845,0.2035273262086082,0.3075627160978626,0.14155755091472505,0.15537642781497424,0.35370886729278067,0.141322938865291,-0.37566470589672263,-0.3082909219216529,-0.1277261998233686,-0.22829892763434792,-0.17005096170936274,-0.2981973516179668,0.018732417191405157,0.09667645850271293,0.08037885838493682,-0.09762929013460535,-0.01046177163590436,-0.03985188383430274,0.1574156739886747,-0.10173217929196822,0.048703881040585,-0.07227594692964927,0.23019559033529335,-0.013262308325836431,-0.42006811509795833,-0.3178280873775393,-0.29272199001512783,-0.4461533410038937,-0.0718354736025027,-0.22421014307086815,0.036618670243225286,0.09577780295687277,0.26112721094422153,-0.08650858318138029,-0.12021255894351292,-0.0679988835944663,-0.15322815925952668,-0.2001606489077582,-0.15749217603749543,-0.3576177672697927,-0.40906990524349746,-0.2221771516808535,0.0759945295612053,0.04105754649914503,-0.3484339592312797,-0.12747352198231213
0.14174938491971475,-0.23988736952370282,0.29719454790067434,0.02587484207502538,0.3085268854066304,0.1422696709778851,1.0,0.2787030263126283,0.5608141894343827,0.24160297688806132,0.25454261847341747,0.1529606495165055,0.44020921243015587,0.15711652691627473,0.3094653553489983,0.1032154604455234,-0.3000451372095292,-0.3649374634048564,0.20806726018394647,-0.005313832288444201,-0.002353039798932473,-0.1604243839759861,0.3418597243387067,0.34456578946660166,0.05562082824584451,-0.08958353952331151,0.08913646724769814,0.0043829499746563605,-0.05214875484361475,-0.11898091239753715,0.35930458174263646,0.3531858311272536,-0.1683807061043404,0.13551389236532907,-0.005100755927349906,-0.039936263883807444,-0.20226085204767555,-0.26590910553167857,-0.10361480795101248,-0.15173869715428356,-0.10264969363604291,-0.0890720837074287,-0.24333628340003377,-0.2967928710559438,-0.07658311321019386,-0.2173867014474399,-0.2665503451896997,-0.35405135360413315,-0.0362778817868465,-0.12374925676687304,-0.19002902423011894,-0.2515136953945958,-0.20451362309624022,-0.08649750772347457,-0.2074571592489938,-0.31072806104191886,-0.4080582425666426,-0.1986562519648614,-0.010776036442524178,-0.46819243209115646,0.22412463776456293,0.10174840529050497,-0.08117205783564838,-0.1366627847644257,0.5681742922097122,0.016084187115475688,-0.039925257004017126,-0.10099964506970781,-0.09684670114611836,0.01695634897441657,-0.05435228674683922,0.0769062260924528,0.008281506161039214,-0.023910173244093582,0.15153701308707332,0.040817878496394816,-0.010990657651194195,-0.253739212609071,-0.27065070741544844,-0.15795566618365048,-0.35697388812848546,-0.3058786393388217,0.1885819154309822,0.20373202674377167,0.3354748939044302,0.019865069903162173,0.09714848797445014,-0.15123551636860774,0.23607370002247788,-0.21182462037416916,-0.0696465646812415,0.2583003615967955,0.14728028550850247,0.3164256792262348,-0.005965526460741316,-0.11337724003788961,-0.22598267084421866,-0.22810827127340436,-0.26936754169457544,-0.3015746012698125,-0.2925330913417997,0.18115822855463234,-0.10952894079409634,-0.09642606599236495,-0.1204513743713732,-0.010989346268215702,-0.018208959135971467,-0.11998919439855374,-0.12115850543397214,-0.11516788377511782,-0.1835013775481157,-0.2278212046894467,-0.09266373350846527,-0.01890072143017598,-0.017006181959237955,-0.047896167388116695
-0.24903330315671943,0.10983658464620294,0.562513063116477,0.467571347000457,0.05169203340432491,0.09551790563603589,0.2787030263126283,1.0,0.23667888422917918,0.3030328956511717,0.14459316384617,0.26932424325968646,-0.009434393995874599,0.19952543650633073,-0.21816082376217638,-0.01785438940334106,0.039153089130087505,-0.027175731282199918,-0.26235849921090393,-0.3369821737397125,-0.08248993527947443,-0.053785144312224496,0.08500315630495343,0.04209655492862655,-0.08973331331434438,0.09698620412193086,0.09123026987696686,0.10433526053063602,-0.40715690563554074,-0.20253439066281606,-0.18711446455391703,-0.034991685630603495,-0.07270551433257108,0.3287924395710302,0.21350226164852118,0.27427923906106383,-0.38022587125661794,-0.4501085822604882,-0.35604343022631674,-0.2325855483018961,-0.4530175759064579,-0.2984676502731215,-0.1972634958996327,-0.15087464635068587,-0.19462764611950306,0.08024530881944558,-0.27822332324480814,-0.25154862844951253,0.0865141370001387,-0.12815426096092447,0.1524716942060467,-0.05073907535003911,-0.18135528025818387,-0.2655701313097016,-0.16202534114722514,-0.34145585852549404,0.025521551281635538,-0.09710409457137098,-0.06877174767059627,-0.13385535344430233,0.124990420400156,0.4845642871175292,-0.1666014225047263,0.0841235309100734,0.26531271672837736,0.6501356001867322,0.14397257974930236,0.4596867444845355,-0.011084459435717878,0.16832398399623033,-0.1619921026988671,0.004559144657381749,-0.3532643588996396,-0.26906996975606773,-0.2661632749214539,-0.16950085790438935,-0.18155315025445803,-0.1525440971655987,-0.17341303081312168,0.049943437704449846,-0.1996418255840967,-0.22982320639261308,-0.30860911927619006,-0.3430399949687977,-0.18560596326395748,-0.14049026398738748,-0.0896899427298262,-0.17961934140568322,0.25537970054083114,0.16985575762309882,-0.11171237274908612,-0.13947399113289863,0.42216364549457513,0.024170071015301883,-0.10033419310142652,-0.1785721264020697,-0.21315703862156543,-0.31078521906170253,-0.44617298054431587,-0.3517233518454715,0.09196653937991042,-0.07690604584380192,0.01096210503752374,-0.19308190170870515,-0.2220975689892779,-0.1790510510156734,-0.043643129291705864,-0.14038325027107074,-0.23118363984468288,-0.35769790307900906,-0.17062247414437626,-0.28742475366678777,-0.02322906032469243,-0.15081736871618803,-0.33299378600973134,-0.14454353326986724
0.05607124221936632,-0.1703148096128705,0.06429903365522317,0.0887337713454032,0.4898959800939305,0.34368588376753456,0.5608141894343827,0.23667888422917918,1.0,0.5157576561766876,0.167170856537582,0.08090334816581483,0.45592693419367514,0.3550283217503095,0.41005951626571924,0.3361243038267668,-0.17104654565137978,-0.1955498990070541,0.08792359211808386,-0.025929976860058747,0.06548832694329046,-0.08372089056961195,0.32182246069377635,0.14363488548189518,0.2608692635225919,0.10324573373144937,0.34106157324680825,0.15870749506868473,0.02135889495874949,0.04417582788824732,0.3025155071398128,0.1281942157116893,-0.31699334050404415,-0.15217109314552654,-0.22024329634073864,-0.2361746680878809,-0.3062135780008985,-0.1309703019575862,-0.20939317256503573,-0.03551462530437831,-0.2210949645759764,-0.0685876752109402,-0.017163884522470762,-0.15384719257557444,-0.07605288699765755,-0.2664368777165966,0.004272618190195816,-0.06491287417456988,0.06391057609639554,0.06844796189423853,-0.22377492592518392,-0.14869961946421723,0.10452296235518253,0.032664065382870575,-0.0191269066737585,-0.24694351743676543,-0.20472034135027958,-0.21388859811441643,0.19874924593173365,-0.1504064098793155,0.4251478852043573,0.45655703334495545,-0.039229491988961675,0.13728886905835178,0.37250827659081226,0.026171185270087598,-0.28587028606959336,-0.25322906459866695,-0.1339584396703726,0.03518092039633405,-0.06213524078268553,0.12542756966780405,0.082994597924671,-0.10856343169748882,0.006532418348427514,-0.1856173850561777,-0.24731587667723337,-0.2583762820500077,-0.18997693023268358,-0.06148125916942167,-0.16472038382135318,-0.13682898567659132,0.08844398159304388,0.13442502219439292,0.07065492141744971,-0.3405120390710341,-0.08887076916389354,-0.08482191820752225,0.2856094653842048,-0.11870575580985568,0.09884782133445118,0.11087643787302026,0.10378947586945192,0.1137634608470611,-0.14219823048962218,-0.07156475250763221,-0.33724794369378797,-0.3229106336684929,-0.23644260765871727,-0.3475563344440511,-0.28259989086535064,-0.041784218100330256,-0.16260385276012568,-0.2372964569590593,-0.22799415538600826,-0.1488256887079712,-0.28020348868114614,-0.09856043402655762,-0.1808391140612542,-0.14873235356900583,-0.37399010174835245,-0.23215740713518976,-0.03469499608446609,-0.14888725681300732,-0.060038557914119106,-0.15975345713383424
0.012018408626069385,0.014418951579253537,-0.06076681253498002,0.09772498422684496,0.6101682257241732,0.43680508201798546,0.24160297688806132,0.3030328956511717,0.5157576561766876,1.0,0.33922789675825615,0.26673221349209353,0.29566533001938017,0.5072993237517234,0.22706383126732724,0.4328832060027368,-0.1073005687892889,-0.24064852074265788,0.05763536911290078,0.04193179034085353,0.2765525067920566,0.09726539783583363,0.031189741122557534,0.07140272257441505,0.3702430967871869,0.1732028221277002,0.37194058183280176,0.21663727622850934,0.06633740646933557,0.17867860949980624,0.4519727140256236,0.30231113647456104,-0.48210627271274653,-0.09113319743794607,-0.11302237284977172,0.024400227451518028,-0.39894287648989807,-0.1738104548880602,-0.3967436020120316,-0.13569307118286245,-0.15118401837077505,0.0914939691232588,-0.16174150644942983,-0.30113472669985286,-0.24118260868357164,-0.3148872651378634,-0.10620371900587507,-0.17194897929410713,0.07744883610548554,-0.10808676840685244,-0.28296282141790574,-0.13629049628828743,-0.054186743711653725,-0.1878105493415254,-0.3073937103700669,-0.31752968440063656,-0.10945992610586364,-0.25070046429761467,0.17882429142901937,-0.035427613391676854,0.2397529644589611,0.4871276365644415,-0.0006881634477967952,0.1660657854678312,0.21533796712940828,0.03917463938416034,-0.10494967355312759,-0.011594250056200479,-0.2536328065072137,-0.07538439446595777,0.12519643907386152,0.22343685275317385,0.08817135086442605,0.08763630458559786,0.00021613463228285245,-0.04305678429367578,-0.2492489563466708,-0.06663166725630366,-0.0727805124928081,-0.23346508247939626,-0.10022367174560008,-0.11626726099354955,0.09193523915168388,0.1768121864215731,0.17112264867444957,-0.15897857662650788,0.029347599142536523,-0.08911603668602758,0.1335234471955414,-0.24022127280070688,0.15549720104710274,0.03418082206822434,0.2297155125092666,0.05593645785639841,-0.2618973674478603,-0.07300672400676979,-0.5296160673537816,-0.44135602322710094,-0.18189102203692814,-0.3024959527280161,0.15947567088756137,0.0662859634460975,0.05813971552471872,-0.3164263693598617,-0.32163820313827846,-0.32690070611000976,-0.2990239352292851,-0.1977541966540359,-0.11337968416045512,-0.25994602674472395,-0.384790040704752,-0.2603358952362291,-0.14461968528438607,-0.047780739641641715,-0.2185509090061235,-0.3023995956132052
0.2663691647018694,0.12077493072142036,-0.0997172047045348,0.09899332867187313,0.2632854470976499,0.08287902439358853,0.25454261847341747,0.14459316384617,0.167170856537582,0.33922789675825615,1.0,0.37939506356434766,0.5267611057328848,0.42543041861854614,0.27866317381895606,0.40460789542299147,0.04072578235994413,-0.12026598101183816,0.002612545743958348,0.032615365391542216,0.018041902129335294,-0.0482716276384071,-0.03374015979795674,-0.05366938888805987,-0.03633928358269248,-0.14989530408882695,0.06961284906251677,-0.00979951926709617,0.029050154701268142,0.18371640532468939,0.12415406438976113,0.12108066008984747,-0.20010873591361517,-0.010340293562317728,-0.11070320058375518,-0.0676460746805634,-0.20395216413875517,-0.2960571153715817,-0.40860514459499253,-0.2897341875369814,-0.0707065213118825,0.027365979492598686,-0.28759848220946327,-0.29722306057256476,-0.21522287734503526,-0.33877884964033383,-0.2286938587788487,-0.2222279122438686,0.06776164525373042,-0.1894503104688739,-0.36012797986065975,-0.2295081370319189,-0.050328031348140484,-0.1493236792748142,-0.34636950692978047,-0.3268982985290954,0.07551853416554605,-0.1774486588928611,0.32592891841085764,-0.13721826686482347,0.572481923203416,0.3502526258126827,0.36438649567680037,0.06521799854079234,0.22030906193798563,0.006417309011694733,-0.15344469374682243,-0.07941267769236779,-0.2254369817045955,-0.1770925809320749,-0.08276478229513008,-0.04405709189462697,0.022354905381949872,0.00012169506982619929,-0.09401108902295287,0.03365090314384329,-0.04912594941132308,-0.13936051131984414,-0.18448173103550122,-0.1718564638237486,-0.10590901969622199,-0.050312261625230115,0.3657275971510005,0.15365051763124565,0.3558557220804985,0.18620202648711276,0.3128476492968876,-0.18571071333793188,0.17979656184098328,-0.1851778793235861,0.1569865843192257,0.30353928371044947,0.30610903510880977,0.33443923712812995,-0.068260709210375,-0.09688642149418576,-0.2988982578765997,-0.387860864539379,-0.016980404571549527,-0.06487043505835496,0.2690986202061101,0.261243233803766,0.1621211415546614,-0.13075925955565668,-0.22093806756532983,-0.36789088453105,0.09465949977438949,-0.32898799974860166,-0.010401527969317925,-0.3909891583188215,-0.28692201135727574,-0.15864187753225933,-0.022206572487343708,0.0331352741383683,-0.3228652521487108,-0.05894185781204091
0.013646287422093175,0.30751101274073556,-0.16472868571955793,0.18507616047407247,0.130394394065469,0.15383595289787408,0.1529606495165055,0.26932424325968646,0.08090334816581483,0.26673221349209353,0.37939506356434766,1.0,0.37348267723683914,0.5728419125283005,0.07189179293196017,0.3573392619520834,-0.10304270288179995,0.0044419153457694325,-0.16244283296414583,-0.22306506215043295,0.0033099419197261198,-0.1539467294602927,-0.11244290675552104,0.0029875881452790477,0.004164570818081035,0.008036172182611257,0.10746122757603482,0.05358625228672874,0.04798306324133018,0.3039442792927337,0.17676600719232555,0.19068549638155902,-0.4140053027612233,0.006855621024000057,-0.02933948359551906,0.1658895816643258,-0.10798586261354237,-0.1549207327399689,-0.35324025552571103,-0.28842838672095394,-0.029918124402866706,-0.04005973294282307,-0.19936075294618524,-0.18778892629234872,-0.2623768518412379,-0.1381811730506794,-0.1048167498693197,-0.19866223770524027,0.07574045883894613,-0.09024929468752002,-0.25697641875487326,-0.06460348582296997,-0.09670006476783462,-0.11726637515068886,-0.1562862699915821,-0.09237152092043653,-0.10401899712202803,-0.23973117829409166,0.13388166827585324,-0.20507909188560489,0.2684940407599189,0.4897432913667546,-0.053996158286548315,0.17870337131075617,0.12130150620360036,0.30172379698070206,-0.2411548385913928,0.037256462153837155,-0.2327898222711056,-0.2721666805562785,-0.0325886978316015,-0.048083694507350484,0.10005261577388508,0.06736003708947609,0.0491424697310759,0.13233001538754072,-0.12055705828202862,-0.07222666627011809,-0.09269009381704021,-0.2180729370659859,-0.17444462036340722,-0.12495966064508163,-0.04271715211149372,0.10876654994668468,0.25947781241669876,0.2847100678837905,0.23354977392249593,-0.15106668422467223,0.060239039703336786,-0.19431251975588434,-0.02081026876689296,-0.14074933895472577,0.16862604836747114,-0.11102567064262353,0.0423647351276065,0.13377113681536293,-0.19360807814742434,-0.2837345456779999,-0.10934585759859689,-0.20357641962238737,0.12100033005984051,-0.0707005299143906,-0.04106779320931932,-0.26517640726111597,-0.2738564110625927,-0.2512511908674531,-0.006943917864319639,-0.3261090184451501,-0.04903166571732337,-0.052299180581077805,-0.3260317127576989,-0.33470052038947506,-0.21979379674275062,0.04135530102792489,-0.08897535695455397,0.06571125153379996
0.23784149100046348,-0.0644063253203095,-0.16207078944030812,-0.1920130109866492,0.27755838043954284,0.1664564799414001,0.44020921243015587,-0.009434393995874599,0.45592693419367514,0.29566533001938017,0.5267611057328848,0.37348267723683914,1.0,0.5986304675592621,0.5706277245327331,0.5037605255694204,0.005902201012038795,-0.03617079406672448,0.08052316464670109,0.08284214648574688,0.09475918210008862,-0.19879043007532105,-0.10216758734954492,-0.21848008043342917,-0.004064826784419742,-0.30029496205476724,0.13924245158255824,-0.011940739764192132,0.20224925097992694,0.23718368444490476,0.2255270816153605,-0.01094135606964366,-0.06360843407795405,-0.1800924166562954,-0.37369274045703754,-0.37832413240785,-0.04526768696032356,0.040831261380835905,-0.22412707791741027,-0.18273095943102408,0.1615033412959475,0.041694736972833116,-0.12672215217600402,-0.13582311344662934,-0.08302275973150593,-0.2149068268536604,-0.07638383261225329,-0.14317766975282345,-0.02171653366348215,-0.12457525657273953,-0.49414226332593986,-0.31976847405923464,-0.05891007680566438,-0.19264153134395717,-0.11562517800549989,-0.24207776597821085,-0.16331870988162742,-0.2210137199323446,0.381021880134525,-0.2202628586577009,0.7421654545576679,0.24743570768050138,0.3895459238238845,0.18862989603293268,-0.0023934348955676216,-0.20899713926484273,-0.26946382125078483,-0.3719574424604188,-0.22467981993946373,-0.2826918442899083,-0.17777905180200707,-0.031459325994685816,0.4091116584650006,0.05089354266437433,0.11720666424611478,0.03899298620450618,-0.04935789007554618,-0.22284647992038503,-0.14164907451986422,-0.3044060562067403,0.017525137226420108,0.040709872711899305,0.22471460999473455,0.18356029172339983,0.24530656012589938,0.0316608997866385,0.13412893681362112,-0.3314688864336306,0.0559746888864987,-0.44128268310861,0.05118953895061841,0.156160742367962,-0.02439153769429166,0.14850368229426159,0.0558457911340565,0.05711550157371028,-0.10803062660727754,-0.2246225219631407,-0.006719568122386967,-0.10613981828162625,0.03490356694481742,0.28907649818242664,0.09307876097949862,0.04305855806944653,-0.0874989022266253,-0.0631761704416725,0.11305907940243856,-0.215401823360464,0.08120489717017983,-0.09230641967697456,-0.24220037650727955,-0.13472502262597238,-0.012667414636140467,0.10728894397146774,0.03927150352176031,-0.04869354356793855
0.027952654112903614,0.30318204656606884,-0.2457570245901273,-0.14480256674737704,0.29924754167879897,0.149300385282084,0.15711652691627473,0.19952543650633073,0.3550283217503095,0.5072993237517234,0.42543041861854614,0.5728419125283005,0.5986304675592621,1.0,0.12619752854976357,0.6420737120527421,0.17641538364838777,0.17975220693045807,-0.08092419846424354,0.10354591549291912,0.18430344322751385,-0.14670155504334204,-0.3724855888103059,-0.3564307756432481,-0.042343806789040095,-0.2601388281615865,0.1765195007890978,-0.022908243086834108,0.2725199262779099,0.55120989166512,0.12077961730740368,-0.02316388106987337,-0.21848806749991487,-0.2609748665903047,-0.4636744986727885,-0.22506837564275387,-0.1416862141311265,-0.11600283040673932,-0.5835195861272997,-0.34561244140341535,-0.09906501715727763,0.11616600842364334,0.05274214496622086,-0.09394753250832341,-0.04579412123017775,-0.19940895144602222,0.11184697001898235,-0.008408266836255954,0.2094760875346423,0.08978209395356154,-0.5658263877716664,-0.08045520666137954,0.08735755677578906,-0.018809624047570542,-0.2569729149115732,-0.19697808045550047,0.07110689423334013,-0.13608379965617232,0.3540984696708253,-0.07825216658644099,0.6030851646443536,0.6307673445666382,0.42779393710896163,0.5319277493498991,-0.178995867173667,-0.12073892215432794,-0.37518243486874675,-0.3283004735539473,-0.3388711158350088,-0.2348748317132218,0.0643202724335582,0.058157808895893864,0.40907995614543397,0.18716168621114457,0.03135916529021277,-0.036211918149378436,-0.16153000614280333,-0.12597159525488835,0.025285915381619655,-0.12467888364975731,0.07452876040410913,0.19305698459248877,-0.14471369511809595,0.08730740899228986,-0.001241664041185251,-0.008344077588931959,-0.0688088345499649,-0.3912409545054563,-0.1811372099419674,-0.47158115391509203,0.1865599873982493,-0.0301776822776455,0.023182701034815494,-0.03262772132179137,-0.10702712719672461,0.06091410604891305,-0.4145926060590709,-0.37273902920058893,0.1354280648775918,0.05091072205528846,0.3963347846123539,0.20404512334480618,0.19001937143830494,-0.1541934839471705,-0.2697489721043603,-0.3229813326018123,-0.10937266628667269,-0.3266279152412292,-0.1416279967214056,-0.14436864942877436,-0.44045974965716655,-0.15307917887961311,0.003306179369627635,0.04385062371648549,-0.06479450553732749,-0.2637116601059553
0.3802587975946176,-0.2508686783267164,-0.2311209791799908,0.1451068089920765,0.20433580518297023,0.19929527118199641,0.3094653553489983,-0.21816082376217638,0.41005951626571924,0.22706383126732724,0.27866317381895606,0.07189179293196017,0.5706277245327331,0.12619752854976357,1.0,0.4204086534893716,-0.17853546890399993,-0.10420518944592005,0.40467768810215143,0.1576618824651816,0.006563780171628238,-0.12568958333995064,0.40411663189749053,0.28578978835254015,0.3147902462505142,0.08425409945345776,0.11834134868529995,0.07490197709543779,0.22331398960360735,0.029979505871869597,0.4118284011557713,0.34703855271122386,-0.149039270282952,-0.02708916792046884,-0.12559457747116634,-0.2986251612010284,-0.13059546455225932,0.09664185801370336,0.04011126485474275,-0.07923401815323347,0.2622456828272786,0.017162764054585132,-0.1773165929807484,-0.1851919873674197,-0.26821651837943244,-0.4760810542749081,-0.16963292685160322,-0.23684807176202527,-0.2770576474281332,-0.11668386776427647,-0.4013794556274137,-0.3098424756792249,-0.03132263504819399,-0.06883740249472632,-0.027346858769871894,-0.15243150453645452,-0.27702843194717786,-0.18437949389128339,0.02363229467431651,-0.175660650157454,0.3108905882592133,-0.04707497485398496,0.042692748653048236,-0.15985227450033263,0.24243050690313966,-0.21951491545287816,-0.3739678794573624,-0.4259665664544174,-0.027971800981679583,-0.17890251327146978,-0.22755904990062314,-0.08986971948349941,0.22782742955703872,0.0030392321159275195,0.032075430550271206,-0.032665331194756515,-0.13490129365224088,-0.20775952312169144,-0.19093673652531656,-0.3449620305741154,-0.11024652614360368,-0.13760465012089743,0.5308828647576528,0.5144232441239371,0.4649286412811598,0.0950259766341875,0.27911809552252104,0.13486276791868995,0.3279000691136321,-0.15056857683115296,0.05337151642437983,0.09557341248404962,0.11353240185917249,0.012404489219248766,0.19398640772584294,0.008360404748662632,-0.11243046544236235,-0.08876389228382059,-0.1460869607857615,-0.13209524300344883,-0.2933543238322523,0.09050761670426859,-0.07860915039163519,-0.04101675162139592,-0.09355476374310652,-0.07611939089434622,-0.023929073431528725,-0.1921433732464888,0.14904660237384826,-0.01688015637591273,-0.2648283960869982,-0.14348548465917088,0.039967304750072256,0.16356406088322237,0.13862477430761602,0.1710651071063157
0.23642331237715491,0.2748116730775449,-0.34641640442300664,0.10978760627904295,0.5252891627209741,0.5666918335009365,0.1032154604455234,-0.01785438940334106,0.3361243038267668,0.4328832060027368,0.40460789542299147,0.3573392619520834,0.5037605255694204,0.6420737120527421,0.4204086534893716,1.0,0.022122975974191633,0.007685377315179142,0.0716649740846894,0.08279617075583666,0.5063455477621676,0.26143477020863154,-0.035742312624218425,-0.1260703480033319,0.4450106997520703,0.18975367424719958,0.5706930552376757,0.45618642663321124,0.15236613160985113,0.44531137535889603,0.41118206969072113,0.07620917362195631,-0.3145499995325678,-0.2899176297882559,-0.2773337014994235,-0.23993714972199276,-0.28531997596423736,0.03388416576997227,-0.37369572940262885,-0.13240577519021124,0.1122597844616879,0.2550214428445832,0.087191413027753,-0.0017134646031108807,-0.0995176228454847,-0.4250551589705833,0.2777806994271882,0.019900561739392263,0.2735569718628176,0.09809294718345238,-0.41410845933908697,-0.0333127052498736,0.07516537355059698,0.11988444768264418,-0.2554578694457587,-0.12100763536389053,0.05569880440273653,-0.1612171542658669,0.3503078940692886,-0.026568787170185508,0.5519381089358397,0.43439232132107547,0.33710164069576276,0.2550331046541275,-0.09592715005300424,-0.10852843545629773,-0.36789773053097474,-0.44172979648699096,-0.13219661832184187,-0.21847461161078666,0.06063629669037261,0.10800348218479439,0.34634150036676653,0.19802940935742755,0.132781399272039,0.06704225253238948,-0.2993120584243653,-0.2688977916844057,-0.04297648991865413,-0.22137438744377924,-0.04485894421566274,0.012461860140586856,0.010189442891736464,0.2700941946562077,0.019390166040139847,-0.003357429982646314,0.008205164989418855,-0.31019579464138397,-0.06557263952925287,-0.372678399165155,0.18822096673886946,-0.09158212816892172,0.10681881956110109,-0.11169769113104655,-0.18517211404250478,-0.0733290829613414,-0.44678621350039754,-0.36380151855345066,0.105029589693233,-0.002091576109989637,0.34236929828110046,0.18578139556418238,0.3445365581411898,-0.17586689823799792,-0.33785596085776337,-0.39484161258141365,-0.12397324058648454,-0.47668939772173563,-0.12475501884271266,-0.282043747954022,-0.631865291799624,-0.26266167952088343,0.16398236613748118,0.004235132088637532,-0.18522477361986603,-0.1331308110829151
0.21001486223619784,0.22521666508372912,-0.002801220558247592,-0.21568344911885634,-0.2237549196020459,-0.25336509747486174,-0.3000451372095292,0.039153089130087505,-0.17104654565137978,-0.1073005687892889,0.04072578235994413,-0.10304270288179995,0.005902201012038795,0.17641538364838777,-0.17853546890399993,0.022122975974191633,1.0,0.47500552964780196,-0.013153692953579169,0.25789466699891955,-0.10950672944565423,0.08120918899371155,-0.36494398181286586,-0.4980246845332715,-0.364404983573265,-0.2812629773191269,-0.11498669023356366,-0.1126735064795143,0.1773503369267282,0.337620698917807,-0.3543439087566449,-0.3947967531854273,0.36116494014485406,-0.037473823369011575,-0.24010580133371406,-0.29167300887996933,0.20878515766087521,-0.03688807492532721,-0.16981014388205765,-0.08864904891208511,0.18892096656845647,-0.008185979909242089,-0.2037856296753931,-0.19488963388712074,-0.17148413823837141,-0.14665561008189876,-0.07024577611277268,-0.16786411526432832,-0.049091165043700195,-0.0720958411184317,-0.09168064540382992,-0.1395062928469352,0.04927230544070302,-0.20651587060958523,-0.138917884626807,-0.16934283455411853,0.6908407689524402,0.612384185114637,0.1478961698532193,0.1849997831955654,0.22354403903952347,0.07946502529724316,0.5015604888921682,0.45060922627242356,-0.42376341566739256,-0.055827345318194666,-0.11731808666584444,-0.17674904743290554,0.30899445548153165,0.18745621898082485,-0.10840557831573197,0.030457975346323853,0.2556232326775018,0.19487542517223963,0.11734587942463598,0.019247709057542944,0.28223061112699954,0.05806160848114987,0.6230457581494828,0.4690673918057042,0.731779776043696,0.6240368426854225,-0.11993927328956858,-0.13248232768748255,-0.28454016466560056,-0.0575070111063789,-0.30033411382613806,-0.24066985284487533,-0.18887373829989348,-0.07580543770965711,-0.22186644971644218,-0.2929938596405758,-0.23029980403157496,-0.221195092201466,0.008070056286486174,0.10465511315805652,-0.13044005212684193,-0.0516716210072805,0.06650353910402637,0.1339627034502079,0.1812823980116689,0.25746350644236793,0.18154646674227087,0.16605970891677546,-0.0020296184265437924,-0.1352288513160883,-0.043131654726985574,-0.11404576032203198,-0.13373928342557836,-0.09792253283861231,-0.11973601484958826,0.04541504332996031,0.05192789348081509,0.0010483824825095835,-0.02856120545644394,-0.041235325250116917
