1.0,0.8132575805451663,-0.46549788518043944,-0.32977673882958325,-0.30376570639274736,-0.25208278323295746,-0.23537245953123442,-0.45852632384096736,0.1647415652923061,-0.11781072923345878,0.5120451789489484,0.2172931641821418,0.13574699262122975,-0.0036885315395425397,0.2390737916645342,0.2539848969238146,0.6684234219393744,0.6223968144138844,-0.015862650451373778,-0.08658093961980287,-0.2493098302394081,-0.1129083222106371,-0.27681375608769043,-0.16151232512419403,-0.43118931426520296,-0.31131780641463475,-0.3305423876887217,-0.23092093998521485,0.4056394195048683,0.04369133947863529,-0.4534988584047337,-0.21235049818829377,0.33036456212872484,0.20599821489071246,-0.1825482831336356,-0.35934317555703943,0.41665814937362045,0.043224759303837054,0.22554338566636847,0.1880624067092486,0.21885762410911974,-0.1139744691396966,-0.13885204684802904,-0.18805704707016804,-0.027803041290702334,-0.2672053514787136,0.24907014110313147,-0.143485390368811,-0.04391128345316263,-0.06715501923675117,-0.31314628095774744,-0.3796831700395222,-0.15869480979670966,-0.16380281961449616,0.20101003995288091,0.12055576489793193,0.744153692690689,0.7785866541633347,-0.11745432698167123,-0.11550824404288347,0.006742656692298629,-0.030201589760151748,0.08819400794568372,0.2553167316873268,-0.21666028013513647,-0.26940880179291954,-0.28034658407334717,-0.5099532573957591,0.3009095207223624,-0.18542168260031827,-0.3580078387604447,0.08833786925195079,0.34179129569114575,-0.337476152953489,-0.008236987959784345,-0.12550398406040172,-0.08573300207728504,-0.15187304977400967,0.28012308414165776,0.4847797667875281,0.6189212421595705,0.5531190324275477,0.2318441756136623,0.13261907553878835,0.32667925584064716,0.4561313286155973,0.05963786349077119,0.14940501806856052,-0.04593282943838024,0.17093286729910914,-0.3034092293205231,-0.24630380910845734,-0.19275241691455766,-0.3790841781698771,-0.1010819276475032,-0.2801166090019144,0.044720648918330864,-0.060094574778370644,0.019725985259784536,0.2261217998841051,-0.08016007731693818,-0.13590636724823874,-0.20847362549519743,-0.09763021526542932,-0.03785349233190751,-0.07808002643050695,-0.20517116109041314,0.04991704240548103,-0.22692830749345708,-0.06956893341678731,-0.06448430288788806,-0.05813969351738367,0.08371472116213108,-0.3171446530982476,-0.2985157063947589,-0.20819309982736112
0.8132575805451663,1.0,-0.5114879055026442,-0.499341270129941,-0.07780066594798994,-0.2059571012855606,-0.27603607750064196,-0.574344019343294,0.19131034596307012,-0.09983426735733746,0.4430151626238977,0.24473204878370702,0.23982781522592378,-0.06683653337423114,0.26335444763761917,0.37910674957395435,0.60361109646199,0.5666601340204438,-0.13247327268927045,-0.18123829768547275,-0.3149117098756993,-0.09956970338228507,-0.28414477969200613,-0.3037199076890451,-0.3585593982031518,-0.42721109391655177,-0.08281326569893042,-0.1409573237847137,0.45818172083134595,0.09010018666785087,-0.4025193244200091,-0.2904833491718256,0.4065627424180894,0.21169076690373473,-0.28618951263476416,-0.46581052756552727,0.321633685409892,-0.06671559064064628,0.22617389951974273,0.1824181003128703,0.11998544870221477,-0.08437231900499909,-0.06916831633133384,-0.1476869055499096,0.024040653970935588,-0.29501686504077207,0.27641184360754634,-0.1375615305655242,0.09509755630444852,0.02488549777105951,-0.17754053693457197,-0.35663401721639804,0.07690965804541558,-0.11851677576911093,0.16184652051619788,0.08509869257115897,0.7724035561224389,0.8488244237674636,-0.07253906616796246,-0.09853239937234765,-0.009060050115067574,-0.0994555567879568,0.08168622087052561,0.23131222728126766,-0.2633131782371112,-0.34729804327434055,-0.21064349545763456,-0.5446314623406916,0.4172574004500154,-0.21371206007592616,-0.28609028078729004,0.08213927341571008,0.37402128490042785,-0.3396182037051991,0.11795637758809557,-0.08672863420620923,-0.2150760425057812,-0.3627353926319726,0.403133433687146,0.451245775739845,0.615674892578616,0.5619520515022094,0.22901489157494642,0.1998776664997242,0.37052890864611343,0.4040923641039318,-0.04983551652306673,0.17352093116099948,-0.1028396802912497,-0.0002193420767109964,-0.38662589362187744,-0.36963947190493524,-0.2911134288698315,-0.32643065531175725,-0.04664319312650859,-0.3042578021952273,0.03617471811370336,-0.11271414478213722,0.02279129923923931,0.17806763764872088,0.03379404669037884,-0.030936559805774606,-0.10070980664351248,0.11431904292156571,0.20399393038270217,0.12884028998237956,-0.07150111735284875,0.18894622468045202,-0.1623411580557952,-0.15306432236888423,-0.07384010198410934,0.045175851879394435,0.06426585627246192,-0.35428714533953254,-0.26255738666282175,-0.1883131383752036
-0.46549788518043944,-0.5114879055026442,1.0,0.4748341222977039,0.17834033226443716,0.04853951163293843,0.6537927702327267,0.5108673998719964,-0.15018233759700636,-0.10242211886238616,-0.2880350152304322,-0.26618626227024256,-0.23228822732259238,-0.24682260344177148,-0.27253368492887514,-0.3870419383285586,-0.3795837576872547,-0.37530567004873866,0.2997891203610838,-0.050163399069909013,0.012098220485557431,0.05758246750596088,0.3570414138574622,0.2064621534778172,0.2584827786298446,0.40418179744801813,0.12061547203373785,0.1109627201954089,-0.3602981103934689,-0.07767993167747819,0.5045859285981986,0.39290376717432085,0.0059789953188143065,0.18824590627385823,0.3229560240721811,0.20659696231186264,-0.3427459645028228,-0.0781599273419623,-0.3915158956518576,-0.12038980227575481,-0.11354767928196137,0.14872347924395318,-0.18195635454582998,-0.055618072748206696,-0.06540158423033582,0.16136077354444162,-0.32193264824889767,0.021693177677972273,-0.14104733775403294,-0.042621011291545524,0.10631013423697394,0.11358293845860419,-0.14006786894071627,0.08660156620122055,-0.13878776326816797,-0.1534735572019014,-0.3455826977265623,-0.47890599321592414,0.16223389461268492,-0.1305879011856254,0.3451168750697385,0.021378548857534693,0.40508012692189665,0.01717990042669781,0.29616223572271944,0.07517117327405021,0.29920098876158996,0.48732441808063737,-0.4122738428739748,0.05831001553525943,-0.12317619767993676,0.08739122890361418,-0.2301377447870736,0.15769116077885845,0.13412272468774833,0.037545704896905174,0.04870274858752874,0.2794994909956419,-0.35893195316023013,-0.4251366598480123,-0.4556908377578283,-0.40374785656122086,-0.004776588312294234,-0.05935851797776427,-0.4442446811537782,-0.19987300711915376,0.12222858181738278,0.15088178646230527,-0.10596452984228215,-0.15999411694909813,0.23600630331692807,0.24327481561831676,0.015670556389254294,0.3430429478146848,-0.35471590871494285,0.22240342772402974,-0.28076951318900056,-0.28540822252750037,0.05284063147509334,-0.14046563973555956,-0.07723969384166271,-0.0723637125753538,0.10133063822066789,-0.19057307202569979,-0.25646922466913485,-0.23163424729320067,-0.13843037234373612,-0.23775502536874574,0.03817781955619627,0.21297675527878604,-0.07595641065719574,0.1452212478363803,-0.031723763873528175,0.11894820476504828,-0.10203206738210284,-0.1065894459837203
-0.32977673882958325,-0.499341270129941,0.4748341222977039,1.0,-0.1155397057710155,0.4472245322771957,0.18446869237028068,0.44387903184327326,-0.470983778929478,-0.0541339856189397,-0.28717098549174996,-0.4080911430484905,-0.3511730550583863,-0.007781437706096522,-0.21936438584214377,-0.37871817983391115,-0.26889547595592217,-0.3757034518397609,0.16807548785523865,0.21101742986845295,0.26280016429267483,0.03815942383388871,0.5030773946040747,0.6680591260691688,0.3010131154881738,0.6369959852132271,0.19144377108145358,0.41289625347947073,-0.5664966163831988,-0.24525763946518486,0.3829824375567395,0.27321647908573327,-0.14329281461566382,0.06189540453891998,0.38827685682625995,0.47830518945367434,-0.29839029435797637,-0.05655744126391648,-0.21004578371345414,0.03468867978982091,-0.221653673870938,0.02048291111688074,-0.018556725462763008,0.10001616323587065,0.09084441874560144,0.27696439776139664,-0.17148861884743063,0.24483988248565283,-0.13953619995497485,-0.002392358533818195,0.05758370751334873,0.16574751337479907,-0.1585186456906199,-0.03401627742725848,-0.11659182602967143,-0.04106428295018589,-0.216518970324461,-0.3156634786559105,-0.22664936172307762,-0.174938671625771,-0.11530831275938008,-0.12834932049681264,-0.04748321185299525,-0.3773397943116654,0.4058777279491262,0.3738306902403309,-0.08174322706857474,0.32392029333394,-0.1723344961074259,0.011629516810213751,0.06831742317562604,-0.05135839359417736,-0.3644695117582126,0.1313049714523202,-0.05658313327090166,0.03190250508915635,0.058717367302410645,0.23191292724995907,-0.04577191962214231,-0.31001507961823865,-0.4920990160488611,-0.5110765678378225,-0.1853750991342122,-0.29121099424904046,-0.1500490792382349,-0.1615564606339729,0.30833055539044407,0.1852374431555905,0.16749249593915008,0.19421853187526353,0.16760792472077324,0.15791100695552904,0.2517599356010991,0.05051511148580791,-0.09633067473890435,0.2798990425149314,0.011916511647306187,-0.07596560749504637,-0.12680614028789408,-0.23634893192247222,-0.22619191320130447,-0.07974918140064309,-0.13085106061704824,-0.3457091795836919,-0.3586738825443683,-0.3009989015726209,-0.10640065169028087,-0.246091505528455,0.18191358999279386,0.22818120167133896,0.11002451368073358,0.016974333276297146,-0.014317997193836394,0.21559079054365096,0.07322521822321533,0.01450279290786598
-0.30376570639274736,-0.07780066594798994,0.17834033226443716,-0.1155397057710155,1.0,0.2167791275074443,0.43232228179924,0.3188998132316783,0.4651382606193124,0.5147930524650165,-0.20701122166213262,0.15816205798252658,0.22498326360165052,0.30851090060873687,0.11223368381287908,0.3242714092288167,-0.012710477065855333,0.013756513663494148,0.06753191588878153,-0.13276631375843267,0.19579849727520426,0.3251784953931115,0.020999690324363645,-0.1051847570686769,0.44216648380027807,0.009752149945395035,0.5354360856042917,0.2015442846934101,0.04126483966748544,0.20285289488139815,0.3252775695272062,0.09768537932245067,0.004835258206769889,-0.15874013945234638,-0.1041798522153864,-0.1171098288086983,-0.22859508828934338,-0.1140488055174379,-0.21557961463187308,-0.2489075839443986,-0.2908289614258714,0.042609671111571296,-0.244355883280224,-0.2555093729332803,-0.2648810383649856,-0.2026079797402106,-0.2110907631861181,-0.2588372514031238,-0.1218617224913855,-0.23754288186850428,-0.07172404798160942,-0.06943714556351538,0.20017021895164216,0.0921926640981222,-0.32266422331456335,-0.3359694215141337,-0.11513535457286418,-0.0935400520449443,0.16391199308363982,0.187722190085779,0.30881199360271383,0.3074648060040958,0.07519829883084733,-0.011872307713559418,0.0984321014969405,0.06614675941924862,-0.01000182855167142,-0.08290531779713466,-0.11139784371364715,0.07890290761122314,0.21182871126578545,0.18384218177288808,-0.14240955980162343,0.08946473417307962,0.07931941561404998,0.13266907949956663,-0.1463686936525032,-0.14034267572149883,-0.13524003692562162,-0.3136778577502433,-0.0722300085077587,-0.1195997429826399,0.11689882273406606,0.2590530234276742,0.0458341941347282,-0.21889106307042983,-0.2806966382737818,0.07627636695682001,-0.10678834000011711,-0.4182360843174239,0.09470082754130167,0.07770478823275959,0.2115452986892852,0.32803757942568174,-0.0922914280520162,-0.0806438277341724,-0.3954916991148395,-0.33963084519361414,-0.21672633409132133,-0.2766817279268182,0.1735000927588413,-0.04205967982749829,0.06904800814106297,0.1030504199390233,0.2238698308701958,0.08977808849585801,-0.04810131970842683,-0.07660568988478117,0.001432166791478736,-0.2298695344872916,-0.29105363476324775,-0.10170984977391037,-0.05000462081943905,-0.1068125746671381,-0.013318912976176493,-0.09070959674831515
-0.25208278323295746,-0.2059571012855606,0.04853951163293843,0.4472245322771957,0.2167791275074443,1.0,-0.16742734281050295,0.20228567187292748,-0.3109739472433534,0.22326386562102762,-0.16522379136602733,-0.3413819708448804,-0.06034168629945865,0.18923248869919543,-0.2129402408195361,-0.14008478329008195,0.017309633974530753,-0.12120075158201937,-0.20000145328380536,-0.07565440282338425,0.2757432863180702,0.23223514369642176,0.45354081120623985,0.47087727857818196,0.4199288288710574,0.5411653105438775,0.7326336567488846,0.8882571111562504,-0.3566243472816864,-0.16042577050254245,0.2744575145155672,-0.021438482638749496,-0.06268019240533473,-0.15609166529712917,0.2934482381098293,0.48472418567871806,-0.2151001814328338,0.023409151523153423,0.05544571328342325,0.20396621343542087,-0.2964014338914096,-0.08791167329039552,-0.05454355431266475,0.09358928101652211,-0.12934803659929014,0.05484898338815879,-0.16097195684769858,0.05556339027429372,-0.0499138994492431,-0.11814818437334934,0.15445668736059673,0.05923400779202226,0.03895223775538966,-0.16624339501472535,-0.2249351919846392,0.06959067123518863,0.008763587701555917,-0.00706173643900014,-0.16675643772792587,-0.07027319528977821,-0.1912966222629332,-0.13991695234097984,-0.343568241433049,-0.45713575146148006,0.26811559535478413,0.534260816725358,-0.18922200874941547,0.147626062198723,-0.07714862299845582,-0.13156136742337363,0.15031763290139677,-0.056654879758733456,-0.31133185441547917,0.004872956449145981,-0.13134397355072916,0.07894302237328191,-0.15382525615432324,-0.057819491216300235,0.06010703791078428,-0.1191322854856535,-0.2925281155736457,-0.3323043259367647,-0.3633043098767773,-0.3475066812329728,0.03224149379825824,-0.2225860781612973,-0.044642972876927,-0.008279057897128966,0.1535152705849486,0.14656949878930045,-0.027031566223530767,-0.010375887092325663,0.2284333254868238,-0.021167402489092147,0.051592171407522466,0.04116470723879989,0.1351109475767452,0.07436967194874797,-0.3085850369364838,-0.020842662147203747,0.004209676280098986,-0.09455746469312977,-0.1574795543883865,-0.10972941849021971,0.0010084958826202086,-0.032058050599793386,0.0359331621878909,-0.09835172113867166,0.05916889043903506,0.07935156866911391,0.1681644924876793,-0.09794694744986938,-0.08568621035078679,0.048293950040687185,0.05195291427389263,-0.03731560180283465
-0.23537245953123442,-0.27603607750064196,0.6537927702327267,0.18446869237028068,0.43232228179924,-0.16742734281050295,1.0,0.5131729786753744,0.37744083387811767,0.32275568045215014,-0.16164993416322135,0.23305307567172892,0.15073274712140794,0.21028346216744695,0.009038762422953654,0.10105787280937013,-0.23800985275238895,-0.2061833909230558,0.3655265209317341,0.015441012291537387,0.12095142466063649,0.13101265421847028,0.12540184200765025,-0.023108832376584742,0.15770330853066972,-0.005677874591248648,0.10652537801582235,-0.1453257715464092,-0.14145714134310713,0.06789589216419821,0.3563024822686466,0.21094204202430386,-0.06801214968698899,-0.031412084248263285,-0.04788351758906993,-0.1627836006777164,-0.20387931476330035,-0.033084451226705676,-0.23760437825273917,-0.03834688931874871,-0.09507568099168348,0.2817210728403177,-0.34077824949789814,-0.3112758017802125,-0.27739567758408185,-0.08308239798171133,-0.4120407518442563,-0.1732779733574629,-0.33663753568811716,-0.3659783394156195,-0.15083143673338692,-0.14428459047763215,-0.22799389519468682,0.028479213016053516,-0.19219754961928068,-0.31842906498302725,-0.2195889082713932,-0.29903841708115936,0.26005562039920055,0.11735447975894504,0.6519227297458252,0.4591668516489545,0.48075623419336866,0.18467436702456008,0.23649568002496799,0.07479087296156006,0.040953326168438414,0.058312153573606314,-0.26340521996209143,0.16452553759131144,-0.03145693129732059,0.07707001928487975,-0.08851130212094627,0.25627610757890085,0.2824529602486114,0.2532691462958067,0.1566423052903116,0.2121079396557707,-0.3671480235680899,-0.4923415086419253,-0.30166487016187477,-0.3640568482581274,0.19873137294951604,0.1530606763895147,-0.31461404039786467,-0.27232652837933635,0.06533205385394289,0.2821934382372876,-0.16669349627159255,-0.29985965264833303,0.3676205257757467,0.3483406864960273,0.27452648006740415,0.4814687581421344,-0.3819927462994023,0.16253803265864372,-0.41758742951233024,-0.43575966417534706,-0.012676949946729929,-0.2049630705504942,-0.05590442882419189,-0.033361148755967684,-0.0273584660782898,-0.3245501918710462,-0.30008158616039704,-0.30577411359624823,-0.11181516576666313,-0.24371500962578377,0.03701496973795596,0.15314922835369854,-0.35334904765127617,0.06921245733552578,0.01683411578579719,0.02721313476261263,-0.17852486095297873,-0.1450682025807694
-0.45852632384096736,-0.574344019343294,0.5108673998719964,0.44387903184327326,0.3188998132316783,0.20228567187292748,0.5131729786753744,1.0,0.0040233191690395385,0.4507730732252129,-0.2721704247543785,0.14081855068465401,-0.25737894469327544,0.3619213744642938,-0.4548939063885098,-0.09051465610968522,-0.24270291881777248,-0.15058835054762007,0.04608281879850319,-0.0572866223953312,0.2913422963860605,0.06345511422943645,-0.08247649230176585,-0.08262311358634705,0.12342186830978241,0.32302596914879594,0.12412057688995935,0.06580157634625013,-0.28439164344579576,0.35036914006069575,0.4367712436089288,0.3678116251130004,-0.27971463470353053,0.011144974885188905,0.016156003701002706,0.1864277058299283,-0.0803735230622371,-0.008788327860290239,-0.4804599608408353,-0.1829231357817341,-0.2765941442138367,0.36770249928321397,-0.011143175483264697,0.04434197405360414,-0.11368710966355552,0.31335683480188714,-0.33596486199689274,-0.03267204590606577,-0.3957252767857151,-0.214119195143995,-0.09016394344011087,-0.04970368063722264,-0.31722348982501064,-0.01477840365373875,-0.5721441199630232,-0.42504556031429713,-0.46599263516794004,-0.5151224776903005,-0.2241089348307275,-0.16124322211345532,0.09642886562695115,0.4863945972479701,0.16031628466087425,0.1932792768878338,0.013061661571952274,0.18415291509126291,-0.255839894343129,0.25142324221521356,-0.6052718038446264,-0.17781456701474616,0.054455072732104814,0.1986557136443928,-0.17551409863555445,0.40432624476448137,0.20671717879536045,0.330676857326163,0.028332126420889617,0.15818108479366907,-0.22057637126018062,-0.287185175714989,-0.21646529267814232,-0.19464526688403938,-0.23208426845550498,0.14205583203819203,-0.3512097210359965,-0.31145798778855116,-0.174517694800863,0.08582719509604345,-0.36138567835190183,-0.4283820713660204,0.21703581711192224,0.09317209092140703,0.4057588652363983,0.3593629301848016,-0.01733340448229011,0.42618270646614165,-0.2668383554903684,-0.17951590251052982,-0.032953520984382305,-0.34217565070669465,0.262575177683069,0.2967547878885681,0.3503443273464103,-0.211923170589659,-0.22285962210835947,-0.13887068019204235,-0.04697448301596615,-0.2366666509661209,0.37170051231131357,-0.04598971724539572,-0.04870394146775077,-0.03072266748862752,-0.013202884864205726,0.45670402326014936,0.2888787443612583,0.21695902687936947
0.1647415652923061,0.19131034596307012,-0.15018233759700636,-0.470983778929478,0.4651382606193124,-0.3109739472433534,0.37744083387811767,0.0040233191690395385,1.0,0.5583720908605356,0.1139698510412439,0.45171456731429693,0.39826890875210275,0.47916441264246046,0.34541934400352753,0.5651373596477287,0.1313642664084483,0.12718628892186665,0.12398886405897148,-0.2159594412594056,0.018218116550029435,0.13013042643675923,-0.2832563991283841,-0.30069241167630456,-0.10327675905741292,-0.31767628523573394,0.04215266257685092,-0.299401724841455,0.35875386357011985,0.169408099087597,-0.16797838552300806,-0.09381629298724369,0.1576473015261878,-0.25106886401035255,-0.44708164428601005,-0.3567300620396132,0.0998878805137794,-0.06534717892524554,0.08622627195782948,-0.1473756689883434,0.21073714109858815,-0.0854984846207895,-0.2729395237868409,-0.3429610418903947,-0.3958767688121033,-0.43186312014795436,-0.07351921008865485,-0.35512017375102073,-0.14356588326324357,-0.34285252180351933,-0.21687183200216317,-0.3289889313412704,0.07899645812322564,0.02710517973970615,0.022358563746216618,-0.15023810602117396,0.12552824080067798,0.13096972651155112,0.44769361433764093,0.4122005406281639,0.5860855488391223,0.5870381413195196,0.09336105476321628,0.20169967258039767,-0.1776031351614354,-0.05224331850263051,0.02215272318956631,-0.3686723968030844,0.11575872546379441,0.11158953011921095,0.010010713835462351,0.08136583058571824,0.1722282631331658,-0.139506178764154,0.19880277906761185,0.03513208586134568,-0.00985409197679464,-0.06639021423620817,-0.2357152562679046,-0.1942420156400018,0.17317493102968418,0.11590582862448666,0.4482106708744426,0.4011252756633793,0.029718290373840293,-0.09091737103438634,-0.12588653976970837,0.029685009484376114,-0.1729679061604912,-0.24378087321826888,0.06855738973031393,0.05014666831863494,0.18481773451998953,0.15469501152583892,-0.06501614510024753,-0.43660463830644675,-0.3193450684577948,-0.23751040403906537,-0.03459467012601632,-0.02017264445623471,0.007076203935129541,-0.1933026399884402,-0.1288842029731014,0.12907837986076318,0.2621777627971395,0.08488466220084753,0.048334690991965995,0.1555239158501419,-0.3636802394065434,-0.2926247553244062,-0.4456101745873174,-0.22572300131107367,-0.10809771885003186,-0.36506930344109895,-0.18248476173231568,-0.26493985464405995
-0.11781072923345878,-0.09983426735733746,-0.10242211886238616,-0.0541339856189397,0.5147930524650165,0.22326386562102762,0.32275568045215014,0.4507730732252129,0.5583720908605356,1.0,-0.13696607777940953,0.32583524495990257,0.20828788117680191,0.7792615051072259,-0.10468918212051805,0.4209235008733826,0.04311580148264255,0.01314301771622209,-0.09021943630888335,-0.081979211720825,0.18606243092695463,0.1843257033606539,-0.1681915083101616,-0.1504373521179473,0.1112305224981845,-0.03789798398112452,0.35402154291569266,0.033606368784548146,-0.09179968164755005,0.36632557872807725,-0.02369548357420229,0.009838406466072343,-0.20339394129303562,-0.3532577736176211,-0.2412625703419874,-0.050153076161031186,-0.052837439679590835,-0.0551612285903656,-0.14649827149453493,-0.1534431317784686,-0.15674807257612194,0.0666663068477093,-0.08646349619523488,-0.1873384504542517,-0.38096479693925833,-0.16439196278554863,-0.2148382517799983,-0.2464214002954649,-0.3422641659430508,-0.4780194206111882,-0.2208797335015776,-0.3036277216473386,-0.051184820162688396,-0.012657836864744379,-0.4352486093944441,-0.3345341143212185,-0.12329185016536377,-0.06615512478076092,0.021849859360017675,0.1895494371393667,0.2960930641616186,0.7182181850462955,-0.10337697697383237,0.03534215520502471,0.02351127943291706,0.2417007666203148,-0.3466102607541569,-0.23121242292492952,-0.11989078113930376,-0.008992500783307471,0.16084716168576668,0.01937047897659749,-0.1022737199624689,0.18490329960748678,0.13965982670019844,0.2472062672916685,-0.0696040086836335,-0.05594181620193342,-0.10940958083694423,-0.23092681634058404,0.041156244277009986,-0.06375401333958736,-0.008025639781321509,0.1992832522430541,-0.06525572809322515,-0.3290283002390033,-0.31282803404275383,0.09222367028315702,-0.17975498988291463,-0.32831745531734635,0.16280370509198952,0.12406728228938574,0.6236500512408145,0.3477409771496187,0.06258110032399848,-0.02041188775326261,-0.22837310535319708,-0.16545978267698086,-0.17659100678801817,-0.1321497199667072,0.30549370812853116,0.024144423440813915,0.037485071848885686,0.041625622953398556,0.23458593581837536,0.09327080849251201,0.21548726209971827,0.10149926670428269,0.027664562044871926,-0.22139612469634865,-0.23770555585035644,-0.21437953683628658,-0.02585586552269893,-0.06320597157285128,0.09705790545673514,0.04896408023523941
0.5120451789489484,0.4430151626238977,-0.2880350152304322,-0.28717098549174996,-0.20701122166213262,-0.16522379136602733,-0.16164993416322135,-0.2721704247543785,0.1139698510412439,-0.13696607777940953,1.0,0.1937934440840592,0.5224537421332459,0.09493575175247379,0.3508206626814199,-0.05912203932097745,0.43324694410168485,0.34695016406110596,0.0011998058523819107,-0.2464016160614387,-0.1450292998595236,-0.14759446183005634,0.04971108626669247,-0.196883323534821,-0.26529899899068615,-0.39019170483405974,-0.3028981314620494,-0.1474691415982168,0.4651012206993543,-0.11928014235041755,-0.08677386693032586,-0.2532876547218002,0.23265398334020793,0.04582338724777696,-0.15001171063509006,-0.06646822302341815,0.33529367024896506,-0.10714207799683265,0.1846226575200861,0.05235363682172498,0.10673164760793567,-0.012239690146411115,-0.18569750364202178,-0.01329069537765092,-0.15621381234569898,-0.12866398005127408,0.17820134352006894,-0.1255085242492793,-0.20199841022166973,-0.07361996481130707,-0.1535375906569301,-0.2767205854228862,-0.046581160642354714,-0.16927321489751543,0.0810077706569645,0.08077017578854541,0.35769752180662717,0.4541465308184611,-0.024439259078478954,-0.11056586709194657,0.003196781118690166,-0.11183800307691279,-0.13954712668929717,0.022453828110926957,-0.07780532397272963,-0.002429638278853429,-0.20164686236786697,-0.24964410809828244,0.16463432785728682,-0.40818421366106167,-0.1901226108156026,-0.0739628656278618,0.28313683767570075,-0.2934823667969509,0.15722098864527892,-0.0475875523770235,-0.14825060515429814,-0.326857365183432,0.32456651853447077,0.34244672981037083,0.35718667114168573,0.37717694543031777,0.0662188713855398,-0.11156975937419364,0.3715956767593779,0.34652323981590194,-0.009315279379208587,-0.29710012801612995,0.1501345877791923,0.07980131239450225,-0.3962038256984839,-0.21541928294661844,-0.21823632002219365,-0.26562222942561103,0.14484220981498838,-0.1716270029541596,0.18833202037358404,0.04962077011641716,0.10020029735198623,0.2266098345591969,0.05993331592637671,-0.020940101504152063,0.01959213172693923,-0.02526609351080965,0.010808068274368308,0.15243403386541685,-0.16641727668435322,0.031929354046917796,-0.03273026166996285,-0.17172846069022596,0.06306823223681973,0.012126142075192506,-0.0002370488134143341,-0.05376502781848231,0.003738231967456278,0.028605021526183872
0.2172931641821418,0.24473204878370702,-0.26618626227024256,-0.4080911430484905,0.15816205798252658,-0.3413819708448804,0.23305307567172892,0.14081855068465401,0.45171456731429693,0.32583524495990257,0.1937934440840592,1.0,0.21312673744568117,0.42192815854600035,0.19669861357086152,0.6964007306078828,0.24174653986805655,0.37578801960684444,0.06623149535333055,0.05799113712798785,0.11835061963361684,0.0697817199227758,-0.5476068235151481,-0.4095896704549856,-0.38560647035742285,-0.48758094911025096,-0.11341056036081064,-0.4081403621115097,0.4682676127060969,0.4542995794808697,-0.08096763718284623,0.12019114066297917,-0.15742096740704514,-0.00878825192755601,-0.476896320305673,-0.4362593340973107,0.3231599775569564,0.10287597177878954,-0.011118533421941162,-0.09401240446269506,0.05675970383542428,0.2794324127184284,-0.06712670935637988,-0.17254403569603494,-0.2759837805684777,-0.22641525683146851,-0.1673219530025879,-0.20316680935524742,-0.2679615003121232,-0.32510011353096463,-0.499276672930249,-0.40775801084683905,-0.3183534000631634,-0.2066958971331095,-0.19226647070033054,-0.3742560038853901,0.004618741058724313,0.019801749064732147,-0.148197271857444,0.1493492926598677,0.12141543634119643,0.4252059490302564,0.29153065315431376,0.6335376553574881,-0.4353678439315107,-0.2822778575172863,-0.3594504976270363,-0.42861611261662674,-0.09848438505432121,-0.08370443277836398,0.06146599054590979,0.2658341792630806,0.2526176132136963,0.2690716003013979,0.22191919683802164,0.34777267579026944,0.07500020058097893,0.03290657536799507,0.010525480664714187,-0.05425341539235728,0.3536973636987907,0.2855746442976428,0.2789334227044656,0.5145717561035561,-0.03792576166669851,-0.022035351794481132,-0.14802285396915124,0.2099897674417261,-0.3979555462626085,-0.3538325819316652,0.03250681575098548,-0.011797038627465707,0.28949963368622733,0.12953308582127585,0.014919665306934782,0.036781897420185734,-0.26087479050963125,-0.06327207521903232,-0.19127732919987286,-0.20028633395412518,0.3212344611384153,0.12670570020169297,0.14048806911549305,-0.0067974377822607734,0.05001614076989026,0.0033507900579355827,-0.02778696857138638,0.0009188331193731576,0.06625153277819708,-0.13351334098646764,-0.19815239167035786,-0.18634411073261295,0.03233855868642095,-0.01840461682028683,-0.0402564891102755,-0.018325200863237454
0.13574699262122975,0.23982781522592378,-0.23228822732259238,-0.3511730550583863,0.22498326360165052,-0.06034168629945865,0.15073274712140794,-0.25737894469327544,0.39826890875210275,0.20828788117680191,0.5224537421332459,0.21312673744568117,1.0,0.40207015181695377,0.3950418174157283,0.032443061343672475,0.24554203798735913,0.06567939460625839,-0.09947622117269682,-0.22333619996093282,-0.10242657327494464,-0.039396686284999274,0.2698479072489269,-0.1600903871448583,0.24556168104958997,-0.41377020281416227,0.01643016705117617,-0.0401577361836755,0.3077512813420365,-0.1600951236531624,-0.0050869647377725655,-0.39486843626775747,0.10870156278351104,-0.2947038007747387,-0.10233666476780223,0.030423143803429566,-0.026766435305711652,-0.1814574623657075,0.05790092284139457,-0.07100105992533544,-0.09169176389883132,-0.11297101049223197,-0.24202354863720105,-0.10790444197716646,-0.14958963295500488,-0.11364780487629106,-0.06183600905179166,-0.23142308749395257,-0.08841438105794328,-0.1510203957810669,-0.0032126333823395397,-0.1876009845629659,0.07132322904278349,-0.1586329439921283,0.04056702352297806,-0.0019409929028159367,0.16549826152669211,0.3056951563489087,0.28147425054423114,0.15686893512471708,0.36248734956883905,0.1105102277574916,-0.23303922449288822,-0.23113473333383647,0.2826841598620666,0.2569106731647749,-0.14877246210041284,-0.2146044223708678,0.1939635142516558,-0.02924641040264903,0.012894432508418187,-0.18098601716001841,0.0541871031697102,-0.24618029705317357,0.202585427707753,0.11852044915532017,-0.1967437911412234,-0.355679074127194,0.12062889644090122,0.02488584858965297,0.042475190995021596,0.04717825996902616,-0.08826437441599086,-0.30310128916987744,0.2924115003884528,-0.00823207545456964,-0.18241537011852704,-0.3617525829432275,0.32146330083802566,-0.08501534885844904,-0.11797897891557156,0.021105606579952123,-0.026695200589226704,0.17284593510397,0.14900741489412614,-0.14497645498197073,0.06700342530641669,0.030018524054128894,-0.014854856601685777,0.020163920530476345,0.020435405668921706,-0.04497862419803231,-0.13340168338395064,-0.03247836188241699,0.09186789623327217,0.21802116947861733,0.039663113282876215,0.040528438327976514,0.06044714502941901,-0.149750242099339,-0.050388924981177786,-0.018271574267589616,-0.13083850400581754,-0.11717816050644886,0.059926830168268344,0.08905630506830574
-0.0036885315395425397,-0.06683653337423114,-0.24682260344177148,-0.007781437706096522,0.30851090060873687,0.18923248869919543,0.21028346216744695,0.3619213744642938,0.47916441264246046,0.7792615051072259,0.09493575175247379,0.42192815854600035,0.40207015181695377,1.0,0.02673705773912013,0.41166181137779106,0.23861339364197334,0.0770197072457024,-0.22230147508717454,-0.1799262099563259,0.20988867590472102,0.04067878734654916,-0.02734760429709658,-0.0696380206255491,0.05617084852697758,-0.16410614096237666,0.18924431490324717,0.004534574307381929,0.11039594250426349,0.24560322444498714,0.0016013638574027414,-0.03356552881066553,-0.1748141561902379,-0.37349489426947396,-0.3275026018392286,0.02407008404702423,0.16480457802451925,-0.01987302808711056,-0.05478742697199436,-0.16220311198389856,-0.08185848591944579,-0.001265182380014434,-0.05627950885324315,-0.041185241103424475,-0.3367979692068481,-0.1430359184324009,-0.08359899621147943,-0.20783779490075383,-0.33687086817300776,-0.44740551971160447,-0.216601204913428,-0.345836259942624,-0.09882119713344596,-0.15326468631256035,-0.277244411687256,-0.17194976543887536,0.04767298187914356,0.0420679054166331,-0.08249785139398216,0.1302532350652222,0.1275410911901069,0.5176771907503278,-0.2871798683509682,-0.08971968227745691,-0.017493465302276585,0.3367589137745798,-0.5305660746446251,-0.3627491116489287,-0.05352915197122537,-0.18745858209512303,0.1586304349351128,-0.0236276513451813,-0.01877092561022734,0.08321392189370434,0.22715825627136002,0.33358251188425697,-0.22021184030124177,-0.23326018908229165,0.042678250427219774,-0.05400132251438302,0.07457449555526995,0.02657946665450461,-0.142316123674172,0.05693807842036156,0.08933663524655022,-0.2511092505204218,-0.21621845183486846,-0.07879568667228962,-0.069533371268726,-0.24369668165092398,-0.031672759677415216,-0.039633922617003374,0.5171296831613488,0.1980593075568286,0.2738770682548519,-0.04569740980871053,0.026735481901614344,0.0362137120611982,-0.1601508351570533,-0.18682144983322307,0.2808795769419924,0.11175152540241412,0.054598385760704096,0.021783988680434775,0.1993858605712675,0.1729712082744603,0.15529693499826833,0.02806173756936502,0.17655136657558745,-0.31852284364974287,-0.08807401085814838,-0.23723273058540637,-0.047057457186738365,0.006194248972752144,0.2514354099544543,0.19658395052913202
0.2390737916645342,0.26335444763761917,-0.27253368492887514,-0.21936438584214377,0.11223368381287908,-0.2129402408195361,0.009038762422953654,-0.4548939063885098,0.34541934400352753,-0.10468918212051805,0.3508206626814199,0.19669861357086152,0.3950418174157283,0.02673705773912013,1.0,0.3679610843428608,0.13540830248435504,0.04969161506378382,0.3741261735451612,0.07324474473483437,0.14141881210235077,0.21195848283746432,0.17531491945533376,0.20998554589130433,-0.04500679572558563,-0.2491811017594861,0.010947639079805968,-0.08625712263726336,0.3913051643618935,-0.2582162144379279,-0.03590333677880011,-0.042770584633401276,0.11534192106425185,-0.18164179715518425,-0.3003271770844333,-0.3432138403202816,0.03520839399038498,-0.034467054547677546,0.37546575513435493,-0.10467075461443107,0.09740624504136836,-0.2056551896176961,-0.32594657789317283,-0.2839326352458551,-0.20838619509497697,-0.547682970428587,0.15943696939188068,-0.17711689113547016,0.038805836754378695,-0.01352161171839448,-0.0880338791237079,-0.04038348413424522,0.27059594943311405,0.08745717501594023,0.29871721529490164,0.10876451796535604,0.23111772793414512,0.2781713096725167,0.20256269266018376,0.3510256669220925,0.10665442239817886,-0.14340802487358356,0.0035630099426105935,-0.09072397503720384,0.05466283730246731,-0.08204688833420055,-0.02772017537459193,-0.45636347445286235,0.3547331018238896,0.06972191561110475,0.2372700752827088,-0.06989160377650477,0.03451308436911378,-0.14184004697991814,-0.148409029812231,-0.1255976107019239,0.12141117497981851,-0.05718940069191242,-0.005786254709160814,-0.041828106255716535,0.15729275903213172,0.016910221559174644,0.645463273348733,0.19773211416281022,0.5424813889917824,0.30485444122786837,0.30003184688330786,-0.03738395299016464,0.4461724616709483,0.2682010982341911,-0.1745121045089814,0.009543586163912859,-0.1542683780159155,-0.2863617772912861,-0.1428445862976922,-0.5521834404108273,-0.09031021055687251,-0.16098018356041763,-0.059090821241018505,0.13572220871623167,-0.18580346636461753,-0.32889407694623357,-0.27411912833748914,0.013499259914864559,0.08787509480817363,0.027691683121037,-0.21971363142099432,0.082164793555367,-0.4485677677916181,-0.15839972527640905,-0.34986749494615293,-0.12369278668823708,-0.0009541981496944995,-0.4211271479669682,-0.287274040285707,-0.33815518277715007
0.2539848969238146,0.37910674957395435,-0.3870419383285586,-0.37871817983391115,0.3242714092288167,-0.14008478329008195,0.10105787280937013,-0.09051465610968522,0.5651373596477287,0.4209235008733826,-0.05912203932097745,0.6964007306078828,0.032443061343672475,0.41166181137779106,0.3679610843428608,1.0,0.21611967943687693,0.2680975548019369,0.09341395903851282,0.11237638242830833,0.21700649143604286,0.2768019981133842,-0.443301198427999,-0.1467448335435631,-0.3039351612235756,-0.3761204796322921,0.24924866790985634,-0.16177338986384404,0.4019935540089905,0.3940511176322639,-0.20878448934687915,0.09611888133930332,-0.09315208909382967,-0.15606420382594904,-0.5518842850093538,-0.5591083149735138,0.34067642744030474,0.15222424487763156,0.2520614386306328,-0.01868590613200812,0.2243129400227907,0.048506097155663876,-0.07232637419405767,-0.27682455784032783,-0.3780027483276433,-0.5670147334049539,-0.004827745580446913,-0.26402640507964537,-0.12269924981850044,-0.36631590923857454,-0.3865403469142829,-0.3694875188869884,0.006965135031778456,-0.03375507643757441,-0.02823820541387174,-0.19263923482039322,0.21737623185875468,0.142870539239785,-0.08044544676939043,0.28292811646319554,0.02965296234913576,0.25822829539477626,0.1688447639514053,0.38585512209259787,-0.4660258196014369,-0.2938512083415193,-0.2625969250919863,-0.6149620504358105,0.19574968881368776,0.04957542972115708,0.23464493761745597,0.22274632573507647,0.2447758750668644,0.15400626882291665,0.10148665689857808,0.17353788308364795,-0.01356736704073236,-0.06215929698690729,-0.014631786728728051,-0.06504914771336733,0.35356332136025087,0.21577779596588134,0.4880895933781114,0.6652603120645608,0.10624967162930508,-0.014828374794456476,-0.05204851541814218,0.3656847607637825,-0.31326019132349414,-0.18807868155233667,-0.01521645298953268,-0.04965923390359418,0.31000231865652633,-0.014202564358520981,0.015320114863354538,-0.31464834606576225,-0.23688858150584802,-0.08978474559760902,-0.24218949084625205,-0.13473441717990894,0.2576096980434315,-0.04853464858534469,-0.04238857585897984,0.20632551940581495,0.31455862974876525,0.09210413879294417,0.0437238960299673,0.11831453918597129,-0.17443076763748838,-0.22774461151227726,-0.30642853803873377,-0.29427280906327463,0.07790755231380968,-0.31350757474980795,-0.17552772996239643,-0.16530797406992243
0.6684234219393744,0.60361109646199,-0.3795837576872547,-0.26889547595592217,-0.012710477065855333,0.017309633974530753,-0.23800985275238895,-0.24270291881777248,0.1313642664084483,0.04311580148264255,0.43324694410168485,0.24174653986805655,0.24554203798735913,0.23861339364197334,0.13540830248435504,0.21611967943687693,1.0,0.8032117571820051,-0.22267813437064982,-0.28707819686624,-0.054190570082664646,0.046881594999625416,-0.13192277632439364,-0.13336445180120504,-0.10638121446657864,-0.12331367937021041,-0.023922120424970016,-0.009577555156129453,0.45196465670136826,0.17010942789921518,-0.06694871332372149,-0.032728447610214845,0.24092255360545609,0.11562736523817801,-0.29081864834451454,-0.2413160639509576,0.3848347930546817,0.03817128726058844,-0.04096740867755538,0.0036509192970508885,0.015988023563362735,-0.04573894327174562,-0.03816134000375556,-0.03708929694612176,-0.10324893368503535,-0.17310758505366824,0.07104059986269638,-0.09858987183065185,-0.1813605512173968,-0.04979031832408726,-0.2884548494092733,-0.40492596194211544,-0.18392471384415382,-0.25527800830080916,-0.1504147517235602,-0.03537751817830975,0.5763575351360445,0.6965650236685154,-0.2556607112276248,-0.22021775391782197,-0.15236563273592757,-0.020475661025807588,-0.08261752111574698,0.13788105255249145,-0.1925180852368123,-0.14976839945492826,-0.3982619420582337,-0.515138453195733,0.10637748056112936,-0.35437327780866956,-0.1742245511229285,0.36667829412141845,0.19414030881514205,-0.24685725811692252,0.07361432562116922,0.08856778572099565,-0.2220281707494773,-0.22714151001793953,0.5211986617195139,0.5671541141263973,0.6297010775263266,0.6211728414795127,-0.02279928694984356,0.06003826962095962,0.29871025686224933,0.1744423075950121,-0.31230033313502176,-0.10597377414562534,-0.16594833694027464,-0.1672321154332709,-0.3539602109616599,-0.28855560105377126,-0.11230266158734545,-0.18062961518736761,0.1499513802036583,-0.11183182592146737,0.07422285675394504,0.020489014240185923,-0.15553598077753059,0.032093367867776106,0.1815738943516834,-0.0018603224460619157,0.02150406871708958,0.017325810852230318,0.1349573202510005,0.13307738950987333,-0.017398467133661607,-0.1256250864995814,-0.015394340980691059,-0.18941185126408036,-0.07043051507707422,-0.05852627881323982,0.05565148697364651,-0.19076225911686995,-0.005125956260153845,-0.05963273912847305
