1.0,0.7286492483659301,-0.03211386852796248,0.10301428089477405,-0.09856610996153792,-0.1135978823738917,-0.13963276902710706,-0.2608900192021089,-0.10379449518547451,-0.22055175013536243,0.3420638905846585,-0.1347408501854345,0.04223013833816546,-0.22405285824458135,0.0680649210790373,-0.3694598786953851,0.608382586133761,0.09277004659234139,0.4471173339585543,0.4393438277184899,0.13660286618830414,0.17960318178270288,-0.17770383017017596,-0.4817852001113579,-0.43832698773136664,-0.3795656973219004,0.2500494727035414,0.067316213265576,-0.21756617622384913,0.065018807765528,-0.5178290544458941,-0.570561370075219,-0.10281123070158184,0.17431456043130228,0.04371345513767183,-0.1548983140682574,-0.22880615252791048,-0.12963254904911653,-0.05666513482369158,-0.15404052561873088,0.14136754133670917,-0.16471595286982127,-0.4057314968784251,-0.3374743978834542,0.15753035229643994,-0.1050957981258318,0.01431180683957478,-0.342037763797763,0.19656662760383406,-0.05963717176481601,0.2957750982565974,-0.04932327276271557,0.09835253006387594,-0.15994393836111911,0.014816283864422741,0.0360927391657183,0.776867412936368,0.7290395442113194,0.44768880278640566,0.23044291547918128,0.37459737117232184,0.211746652247998,-0.3967404013639193,0.14957311036213675,0.01807718745253463,0.05444814041543066,0.25720183180044887,-0.07524935376969423,0.45350207878749405,-0.0632310055308602,-0.3280791085847109,-0.27562052246626617,0.1135088864730527,-0.27091409899965696,0.08805951181174046,-0.3078835542400638,-0.5040886045647742,-0.3904679560184714,0.13834509101299206,-0.03458265401271095,0.18659511422058606,0.17004809781636543,-0.03354833633008563,-0.1274497789185286,0.4117689876343115,0.17454494902630324,0.14086918149662958,0.03646539841066287,0.28351115655440284,0.18148175983397893,-0.2597900716150778,-0.33853832996452127,-0.3685813000516799,-0.2377728334568972,-0.17519199829400756,-0.08774297654217154,0.24294315816858028,-0.038394821476236955,0.01950492181933515,0.016458398259273768,-0.4562169365345057,-0.3328579210881408,-0.39822446960720187,-0.15352578728559105,-0.00035009414735561215,-0.11972365965859956,0.055904192949456234,0.24554713013899654,-0.08668783860501489,-0.13862834550686196,0.119352450452674,-0.2557655065970486,-0.09482164539105285,-0.5283425745165048,-0.32842348848909547,-0.10676716450336757
0.7286492483659301,1.0,0.06483946022936274,0.3526940315809811,-0.2215087805963297,-0.23633223169885764,-0.16639747488136195,-0.05190298088094552,-0.2430993492544991,-0.11815672955426161,0.540594883816654,0.13336799938327806,0.1820670608699446,0.1628539023992202,0.261863826808635,-0.1818827881992974,0.6436117854665562,0.28084041074782146,0.4271516110668949,0.3891092195417891,-0.09492081286612933,-0.09163946915391727,-0.014239596827246175,-0.297184842742234,-0.49428836520566966,-0.36835442316138467,0.10258171416379623,-0.15205944899193483,-0.008086035572102142,-0.09694369148526344,-0.4891439304743587,-0.5105563962822505,-0.011073213230220359,0.21394646075594795,-0.09768300203875871,-0.23608870441398372,-0.270214990853787,-0.13952070514042014,-0.3599609741980609,-0.1586897834821529,0.20022834888415908,-0.12374071552528071,-0.6068208434852337,-0.4552962034332803,-0.04641289012204733,-0.388636107398734,-0.029397263863607154,-0.41780673062743656,0.2572609730929044,-0.08172793559230888,0.24149699160387197,0.09743443776983748,0.2559117873277741,-0.20999189769537147,0.11402475047661188,0.10309422094368295,0.5785327091151419,0.7932145058391111,0.40440430645345743,0.4635574969388446,0.47625389877012053,0.48689163575340005,-0.24610238657686273,0.46257804350629367,0.07112695863241461,0.24873999710202532,0.11700642817180712,-0.20064026222416692,0.35883413113848334,-0.1317736914866381,-0.4515059975910198,-0.43600740392532417,0.3242900423499704,-0.3020942894902655,0.2502584139439061,-0.10435735769138035,-0.5691761612521854,-0.5009675593052372,0.178904455249439,-0.03933546242696249,0.07126642424056337,0.11952322248912721,0.3299473128991806,0.10385628440646141,0.5031743103748901,0.3225187716001613,0.3888174091839419,0.25600167857236417,0.4320884682401715,0.30280339919252947,-0.46795520849615574,-0.47123406819763486,-0.2706073680318954,-0.17350753088374668,-0.3993530670243129,-0.15465887538235737,0.27246290884758645,-0.1376591770682762,0.15335469617079073,0.09295357325625953,-0.34969082218901787,-0.3382026824271989,-0.3621215541505162,-0.4208343108061085,-0.12866506790538632,-0.21471362389759194,-0.1575496783154621,-0.00491325816271058,-0.15118910437346916,-0.38779232778979944,-0.001027482905849302,-0.18575754349439133,-0.13794587978617978,-0.5530965698021695,-0.41234066804118785,-0.1675321883412681
-0.03211386852796248,0.06483946022936274,1.0,0.2442326932206461,0.04032395149992532,0.26584596480783534,0.5893022673627105,0.16947483089657817,0.10803712108394295,0.3012330049551687,0.2852776982949659,0.09761934100758607,0.15156324031786875,0.05438528783272247,0.15904297870606787,-0.3082269095678323,-0.211708711724151,-0.1927085332113122,0.3260359984607339,-0.12422524052071776,-0.20920720920664423,-0.210730242543679,0.6112119756596137,0.5638004382441212,0.31912457504287295,0.45612656501356347,0.16033650727563434,0.1703816422750267,-0.38176352988804235,-0.4044354542815356,0.1844590582205174,0.1825583059741358,-0.04717146840648931,-0.11040727235599998,0.2885536972599137,0.20026235636866802,-0.2375001095540521,-0.44721099762888455,-0.29925645476530643,-0.11975086519584528,-0.21568035920026754,-0.2535169830639648,-0.23129468276531112,-0.10466961531432857,-0.1605009402519069,0.005022486131883751,-0.4731994722802591,-0.1460893612765867,-0.10012913186720555,-0.21474121666481555,0.13216304897468847,-0.13941402889002585,-0.256954270781643,-0.3766975260801092,-0.2986032336516114,-0.45838645030914693,-0.1847761259888464,-0.1632838394531595,0.10452612578938464,0.14694627659952827,0.33129880771240544,0.06120192941669312,-0.054807396385061685,-0.029415539253068054,0.5422663852664086,0.35353253202929774,0.03852492863989569,0.38744116406309637,-0.3536880334841906,-0.057266061109745275,0.11596978566525022,-0.08624031773016227,-0.24027898697676708,0.03401904797750877,0.31561084232901193,0.08294134157212515,-0.07304862558491287,-0.21982346104176345,-0.3031591393135509,-0.5161667630737252,-0.4216797827619682,-0.38398372672876746,0.2265305411167284,-0.1956249464830561,0.31716868459401215,0.11297065869477205,0.18429299421073458,0.014122254697554522,0.44939116157256603,0.12021254976625304,-0.31198525576342845,0.21039970561933888,0.17208621599932034,0.4769923175227439,-0.001745737315443702,-0.17222487809451606,0.0013218209959249797,-0.3276028039529651,-0.3787302283891385,-0.13217181095864916,-0.1992060409952356,0.050266401611902364,-0.4809010805318867,0.1683057958512676,0.07431929769325168,-0.0618726775267125,-0.3227899539550894,-0.22658124941239283,-0.17291902395567377,0.015913705983922645,0.4061764914083805,0.0024623454328689476,0.06451086774730368,0.06958132683253307,0.10145860653984154,-0.2673579517698864
0.10301428089477405,0.3526940315809811,0.2442326932206461,1.0,0.007038437781224981,0.12127132819476429,0.18205611465912594,0.4183997280084326,0.09801057380216892,0.17960231359179438,0.5507361485833476,0.5921603622502374,0.4957305081795906,0.48349011645533396,0.5576251782508895,0.08891028915130414,0.0960082565306816,-0.011038955847535342,0.08897316993191984,0.1606402497775869,-0.08574300205335224,-0.009650136881244416,0.4945455993788889,0.464452217099388,-0.14861087224251093,0.16979403244635471,0.15630515797056893,0.12503175018327203,-0.007679923337789442,-0.25247048305498804,-0.031783449398947575,0.12459803172694404,-0.29752886687397545,-0.14836239474153312,0.130102857010594,0.12048471920822747,-0.28588456139638224,-0.16713210212869398,-0.28829491750720315,-0.14434475534323543,0.03709855796409604,-0.14278624339349513,-0.45159427441074396,-0.43684490679416,-0.3539265065523811,-0.3033353265297393,-0.38503069448208366,-0.4518452359592207,-0.16289604906194224,-0.39073965237828095,-0.0712110412507816,-0.15849408442970167,-0.06430445773858695,-0.3782425481135409,-0.12358978819330045,-0.16223389808470962,-0.0037046881247998274,0.07436605813343942,0.13781656178133814,0.3570881557992005,0.42624949618741453,0.37618874847742445,-0.08622654932849157,0.14764030997839658,0.4586510231955232,0.5377523367001679,-0.19280253830253702,0.09744336684472087,-0.2327162896022195,-0.00814734666014596,-0.21958962778513774,-0.17687032954869794,-0.1180153684746056,-0.1725347760730189,0.11382950777544878,0.02102942660738229,-0.36999795982474065,-0.372128388532985,-0.15942675984357305,-0.283549199489319,-0.3375157977525115,-0.2538345057300062,0.5209726222950285,0.35920504433768113,0.16489654738437776,0.20227967685699377,0.32973896093005334,0.5840282973368219,0.429695399016964,0.16836474801916765,-0.28921855258750634,0.0032344932411848613,0.4096281884439311,0.12098714001219796,-0.32053450770647585,-0.2922266568744742,-0.1373664559425103,-0.3357700041673535,-0.07047372648884252,-0.05362923739983928,-0.08718250353277845,-0.31520903231730557,-0.25571883609877477,-0.28993571428724046,-0.12409883326073698,-0.29584868321088337,-0.41495530333339087,-0.09613451519370905,-0.1621588030634811,-0.3326658348176104,-0.005838875312715356,-0.12128233420951597,-0.1391955158845879,-0.3204525804353784,-0.3147516702185977,-0.19639676280362625
-0.09856610996153792,-0.2215087805963297,0.04032395149992532,0.007038437781224981,1.0,0.3041357987618939,-0.05942106405050098,0.1885646212986437,0.295851921235348,0.2867645568424254,-0.05399058396632249,0.35591806195347986,0.33096248198669864,0.10467526870724583,0.301451414396687,0.3237300236304842,-0.16329085714699804,0.13522966508048084,-0.19260118410631252,0.1120416472420803,0.18584335232762406,-0.018875727315211505,-0.20534543610301212,-0.014560331154767365,0.29521860362723557,-0.013077118915755135,0.27951702933402756,0.07059477129318137,0.2612783071129499,0.24100273627095853,0.15450069810842437,0.3460008250616525,-0.05841624614525664,0.21590630380948203,-0.26014087482500686,-0.1333694564286976,0.13437201848676822,-0.19252875105289946,0.40746488584217505,-0.14484769136238224,-0.4390010849028091,-0.23967171401979595,0.2284603759679548,0.1455450234695134,-0.05833032978368514,-0.07072460206841295,-0.01200523560430434,0.08692074503970987,-0.18429364806513254,-0.20067603446660226,-0.1599574479435924,-0.23216661251688953,-0.0018296061979811565,0.03838688924150593,-0.04632169784484999,-0.19793692672390314,-0.1943103374050238,-0.2469088331025172,-0.17135910262259216,-0.25522833052677485,-0.1402537762293448,-0.11419005735397864,0.12134629965270155,-0.0459806450203418,-0.08433558914017168,-0.16338408443219382,-0.3443520274639255,-0.21313280740011178,-0.12386254713791474,-0.09478892937316438,0.13106338806147175,0.4037015931689163,0.06524718855943613,-0.016169181793850677,-0.0498976083375885,-0.20692277400342182,0.11436493518998375,-0.08699824594358888,-0.027755208213679605,-0.1134254468152163,-0.024343514569628084,0.05377229981674668,0.1372070310880564,0.4100831046741309,-0.22370067414856293,-0.03660816330891141,-0.40677802239450417,0.16704610935561873,0.07464864068216835,0.039590136934409485,0.16274590344471584,0.0930084416509202,0.27760051272114533,0.24517156271232624,-0.03062040426657462,0.0076318573950881425,-0.15265889517008932,-0.14262809411799718,-0.3094530275713805,-0.2564422819849874,0.08202638822821401,0.03020293454467733,-0.09800690552618838,0.07230902666037362,-0.09060976946237946,-0.1413178116995642,-0.17606605618988966,-0.18355970653875364,-0.07324466042960619,0.06494637454660761,-0.1726278827512518,-0.2351221540738021,-0.05234189914986088,-0.02232280797028059,-0.04925325154347922,-0.19619788005812425
-0.1135978823738917,-0.23633223169885764,0.26584596480783534,0.12127132819476429,0.3041357987618939,1.0,0.23326164322612447,0.07053161585953903,0.29882842420048844,0.3154574800454057,0.10995088691551648,0.027384156104814848,0.19798784498270303,-0.02064412403817184,0.13879680458788263,-0.10355900618804327,-0.2899329275539143,-0.0629607188875443,0.03403097118094378,0.14776547909167467,0.31268244623662067,0.24395945512581058,0.26234068596539056,0.28433610156431127,0.2307563085552658,0.4486330166254749,0.6884874966073338,0.7997939403119875,-0.1539138553625296,-0.1883850111947705,0.10542422114262578,0.18605105035205063,-0.34672094169651924,-0.163833271274466,0.028144854128150227,0.06207271073518674,-0.29646924085728127,-0.5244091192205036,-0.1364053277244298,-0.19348123310270515,0.00349284493129224,-0.22401178257539206,-0.0198259258167624,-0.16371852635821665,0.02691847095080398,0.15285015065701674,-0.32027270525022555,-0.10803777691281996,-0.009253214867754374,-0.026494105802495505,0.1666058938844015,0.01799827453681446,-0.05974733484681234,0.055995362480426074,-0.10286354309265698,-0.4667043502653819,-0.1370389631117475,-0.32704729496743296,-0.037157860476342244,-0.1444646415857121,0.05005192739727327,-0.16156806957778225,-0.24718349868483214,-0.26138926139716784,0.3008956771785897,0.06302872243043199,-0.14545458970927633,0.1679592233713845,-0.24329039782783082,0.05553897052570377,0.009832567370090382,0.017919886021933992,-0.22083778045348024,-0.0032690122032737355,0.1575746192891791,-0.09660287406504181,-0.08178893989168032,-0.20284027497861748,-0.0759840387470991,-0.3555247420584027,-0.29102204899557027,-0.21318844091962266,0.06861758496515262,-0.1146706285663022,0.08360922931618638,-0.027891851256994254,-0.10158817436717076,0.07992620056006897,0.23434456187848407,0.059733310600518216,0.13656943297140836,0.35314688237730896,0.1826254191908671,0.15682585063413776,-0.18450449732947707,-0.2658117102669859,-0.3491675085849974,-0.2895123627802886,-0.20940663789650318,-0.18655693499865786,-0.1686131566721292,-0.10867130896698605,-0.1702685478812482,0.4847329586194168,0.3611054034512227,0.369742091654125,-0.22785465150601658,0.03889383142021555,-0.3592234211437668,0.02680260023644785,-0.11968746426305332,-0.002826199897761937,0.11141651291972415,0.017133685590110498,0.31378238483523285,-0.3383199838578594
-0.13963276902710706,-0.16639747488136195,0.5893022673627105,0.18205611465912594,-0.05942106405050098,0.23326164322612447,1.0,0.34788635817272456,0.2857064520442955,0.1577315693207955,0.279711550242368,0.17092432153725748,0.32937718381086606,0.1833787819532724,0.154831508912329,-0.14063694266193363,-0.40529700795076734,-0.15117249406108713,0.09907363799215947,-0.11574113928794576,-0.08364350066538045,-0.036731990433385535,0.5318184765930536,0.447208526498883,0.2986431771699275,0.4193223991123498,0.039876223453743476,0.21025324106723797,-0.1804912990607304,-0.13414709235342578,0.1090261547385913,0.1880223961716298,-0.04435452692691918,-0.15525092802802604,0.2030826858242781,0.2049024127270748,-0.26251587032313434,-0.29118358533612154,-0.16284795500284213,0.10229501479576637,-0.08662204434406766,-0.2339043271217401,-0.12776498179050585,-0.08144893399571246,-0.10328523851240445,0.11414922473365538,-0.3984320685090655,-0.2298057822806911,-0.22626581772176896,-0.24868520404867134,0.04242548550919877,-0.18448944402100292,-0.3004583335848997,-0.2695619198174632,-0.23300837859846618,-0.34607648647931655,-0.26890455621340686,-0.36891957916035745,0.04086771353807164,0.028238330747673374,0.3042812413405921,0.02798201244283704,0.11601250531314024,-0.09755114853643601,0.5396868035735669,0.33310526704995747,0.008174699947191322,0.2667707940992882,-0.47716722315279925,-0.01795047368191236,0.08029554486047516,-0.019029397985829755,-0.2812341628328561,-0.0038659278375511304,0.15133425398519496,0.10147613278224363,0.05370507963721603,-0.04819669727086741,-0.25527511248922086,-0.46221935018954274,-0.3640062195197245,-0.43834179630904446,0.06102686452850176,-0.02239713080462307,0.15165440181686482,0.11335580749429264,0.19876768970589304,-0.06846054495047034,0.24453714571006147,0.01581481984434797,-0.20817191801256024,0.18282430869402133,0.2086965370969623,0.48054636755683244,0.0019250556526810533,-0.06289045000003246,0.012793320675538608,-0.16752935069700203,-0.31289750117613885,-0.15445874241393473,0.0006321801656171842,0.12127952404805149,-0.2614079740858795,0.02680665522514579,0.015759397216092534,-0.07488012823244784,-0.17015606569290845,-0.19080887411351896,0.04414811712692846,0.1093532894840722,0.240888255930215,0.08540621257324109,0.024598809628078953,0.06416029817481696,0.04261345728804949,-0.05061552822197715
-0.2608900192021089,-0.05190298088094552,0.16947483089657817,0.4183997280084326,0.1885646212986437,0.07053161585953903,0.34788635817272456,1.0,0.14973789767580206,0.42966926101048664,0.2412328073085928,0.6087777398133732,0.5079908488651698,0.8089036176477066,0.24159656866681004,0.5706015379668137,-0.34715926039706435,-0.043496013595933525,-0.19741492064240737,0.05790475143523212,-0.24393447788248399,-0.17940653371847898,0.14669410752130102,0.23143476585173406,-0.05503776541778235,-0.018437943016897784,-0.03778705670523483,-0.050417238460555604,0.10330289852687158,0.15872027836249558,0.059106444443740976,0.24538569285346096,-0.24416550918039054,-0.12347824970123024,-0.22660354017690407,-0.15867659514870144,-0.17674487169825856,-0.16194639580695971,0.033410006804608594,-0.04743000987721115,-0.20919133765208275,-0.11295726650830154,-0.16528315557847578,-0.1484276375018121,-0.4216114572257645,-0.3083282164174051,-0.27773546379689185,-0.2521178393409534,-0.2138183429737641,-0.3557115652115318,-0.36471908305081174,-0.06489418184115396,0.010230645190072604,-0.03368282684313902,-0.012330573270465647,-0.2731912241686593,-0.40082028042090495,-0.45008300126027095,-0.18041569606632202,0.07751871672921776,0.15077823623599795,0.42352603100071545,0.36497199104598393,0.35239347767181095,0.07802163929749292,0.3339805291693919,-0.4819592020002396,-0.3064802783932344,-0.5167742978355558,-0.29516595737555323,-0.09076548978853502,-0.05929799633281642,-0.057031460031103806,0.1525532148372515,0.11517685934123564,0.05040396883289595,-0.028018629842605374,-0.15057354690874347,-0.4675457623815895,-0.5094354850238729,-0.2861846340704826,-0.32574566538986816,0.09828455018441483,0.5304985078311977,-0.01788436935230223,0.18437771872966802,-0.16959262497420544,0.245295938818855,0.12687163657668488,0.19399322564229762,-0.028367441837740606,0.04853556951974687,0.6224569108731679,0.31476788680825457,-0.05965629598654559,0.10614881410963455,-0.1996203834198684,-0.06559901397713991,-0.03207829076614643,-0.10295679673458401,0.3568804163621159,0.04699418415839215,0.14317475176020966,-0.12801848996982962,-0.05263946611556089,-0.1065976987207151,-0.1491913066566311,-0.3211832679872322,0.030151192447941493,-0.030574459621275883,-0.2178394557055448,0.1622219633414158,0.19367899991287366,0.15008562636448494,-0.01204714801402023,-0.04539060350356273
-0.10379449518547451,-0.2430993492544991,0.10803712108394295,0.09801057380216892,0.295851921235348,0.29882842420048844,0.2857064520442955,0.14973789767580206,1.0,0.4203777091814004,0.1204697502345707,0.20424467067285923,0.20189461094389927,0.04150234708173149,0.2506465740844217,-0.04075946960238645,-0.16548953314841203,-0.0062806033625420685,-0.05575537118961403,0.021796895555587198,-0.05136733184971921,0.08899277640260869,0.17408500542244634,0.21186693641995719,0.12864855902827063,0.2834597033760512,0.21267533732605187,0.2910981774876487,-0.013372561576816645,0.029379420307735875,-0.10778112658242112,0.05507527477416497,-0.0902122189243598,-0.03404024255506754,0.05386491586524115,0.13402640547392927,-0.08462714523025054,-0.17458700147865544,0.10475371451032955,-0.041275799396656924,-0.11197278668730092,-0.22865765761196405,0.03688871529297541,-0.07149866895789082,0.08566234654049439,0.2138945734460343,-0.2688297185183272,0.007202900668789601,-0.10531265097088356,-0.0046274687799057815,0.13703871541442883,-0.009252663174654932,0.012925358808075155,0.0646072472531079,-0.00660322555006318,-0.12518830292478772,-0.20313684000059473,-0.16554510684832202,0.007900910119450672,-0.04472635001146736,0.01764872227091119,-0.0975466164001966,-0.2112335517391854,-0.28794570871275926,0.21222770531870902,0.019531630456304027,0.02234188621499784,0.21853704412894226,-0.2808572931090826,-0.06739969446748616,-0.0984863641120786,-0.07913611226834517,-0.3347544333164791,-0.20376965929994165,-0.08782287412933155,-0.16095740116628895,0.009208291853568912,-0.08326133422355263,-0.17159243137715616,-0.30910071377263065,-0.16515442770192015,-0.17474560460216043,-0.05895468113572598,-0.006021676488932887,0.042896362431090095,0.10773012121492938,-0.24231528968319066,0.07915213882415575,0.21741328445381836,0.0360759586941916,0.06063939248841987,0.2025425992728846,0.1735134948657456,0.16643536141081114,-0.17662806203344006,-0.2564908525294327,-0.10631523032566342,-0.25669908391643886,-0.14748017316411494,-0.11220096670481898,-0.012934948591748546,0.05815216641685894,-0.028032546526687734,0.11221847689606167,-0.02436448575704747,0.04174421420709056,0.06682386693805718,-0.016389009002514845,-0.21684365238268025,-0.013709240303071458,-0.004498047139530382,-0.11826171219450951,0.09988478877870188,-0.0686499431900322,-0.1015527609033537,-0.1484312614164538
-0.22055175013536243,-0.11815672955426161,0.3012330049551687,0.17960231359179438,0.2867645568424254,0.3154574800454057,0.1577315693207955,0.42966926101048664,0.4203777091814004,1.0,0.12848277711601358,0.2921652163351536,0.14688252789431122,0.32486208438390113,0.22646937836086417,0.25230313702604457,-0.31132131669162405,-0.17147281933140268,-0.028446883802869152,-0.0221485106093546,-0.18590700556000456,-0.21790794357759535,0.16186464165495348,0.36669441861817925,-0.036928124587528935,0.16607976967937657,0.2904869169552592,0.14526338551882817,-0.013469905037270651,-0.07246593359324591,-0.14534114992773658,0.16114627241216545,-0.13705873694625587,-0.07389667897722961,-0.16396512780178044,-0.17884595553366606,-0.20936550581613447,-0.44185436064045686,0.06372888690128166,-0.1450798453424789,-0.2911644797373693,-0.25669735697251994,-0.028568650083657426,-0.11586252669001267,-0.24064778266808795,-0.09046410013051172,-0.3362738357752711,-0.0007599366912216212,-0.07379121908122933,-0.1420199212082038,-0.04292424055224381,0.07881326676834834,0.12782382060798672,0.08642431841998101,-0.02056706888613676,-0.3972990540477108,-0.4347878243802946,-0.3667969303388893,-0.0980360214028357,0.16814153773378343,0.11448590970029746,0.21161571123643827,-0.01992347138647985,-0.07585662167252216,0.124611821810686,0.3073148387187694,-0.18138229512509707,0.05259576688814543,-0.23827215715292407,-0.11156686826948238,-0.005731063871775499,-0.14042914571659607,0.008249698526695453,-0.024413972765418433,0.13790675163703592,-0.04992490645369521,-0.07889049645016251,-0.23900005679459763,-0.24018690277934454,-0.381565051128655,-0.2598181656189958,-0.25192314480026,0.17258775181058672,0.07376528347160163,0.2315999511683484,0.14960586143949225,-0.12013731672247491,0.24465179555782687,0.38296037589622267,0.32759810394103744,0.019253840101393693,0.2951466707291755,0.47502443856933885,0.37930634003868857,-0.18030614514684076,-0.01243123307754256,-0.30880699301831543,-0.28187962463089794,-0.2364424482635014,-0.21286422444493064,0.06295582461396446,0.1577732447659046,-0.08620007916550818,0.14376320525354894,-0.03247143241218397,0.09456529207009007,-0.06476634882418132,-0.3148757360032434,-0.12464759040161479,0.0813431533315908,-0.22906551531181474,0.002607405493997341,0.1895512416741103,0.090948869158305,0.0911516872199824,-0.263308246831184
0.3420638905846585,0.540594883816654,0.2852776982949659,0.5507361485833476,-0.05399058396632249,0.10995088691551648,0.279711550242368,0.2412328073085928,0.1204697502345707,0.12848277711601358,1.0,0.48835215486482525,0.6296979960641726,0.41663309608395716,0.6322970840290276,-0.08877032613116673,0.26745564931123367,0.30110170725606616,0.33373729694520404,0.3383168232510225,-0.10300874961809992,-0.060556136588428296,0.38684963025238245,0.12217736855874094,-0.2209011260901624,-0.013767786939246787,0.20959830986620492,0.045694654070172126,0.16957207078534758,-0.3535678691428432,-0.3699048980085984,-0.26873566855639386,-0.14060157811308033,-0.007031710777049885,-0.07507796335243816,0.020709865348684797,-0.5059962877242881,-0.38558564210360063,-0.41708376244553313,-0.15679207100185621,0.04810197693278297,-0.36343724254728416,-0.7058053247529497,-0.603434421720066,-0.31959687096823425,-0.3186171305252619,-0.4626001142832988,-0.6179921013799544,0.05373834372216093,-0.2927255943372333,0.21411353770760183,0.11619365735923406,0.15531863152176556,-0.19495258897056977,0.09155054538088699,-0.13504468212926943,0.16104329777613274,0.2955363599030332,0.3822667995265888,0.42236398109570156,0.6638022661936978,0.5203965144218408,-0.01154698026722604,0.30711799982734533,0.46953945937600317,0.5203211195109398,-0.08048734412674849,0.06818480254058082,-0.14357779216508446,-0.0342783994406491,-0.4362603970058321,-0.3830941844631651,0.09858309356187993,-0.4256875776097157,0.2417600915071326,-0.07621426464562153,-0.6349441160196624,-0.6744483881032866,-0.025002747872360353,-0.47683231064520887,-0.24418903770712222,-0.20507050767334808,0.5191983923991953,0.21449128086002042,0.5519475067242935,0.31959944613548624,0.5086947573471969,0.44251674991672474,0.7350638963557786,0.4717188461437353,-0.47730965528259806,-0.10437647719390004,0.10907430241823562,0.08216130737592833,-0.4578041280502025,-0.33398787557360743,-0.009678476342547503,-0.4684280054578239,-0.09217759515898741,-0.09802525125062328,-0.26921951310209513,-0.3557469967289835,-0.42477617360494185,-0.28470201762864006,-0.0926096892015863,-0.2560933192903791,-0.2898932421402147,-0.18239054877670252,-0.2980665118008699,-0.39473066682524716,-0.05767767856422188,-0.15774726990487906,0.029682012495790753,-0.38324696463156055,-0.29270393401890044,-0.24784568771115328
-0.1347408501854345,0.13336799938327806,0.09761934100758607,0.5921603622502374,0.35591806195347986,0.027384156104814848,0.17092432153725748,0.6087777398133732,0.20424467067285923,0.2921652163351536,0.48835215486482525,1.0,0.5826617379831388,0.701234456455949,0.5521156231550696,0.4526864283018495,0.005513405428202542,0.34032872736682407,-0.15393728132254822,0.09236240801228834,-0.2242541021067637,-0.22875299666172333,0.14844015256055912,0.27032712836779527,0.03334769664038434,0.029696789704122845,-0.09181897229743761,-0.1556082806125675,0.42599773962580517,-0.06479921652587801,0.08413881782410912,0.26985091576694675,-0.11859970514515945,0.11877001806643872,-0.2293458809567854,-0.03764970211054298,-0.10320356768415397,-0.12146924320199642,0.0010587089566248694,-0.04099870118718251,-0.16265098073280349,-0.15892383339790306,-0.31864814293958277,-0.3340421783075794,-0.5434828794022184,-0.5071909330327219,-0.34270718894755386,-0.40474331978041694,-0.23864126012774037,-0.47678611816337335,-0.19699672600496318,-0.14855471525181138,-0.02160198659988353,-0.25116766306839333,-0.03884766791652829,-0.1365886104787726,-0.18927357973883166,-0.09473212377629384,-0.06055468280854952,0.15308270056817241,0.2488934311219069,0.45333631321767287,0.32760885429251474,0.3488362110259733,0.2360989658675365,0.43569893669293036,-0.40615806336321564,-0.18266495442526698,-0.26808590343342914,-0.0976225983636729,-0.1275589283177446,-0.0014617532277766735,0.023658342464956093,-0.1332381108200567,0.06589254271389539,0.06473721058449614,-0.1304218004018969,-0.2722520620627586,-0.1262708573973178,-0.29876590622550164,-0.22671280830989501,-0.25484306265202183,0.3735225655596288,0.6299873560330128,-0.0375822638833529,0.09761435217079552,0.06923421447005043,0.4899656408024269,0.27324090497441567,0.22293514162425798,-0.20469122742662144,-0.05369954678059651,0.5233055249078165,0.24533510051343377,-0.2125253363669552,-0.1453282635665152,-0.19580489023571698,-0.2802192159359525,0.009113120701526022,0.03400898099499171,0.19022688011513136,-0.14930409686147894,-0.03270795773702634,-0.32460742313232704,-0.17739293853809066,-0.2917124546571725,-0.2843213751550189,-0.19895084114572148,-0.05078686204172864,-0.2127120108505004,-0.26193326810213463,0.08058369964606203,-0.052870710001741573,-0.11359162453082641,-0.22782280765125612,-0.14393377077861957
0.04223013833816546,0.1820670608699446,0.15156324031786875,0.4957305081795906,0.33096248198669864,0.19798784498270303,0.32937718381086606,0.5079908488651698,0.20189461094389927,0.14688252789431122,0.6296979960641726,0.5826617379831388,1.0,0.5744625778317031,0.6260294977215477,0.3219551545990261,-0.04146397326465687,0.15367595057898054,-0.1171009790835962,0.17290081480013134,0.056066639262698,-0.0005650538065076924,0.24944105490211538,0.1213688360056376,0.017606624983155485,0.05566997658116046,0.26373851089326134,0.12479887991564101,0.25277756354785325,-0.12313150945034776,-0.18248240701433627,0.026069855977467405,-0.18500032902982882,-0.043939520975472615,-0.1362027625593735,0.009842838626597239,-0.14320251611122686,-0.4318908755404166,-0.07250514749626114,-0.0027426402925846607,-0.051585838863215605,-0.3692292449230083,-0.4158051171699122,-0.312861812661859,-0.46103734034352917,-0.3740297966793735,-0.21778374748293222,-0.3860162634547665,-0.26823883045407926,-0.46973735533908817,-0.11991891641281374,-0.15711170825573992,0.04627106166180369,-0.15566980529110058,0.24365200094392997,-0.07100357077505477,-0.07966745243505882,-0.0728244636763202,0.0520734035626758,0.09177172882803908,0.36328008807183765,0.26129280738491295,0.1675510736886666,0.33308975820143905,0.29501274964528257,0.3672840318357143,-0.46848272953046566,-0.2793444473020373,-0.372465743694304,-0.22332476496090448,-0.1778511474629694,-0.09056239834335762,-0.02206870082794143,-0.25961263120051775,0.23002022877882075,-0.011751667098336124,-0.31116966752346864,-0.44407444260842904,-0.05063878614461112,-0.4197444554111154,-0.24235915474487787,-0.13358299239406393,0.38422089755924754,0.5079427645462739,0.2340051189850583,0.2611812528104782,0.07859914293511,0.2874780183932351,0.4639017204078991,0.33974223179318924,-0.3022184759640291,-0.12353110157716318,0.3426776586967801,0.17322071913099507,-0.3320956619273269,-0.22604900314829326,0.011321823511400217,-0.26185590673035813,0.0057926208162196674,-0.09039858002646113,-0.03397675414942726,-0.36213344796957087,-0.1986816050009434,-0.2910164955494518,-0.11361497721625397,-0.27627120779425973,-0.34576524579820195,-0.2395339068320527,-0.2661537506956997,-0.32229770412282394,-0.080782847730472,-0.04282659736683577,0.04202617700805521,-0.14622617895978507,-0.10561271499516628,-0.15923022974792403
-0.22405285824458135,0.1628539023992202,0.05438528783272247,0.48349011645533396,0.10467526870724583,-0.02064412403817184,0.1833787819532724,0.8089036176477066,0.04150234708173149,0.32486208438390113,0.41663309608395716,0.701234456455949,0.5744625778317031,1.0,0.4172141362863291,0.6479389355174052,-0.0878488084106514,0.17417890971381123,-0.2126325930097468,0.04571696053542056,-0.19842571731479175,-0.1827109493685672,0.10477903979659209,0.16346313607254187,-0.12147691811244579,-0.03604019457615935,-0.048555447292013484,-0.12076012766107236,0.3655782313475475,-0.031333271791650234,-0.007277138891872466,0.1699457037639518,-0.12880356358486308,-0.05249151792964829,-0.2079907061818072,-0.06941636943859893,-0.2144392023886803,-0.0628790917098944,-0.1948193643247607,-0.09563307277538576,0.0388083722656971,0.07391781110968028,-0.3868260188368785,-0.33337116864300925,-0.5403086127616437,-0.426070090029308,-0.26539146095497435,-0.38444729890888935,-0.1107123994496861,-0.3147576918335827,-0.2928340068314067,0.04615250919955646,0.12360668994365834,-0.07514746424794994,0.07226827462301837,-0.13995675696779086,-0.22444097677250682,-0.1735679466747233,-0.031928467146724454,0.2592120651438766,0.3086232257199777,0.47464925496909477,0.4284398308761044,0.5596849424045535,0.1161412318645479,0.5004929917288298,-0.40529350242788476,-0.27779037549057384,-0.3389320164695715,-0.27286450176908733,-0.2274506009281391,-0.17776996776023948,0.1321533365486756,0.037567643308833665,0.25070143502490627,0.16002770006740138,-0.15088642158611015,-0.2548517523806644,-0.1549938250593703,-0.3033223018162142,-0.2378841141187223,-0.21123744841384842,0.31003824372047095,0.6424209736359743,0.02399136480973367,0.19298615136190267,0.021960320452712196,0.38825429686227375,0.17397152234057112,0.2818523974375347,-0.2733156771870798,-0.13312324968879616,0.4804111011164363,0.08984053181819791,-0.37071227956012975,-0.1619597218090187,-0.23239252556344894,-0.22328008699423307,0.11850258713667393,-0.026091777591690707,0.23796326023494965,-0.08344006436946427,0.16112779064959828,-0.36021822622071226,-0.1419119655955718,-0.1899675608583075,-0.17159396151241277,-0.3310961640140937,-0.1881429758465533,-0.39822080154407175,-0.40067257729975236,0.09715387597090035,0.03893682321298756,-0.07861558892866571,-0.08917143171360349,-0.04653062665316392
0.0680649210790373,0.261863826808635,0.15904297870606787,0.5576251782508895,0.301451414396687,0.13879680458788263,0.154831508912329,0.24159656866681004,0.2506465740844217,0.22646937836086417,0.6322970840290276,0.5521156231550696,0.6260294977215477,0.4172141362863291,1.0,0.2594537289193313,0.06973450542256535,0.2182251514124107,-0.04865856405437919,0.022258705619461593,0.02760733849933036,-0.01527939895283912,0.42444153216134295,0.23179244895274395,0.023618500888592405,0.1782033174667866,0.29560327721771157,0.11013111594282744,0.2973464230546271,-0.237943836007127,-0.0016060107246566946,0.12241813283882144,-0.2026161832867635,-0.057437585582464375,-0.05075664562255139,0.11296606632810287,-0.27905430814032606,-0.19550170682965876,-0.15956682662138713,-0.06488476790132937,-0.14158282392105456,-0.1831459657159759,-0.4470744438657419,-0.3862344361767742,-0.29347807132306825,-0.31746077114215854,-0.29930576818784005,-0.4109346708917878,-0.08398041322916945,-0.3096638456468487,-0.005081342742365401,-0.09266338794970762,0.0005809168821123027,-0.21601006321475433,0.053322711737778986,-0.006761343430742521,-0.0763990014930554,0.12686727797225184,0.18317234989712228,0.32021857312392454,0.4689013273137989,0.29952283637509536,-0.08197533802231295,0.07171882948115631,0.5000855225869566,0.43469725608906506,-0.29438045270344926,-0.08387040367203978,-0.29130260011795295,-0.07195905298010856,-0.20426525621369904,-0.054658720925388794,-0.005852793188815549,-0.2490697845742681,0.16689009050604464,0.019573502592267263,-0.3371983912427532,-0.35989869986464923,-0.05577759855701773,-0.1731268466840753,-0.3835475667303056,-0.24663403063117423,0.6095684513151205,0.45844277608131584,0.18614114283465574,0.17163843698007683,0.35154961140878477,0.43398191237494355,0.584108272748334,0.2513567808423311,-0.4168139646008672,-0.09201571317998643,0.3227941085073975,0.2650513008836685,-0.43935912755161344,-0.33930548324005205,-0.04351173378294582,-0.3886136593309055,-0.1026244732689178,-0.1384759583840633,-0.09285454278819726,-0.2544618302363726,-0.3418868430509832,-0.34934902104909926,-0.11390637262997957,-0.2749794263090362,-0.35405052664581527,-0.18754756284190116,-0.20722693120137842,-0.3753816684403779,-0.14599222736612946,-0.23920105396302982,-0.09782870954564775,-0.4032863344567361,-0.3444766406579526,-0.30257579350300096
-0.3694598786953851,-0.1818827881992974,-0.3082269095678323,0.08891028915130414,0.3237300236304842,-0.10355900618804327,-0.14063694266193363,0.5706015379668137,-0.04075946960238645,0.25230313702604457,-0.08877032613116673,0.4526864283018495,0.3219551545990261,0.6479389355174052,0.2594537289193313,1.0,-0.2126767294139692,0.08769651078149675,-0.4694900098890938,-0.061387999399477755,0.009060346109985008,-0.031234642038709095,-0.1955994983423174,-0.050811062883031013,0.051315617496034055,-0.141579758929489,-0.12118727933531712,-0.15159982508430364,0.46341547923250564,0.2785814165972993,0.21715270688422522,0.3400516256956567,-0.009698969308679433,0.033834375654407445,-0.3032098311953001,-0.21091564883974404,0.16329360012624766,0.14140158323839072,0.25077795193051744,0.0399640214956626,-0.05049587383285329,0.1664021430357508,0.0455333409714714,0.03781866242517151,-0.3947004308970451,-0.3246593373057052,0.04009661975672478,-0.07829840216172966,-0.2089732937620924,-0.14729220459343245,-0.49716364203456953,-0.07116547585023841,0.03132164877324967,0.08087584183354161,0.13166413149524844,0.09561514603581925,-0.3174465891303209,-0.3146405802843038,-0.340511633018751,-0.04472531578733928,-0.15743699521933457,0.23368585068306857,0.496430123285893,0.41130582677439076,-0.2427587142210195,0.09054737013920877,-0.5606235188266189,-0.4653898277664293,-0.21871580126478024,-0.18461208474932336,0.05728818544143001,0.11895956044558798,0.13683090111555424,0.2189046075865268,0.012323042222660436,0.04967196643722941,0.11996907024849769,0.06427101011218063,-0.07850371974229194,0.02789415577798482,-0.0014182081143317643,-0.00500562073935799,0.11746522035790319,0.7387818531896796,-0.2593347003529603,0.05966782615300717,-0.1948896450434473,0.2567772754213421,-0.16374197691418232,0.13765596618442713,0.053423358479880514,-0.1250743145489519,0.3956655632473437,-0.028782350330879274,-0.0964993345574234,0.032377557466166454,-0.18348053275196738,0.08069547818782105,0.13545511624814108,-0.04698698697887324,0.44116379053395055,-0.02118969667000795,0.42450326022751517,-0.31447790698684785,-0.17827084409068036,-0.10793953835459091,-0.003351071499079526,-0.14311541689567484,0.06949916224018099,-0.18067550870024193,-0.42244513104514186,0.040206151253623715,-0.01059942131699944,0.08446287227076184,0.024448801067031383,0.1236753509031926
0.608382586133761,0.6436117854665562,-0.211708711724151,0.0960082565306816,-0.16329085714699804,-0.2899329275539143,-0.40529700795076734,-0.34715926039706435,-0.16548953314841203,-0.31132131669162405,0.26745564931123367,0.005513405428202542,-0.04146397326465687,-0.0878488084106514,0.06973450542256535,-0.2126767294139692,1.0,0.5487945395879034,0.263187005594764,0.1693187913641944,0.09198099073767574,-0.024485734957448133,-0.24952085036686886,-0.42611618389317674,-0.392568300522194,-0.4368051102330981,-0.03087189741186528,-0.22004982681483082,0.18743553378585867,-0.026640093119680654,-0.30823507755427515,-0.4144677683755982,0.05899229811935526,0.2825832623460425,0.01825564695448185,-0.14963593138381207,0.08056353968519558,0.14267991070939898,-0.07780539217281499,-0.055705505258663954,0.2687682426522641,0.18691980376755177,-0.3674851661728384,-0.2908011477960757,-0.010002609521485944,-0.30241559517908506,0.14298416195957317,-0.31921033475252514,0.05141385902289698,-0.03962250887596405,0.18894910933041514,0.00820928389422084,0.1751995130031658,-0.1502331568177798,0.14152761651013146,0.20678435573484763,0.7569329213143483,0.7957807990378968,0.18491902596489185,0.10686352969235716,0.13041348284796075,0.13998464768618676,-0.20098669655808596,0.393646080579252,-0.09703151903466958,0.008763580318963392,0.13376356617232682,-0.1782945619462569,0.42073462417345536,-0.20495268704694997,-0.18166782590663377,-0.1425772539516996,0.3867785455044698,-0.09210924156074081,0.23531033682532287,-0.017615041549401175,-0.2951421683629973,-0.21349142204798585,0.4479714034051262,0.2753106521029659,0.3810756001295971,0.4251261142611433,0.1432943720627228,-0.0438206648098521,0.2475272163912357,0.045155968137145855,0.12015568033424309,0.014943243725799008,0.0883069367677823,0.048553223777517425,-0.3305779353624033,-0.4678757741896606,-0.42349844672415865,-0.3937772997064182,-0.2793327007477262,-0.1950915233099605,0.12958020715635005,0.007524311463205544,0.2481202064811496,0.25629410998494634,-0.2744243845703929,-0.1933545310483759,-0.08971914365056699,-0.3269592718191838,-0.19236045730233547,-0.08612775709634833,0.09176922189395291,0.15172028526436787,-0.10077428183887613,-0.27328885097898675,-0.14679194905070678,-0.1481244320955349,-0.07253728580924466,-0.5210802462663521,-0.26680800919928693,-0.08567369815449716
