1.0,-0.02621684106868331,-0.007737484621845271,-0.26144033003497574,-0.07029782296250188,-0.27215989252144923,-0.06877261788793307,-0.31558626844016713,0.0236944657725667,-0.20993903449142676,0.23611817569543847,0.1370933612726065,0.1492290538471411,0.09533660323661258,0.17583328330927403,-0.018438546621669032,-0.14117589077642378,0.09987238349188744,0.25803064152802263,0.41798490252623255,0.19421535846139384,-0.04410326647930364,0.17545613760717274,-0.05000001549861655,-0.1952217388697519,-0.1280521006982787,-0.004971755813100155,0.01080372202833062,0.030082738598903168,0.21525530268632026,-0.025989410662955646,-0.17978959030880765,-0.12102252217941445,-0.15021522680345692,-0.16164813207141654,-0.16548993228054765,0.0036618287124584054,-0.17766558916617217,0.09963287988960462,-0.15860182856478,0.12294710512093096,-0.06742837322716061,-0.1771208360862831,-0.24448665972674288,-0.3827897280424173,-0.4004394117412666,-0.28862712909600885,-0.34625323392611895,0.006720595857823135,-0.2671446950934823,-0.011115566137932681,-0.03929606166497849,0.19359626989891826,-0.10627632397696389,-0.156870321785463,-0.25616251822315184,0.3315737170187863,-0.009391593424597673,0.2668930546549582,-0.06847603200189843,0.19406145557260088,0.013075792788252036,0.10530730256077164,0.11604436480762614,0.0016732266351845802,-0.16181452173160582,-0.22821905271342346,-0.2984625068611252,0.2303572012062918,-0.0008143605686631321,-0.14987310372164084,-0.12157223575204655,-0.09939765126625297,0.20431135682753554,0.011068409304848929,0.16656478425690646,-0.07793237405975957,-0.06390379034184804,-0.06765473263828846,-0.02135607630444099,0.10225760217205564,0.14455449565809417,0.30261283930081073,0.2858736476683756,0.037188564101673406,-0.08706078278663339,0.03719707854801494,0.16321035347366608,0.0009769890403945752,0.0196633680015212,-0.03329114840354735,0.1812849131571897,-0.06798012254823413,0.14811815825873997,0.13353931591352358,-0.0810558209574613,-0.20510506352754737,-0.0056635254893916,-0.18707478733996624,0.23397255177897053,-0.02414496281315919,0.25275055834476046,0.03187181132474399,0.26285906719015023,0.023647876606006996,0.24839522073675566,-0.20236473426668822,0.12301587244353349,-0.07171321836958497,-0.07683210677978933,-0.14535984665701357,-0.11726884117805923,-0.050247624320800155,0.14851601816981022,-0.007665921499566058,0.10935102124818026
-0.02621684106868331,1.0,-0.02639704022345178,0.17266605812369454,-0.46385045716981277,-0.1793878582908561,-0.10421031290986915,0.2309714186619515,-0.1217401512672859,-0.29618013998587883,0.057696249943322835,0.4470321011754101,-0.005868586532820961,-0.3233702731907354,0.001470304559788802,-0.20467137003929275,-0.06459895524194671,0.6074975957665696,-0.39785948330184134,-0.1373685875897828,-0.3962865382068835,-0.2783708919668197,-0.06447076511276496,-0.11125317603785166,-0.28489566927535864,-0.06521943453167094,-0.1891426039031729,0.004942512143712404,-0.15104300971799378,-0.09618852903240067,-0.32205171922394615,-0.25521574719447054,-0.4750539908924283,-0.333482526588523,-0.262545633964092,-0.10290018251014309,-0.10977277010397297,0.5583991614922976,-0.16626420510700068,0.3113651125096268,0.008699593093363085,0.27612380281034216,-0.3026669696008749,-0.2602642595949316,-0.24932543631801143,-0.3972024109886566,-0.5150698400371152,-0.3572411720389726,0.06717567451621792,-0.1025660227263938,0.030939538905741096,0.08114628030656504,0.24692578175601898,-0.2707295970485405,-0.2537354991710935,0.028473768605775305,-0.15180145615675916,0.7896744339990756,0.18674829956460554,0.1874363550751944,-0.06642329129192433,-0.09721481376123992,0.004503138794352136,0.2199626201786749,0.03990989625183515,-0.2005063931820228,-0.010653854192570996,0.001511526750524909,-0.13608376105223338,0.11529375553661991,-0.37637857700963556,0.570842749817263,-0.17051324547589883,0.37747030623071964,-0.30131471909349844,0.6061090934926694,-0.17072210974943267,0.6241036851868135,0.01471263906955724,0.622939251781188,0.03404939590781234,0.24315841494399873,-0.05695041250351681,-0.45932570927478145,0.07639949091362742,0.22993675625193222,0.09269348271630387,0.13746009258216904,0.07269731761010485,-0.1493147671409559,-0.038249055143686955,-0.22251171332620262,-0.4338801787210981,-0.47015574878030914,0.3156448269130578,0.24600508503902271,0.4052436003913384,0.5090106216725703,0.017368108374123396,-0.1289390030068105,-0.17428261420001556,-0.5439019985910539,0.010272610285902995,-0.48853400902297683,-0.27136060535896783,-0.43385589990601997,-0.007830312357654292,-0.155789948403036,-0.033892494420904994,0.3267902289564357,0.5197221098790108,-0.08074480493482249,-0.4420261014683208,0.15732762223907887,0.2520868618277643,-0.04978755968953106
-0.007737484621845271,-0.02639704022345178,1.0,0.19320457633285554,0.3078066524791626,0.33977393531236805,0.5928552511267525,0.3008591595797153,0.309040599150573,0.21473961226854915,0.14883227288255532,0.06997316312936247,0.12412718792319966,-0.02350144382676243,0.27119017796725675,-0.06263693446276157,0.11718306025188853,-0.1381287293389954,0.00701945482762456,0.09241153466128739,0.022443790504497543,0.18972509477911742,0.5156870007559575,0.478791346734387,0.4910572889228487,0.48514632593548906,0.3376213575339821,0.4019488981538204,0.14117511801144308,-0.23224395929639377,0.26466651388423035,0.35639571677059123,-0.22019624537124025,-0.10277141488434509,0.1817990943513112,0.14785180915536605,-0.13179764585474893,0.04717648685858493,-0.07442560894666875,-0.04786265534411187,-0.12264438322239841,-0.006941871562619637,-0.18107352868101342,-0.08698428099975598,-0.18782711734005497,-0.061022797355616346,-0.11091862745278165,-0.07843181188738119,-0.2075641563664374,-0.2873064253262446,-0.1803017571622273,-0.15770289951325944,-0.19391694366361767,-0.013557104986653589,-0.10294241755844698,-0.08413585767264564,-0.05431986433202052,0.0033720859380005764,-0.06436618464197076,-0.07860176437781365,-0.006197253226584273,-0.13306246296845625,0.06063175291270567,-0.2717398575463945,0.2906620442168369,0.16746345489031794,-0.02905605394205581,0.1973859133388193,-0.31133133618881575,0.12342940775674754,0.18368029964588214,0.16020695651205108,0.0924420768782251,-0.15782750966271256,-0.043005771606324024,-0.03022347492852829,-0.0850144931967698,-0.016290337952207846,-0.0402548822442697,-0.12150797975925698,-0.12985639644023605,-0.17536987031251453,0.19568463248131004,-0.13488629779638578,0.21765464656245992,0.0012011203076839638,-0.050241749226139984,0.03660565716621339,0.41196790083912815,0.047708842414242426,-0.10732119084367356,0.04506398755317202,0.11580658651352924,0.3058850366073451,0.15801584357597173,-0.09093754727976044,-0.1877130719422783,-0.05192344818233512,-0.24529619345121376,-0.2724961542657355,-0.05452512208626649,0.11348770909973284,-0.1943769055311219,-0.23622975477957533,-0.06868176260553491,-0.11827698014819676,-0.24079314154827,-0.00399482456637341,0.032759165077818515,-0.0130950072440699,0.1548003801366962,-0.1017140762459481,-0.14839996746497816,0.07281449452224671,-0.03423020801283871,-0.11975815170931524
-0.26144033003497574,0.17266605812369454,0.19320457633285554,1.0,0.3380095303585748,0.5661835638908213,0.43002487354591445,0.7685016985991047,0.19640892009702765,0.32620933854345174,-0.04969836206335649,-0.1634441350080999,-0.02444769923096062,-0.06833068130763055,0.14542430403520226,-0.05628927161704675,-0.0826890066646282,-0.33262543718670945,-0.1202409812335199,-0.009687044125373462,0.14717296273744496,0.34792562176366165,0.08621147560622436,0.4516166137551832,0.4765988948055907,0.5212679166034284,0.2894833554867783,0.3113683843621478,-0.033814023305711996,-0.4731592954962776,0.1396178970452227,0.45296481445008546,-0.13926269486359485,0.10073240229309953,0.25152614884788677,0.37954901254780943,0.026911169637144423,-0.01426102618483249,0.1185237175571669,0.03627041402626212,-0.01787407171846219,-0.17264460027082593,-0.27370997177021333,-0.03127370375604234,0.14954900698674972,0.09702746482265946,-0.13213783009948363,0.19903897022620518,-0.18938410817023527,-0.07522701944349687,-0.105489927219925,-0.020241352441958294,-0.2896142568974604,0.006464298624764016,0.11674445958757808,0.3791364530833238,-0.20383617317373964,-0.01808732027593866,-0.23320371815938187,0.0974304052914014,-0.05922210212139178,0.11966350724921782,-0.19934642340240283,-0.1284609842421207,0.3135275620886397,0.4017248835643522,-0.15944632502169515,0.15371938303940347,-0.2601539023880785,-0.06328679494275083,0.22287123229133282,-0.009592922633897605,0.009938078603480772,-0.4062437730180199,-0.03923448204998248,0.13092761064047623,-0.059185132281834786,0.0790058153626795,0.039531052109205114,0.11473046873648385,-0.18893171236370854,-0.20766060480357332,0.07301689428542274,-0.4961760062755604,0.13540961341951854,-0.354974114385932,0.005945413057561189,-0.1629786246576139,0.3216594497451244,-0.16202442447537765,0.10333336227818278,-0.23454386991869403,0.36974199092521554,0.016022104991117756,-0.1884998894745055,-0.22277773260208034,0.12866745818613182,-0.22777207832995083,0.08983022261140462,-0.20227626126567297,0.32492489866235336,0.023473990391583013,-0.012678128729393834,-0.45549799390605517,0.10079069636096771,-0.4080615430867155,0.06014430080678453,-0.07181054361248716,-0.17517348753431194,-0.0873811974170275,0.25127191409280997,0.02969708840769402,0.11732940710996044,-0.021223691554759287,-0.2282437133479522,-0.22537299796648502
-0.07029782296250188,-0.46385045716981277,0.3078066524791626,0.3380095303585748,1.0,0.4424700832365821,0.5282344200402923,0.33240645477878494,0.610506237751509,0.6121001427868014,0.18778719081954934,-0.33743527732998607,0.27512246774804283,0.1540730793214912,0.4022337283441034,0.13653161970390162,0.2711998537735679,-0.5219192939190994,0.25116074703600166,0.12746129241765897,0.45783642567171867,0.41452600102308257,0.2284788993608781,0.3481192437882368,0.6775323540891586,0.39347955722347605,0.5028374716961256,0.1582923867965711,0.3961758789065103,-0.2808021514792995,0.49566062074778305,0.5588754249039904,0.17115201962228252,0.2611664951607764,0.26321301248891144,0.1938422140357693,0.16004612798684362,-0.38466097505373625,0.10534800969116871,-0.3241630063250165,0.0734689741243579,-0.2652155311799308,-0.08495028935853285,-0.0731122755984124,0.312956411677752,0.2043112521170299,0.2555838185073944,0.2051237309716978,-0.304293209173147,-0.05154765465867643,-0.2425818880684972,-0.2774663554025586,-0.3809335744726796,0.19601494729992172,0.21529364325464423,0.1225311394017761,0.13393820684007435,-0.4434811597321343,-0.252284007540351,-0.10948118073278686,0.1381015157168015,0.28294093898596406,0.09397495009177727,-0.1307319465398768,0.18557773044170262,0.26910103639191846,-0.2262514318225918,-0.0982833459518201,-0.24978213935245644,-0.12330706788600032,0.5371762839729604,-0.2724997346326654,0.34859734418374166,-0.46984263047850416,0.2552421238038632,-0.2965425560907475,0.04607298377846223,-0.25123740678562195,0.03702647739160158,-0.3438857533375094,0.09282892901951151,-0.31716548912416104,0.3290402944015067,0.02050536694436818,0.06480688344978952,-0.40668806165977334,-0.1484311564643801,-0.04537528513012388,0.23533593293973382,-0.015537501650814824,0.034476387580225844,-0.034771607640993143,0.3656271606469397,0.4121977592007354,-0.3259634221605572,-0.3937250902478592,-0.41042029995462004,-0.520575543297939,-0.0972948746911251,-0.06654922722410385,0.16279380946988317,0.422694699558147,-0.1198930137797955,0.02038736880996646,0.09509325397768491,-0.037096566043509645,-0.15111703089428402,0.02321551864090085,-0.204603197216715,-0.34909467750576345,-0.25716828353395593,-0.0013805748869426281,0.18899176566411952,-0.20528556713829132,-0.3340722304101364,-0.1891974605695602
-0.27215989252144923,-0.1793878582908561,0.33977393531236805,0.5661835638908213,0.4424700832365821,1.0,0.5267038072153593,0.5417545186106215,0.30984452541411744,0.5914759369793504,0.07107853374913554,-0.19677362862749437,0.03830950301297144,0.031021769408344776,0.07710879518042342,-0.2116975800339817,-0.0961635003376517,-0.5428808436750756,-0.09149722307031086,-0.14005302816471124,0.09777528308664417,0.3593035456782448,0.2964055994008441,0.5169137544643474,0.5984106566893971,0.6298122700717225,0.46961543859145294,0.5407741624547193,0.10885591322424133,-0.5756784591708811,0.1834961281380458,0.3990565217705709,-0.13534653511045153,0.026000092708673723,0.47381251361121046,0.6364432873005359,0.108375897642611,-0.029723454485751814,0.24711605511615048,0.20264137484971914,0.065373322066379,-0.20960691901429324,-0.10786178097050232,0.012903294875410486,0.1459525815943145,0.289161644251783,-0.018970370468383603,0.16990766573371321,-0.24350038038172786,-0.20601302195625235,-0.12340905550984499,-0.29331045570552977,-0.534649499707061,0.07307652653917973,0.1999777787411166,0.21827432850022882,-0.21970448378328664,-0.23441794841760594,-0.07974669178731632,0.14451168198793904,0.06362319141445084,0.16872918610943088,-0.23382570960486865,-0.34562879631504634,0.4875954940355981,0.6024605146112247,0.019973219394875997,0.45652900451342615,-0.23066513697948404,0.03975992069674023,0.2638328077590776,-0.18416657398064942,-4.984716774061088e-05,-0.6171898572917729,-0.0473224092087429,-0.305340239151587,0.08701077710211658,-0.08919506315949358,0.10229961064499446,-0.31456425462578874,-0.2667997583699598,-0.505629114045788,-0.06737877803162418,-0.3604626323363881,0.22814234212564313,-0.2405851851170537,0.08944536503073583,-0.09979918922011081,0.42896637585943914,-0.0314563954077256,-0.14125163534559412,0.013906371962671913,0.5743959186460581,0.4273157907289848,-0.11452059137429772,-0.19275656792598936,0.15211405253424923,-0.3682946422061034,-0.043264553364913014,-0.36969014728100874,0.48825101873445,0.3650988239394034,0.17930108331312533,-0.1739154446241138,0.2488246151974701,-0.1338001120846529,0.059359206783728566,0.09586532766853742,-0.0704648519192372,-0.028067128225346818,0.17973348547288814,-0.046686666361799155,0.20308582438350142,0.014192798988338345,-0.1248342622635503,-0.18909859024146836
-0.06877261788793307,-0.10421031290986915,0.5928552511267525,0.43002487354591445,0.5282344200402923,0.5267038072153593,1.0,0.44760634400132554,0.4186798680849713,0.36676264422380267,0.17716206671681708,-0.008730556530978742,0.13538482028716267,0.12436486958733824,0.44718593113414457,-0.12381809588485343,0.027842437413584387,-0.28767692623616054,0.052296647140263164,0.06853458390289754,0.18755680651269177,0.33464973631398987,0.35164856488662416,0.6199072782845951,0.642875905239808,0.6205027578724496,0.3159780170637619,0.3325589153029503,0.19342867428234964,-0.4282661664071301,0.2921389837125299,0.6369613457051153,-0.20383143255989308,0.15204317748195456,0.29718520022900585,0.22986308910012707,0.07354772347112502,0.042012589622457616,-0.034651826840226115,-0.05166105100861002,0.010589222487345847,-0.252516018087086,-0.08472318689726846,-0.053851192035319836,0.11853896169533633,0.11477391446078708,0.07110771212791014,0.1209567049425813,-0.18787518650664364,-0.11316805052973158,-0.10347070972739904,-0.1349308027876955,-0.3565718047896621,0.14174335975117974,0.0016233073834176083,0.053705076284346655,-0.1444634699761459,-0.20748615864082706,-0.33347436340091113,-0.21169802972709312,-0.013372277770738192,-0.04398128954502116,-0.09188139935599801,-0.28617733950941987,0.47987146363335764,0.2983897201708951,-0.28351113085542573,-0.0423736189993467,-0.3861851427788941,-0.20165566919352576,0.21073456163401053,0.06117629586115153,-0.040232191896059415,-0.4232200492672506,-0.037374373927446865,-0.1523132015303399,-0.0628753489154492,-0.014022995171058037,-0.008745542401537581,-0.12640137303567364,-0.17021887427464147,-0.24804990954433434,0.3057243540618196,-0.2730970290036338,0.27105424783254384,-0.3214252631692786,0.02711852083564499,0.09740257058239052,0.4941780018950731,-0.15446120706547806,-0.07029161719087154,0.029779807020809484,0.3218359969996742,0.3751894231339789,-0.23165121119362267,-0.26580349475668136,-0.17083562872292415,-0.34283402463786394,-0.06203902316552001,-0.2993483240933881,0.20893743162183556,0.2860338463709461,-0.21147295885361003,-0.34635330495620015,0.0915481925594132,-0.1844610927500608,-0.20257110969172393,-0.1392091402502729,-0.1921340569081042,-0.223428802420683,0.0697408523559474,0.18372597579018196,0.13810434721992534,-0.016798485607510447,-0.19155937340359983,-0.12443035095082058
-0.31558626844016713,0.2309714186619515,0.3008591595797153,0.7685016985991047,0.33240645477878494,0.5417545186106215,0.44760634400132554,1.0,0.30906832466993694,0.46101777946376354,0.16812162930412067,-0.06417354177650758,0.15411866870261712,-0.021550566311579013,0.027696644093328678,-0.14467139313316157,0.22686747728683024,-0.3116871678683071,-0.18096163892929107,-0.2224200466236287,0.12659308578166983,0.31435174829845713,-0.17342183043996356,0.19014359919554247,0.3942952891001232,0.3708553694717424,0.14489246407409392,0.013254424272310739,0.13935338699118416,-0.5685240146114098,0.027509730785278342,0.37601823152604097,-0.11864382643423145,0.05175732800378233,0.14574068350541652,0.413254191372129,0.27045364119634163,0.20170634621288566,0.022102386507025867,0.11616084684464482,0.1253780547852781,0.006977708520914143,-0.3936418657215117,-0.1494899482491901,0.07433434607164778,0.07498113327475456,-0.12519862347114952,0.15550865734651392,-0.2579991733436319,-0.14290680513167545,-0.24373012734471408,-0.014932224905132945,-0.34789296139796827,0.04775571159557792,0.07950654934005272,0.34543583745902484,-0.04794607563265809,0.0550851761299952,-0.1074421655081181,0.2384691515288695,0.16204058075238034,0.3107532037729371,0.13427943116188873,0.020305899732352098,0.16841083994205233,0.5246187471528851,-0.025763211864539882,0.2835965860633373,-0.3799297624191339,-0.035135784853087604,0.1958033651589232,-0.01653834841934572,0.24234753605430673,-0.4571498386775613,0.11561543413519323,0.0872920287267751,0.015119421260565615,0.15732495263899235,0.18952917553421014,0.06785022268233663,-0.029428565941390098,-0.3360871482695795,-0.06277797311642652,-0.6884493396533163,0.10626462129733918,-0.32510748641836323,-0.14575624536054285,-0.024997437243412416,0.2476650081637541,-0.0865449202052004,0.07481219179251702,-0.34853246128561083,0.3515147583872589,-0.0024208228393808946,-0.15164176497557985,-0.11951863903644586,-0.019786043305468987,-0.22037855431428352,0.005329946641514354,-0.27675374900276123,0.37032223953821997,0.011007842694200423,0.15931919818250076,-0.530503283810162,0.13019292434050678,-0.4776664273374436,0.22196192557842181,-0.04004857257734821,-0.09877584869470415,-0.14631293481165208,0.20180682348902945,0.013228147291197609,0.05400344396485088,-0.14982920480764006,-0.23786975950842812,-0.24843710018463172
0.0236944657725667,-0.1217401512672859,0.309040599150573,0.19640892009702765,0.610506237751509,0.30984452541411744,0.4186798680849713,0.30906832466993694,1.0,0.6893119404168515,0.6777661327788134,-0.14106805664883013,0.634082340276538,0.015923416093071123,0.38604495178812753,0.21070233560837817,0.35303892338989307,-0.20593904411522762,-0.008064708774952915,-0.24025768969841757,0.34471957128320696,0.4736300941004194,0.2927220754791698,0.0977444546998574,0.43070257309340243,0.25054661967675795,0.19856015549217518,0.007936388274040968,0.41821867618482317,-0.2568678579942851,0.2467631890377944,0.2013444163051496,-0.008934437034434542,-0.040782505262445715,0.13355942970391177,0.39370729159057805,0.33470428216602505,-0.0023893473765341897,0.2383557133471772,0.009338564044759943,0.1977075113315557,0.10234587478892022,-0.4388854877810532,-0.2750709012814437,-0.07398386527461677,-0.20320467219559463,-0.07987231734399215,-0.06504456014430543,-0.05596296023762556,-0.19404669862266824,-0.12743691881071773,-0.16006461194791402,-0.17139966358442263,0.10454404757958627,0.2010063404396446,0.11834685116964046,0.08271224740635649,-0.24127737932938778,0.10985648715215303,-0.02205410301172894,0.4634278897584891,0.3766977101749652,0.2467348828968957,-0.07910908102678509,0.14551068128006492,0.3630083016945577,-0.2972670233238501,-0.1883576193493298,-0.37065216752479513,-0.20198167584906868,0.3136481429505182,-0.25781051657840787,0.2738678861339943,-0.19565997314705103,0.2236943803558896,-0.04317931559372066,-0.04664012341333547,-0.09009692968325249,0.04922222820868288,-0.15359424578697095,0.1348717476790762,-0.3131177421808818,0.20687942958271135,-0.05358890619231774,0.04244995362881912,-0.30362277791896936,-0.13848007911083116,0.019900497440261903,0.35521358520744695,0.3499419723679442,0.015936176952936365,-0.12444216748383656,0.26302030524368414,0.38745551354117935,-0.06596782426684307,-0.2525422614515049,-0.19696278571214512,-0.3318787747980439,-0.29870644463161733,-0.12459660339760326,-0.006880668201002799,0.17281642702479552,-0.23967889443309465,-0.1117541022777677,0.04283921602225889,0.012236700387172623,-0.1199362572707486,0.06689573896993704,-0.16885680435282205,-0.33765413380896203,-0.10294286348592341,-0.34012397463056165,-0.03309368651229249,-0.17659797670883345,-0.14904535099549773,0.013799930854329219
-0.20993903449142676,-0.29618013998587883,0.21473961226854915,0.32620933854345174,0.6121001427868014,0.5914759369793504,0.36676264422380267,0.46101777946376354,0.6893119404168515,1.0,0.5092827207775383,-0.40238951126602607,0.45592402641532265,-0.13863330092617232,0.06538075299120166,0.054658302187280586,0.37278636822951305,-0.5228280989995311,-0.13571209000333026,-0.33327341806705885,0.3106177104038396,0.5030912483268427,0.07895758922111523,0.11843406141511409,0.4175052787726021,0.31749063192404803,0.18506223847746708,-0.004017269166877508,0.482741103169511,-0.549827154694349,0.2857229577976559,0.3435009818550102,0.050540496678091296,-0.11554466258990785,0.23132125686649133,0.5683739778483992,0.35337476167049625,-0.042190357702791365,0.2651210132503917,0.10560976918817337,0.18876177064837826,0.13360837937753728,-0.25129960797512985,0.06536239757921175,0.1386946068339711,0.20643058395189576,0.10107047630892779,0.2973743508380407,-0.09207296214354663,-0.11408299823763075,-0.12964601588965743,-0.1057106257754184,-0.4047280926724963,0.20713305868432733,0.30267061308889404,0.44268137394943347,-0.0403798019819217,-0.3476882545900949,0.014525806308367833,0.14667754917499987,0.4667941126259967,0.5675466585575623,0.1264825718386918,-0.01929715021255494,0.27617957275907196,0.7166967238095795,-0.1893097423749023,0.1566129620521607,-0.4189529066110193,-0.173337799485533,0.488466341082583,-0.4942843764581112,0.38525757769554586,-0.5060026882794826,0.14293101868624478,-0.32807821604999915,0.11395565081121423,-0.2913917881827477,0.1440923029949018,-0.48001739775748015,0.007450532482523386,-0.6802753303015978,-0.09462002122321236,-0.2650984668700717,0.07753454184426109,-0.24933063847170764,-0.056964695244836036,0.06012488185618115,0.21402507306537336,0.3930547357297729,0.01948641687329777,-0.16013736303842654,0.5123187427945769,0.3552541941964449,-0.20286079478812213,-0.2612881862511989,-0.06779327839763166,-0.2938785566496119,-0.11603769604366819,0.030604208376645126,0.2799280890454377,0.31403886121949803,0.12945723722753386,0.004518871254498994,0.30232061527497517,0.0245837810242609,0.017531964229079232,0.1829080049608287,-0.06658766343364612,-0.2726279625206566,-0.07652921389562113,-0.19307120328674449,-0.00829122300478512,-0.05669274460323471,-0.05673800628161067,-0.0046844537026225885
0.23611817569543847,0.057696249943322835,0.14883227288255532,-0.04969836206335649,0.18778719081954934,0.07107853374913554,0.17716206671681708,0.16812162930412067,0.6777661327788134,0.5092827207775383,1.0,-0.029327376426699487,0.857077024851907,-0.039802046840650016,0.15338566759578606,0.07354309607130824,0.3693007522710872,-0.0860960043649117,-0.11243692531732938,-0.33182631541322255,0.18506605981128035,0.3591906576106766,0.09651925993925298,-0.2554406473699731,-0.024912959253350544,-0.08129304381095137,0.043341710719750126,-0.139302217934899,0.4972568752155392,-0.2238569240807739,-0.006339981930040954,-0.12915404918629017,-0.13346167444219156,-0.2923327131094217,-0.14390622629007394,0.34821951989237643,0.4113054346667388,0.10640137623069117,0.28398856474722584,0.13584784432553537,0.37101594266931714,0.10649789799097377,-0.45382026403064113,-0.22700817245154867,-0.2143280787767531,-0.2747565528408676,-0.2635427919501551,-0.14707706323341857,0.071497497567126,-0.2490013488489925,-0.09256701308207442,0.00619957663718393,-0.032521109534709054,0.04487078817732513,0.19073071432067307,0.09326294834689161,0.0791771771058806,-0.04813661108491745,0.38791732623608505,0.1512568351068432,0.7084200383291595,0.5450129013713303,0.5044365310721267,0.2251744304345223,0.01873463757871202,0.3466097954242092,-0.18152334803829467,-0.11438786640769615,-0.2729250881545748,-0.21780021189300622,0.08849155355713009,-0.32236533725982225,0.25317668045822106,-0.15627066421193964,0.0706558364032973,0.01296087730490857,0.034101869090417215,-0.10362540961622999,0.09494228256882911,-0.13746258012713325,0.2530001343956655,-0.2756190748845444,0.17605955492987488,-0.13618293084823516,0.15896534461821682,-0.1905615488484243,-0.026384105652109337,0.192602750443041,0.15675384879934284,0.4293633220265646,-0.11431580304650067,-0.24267847489938477,0.010099042847961133,0.22569828494865873,0.013810823029474267,-0.12176276668587459,0.011891134968096337,-0.09068668262474977,-0.2513344360055406,-0.01494140237827375,0.025727167107643154,0.13517007477103013,0.08024758214730307,-0.024118801633653465,0.07081404176190718,0.04312552413887507,0.039539101580088463,0.22990072312804813,-0.08461537003623412,-0.1638898237321781,-0.07549454087435692,-0.4085405854524141,-0.2517846136317981,0.02048937912310656,-0.03682767971647404,0.013142297405083367
0.1370933612726065,0.4470321011754101,0.06997316312936247,-0.1634441350080999,-0.33743527732998607,-0.19677362862749437,-0.008730556530978742,-0.06417354177650758,-0.14106805664883013,-0.40238951126602607,-0.029327376426699487,1.0,0.04221688269638354,0.5130084986730685,0.10044589990156358,0.18423217246782939,-0.3377414439584159,0.5825951387966011,-0.1848864413992988,-0.025728314584692564,-0.47765697819791925,-0.45068449174016567,-0.13505655400962466,-0.14552268722309572,-0.1315853882267201,-0.18665210049986208,-0.1960839253987631,0.03176849260381736,-0.38374936098025336,0.4066818007409689,-0.5635557578296411,-0.3443155193342273,-0.6337863879419856,-0.20171403548912778,-0.4158344137908145,-0.2324894097745372,-0.2851497840135469,0.14175178725940055,-0.3112017070332477,-0.21203626386113764,-0.17698876371695924,-0.03858920309225974,-0.035209319815008806,-0.40767588478233263,-0.16599029735073645,-0.24340335996255763,-0.38440176268255194,-0.570300528578759,0.16575246723587533,-0.09950228506990229,-0.059764428141586674,0.0021826804787873433,0.25990289663792027,-0.3993400619546134,-0.3387287781112563,-0.6502471720260704,-0.2010448556536588,0.19146919971970888,0.15033105860951657,0.042299708041049475,-0.07628047331665935,-0.28413121931889507,-0.08378104369119327,-0.14708284622527507,-0.0006268968715944636,-0.2544829941546229,-0.053092928316487986,0.00799329233120963,-0.07702611536692655,0.06637435543921631,-0.5729909640324995,0.6221151206757743,-0.3986377473477252,0.287657200422217,-0.25456159007882706,0.4023149447156803,-0.24215359098973757,0.2514777785050687,-0.33905583670891604,0.43874445298773807,-0.2308854906351035,0.5714014794871819,0.15659733231426878,0.1428219060315133,0.048376952822464264,0.08997927075448614,-0.12005126265083983,-0.11008091391159888,0.013521323406044557,-0.29522563446794686,-0.07515379458378006,0.10013199119039297,-0.1895686822576071,-0.11326339834447538,0.08736624686674209,0.08113604485994534,-0.1476586174473944,0.039833301334207746,-0.24857412670923368,-0.3787549941752841,0.020446300712793446,-0.21824046791217935,-0.04993201723187484,-0.09846350086272253,-0.2561298074588296,-0.07295029437692215,-0.021927825344572972,-0.12134450265318349,-0.07473485865192965,0.21287520118156247,-0.03268117998735135,-0.10327441821061638,0.031886035422390935,-0.047456500637922484,-0.08972386101239253,-0.09767088689918729
0.1492290538471411,-0.005868586532820961,0.12412718792319966,-0.02444769923096062,0.27512246774804283,0.03830950301297144,0.13538482028716267,0.15411866870261712,0.634082340276538,0.45592402641532265,0.857077024851907,0.04221688269638354,1.0,0.1654073859085592,0.10010418809184454,0.2637526972793975,0.31348075197154746,-0.012439072040827176,0.041004770172234924,-0.2506602145071044,0.10647060567134166,0.25151385071048105,0.03425942777345371,-0.3380997954460183,0.04007457443688985,-0.16811783200975183,0.039312786025363235,-0.18817224801818513,0.39934964910607584,-0.015813687291262334,-0.041973892430800575,-0.153968255055994,-0.07471452998391338,-0.15501423382896595,-0.23837348089210383,0.30991409865921066,0.25536902172755777,-0.07291841300215404,0.11029207408991394,-0.09371944587312028,0.28528805441699706,-0.04362290401671813,-0.35279019076277784,-0.2864488776084751,-0.1449203145079923,-0.24345767578278651,-0.24232168789467298,-0.2064788517362456,0.0726272865404754,-0.2763708306343975,-0.13898782972532156,-0.06752451569031835,0.04749613298119082,-0.08473614925004934,0.12590799010549947,-0.06539927065744444,0.08059495899982065,-0.1175427469837038,0.35667127827397466,0.12581794007541736,0.7094110148879939,0.6415867123931556,0.4577372230484176,0.32065809905217907,-0.12971180495836354,0.28795975059771767,-0.18761014576078808,-0.12245198873012164,-0.1579628339712845,-0.16232962659490727,0.11377458894377881,-0.2773315654378439,0.19861856922395735,-0.12243388321750923,0.04675362144874937,0.05193739152882845,-0.0046576881029642015,-0.08831189163288136,-0.05811583029361485,-0.07488048976223932,0.22594228050579893,-0.0840724017754146,0.225645362350159,-0.012200318472539013,-0.031619943870701196,-0.2421802537140381,-0.19470469409434013,0.009162580919001486,0.04210058912834983,0.3395772270778412,-0.12726606156355744,-0.25726088719364965,0.04610790022419777,0.12491809814072757,-0.09188232213438335,-0.2064425373208986,-0.09500151386390586,-0.1464937229708315,-0.3233387403317992,-0.05876069673131422,0.06631121868227942,0.04914141900849214,0.06989790897451643,-0.024321181728674493,-0.05627708446091975,-0.05940354193150772,0.046934042478812915,0.20198321700997623,-0.13210212689672005,-0.13697515855194523,-0.1993976939684829,-0.44763009089966144,-0.19135072377531823,-0.03210292977703123,-0.1994995803844781,-0.14914287139567864
0.09533660323661258,-0.3233702731907354,-0.02350144382676243,-0.06833068130763055,0.1540730793214912,0.031021769408344776,0.12436486958733824,-0.021550566311579013,0.015923416093071123,-0.13863330092617232,-0.039802046840650016,0.5130084986730685,0.1654073859085592,1.0,0.057216894514997944,0.3553621934627792,-0.2949751325900856,0.006137130735620177,0.28313873101389575,0.08122065201845363,-0.12336841074280575,-0.14863758965951218,-0.2920908573505547,-0.10038428396108402,0.22530836357787468,-0.12629839951041197,0.009541608263859745,-0.033048428051529334,-0.374771728284121,0.4506634056419511,-0.34445377870284777,-0.07111525024518119,-0.15803415243407856,0.3082826778776214,-0.22036841381926925,-0.09535324782393469,-0.1197035893065639,-0.38133226146838284,-0.1306954652841461,-0.4253190142874742,-0.12463514330102164,-0.5002236016733669,0.11986551005608356,-0.35320687716052485,0.12233144162863993,0.06171696731773674,-0.0475697289618803,-0.2640944698700526,0.03234082756247712,-0.0016918361988440826,-0.18027570901292753,-0.10413101188692903,0.08007651386021697,-0.22970853898658897,-0.12753274738672468,-0.6180529629348183,0.023888294410641463,-0.4927493890571916,0.02116475622556537,-0.00500631497135803,0.11011424934859844,0.07617565610453114,0.03403860888211858,-0.09015654713940131,-0.09465091125251181,-0.027789240483574063,-0.02644191980448322,-0.08672266907348479,0.08888608610795365,-0.10286102233541039,-0.2308866297661554,0.08248323939674698,-0.27543296670105893,-0.16704985184885118,-0.0033751074601337527,0.026839529654108712,-0.17897598827204228,-0.18268853002442895,-0.42715422997490715,0.05911425823100173,-0.2584787402954463,0.46947097690889794,0.24885556165643055,0.35915211985021767,-0.2189239689414715,-0.40583608497345863,-0.3211002528830651,-0.23834477786419628,-0.17525581983000701,-0.3442761532528204,-0.11694210243336592,0.14469841540873513,0.17448380450398102,0.17978024614431207,-0.38814002653944707,-0.1964923304202426,-0.4155153554135354,-0.5526592288195683,-0.22730353244074755,-0.3441316760865146,0.3411691857359592,0.182358818309867,0.07551367646310912,0.1898598326471945,-0.04282541887148774,0.08456937965528033,0.17545225487332347,0.04094459828134707,-0.18817609836405824,-0.11803939813865154,-0.4857064129036949,-0.06019910776662208,0.5135700288632645,-0.24253913709034863,-0.5138337735145584,-0.24832435158321453
0.17583328330927403,0.001470304559788802,0.27119017796725675,0.14542430403520226,0.4022337283441034,0.07710879518042342,0.44718593113414457,0.027696644093328678,0.38604495178812753,0.06538075299120166,0.15338566759578606,0.10044589990156358,0.10010418809184454,0.057216894514997944,1.0,0.09194264898588933,0.028195800614881687,-0.0032144770289409623,0.11031551496831349,0.3838078250685044,0.1343376057934816,0.04844232133546005,0.410709822520785,0.4841756239800306,0.3787177779660096,0.46795293169428337,0.1866983694029977,0.15674351330003639,0.37005190589901577,-0.04623969335742472,0.25790093665712466,0.4602615384136475,-0.08460310509901171,0.30641198857353164,-0.023933065251069235,-0.24799311231625856,0.0169329530601175,-0.016283289622256836,0.07119118302636253,-0.1590796528813294,0.058285026744090446,-0.014704981687794359,-0.14809348415609497,-0.3048451296828678,-0.06877740891418602,-0.21021929133468933,-0.0012397680137339793,-0.1618106342046581,-0.2967195739755585,-0.20606436568079642,-0.20100348412064162,-0.3478084019070367,-0.24324395027091433,0.05150205182062762,-0.23382301456628854,-0.21731773375115135,-0.10169499540014774,0.037717314750998154,-0.4234230525133381,-0.484915990255267,-0.26012343515381764,-0.2164016998971552,0.003034618764084798,-0.27404250479001435,0.48044598343860306,-0.20442426456198803,-0.5382967490399736,-0.41422507069003256,-0.0986959452768418,-0.1647552546125506,0.026162229166329293,0.2585489339390171,0.10089971728786802,0.01896415317752055,0.2416065399552603,0.06264545932649283,0.06500302602666407,-0.019179613234854235,0.1601267291189301,0.05928939123847116,0.10093578623820246,0.013193989832235332,0.7776485285845232,0.23931961639569738,0.5372862986038406,-0.1343488501942471,0.13495993242400686,0.1986359780235938,0.5224244598136387,-0.22622256415332972,-0.1531254773861942,-0.06913684353276459,-0.04053475960377608,0.17787528686994003,-0.030022778110311968,-0.22384596266410256,-0.23875938369811275,-0.2901291056345152,-0.17745241845149398,-0.22640089541249236,-0.1586035490834772,0.11155082518864329,-0.37028814860520637,-0.12721449350304545,-0.11068284094763614,0.035612851996190194,-0.43616794996320524,-0.2511006205975047,-0.09761958420522637,-0.12576198566542335,-0.12294418691049946,-0.08962699225731038,0.0017281263827429998,-0.20001645169927784,-0.10195218067044871,-0.08944446379721492
-0.018438546621669032,-0.20467137003929275,-0.06263693446276157,-0.05628927161704675,0.13653161970390162,-0.2116975800339817,-0.12381809588485343,-0.14467139313316157,0.21070233560837817,0.054658302187280586,0.07354309607130824,0.18423217246782939,0.2637526972793975,0.3553621934627792,0.09194264898588933,1.0,-0.06713550088606383,0.21830339184084271,0.041570105552437925,-0.12263422519044272,0.022082681579203046,-0.010298302904271474,-0.01669974886909976,-0.16551352759645882,0.10368353784937871,-0.18628909800089186,0.06838114151780814,-0.11007768058001179,-0.1745297487250585,0.5658095905496778,-0.04563604957050797,-0.11886157755702167,-0.06116664288116994,-0.09122333570474392,-0.2389419448203539,-0.12208067352583227,-0.24023926461219872,-0.30624555366425255,-0.16253277215914017,-0.3472591476193319,-0.14468424488488135,0.14928257224770453,-0.07547382611248508,-0.14713707657230132,-0.04735344814188688,-0.1658670093557582,-0.045127589585445896,-0.17255326480916952,0.18042196316097114,-0.044154795045329494,0.048535475900139166,0.06924912391400143,0.3163553477130071,-0.11108497206091479,0.05278998306486678,-0.20792844215755732,-0.09016966400337245,-0.31978453712371335,0.05262065332187828,-0.08423089519417315,0.11979706544672802,0.1012280545051317,-4.559099397525966e-06,0.07160304820662314,-0.1454128061813684,-0.028558810234669708,-0.2477712603565755,-0.2234887410115531,-0.05128387845068658,-0.1135136067616124,0.11095705937905458,-0.10894946381634617,-0.10822411611027158,0.26393992767403296,-0.0040429411199131215,0.13463772886641587,0.020031951503768138,-0.1533334888433578,-0.3358410374307899,0.18494704472981893,-0.0878778296768628,0.40038565856065933,0.11764228260035785,0.544331002620206,-0.18796112210964452,-0.025039857215079783,-0.19525013361557322,-0.2132163608182841,0.042411801270762016,0.29902649778882096,0.058777727347300315,-0.18859408260364133,0.0013601124514473653,-0.07285993539851215,-0.2223204738209942,-0.3644969072312793,-0.3586988903754369,-0.2366292284754307,-0.40719924633434024,-0.04999560681853709,-0.16331996765040838,-0.1591520724374292,-0.3214325033214978,0.09121972103020885,-0.37933124262204293,-0.05210683591080212,-0.030522680903805294,-0.14009819602914403,-0.360868090663215,-0.16218763013815116,-0.4294497296817689,-0.3658451690375737,0.043950193442412876,-0.25187176761361796,-0.32956463352104165,-0.3053778257809768
-0.14117589077642378,-0.06459895524194671,0.11718306025188853,-0.0826890066646282,0.2711998537735679,-0.0961635003376517,0.027842437413584387,0.22686747728683024,0.35303892338989307,0.37278636822951305,0.3693007522710872,-0.3377414439584159,0.31348075197154746,-0.2949751325900856,0.028195800614881687,-0.06713550088606383,1.0,-0.25247878446672184,-0.1127901290044522,-0.22217576689810425,0.2088555542593483,0.18052834692034322,-0.1293172931620248,-0.27825027347608833,-0.045325145047941065,-0.14688944369125828,-0.09065445171557296,-0.4042978487295745,0.6535907039140832,-0.31755950845164505,0.18067243865107055,0.07313568513088363,0.3712468917314724,0.08781396177135015,0.018494089334930193,-0.03124275095189605,0.5440140838497579,0.14224027444357737,0.1720437595970363,0.08862153103245247,0.41033383828943804,0.34175842804563056,-0.25954498266488313,0.08616531548761475,-0.06400341016237344,-0.12046797748179874,0.14650009978147396,0.17406677029737078,-0.2506452848517277,-0.038198715797093,-0.2206113317014393,0.002683856791448499,-0.06111303276304571,0.4089956104243269,0.11101847626557045,0.28401848982936134,0.5511125821098332,0.11332292777626018,-0.018127159538074665,-0.011050002048348164,0.292188009541604,0.33004990573220316,0.6575598388251329,0.19691276855525633,-0.22900861975066372,0.04724792661376858,-0.04291590477368729,-0.18916479747730444,-0.1749503242600882,-0.0338882888316928,0.29024031730799926,-0.2346474742136057,0.7260261167133316,-0.14932360291402358,0.508305529516981,-0.2245577626373469,0.3289869288984959,-0.17946793701172137,0.5425242964727334,-0.27149844870448414,0.6063918549981658,-0.394573011529738,0.042791667261292375,-0.14939732637411018,0.046657947601393725,0.06499639375340564,-0.14898797223828725,0.20410957307159944,0.025575149492443768,0.36597203295892594,0.03510892861366437,-0.2179708532147183,-0.07950939203532009,0.00880494316641295,0.1507968004517778,0.0670612798943647,-0.1564741951810527,-0.009316984995954137,-0.0518888497989418,0.05032248583981642,-0.15956749025293637,0.056557556868984546,0.049699460079802575,-0.06351312801358992,0.10498968123420184,0.07748491599343826,0.1662789739570187,0.12427850467567123,0.15401997534960335,-0.198320936916695,-0.07036495874791482,-0.09356391043172156,-0.2135495339505781,-0.2099968130758563,0.0050363655562531565,0.15832169516253886
