1.0,0.687100927882324,0.22211862240346902,0.10158551754707904,-0.05804648872040175,-0.16076228461258688,-0.1535748908993661,-0.09998419662203113,-0.04572493030960424,-0.5116385727784296,0.2810122278413849,0.14399518328524044,0.1736033248566103,0.15639958218278566,-0.19428820350738585,-0.39236477905960115,0.5655775558115052,0.38208157365416057,0.4294189130084611,0.35387431246701995,-0.33207285476838916,-0.16766212310777084,-0.0307912759859278,-0.32248957819071467,-0.4576483260846948,-0.5459462792029833,0.03016965336091542,0.06964232228338513,-0.1408566403683304,-0.19035831964430544,-0.5876671621751338,-0.5746926870040481,0.5292580690595944,0.2760774207939375,0.1069938669737368,-0.51983484870092,-0.33720503670563257,-0.417061338745272,-0.07740385358766003,-0.41439727105728075,0.04353685128513482,-0.14563821009092823,-0.4196023601661419,-0.1595678507374326,-0.4428035734611102,-0.4453754140310552,0.10458368635137354,-0.2247517168372541,0.025207854290026466,-0.046003787037600594,0.14574368578235253,0.09179507275795594,0.11510102851269989,-0.04636728889215612,0.1272802174061165,0.126761877003483,0.7688809164453819,0.6835745868814518,0.31772454687971524,0.09237471859940911,0.6074139153084935,0.5398177180914991,0.6326236180918233,0.7154289054407696,0.1253626617849228,-0.04235867168868684,0.19438984023122063,-0.312120169638798,0.4366275593796017,0.21415915967462618,-0.3219321700236109,-0.3943448012523884,0.003991268743373773,-0.1353425219519697,0.010551664576762185,-0.4901152236492407,-0.459830611210326,-0.4255729447694439,0.19137310142556907,0.08278136923590748,0.404256008312354,0.4899337033193761,-0.1420948798669653,-0.3916565969225941,0.5154830505141059,0.4173442301133286,0.0869136847959224,-0.21673170451273985,0.6506298827716325,0.580790998353503,-0.32248089855923723,-0.3947217889007664,-0.5089319007420171,-0.4644705992511595,-0.35580787181911017,-0.4485118582458896,-0.061426320429626896,-0.13776564264818522,0.07816272663177254,0.12386758565690176,-0.35731301671160043,-0.275236297583283,-0.29725474360069515,-0.4692089792636312,-0.3118341366964409,-0.19528519203900152,-0.1807364571146314,-0.09902684136107326,-0.3275973617243263,-0.48541873285816484,-0.35895592575625934,-0.39385798215577505,-0.3250679522331496,-0.28467829506755865,0.16246750388652687,0.28152406695836285
0.687100927882324,1.0,-0.1787630349013846,0.22454660795524833,-0.3157387027063067,-0.5001664337715858,-0.489949836743874,-0.09452023473100206,-0.1486205050817236,-0.3438683419210129,0.48019639899239275,0.5946144840455264,0.37415093356298135,0.3951386798428508,-0.024011872367320667,-0.1449121469502312,0.7195884825957877,0.5993776514277057,0.12142264911848216,0.49193879556578496,-0.5121217875950679,-0.25931273886964123,-0.4068017065755481,-0.6061496637143362,-0.6182834753634194,-0.5546908894688306,-0.3352622936359803,-0.3287892245787513,0.2239140956684951,0.09576433197233955,-0.44262167137992425,-0.35350119974499633,0.5848938845445625,0.5260582131300617,0.12737709804846314,-0.6483075395906334,-0.2484236588438536,-0.373916713848796,-0.08547891914222683,-0.48673323224325654,0.125479651747402,-0.057998932122245404,-0.5216500044202805,-0.034905972601817034,-0.5141449841118165,-0.4313779591730345,0.20504370703173647,-0.12203615410772169,-0.19448023276660673,0.015484824998260552,0.12677442146751383,0.04336635116431825,-0.2068660497695105,-0.3713529119907711,-0.03378842228428221,0.2966282179468232,0.6970495254888145,0.742750314993772,0.18850187903896598,0.14698037962705096,0.5683221562579496,0.6176216725754603,0.790398957676141,0.8297530097734481,0.1294710311078972,0.1600199485342649,0.08935356038909938,-0.23615156911151183,0.5040287908705473,0.2333497937039105,-0.4530921205547257,-0.47029151956352594,0.05025881801603164,-0.10198443708798534,0.1056309652412871,-0.41894147328518755,-0.5376298947630425,-0.5524864510535592,0.3883900734753281,0.1656720848359874,0.675786178399474,0.6968172782890639,-0.11933763931788463,-0.2109759423475304,0.6575401631371054,0.6480522959348481,0.016048950077734367,-0.06918610565213867,0.42706987139638986,0.48436251237014716,-0.5115572164955641,-0.6342499733235044,-0.6452088940865561,-0.6430591795726917,-0.1897154628643159,-0.43370853995308967,0.13161919320055993,0.08291523715382908,0.22267765939630121,0.16887969673602593,-0.4684738937465784,-0.48871835871407504,-0.4300649902280673,-0.6329344060622385,-0.561517522796978,-0.2205290838547434,-0.23672451631037497,-0.15697554286440998,-0.21005113878607265,-0.6381196552693019,-0.4880051598016118,-0.4263065549538712,-0.352748563826104,-0.299832519498423,0.18204928349578997,0.36078863518645293
0.22211862240346902,-0.1787630349013846,1.0,0.37376541551007286,0.5286115247441615,0.3420185971053109,0.6941175820002286,0.5083805047293642,0.2064093486368368,-0.20806899826400085,0.09107369643969027,-0.16072112096601326,0.13086538005076118,0.06569135027299888,0.07031583973617432,-0.10848979695018075,0.008518536311277882,0.07970590786096562,0.4159395344714339,-0.042303413094918,-0.023843668798230452,-0.13346000341350972,0.6052836789273485,0.5406200415016373,0.3850112927144668,0.25360805000592773,0.2028111003527173,0.19871147877495174,-0.2725999214297113,-0.24456896053934493,0.17562895349375726,0.0640792145699256,-0.06042803615667615,-0.0762780445264768,0.2618954987911659,0.2514056731029925,-0.022899854337879604,0.03099381436779305,-0.23228978419933738,-0.16988223941033168,-0.14296240254927117,-0.10866193671621027,-0.21767473832595088,-0.2821053816711347,-0.16317216044983962,-0.27433462941002,-0.35868966192280893,-0.28225779043564175,0.2167045933355768,-0.3119971710546353,0.28575305521524913,-0.007221426580806701,0.10937765105852162,0.07970393876426297,-0.016234537735114966,-0.3439491838178167,-0.08710203222863573,-0.15489403620502748,-0.07458550624732192,-0.2686535384152373,0.14632146485963504,-0.057140029369792775,-0.054331497416027365,-0.08383929158285888,0.3939215832274367,0.10302297048321452,-0.07209843585530996,-0.15511737069203604,-0.31280641669674486,-0.2858107912019706,0.05226924113635499,0.05007390330095834,-0.13778895749160133,0.0036531945564604235,0.030369953854666284,0.04559456837928797,0.16373038972114173,0.12173959051907451,-0.24462804766160523,-0.022548615914475812,-0.21003031406274977,-0.14325316316138126,0.04994948165801304,-0.05891492496032795,-0.014102035699181883,-0.14348499029858408,0.15016108559016628,0.022851053607696604,0.3404156748464537,0.010093278899028243,-0.17484472404130288,0.029338750208993108,0.14404170852643639,0.22539957802506227,-0.3374336181967953,-0.1449396567782202,-0.32658488707762423,-0.46337708325170424,-0.44639694745655195,-0.39248618768552695,0.14562143397129418,0.22566120251810246,0.1406806427242071,0.05749835039949287,0.12137876883316512,0.1709353709604475,-0.03415856119200445,0.11564763623152008,-0.04547099806342771,0.009882771232044726,0.02485982376802226,-0.20945564155062518,-0.17436244688776514,0.07497084359524196,0.202302663538513,0.029381987073028547
0.10158551754707904,0.22454660795524833,0.37376541551007286,1.0,0.19824372150725764,0.1332283727555064,0.1665609081824543,0.5053889742814525,0.040606884080604796,-0.08907331947138818,0.22595618218972746,0.26976392469204896,0.19494617417541185,0.12001467105072125,0.17229347715470358,0.17068394156676311,0.12843505427537197,0.22281056448409337,0.37282088841381994,0.34551207612496615,-0.13482786489887155,-0.05996511234526095,0.2996471196247879,0.3828576430595916,-0.05039389426085751,0.12274109302272762,-0.017927223303158366,0.025313944016565205,-0.06696363556403957,-0.15570295335796666,0.07172122708573062,0.23406975172680564,-0.19165744614974636,0.02817699736744167,0.06344769529974205,0.07615444511395406,0.000278426793257188,0.05116088131064997,-0.22755062744553559,-0.10114542832226045,-0.19345550055904048,-0.035646048177817025,-0.2849600350397562,-0.30435425816626926,-0.33065438082195586,-0.3372036400675273,-0.2879407336564577,-0.20663983044842907,-0.22781572393662428,-0.3556898536576075,-0.02377920714314641,-0.23161025184002418,-0.09791261264919233,-0.14984681308826558,-0.22666388661866743,-0.26003331105753186,-0.0794775253758365,-0.10973511700956355,-0.2889215719883032,-0.21880902572631444,0.012257992168535943,-0.029136078146513932,0.08353436542196392,0.017838943413322594,0.2107405147335019,0.24078206613501413,-0.28978422588239877,-0.08869557479534093,-0.24650790925782617,-0.20082684847974122,0.0008606197429812988,0.08412188710081855,-0.0733693579342463,0.10751145739106911,0.16914316137362045,0.0935734895229527,0.1446252363580813,0.1291746643260179,-0.19159727021881617,-0.19420146295454907,0.011007082776018449,0.0035097913731710934,0.2014642354959616,0.24568846313823992,0.017736241819865682,0.024830515095130994,0.0323242662412477,0.2562225801040651,0.14088461197377186,-0.009919850713402052,-0.05759316215465098,0.021923915101554944,0.19603313090713725,0.10381137232395334,-0.32976300538242137,-0.11512084128140701,-0.3182660553120889,-0.37258737747266224,-0.2475813695380811,-0.3838232534351236,0.007193753027606335,-0.005753701696101872,-0.06087819310274113,-0.20205369895394315,-0.04400521060495202,0.12558718551636638,-0.07331329489651803,-0.15109298977067456,-0.15769217813009095,-0.06234709302455157,-0.08770948244698738,-0.2812494224275066,-0.11372319658529897,0.03240428227222353,0.12797465762299098,0.05238180411272583
-0.05804648872040175,-0.3157387027063067,0.5286115247441615,0.19824372150725764,1.0,0.7016584964725147,0.3268612406771397,0.152210483454812,0.4506652743591898,-0.3029151938387451,-0.2916153527401261,-0.29409669869867666,-0.1742376098362287,-0.16408146177265964,-0.1538721789174472,-0.24878544387190143,-0.2895116519840144,-0.1483251163539729,0.0734039030065631,-0.060049860641199666,0.2060162333136432,-0.2064684402446466,0.37677456286558225,0.4620398811289299,0.4976763035154792,0.2947408707459497,0.35425982355138186,0.3149528762199615,-0.5438940582860489,-0.24572209030571954,0.15170099807889134,-0.028726419165823285,-0.017192603096674152,-0.052801063652754505,-0.04185190386214815,0.22615391763750553,0.01114698951271252,0.12419821781468121,-0.14344101631141204,-0.03246581198114579,-0.20490239897764334,-0.0894074789892305,0.04197032835361643,-0.08002970548461236,0.006389017230460893,-0.12736412451650625,-0.17323254560879808,-0.07916736258579432,0.31044563923775614,-0.12845031393831824,0.09642932013890348,3.5468486823653885e-05,0.03714309151125486,0.019280900320728482,0.24372019644176482,-0.08371335712015818,-0.06596946090858616,-0.1847616373099816,0.103588813997141,-0.08886584099526933,0.06364471110086235,-0.1408011951434786,-0.19185261903402856,-0.21787137867111697,0.16005319335948298,0.02818565988476116,0.08642419492450717,-0.034767128273308745,-0.04094547202710633,0.07469120120962383,0.106015484853223,0.11856728938795032,-0.04685456641788847,0.014779639692791854,-0.005631450779093368,0.10099143027311569,0.28389692906250485,0.29017465022445166,-0.13465566831191605,-0.024153371492303365,-0.2910671019501758,-0.23981691237393002,-0.050607455966982975,0.022265373044856058,-0.25532398540947965,-0.30306671962764625,0.12776821857701098,0.1321178265781967,0.11407104045296367,-0.1344306353006002,0.03485424189865786,0.15477993170493393,0.2308881052889466,0.18860865285388762,-0.2255987866886925,0.039849304981090655,-0.13415242096803096,-0.11808720004389733,-0.162824763661783,-0.09635797598433626,0.26363721155135805,0.15690225752176878,0.22090158440548635,0.2033008091615621,0.22834372816106188,0.12797674369835926,0.14721196065568404,0.06579290242467492,0.10723020926569941,0.1666627313164044,0.2889696740787731,0.12531131189342468,0.03428379521033971,0.1505332853939211,0.009348500170005363,-0.07261623855220461
-0.16076228461258688,-0.5001664337715858,0.3420185971053109,0.1332283727555064,0.7016584964725147,1.0,0.3368559422054888,0.0840926330054624,0.12097445884390291,-0.11393214359898944,-0.6083169472301061,-0.6337546061997026,-0.43848224990196144,-0.5377738733180752,-0.31183554686457676,-0.16011251722449157,-0.5139713711703225,-0.5391024957929137,0.04983341286883643,-0.08024613757054815,0.49573673302421667,0.2168335530403562,0.41212080111414173,0.4977305827764535,0.5668409103531833,0.4461981033736863,0.6771905304560082,0.7201857734640974,-0.633772958058994,-0.4556118943205373,0.018449850858410635,-0.13764723244935206,-0.16181345731083846,-0.24810936940620107,-0.15691479345980158,0.37980026924639915,-0.020657811400294088,0.1363378833887018,0.025303554680017357,0.13650763651220646,-0.35414201073658746,-0.24463753421384074,0.3163233133870289,0.05562246493093129,0.23469428779764562,0.20706234009596233,-0.17270861945648308,0.021037456729504286,0.22525909510625827,0.07940763212875102,-0.05798939131945099,0.04928220898666651,0.08542634047588528,0.12030687391477927,0.2866470547667264,-0.08707624925082696,-0.10297608464994708,-0.1791544181498726,0.1638867690905737,0.18497611780112347,-0.17054396294543303,-0.13470618182586397,-0.4449596033987124,-0.34700399019579015,-0.0770399342297179,-0.05090570919250063,0.24764929624403068,0.2482196177286008,-0.011724933031806207,0.1941335820515272,0.18708296589673712,0.1178614814809722,-0.27264284808319217,-0.14332785926156433,-0.30493411745205573,0.10106754372191132,0.21928735107910852,0.2713374382858253,-0.2290798183682642,-0.09369145164525658,-0.5140628183248875,-0.4619519178701156,-0.08455922964643649,-0.059367941010270736,-0.43811037065304126,-0.4362459577091352,0.040457646937588555,0.17502890220838146,0.057159407146952876,-0.06147816641476065,0.2107568233354624,0.2583482085911792,0.261334216862498,0.19276075052746716,-0.18929540819743831,0.05987053278888699,-0.10885171444493662,-0.13780594161948684,-0.05463997671950876,-0.04881508791744373,0.22769995319538394,0.1352819105150294,0.23725659472548555,0.21811126719262514,0.3366180793757823,0.051510907532643736,0.1770991084668233,0.02668433949378634,0.052947942317936175,0.16914961805402626,0.28333611834196426,0.11242360373989525,-0.056812043963657244,0.07838315523134888,-0.11632025878128366,-0.19065364517963954
-0.1535748908993661,-0.489949836743874,0.6941175820002286,0.1665609081824543,0.3268612406771397,0.3368559422054888,1.0,0.6005658842228221,0.08742703090482118,0.2911606729660417,0.023520994592434175,-0.29838174234222287,0.1593393801101083,0.029443414536375934,0.23825515905700342,0.035160588925286944,-0.2719761734053998,-0.09326379667148017,0.059944416219927535,-0.28297266388329495,0.2582007489234001,0.10279408328909961,0.5365017886657385,0.515304215837931,0.4511336332354554,0.3149502371649761,0.2650048281762751,0.27761872505698215,-0.026452344597944655,-0.13504704975197696,0.22334132265041415,0.19732741853096683,-0.4248703478075732,-0.3554023354215105,-0.019273711998903313,0.37161964696789407,0.1714953394506901,0.2108120367380647,-0.05287997580973953,0.06765729683001961,0.009442053497080095,0.0202402931793267,0.046097595241234156,-0.3168049731357763,0.03147103448857533,0.015005413452193434,-0.49912300292348055,-0.24928334027908708,0.1510949631751007,-0.2269138705877117,0.1702061138750435,0.03655998406077804,0.31128398255553613,0.3101589795354604,-0.14820655078502334,-0.5367847834721882,-0.39314016124647116,-0.4260132306233465,-0.271902017163804,-0.2952799492102554,-0.08284093026999448,-0.14557482786184595,-0.3614451233985956,-0.39552158053910835,0.24902095438898178,0.14016488198046118,-0.3259978756038979,-0.21560986516660613,-0.5859007661676227,-0.4255396893565631,0.39315782426201046,0.257004146900385,0.002564324319533617,0.17649356878815586,0.08073707400211579,0.3064107346031039,0.4368130910789309,0.3920770715143756,-0.4184270385890826,-0.18235759313411123,-0.47553455745667295,-0.4478455257313175,0.1417060216413292,0.1927226713706167,-0.38039591250139965,-0.4838742557324653,0.0010299346257724642,-0.01307048913609182,-0.12849081214487781,-0.30300018823281366,0.11879117441486355,0.37832281015888,0.44581387560022356,0.5401307697132768,-0.20980949370746363,0.22858090176516296,-0.4830805552469116,-0.5865399806787618,-0.4896064853986328,-0.48352365493124644,0.32745020461817825,0.44503216698242026,0.4012460338902064,0.42616913476557605,0.33830073203280875,0.13055626338989407,-0.01827133275344036,0.0726625054375188,0.0810933354972501,0.2659171763827331,-0.018352370204208338,0.03878720496131317,0.03759489915049295,0.28013585363591187,0.032368978736756954,-0.08433207275809478
-0.09998419662203113,-0.09452023473100206,0.5083805047293642,0.5053889742814525,0.152210483454812,0.0840926330054624,0.6005658842228221,1.0,0.16881216073092561,0.35627339945577857,0.20384600233564235,0.17997296278309233,0.32013790306754336,0.40329892659258615,0.4085168575098823,0.3679693730225713,0.09747511517342465,0.21395904151086054,0.19414039018001278,0.03245947180309868,-0.0020067550615783733,-0.024816587216729944,0.3208338034852754,0.49587017945010836,0.2157948948100738,0.3905799229284203,0.023895022394304962,0.010848140971981047,0.1318217845835186,0.06075161523768638,0.27015154418306536,0.29550980342480754,-0.3341925140037849,-0.02152173188242568,0.06194471627222829,0.21509490183988808,0.1970320730896324,0.21614573803091094,-0.12975527437662893,0.09782662979985574,0.18988733573388347,0.17238623994850155,-0.3334580251362494,-0.5202450252948413,-0.3757257226993691,-0.34694937591596703,-0.536896007216528,-0.45363030911347807,-0.22470327644593002,-0.4287960852414727,0.015450932524555037,-0.1481454132354512,0.11764792296320002,0.05086962782590909,-0.25765214831465927,-0.4928386651761727,-0.29659313620989425,-0.3119741164919738,-0.4461962581033607,-0.2859270161779675,0.028332638700333822,0.08465749265013293,-0.15457403104301828,-0.15099617520718167,0.3727394991689022,0.5842019316369146,-0.6214616162756105,-0.3933451413519442,-0.5416708445505477,-0.4904147492756063,0.3074813983962467,0.27136119413010384,0.1781196465911297,0.3820358157938437,0.28125634735667016,0.25307735625409983,0.3211796630492426,0.28938888587819717,-0.2793994446781013,-0.1160092166571527,-0.09887938136971629,-0.1939338228679935,0.4816394977358409,0.43557337445652317,-0.21704843803235194,-0.3128930892198227,-0.1927655370387265,0.09146594049277021,0.03232599288775936,-0.21201896266260392,-0.11825078503677851,0.09651669802857211,0.2872862957990131,0.34255780020708737,-0.08588327707937862,0.06530023343034243,-0.47014535527261797,-0.5519694386329458,-0.5977342356193299,-0.5924344345027539,0.17939897817323436,0.14874626806713925,0.17177463685195207,0.033599173605498786,0.15706607897912084,0.1485565366973177,0.06958005321964085,-0.006386474684000587,0.05307470538996447,0.08751072924514317,-0.1980566851501647,-0.2405002782104776,-0.08103301761509829,0.16575285808464363,0.16663450399781313,0.021374516405352473
-0.04572493030960424,-0.1486205050817236,0.2064093486368368,0.040606884080604796,0.4506652743591898,0.12097445884390291,0.08742703090482118,0.16881216073092561,1.0,0.09082735980156334,0.036217189773298554,0.1441744233607079,0.10839510689143754,0.1456434096417989,0.31487239614992224,-0.06442457825161163,-0.11384417917626471,-0.0013931452584329837,-0.02075791557024296,-0.20564627727408546,0.026047110129835866,-0.2728172320771648,0.2693182854606887,0.3799740175498249,0.15336703394730017,0.19910828873174596,0.052708140212188455,0.051521305871106524,-0.08437346590237092,-0.06286964793759622,0.21531090565252592,0.1178651934513851,-0.1958412036314013,-0.10584494947974382,0.21460206670608414,0.13983494078688416,0.15672281026995857,0.16013078368609512,-0.21126581440159692,-0.05306102935130568,0.09329829834647696,0.2234279221072174,-0.2922286272847062,-0.24372713709381652,-0.3127554474711611,-0.29157322887798615,-0.2496262182731739,-0.27966690586489235,0.025740022076056867,-0.36039981115858694,0.006864115388212482,-0.15986469984529805,0.05674731585338262,-0.003944758499805985,0.05615225290758174,-0.17956728318382004,-0.13592765669301415,-0.20276840636120694,0.08553625570060167,-0.2003996821169254,0.26222859520459224,-0.06423569452750554,-0.0037752769754578956,-0.04748579409972195,0.4232915491109936,0.1293665775082392,-0.14060650498580055,-0.1010111715924959,-0.11411800626291863,-0.0325911979626747,0.12400201531079401,0.09639333043619233,0.1772161025945552,0.24240528314159868,0.25919311366132336,0.13329891941370992,0.15951907857751468,0.14336337671416166,-0.06244478414001416,0.07134730858142516,-0.09128165255090999,-0.042729412450878225,0.2629202443416723,0.10649608522389512,-0.12194430609084447,-0.15829267889668988,-0.2342087246309208,-0.11658356755129348,0.08871782439144295,-0.06587916675207028,-0.015673447161296587,0.18774785345191355,0.19015220138025962,0.38782150759118533,-0.08996909796090839,0.09041326034410119,-0.1708354201286232,-0.17579889356374986,-0.2345654264012256,-0.10037060379970889,0.22563619019825945,0.21187830052392104,0.22819210804724344,0.15593438710030744,0.1397650413844057,0.03238338541927754,-0.032313059765751787,-0.10513730880917281,0.2567899930308782,0.02305699446992798,-0.02074407409707938,-0.006297430074616976,-0.07563284908203953,0.20470123396161902,0.20430713322219085,0.15085657705399894
-0.5116385727784296,-0.3438683419210129,-0.20806899826400085,-0.08907331947138818,-0.3029151938387451,-0.11393214359898944,0.2911606729660417,0.35627339945577857,0.09082735980156334,1.0,0.06563272241644516,0.15326515247481348,0.04477704721552034,0.22359703339023349,0.5204417735335027,0.4875694001188604,-0.34857143603550655,-0.1615874812439404,-0.1904202228973834,-0.07659100569500163,0.3793747944173182,0.3861821411273058,-0.10438120841838085,0.14666823263998327,0.15947370922607448,0.27443338438911136,0.06117149827582839,0.09973922902940155,0.5117491475851821,0.30984559229411024,0.180069825535311,0.39536792494121614,-0.6196267242829381,-0.41797435186714227,-0.2564747397550786,0.12252970923414619,0.5287534130094341,0.4920309561310901,0.09062898982047422,0.4478936051851193,0.30775804713223026,0.38104583852889584,0.1710959356174533,-0.14949900364402458,-0.02760220646652037,0.1265374459098424,-0.2863808047011492,-0.12484325773871029,-0.3476219671490968,-0.23084533988816314,-0.3124923628708832,-0.21462490745561238,0.10362926552988092,0.10712837915651113,-0.37797852219876116,-0.4204477686983213,-0.6092181759066659,-0.5382589761727994,-0.3187969609700634,-0.23330955967310382,-0.30370093326799047,-0.19871064781552208,-0.40814088668057824,-0.43890923338996723,-0.10230504435199914,0.12089899724198243,-0.5403353357307374,-0.1471691037349144,-0.45476639288684323,-0.31640610564893734,0.454116856118634,0.3709764487795446,0.14992439181596265,0.3942295844125127,0.1668881374661359,0.557367185885251,0.45967198698714556,0.3736283862961138,-0.2483880094822995,-0.11420157436938516,-0.21618991233737384,-0.2267627150564327,0.4976942290915291,0.5555391212662986,-0.4686964798652727,-0.40557345946749135,-0.3907918177344134,-0.09152734264706912,-0.5238731578918054,-0.4962401218828507,0.3182177615716427,0.41699916718581176,0.48174526606506807,0.5479897872971391,0.29162240914670706,0.5584305483093353,-0.256707405136996,-0.24214776015228665,-0.20683936711149994,-0.25845728635018944,0.3740656183736591,0.35337922240328096,0.3620931359946032,0.4197445796127251,0.24462095033961398,-0.0038393848134421513,-0.10958097622488874,-0.18405437098249472,0.41299048881281425,0.27538067711922365,-0.09640407891209866,0.22271710720262644,0.25680057762999786,0.3561755344771569,0.030574409236432495,0.04286603992459105
0.2810122278413849,0.48019639899239275,0.09107369643969027,0.22595618218972746,-0.2916153527401261,-0.6083169472301061,0.023520994592434175,0.20384600233564235,0.036217189773298554,0.06563272241644516,1.0,0.6974347070524246,0.7586602818592718,0.635289977275741,0.5955142951637661,0.11821151921632225,0.5862061994266633,0.6887035575634914,0.10418494735356237,0.1506180292511234,-0.48724781728752886,-0.2786053332462368,-0.004008424170691546,-0.16711922009282598,-0.33890105809465443,-0.2889610749834761,-0.4370601104986267,-0.481750979515309,0.5727384036328723,0.22710352924332375,0.01437638172994428,0.21662184212820557,0.14982741481463296,0.35154528693845316,0.2562782670061445,-0.24856704915420952,0.14639321059615307,-0.12148058966844887,-0.1187533325540218,-0.35733846587096724,0.3080931067831077,0.10712639364455326,-0.601311659396511,-0.3738500412176933,-0.5532558196361329,-0.5131625307199887,-0.2227387884446375,-0.40819216226871463,-0.26844338900108,-0.38827929365540065,0.10899880291549288,-0.14334120467843242,-0.17282547184181832,-0.15642446864964155,-0.3610754979933439,-0.16031151959452986,0.08777490471074535,0.10730603702583875,-0.2584564988934189,-0.3803160490837122,0.4589738791822994,0.12667544965282956,0.5383750464416799,0.3088288155365245,0.4621889224702271,0.28484728754577004,-0.3091241268602667,-0.29853756392471303,-0.06041670301727293,-0.19913695774782095,-0.1257906698425381,-0.12092093445568103,0.17588790671222346,0.12852667669309764,0.37749597482214353,-0.08886756811591771,-0.06326678921109308,-0.14162115368810801,0.1732968267319735,0.12897325796137593,0.4448383206087367,0.4312498091528539,0.3508070024884962,0.151321835827557,0.40769966522389234,0.38657352779223836,0.02782794848526102,-0.06124918762655787,0.1534119272384216,0.01489184090377988,-0.43673378621689046,-0.24079133208545475,-0.168095753459626,-0.046054452273788696,-0.08761297142507982,-0.21915870693476786,-0.2850354620419613,-0.27523258833876535,-0.30414876526916024,-0.3063591243095162,-0.16153377889821258,-0.11881402246875553,-0.3297204011420975,-0.22413599313000365,-0.27379877022632615,0.037603897532167876,-0.23679309631816578,0.0008920260723027413,-0.17839564288004156,-0.2582253663037268,-0.42006315758652546,-0.38480200610775894,-0.24414990424161992,-0.011790562138971,0.3329235631750122,0.3650816854522067
0.14399518328524044,0.5946144840455264,-0.16072112096601326,0.26976392469204896,-0.29409669869867666,-0.6337546061997026,-0.29838174234222287,0.17997296278309233,0.1441744233607079,0.15326515247481348,0.6974347070524246,1.0,0.4736084697934075,0.6919652666169251,0.4072424618607064,0.29628921312292567,0.41342831651848305,0.5879092207444973,0.04755078596070614,0.40994522450887755,-0.4090707773429737,-0.20321815762823267,-0.41162018748077,-0.30960502483628033,-0.4052085377027873,-0.23160205358125116,-0.47371342987544274,-0.4938666841149195,0.5315261774279699,0.3953206304353854,0.07763731699021076,0.2869311858444773,0.023153106251225287,0.24557766758612384,0.06826273208474379,-0.3739249861715847,0.26362808104895924,0.04157478741658953,-0.1763288729451326,-0.25552001557135223,0.3844024746934353,0.3269802042157425,-0.4909005270135428,-0.20952324222337418,-0.47655762446831257,-0.3975947858025976,-0.06964731550182501,-0.22304613721476824,-0.30183352953938525,-0.2876722219868908,0.03261776754357822,-0.18964311276707108,-0.37055697314309144,-0.428172746689333,-0.28954071363707296,-0.005948579667525741,-0.0038226379081329194,0.02563865442023469,-0.1899512461026865,-0.3237740168100159,0.24486796804851693,0.1195067607046094,0.4219600788687321,0.2603605077291375,0.23531104890095242,0.313995154302195,-0.35760513331122695,-0.26449357860962425,-0.04666342222824929,-0.23079545917918282,-0.11123541384886824,-0.0343483325292423,0.26922925513520807,0.2974091765405251,0.43637597520658744,0.12761892165781974,-0.061493608212594586,-0.14169691662543213,0.2302216529554546,0.07974044518911476,0.526657847042044,0.4563252476855119,0.3778967224475639,0.3662865355965142,0.3385039390294673,0.4452071093241849,-0.18506457909533222,-0.02505162876949054,0.03869895367775387,0.019139166721485402,-0.34501535130549205,-0.34436262567334763,-0.1799424003361843,-0.1500022673577298,0.12114242564299031,-0.029803016058070324,-0.0011636492521309805,-0.015569451268864169,-0.08090740225612879,-0.14315089477798706,-0.03344503776005054,-0.17126374988848309,-0.1771241810334482,-0.26133864695248527,-0.2877998098606848,-0.004346845098818751,-0.1725321657005696,-0.13126100715125358,0.12489338193792497,-0.22736829648315457,-0.3862374597627696,-0.30660698051759366,-0.14930398173524828,0.018403028890725464,0.2704034874022395,0.3095072140969543
0.1736033248566103,0.37415093356298135,0.13086538005076118,0.19494617417541185,-0.1742376098362287,-0.43848224990196144,0.1593393801101083,0.32013790306754336,0.10839510689143754,0.04477704721552034,0.7586602818592718,0.4736084697934075,1.0,0.4729355468609355,0.5733836372433824,0.09830853187143687,0.46619418348286024,0.5379489287075983,-0.07504124030064356,-0.07891435350112996,-0.4657593971578676,-0.40115631975951527,0.13508342085310693,-0.026627218341464774,-0.3370653796609212,-0.2143330710790638,-0.39577970393976264,-0.5092715759737798,0.4637511158378961,0.01194188988814696,0.09966583330825127,0.09304112665751894,0.14790367995606954,0.3669262974172186,0.33908725564273434,-0.13346946198849244,-0.02763643174845078,-0.14541403316728213,-0.09282621564881982,-0.30921760355235783,0.17359039009742203,-0.010966242533527062,-0.5536440685286687,-0.26103625756047594,-0.47284958381058306,-0.4428209632414761,-0.14387344785118678,-0.2354845908754741,-0.12993619444482607,-0.24782580103961965,0.2724284516628505,-0.03929629145511249,-0.17815261787153316,-0.1974232835885003,-0.2662490051050793,-0.0576966183657834,0.1426808473541486,0.17396228854363674,-0.20318019296369516,-0.23911945436460785,0.5086390488331679,0.26280995607578933,0.5153872035993755,0.3463481243420136,0.5784865797408195,0.3985182474295553,-0.30330670559932604,-0.25703291143551743,0.005429094563168235,-0.08892683970101044,-0.21161880505567365,-0.2746717715158975,0.07428740624210452,-0.007446515887128774,0.2732413707666689,-0.06773270368251699,-0.210068253518624,-0.24463980176481484,0.1558973239637528,0.15937400462867418,0.3305975144020436,0.330632778908388,0.16798920367344894,0.053982011270294436,0.4350655881518701,0.33248342061936176,-0.009780085186564752,-0.05097578175175454,0.18196570289084307,0.08645418385827865,-0.5025011154066156,-0.28201247203807056,-0.23882874388405584,-0.054006197140463605,-0.09942980266337248,-0.26793907513521614,-0.12433376368893116,-0.203849549915401,-0.22732197887160374,-0.21520699979548297,-0.25935159159904875,-0.17857888261347313,-0.3617079444160499,-0.29635576100564953,-0.4162390485098648,-0.09345270894574924,-0.2641938532251898,-0.1330394015850476,-0.09304850313110022,-0.3027933003199727,-0.35989659488352377,-0.21809945248529075,-0.29212800166508396,-0.10758671887883925,0.15728013208980865,0.28662080562353387
0.15639958218278566,0.3951386798428508,0.06569135027299888,0.12001467105072125,-0.16408146177265964,-0.5377738733180752,0.029443414536375934,0.40329892659258615,0.1456434096417989,0.22359703339023349,0.635289977275741,0.6919652666169251,0.4729355468609355,1.0,0.3930610011121504,0.2492782750849635,0.5181387986045675,0.7016122401600816,0.04235552222380424,0.2858803233449958,-0.403882188095908,-0.2549026925425839,-0.18258785613576717,-0.09393254390693337,-0.10035058823519422,-0.018024664774248612,-0.3772934087059254,-0.37752440432434536,0.5614730651715111,0.5261310472504688,0.13329733771814117,0.324367424630639,0.07102187077844381,0.2636591553914712,0.15268617197836112,-0.27252463578507735,0.3194496431389945,0.042672263903155525,-0.1269754971070936,-0.14144721842970115,0.5284609162414143,0.3291592098623985,-0.5229931853713339,-0.3606481668394377,-0.5383482915484424,-0.5073044366599407,-0.14478085959415427,-0.30425227972931307,-0.25135103421647054,-0.3329346564103181,0.09541917713372641,-0.0636170553542631,-0.06470908512488743,-0.1715997737184805,-0.25130669914288245,-0.12877147685811327,0.029936509966224246,0.025794489612879674,-0.25954982957140543,-0.3714628880882988,0.2885216491379074,0.24827595654879378,0.3840605208792606,0.286407604650364,0.21306165495152016,0.32441856058174107,-0.5222934498347788,-0.5858267092453807,-0.1784347580914008,-0.36110435478456115,-0.016902328596093343,0.009602823191991893,0.4148851494457384,0.31207026224565426,0.44828198261868873,0.019521987129878036,0.0014662096396574576,-0.10830837110331282,0.25441143634706326,0.29416712307159404,0.5460818456812224,0.4909271902074809,0.4270552632929946,0.30012778617402236,0.22188807311125963,0.2316844287077855,-0.1919434501269522,-0.17373064646236663,0.06510069489586741,-0.0835636036148412,-0.35396919987732267,-0.2822531186638345,-0.21689857787811653,-0.13842884249842174,0.10442766241246652,-0.05949733663470784,-0.1360657681620799,-0.1830354043262979,-0.2714474076806203,-0.21969198647149898,-0.09254008953754787,-0.1396086117620538,-0.13743494278761367,-0.18494459494275972,-0.201695666847406,0.050408242372137584,-0.06490197129517397,-0.011468103292076412,0.06343877684992916,-0.1862511494142592,-0.467014476063513,-0.31192973758137865,-0.0840688871204045,0.02689649127851948,0.26701067213157315,0.2993827640423789
-0.19428820350738585,-0.024011872367320667,0.07031583973617432,0.17229347715470358,-0.1538721789174472,-0.31183554686457676,0.23825515905700342,0.4085168575098823,0.31487239614992224,0.5204417735335027,0.5955142951637661,0.4072424618607064,0.5733836372433824,0.3930610011121504,1.0,0.5173206066266921,0.08888121661040448,0.32467872155027416,-0.015742256357915898,-0.08377682916418981,-0.044842515520671804,-0.016821613299524554,0.1676156859362412,0.23015907074095415,0.01972354393448368,0.1884582293610634,-0.2405874176755044,-0.2581884872795979,0.5176846434967177,0.15045473770633877,0.36479985298542444,0.4475533202702008,-0.31829521535813715,0.0653471430029184,0.13186126082618288,0.11722382377065098,0.3405299282610837,0.26824359626862443,-0.08946527468117506,0.006315914952482914,0.2812222070714867,0.20592771780443062,-0.28614145520300327,-0.39153642371531555,-0.41597321971040935,-0.2794796812802421,-0.36506995693803923,-0.37596548485211434,-0.38481762529482616,-0.4886571913567259,-0.1321054717183099,-0.3401813594982685,0.0028056355217614065,0.04667790170595741,-0.4305641015960921,-0.45553095240997565,-0.3638777384861821,-0.30910163523785456,-0.3705789669088174,-0.42760198768598295,0.1822240244020689,-0.10765997657064956,-0.016327232374447324,-0.16713414342966332,0.5078066168530924,0.4546293331207585,-0.5094990910229753,-0.19304270427904627,-0.2852870104341694,-0.24233273940018013,0.168193495369248,0.1673300182317233,0.04027416661702462,0.1983125804600596,0.3073753350516714,0.3275778921537857,0.2569468567789592,0.18888713151237518,-0.12644953731439354,-0.039875778075172626,0.035782123146922244,0.019247203988035033,0.6084560681920843,0.468923284362993,-0.08474674328805909,-0.11464826319292995,-0.1598529669276874,-0.10521856518949131,-0.1230115135380174,-0.323217984383368,-0.0955544538592786,0.16903414889400556,0.2599617701470503,0.42000661943028234,0.031731894684757234,0.06301063970786579,-0.4146681467187783,-0.3868300289996292,-0.5002709788676694,-0.42061689795995366,0.10225411604315533,0.17032184151496887,-0.027089652020933025,0.055871921027116564,-0.0063574485727514,0.04756148680604555,-0.18512023589779797,-0.08879108627791509,0.15990975062707607,0.012143374998348038,-0.19188926110180549,-0.055822783802808265,-0.00689173324972623,0.28933874601478066,0.2142028997721664,0.2523792767859231
-0.39236477905960115,-0.1449121469502312,-0.10848979695018075,0.17068394156676311,-0.24878544387190143,-0.16011251722449157,0.035160588925286944,0.3679693730225713,-0.06442457825161163,0.4875694001188604,0.11821151921632225,0.29628921312292567,0.09830853187143687,0.2492782750849635,0.5173206066266921,1.0,-0.11744311938784718,0.024781594056246744,-0.01346819796760348,0.13775461511887888,0.13127901391234256,0.17245131106354017,-0.08025937151259968,0.24927039078950688,0.08845489231036018,0.33679846856323836,-0.10164185899670447,-0.15173491993627003,0.27738191752613867,0.11863405123420939,0.45480867170982864,0.4519927616277253,-0.3943713238928833,-0.06397942197894867,-0.09983865182843531,0.14865458754065083,0.2867253235267544,0.3054956015909125,0.14685400095010134,0.3007683941947265,0.3223513371984229,0.2854712290738502,0.002545505537408442,-0.21941755701339358,-0.1289881279360983,-0.022647583146166963,-0.23915236125326428,-0.13022253461325842,-0.4283030810108299,-0.2730022986233716,-0.2218582245921266,-0.26480644719568214,-0.02745715255538905,0.03716226538111137,-0.21576964907657437,-0.30384908751015427,-0.4715307323288376,-0.4328796640661654,-0.4834420311531906,-0.2205449487790507,-0.31277991494483437,-0.20893726583544614,-0.323476138764225,-0.39670725105042975,0.0974837236594863,0.3828086953287407,-0.5036230942334337,-0.11068115310852597,-0.3643915390369549,-0.33718726453335396,0.2678529538776961,0.31090846765705143,0.17319776312439314,0.3019254287287905,0.20509441128241376,0.5040407671663026,0.2620195441536321,0.2652657221594072,-0.2647339334341186,-0.2411295084011704,-0.12499612295059989,-0.23672787096158754,0.4621807545761495,0.5656349487711161,-0.23085155670657717,-0.1264172887047417,-0.13912270707146093,0.05407900921180153,-0.20324492042464876,-0.25535497771000326,0.08646999840611823,0.1135098488358159,0.28517254719789326,0.2564980049493943,0.2691064540037804,0.19801993501982929,-0.1323002069418705,-0.10356495641740153,-0.33552341822762005,-0.2621529465640416,0.09347445195051295,0.06774026368581557,0.006574998468484136,-0.035789064154132015,0.12360788454089192,0.1188218309465394,0.0021294316753364593,0.028852829925941986,0.2056802354365974,0.21711989234327467,0.030993370239681357,0.032222223280810515,0.2268676307600797,0.22825185238323561,-0.011005887713385329,-0.0073120167076795315
0.5655775558115052,0.7195884825957877,0.008518536311277882,0.12843505427537197,-0.2895116519840144,-0.5139713711703225,-0.2719761734053998,0.09747511517342465,-0.11384417917626471,-0.34857143603550655,0.5862061994266633,0.41342831651848305,0.46619418348286024,0.5181387986045675,0.08888121661040448,-0.11744311938784718,1.0,0.8007843818313144,0.1770614712375647,0.27288815986310383,-0.49674139484566715,-0.37028739650328746,-0.14939953066288972,-0.3474083776971205,-0.36042314228553135,-0.3154553689090523,-0.41504929375589106,-0.43629848172913566,0.30815578760809165,0.20752095916225546,-0.20080510729771686,-0.19828110520760642,0.6514735066951195,0.6552286640888471,0.2542572876729594,-0.3678364547722859,-0.1858964756814885,-0.41166090982004766,-0.05588795567675808,-0.4130884500598999,0.18073497521451928,-0.11054958903932084,-0.6416602932101171,-0.32032440757795255,-0.5194993923608779,-0.5167205855615286,-0.013829151837361385,-0.3504761642760575,-0.19658518831863542,-0.1317323708776046,0.12914469472288656,0.08020797483504097,-0.013282400392153356,-0.09129386352018484,-0.10922578753230147,0.10631560534252373,0.6249728893356843,0.6259429098132511,-0.0922473260844121,-0.07178563663202113,0.5094375726942058,0.4478803016764663,0.7301748090026934,0.7322543639739023,0.23909556303204263,0.22805812642901938,-0.03484737768910469,-0.3561354719060889,0.2928261670475388,0.07823937518168597,-0.2877633202196071,-0.21598442224990455,0.23806118524532885,-0.06463922290067822,0.20455951396145494,-0.5094642973714004,-0.4276733943001091,-0.40471288895299057,0.4723731326315692,0.2555604405475063,0.7241795916981822,0.6832967053412792,-0.05432015379677419,-0.2538527505154345,0.5265159604448586,0.4140283939978211,0.0877730154705795,-0.13448393938381104,0.35589603884990706,0.27221257495032736,-0.5675868792093424,-0.5021599949293104,-0.5467070852676955,-0.5093286918135216,-0.22618438758057446,-0.5583851635400815,-0.14233813464973977,-0.09765662743754892,-0.13967377306045936,-0.036560840532087274,-0.47972411439307233,-0.42913320864479565,-0.44909181711313956,-0.5015029048198743,-0.3665056174047673,-0.05062154011240236,-0.05781586962579605,0.06867585167422108,-0.3861841914048404,-0.42669111493065626,-0.41615456960604413,-0.47441964122563424,-0.3023971639381277,-0.3267965040330978,0.25094974388539126,0.2686824033349264
