1.0,0.45406213725344413,-0.19076179588303077,-0.5039250412808864,0.08035940772648577,-0.33170870943314384,-0.055078462521914805,-0.1673912172416824,0.12848611718164799,-0.3051611526034386,0.23217624065145245,0.24427777556161157,0.1092687149667576,0.0732910984070637,0.13267527025541406,0.15805984039092866,0.2504623930948189,0.47064082697894133,0.2993170941056822,-0.10220172885935107,-0.0030608950606496425,0.1111837045783126,-0.3264803022480314,-0.41009096823186963,-0.44902358363969974,-0.5553180814200335,-0.024155613804334217,-0.347472852388322,-0.049109035161267016,0.08452839856599641,-0.43402480674425303,-0.4429327176657465,0.3259243566363932,0.16726084128678548,-0.18974055495342831,-0.17215699178504112,0.03137962951818876,0.15244251112150692,0.004773329778325157,-0.19432166002714704,-0.06610866997522882,-0.01851475301108523,-0.20098826158420957,-0.10243783501029234,0.2458270273475199,-0.004477983049236199,0.17075887966674397,-0.32929594023663483,-0.013023913590444292,0.17162052445640893,0.01693277756237897,0.1824538738365002,0.3878523404712477,0.24663702447450273,0.03633523868443542,0.028915347220203592,0.6014919070683885,0.38955189117582506,0.5125714222239569,0.32162394841967856,0.11453801625461657,0.17336241341990735,0.27333116908484,0.23429176454302328,-0.2913696106841928,-0.23728302566074883,-0.038584618769791114,-0.4171534083012464,0.27263617218640845,-0.038637490203393764,-0.15492998871841937,0.053682118864114024,0.08573806861945824,0.07588042104461262,0.1596006251822132,0.15015349408905135,-0.09337539180125684,-0.25619151055285017,0.3130080379934129,0.13617964815465794,0.44301044441361803,0.4943829662193056,-0.2945205657766548,0.18185323455846902,0.013359944367139939,-0.16085014113832705,-0.20689653649119805,0.20117585957205716,-0.30237163722659427,-0.07203584120493622,-0.13816554906659811,-0.028506396316789445,-0.25927636442569074,-0.15097516267019298,-0.0816434427973855,-0.0664895867177895,-0.24323222399438046,-0.3350347991095321,-0.004955129625337277,0.10182942535960958,-0.08600841265536924,0.28704268475757155,0.1270419571261934,0.1180876342026688,-0.02494180603904402,-0.09412078419269992,0.1935676780766773,-0.05873603648374121,-0.08332059883968865,-0.3131999363461648,-0.3025385476030029,0.1482722675918909,0.11266968604017683,0.005267627921921254,0.1297338444956193,0.1887226259654505
0.45406213725344413,1.0,-0.21315849302932413,-0.36998815690877596,-0.12045030829069563,-0.09824335571420804,-0.14551560089474086,-0.34739398815545164,0.1493719984106945,-0.30611714310635046,0.19519942834052031,0.11923797416423686,0.12906317802266884,-0.07283159889282464,0.3250062301407637,0.04131077568208466,0.3778353373280193,0.3706285627099904,-0.11855027456748549,0.11557174900591671,0.11955112068660849,0.03607010191290046,-0.07572027997885879,-0.19962886133968785,-0.23016053022852695,-0.3892783149949504,-0.09925383786535025,-0.08304968871408731,-0.14455247689549935,-0.050543279503337056,-0.4080999099753193,-0.5877132201685236,0.32448456960198574,0.03332163929269405,-0.194541319805073,-0.32721104506787396,-0.32454296113025444,-0.060208138996835,-0.028554156983634133,0.01028881289069802,-0.14490671614894085,-0.05989680799818079,-0.21980054420625722,-0.11118764835926107,0.2721490906816761,0.019258024946656443,0.1724047066891153,-0.4787016736526438,0.33764420564731723,0.4287052742084891,0.17517926451180854,0.45388285039855697,0.4285957071604185,0.27049444122788374,0.09391342894540287,0.07135619660700951,0.3912517962776662,0.7641234368894176,0.20981566600842577,0.19275081066971272,0.017371913066926283,-0.1228542801301417,0.009235508845242775,-0.14326885665077127,-0.09959654986367074,-0.22326736606942232,-0.2286893250770373,-0.4321892422429663,0.2848963661932421,0.21552643412476977,-0.28866461110230734,-0.09339488450703536,-0.11548056251301259,0.05188214555593858,-0.08942553336582515,0.1398317576261807,-0.21483643530476812,-0.1538174692536268,0.3229558826123393,0.364010453846158,0.1939200874316394,0.28498870377593244,-0.14453578653759874,0.03093430485747829,0.04587860910403109,0.03950257339464656,0.019499350376344704,0.14191131940993,-0.1470992246659852,0.11686000429531967,-0.01821169187831465,-0.044392986089715966,-0.18470500383970362,0.0019523198225873616,-0.046925687201866045,0.038633267094827894,-0.060760786792585605,-0.05768243073211427,0.14977925868455635,-0.0412873474173032,-0.1571550944197257,0.12417524727465105,0.0007133072215631462,-0.2591053304036368,-0.0677244586354815,-0.11093619533474426,0.12076862443735957,-0.23677262603329002,0.13863717908953538,-0.11676812430379842,-0.14061865087310824,0.38982652958925285,0.42293861979886566,0.2051115381402856,0.13152480490502338,0.20982421201600826
-0.19076179588303077,-0.21315849302932413,1.0,0.1205256690909134,0.4997055287407569,0.1518435918187785,0.5264957829713383,0.1270990906694157,0.5297304297792735,0.5218255458861072,0.3392354546015112,-0.0562745009954352,0.29475930232437464,-0.06134567119395858,-0.19777338272444744,-0.2812193027809504,-0.014853529320169374,-0.299821171908408,-0.03922091692865772,-0.3539278274427418,-0.1745814089833484,-0.08808386577724876,0.3793051930252909,0.12366911975782932,-0.1047622157451753,0.147616099372563,-0.026292252745732457,0.20011389386549383,-0.2491970410171474,-0.27214274782668224,0.2590529680439237,0.034166779804578364,-0.25926041634122465,-0.15288213151797153,0.06740313422334253,0.28559169290725916,-0.30763697210238894,-0.43020209603269804,-0.21944225457676061,-0.27860870725373094,0.07787360829908177,-0.07419714405369951,0.22623008599709332,0.03868557309076099,-0.28118601684091676,-0.16304866459737752,-0.01904437710631623,-0.010276744834396133,0.07098646514489232,-0.418244086290014,0.24149807053509093,-0.2132805215313452,-0.1502066879330983,-0.16371403587318706,-0.14086099664422802,-0.38551049283329086,-0.15483863341503246,-0.05132976601080781,0.08941896200492501,-0.4616111325227768,0.2529795408035845,-0.17841191832416567,-0.2567791595301028,-0.1992854738080009,0.2591910984445186,0.331124754689531,-0.06684625841520704,0.2825565419196546,-0.27794849234034574,-0.1952929520320529,-0.0059305073846173985,-0.026527011634162354,-0.11321618907598525,-0.0050591384270717125,0.055516469249333095,0.14143282110217364,-0.17080644257853017,-0.18371557978890551,0.05154208875186669,-0.07266389835795388,-0.3036643423124441,-0.2087304126820605,-0.2963745582925321,-0.6418509712241625,-0.0011850456524884236,0.03429364868148879,0.03565738430663334,-0.03291184580252633,0.42645637699876937,0.1742123289077082,-0.22235325760338193,0.17827220583160067,0.1391974233928697,0.16276762896854508,0.21468792589082983,-0.057587331104187345,-0.048001399935237186,-0.2428886093398153,-0.40444292140313337,-0.2683246206985421,-0.026892502156413835,-0.2524366013256142,-0.3259918619770381,0.07177056087467,0.05010852846393927,0.04269096915937178,0.06255096699733294,0.03155247938107248,0.052581871211191254,-0.14068392716193445,0.08288147361683926,0.05298298357511873,-0.13725258782693017,0.2631685639118776,0.23611850511621085,0.21808271465582454
-0.5039250412808864,-0.36998815690877596,0.1205256690909134,1.0,-0.1798728969441419,0.42798157080329213,0.3446203624722531,0.3797280782288294,0.13553525033742422,0.4132276371529466,-0.2702029560692149,-0.06139847771224565,-0.20950098836038175,-0.0276752083002892,0.003163378044277011,-0.19823869751916734,-0.26778490868961985,-0.5064144599491683,-0.32913486756945143,0.17792130627798525,-0.22469240190946835,-0.1463212218577064,0.5744818332725308,0.781142826084813,0.3888202407350942,0.6324887296737653,0.09729832259449855,0.4700793369830216,-0.19014646829267348,-0.3029330004776516,0.49005278020612647,0.5179277276597516,-0.2766590879592072,-0.1599888523531125,0.19964175843132698,0.22133525905304757,-0.1779402586061275,-0.29477429362178253,-0.23177088035041227,-0.10007470489787418,-0.058333903988233314,-0.15898796567698104,-0.09061003399348551,-0.16832914155266654,-0.4967548347636832,-0.3226500406665864,-0.42775947467510383,0.08211283660880538,-0.3339383102647094,-0.33332190841790293,-0.30242731446507876,-0.34737726200540586,-0.4079352673162069,-0.1724004883619483,-0.4008385990065907,-0.3583959403216778,-0.30375479849271236,-0.2635049491539002,-0.4236790460282932,-0.38452984500440723,0.09886053099550707,-0.059113121107177855,-0.3980881886266423,-0.1146140095409531,0.581967456679223,0.46668851139503875,-0.2865031144045692,0.2701739590101068,-0.255592314381845,-0.02234440707654156,0.143690398422169,-0.12427851313110504,-0.053238551631156046,-0.10047988637780024,0.09333154167126896,-0.0907444439832438,-0.028481030478854596,-0.004762162729976557,-0.3733639252928043,-0.12050806662624035,-0.5472814991727503,-0.6559629870224536,0.48835466096717106,-0.2215145928941861,0.27497804053096103,0.16026830518831958,0.6274933295583033,0.05806511681349027,0.5301541145590476,0.15395851552468115,0.16018303958779737,0.2852644332511297,0.6161044786273312,0.3883536402067237,0.012176155326330398,-0.19919607409834386,-0.2287970943975478,-0.07043844542165001,-0.34641005873210706,-0.17187698388805106,0.11129596827496567,-0.5306577338946218,-0.26595854519400414,-0.14217186537184776,-0.07315326804682502,0.10983887064252172,-0.08941201732039199,0.0095804606310073,-0.07527663933427338,0.17945170840713795,-0.00918993668454248,-0.0495890169646833,0.04206297344551712,-0.10740560917994556,-0.07887009475230082,-0.16913316049109375
0.08035940772648577,-0.12045030829069563,0.4997055287407569,-0.1798728969441419,1.0,0.16705284410018464,0.17839379696513985,0.15838005899002994,0.4243908636517382,0.3458642558188115,0.315926618707932,0.08795873141522081,0.39804078882160304,0.19637026610587957,-0.04064409564946033,0.07522670598734711,-0.03554582699938816,-0.08524830004886928,-0.016191115171984325,-0.2923183391842728,-0.000746301914483115,0.1943591576556309,-0.13665119758531377,-0.2077234035118966,-0.3478395443883103,-0.18885735238912255,0.21340972000391853,0.08961144574053082,-0.02698882223663156,0.024082608532174844,0.08732612918510868,0.07219677650948045,-0.15718501224954753,-0.054185632692918,0.32766868127267856,0.4824823972991676,-0.10238585104537903,-0.13205197383268902,-0.12907578657426586,-0.30350584793916596,0.09849757662570534,-0.05275609332175671,-0.020132794986407423,0.005662555827628171,0.10379104451285706,0.17622898245391735,-0.06977531645759524,-0.1292631223953004,0.16733386572186043,-0.18232776392781305,0.14842620133712575,-0.10371452802042386,0.042609022544421206,0.036286645731608766,-0.10614826027149503,-0.2623220328343788,-0.026766430376468725,-0.09062753703484419,0.2626325785736164,-0.09719552385645838,0.23323108821544442,0.02194815458923279,-0.04286848413303303,0.055425517565517,-0.2331959431358151,0.077894765539994,0.23303265624682776,0.29664618504163626,-0.1148208268079508,-0.14346666328551405,0.007167721478720515,0.002948415612594593,-0.04285996989536828,0.057076319936799576,-0.08968073893313994,0.21498113007430292,-0.16240459316997677,-0.05093880837497873,0.023845434231052155,-0.07857064361058061,-0.038217696454913117,0.15323582532253985,-0.3506535115080887,-0.07846122698963635,-0.2897987209064427,-0.17028539953173868,-0.3239743709568865,-0.03667585087364346,-0.07114920096247489,-0.20117094068149288,-0.24128470597295926,-0.2692580358463078,-0.05963040270692464,-0.1648574741613853,0.08457740863445655,-0.0626967666015578,-0.1389360528476447,-0.3315821274004708,-0.2948072010424868,-0.3123181084755096,0.0949675442728985,0.1424649786519868,-0.036067980183840484,-0.03213860931780456,0.05754039701263641,0.009445022948513107,0.19107134592176603,0.09244839156679314,-0.13150976551593732,-0.3663836605146364,-0.14986759794364532,-0.08295726863832416,-0.24176730789727058,0.10782350453453528,0.09986178618691138,0.06129612852021975
-0.33170870943314384,-0.09824335571420804,0.1518435918187785,0.42798157080329213,0.16705284410018464,1.0,0.2805112805500202,0.2055992918707872,0.00357708406432395,0.3963452427819544,-0.19789372234934632,-0.07189588796984528,-0.1470685011127599,-0.05148873149439136,-0.07250690167759172,-0.20608693323153784,-0.3937015781604051,-0.38355636093914336,-0.3406226429210287,0.05382847314793384,-0.027663699435747327,-0.027155792846467453,0.32694937130077195,0.4340306265294693,0.3010482680500296,0.3540661767827699,0.6794462680162525,0.7313643929058478,-0.1184636593624691,-0.37851956710243656,0.17422435017868637,0.19251717868488083,-0.3778675835663362,-0.2994787094529938,0.1759218737600142,0.1940195299395086,-0.36813236137479005,-0.3555384907903864,-0.28754367712261164,-0.08773793079179572,-0.1336293171393733,-0.31858444751253306,-0.23336894034722042,-0.1759835251580464,-0.31009378184102904,-0.12548908180137527,-0.3222934308753176,-0.013551372157693864,-0.06187853234988737,-0.01721131688385011,0.09151379453580523,0.07249184976405312,-0.024602532672673115,0.26055653073517526,-0.41735823880751943,-0.3455491071332916,-0.2688283488162971,-0.27882537312060884,-0.22619661551487152,-0.08550093412539789,0.05035142624428314,-0.14287114556098182,-0.31181434185063783,-0.24727264848903505,0.25031322811894596,0.2742178056455837,0.041006725660353543,0.32515591872678723,-0.167610904012693,0.12018680538172254,0.12544620087145783,-0.08467536567380675,-0.046866518644840593,-0.11876607608809202,-0.07109375678959981,-0.05006619148247468,-0.3469977540756021,-0.1312002110028473,-0.30930865857325573,-0.1785502133976997,-0.40963053570765645,-0.4477804014336237,0.15702582974345114,-0.2549820131284398,0.15835261790488495,0.09024249654080893,0.1437609259727157,-0.048323621159594286,0.31926265222353234,0.026509962532069414,0.12292497212307492,0.19533565881507803,0.37383146376544085,0.2285763740216008,0.12783379252687616,-0.13959278064925798,-0.24208854364242824,-0.05808443822384181,-0.2862264170597506,-0.2537059698119654,0.15817227898659172,-0.3003087733367528,-0.16697126853391756,0.11895696689180074,0.2516489624486766,0.2269169615238015,0.0743983398700377,0.2603318529910715,-0.08821823134841732,0.00864644452681615,0.03539519631748693,0.06891076998508332,0.013909944376108107,0.16404460893337727,0.06875586784819214,-0.022802272689730202
-0.055078462521914805,-0.14551560089474086,0.5264957829713383,0.3446203624722531,0.17839379696513985,0.2805112805500202,1.0,0.15985932059957428,0.44915750983925085,0.37335686517100575,0.05004857862298027,-0.09835459952927474,-0.017021865606919144,-0.2199094783393613,-0.04241342085338085,-0.4584206752165485,-0.1574786061482026,-0.35023330513399403,0.001328738091117312,0.15396328964341557,-0.2791692487855896,-0.3653084846266572,0.5413764489167249,0.5316147274696821,0.1778609317661189,0.19879830996771508,0.09928140221539664,0.28910045063152784,-0.23277575726286884,-0.4359772570056283,0.30713405530495713,0.010495033763485099,-0.31924327090137294,-0.11490958023992204,0.11843017654254809,0.03039117356282857,-0.3285549349322452,-0.41482616676472994,-0.11974307137288023,-0.3249041628558274,-0.014450118726490848,-0.15414002517340142,0.08196852117339797,-0.2069644146182093,-0.49213327986821015,-0.445132137437,-0.07170088335032668,-0.05847732350521246,-0.30563967423126825,-0.35745635017180105,-0.12728943815368418,-0.20669460683368093,-0.11344740995510333,0.13439385985998964,-0.3018066343995728,-0.4430336426098666,-0.17760340234885938,-0.1118189312797372,-0.09249959732378787,-0.4651020511696474,0.18670546541174568,-0.23055822063641343,-0.22918916076388868,-0.2464228575698889,0.44155047884765813,0.1121576786663499,-0.3091164082607855,-0.014798753179441487,-0.1487858003310674,0.07986796909533649,0.07798265097199297,-0.2247930427320719,-0.13095307359747435,-0.06979242317515276,0.27348601148436286,-0.05303433712224567,-0.2914776124135226,-0.3290438300809933,-0.07128123759836609,-0.16830430149566686,-0.24167602235304064,-0.40275412920436265,0.197861012013494,-0.5025139261958727,0.3650482425184755,0.06417600311889142,0.44062311864317205,0.19026252549200517,0.4966262906233216,0.12292469642983782,0.15126602243384837,0.6063726941220831,0.36040821199118894,0.4422342105364792,0.34545142584441485,-0.2885118078791182,-0.3831948736788277,-0.208809436888265,-0.37197641645623253,-0.24475267063974698,0.04637023927773109,-0.3440179116367597,-0.39224230498689583,0.04984980543479621,0.24130728677026123,0.23109833259303328,0.2697050433431685,0.11433898214682665,-0.1927061453051618,-0.1799184846760133,-0.08137867472632966,0.185176928851829,0.05939182471032273,0.11160563518553766,0.32009569649726527,0.19562793113114083
-0.1673912172416824,-0.34739398815545164,0.1270990906694157,0.3797280782288294,0.15838005899002994,0.2055992918707872,0.15985932059957428,1.0,0.06159531133486084,0.4669617835985884,0.18774865992916068,0.5347932756042276,0.23881072598350814,0.5558125194557111,-0.06926421714016252,0.2333718219098827,-0.16719433484364585,-0.15116089959636414,-0.10132462220197433,-0.32246843366455813,-0.26706275280752684,0.05597366274565895,-0.21255725320997387,-0.0132468467125011,-0.2611536569971959,-0.022741034068168912,0.15386777307762659,0.023128371468372926,0.12265595358051443,0.1386126771397251,0.11558984050651633,0.2673794887124784,-0.24989709391555706,-0.1563458040678327,0.18130197192748185,0.24472027875840452,-0.034801706476815276,-0.10091655652349008,-0.09312137561640939,-0.08264212885905012,0.0025846476832099403,-0.032369061100878276,-0.11142546332603488,0.0049795189723848,-0.010461353190774072,0.09888569787523027,-0.22916220601285323,-0.08921707839431244,-0.1473247679090736,-0.22773458935349045,-0.24921287138670906,-0.23466911355204811,-0.06701128590846907,-0.13570439858734465,-0.1762827535657238,-0.25702052982724677,-0.37765416885855835,-0.41064549533848327,0.008131774764168286,0.201689807356345,0.261181286369446,0.5094216209280011,0.12145632223532435,0.5077882830088246,0.03917634999952838,0.5098539792449389,-0.03732073450780227,0.33445715842913315,-0.5064847058572934,-0.3064820924517649,0.06818130581283184,0.08355049229138381,0.09137522129045383,0.1008809440804075,0.2015200710908549,0.21415883269381072,-0.00027231468260087205,-0.08176913085046639,-0.382686907993389,-0.33053567821331575,-0.3539569336068747,-0.3383718187708569,-0.015919020965793503,0.08452227898666302,-0.1597192932598521,-0.1454739609570524,-0.03322525773698572,-0.08637019094347516,-0.04758178975815743,0.03827716813126439,-0.08802473640361642,-0.16418700840602532,0.19204656354158373,-0.1428823721258817,0.023195976914876567,-0.057489091496952825,-0.2784470452390315,-0.2705636293927381,-0.30147910296620983,-0.3313408312225639,0.264460388641146,-0.18704593356036994,0.018913898738829926,-0.11423412035253673,-0.041216317360515925,0.03276977332957506,-0.035929501969027264,-0.008453354419047966,-0.04585924888565405,-0.18727868107066373,-0.28552858975607825,-0.18064626857746288,-0.10166840394711703,-0.0942849023620938,0.09070869324283246,0.017859791464804185
0.12848611718164799,0.1493719984106945,0.5297304297792735,0.13553525033742422,0.4243908636517382,0.00357708406432395,0.44915750983925085,0.06159531133486084,1.0,0.4739814119939597,0.47178945183419535,0.22981993027401432,0.47100072018774675,0.19114380483766688,0.3128675049141085,-0.024797574559186474,0.08120428563276909,-0.0807463405528091,-0.03258099851511875,0.019093386605696976,-0.22322078610236396,-0.011069641195712805,0.2955541214296618,0.14424020786128985,-0.32491540197049523,-0.15223888699654858,-0.1352223531352783,0.060360318478328685,-0.1491893973337651,-0.3234073258397111,0.11622002793445392,-0.08232626177533928,-0.030286659441841203,-0.0980034458066155,0.11558173259818373,0.18153158058795735,-0.3471719741412165,-0.19347043540534772,-0.2692656804607774,-0.252052893494849,0.027599276204563025,-0.134134569448579,-0.03058829089833462,-0.199392050162431,-0.35997253811945173,-0.34209441079438396,-0.27870441451076516,-0.21916068413012924,-0.0750328804277642,-0.4095461954663034,-0.18750732992683083,-0.36370818424338464,-0.17648517793734655,-0.13909057504687072,-0.2854020375585343,-0.41418768420668384,0.22436798051711873,0.24467091143713582,0.30339379047483933,-0.4235459537700775,0.48416558828684886,-0.000743247955553857,-0.2355923996574042,-0.03007725756332015,0.31301415385237025,0.27815579483910413,-0.3956446206258929,-0.04515103231006646,0.08822096543731521,0.07343399968088778,-0.07832345671017428,-0.1310947723461323,-0.0025070043407525843,-0.14811873958371483,0.06378416343047494,0.06193202462573066,-0.08034638432694328,-0.3013234426659142,0.14083253784681296,0.03444565541065446,-0.1642272914320779,-0.04018032164730389,-0.17823117155154145,-0.4009851700463612,0.12426404382018715,-0.11173715434531543,0.3021235793113835,0.04246991817695173,0.39642693375507787,0.03650728386725044,-0.14041200466770182,0.16733392640810796,0.22218184345899006,0.2554447863957091,0.010917286824574924,-0.31253289438669946,-0.24738437619346437,-0.3232940718626029,-0.4370959421434652,-0.25418769327827206,-0.08184116094573719,-0.13918441137407683,-0.4199193297540364,-0.23200948410644232,-0.05321069201106017,0.052272647640910816,0.15008763432040204,-0.1571899584878681,-0.09499942235688384,-0.16350409350024386,-0.15851613961249691,0.09096952674704097,0.09772165684816661,0.09834522138141229,0.09325141245628299,0.06991567611091262
-0.3051611526034386,-0.30611714310635046,0.5218255458861072,0.4132276371529466,0.3458642558188115,0.3963452427819544,0.37335686517100575,0.4669617835985884,0.4739814119939597,1.0,0.156088305110444,0.21650476299869548,0.19056970666371817,0.3377420835513476,-0.08589927907949584,-0.09458008523519291,-0.16722561548795703,-0.35415505817254567,-0.19206030214139239,-0.2070684423405571,-0.3459569689543488,-0.05453612731419891,0.24553863034609574,0.2485719672393883,-0.0343903812758046,0.1832721466099954,0.08777551090873936,0.30603589253399516,-0.18126424204890312,-0.2223640323316058,0.23624247577499094,0.17883926341197576,-0.42470888706444,-0.22300370682211473,0.11339000036139549,0.274757352804004,-0.3922153593049844,-0.3411482081035876,-0.31070745401835986,-0.20126009153011998,-0.0010891316016536522,-0.15287555210579173,0.034909537326413345,-0.15696924498371118,-0.40989412591334545,-0.21392450392866674,-0.3017557511495269,0.04350432429261851,-0.005140258501774368,-0.3818953118121236,-0.0183436618731801,-0.24870251743883348,-0.13276831473692546,-0.1436245137284472,-0.39706997891964974,-0.4863085277364247,-0.24824991497065219,-0.24963891806719596,0.02401320388567413,-0.24593968134719754,0.38589440159233634,0.22966641680209357,-0.2725296908835641,0.042642200377397334,0.44920499801044883,0.6065853711824837,-0.13764134802661546,0.42457674450530003,-0.2893034215766891,-0.18899303373107162,-0.0668074029167476,-0.056079616371753425,-0.12699413768310056,-0.1385426493067247,0.04588430469338874,0.13675372916528908,-0.14902801164829232,-0.11391179926796731,-0.1826643413285619,-0.21012364292979663,-0.529870103295645,-0.5320900002664071,-0.09215171085939133,-0.48310337373936857,0.04962549068735558,-0.2504557855903215,0.15071821119053638,-0.18194875092323398,0.5261881071338504,0.20547935870995337,0.14854156907355523,0.1440805688657069,0.4688373978873782,0.2415092192470895,0.08559109348243799,-0.15341114293061742,-0.23423941246702842,-0.3350756731581509,-0.46816029300946105,-0.2871780375016314,0.16841794148364592,-0.29888732796960293,-0.30871218659984484,-0.0027234341083449114,0.1046511902837819,0.12264437691371789,0.009415491645019744,0.12305326329100609,-0.10399054732625515,-0.07634319334293974,-0.010267857372226222,-0.023726351839085842,-0.020452494370466947,0.0733610178866047,0.040476721522688386,0.010263462532814667
0.23217624065145245,0.19519942834052031,0.3392354546015112,-0.2702029560692149,0.315926618707932,-0.19789372234934632,0.05004857862298027,0.18774865992916068,0.47178945183419535,0.156088305110444,1.0,0.6787054060486126,0.9035894735251655,0.568079388136343,0.4617529188359286,0.31904541843296386,0.2742683084417968,0.30714103109594254,0.1954282118261653,-0.22921316168112882,-0.002192071191515478,0.04063068948939079,-0.2838416336464143,-0.40842929381719506,-0.6266218340868872,-0.5553609144618069,-0.24162055898616056,-0.38132703906263055,0.24894018257173553,0.05977095033819063,-0.10345367566852748,-0.18395378282132918,0.012666740526673194,-0.04358646464382308,0.004179039693421571,0.06354094065739528,-0.0018923922739828333,0.022418883585976785,-0.017081214493592824,-0.15766723469193142,0.17053307152664207,0.0841476664662312,-0.10171777742190462,-0.17938856409296017,-0.08379300596147247,-0.202421937676348,-0.09899064618445161,-0.4843752559596181,0.16397793994664084,-0.24132202467507205,-0.02173570459276641,-0.08142096454970019,0.23178224073418527,-0.06016344742231331,0.06223158168739086,-0.20015389998636532,0.004707288739074107,0.10275207211008074,0.6171530093301874,-0.012239703737005076,0.6609203358849473,0.2951191144273951,0.388402106868479,0.4317286674910136,-0.18802332631856683,0.15243535892631827,-0.22742076091237384,-0.19673504633523856,-0.20370495146173737,-0.2261010701400104,-0.011457599290806596,0.013755097759102932,0.0714838236910299,0.25494000591795557,0.2327579631312535,0.39803211406452765,0.03802119154419609,-0.17147129670475128,0.2568237313383162,-0.08666814797561131,0.21446818308793814,0.21592561552141915,-0.2872217681502532,-0.07341299426526156,-0.18066313448256824,-0.30697478483589574,-0.15324289973891095,-0.04010727919188207,-0.21539798875766794,-0.14190492024515683,-0.2561436779620866,-0.18259910665585358,-0.20132786021800772,-0.17145694535625428,0.06172511970897842,-0.1807347849094973,-0.24276242842974294,-0.4278128734671472,-0.24247472459823005,-0.26936246343337156,0.07571683594269274,0.11641426785912981,-0.11461663015302354,-0.24388853884099154,0.061951879788788355,0.02072944553739517,0.13745579459945625,-0.053544502780227564,-0.03311528736841905,-0.35686341066907884,-0.4299144867349779,-0.08157640663807898,-0.01650924252491946,0.07038816443722049,0.18935808335513443,0.2043082861433863
0.24427777556161157,0.11923797416423686,-0.0562745009954352,-0.06139847771224565,0.08795873141522081,-0.07189588796984528,-0.09835459952927474,0.5347932756042276,0.22981993027401432,0.21650476299869548,0.6787054060486126,1.0,0.7075727881790063,0.8677151999368041,0.44958580517484514,0.4117826309717308,0.05874936081852336,0.3076998095785084,0.00031591878983241783,-0.19468729062734716,-0.04871109027354788,0.13241519563245338,-0.38176903389237304,-0.3189666189598693,-0.530587479135165,-0.49974428007835514,-0.1266937314425241,-0.2889135599619583,0.34717387829528706,0.17264150624116006,-0.14135720747586444,-0.019984241611443666,-0.08033620226262102,-0.10729283469005069,0.11018446875095993,0.14926331305240712,0.07577562368469107,0.12528626998337167,-0.029979835126293264,-0.056337546965728534,-0.02999258829137173,-0.09464988833041248,-0.29418382253233044,-0.28805442097438744,-0.046529305746953645,-0.1742181434852469,-0.2773778951210642,-0.47390763024242577,0.041074930154015435,-0.1322331690869064,-0.2371100050169754,-0.05533013548269982,0.22361160018299867,-0.04699528811497777,-0.13506370697635012,-0.12125268652030315,-0.06639369167299544,-0.0661580086677048,0.5543944333061007,0.28311651533375415,0.5611502425204287,0.5098591244858581,0.344230548905419,0.5841765288252717,-0.18186916805878175,0.37165467140052055,-0.22425710270606108,-0.09424328659843209,-0.2972974035323382,-0.18158099875600447,0.13322134583997544,0.2110839787777755,0.2953755695028836,0.12180023588512981,0.31312176367530653,0.29905026911911226,-0.05424424981677105,-0.3357316934206205,-0.014931444914887728,-0.2895724911263431,0.11484849089742069,0.10993589845591696,-0.15794075190564394,0.19417143192778102,-0.09441615932353109,-0.3348983264208272,-0.09402318522508221,-0.055706603021709815,-0.27529496121808855,-0.13492669288514492,-0.16693267929656258,-0.2901324165039856,-0.031794157039664574,-0.19335879444443235,-0.0013022737540130526,-0.22269258375028517,-0.33214147985909975,-0.4198686224059682,-0.21225941746160823,-0.27784070616745754,0.23415065311530767,1.1157070085539704e-05,-0.07223496622940463,-0.3278923339181901,-0.01673196617632107,0.061458797431049726,0.032933328091732425,-0.008291252151252426,-0.14729798412013245,-0.3520038031716852,-0.4916800593231254,-0.2611950569430298,-0.007394009734294482,-0.08064361465325222,0.1625316467418476,0.0971606518661005
0.1092687149667576,0.12906317802266884,0.29475930232437464,-0.20950098836038175,0.39804078882160304,-0.1470685011127599,-0.017021865606919144,0.23881072598350814,0.47100072018774675,0.19056970666371817,0.9035894735251655,0.7075727881790063,1.0,0.6846421415019974,0.5130521172611654,0.2980047858086576,0.13820263690885368,0.2236176449329019,0.09742996177899702,-0.17909493400812218,0.06468520491110143,0.16867478564892557,-0.27873150549479253,-0.38344648016463395,-0.5945417090934396,-0.5321505299257563,-0.1968102214180403,-0.3006021368638349,0.38787048294678406,0.04057845687163944,-0.013965227127466085,-0.008851176152454858,-0.08221387423101009,-0.05662445934777054,0.23780509149209433,0.24388530720279666,0.011917494279608839,0.052577036650738145,-0.049013428753255095,-0.14489022193419998,0.0350133726376056,-0.09630399558315499,-0.1492223968792549,-0.23340314619849173,-0.07734060908619307,-0.19240181377342067,-0.2134938826099303,-0.4581600763025768,0.14981072626771916,-0.26989533165663043,-0.08770035325997455,-0.16862026015993237,0.1355751920746404,-0.1344291588493819,0.005066333460089007,-0.12142776179539626,-0.0246448641080418,0.017400482371594486,0.5882143913105411,-0.048920462933527066,0.6732206194379038,0.21759306772018477,0.28745534234394715,0.35204571541222973,-0.23511095816170066,0.18474794714361198,-0.15397711598905,-0.08208519652267772,-0.19108269116236976,-0.13995706450622383,0.15232682388476484,0.0768604005628175,0.21085270368068332,0.11320223538613818,0.2045045165347356,0.314968689556286,-0.0035922257695286,-0.2550351352726486,0.16283351473189134,-0.1936013203557776,0.18001094140716808,0.21472682846573368,-0.2392016810040415,0.0037760867274931826,-0.1537473774502492,-0.2560352134610616,-0.15191372135692086,-0.10953315753478439,-0.20424164242443374,-0.30637564444914445,-0.29953963251193466,-0.2935192541330312,-0.20038708167977287,-0.1774933656970857,0.09113062777863569,-0.238308916914903,-0.1852236688380646,-0.36121649464065064,-0.2132201297466632,-0.26201068137514294,0.13118698489725772,0.0863210997234866,-0.1302549294307143,-0.2870552311785838,0.0677024728591789,0.125381746900261,0.11878840130654794,0.10245459313243652,-0.09778850410683447,-0.36372482295385467,-0.35839269013884073,-0.29991650002851106,-0.09485027708205139,-0.01765270624039104,0.12766734072456631,0.10428283717729844
0.0732910984070637,-0.07283159889282464,-0.06134567119395858,-0.0276752083002892,0.19637026610587957,-0.05148873149439136,-0.2199094783393613,0.5558125194557111,0.19114380483766688,0.3377420835513476,0.568079388136343,0.8677151999368041,0.6846421415019974,1.0,0.42729562567937307,0.5182533796020642,-0.10703262960690098,0.19542332478562552,-0.061503440833586547,-0.15922138472565286,-0.06501110498084545,0.30149020196734344,-0.4357303311931676,-0.31984698465848965,-0.493734126599531,-0.42084151281657883,-0.0826126452504363,-0.27055076765554004,0.41125064557178675,0.24067921317816757,-0.11979352125631608,0.12857100260566798,-0.18592430137606444,-0.16483793948503161,0.21283679205286296,0.27605260386966646,0.07093813677331404,0.28048170666262495,-0.0988512883986903,-0.02051780874744456,0.003604845694609831,-0.14543717896435782,-0.2587348346726317,-0.2633650200493256,-0.029885484171411215,-0.09029659382925631,-0.3730822332293952,-0.28002448388214385,0.10664381993918787,-0.12334675414011627,-0.2528850132153259,-0.10820432372302348,0.14493453606600837,-0.1672746669741848,-0.11570218825740146,-0.09761105119756078,-0.14906376966365972,-0.262872529277391,0.5156039551862465,0.2549027575116856,0.5549210284895022,0.5674567897253743,0.2531369824533824,0.5600408293480694,-0.2138942283405728,0.3994530775526348,-0.050443709471261394,0.06497262147989465,-0.2738413244230587,-0.21441717717831427,0.15154956085178573,0.241634519929872,0.3276741401883267,0.0557031763320876,0.18746791006561445,0.18314005825725807,0.07631413919523579,-0.18756390676650955,-0.1362527372862108,-0.368644377907589,0.02665630587870563,0.06811377585856979,-0.14852678282954546,0.23241823763884262,-0.20060459028885233,-0.3977425948327603,-0.20874108551917886,-0.21107058840178783,-0.24918114393000113,-0.23630223584561974,-0.09964624882654212,-0.393189158123196,-0.023154328562151407,-0.1781200841322791,-0.10872464209695654,-0.17434533941993047,-0.14126836489898004,-0.3157981178213443,-0.1939763340221441,-0.21838455428145742,0.22662169031414264,0.05225105352465668,-0.04432768042133029,-0.3141386917214245,-0.052171156991621274,0.0588421821783883,-0.04603355344877181,0.06520084773607608,-0.16941338238235903,-0.2018726501393527,-0.3065664875295346,-0.3983514533718272,-0.148764573828642,-0.24763570557484596,-0.05847151527716007,-0.11655517327201988
0.13267527025541406,0.3250062301407637,-0.19777338272444744,0.003163378044277011,-0.04064409564946033,-0.07250690167759172,-0.04241342085338085,-0.06926421714016252,0.3128675049141085,-0.08589927907949584,0.4617529188359286,0.44958580517484514,0.5130521172611654,0.42729562567937307,1.0,0.31530895664443254,-0.043474564161347866,0.1190657024522323,-0.030261132668086433,0.3476556832848182,0.108420872981594,0.1466680019839616,-0.033920369629377514,0.07069892918681503,-0.1799188730048141,-0.22981573285760384,-0.07955607876798619,-0.16537980199593202,0.36942660500098307,-0.035541198448614426,-0.010617120870134437,0.08616637579968978,0.004355909021649305,0.08294649854520224,0.18415105747682806,0.046340055063782644,-0.04228632591794208,0.12481306474559521,-0.1110821082128139,-0.004625791266276187,-0.05351900402102348,-0.25936975074760493,-0.3513803035245641,-0.4609602682382374,-0.15771604560449146,-0.2824211933007953,-0.3949284799653828,-0.4111723647777318,0.011515069891074604,-0.08143644603843639,-0.41032301143961675,-0.14379315795323355,-0.03725660519863725,-0.14247565757585562,-0.11995989322539465,-0.034972668123989484,0.09503237532670541,0.11477270451194084,0.34417802789486357,-0.10346667355139307,0.5409864859193273,0.06082980489766317,0.15288193695202498,0.1546035959411341,0.10705624095430274,0.054112815602782686,-0.2118822218607172,-0.26816973363454133,0.056932157109397176,0.10006566873827616,0.05966242518950063,0.043331594431929854,0.2826082136832743,-0.038245143449554486,0.20869093293201374,0.14813315527987841,0.23180700906572924,-0.13598726738432612,-0.023113271928763345,-0.05435595019953247,0.06071122538806625,0.07622913248547249,0.40373496946361165,0.29468663138448514,0.16760998889511253,-0.11513532869057017,0.31495727916821437,-0.07072692274854808,-0.004450636121405338,-0.2762022346481665,-0.07613790493998847,-0.16654212949253117,-0.07945888623167939,0.11792118343226306,-0.18936012117269507,-0.2980994567706965,-0.10826411019605657,-0.1630310770745966,-0.12370358700805972,-0.19096261679257723,-0.018033730165350672,0.06365162794751293,-0.1409114321230782,-0.47733545257234344,-0.14140212826021048,-0.02475213454474191,-0.05623091813176836,-0.04185456532221934,-0.09085984226597849,0.04291919759611052,-0.24467591488383753,-0.1744042592522956,0.016216287894817116,-0.16048119203215844,-0.18312385947037474,-0.10976595046680718
0.15805984039092866,0.04131077568208466,-0.2812193027809504,-0.19823869751916734,0.07522670598734711,-0.20608693323153784,-0.4584206752165485,0.2333718219098827,-0.024797574559186474,-0.09458008523519291,0.31904541843296386,0.4117826309717308,0.2980047858086576,0.5182533796020642,0.31530895664443254,1.0,-0.017297391989950766,0.2428466390628284,0.2665082193705255,-0.10100144484886682,0.15952549909944685,0.5706157504900162,-0.633217842174626,-0.4949580227967325,-0.41657225056679065,-0.35383905002940264,-0.013907157744613012,-0.44292245921917917,0.26243345233449256,0.4227999627247686,-0.389865243386346,-0.0010305896754596781,0.25582944642457667,0.0976416841486056,-0.18698331070457744,-0.10263955790663631,0.2898396643952602,0.443529645167944,0.23613410030823248,0.28992653848848693,0.132631148397702,0.1479569502544885,-0.2853508271152567,-0.0832712076286653,0.36411252000349936,0.2570873495324721,-0.11842222390680968,-0.16025104712799287,0.28305872029543416,0.238320191070195,-0.049485269022373296,0.11938592332971382,0.24953182689583103,-0.05330051718641342,0.31837682909020176,0.18372247273517145,-0.00814087201738347,-0.09871193599880794,0.32367597570005063,0.4745465447428982,0.23857156070350108,0.6200685809917065,0.5493647153265747,0.6541846708668959,-0.30652686174388616,-0.06256947293064292,0.12419562612530179,-0.20552321265595216,-0.05826503397858314,-0.2382291424192425,-0.15000044888528308,0.2854596864833439,0.14764456271970863,0.18962085587314018,-0.0055877167001713,0.08907083651785237,0.353950228767888,0.11649643160807381,-0.09396790914959048,-0.011465833105925777,0.17909945650085513,0.3497151134827942,-0.012708373113841265,0.603258874168694,-0.39337880729249886,-0.31576251892641743,-0.33942124304121746,-0.06959324789565183,-0.5445559442627091,-0.16746280434342656,-0.23070863156597543,-0.4874260063322561,-0.41732374308887515,-0.3986671242085511,-0.4996550340050621,0.10360082450237744,0.21545789468322854,-0.1707070056974248,0.10248467093208023,0.01874804621091394,0.002952043584502266,0.3136557271785484,0.19992271585818722,-0.34806132141208923,-0.3185301979580842,-0.4307397846058365,-0.332693025485006,-0.265750172952555,0.12273786696795137,0.038275906086525306,-0.40714644564022473,-0.20623434852386738,-0.11904724065111612,-0.21267092528645762,-0.36397007126513775,-0.2138600616093546
0.2504623930948189,0.3778353373280193,-0.014853529320169374,-0.26778490868961985,-0.03554582699938816,-0.3937015781604051,-0.1574786061482026,-0.16719433484364585,0.08120428563276909,-0.16722561548795703,0.2742683084417968,0.05874936081852336,0.13820263690885368,-0.10703262960690098,-0.043474564161347866,-0.017297391989950766,1.0,0.5822356583888187,0.3038662703365631,-0.08983442791314625,-0.08454797628812194,-0.18957765910137608,-0.2243467533156905,-0.35606955427120734,-0.3342688091488662,-0.33650972992710815,-0.4190834583989764,-0.2836422139444045,-0.1459918199338616,0.28610442700866845,-0.21698870876620113,-0.3091402487202803,0.29508461662671365,0.07388513251072193,-0.3156188138672531,-0.3174618692805257,-0.039289409884393424,-0.21384035768891932,-0.09536064077140469,-0.17106395754667525,0.18605570464633378,0.31838321911640877,0.13036863917878702,0.10691027046065847,0.180377657275639,0.07077384863508013,0.44243057323733276,-0.29997147361138227,0.07074350899119962,-0.08990470253703792,0.10395258035462937,-0.03312415731648039,0.2201384041189722,0.022723977185636925,0.34579869254572154,0.03187756462851515,0.45935023329101127,0.631614338726198,0.1687935777122697,0.11397657978718484,0.0480796559061556,0.16891812557339855,0.30700537566820507,0.19595854043054206,-0.15881830550637563,-0.14224596895734165,-0.11911952624878687,-0.31827409033948206,0.29999742004895763,0.003965847541478167,-0.3916011136821185,-0.2309910031561491,-0.3750161744719112,0.2632956473119381,-0.11884721924653471,0.2814703162624697,-0.0058597375454877195,0.2178901723606822,0.5308529943704627,0.6037724360107819,0.4324931540546007,0.3326474511128307,-0.3725794409752539,-0.0765993989803403,-0.1334324379973362,-0.06074151405201598,-0.14137883817332433,0.017862178057802283,-0.26712723483107825,0.2063979568861392,-0.010309508252454106,-0.06058730111479453,-0.19431685471497864,-0.23299843291380248,0.06586756728349523,0.09065030317945726,-0.121112874145199,-0.04229977985936166,0.009331526617531765,0.0270063726441372,-0.08465081783726892,0.17862351487621103,0.05476714536561149,-0.06243542473099878,-0.022094139745983697,-0.10725661370496276,0.08826905554558158,-0.21928853637909218,0.010309143003635609,-0.31144947601190576,-0.21746543119100176,0.14941821499579283,0.26510261014765846,0.049538823942194436,0.1895252928237443,0.13794958489058062
