1.0,0.6877517741793843,0.055890878518730806,-0.007985491003334944,-0.45990222213995624,-0.38053010589566,-0.05762495295804731,-0.32094584005557697,-0.11779999455952572,-0.132390016542179,0.26880977582080884,0.0524643635347125,-0.2305752293845391,-0.08359591282734019,0.44500310880878957,-0.08727647339100564,0.5396498910522725,0.4067044873241072,0.16024900926560726,0.10895716191866316,-0.4333501822399144,-0.40571784826091484,-0.05371771275749656,-0.12744364554642432,-0.2938731643285966,-0.2272578460410107,-0.08792492214302128,-0.04684617116904895,0.47434962227852323,0.11996407750007718,-0.3467135183737131,-0.4199563632180541,0.40766437436553493,-0.10033476957180901,-0.305013043799514,-0.31596489080254914,-0.17523573271232157,-0.24740102599500535,0.30475750594930023,0.3258802678664939,-0.15964063797134137,-0.20727382831903712,-0.43693825490855953,-0.4084291453556069,-0.0859715072305982,-0.4608643234532598,-0.1278379013024549,-0.37159995260044465,0.3564013327754692,0.04936979897938752,0.20517133288917266,0.34832761691441627,0.28344521479013496,-0.08479870655675914,0.10138006634923964,0.15197238457509543,0.6841562527692723,0.6333579751060653,0.29707150469001947,0.1782712656465599,0.3028684952773889,0.36633430693646474,0.12773310663321294,0.2613104855950676,0.08760228498695777,0.041017744386434005,0.03055641164459304,-0.4150574857808596,0.1518360679666526,0.043703511061827786,-0.2632949080717354,-0.22317305201381174,0.215499448649622,-0.43737670513220384,-0.29741942224558193,0.06628335639970405,-0.17838453269514504,-0.43308350204198925,0.15789047424764865,0.051662815051354866,0.27755035175968484,0.2808111390957206,0.4053744217486121,0.10962684125304814,0.33415427278361387,0.25048376007119366,0.5651258472457178,0.3169409336759947,0.40831597762583577,0.45603541877123205,-0.4078447418472812,-0.5212495662725976,-0.4908833072248664,-0.4489035884094627,0.09946604479117004,0.0658197699833214,0.1146466653684308,0.25124877431697584,0.17039245010876738,-0.08184253398743133,-0.23530379544242996,-0.282072819301043,-0.1586041690585228,-0.5851446384080355,-0.5571904435439634,-0.6157359293755867,-0.42649359004886855,-0.11635187405163612,0.31794656656958037,0.023632720545179578,-0.15037288289563022,-0.177673719075031,-0.06174733190306743,-0.2572113389839102,-0.3813863762458333,-0.2530933550717845
0.6877517741793843,1.0,-0.37840844394883916,0.09588175289832875,-0.39839986716965275,-0.3552311914149908,-0.4557972306074984,-0.31336220235192286,-0.24578554201044286,-0.1921429407746832,0.09197805475203344,0.10706367908884801,-0.24456132271738948,0.05409699622391165,0.22624749845640899,0.02293269990650091,0.6365078184299664,0.5863224634920368,0.0570730045710609,0.2297311795903511,-0.5513302198934413,-0.21916312620249317,-0.39918595804643514,-0.40948245014713286,-0.4362453589968703,-0.48540836880444377,-0.2231580796696416,-0.23780323314375376,0.2546392643496609,0.40839590719368835,-0.4057115106598588,-0.5002035967471518,0.18067813510048888,-0.07667045195196547,-0.4160603670073288,-0.3312155796973619,-0.064993860905725,0.05094650968955114,0.14797781728746637,0.2733202670714235,-0.11954506600013111,-0.039070286292756926,-0.4016522980765984,-0.3673867609986996,-0.027959130980894444,-0.4042437138508531,-0.08492067549905725,-0.2683018539668425,0.0707478962343002,-0.03901177699722627,0.0457801117687685,0.21620798469455785,0.3470756108840354,0.04174780416841424,0.05593171700562124,0.15107491765750508,0.6224358380603006,0.7770961963443591,0.032381996766226995,0.2640633191199501,0.13066019981919239,0.495809852840194,0.3239185977382389,0.5351050219473963,-0.21264678320028282,-0.06262306234112576,-0.15037252886516855,-0.35083079666208816,0.09826698649954728,0.20677123988795856,-0.1393029184295349,-0.017816957464267258,0.15643733260518486,-0.1717334934359448,-0.1627718663056001,0.08377984407170667,-0.08679907952208528,-0.20226128911597777,0.2326548540442237,0.1486644976928752,0.4923504129961909,0.5329358482922576,0.13454432598310184,0.22335886032889582,0.12074592306578394,0.25450963158699735,0.2929100451921232,0.22773583388600804,0.022816412944085245,0.18954441196679667,-0.07759997630690123,-0.40331905694378506,-0.32785579491065575,-0.48375199897748067,-0.1804525835097959,-0.11971627070135081,-0.04900257161783851,-0.01801091903622258,0.2381789764106179,-0.15961179870710804,0.012238075321839905,-0.09106861325364485,0.04713770498389147,-0.3875139245794538,-0.32914889140734904,-0.41907054869815985,-0.2405323420937014,0.06365890575759936,0.019575382924879346,-0.10797062142550665,-0.20365333202159647,-0.059091751860771737,0.0757902886474326,-0.29168215119323637,-0.37669733273157163,-0.3684951997641268
0.055890878518730806,-0.37840844394883916,1.0,-0.14911329987392183,0.27858662576121446,0.07258622873327747,0.6485876762302226,0.017365070800633656,0.45552707135181214,0.16048907113588715,0.5112334906969745,0.14552923818407598,0.33854365854368884,-0.2238173583059193,0.2519691600228495,-0.26629040176700147,-0.2802594158178778,-0.29930947190908436,0.25444483700904186,-0.2871598139083515,0.29958684905698146,0.017965804854275427,0.4924750547582124,0.31592886146879773,0.15187506406387588,0.19770555024568812,0.1637766620533907,0.2586707574744051,0.276544954958176,-0.3892418798834965,-0.03709785706250567,0.033671080829777926,0.1292440837661523,-0.05943114573296448,0.24686659066816494,0.15684399484249056,-0.29920178286327925,-0.40074385477904045,-0.09570401079039076,-0.07820025310929143,-0.15898321226719073,-0.20662280685686593,-0.029010268885145424,-0.12970641944584463,-0.07863553485403343,0.05870271931719077,-0.29411890759460313,-0.2268325047130815,0.4469905172901751,0.0415931225925517,0.23637200476461703,0.07558998338756433,-0.17309952967320186,-0.2579942382217139,-0.05719578895812828,-0.18850211603647146,-0.21427231703652988,-0.36675580887442666,0.5892252504106152,-0.11637562005099751,0.4700530202216889,-0.19157062134346356,-0.2798850873272473,-0.46485745297438175,0.4769311908491649,0.20770908937355106,0.3876511062336296,0.22225294284401728,-0.06004418753083383,-0.26109002179213564,0.035396155618379485,-0.155260130984315,0.06016081641310316,-0.10388330110901006,0.004215212665602325,0.07554029170532867,-0.05644676810772536,-0.1741924633244283,-0.3627320609580037,-0.3108748869195454,-0.5336124383145824,-0.5758551498975004,0.1702464058492338,-0.2673658766108907,-0.03294020066365312,-0.25454948503565655,0.27944705489406907,-0.1247342496997058,0.3901257828015413,0.06566837290914548,-0.2830147677708602,0.09084018920762124,0.021965353743406937,0.3254122752521929,0.17127935414893036,0.21895789025574428,-0.07711722439245879,0.11296153188698281,-0.25508331127874234,-0.004306478122759132,-0.16551397137682747,-0.19110564926253984,-0.1827140294191601,0.025861754377807775,-0.056629871595764866,-0.052211724191111336,0.038736294052560356,-0.10989691022894146,0.2629763299966701,0.19819660441048204,-0.0907034735866161,-0.28733025026756004,-0.1449871933596731,-0.03401148520118178,-0.029247423697011273,0.17864799749308233
-0.007985491003334944,0.09588175289832875,-0.14911329987392183,1.0,-0.055652788510944975,0.20284679510618733,-0.031947671166190364,0.5576239013220438,0.11105104297088075,0.5133481560187013,-0.1767990502300225,0.21104348770240478,-0.3055835080208079,0.10001334864912134,0.07763013892438765,0.4729414161549725,-0.16256385943601237,0.09916449562181864,0.27113646628386434,0.2607403941743714,0.027556502990000602,0.021692216881886914,0.0612671899361365,0.15798243408531124,0.005967964677865154,0.1267525134904281,-0.06802341952417691,0.06798899286235266,-0.2165653526448517,0.09013845902191576,0.06624012732449651,0.2253983151812254,-0.17079350468181684,-0.13561517557743627,0.08305585693841694,0.22552572592084222,-0.18592678470416626,0.04971904649066769,-0.16898996090244114,0.000517645233528962,0.07777163533921104,-0.11828492485864849,-0.4488547215038794,-0.3374089749338249,-0.4306135093994419,-0.423623133710015,-0.3190035265544772,-0.3498210397512925,-0.43341946941704995,-0.3986524336700379,-0.36745128800413984,-0.239740302883227,-0.051506732103890666,-0.20040841959696135,-0.12534314718362585,-0.2563567038931924,-0.039134144100088586,0.08705074209330523,-0.1999372273240189,0.0550248237163234,-0.20700656617455776,0.1623316745511854,-0.2405061040490071,-0.016606435925182222,0.1541785171330826,0.4502052608449559,-0.30213375652962,0.04691112709862692,0.18671722024420095,0.30527672933938566,0.015194991356336203,0.11664018015507635,-0.187130525535776,-0.040819114342848184,-0.037654975957414426,0.05958477849018509,0.12793627189169318,0.20230613262065844,-0.20550717574305433,0.07486626345569813,-0.023483240104202083,-0.05885908640274647,0.25948399755832674,0.3515918870483168,0.12471675303021586,0.2846444810523542,-0.1467527423639339,-0.03149299480171777,0.1993280403385541,0.037441221888278226,-0.009478030332386722,-0.10973017760946939,0.3128891948841789,-0.058282113155271,-0.10058056829156854,-0.1975597068947024,-0.3330053099663506,-0.15811966695612747,-0.2701864465325913,-0.43114555280429384,0.16716008675008043,-0.08623055475093364,-0.0018221305147756422,-0.23390548603844474,-0.1346923327109211,-0.07972122254944909,-0.15818937957771997,0.020090600058070677,-0.1824889769867976,-0.21160834522949365,-0.29142729680132956,-0.009663562823260825,-0.10068085955740562,-0.2307563693084994,-0.11530095039758714,-0.08336235079578695
-0.45990222213995624,-0.39839986716965275,0.27858662576121446,-0.055652788510944975,1.0,0.5566756638314923,0.3228223896190703,0.11294238801664316,0.4593050515193539,0.29167374269013113,0.0872466140085122,-0.07540499060881838,0.2341196559055334,-0.14427280406822213,-0.09896161573456118,-0.03121379670209113,-0.3382606981629719,-0.4272237504465784,0.056454456188541405,-0.12866602291297613,0.5092866836995682,0.3780788367336462,0.21613092596686298,0.09461394256429721,0.2413237779188824,0.114138481213857,0.46747464343222883,0.2272761946915917,-0.2152660482808109,-0.2666833687476254,0.12216159132622241,0.060372010555334074,-0.33322022340695867,-0.15103342954953075,0.2509810773633791,0.023377395733838756,-0.13901048042199107,-0.21467107553287976,-0.3363009046775493,-0.42285372440356356,-0.17701459065394332,-0.09647365829370616,0.1850457366949524,0.05071305651493331,0.1293748461303338,0.32102398737348575,-0.15851795355494339,-0.06770292102093656,0.005666586913679179,0.12819426116901655,0.0013340038783615287,-0.0627465530768997,-0.1605910403977004,0.05807703030128653,0.08520350075910672,-0.2548700186739592,-0.3061018108381569,-0.3551281636157779,0.04702955769774947,0.009643340677843854,0.03784710657941931,-0.25301697117968197,-0.204627898182411,-0.3563741077430838,0.0995542245203608,-0.04778372186062079,0.08722230181065703,0.3338352853526075,0.0644058729590179,0.024498071404079766,0.449713922322839,0.20574223201500438,-0.08630538168103388,0.0904814475716129,-0.01638468488047414,-0.1337803061644791,-0.0017694491241881064,0.1729800763997609,-0.34699385794626575,-0.2663765697356835,-0.35626927174090955,-0.37927731959486016,-0.07672873075019844,-0.1208961392049613,-0.06862414914774159,-0.19500866128336283,-0.25784500742125693,-0.3394433536432375,-0.033343048466533444,-0.15353613722571566,0.2857225545835769,0.47129423575536755,0.20986386375043295,0.34576144710435724,-0.23739543902191987,-0.25969379296700834,-0.4307631217446754,-0.43908307234367033,-0.2315829288326624,-0.10297512750529264,0.005716427301696318,0.13949079610575507,-0.08603622753094384,0.5404273617319624,0.5050315050178054,0.41589892097586145,0.4093522285671401,0.045172028232413244,-0.3317156463367156,-0.17664779003250086,-0.1788269960304409,-0.20450152038734154,-0.20084947846060916,-0.10838906304978103,0.252052556092828,0.11172782534735265
-0.38053010589566,-0.3552311914149908,0.07258622873327747,0.20284679510618733,0.5566756638314923,1.0,0.1485737790652907,0.3446543622080368,0.24420159789570278,0.45505920705160313,-0.15691700092578398,-0.04425723150021052,-0.03212164736247875,-0.05920964997232314,-0.22067556513130332,0.10650058183531647,-0.3668413394035847,-0.3655510913860615,-0.14433668205218517,-0.34672293740290705,0.20838251067192165,0.35475946123992935,0.2536329121366145,0.3506189837796783,0.3765059540506706,0.5529002590930803,0.6250443098675843,0.6247532322338474,-0.33957688638016403,-0.272269293819423,0.20893294977923016,0.20961694441884055,-0.3567797796796417,-0.24696475300561388,0.451552560515903,0.35262004827593696,-0.3759066460578053,-0.2989137440473091,-0.3160982801922617,-0.2001410473662103,-0.17449692141816558,-0.20278198496490135,0.015445744723840499,0.005154212698512691,0.008324845612218803,0.22512028495018008,-0.25004801352501954,-0.08254027506448416,-0.014202220680489777,0.014017650984750642,-0.0012624165339867903,-0.03062340906103498,-0.3766335206094915,-0.23803178840871744,0.006688576059650655,-0.12855608331814466,-0.21464037975325975,-0.22596373647882545,0.006952305519373423,0.06996674416898024,-0.08717215981796779,-0.03551889880212172,-0.32129147382828327,-0.2670700548003199,0.19612055947544704,0.31590549850975047,0.05213566570593237,0.5311676824288863,-0.0751101090850851,0.07261355529803531,0.12411923974048673,0.06472793073915972,-0.16877022194686056,-0.2681289002224316,-0.30447980765369476,-0.2652044012902381,-0.38066474293622793,-0.02960154973999386,-0.35310035724477307,-0.14734533681796566,-0.4163916553409924,-0.49229914100939137,-0.002344030901423839,-0.03630403785310791,-0.03657664493507293,0.09072746946144769,-0.1795539359632231,-0.1922662657454569,0.1430700113713739,0.11947152360510434,0.11223495498018048,0.18627180010590405,0.23404402531452,0.13705733804312492,-0.29194129052270634,-0.3788815092207161,-0.21261491607906796,-0.42107866582665954,-0.27637959417223074,-0.1824572760059913,-0.12000866141810569,-0.011250134555376374,-0.1834929596790242,0.25179614866467137,0.28921053983128947,0.31154245447520745,0.305114150843931,0.08188962439292778,-0.2769005738002373,-0.20250689306811917,0.010493605288898774,-0.20573707031026892,-0.22141784076254625,-0.18568556972446085,0.0815990209953542,-0.0683904237145392
-0.05762495295804731,-0.4557972306074984,0.6485876762302226,-0.031947671166190364,0.3228223896190703,0.1485737790652907,1.0,0.29114809964946065,0.24981436254665743,0.12064334380839815,0.1467250401479577,0.00362733062335634,0.2180200172123732,-0.03530026927781888,0.15180798258292943,-0.1095391496742182,-0.3790046778392911,-0.45711552350455964,0.08872424249198749,-0.14602846988172613,0.30102339192446015,0.01629238498332829,0.5150008396640665,0.38603362393213825,0.08458970509044728,0.1652514590235022,0.1716299333483997,0.10704335051546726,0.0899177711718258,-0.3199708407922658,0.20490215118115793,0.2225748010745851,0.081594054753736,0.03806458551294872,0.3291055132219188,0.09544802047962792,-0.189688127859403,-0.31745224042734277,-0.03998139510182428,-0.1905422780020801,-0.023751024677515026,-0.07252080820132387,0.06656524668816949,0.005306997967169267,0.000978236108299469,0.13666129125641716,-0.21067065094995108,-0.18971060982438634,0.23430456233155617,0.12650086467524677,0.100000748816324,0.010115218192687347,-0.29697973005440076,-0.08682254794175533,-0.1433530629763765,-0.28325731226770806,-0.3007949151923901,-0.4766514082957452,0.1279044169506995,-0.29415891497748703,0.2219011649206695,-0.3346989987364057,-0.22617284779866792,-0.38312705117005724,0.62564719511731,0.13776383766584716,0.015036275502496312,-0.008582034173831824,-0.10353925157501298,-0.3983460240873948,0.0030683979453399067,-0.12931264045827232,-0.022299168162153323,-0.014351313939266138,-0.0016299356273892598,-0.01674285171798495,-0.056858408735351744,-0.11651150951599992,-0.38342228754258184,-0.27170792905390906,-0.4598537436153405,-0.5019629961195612,0.435234860489004,0.06488224605114587,0.33014585785465733,0.03136877505605169,0.1937248643572561,0.008832790832134313,0.3198069527217288,-0.0538640190426641,-0.162503505897353,0.08176730660873797,0.0705817858579578,0.2693424140179622,0.2895610177942291,0.13005170788057654,-0.22358912124246266,0.12155573890316493,-0.26786927253435205,-0.10164234883634128,-0.1707430642594039,-0.20005094839549853,-0.2131360974296134,0.0029079715645099692,-0.009442592157710893,0.024892750579231886,-0.00704733429456518,-0.16792849978447427,0.20594269599960846,0.016448903834138672,-0.19711108208265593,-0.27160138394526123,-0.2921850480239277,-0.11373614107747261,0.12443418229368894,0.26446859979196563
-0.32094584005557697,-0.31336220235192286,0.017365070800633656,0.5576239013220438,0.11294238801664316,0.3446543622080368,0.29114809964946065,1.0,0.05682372172310007,0.35477613973087885,-0.27247353585036505,0.18277091067361384,0.1020486037731899,0.44399909599637144,-0.2419295876684412,0.3637859824740013,-0.3285955104630945,-0.3082306521867144,-0.08418769647209588,-0.054604715536764416,0.06098265687296726,0.020620697195916922,-0.07561268645933376,0.1823552353682293,0.011385762390817063,0.19272294899024892,-0.03316187614465243,-0.05385960292756516,-0.2499622661903897,0.0768295862254387,0.26881117102500307,0.3837204663372933,-0.23687720513240493,0.052676008004125356,0.15157128097397735,0.30174154915801527,-0.11712888560430887,-0.09255231491942016,-0.03581475535876332,0.06545934528472366,0.15007179026572084,0.038107631531669316,-0.24851188238877442,-0.2314856572187186,-0.2885247239071151,-0.18520716725194095,-0.31973895562150645,-0.2545550581577794,-0.3062876780995468,-0.39561965958968837,-0.2156585194570841,-0.34826990846704026,-0.20585558946566831,-0.2934274783808439,-0.28651366985388166,-0.42597972750643226,-0.38177473987680116,-0.35680436241036456,-0.17182133661199972,-0.04632536614528066,-0.02613696922267471,0.11402740575701789,-0.03840821721172684,0.06679888447226469,0.22995388010975376,0.3801988841968225,-0.14313168127658635,0.08374813567645203,-0.2411171313060835,-0.1725347076353767,0.008869488237944935,-0.004366528846673834,-0.12752030060464692,0.11015438198381691,0.08727967030009999,0.17422428467515672,-0.04656002118607577,0.06555723095624358,-0.341003862402206,-0.176893179574024,-0.23370589489916163,-0.2995707286618176,0.040849449828849416,0.28630943758813143,-0.07069614206963414,0.14291824862793498,-0.27593885763939435,-0.08366382369407319,-0.028104455220778275,-0.16787303012568594,0.06898835112470063,-0.08449640194261492,0.503652464324088,0.14701738584733645,0.17190636426873995,0.05008101449411868,-0.29212495441051495,0.10021700672509877,-0.3695955174806193,-0.2969307221699534,0.3504099514384871,-0.0038659247281406456,0.22883142062339126,-0.02144093482715726,-0.031706344119478036,0.06216187121961133,-0.004098209807226712,0.01580816008189166,0.06455735631987711,-0.05142517576670861,-0.29604565551533496,-0.08353239981283862,-0.06211202337129802,-0.029649283931280496,0.09063198306831946,0.20287108227084225
-0.11779999455952572,-0.24578554201044286,0.45552707135181214,0.11105104297088075,0.4593050515193539,0.24420159789570278,0.24981436254665743,0.05682372172310007,1.0,0.7344188758202956,0.5430118983867701,0.33349034040914693,0.37499890760286375,0.05806192817025097,0.314629663495219,0.0805536328408448,-0.35686686182697214,-0.229752501012221,0.09609826683405218,-0.3380979391451293,0.28454358653752343,0.014394533982454013,0.18143384528040182,0.013020446960997842,0.2428983633927651,0.20195034830167408,0.03521257896443603,0.22447547773389356,0.05865324533015748,-0.43556376253758006,-0.1288422357678332,-0.039770066825428725,-0.29055542130408907,-0.36262344904768695,0.13573572265137224,0.21820753830695386,-0.34236382314764896,-0.2867258172867398,-0.3311054537978712,-0.2602925135825569,-0.12027337943745242,-0.31777815853309976,-0.14421788862322782,-0.1696734905096521,-0.05911720799053656,0.06733996350041174,-0.23293288470403548,-0.29486740771462683,0.11307935457680819,0.011909982840023427,-0.11216749123157728,-0.028693611103554395,0.07037008047439951,-0.21901902215282032,0.06555487153628556,-0.16927951854254128,-0.09649149515095792,-0.16768981712232592,0.5477880600235221,0.08313974095153398,0.3351823751181063,0.13704148470503824,-0.4009009996000062,-0.4164689669139616,0.2525151517120169,0.45562083009698784,0.14182742095535664,0.3015532348869328,0.1263744005195677,0.09754951178230603,0.09297581149896796,-0.10757830630311836,-0.11231440305252217,-0.11525015341436698,-0.08806893739402705,-0.15380028583502509,-0.03371407433747939,0.05729610110130647,-0.3785705733641624,-0.2560844066812802,-0.4834212765428759,-0.43877103314767907,0.09186964386512397,-0.2781010039548066,-0.1287611612387576,-0.17292692528947823,-0.14936940428406426,-0.3234425921287391,0.27860027568316104,0.1943244259209716,-0.026862380962789173,0.16491165124238874,0.22141086076204208,0.3753320934537684,-0.08454587169703061,-0.16165236110492984,-0.3460798289905804,-0.24189389333852254,-0.15085328983877885,-0.04990033574970425,0.02406068183318463,0.030401096349493797,-0.05924322138671346,0.0751425125668153,0.13523654367718346,0.11765061799118252,0.05970099736763322,0.05445311647736491,-0.07364312150507948,-0.31312159788480787,-0.26479869446934756,-0.07146868035270612,-0.19879000350510173,-0.0696327997384144,0.09864699069591931,0.14087368205569645
-0.132390016542179,-0.1921429407746832,0.16048907113588715,0.5133481560187013,0.29167374269013113,0.45505920705160313,0.12064334380839815,0.35477613973087885,0.7344188758202956,1.0,0.27942909392471915,0.44928024273607414,0.08378947426872525,0.16715877901220813,0.2747660546496131,0.4154850749989254,-0.421169304673281,-0.23763589590113354,0.11546110654607575,-0.1720694421880972,0.1558758939229944,-0.120877620839296,0.14537651221697942,0.13871483515863123,0.19674935438815033,0.30943759140272814,0.014716649621699109,0.29731660596227005,-0.06722106659784449,-0.308818139823241,-0.06132685353331651,0.043568418935828676,-0.3467057823177072,-0.4159170880323932,0.15713721049455093,0.31979457220562973,-0.33605224665203004,-0.19246965788775414,-0.2787284690783681,-0.13784441428880073,-0.08830605123006303,-0.3189117889369496,-0.27579998103024145,-0.22246207363445203,-0.22162030323061016,-0.10462233617863802,-0.22796347489437735,-0.2923530312880805,-0.07963574281055413,-0.0877632908870172,-0.33225764528307505,-0.15430193031227396,-0.011012654561858737,-0.3523747395236684,0.013199599320628004,-0.12762533214730215,-0.08951481373860885,-0.12438628048797627,0.32712382493713194,0.11766678041396043,0.10034748430133193,0.2832956402080654,-0.46323046635656784,-0.29864849251655884,0.2628003684288981,0.6799712406667137,-0.0878067381833708,0.2813611955622014,0.1573175211241268,0.2527319743639823,0.007353552795897864,-0.18239066180261812,-0.10903717961069935,-0.25205953343647963,-0.10771401469297422,-0.1906546171575818,-0.11089151693780806,0.002336725348115875,-0.3428764228728979,-0.179449448746787,-0.36962490001806686,-0.4099852316374276,0.21460108664132255,-0.03072123301294991,-8.15905847648677e-05,0.06339769415085372,-0.1744856843705645,-0.20217978985598595,0.3230305293782699,0.24993250200632572,-0.012683799082772111,0.05040464282954877,0.4118372421418798,0.2616480125294519,-0.20182952116521855,-0.2515615434367595,-0.3460076282073989,-0.2752155895518409,-0.22870833431410126,-0.2807847761686062,-0.004653441578556867,-0.1593247170576909,-0.18638303128719932,-0.14771517911115115,0.053488898348449415,0.01200550627294028,-0.04509014592756668,-0.02413749688630863,-0.11684307415615777,-0.324580365328348,-0.2404381171556238,-0.0595399423470881,-0.1763681043584531,-0.22799677750258418,-0.074246368686621,-0.006769256814568369
0.26880977582080884,0.09197805475203344,0.5112334906969745,-0.1767990502300225,0.0872466140085122,-0.15691700092578398,0.1467250401479577,-0.27247353585036505,0.5430118983867701,0.27942909392471915,1.0,0.5647004925683521,0.571753706890133,0.18433591152145573,0.6611398797144941,0.12586021280179233,0.12185623936048359,0.1534200755617219,0.18361850537572044,-0.20726111357490826,0.12983289228593403,-0.1852468046125075,0.05854493988334702,-0.17785253271427567,-0.15861834936855063,-0.0757783057551044,-0.133186180140711,0.05183074034117314,0.659199001514543,-0.08999079885073931,-0.2548816332807426,-0.210487524071031,0.006858848409150822,-0.15179860374928794,-0.11415745337373118,-0.00038680777800812036,-0.05961391930616768,-0.14181145274076043,-0.09968333710535689,-0.2328819560372352,0.038747124348317126,-0.1265700727826109,-0.23443327780769585,-0.31165560849113755,-0.19671564949209036,-0.14897567830619218,-0.26181263020685763,-0.40183441516270346,0.2437803733334465,-0.04482560825698676,0.08455730672639875,0.011350255561577666,0.20324142759206085,-0.2231931766771337,0.06471643545209252,-0.13277575345696516,0.07951742167197748,-0.0384561232236374,0.6251230648719467,-0.029968629711191873,0.5403022998520604,0.23229780826304527,0.00686576618656574,-0.1409070415758363,0.20862148034466646,0.2777214843844714,0.15050969036788064,-0.047204699058130524,0.05803692250592323,-0.038289895952267804,-0.07129677537224331,-0.3845793816550697,0.3235211347463414,-0.17006767616643556,-0.010676606391980223,-0.09526245066853663,-0.06651674992891499,-0.17139971240705223,-0.05943341105892354,-0.07229057316481165,-0.11149553736676664,-0.04401795436875853,0.27486061507499593,-0.03320535817036693,-0.01589318592838588,-0.017642461104736256,0.18924862789098404,-0.1020044336397671,0.2784660857983421,0.2593655978694182,-0.25935739940100494,-0.0534331982984806,-0.07738038913563429,0.050230776198790524,-0.1298459259325669,-0.050520978828094684,-0.21084197688244719,-0.216340321213432,-0.1945621384725792,-0.021233278654518403,-0.14138426052539665,-0.21303063745900466,-0.26585017926061527,-0.11116335168600014,0.011223820126740943,-0.10446125237363142,0.05911004026408003,-0.08209030066367999,0.006915751965753562,-0.15526960992276478,-0.2340114905190535,-0.17119742484110712,-0.0943649973277088,-0.16690063461330337,-0.07650379987145192,-0.002390065723702234
0.0524643635347125,0.10706367908884801,0.14552923818407598,0.21104348770240478,-0.07540499060881838,-0.04425723150021052,0.00362733062335634,0.18277091067361384,0.33349034040914693,0.44928024273607414,0.5647004925683521,1.0,0.42298117675701735,0.5604274687581231,0.4648264054053196,0.4761366026804093,-0.058964441594211645,0.11015024502765355,-0.027464516180091554,-0.07687272219041925,-0.0015573772778747176,-0.26784970567403504,-0.045478806691239056,-0.1413754743536107,-0.17861220057161545,-0.10901780304992237,-0.3646777303451944,-0.1236856655586109,0.4405667205776884,0.19899536954092167,-0.04153035484595179,0.013187205979237672,-0.09101314333216587,-0.049481388224874946,-0.1206456439447425,0.23951052012219415,0.10611360339036567,0.12158054867346221,0.01269133661602151,-0.15396719352620863,0.11335222378669782,0.13317322481615887,-0.20357865601707864,-0.2440458804420456,-0.253761726486698,-0.22057378346326717,-0.28228944927223654,-0.3458958134107703,-0.07082623173985317,-0.24947770218968032,-0.23922271166466078,-0.215751161956862,0.054817198450177934,-0.2917222117161082,-0.07673030315970054,-0.21688542917814244,-0.19481115615043487,-0.2091899996441529,0.19538982047662742,-0.18923917507070678,0.1986511967438819,0.40633757861757686,-0.05053031373413844,-0.02028752354548585,0.2338229122146313,0.4670757319947278,-0.24645247195696743,-0.1014224809792869,-0.13992502148404717,-0.034755024850673166,-0.05050943368500115,-0.3213446094890626,0.23159986952589648,-0.0067413383646899435,0.12012552753949657,0.08902633216293661,0.028987263637824313,-0.007550714799901208,-0.12728632418794575,-0.12217568696969022,-0.08925607542608248,-0.035206668614580036,0.3275392759750008,0.29197989835919785,-0.0598501418272821,0.17500911579499015,0.10477808979800438,-0.15088459935278292,0.10721555183681784,0.09505317817172215,-0.09415772325892678,-0.13536874539218605,0.3109494458796094,0.11029842544262186,-0.18832605621979703,-0.022560645050125377,-0.3378503622260029,-0.19994996959250877,-0.37494076827256184,-0.22802185760586857,0.14291754454792885,-0.270784219508634,-0.08916004604873357,-0.2825722046733581,-0.041665912612637156,-0.13712634310275396,0.03364560019757747,0.02750697898038128,-0.04680460170932788,-0.07843334288638575,-0.27449950947633184,-0.07300225196022868,0.002399298689448154,-0.05219975054478388,-0.14440856610184535,-0.08558431761899292
-0.2305752293845391,-0.24456132271738948,0.33854365854368884,-0.3055835080208079,0.2341196559055334,-0.03212164736247875,0.2180200172123732,0.1020486037731899,0.37499890760286375,0.08378947426872525,0.571753706890133,0.42298117675701735,1.0,0.5191229188612604,0.2846341510525117,0.16163121226452837,-0.03631232209962606,-0.08310542347051177,-0.11508390444727594,-0.25977637691625177,0.24675350842553254,-0.022150562170939865,-0.08495906928107735,-0.20131817753399872,0.03540636738256339,-0.027313817810233683,-0.17982633254617666,-0.18306258332103173,0.4180675274246545,0.04646163388695382,0.06462309760794167,0.05506515601158251,-0.21359972274007213,0.04461631962996176,-0.04951780844756824,0.05188045093018554,0.16431232440094273,-0.023196582098599584,-0.10553520356629549,-0.302483011573113,0.19678889902740532,0.1362605753928574,0.0019053210399621518,-0.15958257512714386,0.031362879127825476,0.06970062523763872,-0.11744940954152576,-0.20444502450350646,0.10627877913667515,-0.09554615923041465,0.17696029979959788,-0.10305536819725677,0.16928730896339955,-0.0322616849652852,-0.05671261779448186,-0.27454265616371176,-0.3103713742942506,-0.4092409498831552,0.23922877895612618,-0.1501850032645726,0.3009250647488153,-0.003571470417527175,0.17839888217857197,-0.07648821373689493,0.07466949944872987,-0.016010438057347764,0.1301658230182628,-0.05771668941320531,-0.1592905883095365,-0.24624754757357784,0.06135126388490753,-0.2876987523115154,0.15373262859865916,0.17507591483374046,0.1080013617835805,0.0004831832363036586,-0.02779688263906061,0.019365308423069143,-0.14231132346705896,-0.20894209195068883,-0.1530836511281872,-0.06141265005213099,0.02772774604232684,0.07684694438962608,-0.15501945363412808,-0.019515582449325036,-0.09119415500307838,-0.22881449029354112,-0.16632647785535393,-0.08286247748880396,0.043584071764900714,0.01587925897008397,0.1049551658028795,0.16624861369026847,0.027210677252385268,0.01356261794716365,-0.20800213965600323,-0.12054675199804128,-0.21839969404397447,0.061976396693628644,0.13785660121095603,-0.03434435472681463,0.008118006918712466,0.15201085836515188,0.2623632494572143,0.18616321898813049,0.23591849228621106,-0.022165647952552856,0.019963659226211464,-0.1201693043504383,-0.22339068946390525,-0.14324799073426941,-0.060778895239044575,0.09295646237940292,0.1896794801590098,0.17471932584615596
-0.08359591282734019,0.05409699622391165,-0.2238173583059193,0.10001334864912134,-0.14427280406822213,-0.05920964997232314,-0.03530026927781888,0.44399909599637144,0.05806192817025097,0.16715877901220813,0.18433591152145573,0.5604274687581231,0.5191229188612604,1.0,0.17823405302554593,0.580305522147452,0.053483977156630204,0.06909286891693231,-0.3174690880254742,-0.0324676676816751,-0.12049391841684384,-0.2752930386641829,-0.37502456402583384,-0.28440524816726875,-0.2617987966564358,-0.15975842191822448,-0.36026083376292634,-0.37168830309891937,0.2645597221216147,0.5058807069812474,0.09556453687370584,0.09894706830783948,-0.216409175505023,0.1303068572686691,-0.2699618632405651,0.08331487178562688,0.18098193593736417,0.08832605685277951,0.09261036812183362,-0.07722425556521209,0.3287174493051749,0.3097533448382556,-0.24631799103067548,-0.25427529194265336,-0.14826286169643904,-0.23225674906119262,-0.1632011902990099,-0.29822003458500435,-0.18185086361426453,-0.23791887397858813,-0.11751544260476213,-0.19009954003623333,0.23658756443169288,0.0040725168324410995,-0.2462952097812094,-0.3491554471119122,-0.16584214799974067,-0.2108362526332195,-0.0943511988126502,-0.10557121097543688,0.11394625911706813,0.41652592894078955,0.2625789985045291,0.3978053348435248,0.0007654250276860504,0.17758261585179072,-0.31306875582149224,-0.3202333522536302,-0.23073595957720106,-0.13838095854446222,-0.16532370298418042,-0.2857269188379784,0.26512968161310224,0.11900774766962467,0.20003522195380624,0.13736214275891273,-0.11016075751088081,-0.09088025794365952,0.025161617772127984,-0.13850579534332225,0.09645908547668736,0.2523737949610543,0.12570904558518228,0.5006476738447908,-0.012254368624961254,0.19749708297993723,-0.09741941736486451,0.10457479958012803,-0.1250591148420453,0.014740433523050782,0.09609679863526972,-0.2013885268494846,0.27133011430333337,0.008825275570642646,0.06442363396926493,0.023995811764637907,-0.3171602609448225,-0.0020247811347999137,-0.27852840451504274,-0.17280616970295878,0.32094250592115847,-0.07754268043312308,0.1346016039576303,-0.2419848758684689,-0.02322945867511713,-0.09830485856332738,-0.08644618577601852,-0.04123047708553886,0.10830031721425054,-0.1489282211076332,-0.4128185991605421,-0.08331766168793621,0.01734085731866635,0.10312277759997959,0.06102387786964706,0.03922460270606334
0.44500310880878957,0.22624749845640899,0.2519691600228495,0.07763013892438765,-0.09896161573456118,-0.22067556513130332,0.15180798258292943,-0.2419295876684412,0.314629663495219,0.2747660546496131,0.6611398797144941,0.4648264054053196,0.2846341510525117,0.17823405302554593,1.0,0.38046584888121204,0.09504089677560747,0.14853945037097374,0.07230030659020502,-0.029958569710431142,0.10140529761750045,-0.3136992294812892,0.20187881539952562,-0.05167402809886809,-0.1392249680189671,-0.03316921993840569,-0.13572782851044124,0.0592311898259807,0.5888462290490433,0.054962716701305925,-0.1847106014248221,-0.10848946721849625,-0.017001802186115005,-0.28864544746540094,-0.1814443598517724,-0.005357026549994497,-0.034368449879454435,-0.037611460006406944,0.09184766760344301,-0.041398593317145474,0.045389940144132626,-0.1067597067669287,-0.3395360505019658,-0.3393420360093205,-0.13118494102029488,-0.30446979942966707,-0.1498030464107615,-0.4082832973035554,0.1766914267703907,0.058935879040515636,-0.03633702702977832,0.06761195518201936,0.30603785844962916,-0.07388314716633498,0.14669356423201288,0.06100108917524215,0.24211356955675872,0.01861085831111587,0.2721774573545531,-0.12222916319331296,0.26129542740615735,0.1500249704024042,-0.06263007012136947,-0.15060883682376494,0.33001369631263383,0.21786584364390876,-0.23059275692146725,-0.3007140771135473,0.06356099735106051,0.08721218392007893,-0.11068159720047131,-0.34175300266631353,0.24102110785631853,-0.26496328233568545,-0.07297477183874888,-0.1428008021397455,0.0025803333192475817,-0.13663060174213912,-0.07520582885716519,-0.14622316221068749,-0.033063340446695025,0.0695768141444377,0.6942187123637948,0.3631174879506595,0.30968392536333517,0.2630903245192974,0.24325502093971615,0.018952655880270668,0.41887246551213475,0.39623973459746314,-0.18884515483239664,-0.15613075307791743,-0.09110003359232242,0.036833309548512376,-0.1323269063377637,-0.10901787073832421,-0.21553883286251962,-0.17841854000420856,-0.04480824151275693,-0.15628812404827125,-0.17638309451155382,-0.2615069410914129,-0.34948921135344485,-0.44314771862575214,-0.21144333989566247,-0.28885708196725945,-0.2903232214556465,-0.2209489390006892,0.09795116615649394,-0.2740463517259658,-0.26960055289396495,-0.17635916201875657,-0.20816817981633942,-0.25789903700088607,-0.19088611810468847,-0.11990589479004075
-0.08727647339100564,0.02293269990650091,-0.26629040176700147,0.4729414161549725,-0.03121379670209113,0.10650058183531647,-0.1095391496742182,0.3637859824740013,0.0805536328408448,0.4154850749989254,0.12586021280179233,0.4761366026804093,0.16163121226452837,0.580305522147452,0.38046584888121204,1.0,-0.013459458886256003,0.08880310326249917,-0.1484505510889149,0.12629319153081967,0.09077044493466607,-0.17602798040218504,-0.1565030097198969,-0.07235372739175214,-0.21210473304099609,-0.023117537918655402,-0.3268077159838025,-0.1409254414150142,0.04797893498676668,0.2548297134308222,-0.01560950468983358,0.11984240528188919,-0.34275538221918256,-0.12706193695157234,-0.22148470543533283,0.14740898553365053,0.11141074754746635,0.1674314728723324,-0.014349902408518663,-0.0843632184564824,0.24816335935198683,0.1577445615714956,-0.3356869219903108,-0.35415057444332765,-0.23282098408370228,-0.3040738819196514,-0.22452178873284329,-0.372596489464109,-0.36564367495266353,-0.21481075866712507,-0.3853197771911345,-0.3852910756502302,0.2261075686582838,-0.1730943928341823,0.06430431888754501,-0.22933603285473977,-0.010250916684391775,-0.15602897778756225,-0.1907609437697242,-0.06401383430356199,-0.026359402386968104,0.3131662561158704,0.11569101588515526,0.24764780986926904,0.0827314127022332,0.34251336335128096,-0.4489272151075522,-0.19807293883569882,-0.07061472656672481,0.20312420129498848,-0.04952141960067913,-0.135255152630149,0.0959755123032882,-0.1474350256730986,0.09017234329820073,-0.17627476637207376,-0.13894036673387,0.03548659604830499,-0.0465922899043562,-0.13078871187214003,0.06475002721300155,0.13806811270594843,0.29823602367954494,0.6319690428228778,0.06532150502166258,0.34760006185568454,-0.12727213272228644,0.051500379536390944,-0.0039490992032249405,0.11961607684244183,0.1999019867756049,-0.0675548839076588,0.4295083411406777,0.017380457972836508,-0.11442460429020311,-0.1584978048152138,-0.338733013136211,-0.1892371151843486,-0.26418729471153957,-0.4073573711959841,0.27079337718864877,-0.10326927027537872,-0.08346503834418938,-0.24168894677849323,-0.054037341264088865,-0.0730430115616893,-0.12460357678909839,-0.027343172566965626,-0.038100938757741544,-0.23997800428611868,-0.3747847496460941,-0.06375398798005229,-0.2433312680068848,-0.1278208222056041,-0.07013492486658578,-0.06097317700940174
0.5396498910522725,0.6365078184299664,-0.2802594158178778,-0.16256385943601237,-0.3382606981629719,-0.3668413394035847,-0.3790046778392911,-0.3285955104630945,-0.35686686182697214,-0.421169304673281,0.12185623936048359,-0.058964441594211645,-0.03631232209962606,0.053483977156630204,0.09504089677560747,-0.013459458886256003,1.0,0.690586709365577,0.06457275194103698,0.3016881176301571,-0.34475315720936084,-0.025952564972127702,-0.47090707793979575,-0.4980625774374672,-0.32797910975078776,-0.45254474949441825,-0.20980568833602617,-0.39408730441476275,0.31438334440768173,0.40303719246000813,-0.386190572599485,-0.504087615642278,0.17656434234965365,0.1060519779031974,-0.4405035370295349,-0.4415817835266152,0.25127779215111307,0.1534512395351905,0.15012791448697801,0.18682132246281963,0.04954438612688885,0.01876114020157859,-0.3217033955355377,-0.3296189870212332,-0.13655135643191124,-0.42079657698693473,-0.1365053969104728,-0.13520094929194118,-0.042090401261109835,-0.17467131870824096,0.16453004122962142,0.108546629873972,0.40290432819954297,0.10737583278296353,0.1720596487124522,-0.033269531075187306,0.5206911632956913,0.5770547658596212,-0.003792366255293862,0.252172127323241,0.0905000203502898,0.26718930937784874,0.5654280814688508,0.5677210410448278,-0.45496035842832666,-0.3112076942689705,0.11886556539445016,-0.2698604144636821,0.10407913828289296,0.20925852649798185,-0.021723310107490578,0.04768130718190932,0.2599025471794525,-0.11029388896183914,-0.13277630714196312,0.10042979155453818,-0.046970989052929304,-0.16156069007796808,0.4182074147353727,0.21396653911727936,0.756243651137905,0.6738114569972602,-0.04734881443188552,0.17141475392824868,-0.046462000235759165,0.20530733911019047,0.22751928903642732,0.24611303314620459,-0.17784213493064044,0.04893689161859233,-0.038584527349663625,-0.22988262153895164,-0.4209559001008198,-0.4802552843128211,-0.04414425730418581,-0.07839818317822025,0.031220061051261103,0.03906148089590647,0.07842979328795148,-0.12103362634293756,0.08550914251503522,-0.0194105631176551,0.09295739863736698,-0.19275570576416723,-0.2440024417287095,-0.2989657585443331,-0.11964490538127089,0.08387569151308509,-0.016433277673049876,-0.020713924264171724,-0.1571412393483831,-0.1533492796645652,0.02468480291764279,-0.18840484206910793,-0.20921759063455725,-0.3092624873016818
