1.0,0.09575350976090227,0.16344722642279017,-0.2353687130212925,0.04696367064503475,-0.15732503221225652,0.2740884707012433,-0.22900134357443624,0.11853706800444778,0.0649814527000868,0.4573969526418894,0.20501471534364799,0.34037516532760337,0.11267154426850198,0.4701323903343129,0.12728146079046618,0.2694114639936576,-0.002954784851348682,0.44401176353300853,0.4489984331102272,-0.00465167449332015,-0.019986072882725102,0.0219334454186879,-0.18828792970938177,-0.009267671549696627,-0.344357233309847,-0.06548871707951423,-0.07037614783055346,0.41937888166394593,-0.06565619785290097,0.016884418687805765,-0.2816447799005603,0.2212875836651596,-9.414769613289226e-05,-0.15490288181372436,-0.32917062948501924,0.035442756887236866,0.12110029374590028,0.0693285709353981,-0.0452889172096102,0.01290582374200274,-0.12606367329934534,-0.1425956290554175,-0.2618362361570996,-0.1638970333365392,-0.22567462203705047,-0.15550807469260508,-0.05800330293707834,0.13262015065832927,0.032933422136230364,-0.0954964242221615,-0.014092872746689149,-0.11095616223626725,-0.21551828951869817,0.1628771632318678,0.04193210257234443,0.6296771482029792,0.15247544092085868,0.15493448148288058,-0.15282863689369877,0.12121910503962964,-0.0673971325294703,0.02543035962692776,-0.07859778244816587,-0.01211061113965851,-0.056202500198051536,-0.06485152320293769,-0.36960943964516774,0.2784566482772701,-0.21087712680844514,-0.0728774810748417,-0.1471489204821585,0.021422039164692343,-0.28210966738991167,-0.022995692004621825,0.04218071112649508,0.06650983582498472,-0.20322322081732655,0.17146848277695548,0.17486951807539625,-0.04139682239195353,0.08243439426007729,0.301719301009697,0.05094053076158971,0.11533673271051796,0.05852247827498383,0.0214748040858241,-0.00251273668617153,0.16874080594320584,-0.002428673809703492,-0.11078865479157307,0.22206150299758862,-0.2252102353384956,0.07896817178340847,0.05718765579442629,0.015420276315566096,0.02798339135799874,-0.1384864534059001,-0.15667425551697833,0.0877513823779387,-0.03305404657861857,0.27521901484140493,-0.17844309195599506,-0.11184915888704577,-0.2713282704498627,-0.09000440282420992,0.055566724515420635,0.2385773822545021,0.07253655285340817,0.045765195800469234,-0.24392105840802084,-0.20675466499987885,-0.23316860001047776,-0.12465254806054532,-0.17637327068321546,-0.2059823588140576
0.09575350976090227,1.0,-0.5477211286635356,-0.5173976338931675,-0.2804000848560475,-0.5456298543450117,-0.18029072292142168,-0.032785928554276804,-0.21076447503160092,0.009362546294413545,0.12917318173340264,-0.010392024642631593,0.17026675869936778,0.2675042601257049,-0.014006059114100905,0.24601330983937666,0.44127364350574877,0.5054418283239822,-0.14738168436286966,-0.056264331200768763,-0.18912443945317808,-0.14582695559101427,-0.5292658177629804,-0.5503700006149457,-0.4563927910344018,-0.36475402167458393,-0.46947417499363425,-0.5487295212172173,0.3763406395628425,0.41360141586200744,-0.34344730412531405,-0.34550109227160974,0.20220076511134877,0.2794791852877077,-0.4365129711057375,-0.49887916720275843,0.2941211073214964,0.06753769344750613,-0.06003503017157658,-0.18916406326417745,0.08851113023463611,-0.34808560473748185,-0.12118886929357359,-0.1075979227560587,0.28601092226847924,0.1901018422198758,-0.013290730813253424,-0.19572378241843427,0.19408964675190904,0.3880500847216666,-0.172369598785495,0.1978558935726136,0.3375053180140436,-0.05774710619252547,0.1169777475043253,0.13322451857979564,0.12174245161121619,0.6187222087613843,0.3424491455510864,0.36565848145893687,0.24487051136355353,0.4358290158822708,0.39094546574530126,0.7114811681197781,-0.27919418478117686,-0.25921569159370367,0.13437334075387347,-0.04264617891665595,0.01610274282525212,0.059261405259275556,-0.14908324296577988,-0.05718041687181576,0.3913544134843188,-0.07170382444511351,-0.07746252890011082,-0.03994062604282234,0.10909187361519998,0.06582574087780449,0.1548293430369146,0.1949689534997187,0.46671174902351403,0.44004616689104914,-0.1767651613195505,-0.0490376435196845,-0.23464699359348465,-0.3134417362736702,-0.10279753843587598,-0.0317681719330549,-0.2794365541966618,-0.10554795061190723,0.3871107641630081,-0.06232227600688032,-0.18290212303093292,-0.14600801023579474,-0.07032993268557235,0.01849729945298017,0.08331672049325543,0.07626463947798007,0.28839259516117305,0.12292557611575358,0.25427879719936586,0.16287888419019755,0.3426996206344056,0.16552898729337537,0.08807249383502334,-0.04051114533616277,-0.030376789009526377,0.14823142562676817,0.0646510819489952,-0.0047498679045723845,-0.21902608499734902,-0.03426267427596584,0.2150689773431563,-0.04877035176707326,0.10811757380909652,0.12962505868584118
0.16344722642279017,-0.5477211286635356,1.0,0.5701312010845668,0.552577583756606,0.49697194186086885,0.6076701411946621,0.17717783615297591,0.5413682109876521,0.2318151021482304,-0.15854266884772197,-0.03964603052547719,-0.035948266733609395,-0.218893795422531,0.04140901649801161,-0.25602062242888274,-0.32178872046733226,-0.5477864593224323,0.5814860977255532,0.4111124417195548,0.1690675635006975,0.098101479491286,0.566757021409617,0.5388242794871823,0.2986082227407942,0.23736378681146514,0.2969848717274669,0.49047553637797403,-0.12148585851130997,-0.4980413426657553,0.2864777471428406,0.2631455398285121,-0.09461847070379438,-0.12731003787203915,0.2582494188157125,0.10545165453591816,-0.42541731811807826,-0.3522959768454062,-0.021551668927437508,-0.039391677368364166,-0.21461196931900034,0.18263381187646704,-0.0613973570699367,-0.2476377712491122,-0.33241991679136856,-0.388046388536794,-0.2047568276605838,-0.12497041334625109,-0.1956637465924627,-0.3468922643120414,0.022566525871868644,-0.35369384595336545,-0.3475759625347898,-0.03679024954264424,-0.05576173772196069,-0.2861873140368856,0.08407677881298996,-0.21707983894192462,-0.1203078269834838,-0.2745205281936225,-0.17293723391037974,-0.3790876494187547,-0.40118714623456825,-0.5493247189039623,0.4918323069341379,0.18311963994935876,-0.10163649008053015,-0.18428352771789683,0.2124871399875198,-0.16744673899484272,0.08612888495651493,0.07004715725402626,-0.26187606986631634,-0.1211973220159302,0.05724552984710515,0.04651037829719187,-0.24154959027267114,-0.2891700964659292,-0.1807470290659642,-0.10969643116759757,-0.5109075554838594,-0.5047325355948251,0.2363575469775161,0.1362821747132682,0.16575501802041687,0.04508617311683732,-0.03852953583737429,-0.004408765040071553,0.24917939896140914,0.03559622278973516,-0.3585970145179113,0.3039372233069497,0.11448301982689692,0.18807114001592742,-0.07217216890439974,-0.16662178443938877,-0.2626852389769812,-0.3827840832321643,-0.3078177380488286,-0.09280635286499855,-0.31780557823799455,-0.2213617522720418,-0.4842529121416257,-0.37544161771355994,-0.142706587474551,0.054195648071828875,0.012853356882953129,0.0633450580193054,-0.021093385729111642,0.032446567669300826,-0.01997531782695229,-0.04906714131860362,-0.4189224875719571,-0.03217427687810561,-0.1821667271846706,-0.1215340303861465
-0.2353687130212925,-0.5173976338931675,0.5701312010845668,1.0,0.19426851140941553,0.6742122946531364,0.17953278816108947,0.43470095080511895,0.3266025791017153,0.11851316270345041,-0.2306075041184119,0.21605321271390376,-0.23587971570668287,-0.17811441763527017,-0.04458245048525808,-0.211386928843292,-0.34085786721809286,-0.26590411034255035,0.1762516547570213,0.0412897375558305,0.17668510437496307,0.35528089705946864,0.5936605889783172,0.7241130619659709,0.21411886279794326,0.4746110750866897,0.39761996332707233,0.6450902182305572,-0.38520302140490087,-0.2746269266696747,0.30575976134854,0.47906988532443123,-0.3426009308958361,-0.21582365038688361,0.3390243095573032,0.4232606781268874,-0.34488152810288875,-0.3242968228612235,0.04033513136744226,0.2847838140107851,-0.16467407731339403,0.40941257993741376,-0.20992100791433937,-0.25259665718507485,-0.4799270532492064,-0.4208007106317768,-0.15351124464088006,-0.09492773814196595,-0.3859251001943693,-0.5189164199265752,0.10363941270547594,-0.4495112265320062,-0.2899895440623667,0.11715842244650584,-0.15444640883348726,-0.27087523240363126,-0.15578991921301444,-0.2855943461570806,-0.2964143935531055,-0.32442661531896155,-0.22316118525723266,-0.3327413130130987,-0.4307536114040751,-0.530921826892013,0.5074405308391695,0.39026773855829056,-0.32542452849260917,-0.20216375559090188,-0.06524510773332551,-0.11956760188055642,0.1423879985163372,0.20309049151690228,-0.25749417103044964,0.23586110484975045,0.13209900009433215,0.16849907740982556,-0.3362628321022519,-0.10470663510555454,-0.184805748834288,-0.15916966543629102,-0.4842319323709819,-0.46684097264326324,0.23147338249011365,0.21636672413309574,0.2789403021847671,0.164917390564319,0.03323314194181183,0.13047291884821258,0.27584081576503466,0.15282748067909813,-0.33999818005892596,-0.0007821957404881102,0.2801127343353557,-0.1118299711722591,-0.05326566319782819,-0.2571812652628948,-0.2546852387578318,-0.10759312776783904,-0.2475703872100222,-0.23444659358420775,-0.38818550998379747,-0.4624981204969143,-0.4983252834939071,-0.4431470459166852,-0.059053712618092905,0.26479202083661985,-0.0075910472809049365,-0.15467064562540558,-0.08380322458309387,0.13565741201383438,0.09773795997649307,-0.028286578004014004,-0.2706921121450024,0.10385270205132788,0.05123828098559623,-0.0169833939910829
0.04696367064503475,-0.2804000848560475,0.552577583756606,0.19426851140941553,1.0,0.5232750377611117,0.4071999501229049,0.14664034486387317,0.3624131683008622,0.3713399166363962,-0.2510137043103077,-0.10278159519291781,-0.06748732884465776,-0.08446096507086875,-0.10354414815975718,0.10846084316055947,-0.4314569047093146,-0.24239372313130053,0.39006663621726256,0.3992380462877792,0.45099842791196815,0.258452983199457,0.2161357418275981,0.2809216599684036,0.31864222840150125,0.1808434623911963,0.2696609073275976,0.3290068754068378,0.03846630998235914,0.007613275736659582,0.08702897227140173,0.26628833052327233,-0.054935656902065325,0.07581215446715693,0.057204297916736424,-0.11961496407851951,-0.23891572149045665,-0.1512816382638785,-0.1060883094328964,-0.045416307631309154,-0.17652272464372093,0.1859709467086285,0.16160615227434044,-0.17063881576738135,0.0010166083546528702,-0.07627791818113945,0.05923907922575992,-0.03137494050131434,-0.2415812919140503,-0.059997216634306565,-0.11273984429724691,-0.13673660897590556,-0.07713713408643647,0.2006325657943203,-0.050666759494431855,-0.17321661739717703,-0.19176357505614017,-0.33779902391395883,-0.14090487634962767,-0.28120914635329275,-0.3734300941283001,-0.2661323645204842,-0.36415541947500235,-0.2938411805159241,0.13449736630647144,-0.09426630342855744,-0.2637890330885656,-0.2967447514931233,0.193480326134433,-0.25787504551771756,0.4215444363521386,0.19297092065222618,-0.11884801001438648,-0.10520062505053972,-0.02689427870137188,-0.08221481134466212,0.0939067535821848,0.1340111933985617,-0.05810181762787679,0.015754080586116,-0.08458046566894611,-0.12504960977855903,0.025923113126638492,0.12922394821717686,0.07635928308145538,-0.16960447275267346,-0.22990771355528702,0.06520053378402557,-0.01110010650063096,-0.22805034733047488,-0.022555457112650515,0.3469155712353992,0.22012749625364741,0.06493624077941645,0.09549020605747432,-0.07960817647387407,-0.2703337882462631,-0.23348451178121726,-0.08415484641710905,0.09092895605903639,-0.0639795209336208,-0.13606600487299342,-0.19439081254778579,-0.349577496589741,-0.04854226155408133,-0.12046940790645333,-0.1417501804244921,-0.14784575162791613,-0.015871456705695022,-0.049661043867161137,-0.06784674731767965,0.1443480866316906,-0.10708821764022379,0.050949485247355916,-0.019211068462643515,-0.05495548154780902
-0.15732503221225652,-0.5456298543450117,0.49697194186086885,0.6742122946531364,0.5232750377611117,1.0,0.1581706961372974,0.30451410431431203,0.364578529001424,0.27420709365758955,-0.23635760405864395,0.09766044725735762,-0.20575215212473533,-0.16459532853014,-0.058229906227783755,-0.12152485496898552,-0.4642792231083274,-0.2543997294298941,0.1765453826307842,0.05529902116826097,0.28157522677526187,0.4317513445944615,0.4610568360966955,0.5350757545739487,0.4256142415310059,0.5469759927850101,0.6277863093064207,0.8143209416213214,-0.43243677388801494,-0.19639818519848906,0.32266554830528604,0.5306395351869821,-0.3412600144009074,-0.16862993470914378,0.3892300010951555,0.42210499255300726,-0.346388833513155,-0.1403303715272898,-0.04139167322206211,0.3985480461725217,-0.26531325891799973,0.3995486071552871,-0.017987215813035022,-0.17580453749246241,-0.43470955806092737,-0.3199284728823469,0.0014865548359798537,-0.007786077378815065,-0.3755077016673165,-0.48404850067941835,0.08575642413882593,-0.3661153092197852,-0.21672508929278667,0.1466560648924337,-0.26472303032636174,-0.3363332081225763,-0.20240894747582888,-0.384721009522131,-0.3320632974892835,-0.3311628712269579,-0.23888787073443377,-0.30228783444793533,-0.40920042638389104,-0.4753066871034052,0.4293090307855047,0.33353199480115836,-0.34942880313277946,-0.22529236787873153,0.06542038409574687,-0.11714210428941269,0.24663334375392637,0.1237090812618316,-0.37430357975362416,0.05955441156114228,-0.000557647277658758,0.0731165903324317,-0.14447718646863184,-0.019183986343681344,-0.12531549293707023,-0.05779272782546382,-0.47849736118741076,-0.3330497541902464,0.10274762183437496,0.15748213276366202,0.2262260225652189,0.150781699795291,-0.07744505566432008,0.09324979028558536,0.23387399151730592,0.027864904141405508,-0.2947402246439867,0.027302438148422904,0.2661893865370017,-0.06996206343647664,0.21409361747266026,-0.10740989299847893,-0.21365058082635077,-0.07918329971017637,-0.2848236208448466,-0.23043989479414764,-0.18478417413972656,-0.28600243134343867,-0.29423860836002935,-0.3043953013412824,-0.04159766258769302,0.08557037179096745,-0.07551560478333173,-0.26417187309875045,0.060151745651900325,0.1068895786998479,0.1648297413285615,-0.030018847089364396,-0.2504011582557698,0.11930901198171504,0.15802244257196918,0.004412770000474727
0.2740884707012433,-0.18029072292142168,0.6076701411946621,0.17953278816108947,0.4071999501229049,0.1581706961372974,1.0,0.46139249557517303,0.40543827352032397,0.4937898560054337,0.19285504343274493,0.1420211081299835,0.5299513681849257,0.3705002183906459,0.16305539152755055,0.04666869181538027,-0.06893975101201967,-0.20508911782385084,0.4193355304578022,0.19107734442734225,-0.05040892034181364,-0.16104337616523068,-0.11866146239856389,-0.05126669971867297,0.11988807473995303,-0.3340233710937649,-0.22481072744614514,-0.06328069581815374,0.18910990597675226,-0.20058517573120954,-0.2315238568280799,-0.06879418762392542,0.24946238668508453,0.3536219494795748,-0.14397394776494954,-0.07320738781424954,-0.208929593423274,-0.3740534444996005,-0.21472537340788986,-0.22434746624597413,-0.22618540805940884,-0.03325885900547101,-0.204666362934278,-0.20345283537528702,-0.13490514301127088,-0.1278411316812153,-0.26983342734067195,-0.16139384597674455,0.008811161748496256,-0.21733687775909274,-0.22928283081320125,-0.2735292234701315,-0.3247754620098854,-0.2320576890389735,0.027643671644037575,-0.20558279414090053,0.13719928483692162,-0.21729495297960957,0.13464727358956252,-0.03294098305735001,0.27576643491226616,0.19391608667935448,0.16506141729978674,-0.07659572625995881,0.39504427274642684,0.30184412251371273,0.11737159046284595,-0.10292009934679197,0.3270488034830531,-0.05305103538158487,-0.0406588127787361,0.016379853650689998,0.007635250107684354,-0.37328521297887923,-0.16173522742659446,-0.08249344116408411,-0.16743961835882354,-0.2642490806880122,-0.15558634512756314,-0.12873136370505364,-0.15866531129733677,-0.1709050131303468,-0.21721123468256373,-0.11170356805158822,-0.33519779118678206,-0.24079249891572177,-0.3120679157155613,-0.1891764034103854,-0.2495564850715783,-0.18985554008549826,-0.14649727468226859,0.3592730606309241,0.12274462372211975,0.19376525739180145,-0.2541101520483656,-0.12220247482719078,-0.17560555332791267,-0.2536837126248995,-0.28306055293538784,-0.11018818174938241,0.09425235589612872,0.09137690046939931,-0.10389428489794675,-0.22840360229012246,-0.25733349180549925,-0.1340916881571228,0.24490172365991916,0.2426565152623455,-0.09060003444512073,0.04546641709321213,-0.3509164060377253,-0.14098994047698038,-0.21497186495465911,-0.2428213213631456,-0.29151651314186555,-0.15529907971552262
-0.22900134357443624,-0.032785928554276804,0.17717783615297591,0.43470095080511895,0.14664034486387317,0.30451410431431203,0.46139249557517303,1.0,0.18529018551407675,0.6555321494088137,-0.021836784043656708,0.3159136304301048,0.3103423635500948,0.553482922275295,-0.04856820013867529,0.15058658351075102,-0.10349243724221209,0.014227424535935495,0.10318000733139686,-0.149122750844228,-0.024430600567925224,0.026567024691240455,-0.2816775831360624,-0.04416407479408424,-0.24483235789481858,-0.10148111253067638,-0.3109970002566361,-0.08057415006985359,-0.02589879800447114,-0.0355389011706255,-0.32751824983971983,0.09651342574830336,0.02918251913543664,0.27303485730722,-0.20210053455744953,0.004693135865584936,-0.1749346991390986,-0.36791411922991535,-0.21506426254234234,0.06123594552721223,-0.23124008298374443,0.02354042808685008,-0.43547597871472155,-0.26241768627869416,-0.19022139667777624,-0.06941927801939284,-0.3447075227776378,-0.3243569531388786,-0.1056210988295073,-0.27588044791044564,-0.2196411942357591,-0.3037917608465389,-0.24472740605270873,-0.18642449332393551,0.0020795569573170466,-0.2437302950819678,-0.19522464633342912,-0.23030133557375435,0.14977614918356905,0.15695944571795795,0.3104902158055792,0.41388547362210865,0.19076463444831515,0.05837325142987092,0.44396818636605623,0.5850041561307278,0.07897623765569013,0.040087049134778216,0.2593870911266603,0.22935704404891458,-0.05764037381922262,0.09403828468976166,-0.071184287552301,-0.07719064355370915,-0.1582396929956336,-0.06325441996808051,-0.19802848314426216,0.13065787495819992,-0.2712342607749384,-0.1331203271376239,-0.15138942448520967,-0.30391524158458905,-0.40386585746858256,-0.09683420869971512,-0.37148819690604173,-0.33193372094119766,-0.4188792924191109,-0.19518321414558493,-0.29026787367536966,0.06491981140446512,-0.1209862355121561,0.012784707091282023,0.20020170049534347,0.07998496923642634,-0.31846662107330764,0.00847277947123118,-0.3551280198167942,-0.08797857439909605,-0.14996575347832578,-0.21564644249496653,0.23988101952293747,-0.044507224322701204,0.06941370124471462,-0.12033403355923278,0.11037264992791845,0.086850901713608,0.2865111164169943,0.14305925027541577,-0.041193388274710724,0.07988592434665936,-0.39522175746857613,-0.022047630359765334,0.06262475311194764,-5.202204548428689e-05,0.1292861171064039,0.25610342786002926
0.11853706800444778,-0.21076447503160092,0.5413682109876521,0.3266025791017153,0.3624131683008622,0.364578529001424,0.40543827352032397,0.18529018551407675,1.0,0.4924133449092061,0.15519019702741665,0.09912906724578521,0.25237602092394457,0.15232920393691285,0.4012213798547509,-0.10828804914921629,-0.12994534076556488,-0.23182081674465607,0.3738181148717549,0.19367793533575364,0.18396962034519324,0.14473612970159794,0.2396007312173639,0.17577277686253484,0.3872982006162049,-0.07660472264508489,0.09771156435228119,0.24334104961093425,0.10524284344695585,-0.23147852843198816,0.11667229010892839,0.1353869057042223,-0.04244897755673774,0.1513206752889151,0.26705113207920667,0.18706315876918247,-0.22646967467857798,-0.16273018058972347,-0.172486736965129,0.006334863143608183,-0.149029889885445,0.09856986544753162,-0.1898938165148172,-0.42322241583102416,-0.32486918006900456,-0.29779189681945883,-0.38757685904584593,-0.31023866506069275,-0.0758358091938593,-0.26530990294500173,-0.07486317574679438,-0.21342498624574374,-0.2356485964972204,0.07376436466618252,-0.029159977215982253,-0.4474408033957861,-0.022986857617257765,-0.1999227393990844,0.0585626170260431,-0.08460464879530283,0.10421578301138675,-0.046016650097538046,-0.18577908483199568,-0.25380860023978336,0.6027465386608256,0.32195717941474766,-0.13728088013889853,-0.2674313096492,0.22179141948856218,-0.12390901047381493,0.036759457399852126,-0.046399804272907255,-0.15905639197882554,-0.09284478192340101,-0.06647709077672659,-0.06540505920797768,-0.022605696255605413,-0.20706243558683252,-0.16783100444672588,-0.0929061559582745,-0.4002769556832493,-0.16258490738698572,0.25349488566977163,-0.0615404476636192,0.0208034641567925,-0.10843201794648402,-0.1972300809462867,-0.14326266588977973,0.1825829490907549,-0.19719710908815047,-0.19664605574617966,0.19156883323874632,0.11363918063153346,0.31299421674111655,-0.0010496616221000728,-0.060898320160844864,-0.2838075109535754,-0.3849658023729848,-0.319975372281651,-0.24035281643267228,-0.06180647394208931,-0.023732778550546348,-0.3155992587266971,-0.31433490687935045,-0.28700777255969423,-0.06605064571288549,0.05621351627832365,-0.020193931649360546,-0.08250873384070048,0.05645524149447039,-0.25759622672441557,-0.28637447932567034,-0.4456869090185101,-0.2278568799978878,-0.08992527904077392,-0.23657141665803963
0.0649814527000868,0.009362546294413545,0.2318151021482304,0.11851316270345041,0.3713399166363962,0.27420709365758955,0.4937898560054337,0.6555321494088137,0.4924133449092061,1.0,0.16512499822239743,0.27523026090903796,0.4881060365325554,0.6665970126884698,0.2177403296776391,0.3171198853984165,-0.13881603985808155,0.05771733158335639,0.3343878462573104,0.020005412810267152,0.060892927979703526,-0.018820096031164683,-0.3057910273276764,-0.2442421569571621,-0.08991274994083462,-0.27469408094182807,-0.34527463073602166,-0.1389423825182839,0.21629733121769726,0.04433322144372143,-0.3220826848048417,-0.009054501283196717,0.007734776591956011,0.3674189313697169,-0.17560626057070172,-0.1820697974523703,-0.1619366104218816,-0.2871949943175448,-0.33437827636382866,-0.015490525890708665,-0.28327855017719916,-0.1089263355947446,-0.24369929251142386,-0.36652478347620904,-0.18317581946016,-0.07110157774712422,-0.33166019456916274,-0.2502954690110254,0.019617980657986634,-0.20565149603893979,-0.32023469015885647,-0.1544252200838883,-0.23170222703283133,-0.1186032135739758,0.0892253564103204,-0.34215189689301834,-0.10908173165569457,-0.28553744658007,0.26471969393740574,0.1466523049142825,0.3510281056191361,0.47769771295398644,0.1961413868931989,0.06945011098639262,0.5276879168415559,0.5428636585545247,0.06042711238877083,-0.1461107206491895,0.4649213511068107,0.16192405316038141,-0.0025512353570113495,0.05997082303959957,-0.050168289699569366,-0.25038090509771627,-0.23041761912471828,-0.19480557408931357,-0.015470779904942278,0.04962631576880665,-0.2825623177443686,-0.22056284606054066,-0.13332798628882483,-0.2247365846541086,-0.2544359303414236,-0.04150273196636953,-0.3082559830243183,-0.48429899467644516,-0.5259476809208935,-0.2302904721995169,-0.19802038541455233,-0.19006907343272797,-0.09384576317565374,0.18024301120749242,0.10803964381049355,0.10126290574376948,-0.29761241653895654,-0.03747664519342865,-0.3712934340347204,-0.2728527278183316,-0.17270189683263582,-0.09372620854110113,0.3399192714980509,0.09690269293872117,0.0117975520335536,-0.10816749824232433,0.029081655831391863,-0.06321132315528766,0.2433125495653235,0.10291597097383108,-0.166162065822446,-0.028728469535833127,-0.49440732386167247,-0.021993601621527414,-0.0378991218133931,-0.1198882281936482,0.09538703189875342,0.13447867061244
0.4573969526418894,0.12917318173340264,-0.15854266884772197,-0.2306075041184119,-0.2510137043103077,-0.23635760405864395,0.19285504343274493,-0.021836784043656708,0.15519019702741665,0.16512499822239743,1.0,0.47088971958747133,0.7819598645382838,0.45591096276574544,0.7408863272045264,0.3778182767733563,0.3142846699040649,0.24907343442286764,0.0014614855834911154,-0.0604203580693939,-0.24436085587955514,-0.14656852310312957,-0.23051230317093999,-0.2679719303981167,0.05633004141981797,-0.39201213637664295,-0.2318950041444378,-0.2425713352395922,0.49864765551545615,0.13161816219341943,-0.02104945545244011,-0.05759631886022394,0.13146242696190738,0.1808748848981372,-0.12817897576586518,-0.061362518275864655,-0.0014083186142059712,0.07625220479729442,-0.055702926821671966,-0.0004594786102269591,-0.01360261583047174,-0.16313513457325074,-0.2320141933258248,-0.2595594362963135,-0.1218702051687662,-0.1308255437996485,-0.21855250014068114,-0.11045518503661288,0.22503771018524957,-0.08630994847469373,-0.14993011315779806,0.041105800549296585,-0.13030941529854748,-0.1279844516373687,0.12878671321020616,-0.08233796273886301,0.08650771575441285,-0.08862941294499399,0.030045723966911728,-0.06232475294678945,0.46339705328810465,0.28647850759310706,0.5234951583194196,0.11258278584060905,0.1829516809606872,0.16821101965124508,-0.02322679546930388,-0.21494057870456768,0.06411999593246005,-0.17893485764630288,-0.16074184043889253,-0.07622045163919719,0.1595705459727261,-0.2946427650726887,-0.07712027265867084,0.06637219054667115,-0.022746029509063046,-0.21676234757790633,-0.16248271468507375,-0.04083018386765179,-0.07801131872610159,0.1304809974050725,0.1791571616756229,-0.01632684634744828,-0.20269429772709655,-0.04995821253826211,-0.0034457359514620902,-0.1144143492271268,-0.039129087888021344,-0.18827065213102656,-0.12702393542366872,0.1076411684008362,-0.02783369348919722,0.13696279752700885,0.15883029210035823,0.09734676337050212,0.19604565139676483,-0.07152379424029537,-0.16581645083893473,-0.10776822077421068,0.14065615206458898,0.3373594570610194,-0.014054525937451587,-0.04070843835578353,-0.4593785803688664,-0.1650584230554999,0.11431993093275618,0.045251278440209736,0.17937000259065394,0.16370654861939707,-0.34100614724624717,-0.2899709232694563,-0.07947372371969498,-0.4142651080956562,-0.3929569451290649,-0.19558645611275596
0.20501471534364799,-0.010392024642631593,-0.03964603052547719,0.21605321271390376,-0.10278159519291781,0.09766044725735762,0.1420211081299835,0.3159136304301048,0.09912906724578521,0.27523026090903796,0.47088971958747133,1.0,0.4115661669632091,0.48166043858888563,0.4028337191514062,0.40083054899209075,-0.06245870126968902,0.24087339562148205,-0.012155516254685961,-0.05820233616838691,-0.08578071790211847,-0.06381411636340217,0.003963801773118366,0.0803767839721198,-0.058843390201421736,-0.09654627420530693,-0.04298952689097133,0.0547579567737791,0.261881779424076,0.23195452783166556,0.02099053838022942,0.13086454242457313,-0.23076185486323114,0.02787633501331863,0.15855960987738998,0.11492951366731437,-0.11991359630217976,-0.259736538875092,-0.06570727268487353,0.11613433725811272,-0.28239469796422867,0.004168907257697835,-0.20938814428508376,-0.16478580812266033,-0.3146078753238908,-0.12840783319055493,-0.16094092891026548,-0.0453371778204389,-0.19722309906432872,-0.34448142093156636,-0.18119341857623047,-0.23275028566948625,-0.3604629805215196,-0.10468873108805196,0.055526536145314345,-0.20881282522452066,-0.000408550295355177,-0.16628016920998306,-0.275789667845661,-0.252993921289625,0.12931787802683822,0.17571059103123468,0.011340680965826081,-0.12521261817156157,0.3018494940004867,0.4968322422696981,-0.28433350543345914,-0.2083148469706765,-0.07125760347054676,-0.14388042084037833,0.014024151213228945,0.20214205794864865,-0.031359392049127605,-0.11039674350245701,-0.0533573186913262,0.08757246936452853,-0.09227232705158785,-0.039505453219433044,-0.03469254114982791,0.006928285824557702,-0.18544660206727615,-0.15542110131791528,0.2452635484495578,0.26156635551251745,0.16346181940551996,0.13335325054973662,0.0869150753910707,0.1633703720386101,0.13394201528178773,0.027160596688342857,-0.4146689018517859,-0.17410533660810726,-0.018247987535637198,-0.22132940896739672,-0.013126084596291344,-0.1278062808566563,-0.09031867972295848,0.017203876244276557,-0.26013769194063896,-0.15345252644494445,-0.06745746085789847,-0.13154350907369247,-0.2592660516232745,-0.3444556416128328,-0.21445033691323384,0.05617821590298375,0.03643006918582944,-0.008719471193245443,-0.04167700964212089,0.059413829502326564,-0.21345984212742297,-0.054626547936319346,-0.1913933256761899,-0.05993381972470035,-0.10829773608238276,0.03955707507201976
0.34037516532760337,0.17026675869936778,-0.035948266733609395,-0.23587971570668287,-0.06748732884465776,-0.20575215212473533,0.5299513681849257,0.3103423635500948,0.25237602092394457,0.4881060365325554,0.7819598645382838,0.4115661669632091,1.0,0.7661284527360944,0.6081691632694994,0.30746244393061,0.26070537033909374,0.2837666095462123,0.08633872905914536,-0.15800022613368112,-0.2368337940072061,-0.22467802249188695,-0.5016846978677628,-0.4869028824897719,-0.07551314807960031,-0.6488114847377668,-0.4902927803759492,-0.4185855158824742,0.46364495391141763,0.0986826087472237,-0.36067634031178314,-0.22393119244605023,0.23170350964131586,0.385434070943991,-0.34703649339427683,-0.12012790271064083,-0.028271476294811273,-0.1070849254608854,-0.16491300874096745,-0.05116491929554709,-0.12923248027051604,-0.2547315521091383,-0.3115309992145245,-0.29887905229282147,-0.05814469753455752,-0.017605357270376258,-0.3263693285347491,-0.18261649559223198,0.34227487234227283,-0.0494855618533248,-0.2964404936107163,0.011193289067506778,-0.19559083895806229,-0.2843930018215894,0.20369359885804897,-0.09360901993345042,0.05241962894548759,-0.10185924469874197,0.28377429429092305,0.14445558470821107,0.6889940279132583,0.5850655673462942,0.6634590213832494,0.275484399420161,0.31788890262137637,0.3670874974720163,0.2030905522747828,-0.10663011521350911,0.3565069572603838,0.03664586328700363,-0.22633188495104894,-0.1298641576152827,0.20348342291533958,-0.36473912695314314,-0.16291700984978252,-0.06521249140920755,-0.11633676078743702,-0.25745130847825165,-0.18636310782477467,-0.13238750753641523,-0.05449419210052133,0.014375536249781436,-0.22037801884761682,-0.24505113765938322,-0.5104356406851834,-0.3993941715687671,-0.32345265837234743,-0.2877789791906019,-0.35760157547077454,-0.2647603401227303,-0.1045311850746717,0.21427859170442337,-0.058914212843645494,0.2373910066264135,-0.061805776137687056,0.02162791223481035,0.10283649206610632,-0.014245302248403958,-0.17737212357235857,-0.09538022307670452,0.3115529273588638,0.3819056584980432,0.12946385722831888,0.07953901249776793,-0.33266939332244566,-0.19187948011843936,0.3312681290084126,0.20428275955257524,0.07225524303633137,0.11354224527133591,-0.4531571651949313,-0.18523952573347768,0.0219580116810397,-0.3543813922852725,-0.3035175216012102,-0.10435958097979041
0.11267154426850198,0.2675042601257049,-0.218893795422531,-0.17811441763527017,-0.08446096507086875,-0.16459532853014,0.3705002183906459,0.553482922275295,0.15232920393691285,0.6665970126884698,0.45591096276574544,0.48166043858888563,0.7661284527360944,1.0,0.4067099391899867,0.4479263822303088,0.20394014689780549,0.38272460417137993,0.1035412679091591,-0.26030869852607974,-0.20040637598584266,-0.21048002180112976,-0.5912721572823514,-0.5863467859093406,-0.24448225056003722,-0.6250731827789971,-0.5586222903990365,-0.4893074262117423,0.3976326276579972,0.23149475218886117,-0.41143414394049604,-0.232890750355878,0.18652506827333284,0.4784644027290956,-0.3606778647848225,-0.10588705865814832,0.0873837258791524,-0.12771055825475416,-0.19641568391996422,0.0495435680069178,-0.17749944905828735,-0.26163320466817114,-0.39232620005906627,-0.29212618525402234,-0.10262529838253771,0.07689448453456088,-0.40780402340296484,-0.22323994596041147,0.19898027040708274,-0.04109341286440051,-0.41316967269230437,-0.04139594260737845,-0.25568626554888113,-0.35154271077658567,0.19248365867655554,-0.12062536064791142,0.009038741215242176,-0.09866383942366769,0.33788813056007516,0.28930056578638924,0.6538450748452473,0.8030666672652551,0.5121030261660263,0.36469073834327187,0.29368557612573076,0.5830333395336568,0.1658491778600757,-0.054740062477368505,0.3987713844002012,0.25186717090425237,-0.13982639681445277,-0.04389916967359909,0.11903062560624088,-0.278881639503353,-0.31722636912383384,-0.19442280260815376,-0.07366977553057884,-0.025992661468724428,-0.1555312564839992,-0.08112523579091653,0.025866619069491607,0.04475932064258574,-0.37343556544805295,-0.2715019949676479,-0.44581974900706456,-0.4721120999682081,-0.36923015193877234,-0.24854709904788813,-0.30086743130153937,-0.12293863944516426,-0.12374073524273413,0.030450221242462685,-0.05853156949601641,0.08530341046401288,-0.20248645882774108,0.027468441978647715,-0.09385557352544906,0.060338234563496324,-0.21536768551632485,-0.15161627617278448,0.47920585249127046,0.24127010863149917,0.24732963771062583,0.08639148473040066,-0.09991957540315904,-0.1380958329021263,0.350957897993672,0.19808519400225869,-0.07840022054374685,0.01161096083039183,-0.5040995813043855,-0.11584149774693839,0.0853329547950501,-0.16657142182939336,0.05505184823474106,0.07021196124163494
0.4701323903343129,-0.014006059114100905,0.04140901649801161,-0.04458245048525808,-0.10354414815975718,-0.058229906227783755,0.16305539152755055,-0.04856820013867529,0.4012213798547509,0.2177403296776391,0.7408863272045264,0.4028337191514062,0.6081691632694994,0.4067099391899867,1.0,0.35973264532651,0.2382072647967794,0.13793716316768312,0.31431825909166883,0.19035711390299168,-0.029074242845667547,0.047850106774816825,0.0830400037449356,-0.08756118563201408,0.21753100702323203,-0.2938877614437654,-0.06892130073373376,-0.022877684675840483,0.4714151578494466,0.10696467319930791,0.16691078876636092,0.08562072063840612,0.08528016108184674,0.17143308126205292,0.001802068039764367,0.10520802797762045,0.08638110977334046,0.001312354168237615,0.19660076583622846,0.2575228601635852,-0.0981575995260167,0.013850295158772803,-0.33161272380284584,-0.4220150540362552,-0.4114362833727863,-0.3365828424248122,-0.3758515196849692,-0.11948505525864087,-0.0221466442432344,-0.2287952711178535,-0.39070389918481296,-0.18287076900011057,-0.38436051508906394,-0.22563252389937186,0.21484009939581675,-0.26412774247173554,0.13680835609476735,-0.0439310760164393,-0.014664588064404778,-0.10396606088841716,0.36805233903470924,0.1726414501341899,0.2034485740809912,-0.10773529519630887,0.2845650336018669,0.24774263311303002,-0.27714795360626676,-0.44448617366054755,0.28841665850150955,-0.14354325739457446,0.04349498246416088,0.09054237116809279,0.0479624767603467,-0.1406629732683534,-0.10914846222186135,0.05201349563653503,0.03559530939687217,-0.21294079312621986,-0.05496889365988079,0.15631434294540736,-0.13978723873651838,0.06602185138032923,0.44931896592478376,0.08111548451473398,0.04001115579762624,-0.14025792021802577,0.12274743723755176,0.05920465462363968,0.2407606543963899,-0.17639705262084707,-0.2578463159417535,0.19317069245558466,-0.10865056881846999,0.281533472434102,0.17100639548856705,-0.02735494330158944,0.0022632870230859443,-0.14802703538455547,-0.3313087500810401,-0.10257715244343546,-0.01574514446684278,0.21411051664406705,-0.18304645421675397,-0.12004593998524397,-0.4938113783039178,-0.2746627114382129,0.12820628596615938,-0.05711934361858126,0.08590552093554135,0.16787167546430515,-0.40392442170230514,-0.19147530504848986,-0.15068133376416706,-0.12897335551963426,-0.27572467741696266,-0.3096971612981058
0.12728146079046618,0.24601330983937666,-0.25602062242888274,-0.211386928843292,0.10846084316055947,-0.12152485496898552,0.04666869181538027,0.15058658351075102,-0.10828804914921629,0.3171198853984165,0.3778182767733563,0.40083054899209075,0.30746244393061,0.4479263822303088,0.35973264532651,1.0,-0.005138330728647634,0.20679185968659067,0.18520622600993572,0.22242597731088457,0.00023492587549533785,-0.017489288038205087,-0.2505385204883186,-0.14460372159285276,-0.10672228862436421,-0.04374356385009231,-0.12213217902480898,-0.1999513455095714,0.4770612058715605,0.4367976376589609,0.07441267037219455,0.2429442245086136,0.029143104723127197,0.2054234548131968,-0.14032799328987822,-0.23632972287044215,0.11816684870580782,0.15754762835196465,0.13496277465620832,0.12000679012200767,-0.00873771069660173,0.031504927249196645,-0.24584537578507423,-0.3161464050163088,-0.11919149058140398,-0.009292663953802464,-0.19308573785726207,-0.18570650521395635,-0.28284887762858507,-0.12276235215909245,-0.5345455852821103,-0.2276901137695955,-0.08431573188381544,-0.06207130831009646,0.04833373558277657,-0.2820217660989814,-0.09111377910806535,-0.10945224847937093,-0.15264814041885255,-0.03731984517735471,0.07834435369881974,0.2997903441843553,0.17971314420860984,0.1892755130774663,-0.0037576456679735103,0.06509068915226936,-0.29829449363089106,-0.24726831984825792,0.07556834335235087,-0.09175562941483346,0.18156001828461857,0.27524075871421316,0.020020216089024725,-0.23349977531279437,-0.34272581487752735,-0.11007723985242933,0.17419507777430845,0.21080921067168892,-0.03490344252998033,0.11538756269091087,0.23922268691939133,0.27364406107422357,0.16585227923826518,0.452471145690786,0.06459114060085742,-0.024846851296998096,-0.03240475077187352,0.31644453386178384,0.06226861090986172,-0.1305960049017524,0.06174043920273147,-0.0015648616685832175,0.21253017093472698,-0.0972936648931344,0.0036664834181033717,-0.007590424459647358,-0.26860918344347634,-0.21200382344247637,-0.22557570692369242,-0.18838613176263916,0.26343213293912304,0.17245212214164277,0.06729937685217986,-0.1600078839623692,-0.22884003412084922,-0.2440980051889105,-0.08914272751799726,-0.08071352292020158,-0.19492419953367826,-0.023904310019944128,-0.41586623909514786,-0.05849418903844788,0.09796554695661133,-0.11759215228891781,-0.20117617023562132,-0.16412088537377595
0.2694114639936576,0.44127364350574877,-0.32178872046733226,-0.34085786721809286,-0.4314569047093146,-0.4642792231083274,-0.06893975101201967,-0.10349243724221209,-0.12994534076556488,-0.13881603985808155,0.3142846699040649,-0.06245870126968902,0.26070537033909374,0.20394014689780549,0.2382072647967794,-0.005138330728647634,1.0,0.1960419888286727,-0.019174050183461234,0.021917504279493485,-0.1483755208861492,-0.15838059190237658,-0.3198141643326864,-0.43191452491850574,-0.3715914188211687,-0.42260439550082146,-0.3078165553449644,-0.3502976626875475,0.36190773808558896,0.10999828567971559,-0.12207965041188683,-0.37303239120974857,0.4985334054211237,0.1459945538975728,-0.3479158934201108,-0.24657308851344492,0.466430249632112,0.2877088663595856,0.2393592606256206,0.12761271893614193,0.3041710701219408,-0.06337384409936378,-0.3042827298638098,-0.1771122237258578,0.007809392384077677,-0.08765892318760717,-0.3237681189610182,-0.23447296414548888,0.3431368910101275,0.2149465950096821,-0.15608888358287956,0.13857448599599406,0.19531786683912622,-0.3155696851043221,0.15073712709364337,0.19867898043937357,0.5291194616934464,0.48119255845715114,0.40409285020713104,0.323651598255603,0.503929224191193,0.31481224122726326,0.5157787601223367,0.43624154287551287,-0.26472046390891546,-0.10122560730783914,0.23386658737204255,-0.04510207687843845,0.0425026885444699,0.07673641402272473,-0.17586423646122892,-0.15852514437729806,0.35850506230904977,-0.005572534691973222,0.013951728578826391,0.21842035146206173,0.1283551292152023,-0.016745955630314748,0.23677370073642642,0.2620372861399733,0.32310786068108277,0.3563958197013813,-0.14999598497490138,-0.21591378410522874,-0.3144098978655564,-0.10810594030812519,-0.029036948735978303,-0.13079332190538545,-0.23488451675318348,0.134279751949752,0.024219336471969305,-0.1431644408330168,-0.29899686898748806,0.06437137127289733,-0.1788109620362991,0.3811588728019554,0.047482604955928376,0.019172153999416627,-0.0396877927793041,-0.1591139175101768,0.2248573007838912,0.1666014344430327,0.27764976378770356,0.16981475753330055,-0.12975717258928532,-0.18958784110458515,0.1467944459395555,0.09602384646393555,0.24916446724242858,0.0899674264716538,-0.28029571240681317,-0.32632184672957804,-0.022193002622568635,-0.21284594617616603,-0.04076167193135702,0.05483959740927477
