1.0,0.6144445239022411,0.06379391725762117,-0.10448473115525483,0.0024307668037080706,-0.3050430388267469,0.007311911710729733,0.10093755271478456,-0.031524805675978367,-0.207538449219149,0.35142886779253213,0.15369033615053931,0.29027563136673507,0.1367241456664932,0.28006695879212334,0.09215086400450616,0.3633190687288867,0.1638439296952411,0.4486519406776484,0.5626262431568138,-0.08054677696797505,-0.14240560459206433,-0.1597419000626227,-0.21255803442311721,-0.3192236004018799,-0.4475163605792307,-0.16143037383172634,-0.3645994981791133,0.3347072682450655,-0.023553688335516087,-0.11081606179510839,-0.2435198517091174,0.2559746559211754,0.19170696863390904,-0.2831351081179228,-0.20462960646107933,-0.19240210308255215,-0.10374776553767717,0.1318565746921359,0.09553955576358487,-0.07122156428480328,-0.012554845561712245,-0.3040272072952377,-0.24926757299501753,0.19316967748122166,-0.03080704840422325,-0.3341243246497342,-0.4025155005624595,0.2880229486705805,0.07691684192291721,0.044421569423844925,-0.008055702423682694,0.010697007511148058,-0.24876762501916863,0.08413598364074958,-0.29988861246251375,0.6308466070339923,0.5201414548542425,0.36482468276070773,0.08590652754448971,0.4643158846156698,0.17170804073808757,0.34639728149988375,0.22325930275751785,-0.03957965378749822,-0.06457928517614561,-0.005263650151158518,-0.1297497261970969,0.5188520579806954,0.38063717418364934,-0.13033257092490858,-0.11974652721094199,0.08076835803398742,-0.13729544244287462,0.05262657024627402,0.07242720357034399,-0.32206682069503006,-0.27263837372975575,0.35277774621327757,0.08471718584996783,0.08860351047891953,0.027920113067867902,0.1644740302025965,0.14191048354876204,0.22399579440054065,-0.014789156546641351,0.2410054619145409,0.32557768151183253,-0.029732876568717884,0.03282502328007921,-0.06173253113035141,0.03732311614126752,-0.2766225634573603,0.012727911445857446,-0.042986701346975235,-0.17897246984479223,-0.19851075599012302,-0.31594764221202837,-0.007506243104438797,-0.14528038750965777,-0.14322647537284833,0.2585719358094085,-0.04071194533069411,-0.011879176358876403,-0.16662995885368517,-0.3329580885636939,-0.2003637529415517,-0.1541817554835287,-0.17142175478777685,-0.19661899640707964,-0.18273217247023033,-0.023047940905972106,0.07666122511876361,0.08485502670758131,-0.014466244552253898,0.00444965822592198
0.6144445239022411,1.0,-0.24971721867270094,-0.25587175115498245,-0.17160995450790736,-0.4069477899109575,-0.3373013124299577,0.04466587576191607,-0.21260988311729995,-0.24216440048189766,0.17122670053918093,0.1857059050607836,0.19424266944263324,0.22264715823082593,0.1984993842090593,0.1934143766099862,0.3833035812972724,0.48500947445994613,0.18626972921891888,0.4917343879460571,-0.27054490113110286,-0.30584564918950774,-0.47075028876970587,-0.4763760103354277,-0.4593398794512343,-0.5385947798434764,-0.3352393082589929,-0.47857266574818613,0.3431859683071346,0.203079465734788,-0.32861009655608747,-0.3786169440322072,0.26464427971912424,0.34212990454406833,-0.43045190959835006,-0.22901004988936077,0.006707726578456349,0.06920610507848848,0.12134954987895538,0.2055444999743958,-0.042604962050236235,0.1320474213961394,-0.21388622137683508,-0.0954777844354549,0.3467858829110038,0.11055226099202724,-0.028232393368868652,-0.19710356213980412,0.3151669985008008,0.2848656893392842,0.05852385520637103,0.2002619866116965,0.13365549380265457,-0.11971054052981307,0.13661695421793452,-0.02486082379806907,0.4819862689951622,0.7193275754002163,0.12457937164442413,0.3295644597770216,0.2008167143512986,0.24600903456442338,0.39219568984885445,0.5346290657778423,-0.2922162874403829,-0.1555026414543114,-0.0003102491677027417,-0.12482629652801842,0.44086154240677017,0.3398654567874722,-0.2652165736539313,-0.029631479712941194,0.09490766156132566,-0.18329606950020155,0.09387791177453732,0.07808258378853969,-0.23588520802315938,-0.16351935583313096,0.36023231609704226,0.1552003288063806,0.2487434073947592,0.2689364528390978,0.10224157607928964,0.27179697722403173,0.21611170731462356,0.1290644931614695,0.09529819643996774,0.241398079012777,-0.2723583584306021,0.050105143412021554,-0.20701978087569,-0.16891722185080627,-0.38691514505367647,-0.28972212829781124,-0.12783703574622685,-0.03051608424940322,-0.07296782963831794,-0.24214524923244896,0.24115347638700857,-0.00834999473015342,-0.1436215649938167,0.2491251603591182,0.00046707058508108144,-0.24966566040705385,-0.18116210715327236,-0.28902943292689337,-0.20837332654358584,-0.13076212869664414,-0.1641517022592132,-0.14306870396931726,-0.2797515981331122,0.11197782996169729,0.36454083791816827,-0.09342625020895494,-0.021278351259276962,-0.02583120319811755
0.06379391725762117,-0.24971721867270094,1.0,0.5705449090947298,0.43042528755072573,0.2859811636512281,0.820632978010046,0.50580636208594,0.1107226683651992,0.10953498452907268,-0.01065972432524816,0.08574873274057007,0.0542974449046165,0.03125217636496329,-0.046583885479557594,-0.28525037148872784,-0.3781584144066231,-0.5098814271877036,0.004394471968229846,-0.21044925084542063,-0.005192574717466571,0.08701570415319018,0.41164304155717385,0.30487353488241486,0.4319799491144402,0.28896110856871526,0.41769139221855983,0.2868806094001381,-0.17684789279028723,-0.3267925550073236,0.5417984566524158,0.6070391607671703,0.09091133444899158,-0.14814516168156808,0.24129863510045974,0.1433524177372688,-0.17031876135394636,-0.2651546600638443,-0.11370964175194351,-0.4078267842783931,-0.2003502269543991,-0.1920782513522025,-0.2188510817419854,-0.19684248559085804,-0.07414411104247588,-0.006244717307127636,-0.46544009752904936,-0.3461467341634924,-0.02468469025225604,-0.23688855454060143,0.09504830036566893,-0.31016640932231065,-0.3655655143989667,-0.46825791399206596,-0.43416035361750627,-0.5230135819022358,-0.080738453601185,-0.23709362287252278,0.09647601293578303,-0.05035894815597558,0.1231507539666889,-0.06444115808677976,0.04027170800995857,-0.20675360690076972,0.4634211081568253,0.21426281096666946,0.3795784445548746,0.40052666028297,-0.20530185418261326,-0.11795662973719329,0.09167428832442012,0.1030272720057,-0.1882507373680442,-0.04807847642682503,-0.21000405248574175,0.08306952526382509,-0.052799163504657534,0.023939677174290557,-0.07225358181643605,-0.06251036773096724,-0.28286944528584496,-0.2522942954311625,-0.023139346812520348,0.04773062067165643,0.09475435077015222,0.18712684244274566,0.15856886803553485,0.1107969333809145,0.26779974799232154,-0.0034488481537224137,-0.3161702070885737,-0.13586913346299326,0.24864189030755138,0.2516336793493254,-0.061336036667736814,-0.22394717041660003,-0.1713987173717306,-0.2463447150166975,-0.42359951355440006,-0.5828809249986452,-0.049059955033348736,-0.16984828757823892,0.04999888555942942,0.11166009009880165,-0.10739050246816785,-0.15935449928164744,-0.08900062221566812,-0.20310776992307117,0.027316776699252605,-0.13982518684767012,-0.013426850294287515,-0.425689761517528,-0.6520310312721065,-0.12394121331780414,-0.22798334500743841,-0.17848567568267937
-0.10448473115525483,-0.25587175115498245,0.5705449090947298,1.0,0.1337464958740332,0.5730730317401289,0.4529607769277124,0.44800934846604024,-0.032260618606987236,0.3282873339247369,-0.23752272868378568,0.22418645500376363,-0.20153023115156057,-0.03295354910978866,-0.3238281682506503,-0.37635556782417473,-0.4241231895030114,-0.4965834674236764,0.020679489214232228,0.012436423958829412,-0.11686260026070074,0.006069411579826045,0.5768401373986629,0.6784432752959748,0.47338765573334246,0.5489467499728007,0.37083395817434334,0.39490067669089113,-0.3650773479044042,-0.37920871635461406,0.49454529828697624,0.5630939922858145,-0.020624858647175403,-0.29140464364812174,0.10582083887588538,-0.1550842726474061,-0.48755241794433557,-0.2724322749935588,-0.1507811109502259,-0.2557810713462217,-0.2597296968100871,-0.25104010067232213,-0.31045333221584615,-0.2794152647977938,-0.17529663222236808,-0.07031067040232619,-0.33950678131839684,-0.3840861810633527,-0.1915147545218211,-0.17679802274192255,0.17452380996610792,-0.17941906699208135,-0.16288376324784495,-0.18704015045250919,-0.43059888557076725,-0.39506428730320237,-0.019685167378703367,-0.11717406782095655,-0.0343325793629084,0.09005340995070306,-0.135293254934216,-0.0080642562641563,-0.3025554770381555,-0.2669812682190289,0.5393469430915193,0.47563358292429586,0.0462640552693302,0.1683145130944957,-0.08143536102325324,-0.04280013191341032,0.11986088555786463,-0.11343971599607168,-0.30207391860848054,-0.0873604789768926,-0.2053412628849705,-0.06329653693093655,-0.06401098242279936,-0.05239272670357071,0.025218471795103437,0.004100385961379275,-0.3011035253948974,-0.3157584825838137,0.05826205930964418,0.052960265634934334,-0.0008974645368925242,0.020483050397194218,0.266496974500768,0.28936215417107464,0.46007931706735405,0.1739401489285128,-0.13020371304645928,0.003442883281973298,0.49632357649311365,0.2574241998796025,-0.13007091208182084,-0.06289439180823435,-0.3812138123467877,-0.1820552972749494,-0.4124112303987613,-0.5099616479775504,0.15683893730799425,-0.34153068378053686,-0.08352579741735783,0.00148768894684533,-0.10923948673877788,0.015565076811083456,-0.09974017527579082,-0.06382102845449016,-0.024228576185123855,-0.12485727955501108,-0.06521230888962685,-0.4221146518091543,-0.44737378136075034,-0.013428809257999691,-0.09982211671015825,-0.11866331463622283
0.0024307668037080706,-0.17160995450790736,0.43042528755072573,0.1337464958740332,1.0,0.13652753490559738,0.5914987323924458,0.3491709945083506,0.6436446639507323,0.48111854746345156,0.14838998633444309,0.053371963545031154,0.4922746537497138,0.19673097505841158,0.2963260982655698,0.231900147387269,-0.3601984308781116,-0.3904497617678584,0.032699879786666976,-0.1262361006469098,0.195410629351735,0.1861838754165629,0.1947131856921549,0.13650103175225,0.35067453976271235,0.04218881099431005,0.3528921461022547,0.16425055122131677,0.05967877898666896,-0.07127415697270531,0.3666306533736123,0.39621386617183413,-0.03677573057481682,0.06784017996745763,0.18428403440293073,0.1876492638681133,-0.15774638373011024,-0.12051353643783214,0.025111035863580693,-0.2235985143823183,0.06512527871713494,-0.014192270073632503,-0.20229046702002726,-0.23379466672711627,0.018220586296704144,0.1152906372548914,-0.30055582490723554,-0.21955986567486183,-0.19155320627384484,-0.15772254348504813,-0.30933602774901203,-0.30583954031868177,-0.0925837278076365,-0.11067277537319288,-0.247159595130384,-0.23472884664468427,-0.22502323167683422,-0.15750815558682418,0.11551073347102515,-0.15143255214611018,0.39042745100425985,0.17945926873956866,-0.0493043206525039,-0.11089177321967075,0.25699484329860217,0.18128102224959017,0.19140570189304038,0.2002300211805032,0.0569267383448985,-0.051723761426033805,0.04611211184153392,0.07682981817164947,-0.008033516133493356,-0.031104985069614077,-0.04117898114604055,0.04774786377296051,-0.02437612602438885,0.19053972295515284,-0.17386718619712402,-0.09870459991795803,-0.2722808568925948,-0.3359653079459765,0.12031585802372151,0.326568699007715,0.04642528043501104,-0.15088487160033684,0.07185377536995392,0.16927407402781824,0.23217896331399052,-0.07056005838429612,0.06072960212032695,-0.030911024040610136,0.018852228145234618,0.19473546521064164,-0.21437769011654378,-0.2374396050815746,-0.2899810483484044,-0.3280076123849921,-0.30685128122691296,-0.32819450554545293,0.0183551350188071,-0.08634774920651864,-0.14158183674505684,-0.20483459572212867,-0.2547674656127001,-0.15077528481585264,-0.027496828238433774,-0.2767232868658242,0.02439910187883347,-0.07224457460622032,-0.020363743310731115,-0.20954735876912003,-0.4019739262811293,-0.13428760339068366,-0.21044631191741092,-0.21276638286712093
-0.3050430388267469,-0.4069477899109575,0.2859811636512281,0.5730730317401289,0.13652753490559738,1.0,0.22907206577228834,0.06254591958209724,0.0742865862604243,0.4028229506371464,-0.28915380076678954,0.09323170367030609,-0.3212342301919356,-0.17710508793028787,-0.20416371361642344,-0.29522341621789966,-0.25788830147188385,-0.3837415514490795,-0.20384726139371884,-0.2962206598467086,-0.01460197048148342,0.20112913399137305,0.6285283373817575,0.6659713407531954,0.6056232800848582,0.7645698415243944,0.6839288347085721,0.8392345662752515,-0.5517495927044233,-0.45958543931300544,0.4106949815145455,0.4619638705378915,-0.31569200999350533,-0.5373917170353059,0.48222357900667184,0.1117747177249895,-0.36736821884818727,-0.2259692749147784,-0.04360357390316003,-0.22976850722798906,-0.2656780603652063,-0.19214624190796567,-0.13794327140999021,0.08839394659413742,-0.29506259220283226,-0.06754740334318844,-0.13181937000518312,0.05412606280259045,-0.2406651833687397,-0.28744310158697434,-0.05271045377204603,-0.14800238191431905,-0.1307293365635187,-0.11739633218009539,-0.21838216243216574,0.012884626811787222,-0.10299047045825889,-0.18233756947130533,0.13323195615315878,0.07029275568779539,-0.16337440872330403,-0.09770348153901044,-0.48436259938585785,-0.4296504519226185,0.430542556924186,0.4745389544336763,0.0637926254560061,0.27013804564391714,-0.059184020820094475,-0.23857826151907255,0.22489158106543625,-0.08662887987947604,-0.4136057475018504,0.033482451161696666,-0.27033061173917383,-0.08665157213946612,0.15993723302045765,0.14241228285970334,-0.18679697772223636,-0.07287902003550562,-0.3400832869393292,-0.4225961845290174,-0.026857665524513876,-0.317841060830283,-0.04595666751955092,-0.039184693197787855,0.20305110844323185,0.05741361569278389,0.5071858783852016,0.3800127108652636,-0.02951426951169734,-0.0916075839019126,0.3624005289453502,0.24816876262087226,-0.3159695543089317,-0.02882800675471596,-0.09004582133794672,-0.14095534658134992,-0.38539657223738494,-0.24993015380729572,-0.07129512755463768,-0.44394804406735394,-0.28791326478397855,-0.12444355397754801,-0.24813430425084437,0.08841958336445087,0.085821109401056,-0.08101530665460198,-0.18556095685517357,0.1322450450489867,0.3258276629587189,-0.24458082918847707,-0.39447790476073885,-0.0715769179792611,-0.3693075930048991,-0.4117431064136421
0.007311911710729733,-0.3373013124299577,0.820632978010046,0.4529607769277124,0.5914987323924458,0.22907206577228834,1.0,0.45653986679257924,0.32123864371438676,0.2703162922482051,0.048126518443153916,0.07489212721275217,0.2562488880022407,0.12061715155452622,0.020228656599682465,-0.1645815311038042,-0.37062169452532356,-0.4757085161229533,0.13178683884550582,-0.19015409023983254,0.046536237686466524,0.05997778315780912,0.4438481805005465,0.3338967171541574,0.4081282160796777,0.20130911649961816,0.38420346186648857,0.27047867692553773,-0.0971840458742839,-0.3006849256711819,0.623239354842891,0.6224183602105159,0.003524241748640067,-0.03450600706601278,0.2150575562292607,0.1379431739755166,-0.12385325916414636,-0.3431442773414713,-0.2305523492189522,-0.45589500317234855,-0.07829798846759602,-0.14737734162546853,-0.16959135709762035,-0.19003633710222728,-0.12505804662850112,-0.037294893834185196,-0.38893632759136,-0.36000311509127175,-0.19164376516217355,-0.260077102367552,-0.05330552997698545,-0.3230124069863194,-0.1880608508581401,-0.2351517754250668,-0.4906011636293814,-0.5269930097918588,-0.16407948476017056,-0.3002482417429957,0.02164978782200615,-0.21519887717075412,0.13798590928365545,-0.014796506939452938,-0.10062152821930309,-0.3197624639090254,0.3954991899869337,0.20308497670434628,0.24143294172732535,0.2153751641012692,-0.1374698501951678,-0.13124746370585727,-0.010920401878152563,0.1441108506331424,-0.11292812354789024,-0.0709777784616279,-0.16511810916243458,-0.07052889957507322,-0.1560905355260441,-0.06693350790720323,-0.10052029740197614,-0.1474521592425651,-0.291095331044193,-0.24684170751159165,0.079249212239326,0.08965002525604124,0.047437283737627414,-0.006520547357206225,0.050198183873727105,-0.0008356943092954017,0.26594731938946187,-0.09787183855043642,-0.11706805806791715,-0.0381221090370222,0.2031554018882816,0.2700390683544375,0.044686633575430006,-0.365699030182247,-0.22503574512947982,-0.19449317930576335,-0.3973179433912009,-0.5315418856036371,-0.03315199986736376,-0.28211974861302497,-0.07481628801829626,0.10696835668320438,0.01027813250186385,0.0015336233669899957,0.10985246194512704,-0.0041903221297026234,0.07635878924029665,-0.17420485675053368,-0.11564674341612152,-0.47265552098292657,-0.5837744281045083,-0.22978453218456746,-0.04684763653119564,-0.10421196331302271
0.10093755271478456,0.04466587576191607,0.50580636208594,0.44800934846604024,0.3491709945083506,0.06254591958209724,0.45653986679257924,1.0,0.11568301806433338,0.49128878041993845,0.05009937522276744,0.48749420260035004,0.2879357676908946,0.6408303831363462,-0.10321924947995928,-0.11838415948290765,-0.3184341971645213,-0.23388244969606772,-0.2504421126205399,-0.14031757194349392,-0.20582470752487894,-0.3172710876346454,-0.09971589274923819,-0.016296570116008144,-0.07712916707357796,-0.2003698458602467,-0.009779660882140351,-0.1929997354641755,-0.16511540764740323,-0.1706027953794185,0.017692440938767574,0.18466374735043356,0.16207362884507712,0.168968735590843,-0.13902913104019105,0.08273748530835945,-0.2458214410235447,-0.3498164507489667,-0.2533094905603985,-0.342265393892392,-0.2745523741269237,-0.08576100831178689,-0.13848931541766496,-0.15582285747917674,0.13489570370821283,0.19695164957428327,-0.36251353364321753,-0.3671255642771362,0.24572983613851945,0.11490983233272374,0.23778663681684592,0.1136815126731629,-0.17835912286718908,-0.37256398749877273,-0.49978468794282377,-0.49991337036081923,-0.06918302837092427,-0.10885415555586873,0.0672243010144569,0.37789545492224846,0.20256440236961326,0.3658793471391177,0.09346130924829534,0.221498534538379,0.05062374406153252,0.45869971919663804,0.3717743890054727,0.36141752672317534,-0.26681115542479833,-0.16493556202014958,-0.07047444462392513,-0.10929076271754848,-0.12039612608516694,-0.1721572352314291,-0.14027185330953718,0.04082087398213111,-0.29859920945505747,-0.26281826608171666,0.005238514366626728,-0.10466579554417267,-0.08709587554577265,-0.16595462045186601,-0.3601005296132203,0.3005943333615194,-0.09049460866306965,0.1272143813168625,-0.2285897420994985,0.1836551999506066,-0.06398810328385081,-0.059556229979405254,-0.33209285374927106,-0.25972647074102867,0.2619149823813293,-0.08952425998766726,0.1163963924639265,-0.30970414838150356,-0.0486783232249815,-0.20811711806750152,-0.18015136353297434,-0.43751390125099127,0.1951781627093722,-0.1876396757665179,0.27666732833758834,0.17989645238947333,0.10712613836126875,-0.14996274351518665,-0.09565538208436934,-0.06702855890935519,-0.06563654489009955,-0.4797567603614768,-0.35749469471781864,-0.46268004449220396,-0.43865429548504015,0.018599979563747416,-0.046254925996848203,-0.1062146480558951
-0.031524805675978367,-0.21260988311729995,0.1107226683651992,-0.032260618606987236,0.6436446639507323,0.0742865862604243,0.32123864371438676,0.11568301806433338,1.0,0.5665072586099323,0.5253270897169294,0.3258766512454409,0.6702947996864946,0.3314384842811554,0.5928494997628503,0.11949067231421491,-0.20062999476948726,-0.13649853091523265,-0.0856532680281526,-0.18983961144557504,-0.050823314999431095,-0.07074396435281609,0.3729321941925813,0.3430562408436663,0.260318809093939,0.057411967493799836,-0.08688614031672112,0.07020618638856929,0.1476382822216517,-0.2753587815562896,0.10048942408751801,0.030680799431358374,-0.1921768509973461,-0.10695815765877206,0.25678104078844977,0.2851721958914172,-0.1613052158813515,-0.07954526970337841,-0.182988298459611,-0.10734028572187745,0.07170264264998753,-0.05105772134748294,-0.3472354139504012,-0.42595646084334576,-0.46570176100858673,-0.36146142453488084,-0.2788503609496194,-0.3157937605348452,-0.2485375918076287,-0.3678775735482019,-0.04109390811423195,-0.07875253052273361,0.151963310673521,0.08967214269640611,-0.09665117295361067,-0.22892027712416804,-0.18428994892769543,-0.04251225373111145,0.2889497324190797,-0.06041762160161086,0.6378132342990102,0.43685576943668636,-0.07354061509139023,0.009104519430446488,0.3668217365264127,0.4363079224807472,-0.06653849049209036,-0.13229209362202207,0.10399435547909316,0.06869921438098461,-0.15912571206367176,-0.31325536382143043,-0.13137143515842245,-0.09685083776768451,0.006996995566910724,-0.1577874496143877,-0.03419500439698357,-0.0029992097105012326,-0.2763046792107372,-0.05925504225930726,-0.21429729499568861,-0.22959548963831816,0.0152235102095575,0.030511379856020766,-0.07212711888323424,-0.17544552253905074,0.11390526753031364,-0.13433683216511638,0.3099420660813823,0.05614688830828192,0.1845621846328687,0.19766246214214292,0.22305069938142516,0.3511133975706104,0.07675885673198415,-0.24507585697857853,-0.29208739511277393,-0.043146700321237276,-0.35813995946034516,-0.2563291713850901,0.0492371173391105,-0.20640224079866756,-0.3860851000303574,-0.276584677342921,-0.06999065024218104,0.04090198759464748,0.07240856469291818,-0.12633181391000828,-0.02364598820509376,-0.15993014140950723,-0.118805380908993,-0.15153865716317994,-0.16484032645710808,0.005698123815853646,0.07980948846899323,-0.007321680179326003
-0.207538449219149,-0.24216440048189766,0.10953498452907268,0.3282873339247369,0.48111854746345156,0.4028229506371464,0.2703162922482051,0.49128878041993845,0.5665072586099323,1.0,0.12813209893564945,0.4893131552263618,0.3611065021156727,0.5547360906962725,0.1551266665583399,0.008894718406705781,-0.360857834046804,-0.2568574123162519,-0.30659557341405397,-0.28865645422541764,-0.13086772542667818,-0.26992956153171743,0.2530666092030673,0.3222280792124347,0.15623420899640011,0.08851159616773925,0.08617309423576026,0.11559737991629747,-0.24634791691488642,-0.35621399434287365,0.07188776149432602,0.11543868002875017,-0.3614352268788041,-0.23902975692180403,0.2230453373498603,0.17777468461166698,-0.3027277341261289,-0.40087242005084955,-0.34955137590509505,-0.3359338743268414,-0.30602247724051657,-0.26742010644480935,-0.05909432557477483,-0.05360591565144544,-0.18752863937859635,0.06714263563563909,-0.07845520915666852,-0.1291642084220497,-0.0833432270376303,-0.06924758249204976,0.024666774630125746,0.10863252373474751,0.16007845699147272,0.1165704224695401,-0.36359914515103564,-0.228220691107917,-0.18749298283220298,-0.135514870492658,0.06548209437656088,0.21389095882138087,0.24905127735637106,0.48365918777827566,-0.2811604523584913,-0.032400313946423294,0.2256075741135198,0.6641390703643777,0.008382789623406151,0.1078245397345706,-0.09921223677793344,-0.18703658996679826,-0.14150218854390836,-0.4000066817721801,-0.393257358915992,-0.14751967099020336,-0.2634719725522229,-0.2317348849928785,-0.24621282851064558,-0.19529754414349482,-0.18627837319286183,-0.17302743066623028,-0.15329401926169442,-0.3091046670604935,-0.24002062051034212,0.012735040428313148,-0.08021804022937201,-0.08702611672907407,-0.1357113077546363,-0.025395819694750098,0.27705358103081335,0.1502190866290996,0.056573261313765145,-0.018974154698385287,0.40672136850696455,0.10731850565166197,0.0665315948534316,-0.44689447289398093,-0.15168578841695385,-0.18216145803055386,-0.25659223371221895,-0.21886372293350626,0.24744829168202265,-0.4279779719355891,-0.24946018710254564,-0.12941399694653838,-0.01726071872921492,0.1451297132834783,0.10396868512692553,-0.03139730327126122,-0.09505339445736084,-0.4117589325448516,-0.1921385489229201,-0.2720193020980287,-0.1997363289740437,0.05689728683958447,0.07857960283100958,-0.12312565313007007
0.35142886779253213,0.17122670053918093,-0.01065972432524816,-0.23752272868378568,0.14838998633444309,-0.28915380076678954,0.048126518443153916,0.05009937522276744,0.5253270897169294,0.12813209893564945,1.0,0.5579762561120604,0.7848709210452312,0.5210252020226683,0.8087776818214792,0.21486470915142997,0.16626928484844683,0.31820499504775485,-0.08111137003139401,-0.006784735683602916,-0.17359977056083425,-0.3081342440954696,0.05502657879076765,-0.011499503839004386,-0.24271577909991335,-0.30825627418219537,-0.43024104460104834,-0.3383501725988955,0.5520462651333349,-0.08147901640090419,-0.1879315303851606,-0.29011521802198154,0.027856602704268908,0.034898093070583225,-0.041678678468321254,-0.039179695946291254,0.10771539417990994,-0.09734227446022402,-0.1680896139433313,-0.016862931525172407,0.07336605213114972,0.11857339888497877,-0.2333951330242315,-0.402526912822604,-0.3717418590412574,-0.48055140043624284,-0.26797845854938196,-0.4147730046655161,0.09369414626325792,-0.32687659209493003,0.30084264572323605,0.014877780735864408,0.2523179271545488,0.0003000699618124333,0.08307970520001441,-0.31062914865129854,0.02895839241583587,0.03798295124284104,0.25713944790125115,-0.14701636521815814,0.6250349094516215,0.3453881812289145,0.33405417761319256,0.27840941721863754,0.061586815766078364,0.18877956914111055,-0.1487175811611289,-0.2753776119571567,-0.03407363276445403,0.05982967002392237,-0.2852146563900307,-0.2929226943943979,0.0014250644156021195,-0.1260516310490895,0.07512099723809884,-0.11233484891834052,-0.08904118316515477,-0.2809303971043804,-0.10148674366477735,-0.0469973941967659,0.11613886706586049,-0.002814331741622479,0.08024736610475013,0.18605111557048662,0.07032088930936306,0.10040519415809687,0.024391428568802567,-0.14090107593858636,-0.10032747654798255,0.004321273769006931,0.08388943989193526,0.17822084201034064,0.029206700377341074,0.19305623112780276,0.23383384460918927,-0.24972809205527055,-0.15508055182912345,-0.01756872795270592,-0.09069116998524528,-0.26875328801466136,-0.044657409227162305,0.03194509891828323,-0.15974019848684573,-0.10403540218863425,0.11423916498736089,0.08608955428054439,0.002644916874253863,-0.04947009916566294,0.0467686778596991,-0.31306194646427604,-0.34351608525845134,-0.15160680214038763,0.012468635073830293,0.1136833354900954,0.26640837578441806,-0.0018051524584100545
0.15369033615053931,0.1857059050607836,0.08574873274057007,0.22418645500376363,0.053371963545031154,0.09323170367030609,0.07489212721275217,0.48749420260035004,0.3258766512454409,0.4893131552263618,0.5579762561120604,1.0,0.4829495125912706,0.8012253774566938,0.36409724357167444,-0.1755532212853531,-0.06903175002174487,0.20196159906139816,-0.367688758651469,-0.25634010238759974,-0.3692132218808028,-0.5016370004864114,0.10644203652002052,0.14292099137692527,-0.12562826714713513,-0.09757098243185329,-0.35595069704574717,-0.21101297288384507,0.0059147184146303555,-0.32706377294501554,-0.1565276779241727,-0.11421087882582888,-0.08362470748154399,-0.09764228961296331,0.01627840271549583,-0.02180106844225487,-0.11457420814151414,-0.21378284691848734,-0.3091852374133807,-0.2491890624498345,-0.1982475109355386,-0.004503018623741418,-0.29759513037115165,-0.21942648322433417,-0.3517653838469879,-0.292166465765212,-0.2561955394870017,-0.4174506596810208,0.19740075880306418,-0.3138912826356456,0.38272926988404704,0.20076977675284502,0.18414933089458685,-0.14298608770952653,-0.11030472386648954,-0.40635979910114767,0.038746361832080134,-0.011281586870190824,0.3152675170093683,0.2439510646672344,0.3588393028307501,0.5113197401866322,0.008861808070205096,0.32745514725287567,0.137183019714831,0.7016537059861707,0.09437590280854673,0.06255865944402365,-0.13650359292706826,-0.19447369982493554,-0.27154919678914236,-0.48488404506220345,-0.3433875210214948,-0.19314055514650313,-0.10904006671224233,-0.12845471503294864,-0.18681454094408662,-0.3610261269006777,-0.002706906215208366,-0.14957518550748589,0.05318433725135333,-0.1269722049186409,-0.2605811155939332,0.15582925488375726,0.18147514081673705,0.4099553346718714,-0.12898141578689606,-0.14587696153527446,0.09940308059494787,0.3461796475244255,-0.1686638464514257,-0.12959912361619236,0.3194927996424613,0.04569364413343119,0.18500555026238452,-0.3287336818195846,-0.10540128427240598,-0.08589377429622216,-0.16712845642544927,-0.4351917638541817,-0.037504156288287745,-0.30675791295775734,-0.229464694415976,-0.15658451427536746,0.03299749928568225,0.07327474308782266,-0.01686376875689284,0.04678845422575679,0.0037030733036936834,-0.4541618922681464,-0.3253223405278711,-0.4753756567034917,-0.12144636028468693,0.1251427352778944,0.12928296158649302,-0.14767863942530748
0.29027563136673507,0.19424266944263324,0.0542974449046165,-0.20153023115156057,0.4922746537497138,-0.3212342301919356,0.2562488880022407,0.2879357676908946,0.6702947996864946,0.3611065021156727,0.7848709210452312,0.4829495125912706,1.0,0.6617523611806337,0.7090572154360373,0.39447743194680485,0.011831587143034193,0.13849364345412088,-0.036768544077640394,-0.02178268181102521,-0.13405764150791646,-0.2742156867115778,-0.06709329222836816,-0.12284579579863944,-0.24813068252691506,-0.42192485632178794,-0.3180111205723997,-0.3549116750898618,0.4976134314239268,-0.002790023616830792,-0.03459889015556127,-0.10788083075736248,0.08888543411772076,0.28074166629497943,-0.12556535032064142,0.08515543137297807,0.03501308509952519,-0.1505505813631546,-0.11742413634348257,-0.06246031165345896,0.14042084950384687,0.07540304577698305,-0.20185103346647218,-0.3942991612409745,-0.1051655506077943,-0.15933083070318574,-0.2998836750881903,-0.4096509664729527,-0.035471485399263224,-0.18991594482405982,0.023164118845750824,-0.07763043265196165,0.133311931731825,-0.054550023183468924,-0.044347460739866985,-0.3245216750569835,-0.055955307583721574,0.07119227634777572,0.14782704316951648,-0.020789471857955294,0.6813475497186844,0.5594498853346314,0.301817671826573,0.3757812891308335,0.03418342247808799,0.2066230710518699,0.00864473148636767,-0.14971666358423383,0.04376394783674415,0.060806701834316704,-0.2892792610495087,-0.1529727965661123,0.05611390478570412,-0.18413875780572797,0.1049565534649269,-0.11937073704950883,-0.20648399203394663,-0.18032208714785508,-0.11485338172254549,-0.04156514409826571,0.010295175311116412,-0.04185964350847255,0.07207932165141687,0.41311208918919506,-0.024244986306343898,-0.1087305383904732,-0.05407161547671903,-0.026873585380672846,-0.13185107041140376,-0.15935198235635137,0.022881964258599972,0.018228008539131636,-0.05389707367492122,0.06530802149267338,0.1580041049522853,-0.34620114623771703,-0.21996746527482597,-0.11598258814019655,-0.16522449946469583,-0.2822854609324601,0.012534368957431739,-0.006540296325882182,-0.13386097799006216,-0.16758485234682363,0.035430816365188474,-0.03750820647853303,0.023770908378714383,-0.09328152494601993,0.06667179420204658,-0.30488100114441125,-0.32811400294135223,-0.1756966983469521,-0.12619966137780694,-0.03742222562435008,0.16716277480981925,-0.02507911530662361
0.1367241456664932,0.22264715823082593,0.03125217636496329,-0.03295354910978866,0.19673097505841158,-0.17710508793028787,0.12061715155452622,0.6408303831363462,0.3314384842811554,0.5547360906962725,0.5210252020226683,0.8012253774566938,0.6617523611806337,1.0,0.3912562822640624,0.16221334255570283,-0.03113496254985955,0.23185662561304043,-0.3639913487965186,-0.2390908590682199,-0.2796856706057088,-0.5225163576100607,-0.23424370360941196,-0.2001156179081448,-0.355591055507331,-0.45865642310943006,-0.39208105396248605,-0.4496132625867735,0.11115561558085346,-0.08317500377517387,-0.24808780700486416,-0.1856570914046976,0.009924348409821341,0.1886419173952522,-0.17271633239376055,0.0731401807772004,-0.004001689341608539,-0.26212810124506314,-0.2916131146792601,-0.24229856160191135,-0.13786886464117784,0.006528037285332256,-0.049704218456014075,-0.11147859544341486,-0.037591898792046004,-0.008012872521733827,-0.15466389628115754,-0.26738263476979646,0.28671772445999805,-0.014147059185358633,0.2778754606002936,0.24158711071111788,0.1395177670457262,-0.14111821317037893,-0.1476811822800292,-0.33195236897244956,-0.00757942038415859,0.004298438763719167,0.1388857570722464,0.293539515980046,0.4476046412033081,0.6667534514325979,0.23935008934033164,0.5177366098000571,-0.10962199549047576,0.5004184294632726,0.11800558052570721,0.035354131520392976,-0.19238072881819468,-0.1919011088677346,-0.32363141444445215,-0.3326831877073338,-0.14450769135608296,-0.20963754533345094,-0.0713472291672632,-0.1008103675159222,-0.345248138651089,-0.3915827013217542,-0.035738963147514936,-0.15029343968459236,0.16892625918572202,0.022596074972249993,-0.3056802159089825,0.34762669477122016,-0.009220741079876566,0.18329051578702774,-0.31558136593506697,-0.05773579944383344,-0.21150264936295407,0.017640136069954196,-0.2092824315875046,-0.22862917164391822,0.13428834140108908,-0.11877978623906676,0.24346110818467387,-0.42010339496367216,0.07568521765213936,-0.0935257378788016,0.011712028405409953,-0.23583236376201996,0.085651601074471,-0.1413712629094169,-0.029125853621951754,-0.10285446922090549,0.1220142291166285,-0.029219475088638282,-0.023415337594433212,0.010909503609352318,-0.016772467927699874,-0.5540922564864518,-0.4254237344100883,-0.3195360723411959,-0.08380546593794917,0.11453477489464776,0.16102055535639923,-0.09679381850406295
0.28006695879212334,0.1984993842090593,-0.046583885479557594,-0.3238281682506503,0.2963260982655698,-0.20416371361642344,0.020228656599682465,-0.10321924947995928,0.5928494997628503,0.1551266665583399,0.8087776818214792,0.36409724357167444,0.7090572154360373,0.3912562822640624,1.0,0.4695665983854103,0.11921510731406906,0.30639280527145324,-0.03169658942691343,-0.017084478239981972,-0.1353494613101207,-0.12053067206271977,0.09929916828116724,-0.03635596250123057,-0.07599452728206364,-0.2529519899692648,-0.18828789990794922,-0.1880532569781542,0.5290617776598793,-0.014371797027800119,-0.10939033465168656,-0.2758397855267297,-0.12424193772911589,-0.06721958367799802,-0.03766965609442114,0.02158491305902193,0.12631379404423623,-0.025960236861053882,0.021386940650765136,0.05388094260203729,0.031182206097564533,0.17786585443121072,-0.19696536066552012,-0.3572704026319639,-0.24227744324075795,-0.3792744833935818,-0.22449545757534925,-0.2551776451560493,0.05032104066738731,-0.19019132291633478,0.14012953832051975,-0.0021532352162452182,0.2915591503582803,0.05246529806573138,0.2584071563273674,-0.1791176516963514,-0.03618517265257764,0.09892044434411483,0.2099630978060491,-0.10488811666934693,0.671819487492354,0.33555558752495657,0.35313425867985243,0.25357038240541346,0.09632499471619144,0.11391998488025198,-0.21444617408951366,-0.2826322765827972,0.019005171607834544,0.05636395746221655,-0.11168786772857746,-0.2710599244683103,-0.041239752546470505,0.08106943949422213,0.08564763299650603,0.038980301635112895,-0.0035302418137969503,-0.10802590741088586,-0.17050289762326679,-0.12593490025082194,-0.003804627443514774,-0.08983452864957607,0.2702072187738412,0.1989535952183166,0.0581207398443068,-0.01959309063261989,0.21193123514527112,-0.016669516970467427,-0.07269449166860817,0.033611734821043536,0.19724645804646732,0.198117096382775,-0.001764998534848707,0.2785447515370595,-0.0028481149035343555,-0.2882147992628598,-0.24874215026375274,-0.2369149682304674,-0.006172142678615447,-0.07332468167444418,-0.01173534101548405,0.11036112956916361,-0.1933241144450321,-0.3353227333883683,-0.07567183848076396,-0.11221002989703988,-0.09382364514076588,-0.21593230389915113,-0.07963404928694597,-0.2372682761042876,-0.26990837143350593,0.07777520046749088,0.12197387136599014,0.08346413194754107,0.08256076835657486,-0.10606779020628522
0.09215086400450616,0.1934143766099862,-0.28525037148872784,-0.37635556782417473,0.231900147387269,-0.29522341621789966,-0.1645815311038042,-0.11838415948290765,0.11949067231421491,0.008894718406705781,0.21486470915142997,-0.1755532212853531,0.39447743194680485,0.16221334255570283,0.4695665983854103,1.0,0.17830641077652737,0.20941145781326964,0.12889012411644493,0.2190813146640738,0.10082601483486003,0.07828285239544698,-0.32379390030954847,-0.3447840615516822,-0.2840073660917897,-0.4057716748750388,0.008800121531349169,-0.22897410306802116,0.45380129864438173,0.48802184319234687,-0.05256543081645153,-0.15677320013860555,0.002895633439854526,0.29268563773774764,-0.3519748394029034,-0.07834226567602491,0.14841872060164196,0.11611474028109531,0.27184343265725863,0.30766065032366274,0.28958296749895673,0.25352667233454484,0.23492689412014225,-0.04451347817594109,0.3613370584603784,0.1766575066783738,0.15832179062822496,0.15342690634450745,-0.03121594982600606,0.30522737642625325,-0.18854551562476066,-0.08246058897041825,0.12766168264949074,0.12585759259001272,0.2723286304643986,0.2007292575368473,-0.06095002971073937,0.11826773619861387,-0.2347261583038267,-0.006516736444857895,0.28684234925333957,0.2580333418101529,0.4061925733162806,0.32401664742362635,-0.2630319000537532,-0.3453013597017572,-0.25138282653090244,-0.3105954172836701,0.00434144802580042,0.08615426340820337,0.0038279955750592488,0.16732944401895833,0.3710748983439542,0.16770886125066675,0.1565101365975306,0.09225778913438314,-0.03994551481997817,0.1281265290574061,-0.08498870743353457,0.06848172508402295,0.15415036239837987,0.1105411430803398,0.3710568694886981,0.49893951494198346,-0.13964982157869685,-0.4026447027060258,0.08928649366715129,0.35573167181855603,-0.409308705728554,-0.36858930276407015,0.22804579332071948,0.006378577311452451,-0.3647755046412505,-0.10440505073792497,-0.21406205137321127,-0.11646873843450938,-0.18828455710541192,-0.23997610393520982,0.21988346120257665,0.31855252702807924,0.10456022089805468,0.33145161429853864,0.121543394851393,-0.24892384873090823,-0.12813185596740212,-0.25441378892285743,-0.1555319846000705,-0.2312441802938016,-0.10142570900137762,-0.03089345823778002,-0.208482624407427,0.4161304364837306,0.20369669875311538,-0.05593333716069758,-0.07118889038109463,-0.07099833500453705
0.3633190687288867,0.3833035812972724,-0.3781584144066231,-0.4241231895030114,-0.3601984308781116,-0.25788830147188385,-0.37062169452532356,-0.3184341971645213,-0.20062999476948726,-0.360857834046804,0.16626928484844683,-0.06903175002174487,0.011831587143034193,-0.03113496254985955,0.11921510731406906,0.17830641077652737,1.0,0.5023311711052768,0.12294759383253057,0.31476856816966337,-0.14411933558691936,-0.10515202890859944,-0.27194274467157287,-0.2586101321057389,-0.33873193457647394,-0.34082291346339283,-0.24300497278582286,-0.2592133044628919,0.4156530054816134,0.36276624237624067,-0.21945308774892694,-0.3911493202851644,0.2704427716857475,0.25760823947603867,-0.18894106131791277,-0.05361937276683358,0.22471726795658575,0.30362234471788696,0.22613202374648986,0.45334395901977365,0.2495178519549778,0.18249368592622012,-0.051192838405280265,0.11476632032816901,0.10997233184317333,0.021476250086377786,-0.012633945661065623,-0.05935085254296326,-0.0035337074112713873,0.02338772995406511,-0.06081916470363348,-0.052229062667527214,-0.09334078839081533,-0.04403999298598484,0.1543133730649285,0.16675775225485764,0.5217036045325913,0.5209771097766361,-0.06388981418320307,-0.024664365672297156,0.11385460261185201,0.04339912118849785,0.4230738822394764,0.27439753619997426,-0.16016308061020118,-0.2864581811608238,-0.22627092067662474,-0.21828133313920173,0.31642853764391404,0.21455779672228137,-0.14963063805140356,-0.06774845761369956,0.363169803324274,0.023248017952079446,0.2512876555782775,0.029392587654271305,-0.04643190124694045,-0.09265952576453715,0.4950682551336353,0.4132870155831143,0.5523363592802489,0.5475710157433938,0.08984507642729467,-0.0007597513249914451,0.010664838661211215,-0.03208613080839216,0.004783572430992485,0.08363783624521423,-0.3342942121170826,-0.09939928321970723,-0.18146334825992505,-0.2121781877798882,-0.28927807672064737,-0.06851762476690941,0.060308724851347736,0.21186569532179877,0.12604886377551314,0.15825433126473112,0.07771557673063678,0.07711085054503429,0.0010219725315481429,0.3149408657784437,-0.04617415123146003,-0.09691328997155116,-0.10869472629659666,-0.15503999966585108,-0.24011173949551687,-0.12728163092388467,-0.08299169196733341,0.1443407208984368,0.10124475217856876,0.06862894920773088,0.25097208049184455,0.05506581860379622,0.0644052101199615,0.031712757435553074
