1.0,0.37580775404843947,0.31394551634614076,-0.1451789126475686,-0.1664870324975611,-0.2156324036745145,0.37491134121845365,-0.012825604000021282,0.3035416208535955,0.3255588256651716,0.7923279842936857,0.40975195579408075,0.6539618133425765,0.45665896241690723,0.4568592151387286,0.009619753401650607,0.3096170799116913,-0.06846198385554153,0.3172055320413735,0.1305395765184404,-0.32361451764963195,-0.43726591524301883,0.24302182366776168,-0.08463327345441843,-0.1626937681651837,-0.3400773030421232,-0.3638799348250667,-0.4618388547024959,0.15672192933280268,6.898709355186387e-05,0.14530795611447375,0.024969915830390436,0.04348993414530457,0.3721550716254489,0.2886131017830634,0.3067585213184147,-0.04625520955316098,-0.08638424818295987,-0.06548784492077707,0.014380421633512448,-0.26745289851184084,-0.31001901826807327,-0.10693188319637885,-0.21240373422903797,-0.42028057875065467,-0.42216496634133205,0.1067645407187365,0.06813163054772547,-0.03588177049378113,-0.2871517365424425,-0.3178030284921807,-0.15187592641762254,0.15348787410488615,0.011491150099298424,0.14961759516574402,-0.03667499341966954,0.06759386456413517,0.08803360863352343,0.2953564525077319,-0.09848063616676753,0.6079325699288642,0.4526297612119237,0.12268796602753078,0.16370497414936594,0.34601080011953433,0.33986904845967064,-0.11068469177655088,-0.31575554471660244,-0.11715885367472892,-0.1595776433766821,-0.10393516102149217,-0.27831557198263335,0.18774896454200887,0.015607336235056926,0.03588801127056095,0.23483647426426932,0.2822846617459031,0.0849322884809749,-0.1185366496377428,-0.19313359564143764,-0.3304744619994755,-0.30925874085777627,0.10220188245760914,-0.32787658617746174,-0.1705386391772783,-0.28588281026609097,0.006583920031826042,0.03986384149820228,0.1208134820081187,0.280094390478892,-0.12043397868857825,-0.03019545573359971,-0.13194640062438562,-0.05262796555248695,-0.2036486094106393,0.017899830803395595,0.07432851498301998,0.02988177657456701,-0.08682931041932952,-0.22927359880777737,-0.13282829216576175,-0.11941814579987038,-0.14657474396244172,-0.5102299430321293,-0.5400966169427319,-0.49364683716678887,-0.17551135102314566,-0.37114343258265853,-0.1386677083965427,-0.27608767585265004,0.024651618809748997,-0.3001438887659595,-0.05608725573438786,0.05796279103405947,-0.06401988941832176,-0.4136104152150689
0.37580775404843947,1.0,-0.007925016489912744,-0.042526714310311395,-0.3354244211204633,-0.41695131850787326,0.03891601784601859,0.28430125125616446,0.06298705562525024,0.4245482781642063,0.3617996348316218,0.5189219232930927,0.24570624391073004,0.3381302939471658,0.020520472867727714,-0.15078476140313382,0.18399446819294882,0.13494182692711243,0.20466683069997674,0.13539284428388218,-0.16239414383507522,-0.507422565157605,0.09010478366574674,-0.22335903233063747,-0.03229602943631956,-0.12641188142470947,-0.47965450803846743,-0.4417690906497234,0.2095032708748864,0.004072018956174248,0.18792391222453414,0.030453430977040744,0.28539248057903194,0.466211624855512,0.16062460874257906,0.1735508935210934,-0.16152416358213503,-0.0007784565218998883,-0.26617377155835636,-0.2265778144050522,-0.3989197045231108,-0.1919956501146419,-0.3372376458013049,-0.2635619767649121,-0.24455084927191442,-0.2747232369977887,-0.22956963813522374,-0.2711434455871595,-0.2588993376311461,-0.2740629607000951,-0.2491241829253384,-0.20260932407922264,-0.026210227148922235,-0.09426523985474193,0.0891567869608312,0.05072245835845717,0.18707167907707123,0.5009158251093812,0.1667213478454057,0.2601193909545901,0.48228429447396465,0.4925251887792938,0.08173742298257576,0.2937252229507502,0.2660627890972995,0.4863871891188557,0.09372019720424396,-0.10864932082287881,0.03777015108719237,0.049934983186564,-0.3667920246773083,-0.287467324490079,0.17888412487556243,-0.12052481854595874,0.15065817904257367,0.17137031281269932,0.2746962360031025,0.15817799585381967,-0.08594097521005643,0.016116827349489594,0.09082614145424094,-0.024694570699025194,0.008624187933283125,-0.24088776956065527,0.21323599519638975,0.05855368947553363,-0.05202617725111003,-0.14314196586051156,-0.07910353515719051,0.06248642877269318,-0.45150040500797145,-0.3396937463453408,-0.1608287218310665,-0.19452597165997318,-0.34166622040856476,-0.24376583913659727,-0.2279179278912933,-0.11422519395425604,-0.052350689487705125,-0.013439951373389112,0.22466751810675503,-0.07085762795555672,-0.06093689231751514,-0.28392031416454366,-0.32246205432358344,-0.15272509745231544,-0.14894462871652053,-0.21574367460550753,-0.15705692188636422,-0.387201767351462,-0.3039414858878995,-0.15992098117605885,0.09595639763467942,-0.1091108905041691,-0.07144074397855285,-0.10586809174665701
0.31394551634614076,-0.007925016489912744,1.0,0.28987520468151945,0.08520623971033056,-0.0991513702482328,0.5122044904476923,0.1293986661207276,0.23086270064934847,0.1037922836711704,0.32190262635601224,-0.09266705750708931,0.49258419672502074,0.0694469264249124,0.2786250649956175,-0.018037643550320566,-0.27597288883403076,-0.34465439662733854,0.07210818926049904,-0.38931444811581906,0.1863751622818638,-0.221267205120943,0.34407577068190914,-0.12001196919228142,0.4440612836603831,0.15649624822567493,0.04288924925903824,0.1718846658360651,-0.21595956893671756,-0.20362937166222111,0.2834485236299864,0.07874591944358698,-0.18234584901449294,-0.0399003156505563,0.044810883714359734,0.10111386737358445,-0.06801317588393904,0.0013849357224473018,0.16100774733387588,0.06369674302205847,-0.049042314606821645,-0.011551624239144442,0.22456796860127903,0.12118450749020289,-0.022777443312633015,-0.07579700758652597,0.10971122261772422,-0.18915919870624032,0.1430646760272358,-0.21464788910593371,0.17572084675710312,0.037259999900783554,-0.058203640000914096,0.34487120283364214,0.22104663201239352,0.04171741036818162,-0.1224343219852409,-0.2833795645960426,-0.13804011192438345,-0.39576284445894927,0.050186405534893785,-0.2346600405719991,-0.5294959618922096,-0.3492985511671351,0.08295744030951725,0.01738362159021759,-0.33744217541275034,-0.18814691434460787,-0.34687110528246484,-0.3793228151133938,-0.07872638494035025,-0.0722205026313599,-0.07858341840407188,-0.1852225849518615,-0.21298847509542027,-0.12331190960742741,0.16315028967889253,0.07622480668466258,0.03395615204891529,-0.3672575228957436,-0.43147561833223735,-0.2621157468892261,-0.1947625873147186,-0.22271921870628175,-0.021090832120606265,0.11978815488269379,-0.22381692126830832,0.0981338245692105,0.22732004257881472,0.0005534449191592767,-0.3026858293724006,0.07829154534636093,-0.17658729279201704,0.17039570024911707,0.1669876140669428,-0.18496797627793723,-0.06409919892871113,-0.13876857170851398,0.07480040992299684,-0.14306932039611076,-0.1932729294805214,0.13249218961129855,-0.031937505241063535,-0.12495884869856264,-0.21098337599187356,0.18455052496312452,-0.2360884293424686,-0.06530825943016924,0.0879247547120965,-0.35687258641992564,-0.19713626856654615,-0.2694334373764352,0.10754126639731791,0.010087923039074397,-0.23616939943253107,-0.09856607854305308
-0.1451789126475686,-0.042526714310311395,0.28987520468151945,1.0,-0.11595622964210697,-0.036684772217393434,-0.03887619447581852,0.40081276135571225,-0.09949105491700483,-0.046889102051873154,-0.27320556874663726,-0.341537831680394,-0.1809548941645876,-0.291065433601131,-0.0712614858894947,-0.08414509020428151,-0.5221838819004199,-0.47010738460604384,0.1673999863043611,0.19816332959325092,0.13437713074617288,0.04166338970102176,0.3874669326843306,0.3865384120475937,0.004513302627820034,0.003514142774868171,0.07874722838043806,0.12587585988301447,-0.33566989279253595,-0.341583364005724,-0.08435509703927015,-0.0668293689912551,-0.35919805864965243,-0.27374515507171454,0.16683096815382903,-0.019231825003927772,-0.25138315484470597,-0.16170675484621808,-0.22255104430052589,0.050897457919818985,-0.19114817964694691,-0.08455398375314678,-0.007617348974663144,-0.08905487904828184,-0.11542298163034007,-0.12291202815967663,-0.10998135563474805,-0.18275902726797813,0.0007813910516387189,-0.2005336159842808,0.3841701976027205,0.22113225783351864,0.2849676966166172,0.2632016762588175,0.0035722474410577252,-0.129784131832801,-0.15290877575688736,-0.21583024136286053,-0.019022125330813575,-0.02305096520596969,-0.3719588966152212,-0.15631606402407,-0.35550232311856445,-0.3881325507202564,0.07579205656368619,-0.0208897251536415,-0.10464409720128709,0.004047415359891134,-0.24033525076282167,0.030137034934949417,0.01623236669627452,-0.10272957628413794,-0.3938524577181848,0.12788564224370216,-0.04056943764019322,-0.05412076662991116,0.09578598670858453,0.11978102643714364,-0.2256414083032877,-0.1446451233984901,-0.15877751325195452,-0.15353556680698646,0.22932407202064314,0.15186705637115794,0.24340979434107424,0.1715398383957216,0.02934176935545328,0.3227455999545013,0.1683570090311811,0.23997832804404814,-0.07915996799908817,0.10209409780190827,-0.01675441296934842,0.07414672740346653,0.07814180219035315,-0.03538262011211357,-0.1983346603244268,0.13159031731525198,-0.02298939870285829,0.017978583891517113,0.021603212284647153,0.16184000469648874,0.15494161538603024,0.1636704667110103,0.003533237502328533,0.1777758762893541,-0.042276763192919085,0.07085991542931526,0.10780051125634232,0.009027942388276703,-0.27639213773486543,-0.106737279204435,0.12538820033778647,-0.09614365754878304,-0.22424915078225935,0.02096150415229438
-0.1664870324975611,-0.3354244211204633,0.08520623971033056,-0.11595622964210697,1.0,0.7069144041873433,0.061992243866559577,-0.09943212287198086,0.376260130646793,0.13351285157511422,-0.12070741121666477,-0.19360413343324354,-0.05945710331530704,0.014977353346304855,0.31233398305399407,0.5897030557219369,-0.20210501280930773,-0.17715029615605687,-0.06565075507508239,0.011268054986139002,0.5428005099722638,0.3365390548655744,0.32409931175504814,0.21774936127326192,0.23843682659050944,0.21214980515681578,0.7628765969285795,0.6474902420491858,0.031094940104411797,0.20476298983499053,-0.06237574147659045,0.03619622441223734,-0.28641076134517257,-0.34183699979164656,-0.14537386648214456,-0.2715887148984214,0.05086577410251344,0.2129809406133629,0.3017028444235376,0.12140667184290842,0.49835504229834804,0.5218510045009852,-0.06620885424016569,0.043212955218823866,-0.05018229424188101,-0.05204303886821748,-0.27487507949853157,-0.2558375447522675,-0.1684160830100834,-0.15995151196510757,-0.033983765920681065,0.04425641384268316,-0.41249455695370957,-0.16341134327982795,0.044823390186425734,-0.15970240475714817,-0.3217625993023957,-0.34092168349119084,-0.3898439561414628,-0.1828613378683213,-0.2769462463186608,-0.20642725084756267,-0.2338154481868143,-0.1348812509262262,-0.10227670410438142,-0.09222137105180768,-0.3152002097630028,-0.2533944800745852,0.039979861787657237,-0.04792437410083315,0.20093404032693407,0.2227064220538879,-0.09248197371169711,0.12984957154896962,-0.1355226006957692,0.044423691548616626,-0.1490502095434066,-0.04873556199672483,0.05681983414933915,-0.1447201419331406,-0.1309797819686992,-0.004750662139108732,0.25702258878813605,0.448468756820362,-0.034351185303213835,-0.12496162388070771,0.2569939976499649,0.17820789754063587,0.48489259253509376,0.028563976441327396,-0.033493792870131676,0.10272824154670313,-0.12827077641714196,-0.058232783670214484,0.07986406913715714,-0.17665934312024206,-0.15952537334828987,-0.061864098998639795,-0.1274070567134598,-0.36876020601452886,-0.20280699964468335,0.07875703615305742,-0.11250549193306562,0.293743347057396,0.04564526968387483,0.10852471637865725,0.024571212018803155,0.11649638140032349,0.25218254526976747,-0.055689859504982314,-0.14047625197120622,-0.13703855421775668,-0.26026078220575277,0.017100401919711763,0.0417323909724265,0.11505782098521017
-0.2156324036745145,-0.41695131850787326,-0.0991513702482328,-0.036684772217393434,0.7069144041873433,1.0,0.026973422491889172,-0.2568394088689546,0.15803667701928117,-0.026202338303636566,-0.2637674175220984,-0.29171086636553245,-0.3115983817446714,-0.20592645323841807,0.2604902537685246,0.6566378605954638,-0.19685766083804287,-0.15470364758137237,-0.17342906423790128,0.006738118170017823,0.2692058576364668,0.42893250613308415,0.14169089836996587,0.03257243414236772,-0.10450235285664476,0.05596812091917504,0.7662722392029313,0.7087438953384871,-0.14320423233712096,0.20303023573619036,-0.32524116870617614,-0.20598205573406578,-0.20359074943835276,-0.43050220229154673,-0.06326647716011606,-0.20628210989022666,0.29132675574049305,0.09250525585884298,0.37517416172574874,0.22004101251063515,0.6868967942097027,0.3971550385968136,0.08716889682433367,0.11145629530542146,-0.0847545325979343,0.01051770256904259,-0.1444450513740211,-0.19029232934701276,-0.035738644764188046,-0.1522951120123733,0.15370338981326412,0.03407437837925267,-0.17982852338101035,-0.17786882416972127,0.045976785502412014,-0.24175878317644434,-0.3257716054740361,-0.3668172789993816,-0.1636709429516783,-0.23637325421756192,-0.3597749847226718,-0.23830169648499636,-0.1270757097496815,-0.16412406400019164,-0.30292643194510505,-0.26695598354381533,-0.21538830816949797,-0.18861496054371185,0.16999872863489246,0.1349932022206486,0.358614939799863,0.34409683633705934,-0.09018121088704063,0.2552190934010439,-0.19837891589273055,0.26127579203517515,-0.19556951465554773,0.12392590135214206,-0.005669478562135273,-0.06770133187986367,-0.007211845193469533,0.042424871065982146,0.45545022073586156,0.6180469479506915,-0.0210694146837704,-0.021276588721856397,0.3941823372044255,0.2813739018557693,0.5889635381920474,0.08183270085670884,0.12579009680362474,-0.04133626739247376,-0.23381126302483593,-0.04087693694494155,0.16499555476835953,0.17098039615841992,-0.05133620708588947,0.01949432889289895,-0.17189807864143047,-0.33568396029789344,-0.14613928137042154,-0.00010996298259285275,-0.026733696528868162,0.2123490868541337,0.1031076668426782,0.059671889002604665,0.17592385263798793,0.13691178578298266,0.20372569394260084,0.1857351086611635,-0.10718830448848056,-0.13449732620196356,-0.14670889287984773,-0.10028734673526399,-0.15932790493501223,0.10611722361176958
0.37491134121845365,0.03891601784601859,0.5122044904476923,-0.03887619447581852,0.061992243866559577,0.026973422491889172,1.0,0.26975082016400737,0.30665940392574503,0.20196258023762997,0.4160160119057901,0.15020155122956766,0.34928315734490906,0.2682473712130808,0.4287408432511009,0.07262014235563446,-0.034563834858879275,-0.02542536686013866,0.15887123199308406,-0.15117574304792786,-0.02664010448996479,-0.2510716954640739,0.24466125448593173,0.1036290111594312,-0.06479113740722565,-0.21492323970349217,0.08895108038799544,-0.04259731844325792,-0.07261775653336718,-0.24095975634819664,0.2768554637512812,0.062007868649596426,-0.24328668509840298,-0.15674922289236648,0.18874158048986334,0.20554899694757617,-0.07931992723506744,0.0011185431525851494,0.158196477654916,0.0952391269883207,0.03910080403216514,0.026387329220250885,-0.10003482637019638,-0.2341174163674568,-0.3496876568479778,-0.20965858176630425,-0.01615699761155912,-0.2035244037957409,-0.11811469381164724,-0.47897324253334167,-0.013952193439042915,-0.013106964387401304,-0.011783909184302338,0.12499496766387302,-0.041196989879325435,-0.18168629532580244,-0.2592111529633774,-0.2216074816773803,0.07904746994871305,-0.16372147230727366,0.19574181263119642,0.0862496289408997,-0.2689608734286275,-0.20789286117283154,0.36437750515184325,0.2070886903017159,-0.18222268476922662,0.0058285777519243446,-0.11906888479659641,-0.21391384646593267,0.010184138377837526,-0.11928222465224106,0.011266295906615055,-0.19184863599311755,-0.22786065521042856,0.1436889624220139,0.0014036408023650035,0.2158803303083399,0.05484796863134444,-0.41697765140361387,-0.5603867947217334,-0.4767204429055905,0.06364890260877483,-0.033680665389440076,-0.10261058743188908,-0.0975969758461434,0.045549957793928744,0.044396663657780326,0.3003766488754442,0.25254607955881414,0.00703484516171391,0.1451956027019905,0.05143688692192486,0.23394830784735207,0.0352427265511199,0.012373794852271485,-0.0555302369354701,-0.040318336414702914,-0.1706602310833536,-0.38186288924526346,-0.03647863806730168,-0.05521276596152186,-0.021541843109672484,-0.3122555852980845,-0.2864014139021553,-0.09587454360765835,-0.09476699182748494,-0.12483793972605726,-0.157558561818975,-0.2303203178292355,-0.08371762542940636,-0.338250066805715,-0.17897883247340696,-0.021391671656318296,-0.08067375635813165,-0.21040254500113859
-0.012825604000021282,0.28430125125616446,0.1293986661207276,0.40081276135571225,-0.09943212287198086,-0.2568394088689546,0.26975082016400737,1.0,0.31327928116533044,0.37787080337117357,-0.06095939691793131,0.14385365038617295,0.08799250288267295,0.2495985157506029,0.0921388404753516,-0.0252721698486514,-0.17451317853933732,-0.21516982685898467,0.047009291922325426,0.06266446843047636,0.11986738231681292,-0.2928230447989902,0.19098059607981718,0.2829870760410324,0.21311690591588803,0.12689224367339128,-0.1174956294582868,-0.20040167964010397,-0.015357725550637087,-0.20650123230050096,0.3686307044644015,0.37291637337094635,-0.2413077294855627,0.09441792465531204,0.04413630232692506,-0.06857690591387318,-0.3488553805670915,-0.12508930004699356,-0.2804185019235298,-0.1810615879944915,-0.31244254532390414,0.11110183449659224,-0.3228922292781989,-0.35223206063835244,-0.19935224827702144,-0.22813429070675442,-0.3413994253904393,-0.46362114300403384,-0.3190352131697117,-0.3146296551745114,0.09585140922417767,0.055942700915263675,0.04239119034186804,0.03159521683081385,-0.240342124326887,-0.1985802958522377,-0.046274212458835035,-0.09754909812429235,-0.019218707279437964,0.22443066289467808,0.10559195716854397,0.25082503910909854,-0.13547163510244603,-0.14348562909843818,0.4933407581504375,0.4026344381191949,-0.20673631510323412,-0.010269731323439934,-0.19889116791700748,-0.15672862548228314,-0.16250293016496717,-0.007932649663790295,-0.13181376063626102,0.013330575401350712,0.20763710616586675,0.026254462084041877,0.024798053384338544,0.04683194265512136,-0.00722578707737334,-0.29971279165415976,-0.19950556450784743,-0.36109836611592744,0.041171446191398994,0.0039001235693516593,0.1736302774287263,0.07132263008651338,-0.056611833033271296,-0.059203799614371326,0.005090135374676292,0.12970553317922034,-0.31412524570721867,-0.24749429848112775,0.2116552044025373,-0.0196932723513623,-0.16995016155157006,-0.3502689816686598,-0.39309189466924616,0.057409926576233575,-0.14251037827213517,-0.12955574486740984,0.19085242632793678,0.011183031564147043,0.02395824084885837,0.018045695026065817,-0.042368538278502496,0.19615343237397592,-0.04500727140371578,0.12020341979326461,0.04122501649862119,-0.2692606451322617,-0.3895192805616735,-0.23173532723977272,-0.06082502050491754,-0.08472866924908423,0.13548122421395453,-0.09406191916419175
0.3035416208535955,0.06298705562525024,0.23086270064934847,-0.09949105491700483,0.376260130646793,0.15803667701928117,0.30665940392574503,0.31327928116533044,1.0,0.5880196693032836,0.25293794518931884,0.13914872259653485,0.2620371430530994,0.2195702968768232,0.3529694554879437,0.12272225081331523,-0.024140924993602438,-0.19640624780437066,0.049497398327193694,-0.014398209829761945,0.16853249052994124,-0.2976713037303047,0.27103204589549135,0.06512581103744729,0.21952436811900988,0.20971064344495235,0.1085343736722598,0.11116218171623653,-0.05546885719480606,-0.0007450053711206092,0.3594116010185872,0.25338317256147397,-0.14745044459385123,0.08164689516564758,0.17208588285714402,0.09302087167432348,-0.029131872539788713,0.003931999513633145,-0.006753382916132486,0.08295712474510289,-0.0021120751663491343,0.2556395134205343,-0.26316136492658654,-0.28535734663686974,-0.29226365184111786,-0.2682284706285965,-0.286959247288785,-0.31838707776765046,-0.2812633960966384,-0.3284655815059949,-0.17044682672752573,-0.09930515028561042,-0.19094879107912122,-0.10895060206162405,-0.059865202866912846,-0.20925389151719243,-0.0912475974219521,-0.14535137214076524,0.007345451530881334,0.004823998474267401,0.15915887259757838,0.2532520491798686,-0.06688008666017996,0.029885850825085436,0.42522523566750436,0.37552798410015137,-0.23927283409188027,-0.10944450729873456,-0.11899313520282807,-0.10707525505856146,-0.1099944434001551,-0.0297712420292102,-0.09783661826549674,0.014430362645182474,-0.15570976964945168,0.06460289901469454,-0.003737241259230395,0.0934096810633344,0.19498738924389908,-0.4082818913228915,-0.3345297575517251,-0.22010406724266238,0.1301411739551379,0.05161158832031657,0.021566630788402107,-0.12013284308736497,0.03472987318035502,-0.08440995500275131,0.35190856902958073,0.11915653436340858,-0.40517724380237113,-0.060929489937903834,-0.02220167394868949,0.020877518673988172,-0.12889026510646223,-0.2429881693764081,-0.3261689738029301,0.029455813852500463,-0.2554254101465859,-0.38828203714218523,-0.23387428050315692,-0.044537116327810315,-0.2989584327721157,-0.06510545599205358,-0.20716061077315148,-0.01282886967360709,-0.1307849983207786,-0.00446524858605742,0.16775493507527464,-0.2072834366735606,-0.19553171534678188,-0.2212221838838091,-0.2279837902821412,0.09200569120225328,0.22141104368187697,-0.05793389645341752
0.3255588256651716,0.4245482781642063,0.1037922836711704,-0.046889102051873154,0.13351285157511422,-0.026202338303636566,0.20196258023762997,0.37787080337117357,0.5880196693032836,1.0,0.36027806676042506,0.5045702071140471,0.3639289974246183,0.4857863709691873,0.3173176742507173,0.22514313626134902,-0.11620484639603607,-0.11973037038145937,-0.11082661189904909,-0.049752716541862516,0.03432296662045882,-0.42567490001555225,0.16064438354554922,0.1022157107852837,0.14950422326235469,0.0718722247050545,-0.08411261200041883,-0.14936498479368968,0.018416370377822566,-0.018043374714488095,0.1677570545116984,0.14516707927416914,-0.20902338654218683,0.20515361623195044,0.27003145885893265,0.17462810447366872,-0.06634819643478623,0.12857623161626613,0.05764301274442751,0.09174216467626951,-0.03647277262787351,0.013747834757577565,-0.352951965805275,-0.36792443843434103,-0.42288959941496984,-0.4107824980043646,-0.4012475035980013,-0.37338526182245024,-0.13444524647153155,-0.4398516362183172,-0.04788516749157017,-0.03799115431712271,-0.022962530714142323,-0.22221510615211934,0.07548071534418777,-0.2329980821105021,-0.22277024958249292,-0.046332322100729864,0.2206242656487842,0.1259303440479692,0.38951292676808363,0.5599928757922396,0.004721141221720377,0.0521903722895362,0.37305534101702736,0.6048053697572748,-0.16169958866029405,-0.258373273961976,-0.1632646311311509,-0.1840436796775788,-0.10460476896829327,0.012738961621478435,0.04155556861266321,-0.0767260633868213,-0.1330462046781966,-0.06582416452990082,0.07534497805344996,0.09856711596144006,0.024549711771207003,-0.20663066286024365,-0.28327400141023545,-0.25617906402656193,0.21597628960277768,-0.11722902149758682,0.010710460992586152,-0.21028989750131538,0.19285305916582315,0.008249299588429689,0.22139602942404424,0.18898898639705483,-0.36387162254384525,-0.22888855166618288,0.10936725738612896,-0.10400472504071963,-0.2740201053459411,-0.2809383871243859,-0.3530465683357278,0.005122037514578618,-0.3440708307674012,-0.3595345006420223,-0.13012000268824192,-0.0997348243974011,-0.34089356898530776,-0.11215765104633871,-0.3587408188515568,-0.15900068703392709,-0.2843374486091222,-0.18101087491780862,-0.07942200345050861,-0.329682541502131,-0.18766066144696672,-0.09490769530094784,-0.20353300961342805,0.10175655940019604,0.22820449289799172,-0.13839568460629217
0.7923279842936857,0.3617996348316218,0.32190262635601224,-0.27320556874663726,-0.12070741121666477,-0.2637674175220984,0.4160160119057901,-0.06095939691793131,0.25293794518931884,0.36027806676042506,1.0,0.6112104325287626,0.7996124175324347,0.6358714735730487,0.5485063403782225,0.10592275758008662,0.32714956138588475,0.11275125664757396,0.24407188619491046,-0.0016326966883697864,-0.3108966472329286,-0.32509458333316654,0.19637593902258949,-0.14819711952031148,-0.16242214616122674,-0.4084336599598628,-0.3604495215940675,-0.4863894280262007,0.3517802165537656,0.22139841334770702,0.10714857639998873,-0.006011168351112227,-0.013834097950070644,0.43384714247590594,0.4232992820645371,0.4421155328084196,0.11662517559427002,0.15892675206451753,0.15587827071844151,0.07391672969474185,-0.10201090617645553,-0.24005419923034832,-0.1301322060634701,-0.2613573633808364,-0.3315622531895503,-0.42202737861984163,0.08557080702086635,0.1843738035623355,-0.1296514383531244,-0.3874767267475007,-0.4717503421040062,-0.1916581587935656,-0.09321405048731848,0.05290197646588378,0.1604435554428748,0.05111746456802619,-0.13341500782773993,0.09038949505543319,0.11311863260048702,-0.14380910652052406,0.6980463792075237,0.49884182136634936,0.16928285979943772,0.20810572564773325,0.30520110951666896,0.44026801362178813,-0.17102233460261268,-0.33662513880322814,-0.1558389564343448,-0.26368317795807056,-0.22306019713281638,-0.23186505334924318,0.34875121675994586,0.01936801826851058,0.13585016540499092,0.1196276137652778,0.3684498283549113,0.0715272534733384,0.07972685453473287,-0.0853636425293963,-0.3063967721721174,-0.19765213626866354,0.10342694799673856,-0.32894053629809045,-0.2700215404579195,-0.37372873862805606,0.1399271285112784,0.12840936165723218,0.042686276895312854,0.2544574555924298,-0.059385512934012286,-0.06552266481404374,-0.011651678180968596,-0.05852840597032405,-0.24803398565176302,-0.026087260376234236,0.1974932322954294,0.04767326110680451,-0.09828163247356407,-0.38476244050023645,-0.14440488064423557,-0.2214594527659667,-0.33444427918453085,-0.6162313556837123,-0.5882335354368937,-0.5562818105095887,-0.34351552650628847,-0.4052953802980673,-0.330339575820082,-0.29954287866444157,0.14982340766972255,-0.20795711982835213,-0.22377146432192263,-0.024225782715529918,0.005954474517265403,-0.4885104394531687
0.40975195579408075,0.5189219232930927,-0.09266705750708931,-0.341537831680394,-0.19360413343324354,-0.29171086636553245,0.15020155122956766,0.14385365038617295,0.13914872259653485,0.5045702071140471,0.6112104325287626,1.0,0.6229069736975283,0.8381956240223323,0.3712127179801763,0.2521822780082945,0.37237789073819205,0.4096001237609401,0.05267147909738132,-0.05501153759417941,-0.2331442557584367,-0.3256281680510003,-0.06252253587919113,-0.14816168723360484,-0.19754566265532256,-0.26955281559144567,-0.37047197184958275,-0.6095939896212779,0.44115342675513486,0.3650353407990268,0.1843483034455976,0.15035152087170015,0.09495552613915394,0.5924616665151791,0.32169923617642404,0.4077366344588136,0.037179694395359716,0.22483763369482546,0.11139556339692308,0.1342899326933273,-0.10771566149828699,-0.054384875668778844,-0.3201410752313235,-0.37155938447736825,-0.3544762779977121,-0.3397830952418682,-0.19312040462310961,-0.0077553077108686525,-0.2605140731335786,-0.3066865823490431,-0.4955539332222887,-0.18964641199955412,-0.12248285851364854,-0.13876600964967978,-0.05618358320707285,-0.11503844227151336,0.050899159911438015,0.286465374254838,0.09582511056963411,0.0954251435435586,0.7411088571273365,0.6460894234451177,0.24597679202618777,0.2674040542792429,0.341508692497616,0.6776113649742433,-0.08828014224304041,-0.28381055498681934,0.028375290288582534,-0.26757774264448525,-0.30470175763840196,-0.14165577729901152,0.33021893523469265,-0.08774001596519752,0.005878105307579904,0.10495391110075673,0.228036117892749,0.13465186308569083,0.060740220478371354,0.09571518026336494,-0.06565004263373378,-0.1559499820354816,0.038066865862939864,-0.23332100561167554,-0.2430273546203899,-0.356598779603907,0.2145018448385144,0.019183892142307483,-0.12027579249770594,0.18908015931784505,-0.20683843659652013,-0.2943437501828138,0.251697318271522,-0.18850093903490253,-0.37651883448834106,-0.02391961082154349,-0.07642078661469753,0.02681913717260441,-0.35341037516887214,-0.23952387999004626,0.12358129730613468,-0.2882543123102623,-0.40607530229249617,-0.4435361368403312,-0.4436682191639055,-0.4100639260563518,-0.3216678431465813,-0.34856943566274634,-0.33750441278629817,-0.30485744484404,-0.05804246759457052,-0.06132250929544809,-0.2586651179912208,0.06885628887167553,0.1702214413767365,-0.41682932914575327
0.6539618133425765,0.24570624391073004,0.49258419672502074,-0.1809548941645876,-0.05945710331530704,-0.3115983817446714,0.34928315734490906,0.08799250288267295,0.2620371430530994,0.3639289974246183,0.7996124175324347,0.6229069736975283,1.0,0.7139456911319332,0.5126443525081111,0.12156518643556904,0.27484837167187026,0.039168909349454065,0.12969065084127673,-0.1734395712285796,-0.14849396981412066,-0.26823334144347616,0.17786065947587892,-0.1303371100626934,0.029861485687125607,-0.21424089032265772,-0.30659217973455527,-0.4338537906184835,0.2846332512885372,0.20229474098485528,0.2351856440527505,0.1724449026963396,-0.007981437304525791,0.5068169151985074,0.2836722222828133,0.33570044616482303,0.06730379677948521,0.2459058244389976,0.2806627184546824,0.080839037375184,-0.08920043628256914,-0.12733497352081383,-0.08880917485780362,-0.17597287146398177,-0.32889193329911964,-0.3326822475723441,0.08028203454486478,0.14978981436986588,-0.13865332431485666,-0.2567015492233736,-0.4461961815073427,-0.2543187140933397,-0.20522067430395538,0.0723505849764112,0.14194231229930426,-0.0036319082833272615,-0.06040385019726473,0.0377364208633108,-0.09684568276174582,-0.2902522298368296,0.6592464981860798,0.32559373354904103,0.03636893348232429,0.05175101732407912,0.3118089381884158,0.42991832201661834,-0.2572929950999702,-0.2972527711643901,-0.19535130133766124,-0.3892089267544543,-0.19939880479743327,-0.12113914479928997,0.34074901651945866,-0.05740483176468812,-0.028391096757075636,-0.021711481719963944,0.3315734456636043,0.014300261262049857,0.14328888230015485,-0.11526920397134482,-0.265366894063502,-0.2968625087505372,-0.0639987874518722,-0.375821191384304,-0.31813304182871066,-0.32481192104740136,-0.0002917760936182295,0.0810893523535524,0.04515887315016914,0.11487308278506576,-0.1312044790230636,-0.10109216506945364,0.06416437293304088,-0.040006783233880905,-0.18689130073245075,-0.06479754242988248,0.11989500145948752,0.05733543698433209,-0.15994895710316567,-0.33132055009844946,-0.1376138852194787,-0.1996339082238563,-0.30560778525511395,-0.5539420122792253,-0.5076840680794342,-0.33610900853480036,-0.4556681205503008,-0.3431700875604038,-0.18995172442052083,-0.2913690004018443,0.06060647694374933,-0.09956024876013214,-0.2478961868470286,0.05987583292621035,0.10100523440384614,-0.4964024268226352
0.45665896241690723,0.3381302939471658,0.0694469264249124,-0.291065433601131,0.014977353346304855,-0.20592645323841807,0.2682473712130808,0.2495985157506029,0.2195702968768232,0.4857863709691873,0.6358714735730487,0.8381956240223323,0.7139456911319332,1.0,0.5320828380212925,0.41295320175500877,0.24940798072900433,0.2924642707222431,0.008032391087454011,-0.04126500163636546,-0.04360955061941942,-0.17651922917001325,0.09337523266004384,-0.05231081993644191,-0.03556634581021912,-0.18720336296246579,-0.18780757438322815,-0.482843176092384,0.47130816369987183,0.3538441564477316,0.2105709364539346,0.18472187844278876,-0.06935803131704307,0.49470002211016045,0.16738338229197713,0.29186836166057184,-0.07328186678952268,0.23389509182944326,0.1693486458504717,0.12637635463545474,-0.03772887271424769,0.04037498987546789,-0.35081325755191173,-0.41457425920005037,-0.3484016791118924,-0.3919010480728935,-0.27343009154383674,-0.04502499273046401,-0.28103464665717853,-0.36037779985989343,-0.48552694621873554,-0.1748611563861725,-0.21630525025687114,-0.2045552510459651,0.01154959878112763,-0.048896304742182706,-0.0653751723776645,0.05519042369438931,-0.014488361584370384,-0.017044732372950483,0.6655684822706185,0.5266388784620595,0.2008377661644868,0.17346091320255455,0.36797031963564614,0.6456316798097413,-0.1954896044119918,-0.35701238551861525,0.028735496313714685,-0.31929967523385905,-0.2450976780472672,-0.07624880026719032,0.3752403931113059,-0.1223824535484147,0.04102171514353377,0.08526747680898192,0.1972865505191765,0.021359302272240616,0.07143641039813639,0.052206265749077836,-0.08207725770367465,-0.18763273422082602,0.014872340307061327,-0.22879704445853347,-0.3189476760444626,-0.3810481801308713,0.26956068733035343,0.06383435947828078,-0.004004712186751488,0.1483647225878932,-0.15488373818858714,-0.17179181719546788,0.28851264427510576,-0.16264506750725313,-0.38227087196525306,-0.1078998560688854,-0.046890322519563925,-0.03467380574149881,-0.344759753045323,-0.3448829481868529,0.040527403870979035,-0.21830305528323293,-0.4425537490922205,-0.3920645461394531,-0.43621412457899855,-0.40770808982766105,-0.3639696758640712,-0.2902768030647193,-0.27521105880332447,-0.3529784606972366,-0.05413642030420718,-0.1111394833494369,-0.2531499519929217,-0.008275290899258448,0.10543090414200763,-0.45242432790746634
0.4568592151387286,0.020520472867727714,0.2786250649956175,-0.0712614858894947,0.31233398305399407,0.2604902537685246,0.4287408432511009,0.0921388404753516,0.3529694554879437,0.3173176742507173,0.5485063403782225,0.3712127179801763,0.5126443525081111,0.5320828380212925,1.0,0.5961293602651331,0.1519570188653033,-0.00780227806325869,0.2939640691640523,-2.7585184901099278e-05,0.022495981433649198,0.030915655570431858,0.4727443030398153,0.07056923749778966,-0.19360914840617166,-0.2743532413413694,0.2494544139956364,-0.00031267321920709976,0.38576995109399037,0.28297331101216805,0.05630311163474653,0.028485580984497084,-0.21363093560768603,-0.007801756946649881,0.18530130073934792,0.0797389527973888,0.19502929891948004,0.13167777397521105,0.3375589057996825,0.13884325516344143,0.2521896672835482,0.08476290780245459,0.011031303509365513,-0.1686941595602212,-0.29594840332995836,-0.37644804719136177,0.006491131520434743,-0.15498022534560923,-0.158979734012472,-0.447632173203348,-0.24175978761550304,-0.08867811240341765,-0.2679725587408604,0.03266344191714484,-0.07303535756968876,-0.21764404628214076,-0.1967971796293252,-0.22972233480785353,-0.2083825119003794,-0.42027417428976666,0.315765506742446,0.17808699879457848,-0.073997543956585,-0.09234380549023298,0.3939485279284309,0.25780980727603287,-0.5142455736082314,-0.46189862578269436,-0.09299897518740531,-0.36126384666100303,-0.02464240875778396,-0.08501784129544565,0.14899487563406813,0.13553809760192753,0.06902263413367751,0.2770118831741241,0.03851862916034142,0.05402867689714277,-0.006357388393594399,-0.19637683900947858,-0.2609665136859339,-0.30974725139002357,0.4869406610410455,0.2601353696961761,-0.09089887046869372,-0.17621545878510453,0.5199423951030917,0.3281622454776125,0.4479613866241699,0.17776396635693695,-0.10172782152767065,-0.2025822832445105,0.03222479969062986,-0.16795987526375647,-0.15378186142651148,-0.13366318353325185,-0.1027010809825312,0.03593344291623793,-0.3354243075745619,-0.46517551813545155,0.04032710496648874,-0.33993099589239273,-0.3589320137491141,-0.358583512564052,-0.5649170542054337,-0.32918013707423555,-0.23411102671328327,-0.09991662880398713,-0.042506526976421107,-0.43635873613521864,-0.2510785738921968,-0.3593073605461138,-0.2341473867507847,-0.041118419350116786,-0.05818559659378516,-0.3245043798351949
0.009619753401650607,-0.15078476140313382,-0.018037643550320566,-0.08414509020428151,0.5897030557219369,0.6566378605954638,0.07262014235563446,-0.0252721698486514,0.12272225081331523,0.22514313626134902,0.10592275758008662,0.2521822780082945,0.12156518643556904,0.41295320175500877,0.5961293602651331,1.0,-0.1414941692883361,-0.025784209184652525,-0.046688867564128406,-0.013358708299122966,0.16160581917926045,0.25844012096023056,0.24075341485518087,-0.002766135522329475,-0.11338834688261788,-0.12556204702376753,0.5544378688083506,0.31554445923044716,0.20565564069848305,0.41170022892566743,-0.27090741780797356,-0.11200157400835176,-0.29390616692607585,-0.10704400400310424,0.02875160276791371,-0.08002369873987743,0.1603761589681805,0.19203279281172586,0.3529286809301219,0.291814715265419,0.5757068581486945,0.32332072913344484,0.0027734572568265895,-0.051715521839607835,-0.1928214959473121,-0.2003833516776609,-0.22423121151782652,-0.23319805296266033,-0.03978774060436387,-0.2963807669126389,-0.09349724358088332,0.038528990327061904,-0.2501238223771291,-0.2082573143845844,-0.02990806236409005,-0.3195883185752414,-0.2884729477282786,-0.38873281041452445,-0.22515920736645997,-0.321616021293586,0.05346613864917293,0.09052537216514545,-0.125133371164721,-0.15631650443861,-0.049995533278381084,0.13161781274240975,-0.5007069298985607,-0.5749180029650289,0.02377013193138996,-0.22094227412448417,0.2686283515113489,0.3017499920242795,0.03848028442701964,0.1449721975555042,-0.09526096293654053,0.2279214518678971,-0.1274297385812457,0.12487407416377079,-0.018126987842975926,0.08817863942976653,-0.0705277456581473,-0.09288047571106865,0.43333525209239315,0.4902657620229185,-0.24521695083988682,-0.28034509363837595,0.5696086879972199,0.3542657304515066,0.46561685988542323,0.10207610874377476,0.05507834186400009,-0.15567259609579065,0.03214994456122297,-0.11100369669214837,-0.06681633599722163,-0.014861913855891924,-0.14505280986821004,-0.02875543824094087,-0.3215690837383296,-0.4350378659425386,-0.03952335056130044,-0.15858825475376226,-0.2213879867160238,0.039097241288341716,-0.12728527882386895,-0.10332464266661535,-0.0633632763228661,0.06292233159327586,0.048757898780541965,-0.16392922097619836,-0.2286161002501444,-0.18292907816713078,-0.15965899602283584,-0.14939689190630312,-0.07626026889455229,-0.12335844022049786
0.3096170799116913,0.18399446819294882,-0.27597288883403076,-0.5221838819004199,-0.20210501280930773,-0.19685766083804287,-0.034563834858879275,-0.17451317853933732,-0.024140924993602438,-0.11620484639603607,0.32714956138588475,0.37237789073819205,0.27484837167187026,0.24940798072900433,0.1519570188653033,-0.1414941692883361,1.0,0.5377047613709466,0.16262443391232678,0.09972177518250097,-0.16160445089142586,-0.017302893091505615,-0.11602543035354056,-0.0862903608931068,-0.26349128106079567,-0.21439819291937928,-0.26940174152170276,-0.3732108637986839,0.5603927295599896,0.37978266441593966,0.2121632561606098,0.27884710637263527,0.42761292940150125,0.43779650545122456,0.08243469504882932,0.15087376155939416,0.22601990695490223,0.07815143682699643,0.07186143376337475,-0.28896439400589163,-0.05999758264482088,0.030059926088610932,-0.03293401849484608,-0.07800702984037321,-0.073349013933793,-0.08326833505392492,0.14597212986205968,0.2175826253930645,-0.33549482562270516,-0.01677698088527146,-0.5426725214121034,-0.4187483260364164,-0.31409245126451585,-0.14112409173680768,-0.212588274841997,-0.07453698603405731,0.3073552764796037,0.3976834351177523,0.023443633944008915,0.04158783868807482,0.43567009568745574,0.20320628687454617,0.5459683145990454,0.5837985004408883,0.2038883100739166,0.03950704602745671,0.05638303722687255,0.044092382802268605,0.1673886655054874,0.09037314865555839,-0.09209885824902893,-0.19332902679826092,0.42288445856094325,0.07496361818070153,0.34926101857208164,0.20207229256487322,0.2274060282757709,-0.0048373617678848175,0.15361748877241588,0.026084052563217726,0.276428203583647,0.10155512605030603,0.04727625802913919,-0.05283126914308925,0.0149987083879686,-0.11283236086484771,-0.013201490345457858,-0.17560331308643293,-0.11379432110622356,-0.03823181472144266,-0.0014118659763512691,-0.2976850378748643,-0.09096873519715425,-0.41896633875158135,-0.09301057672793903,0.04298747223550852,0.1701427170071874,0.0209784986357188,-0.14741955337392276,-0.01487677559628879,0.12490662826621834,-0.43661774800097597,-0.1857326330226728,-0.4459942236443666,-0.30266836129611147,-0.3755196835868951,-0.14094275070425563,-0.23137020545436857,-0.14745022907486416,-0.04122546838059478,0.12261988129848059,-0.05802604696157497,-0.2664369550127525,0.03496703899280367,0.16577588024494522,-0.3511267877154516
