1.0,0.15509538353767302,0.13718654104015807,-0.1878957148764857,-0.1189876701177301,-0.11426379920381068,0.19920587307638246,-0.10639118353895238,0.06804331467807867,0.07039400272303323,0.587962611374504,0.22553230366362959,0.3822086871754348,0.32844282507986655,0.04888028114515192,0.13804295972617625,0.37137574734790046,0.20251766688368028,0.13319883242874653,-0.13122874218751066,-0.08802311416209396,-0.207497009048006,0.06635450781755017,-0.22574622292693194,-0.1083171236498008,-0.12720143642036436,-0.381864206154508,-0.19802555225419588,0.3132995719871729,0.10269688194685653,-0.14024223273036235,-0.20034898586213776,0.08451799241282673,-0.0381438684058533,0.022868203497234958,-0.12233667292888156,0.13186493526929471,0.018074177731365344,-0.032278307333597614,-0.2643501463230702,0.05838564096802272,0.03372891450548006,0.10403127945970225,0.07531704148366256,-0.22415905369564904,-0.422793087965175,0.0686322667033141,0.024268864846521757,0.020202319900921754,-0.11149667162723566,-0.2290496992164021,-0.06086877543076854,-0.07521509289304262,-0.17768852847649103,0.08679083217151969,-0.11182160984928864,0.6422069135745542,-0.028221548126367423,0.3196286288937244,-0.18789293160128198,0.5640637789141967,0.13555899896466067,0.04606669410947849,0.3987045688080477,-0.23644255648575355,-0.0461759195035266,-0.19818490395627938,-0.567001412761036,-0.1588244491756809,-0.40694533373291314,0.24836186646286976,0.2385888952721258,0.26906983299226156,0.16484810068297437,0.35919611100050447,0.26485338649695817,0.3099657187007726,0.3484034855912882,-0.39886501219337894,-0.17831630213949787,-0.3142661037291648,-0.08415294032646642,-0.06931112200063434,-0.20663849126424522,-0.23281081817833846,-0.2125646355314102,0.04864420432826301,-0.33480339547041127,-0.2042088854382942,-0.047081928187998875,-0.4000517050155913,-0.1930993510159042,-0.36119407628458206,0.034014601403279346,0.11018829000291146,-0.05749175555794668,-0.02047523916431199,-0.08518255093896915,0.02056344659554068,0.2850482943866738,-0.03841308710251983,-0.023174257403686237,-0.06253220104540592,0.007969075006679986,0.06844483214993648,-0.050653902187925065,0.15057913670294873,0.23743278787730934,0.16819096367659825,0.21825572729235027,-0.26195735970568884,-0.045369845365410666,-0.15216865123338288,0.034366291971069766,0.26998709830472023,0.14173688548845484
0.15509538353767302,1.0,0.37151410783215627,0.2943904177705576,-0.14638926429072185,-0.2711995052328287,0.214314065523365,0.34673751859981383,0.18813509955769622,-0.1618919905129413,0.18051127845865614,0.4041814529637744,0.3117572427693318,0.33949199838199173,-0.06547964506728429,0.11458111935104526,0.30081808224653417,0.23163964673224705,0.262569244317829,0.017311072372676557,0.13713616275253837,-0.1292183675148773,-0.11377899868272276,-0.12369359854288683,-0.1634708938717111,-0.16395419387990312,-0.15363792864327347,-0.3236607711655327,0.1100425194941165,0.2336915250793046,0.016000097992183108,-0.2242188933927112,-0.05250069409731873,-0.08201547888582168,0.004774624164244193,-0.21892868661544096,-0.04704536672308871,-0.24528422276165665,0.12424021777287429,-0.24868186353326216,-0.09555294563303701,-0.026903528741402862,0.1722020768111458,0.20952060205938336,-0.316367012281633,-0.47263867151416034,0.2416490793118795,0.1768566549536428,0.04137096591603625,-0.010926884918169013,-0.2110197045919484,0.295390791915152,0.2763741926598202,0.22509558841452762,0.33373762753340114,0.30540635003757216,-0.17124335970641222,0.4616799842825077,0.1455671577634676,0.10723250925692239,0.11926104476640445,0.3016525982898495,0.1283759818643804,0.1566532394478738,-0.11685116411773674,-0.06370516971547617,-0.2159981026776108,-0.48484946233646553,0.12646135886585452,-0.10848009677189246,0.18973594181864853,-0.03248136693303509,0.1844245728092056,0.21058936886219914,0.3285315810611599,-0.052983563487907816,0.25849295823454443,0.204628912812902,-0.1870190956792777,0.17440031539044148,-0.4159678536685397,-0.3342034341140211,-0.3399065558447928,-0.2951086272296956,-0.15521513418883573,0.028157413871621788,0.14514576506051358,-0.13800575756672742,-0.12912690568174548,0.2001912526114793,-0.310660890496272,-0.2313105016315461,-0.2274133621034239,-0.2726342206759835,-0.05860704526855133,-0.15404783206879052,-0.016305242333874974,-0.10749645732433218,0.016194774595490638,-0.11005390507884909,-0.11780637500165203,-0.2536115417974098,-0.2178510304241108,-0.2562586040359892,-0.12595899301839594,-0.41143932235244357,0.12853657240682542,-0.07980180752698096,0.12448511400866168,-0.01150318007503564,-0.21831576005083572,0.009639485304440277,-0.07826828861970424,0.052834246670926795,-0.22613537899425307,-0.15396199462728974
0.13718654104015807,0.37151410783215627,1.0,0.5953039562093224,0.048880714603102275,-0.06311694825626805,0.7242343042369039,0.46484234188652146,0.374448947420603,-0.02282907165463636,0.2756884919524759,0.5160757019526006,0.43804081269643186,0.3190560267310159,0.3312052064619931,0.2677526583647938,-0.015610381905575335,-0.15203036852243523,0.4478190587638925,-0.00809470400611904,0.2641419982427078,0.09032836968079717,0.5199996854144546,0.47742578661143703,0.3660176790968766,0.3253253256739217,0.301580398390293,0.03475538627004475,0.18689721551656596,0.12001781533492539,0.5251248737634403,0.28110951950635127,-0.04288892360963206,0.012128869054554724,-0.0160964354181504,-0.2683646890626859,-0.3614827509024105,-0.570124445367505,-0.016562514040329053,-0.3504666356235554,-0.18369072393336675,-0.4214250716859714,0.05772558804080942,0.09341275223373582,-0.21769002638864063,-0.248724887640613,0.045815546483769266,-0.03360673201687122,-0.11981206201235832,-0.2481875642619498,0.05258348173690842,-0.19007248516943068,0.11951899998477677,0.09587689876315805,-0.011086818008200095,-0.049407351954406556,-0.32890033863822077,-0.014469449118805655,0.02097227361565442,-0.3545514895920546,-0.14860332617920027,-0.12881512239303924,-0.036564934901138234,-0.1846133636714027,0.1939518913120196,-0.26504586267531466,-0.4171766523417443,-0.2678546597652064,-0.0807790496131327,-0.21014283325099645,0.1709701560428496,0.06940931721187632,0.13955587941682582,-0.0596828735280964,0.13873973321113406,-0.10216783329433343,-0.11721276858899361,0.005515452811809794,-0.39517103354788824,-0.11187509113231325,-0.5016389511114379,-0.6763620458546769,0.010014087959804314,-0.10751762647014411,0.131620204955602,-0.005575337313058798,0.49107972554316187,0.1308156560743546,0.0580714360723244,-0.03802315195053044,-0.31898009250487547,-0.09319484783931394,-0.25300982059306365,-0.023373919194805044,-0.0975213062652914,-0.1725783643054558,-0.4417567468161101,-0.2297225762024546,-0.4687722119331636,-0.4640988070586414,-0.09348328854433366,0.005272881805433156,-0.27556914266762544,-0.14276150639379132,-0.3292206508322843,-0.14538850316186325,-0.0524846435914809,-0.006765317514783948,-0.15836607067408126,-0.08725091112102171,-0.3896158184441106,-0.42622008958980073,-0.40403327567577024,-0.16114340101905458,-0.14371677436443742,-0.12561805994135591
-0.1878957148764857,0.2943904177705576,0.5953039562093224,1.0,0.3139802391439657,0.056842788965737245,0.3813444571888117,0.5963533424303794,0.3503856041177044,0.1715109696769205,-0.03734186210082201,0.4576569934695578,0.030735701574535403,0.1214045828537031,0.1933998079348956,-0.0265039389327844,-0.2223649760979392,-0.12243066358895957,0.4637565613457045,0.2194820833590865,0.272747598921086,-0.07107803011882254,0.46984638241241633,0.6635316953751916,0.3996900108753723,0.2868494876460823,0.2369721187596012,-0.046256837336867675,0.024490902353317513,-0.023925848798968356,0.2839168331324803,0.22935674817175747,-0.1612101184071471,-0.10783758814055118,0.05629253049570449,-0.13738869582465726,-0.49258871558341516,-0.4268193403415285,-0.027746367624357032,-0.0939243167784262,-0.12958223931154522,-0.3708606254851715,0.021156843639343614,0.11721229972558074,-0.15976600233251945,-0.13301229698249348,0.17241659589227668,0.04314397184523338,-0.07564426118250536,-0.09055514019040027,0.17923829380833017,0.060435562159944535,0.19795278882759906,0.25015788172668285,0.0328371667373571,0.07731163611685844,-0.37180433000422913,-0.0904579700864738,-0.14954278484370645,-0.18906393344657624,-0.3287524022099831,-0.040122550848636925,-0.20203920330385605,-0.3820168704944765,0.1788208990874625,-0.02460597931834885,-0.44265132208885877,-0.1913547189213309,-0.001206085399692078,-0.030209491539078245,0.06597107659936523,-0.006648764566259189,-0.0847646940527353,-0.14532152987323302,0.07450815166334163,-0.3212673287139394,-0.17389242295129942,-0.1552929524305176,-0.2348786170232128,0.003993368815266291,-0.4605167419303272,-0.5835266031267031,-0.09837443414038924,-0.09541261618182906,0.10522027272263194,0.08486535873281713,0.35853795179425296,0.1928020522623288,0.15428085807037842,9.49492276740954e-05,-0.08104936006167773,-0.13382596672313038,0.05169984160779223,-0.07192557529646092,-0.15279867150127605,-0.30611938900837504,-0.2743008646268848,-0.3118674258845775,-0.3944130183604752,-0.47387395504956253,-0.1296643736435643,-0.07056711839003758,-0.4311199192312568,-0.08169841055158963,-0.2528130706813528,-0.31499932668949177,-0.1125693119617804,-0.11787011166102053,-0.04220470565477974,-0.224691159070019,-0.390948470236549,-0.3465082564235621,-0.3144836032909674,-0.43324060418497007,-0.412181822614109,-0.25299146347076573
-0.1189876701177301,-0.14638926429072185,0.048880714603102275,0.3139802391439657,1.0,0.5753406418320886,0.15874105355320017,0.10695363875874055,0.41710764280492935,0.4596115546864956,0.11710651038127577,0.1899351105622663,0.07646089123797417,0.08968793978698138,0.13620373287518073,0.01397877403715955,0.06824376410292114,0.016495561446228966,0.16152615926127684,0.012606672788296686,0.2225732745084667,0.0490711228051006,0.09922171501955698,0.22326167237987252,0.3149140748379505,0.11396723362120197,0.30808727241949047,0.06591823779184774,0.23553167736067163,0.06212775399914349,0.16647363765711579,0.18426214221296136,0.23213955486709753,0.24864078889611174,-0.16190631267150202,-0.15571880146829487,-0.22191864399285943,-0.28898638244660463,-0.011932123056834871,0.020552411353814203,0.12912516813671898,-0.09424977211972117,-0.16590562891370472,-0.15992181452830959,0.05921502198781126,-0.06786062401492904,-0.2367250447313431,-0.3014972138402493,0.1436594353671555,-0.06267981773165351,0.23692489823156257,-0.26975292723003436,0.0007906153104055842,-0.2756915259723772,0.052982059918976844,-0.2944900176177783,-0.10255800340629917,-0.3133392720266624,0.04315672342656188,-0.014082097435759947,-0.09764190988730415,-0.2781674540086922,0.05934854626802005,-0.3133109827739805,0.10240609464542165,-0.08463564957816733,0.13317761006774037,0.003626228861054609,0.047007694217886725,-0.02724994944722434,0.1367893647119003,0.06311839955216803,0.14389154321750638,-0.0042241756843961415,0.08010538575835707,-0.11776684482738158,-0.07308689780366175,-0.3856153286216219,0.1883720639141641,0.09059123264896378,0.17968627421966246,-0.038503075480529794,-0.137768317323017,0.13365161942727952,-0.01260604338662171,-0.06520538887868461,-0.16181937018531017,-0.045710043924590125,-0.12010662691604017,-0.2457010137001136,-0.060045910533407895,-0.10376043432230322,-0.14868642617024064,0.030682912243977466,-0.15915431337495664,-0.24249292728243277,-0.14497825605590312,-0.15291149738101376,-0.2280469065407785,-0.2295879555437659,-0.020383018302448687,0.007134084642168298,-0.3762505591759566,0.1450960768433163,-0.09171786048062666,0.1001657050776018,-0.11845309549396388,0.21744274812444528,-0.08582550467147079,-0.13851282691505074,-0.2900427939684858,-0.20383282311047465,-0.16398683027147853,-0.42531574655983434,0.03243702431760166,-0.030770467260665853
-0.11426379920381068,-0.2711995052328287,-0.06311694825626805,0.056842788965737245,0.5753406418320886,1.0,-0.05353761092293369,-0.052392118557587374,0.13281670540258425,0.5426467094492339,0.01775486250608797,0.08177695541731218,-0.04852237253043167,0.010890465647058853,0.31940500429757207,0.3861841484490381,0.05224938107744798,-0.04967747242213976,-0.04707016615135064,-0.21334523989684767,0.4545382449062846,0.5003761657206088,0.09251457485313878,0.03867360154319841,0.15808854502687328,0.339120889323791,0.5551425973355187,0.54900783473853,0.24678234294756898,0.11777982960256392,0.09980092174093604,0.2713113563658222,0.2528036215555004,0.280892445980737,-0.20845277413134738,-0.2023271335638639,0.1564212790521229,0.15404821149670747,0.15722305715514706,0.15973212644713383,0.2486140956848505,0.21682780203437338,-0.35196801469206995,-0.38427242821019086,-0.1487674321210671,-0.12782746986992372,-0.440867779291241,-0.5532239283343946,0.06787693422246682,-0.25308438535641176,0.4295529896514653,-0.32821082288960834,-0.13601298677687912,-0.5027017026947816,0.07034414833726417,-0.39288670788103824,-0.15056228793414803,-0.32828400013661024,0.16431803775150183,0.03609965443376376,-0.09427332875126707,-0.14371760344688095,-0.12617776388137908,-0.24197270085026656,0.1503953812490213,0.10533718060361373,-0.09835978279331099,-0.07589749970421891,-0.17723619891243494,-0.2348103978335648,0.20827769522396916,0.22758254070766273,0.19974785191758118,0.18601866327268693,0.11030999345105817,0.1744896122772094,-0.08468939847471689,-0.13118755982938213,0.26331850387829214,0.09201507385966451,0.21571841309684361,0.27048625609247146,0.16450972535024772,0.45142533999039225,0.12132377603940936,0.2330349668190676,-0.24181466229297022,0.15502839481451733,0.1226503487894372,-0.014097427772168084,-0.0029787911716410835,-0.13572583767722068,0.06627159112380633,0.10314539589439299,-0.24596769959565284,-0.16598422402924115,-0.15784692492484848,-0.26241649770394154,-0.4170552491867145,-0.31721242037776093,-0.06996514317280238,0.14741386447175003,-0.2913573738253315,-0.05438213341828761,-0.07655263140144043,0.08926369224028993,-0.12429532935398899,0.21004719168192013,-0.07052208052826443,-0.36545116416573037,-0.3283937579788089,-0.259858231300205,-0.16415020185151832,-0.2794531583548268,0.0826266526565607,-0.07715190700522076
0.19920587307638246,0.214314065523365,0.7242343042369039,0.3813444571888117,0.15874105355320017,-0.05353761092293369,1.0,0.6112016156731401,0.500973302324878,0.020850294407073772,0.243178634614273,0.515129097074668,0.5131489167779706,0.3203459184771738,0.2043783838620194,0.3144961637744212,0.2881589735685417,0.19779684662611707,0.19870326875478395,-0.32861997876321797,0.21787122374641804,0.200937146484701,0.26912427507899295,0.28538921230092135,0.35644122032941145,0.33649119985755366,0.27828105230655403,-0.01696942103254502,0.38208907896555044,0.2527192280659176,0.6752028054258982,0.4350272660705805,0.28289096989074297,0.3620189517681961,-0.15877697070524804,-0.25656641449896345,-0.2578638081982429,-0.5272076267855293,0.10212193634586696,-0.3181349088618385,-0.03054562367778794,-0.2091771951489402,-0.17703581845883343,-0.16410477093757336,-0.23258155259802404,-0.32862612416044146,-0.16148713223476685,-0.23041835857319296,-0.15414891145190862,-0.23218711009452828,-0.1391352345305163,-0.2314291952174817,-0.004930406951765438,0.01910545858018132,-0.10125496769187761,-0.10598987801453372,-0.05441402229567125,-0.004476686187086804,0.09206600073091739,-0.10219562610629948,0.09644952895717578,-0.04492543298035713,0.2331789726182825,0.03418018174861339,0.28430538140517386,-0.2083922465220982,-0.2206361699751548,-0.249682227307335,-0.16022903670110705,-0.3855309282560998,0.2785506874293443,0.2039182327141236,0.45691745929398925,0.0002645079278451233,0.26797876563494677,-0.08706056527285624,-0.0759403905321933,-0.13169925874160868,-0.14663059939205278,0.022517097201788384,-0.2899360957889872,-0.4702327346075438,-0.2036190751389864,-0.09416113089962133,-0.11979597350911152,-0.13832240530469428,0.23008387099558616,0.1040408125723409,-0.05331892012987072,0.009783130697942646,-0.45179329384574707,-0.35592437449579895,-0.4583831838744314,-0.2524944718625534,-0.20025237412034444,-0.03572853412839048,-0.559181251191405,-0.21865856103860165,-0.4022698009028542,-0.3654169920229258,0.03377200737401737,-0.0250189824983528,-0.13549473927266031,-0.31800735326483065,-0.4528652171480907,-0.12317339843546546,-0.02895313413814182,-0.06693114496779393,-0.13885407783370077,-0.15582194319170511,-0.4858414964010714,-0.45304657608557064,-0.37603725129935617,-0.24868997397149606,-0.047553677168400095,-0.29085930219843925
-0.10639118353895238,0.34673751859981383,0.46484234188652146,0.5963533424303794,0.10695363875874055,-0.052392118557587374,0.6112016156731401,1.0,0.25093902629433346,0.15485595319712103,-0.018183673320422578,0.6073334112991849,0.3117495624031159,0.35975236663896615,-0.04146393689311134,0.2886033827265616,-0.0331543952455278,0.11605205071297559,0.1168405038353252,-0.1970614830146124,0.17172770464483006,0.12016062673493509,-0.06289586635041804,0.19107613613291502,0.11209349964106292,0.1281314258649428,0.22572699565688473,-0.16806802277211078,0.074881215812474,0.14529468744967292,0.42448893280230027,0.3073744264540417,0.07908222772399726,0.2605316040023772,-0.10402687564016272,-0.06774711486942117,-0.42429003310541097,-0.3883038502758275,-0.007175677245884072,-0.08447425938883836,-0.1815268061484658,-0.27350217189179626,-0.22522941765182403,-0.06900261608981627,-0.31361182279597327,-0.2737864316552956,-0.0630401490933738,-0.07026697126727928,-0.1133320999126382,-0.10340617214053853,-0.20601510152267824,0.1691207701991021,0.06476657879268956,0.13414533636207085,-0.036422276723983654,0.1142256150639869,-0.22450700606530466,-0.030366884174643234,0.0315197630389623,0.1738751953076019,0.03530208398914917,0.41886627739578447,0.18610910880513243,-0.030687667155811695,0.32855715305036004,0.3303213384197731,-0.21571716714495487,-0.08528079933104614,-0.04359564095327301,-0.1260815012283364,0.1544419319551227,-0.04582703276163288,0.2179445517695573,-0.01867373969724657,0.2116011886689117,-0.2245698627879516,-0.050556031199815415,-0.1333903116538274,-0.06992428963212746,0.08709773012563071,-0.33248572808037574,-0.41029533187169026,-0.39331708513093117,-0.02152246718732066,-0.33697300277088427,0.022880573582070823,-0.0644581606891154,-0.00857594542089161,-0.012166939600764745,0.1979161242449695,-0.17309944617761297,-0.28520768219150855,-0.06266058677725966,-0.2794010396323932,-0.2913117979151262,-0.0951785503585105,-0.43225241323403996,-0.1926640175111439,-0.3586023536965195,-0.3889074578162868,0.16600299630904858,-0.10484590456753197,-0.08913540852222025,-0.3316039939602593,-0.29517676794393427,-0.31125696261140834,-0.007001742069759132,-0.22854879641533923,-0.0369593067177389,-0.20221839358423274,-0.350305373727265,-0.34902312904718863,-0.2888686414800356,-0.35477493108283326,-0.20670422536411054,-0.3034495066217081
0.06804331467807867,0.18813509955769622,0.374448947420603,0.3503856041177044,0.41710764280492935,0.13281670540258425,0.500973302324878,0.25093902629433346,1.0,0.37616561626959544,0.26775786015163655,0.14360434957887372,0.39055822783744376,0.11510160175655662,0.29528555218707336,-0.06761881641829458,0.12813749545587183,0.07165141959257748,0.018318862063910063,-0.30895349793748506,0.03135210181595225,-0.013968621074254678,0.41444057297118436,0.29552323310308637,0.5400909936854372,0.29073794806206793,0.3160651612329142,0.06469819830638691,0.19178650933522315,0.16246543318129303,0.2835384677172425,0.11085941398956231,0.1535823956280136,0.043590679963780875,-0.08071412385017047,-0.26232868451061725,-0.23644731890827217,-0.47127415976220066,0.07331556089745654,-0.2382823858478924,-0.0018442245038095039,-0.1944407180207115,0.04169785048314841,-0.05085034576135318,0.024781742362611093,-0.11613339114585676,-0.056984778593566966,-0.13255012592002355,0.10910612724918381,-0.1211046513804302,0.21637176580000386,-0.07721987086943774,0.03171461160834863,-0.05803955322679952,0.0024236435267204455,-0.22142355302192254,-0.06758320138807408,0.014549162687875646,0.0989530364314214,0.0408950708259815,-0.12659752982096611,-0.18373341062750187,-0.033850000359956736,-0.15618537862325477,0.177005366974325,-0.15712951192439106,0.035156330825380125,-0.21604255824055213,-0.1868363105725541,-0.3431334250042431,0.18688595621062237,0.14591328641070223,0.2396639766170034,-0.06475535432344895,0.13591406535890405,-0.12313847276504815,-0.13917211033133764,-0.26285515612554994,-0.19717517579935567,0.15819805643312315,-0.2919546254373331,-0.4105862927341843,-0.17324524005442063,-0.22468561761570258,0.16737645681239657,-0.2708837753330147,0.2826872545398977,0.1016283169394779,0.15366489461170332,-0.2475179680409118,-0.19171455232071863,-0.14221757975172888,-0.17466711756026151,-0.012060707779669676,-0.15186588295310283,-0.0853133872773396,-0.31566320706098155,-0.20333347865232823,-0.19228923231507755,-0.17556444496551998,-0.12377369490541527,-0.20817196834249826,-0.14674822484160244,-0.11617235645759581,-0.2745522069657242,-0.11866091137640654,-0.010539749357767907,-0.22104412345120392,-0.053939018647062575,-0.22418866713744362,-0.22707239293833775,-0.11765484315887852,0.007057411090171951,-0.05262254331289148,0.05086374070183382,-0.1833537888638818
0.07039400272303323,-0.1618919905129413,-0.02282907165463636,0.1715109696769205,0.4596115546864956,0.5426467094492339,0.020850294407073772,0.15485595319712103,0.37616561626959544,1.0,0.0196658742074139,0.0891475762460484,-0.045375778556025446,-0.004098692647234743,0.23659055503869791,0.1503622732826466,-0.1804147904150617,-0.08373708675430773,0.11527455076954049,-0.21322609444232002,-0.01572009314166936,0.14056835020054276,0.30291343459536463,0.16555980714575386,0.24230953095721583,0.15163821340547382,0.36219025313397296,0.2853365286043237,-0.0006362546823507784,0.046497549627793046,-0.03479912990375659,0.11119388877351005,0.04052605324678158,0.12102757828563791,0.07885646973648042,-0.04729103371212512,-0.22595732434753193,0.03592594931394709,-0.03792362983324713,-0.04081062836209886,-0.07852343229659475,-0.14569518380029525,-0.3448872561048795,-0.31590565506442075,-0.22871489275901757,-0.1377137889372029,-0.4059066949332066,-0.4028017371996675,-0.143628739022526,-0.34718994588027835,0.20966511154396308,-0.11705072563876358,-0.30706731216325717,-0.3393972100438119,-0.19162697695277822,-0.5680397235855806,-0.033303526311963476,-0.20877716591296544,0.04741661580810355,0.08854215993886815,-0.048860194053580885,0.1891254505760947,-0.2224178777565729,-0.10162912567483792,0.5425629284369085,0.4607701956269148,0.03774104633563511,-0.01887771856477919,-0.2473381021374186,-0.26668325487365074,0.21784687937241085,0.03196776003040797,0.07485918763005724,0.12864364389413413,0.18934900722766884,0.207201359981056,0.09907668712175842,0.06532729062372762,-0.09662089157076623,0.09069392881537693,-0.1402745465215673,0.03032013833182302,0.028036050958170876,0.27212300517245935,0.19070562558851062,0.1352325533432923,-0.10385686591922455,-0.10440666377899392,0.34468351520743584,-0.05528551062119539,0.015615191346372688,0.08341619163420673,0.25097199380667634,0.16041502346872094,-0.13152010422096624,-0.0899549076908709,-0.1660673630762612,-0.12848228373852225,-0.24923277044075917,-0.14212783874553492,-0.07353842310883267,0.005363154432882282,0.0014587638217743214,0.003100792793819289,0.005580689815884674,-0.17459674868218308,0.08156066679619317,0.04111532791097628,-0.006674132860249219,-0.08678541428888661,-0.1337095861815384,-0.17925982840673765,-0.011677479512532937,-0.1678274122108945,0.18063854040512045,-0.01674063535224609
0.587962611374504,0.18051127845865614,0.2756884919524759,-0.03734186210082201,0.11710651038127577,0.01775486250608797,0.243178634614273,-0.018183673320422578,0.26775786015163655,0.0196658742074139,1.0,0.3953400125678437,0.8092880800234424,0.6272956140876436,0.26035279704690134,0.17328585270542285,0.3406122967962949,-0.11524032978385916,0.0008816787607001803,-0.08223430172157645,-0.14229039196245774,-0.1844177661433096,-0.10818347136246735,-0.2502026017100727,-0.09496656345163812,-0.15383022749934708,-0.3314501561544008,-0.18603615770505688,0.3303202719613866,0.02005672338628322,-0.1713878724607807,-0.2915487533105349,-0.05313955196220043,-0.15322196627957882,-0.17758615632508085,-0.1683612619721009,0.019148770577414966,-0.24932850587651478,-0.005522073557369055,-0.29603438712252855,0.022792625430552937,-0.08479576967982451,0.21675909260120635,0.2118379693736319,-0.0053937599616010745,-0.17534274255578441,0.05960308941632704,0.027794486778227767,0.4743803896306742,0.05496033521753695,0.07641782339784503,0.045223177152403315,0.3132061186750305,-0.18398774107681404,0.29841865870568873,-0.09438788888570085,0.07883728578063577,-0.2231003666579516,0.5584184473070676,-0.07271993423870449,0.42603890758076246,0.08430505934705539,0.08547798540178757,-0.0856256347837775,-0.21994737486231644,0.013063736331369542,-0.0240627557081545,-0.34554036808669153,-0.11937539363627343,-0.22628092029413857,0.06340047494668648,0.12668894534514985,0.20707297586418896,-0.02002825770587052,0.21448474087573452,0.10490027080324303,0.044694706458774956,0.08940002544103767,-0.2857426157734894,-0.26194379630024367,-0.26033754166708745,-0.3902796172740803,0.11914408494085262,-0.14809123894662454,-0.08705406889721352,-0.17654357035329338,0.06363254254563394,-0.10346656926522226,-0.340339497928363,-0.2957866546741219,-0.17466263383252822,-0.02178976637619997,-0.2234958512222378,0.1888446048332567,0.08678767657990638,-0.19093396855265757,-0.07245284149203746,-0.09974033976674597,-0.0634999560671715,-0.09947074003752025,0.07852776821716344,0.012442473794290202,-0.13802954231076425,0.052607773083990735,-0.04706191786942273,-0.054948745638062665,0.11394353662870906,0.2140512280861937,-0.01579935493292672,0.02645847581700518,-0.27588774798050975,-0.25093069852603334,-0.1343974313180033,0.028069256942963007,0.17235269988448462,0.15215970695667372
0.22553230366362959,0.4041814529637744,0.5160757019526006,0.4576569934695578,0.1899351105622663,0.08177695541731218,0.515129097074668,0.6073334112991849,0.14360434957887372,0.0891475762460484,0.3953400125678437,1.0,0.5142518444211722,0.7338044791218946,0.23028945635293946,0.4889635970455353,0.28069543583507656,0.2135942099871051,0.22336217520389334,-0.11657614228860341,0.28352727300332026,0.1196303295340938,-0.05544184651811956,0.0669251142449237,0.010027392197424068,0.14399696850446103,0.044602711630577205,-0.10267279074089287,0.4173389308438854,0.3562645501530914,0.3832133000648892,0.25772614353719137,0.08049292061340102,0.2191080833484824,-0.11889835265207338,-0.1968105582920595,-0.25956715634924304,-0.3316274475700946,0.050441129558956334,-0.240050628495172,-0.1842735689557763,-0.13924300275351353,-0.04043248257733791,0.07427250039447225,-0.2998090837911279,-0.35876089474428446,0.005747752371228777,0.01659685225861489,-0.028234482682162308,-0.11394548908346483,-0.21086625803102405,-0.051704722378515665,0.11454812072293546,0.0713314060153837,0.02388283520465118,0.09396630003977174,-0.07195113350688014,-0.20430330361228052,0.07203598044290788,-0.1329705178833233,0.18310563375010486,0.17006848695056354,0.19263120671714,0.010444929017834887,0.04093348845487889,0.02976576240320593,-0.3699522685250793,-0.3262771553543028,-0.05809206235674701,-0.3160727482735796,0.23950477753056013,0.2089822613739621,0.37659959499329626,0.09492802315318224,0.28376098472832184,-0.07118807494255369,0.06666328648192889,-0.012584889680201019,-0.09387230836380088,0.13599762235339957,-0.2923286270960996,-0.3535237614629534,-0.09888318122935925,0.20422377217753582,-0.24772906345529475,0.11282020978375357,0.05357877575324402,0.12819311734014188,-0.3392107807168044,-0.019551560227106576,-0.28813775554841115,-0.3100570506398032,-0.24036792722791853,-0.2795440471273692,-0.3076094462051438,-0.24107102262966124,-0.4237681077262297,-0.24721201931448805,-0.3938290936337743,-0.3576267040751012,-0.012489943478712871,-0.1864283831484208,-0.33862337758612815,-0.27834122392193555,-0.36193908421736093,-0.35677236868611584,-0.15227429627022654,-0.0548949853960187,-0.02139457965138403,-0.0928696558660812,-0.525141138432904,-0.4193755117086868,-0.44140178547579917,-0.2768741895959442,-0.07864344841430898,-0.29493188923516706
0.3822086871754348,0.3117572427693318,0.43804081269643186,0.030735701574535403,0.07646089123797417,-0.04852237253043167,0.5131489167779706,0.3117495624031159,0.39055822783744376,-0.045375778556025446,0.8092880800234424,0.5142518444211722,1.0,0.6619547246602633,0.25094582602764837,0.3365233510733566,0.4297966886177496,-0.06455407015573356,-0.10516495303979477,-0.30879662509873845,-0.05723363886011222,-0.07991515432510779,-0.1736275516220979,-0.18645133511216774,0.0038468563953629803,-0.019517333996863468,-0.12600835533427826,-0.18179910524157436,0.31949767505072185,0.12445600250706552,0.13555171441999625,-0.1182530901294049,0.08330081272152005,0.002108891883892173,-0.2611132053361996,-0.2136305234072668,-0.08547677466877078,-0.5062249431652089,0.10927983189635875,-0.30216209761560026,-0.11926460783780933,-0.20806680545757103,0.07387410750627257,0.10210214852816414,-0.13203057998768583,-0.27858791498740715,-0.04324271701412175,-0.025528618981416364,0.39750362768125874,-0.05685063019743535,-0.020796190142509725,0.026345801319231053,0.40128676262666524,-0.12041121758074497,0.3157229857120089,-0.04064543699176462,-0.001801063330882381,-0.05348479706124034,0.5676006397308093,0.006628133299278928,0.5132176287411041,0.18603503348270606,0.3633612855596436,0.028592446197948373,-0.09378302180353076,0.006180218337262776,-0.0158769318712625,-0.31603307842813816,-0.09036232404485761,-0.21065025787741468,0.03315403393783456,0.061954238109600934,0.3096087712810836,-0.10536464830127201,0.14690567705969076,-0.07199616442950807,-0.05719494033181242,-0.08269515293808563,-0.20381154646442784,-0.1388560553029703,-0.2362829811312317,-0.4828485499150145,-0.06111884799155751,-0.151811204054183,-0.24167406318014886,-0.28857192300068873,0.042336008453597196,-0.09185565227637547,-0.3673147949780275,-0.2038750742148954,-0.16382619938267687,-0.0851791095197938,-0.25666721033849815,0.08981565962362277,-0.029762957521486662,-0.08057307776672139,-0.19622342226260556,-0.05127422901200718,-0.058437331581059605,-0.1772295642095266,0.21604123540819153,0.024237576125834215,0.03230027387565312,-0.06240318498665873,-0.17198619952500221,-0.141458801380023,0.1130624994111473,-0.024061333939513804,-0.10310546286968977,-0.045179671188590176,-0.25934885191611184,-0.24803473419151817,-0.1366580128677039,0.012373098289922488,0.04546396056839983,-0.09377971349101279
0.32844282507986655,0.33949199838199173,0.3190560267310159,0.1214045828537031,0.08968793978698138,0.010890465647058853,0.3203459184771738,0.35975236663896615,0.11510160175655662,-0.004098692647234743,0.6272956140876436,0.7338044791218946,0.6619547246602633,1.0,0.07986213725743518,0.25626088572313155,0.270844728766601,0.0456090983849706,-0.057318797336117534,-0.07354498335653605,-0.02502964206955682,-0.02258046450017937,-0.2689378499577601,-0.18311368498549135,-0.25060783684594357,-0.18461379853151347,-0.1324164561584447,-0.3214059641411908,0.23524688340228833,0.19497059572078018,0.14546109735567264,-0.022975837597193526,0.10063498579069917,0.09024613737771522,-0.16867047646974911,-0.06466572191409589,-0.19359094792156564,-0.28486182716815034,-0.04209374340179245,-0.12989203466297883,-0.2920057355311603,-0.11894581577926502,0.16204265098765216,0.1979664720264348,0.015135174255992999,-0.09271744592921546,0.08397211253716419,0.16540327483518225,0.28002921633266625,0.15335518223422756,-0.18721670232339438,-0.011426260153878756,0.20051972788407357,-0.0505828414057302,0.036686896632914974,-0.008544806867745048,0.05142816117342471,-0.23294105967348744,0.3365726263827867,0.026474302465141833,0.27594520648667603,0.12370236885257281,0.25088315467027744,-0.006408844788844907,-0.14936481099267754,0.00516174883960596,-0.06963688006239498,-0.13691993378758302,0.00827679351941142,-0.18408580199816993,0.13295089081080777,0.022147009639617733,0.24378072621973798,0.017343530247713238,0.15586956962967435,0.0018073909217001657,0.012894151504396207,0.030368446621442023,-0.25584382875883865,-0.06170069919240701,-0.23611063287475775,-0.3827637916115785,-0.027788433168844717,0.034781265190182514,-0.2757059938276284,-0.1409447983499413,-0.03203598248267609,0.05076436531079089,-0.4874901930186216,-0.2234069781204747,-0.09622726019618794,-0.13459755378937252,-0.14418007939718633,-0.03517274395301101,-0.1645447829357517,-0.17617414467174133,-0.27210991581880356,-0.04186349795129121,-0.23834735316640343,-0.1756779740715639,0.041398465228709304,-0.10349611361044388,-0.2787292698824708,-0.08664241127125837,-0.20014981502829404,-0.26722529984231913,-0.015691304493823742,-0.08626765115428266,-0.024948059144009178,-0.00813593713966129,-0.24281860815101744,-0.2236053659300245,-0.22130726666590259,-0.08865918572280415,0.026600220827694514,-0.17733205409131214
0.04888028114515192,-0.06547964506728429,0.3312052064619931,0.1933998079348956,0.13620373287518073,0.31940500429757207,0.2043783838620194,-0.04146393689311134,0.29528555218707336,0.23659055503869791,0.26035279704690134,0.23028945635293946,0.25094582602764837,0.07986213725743518,1.0,0.5531725975712007,0.026863102653051127,-0.05467817887337041,0.3167513791408539,-0.18542002679802233,0.45984586506231456,0.34950720617995157,0.4074274127459019,0.16286829148122126,0.3789208510341265,0.5077641378581998,0.36298198221547107,0.6523692582208472,0.5063836678206709,0.46462600578912544,0.20840727816596072,0.20749777751528017,-0.18205447917308987,-0.1181130287158855,0.15603887327684227,-0.15477120720580043,0.22739592418256058,-0.014112966909768154,0.463669890595793,-0.05290252137072577,0.29235957410594127,0.13148510023276358,-0.2624036547134473,-0.2921347421747854,-0.274766899533879,-0.15725376006188033,-0.3306501318226785,-0.454710463250555,-0.17522760864767922,-0.499626537239968,0.24230385418426006,-0.4001042207431486,-0.07915358706928306,-0.16370574810821742,0.02454496642948973,-0.19437242196722435,-0.30417870530278546,-0.2354526138508647,-0.019986428528480024,-0.37333657417144495,-0.10666512075473483,-0.22313795419913615,-0.20003753771780208,-0.2825932873538787,0.3019894731671279,-0.08294040342502129,-0.3661480504025173,-0.18677884390661764,-0.5104636854730202,-0.4475105775570644,0.31521724897744746,0.4434583798045448,0.3827094559232908,0.2611368783552276,0.3290727281453167,0.2937963721276217,0.07013298657204696,0.15096596153849295,-0.1809050946652703,0.21495330707588856,-0.2286261665970165,-0.11256402752628494,0.6819820960267663,0.4180974568836477,0.6439210800227841,0.48768405561386635,0.4745634606473749,0.46760208972363815,0.4290147412109047,-0.05770841190561418,-0.30521118371108774,-0.1569365558235993,-0.15271251159624213,0.00937383343918076,-0.1297039629140602,-0.05443840028529545,-0.2181888244379808,-0.3494982414813786,-0.3925361682482702,-0.5625083863222368,-0.24261754849739228,-0.17374486865799377,-0.05301609271065321,-0.31643707767786095,-0.23852051472202174,-0.10709197213320641,-0.2640193929593622,-0.0529616487080039,-0.05996048980488916,-0.10948582846330503,-0.5072382533814678,-0.5650093569029078,-0.5053493422884865,-0.2850427451467923,-0.12806181874766986,-0.10610487684453226
0.13804295972617625,0.11458111935104526,0.2677526583647938,-0.0265039389327844,0.01397877403715955,0.3861841484490381,0.3144961637744212,0.2886033827265616,-0.06761881641829458,0.1503622732826466,0.17328585270542285,0.4889635970455353,0.3365233510733566,0.25626088572313155,0.5531725975712007,1.0,0.2998713678766633,0.1593881314166249,0.11751694723673355,-0.4123403108582431,0.5977463503619387,0.6023311443362819,-0.13515986648723188,-0.2487081324788895,-0.07846225906860843,0.2910813967369046,0.34145170886956583,0.5344583437606736,0.5497115870716905,0.5633272042566573,0.3473914230928325,0.2401742352984642,0.06268506393772068,0.2451532487118961,-0.1505177255696,-0.24374840984482604,0.25598264208189314,0.022764552445694412,0.3849327339261239,-0.15720628959369165,0.20289078778939348,0.2029441106638195,-0.43910067767083577,-0.32143416913480977,-0.5214342000821983,-0.41304648471001765,-0.4899551838571085,-0.48758229439511225,-0.20832333042337275,-0.4530430246791739,-0.16087609373088452,-0.20675260171157658,-0.12074904150233638,-0.2985655539974782,0.03353364132787952,-0.08956583029394236,-0.14774527212059324,-0.18949665567172766,0.16135436389985583,0.030725799888239754,0.2463133129984252,0.27004372943405963,0.16855994134231847,0.09137515477111384,0.26338605537469834,0.22010296055278478,-0.35205026907391784,-0.25101394233111707,-0.36420293618238386,-0.4801306064633085,0.3112588622181058,0.3868090468776567,0.5801307541523485,0.4245714112036193,0.43921506202715854,0.3522246291694867,0.16201900169819933,0.13762170796459866,0.12669936190730505,0.2583140673970932,-0.05954370538704908,0.13321597719446066,0.2365409340594688,0.558424818246665,0.0006599871282770104,0.4909095629072503,-0.05435904999540516,0.12381830962874825,0.06153825342233787,0.3070504891615845,-0.39556749766043187,-0.3446963998874021,-0.2123988562431759,-0.254240587759297,-0.26440435763909503,-0.07200999302764574,-0.36230079610971333,-0.32628040912409445,-0.412576634738657,-0.46502107589444075,0.03666317413645819,-0.14481201610212724,0.08467962822600177,-0.46253109150374744,-0.16188965742611494,-0.12343936423049727,-0.04612454066780639,0.0787103009350279,-0.04248388183506084,-0.13886570469435391,-0.5501972001741549,-0.5265765400263605,-0.5013888069858505,-0.18744556217980196,0.028544586161509112,-0.20403008483730378
0.37137574734790046,0.30081808224653417,-0.015610381905575335,-0.2223649760979392,0.06824376410292114,0.05224938107744798,0.2881589735685417,-0.0331543952455278,0.12813749545587183,-0.1804147904150617,0.3406122967962949,0.28069543583507656,0.4297966886177496,0.270844728766601,0.026863102653051127,0.2998713678766633,1.0,0.4985839415819889,-0.11778084925992002,-0.33397756890678065,0.16856127648102862,0.1225743520571986,-0.29124639511392464,-0.28980290793890673,-0.15422976848911257,-0.04042957166452968,-0.09398821170643236,-0.06618022167378317,0.5205450431140218,0.33745339528875634,0.13061956602472183,-0.11136807772885983,0.29684979361094405,0.15560109483487905,-0.29148128813492347,-0.3449842300202903,0.36699303785832593,-0.06361717394535268,0.29012472209292406,-0.22676907878713093,0.2549955092403248,0.2966679447108522,-0.11659250555238745,-0.14020259986994887,-0.2723388860100075,-0.5279074238559549,-0.12047657431810838,-0.12159345320579129,0.14914061976588303,-0.055919376834589724,-0.28642360316564336,0.017393877371624476,0.2797818450602641,-0.05094972937771546,0.34726131878546485,0.05296259535303875,0.38824966339453326,0.17483430031026842,0.2686581569615296,0.13971439063325758,0.5362688900581977,0.06310972579186742,0.5402277757531514,0.3794715303450159,-0.32432942517155006,-0.3181218696843202,-0.06307343298651297,-0.5537488741157859,-0.012264177540928704,-0.33119798145115886,0.19723583700941832,0.3144011060432044,0.5357751727990369,0.1557679699343683,0.27014923303319555,0.057767416505866906,0.14525766350036814,-0.04455444382912434,0.23049868742940946,0.14885488766315277,0.1974367793891664,0.08436790451473755,-0.23268062709292966,-0.08986559949713624,-0.35057355925797345,-0.19521189525466473,-0.1780283098656294,-0.12038359534846728,-0.39390329722558526,0.15813744207718408,-0.3300983218012449,-0.3961366798403641,-0.45561709884993024,-0.3689812233412248,0.012446629057398524,0.020530108555878744,-0.12428170891970731,0.03935412438429978,0.08828598712526436,0.17248365753951878,0.08374375244386956,-0.0708344918637109,0.02492240022229321,-0.11478048338439126,-0.0976976751834592,-0.0268393645058184,0.055980127511227704,0.1629310297141928,0.0395481561237633,0.0888700152216903,-0.29453835781656,0.04352956970532423,-0.0698699716685954,0.13535229049293246,0.23538778146379166,-0.032203969919524976
