1.0,0.5306438141678567,-0.14067838492253734,-0.22728425237960648,-0.24900377379189384,-0.27843346282409553,0.012973386391924325,-0.3474515581259685,-0.17288138442780002,-0.14046683398455126,0.491833836196371,0.1047620078577683,0.40148930146794176,0.15955790261370958,0.24701080533669392,0.05143002010216337,0.4496464243330275,0.07976280599005531,-0.013923621872835433,-0.17472206270515767,-0.0960402089153098,-0.3573761337077757,0.06373272216113014,-0.3153745441185677,0.022450647676539544,-0.09455630656643982,-0.0016632086295795242,-0.005635801448402381,0.18834709860807317,0.09691889279875682,0.0036813566884316266,-0.3632516887530864,0.0738467835758991,-0.03734658358448471,-0.042323925172134624,-0.18229461588012233,-0.030342420993786173,-0.1071262132543358,0.06790999223591818,-0.25654187022299685,-0.31537822108937624,-0.25214320447511807,0.1781587088645298,0.13196774042946738,0.14290519238753435,-0.08724662201668044,0.20055824588070847,-0.09877647180052684,0.40510896109501116,0.2889552933344202,0.2652428275484656,0.3818601544270075,0.04268422562400252,-0.041323299521144226,-0.016408615604487243,0.11459906584706572,0.6719111290351282,0.42717644943576405,0.5258282141027153,0.14863608581321325,0.3991151800902388,0.21041299580229847,0.2872330932809806,0.22869078574799437,0.037107602688545044,-0.07738880765142743,0.08357289012373172,-0.4553403394003331,0.022923401009869882,-0.31321608764392117,-0.08114938036850118,-0.1320552188553409,0.09669273383725176,-0.022989418470884215,0.09428723513540464,0.13780334322427698,-0.058574727466675997,-0.2632312704440993,-0.2037972539790248,0.16491496259629213,0.1549277099729874,0.07672177480634276,-0.04547484194618252,-0.11050917980876244,0.3056937315616275,0.10338243491208655,0.007771180460035351,0.08298976320596224,-0.10793728577091384,-0.14835419666785776,-0.3806357707102387,-0.5399087773730543,-0.17661516481439896,-0.2088820563443826,-0.296105185805473,-0.2132351643144676,-0.03062925370062195,-0.4036796489103132,-0.13076982750125085,-0.22813754198308686,-0.23502037042462912,-0.27137527041523074,-0.3446640802457976,-0.2490217318570424,-0.3769475694409364,-0.11718963725110752,0.015470365112367187,-0.028095240383316858,-0.15422179711882267,-0.11871574629158267,-0.5230629186916196,-0.3118368513828697,0.15398677827886037,-0.37642044338254327,-0.06043710561113649,-0.05478683597665682
0.5306438141678567,1.0,-0.4204556123980746,0.03645256242491119,-0.28851334517691796,-0.2547754868181494,-0.21676346995671938,-0.18626476847297585,-0.32380840917539283,-0.23159651262963915,0.10877652904168543,0.1627098470570443,0.19460106906557806,0.25249976778705285,-0.08014647757692514,0.09426976423500384,0.4275438042456904,0.08252638786817904,0.06302955968311705,0.2767112442570189,-0.08862396560715853,-0.229314953412388,-0.33093753249984653,-0.37343711256963236,-0.23040919205237298,-0.24174902539899054,-0.17118001602150842,-0.15885957003686202,0.1764272207105361,0.220400641790831,-0.09745392346583605,-0.17706948807355222,0.3595436539408923,0.36832166396202276,-0.22725021830644507,-0.270232036879383,0.1360202151236094,-0.011287397763943044,-0.01215016395211133,-0.15724170792730202,-0.0647431333660377,-0.04631831478987475,0.028418828538763,-0.021397136803410488,-0.02013779778807925,-0.23044461595805973,0.14031309532418856,-0.10512327802265577,0.27767686948925013,0.11980520805677508,-0.006911973873529468,0.32282203097323997,0.38248130054465695,0.2446937362500778,0.10152261188877681,0.023868218695320024,0.4762631851086473,0.5295506423319097,0.37099577958174285,0.30764428151751383,0.16307207829269973,0.34074857269586395,0.35678535040822024,0.41342896819153624,-0.2767181088531128,-0.22525531518007194,0.22139062723029207,-0.39356510497262054,0.47425736894289744,0.21365386085450383,-0.1800531809015053,-0.1640035351781867,0.1344414195566422,-0.11374319766077598,0.006445863669286859,-0.11563783136388112,0.025420568917119274,-0.24772613705095656,-0.06545667264782513,0.29895972299801815,0.25495730565431046,0.19094706552062393,-0.06085547507379017,0.0022097178475705835,0.00931381685186829,-0.0842121726374679,-0.2524874502440757,0.017508419288467247,-0.27151246583668687,-0.06363159884101974,-0.18163374289838025,-0.38339214140027866,-0.197234131358157,-0.09886161828141515,-0.09934945029682377,-0.08646477186936675,-0.21128971885442588,-0.15739490870736597,-0.026740597014725174,-0.1457955690281615,0.046305148990552235,-0.14981211819547233,-0.24025693645581062,-0.25098314272541616,-0.19985239230950594,-0.316203823056545,-0.3530941417017003,-0.2995226033583634,-0.01233018892175936,0.12177462928374384,-0.28760118741887136,-0.1731568811412778,0.14066428457731098,-0.12599704456406285,-0.28016710329526323,-0.18989416356087097
-0.14067838492253734,-0.4204556123980746,1.0,0.10876482702339453,0.6360119364883662,0.18401713553409843,0.6882399927661761,0.19646653323320942,0.5805772525060159,0.22636462885214972,0.1746452478816886,-0.14260311450376156,0.09796700618126516,-0.06707553213307187,0.17864201631785498,-0.2589563439180218,-0.3268821739356507,-0.06813422103537248,-0.14471593998960344,-0.18367230546445437,0.2613090319332744,0.21133172711568346,0.6317252546531643,0.2735474563552688,0.41156997383375893,0.13049091967361673,0.2657532948126327,0.05042159720524499,-0.09851827747806459,-0.38290112541748256,0.1700186113254524,0.016372628069043674,-0.40400505695382827,-0.09192014626369163,0.2649312257226791,0.2668815552040721,-0.3516358991316777,-0.09544129737668164,-0.20836178108485273,-0.12077033736665883,-0.2533319279638277,-0.2756341808882346,-0.1274946822903627,-0.07779249195186319,0.03604697566244059,0.09685684335282366,-0.21024630591820934,-0.06581918485745902,-0.1377001040354806,-0.08912858580150035,0.3091718697705327,-0.17760279343096613,-0.45268481679569167,-0.2572775332605619,-0.4250059158481903,-0.03543259202166827,-0.35460533994209903,-0.2946968294499175,-0.03998684475387126,-0.38200328880055623,0.3635591191310834,-0.20604252370498422,-0.14885084880285562,-0.32365982372194707,0.5333324303703939,0.23110374620375765,0.10623032548342519,0.4364402559748333,-0.32027664174086207,-0.329832557072072,0.155028748020717,0.1473358816635666,-0.1778328190758494,-0.05430524182609276,-0.02430190682675389,0.11866502536355424,0.04028658993935667,0.07963465579165431,-0.1848863049288663,-0.2564138385626929,-0.5235576404546454,-0.28461519156825715,-0.14396152568554077,-0.16066003613309063,-0.12625035466675272,-0.0318758370767241,-0.1057549154465879,-0.312736599320258,0.27837565417166815,-0.1823313907883924,-0.1324293761453615,0.16549241019042985,0.06592090288626773,-0.055131621927291326,-0.009093555685966231,0.012433989802880643,0.14001766156000917,0.060374001658598256,-0.268843845004423,-0.05445429180724393,0.12624056460203764,-0.05159973634273272,-0.0561390520186964,-0.003630562090794291,0.026437998573209887,0.4091886316648619,0.144981930897679,0.18401603618008938,-0.14260610548278288,-0.0071468870556812576,0.17997168445548095,-0.028432144260570898,-0.15526658769070684,-0.032621443359154345,0.1558731847990435,0.16392190982224097
-0.22728425237960648,0.03645256242491119,0.10876482702339453,1.0,-0.03139843325443995,0.3722801348767291,0.01604087100643811,0.4109250844384879,-0.1011539672104596,0.233304567335866,-0.24119812722198902,0.20218879581323038,-0.26338802960488533,-0.049778472428138654,-0.1356913672700542,0.007473788538801758,-0.2207814560504469,-0.15246809827476995,0.22635604870146314,0.1866264128400044,0.22546416485505302,0.38126021281679023,0.097722014025518,0.3461813917322664,-0.012611035977,0.1840636041952885,0.2691230420775569,0.35327520153086794,-0.18243297281344426,-0.16027173950592533,0.05175942998136097,0.3339243641486578,-0.025322878368353247,0.18048404271327345,-0.11354271427391836,-0.12958929098215508,-0.05198859770933978,-0.07737135923953846,0.21356185899746213,0.2648186847412143,0.04650313255094893,0.22061369277505155,-0.32783345697312766,-0.23625117072906268,-0.40824377873541706,-0.18370793308202055,-0.40105445142435114,-0.09273157077053747,-0.3434279610914531,-0.26788591473420803,-0.11028349157342925,-0.19681244226834754,0.036938596784216224,0.06301193427188372,0.11002577942356921,-0.22844515004104848,-0.30433095592562726,-0.2993582345874803,-0.3047963620063266,-0.07658286554799477,-0.19891228522345947,0.058169139344635086,0.09508837084396521,-0.20731260577347205,0.16655032993155547,0.4272267375901425,-0.28599384178360887,0.11940078573233805,0.016176417759219727,0.1016557611647497,-0.05104214887687277,-0.09768328693154234,-0.20186110588693915,0.02008060788723496,-0.034844141580018174,-0.01754740266217396,0.10651918249678223,0.18576675011011157,0.012410081766922274,-0.16539662773891942,-0.06781418728659522,-0.15763445493100725,0.14070996654709225,0.283226030093084,0.08102230921861621,0.1419126218871629,0.1156227063403675,0.11462538461057822,0.44357325908837403,0.19519007986435155,0.19937880463427954,0.09849432259415293,0.3841424553739683,0.005954694668640482,0.03630970422433089,0.11089939773026192,-0.36250253727940385,0.20544581569016568,-0.20006378583268958,0.02410616844264367,0.3395160463569391,0.03618060678824062,0.1455134561569252,0.07699750365686509,0.240569464434652,0.17020523624387604,0.009001668145143669,0.03315868617198007,-0.0421910016571371,0.015281173149889206,0.09450795612036966,-0.11130237341233688,-0.06425752186858474,0.07663898879579993,-0.18645576923198073,0.09696010103779794
-0.24900377379189384,-0.28851334517691796,0.6360119364883662,-0.03139843325443995,1.0,0.43111900889407206,0.6893305930094963,-0.040049487296122746,0.7587847877554668,0.41138499027615677,0.31612146826461157,-0.13468707219647288,0.2140527007507267,0.004820639767554079,0.31120852830704204,-0.056786261986097215,-0.22479330381385648,0.04690400968006444,-0.15160826847396863,-0.07346035667062988,0.350127575806042,0.30641652963045835,0.5453263378980017,0.17956378768459286,0.4697469841462518,0.0475762643794032,0.3722063337969756,0.04325698475388734,0.06466600701917634,-0.12314839688115892,0.09981712615626209,-0.037997183500686815,-0.227027377421434,0.10218372394186624,0.187777300631247,0.20374570528009708,-0.193642418588291,-0.05711891070499183,-0.17807799582197426,-0.21639563471479986,-0.17370137416959225,-0.24823237695299732,-0.020523175236866243,0.010091094360738158,0.10387825281169528,0.1500662781285131,-0.14662774107118037,-0.047597039942532955,-0.22269586659866156,-0.10210474515028085,0.20445760935430915,-0.2817755114793411,-0.4004460379218416,-0.1982134722245717,-0.33396623734722414,-0.10493044351951372,-0.3186068125514758,-0.031183130142442252,-0.2585021353745276,-0.47316687226721854,0.3187676337478506,-0.2818465395365573,0.016659547605706475,-0.2188351206489365,0.4879652653086526,0.04529551529651888,0.01932188851135235,0.31607524286961375,-0.05327234399460242,-0.07520672306675345,0.13347775327952208,0.19705284293876404,-0.0008599222112279311,-0.04465449731065318,-0.03471273882215347,-0.03994508269355274,0.04032177644444875,-0.060119806679205676,0.08478188227518818,0.08246338138758186,-0.1542442910253192,0.04705538756096238,-0.08555595334962399,-0.10094793849810237,-0.09366861520952603,-0.21444339597505205,-0.16582054960043774,-0.4393724498355197,0.18563801323257764,-0.19480548194947953,-0.1392124725762816,0.07306391367111481,-0.18011155735240672,-0.1296589664280708,-0.07837013242933873,0.017068154005429468,0.1779658472205731,0.07322708761581477,-0.40321879487880463,-0.2378792080902498,-0.11281368457064149,-0.08827251278994648,-0.14086492237203535,-0.10318085510440711,-0.06884397051090092,0.2388747978300137,-0.08319480333575148,0.002002592806904975,-0.23316706036270893,0.03812882597870596,0.22424032779352884,0.037047049636448455,-0.12080977105405781,0.08310943920063729,0.15989885499460998,0.13091236885837076
-0.27843346282409553,-0.2547754868181494,0.18401713553409843,0.3722801348767291,0.43111900889407206,1.0,0.10879383441631146,0.08802103703358811,0.3957027603535698,0.5300063707584839,0.11571471458646572,0.05879038344735137,-0.22656195785505023,-0.16799976964050334,0.026167237887744037,-0.05230375966813132,-0.2234748896300851,-0.005737633879440645,0.09368274210305241,0.04722485187927879,0.45930105336504007,0.5859700242576449,0.29011342451680217,0.37507252514767986,0.2947656194013275,0.37515975363223975,0.6685463053105029,0.5474743732906097,-0.24056152276869586,-0.17759530671305146,-0.06746149646609885,0.15576867528126517,-0.16023422696332265,0.058680060951684564,0.09522558959173198,0.07145589676698005,-0.009067458834994926,0.03801984427369658,0.1253628468630863,0.25032940016575356,0.024233039377255846,0.09403083499873992,-0.17217251403497072,-0.19950054187877922,-0.20837104832055697,-0.01836004665103233,-0.2626086019405149,-0.16422981345203327,-0.303023648025515,-0.23509077001072884,0.2965677455102491,-0.22041464557621282,-0.17894313269766912,0.0015762255576170449,0.1344129092849351,0.0036816434393101946,-0.3135230985899919,-0.09964565855238292,-0.41108029012341,-0.25137319391062357,-0.2718620830517623,-0.29839409674633377,-0.26238043849620984,-0.3924061232754292,0.1670986793320767,0.29242365623781824,-0.30938330729213637,0.2902482106148795,0.027569526863203596,0.09097806827946951,0.10706880992591263,0.05465611218030312,-0.24933319434673573,-0.02211774140091627,-0.2048999918074092,-0.03618402560597987,0.005036203875030528,0.11682844409108208,0.2331837545880695,0.10550473272010209,-0.027503718993844968,0.03615169705877119,-0.0003901696180846774,0.10955864887695269,0.10484482418670624,-0.05407392128919646,0.21219247986564382,-0.009095431741713131,0.4227222926642289,0.09181611154121673,0.11740544119088285,0.10722727499463924,0.026984041388378125,-0.10388765538917712,0.007457149255313292,0.010073681876943909,-0.00785184500181513,0.21232417337950885,-0.21596408813031118,-0.16731935670460044,-0.07850186317275076,-0.17117301762361403,-0.14193181685886894,0.006828250523621493,0.023812955308520557,0.06325793571332888,-0.0616062054515884,0.02088345078774017,-0.15797505805331563,-0.13080566194814663,0.24388080000393006,0.061064607431987,-0.16861557490682821,0.2741044878290519,0.025154506863762364,-0.1121298451604655
0.012973386391924325,-0.21676346995671938,0.6882399927661761,0.01604087100643811,0.6893305930094963,0.10879383441631146,1.0,-0.10470580874041345,0.474213871510183,0.2633939522227594,0.3840795099056343,-0.05563667980565815,0.42369307839384096,0.137215069809947,0.35428112461504613,-0.05414532290612168,-0.06539787564102285,-0.03462535949835036,-0.07959900950040648,-0.14094271613749954,0.2522363121611161,0.13444246592104372,0.609683296324392,0.13466172270738253,0.43358313628132467,0.019951584711541192,0.2920503215655756,-0.111835928971676,0.18021756439468306,-0.18586554619010567,0.16905036253921338,-0.08117919115561056,-0.1541222177411346,-0.010682013783618285,0.2545259498835516,0.12384070165647562,-0.1456133641765417,-0.21330142125480445,-0.22098227675030535,-0.3771202216826585,-0.23268578989605188,-0.3223612342221537,0.016264427098292917,0.09828512010108252,0.13030921443536664,0.0778919449451465,-0.20769081969942804,0.04639071692823375,-0.19321867485162497,-0.03699408670291615,0.2126126856265618,-0.2529105289294219,-0.4970193769193481,-0.2672008807439462,-0.45473998941747495,-0.09705027740662592,-0.16026491759381348,-0.04206253708461903,-0.11369766703478482,-0.4931388529342463,0.6274033204106914,-0.1955015383376197,0.15776719331632635,-0.14965078361682507,0.6727904413138155,0.09226379833347391,0.08734821596964212,0.11721262535489191,-0.14984597977249575,-0.3060781948454007,0.1535818014612869,-0.021111828424171412,0.01865865239556276,-0.014731488919681922,0.020781800969072825,0.07796258748365906,0.1643128871422861,-0.08655790295123583,-0.04418782068171466,-0.17596621151766306,-0.24365344473918593,-0.053239508334002414,-0.09258313529131851,-0.08762603979875563,-0.02024269170139446,0.0005436674212720759,-0.17344234736014116,-0.3400753737561167,0.24390286647532772,-0.3158966288304598,-0.298451330921825,-0.0065966280229412195,0.11433504046364219,-0.11708136003392512,-0.15606469096700373,0.07036626940308596,0.08274174754582683,-0.05726166393596579,-0.5002123133695802,-0.13068437233657249,-0.04243953832984681,-0.17339606268217492,-0.14487207919278014,-0.12066516292968194,-0.06715703306175048,0.21122929489856856,0.05481117962361137,0.10725351606256708,-0.09158596787996243,0.17148734840712612,-0.011795424528266896,-0.08858414893522476,0.017527349730866688,-0.028269651420455982,-0.07837974342909004,0.2882541650052888
-0.3474515581259685,-0.18626476847297585,0.19646653323320942,0.4109250844384879,-0.040049487296122746,0.08802103703358811,-0.10470580874041345,1.0,-0.19067615317664288,0.20261747920463546,-0.5015903831881454,0.4035477604353671,-0.10105445611911733,0.34181143419807153,-0.3986784958376348,0.24976837201903196,-0.3058621804402341,-0.2182841172297022,-0.1921648286314366,-0.06783055722195606,0.12090873531937062,0.126815102859572,-0.30013679252733433,-0.14930038471399046,-0.33256808773205304,-0.13834605674002207,-0.09195326934649065,-0.22471627368213948,-0.1577591126832146,-0.06208101611597387,0.05115308481184524,0.3740647073992758,0.04158448826359561,0.13295091009838392,-0.2713630245612716,-0.01627708256199492,-0.055684206288924384,0.06282247014215886,0.05148533403454465,0.21900964803057013,0.12836257519444297,0.10500321630891177,-0.41597548638569476,-0.33264715721694305,-0.33069229105123904,-0.3633684875335919,-0.3615896563962228,-0.32729394292952646,-0.07525678779268552,-0.2991116753835642,-0.2811733935948274,-0.1274900050159387,0.046458693279686526,-0.15235991089985745,0.14536219788018281,-0.09673499991066953,-0.4241494756504159,-0.5440870359872765,0.050342660054344596,0.236923103558881,-0.04932236466333445,0.2849045074255443,0.10778162266525378,0.07818142796077455,-0.18169934935239015,0.419915301365927,0.14443207273020683,0.06834851342878752,-0.1498346151169511,0.05868601665611566,0.13802577110411746,0.24575716592208552,0.048022546808423376,0.18837141128254667,0.06565148733911849,0.05781839784317522,0.11547197678630775,0.33852878754627064,-0.07172716549680298,-0.24229503070484376,-0.3238197946570076,-0.3608326557011108,-0.15872525533114898,0.24829396383738433,-0.25106917833868136,0.11960849643211911,-0.2172465168029713,-0.019539588114264924,0.1507015876310048,0.16633871404283695,0.23225432556668152,0.19373924430025083,0.5407937404872086,0.23804404250845473,0.22502716318930316,0.238898478116675,-0.30434619833661175,0.25963096933916213,0.07143745480212109,0.15194063855753362,0.5219197729023823,0.23091357428526937,0.5457088544973042,0.3382583091752037,0.27012744350925766,0.09937355590234817,0.08690176686392756,-0.04662738371285865,0.06818018274456854,0.12517018460397047,-0.027257344270655962,0.2005091765427429,0.15952181597828347,0.3717805528865905,-0.0876880768287605,0.04590046532842449
-0.17288138442780002,-0.32380840917539283,0.5805772525060159,-0.1011539672104596,0.7587847877554668,0.3957027603535698,0.474213871510183,-0.19067615317664288,1.0,0.4367888362502451,0.4113594521981136,-0.1954301582491366,-0.03746771583023706,-0.19481212897289216,0.38187711481513054,-0.17363895848023833,-0.27524561061370584,0.04936308996622228,-0.058545753234816846,-0.03234411380514331,0.3252976048064214,0.3344404345281826,0.5478770854003436,0.33455505635705424,0.48821216182033456,0.250466637642249,0.2809096979790835,0.16264421696560555,0.00216108527058977,-0.14932331948298566,0.18689199427204325,0.040990151543215364,-0.19179720693705885,0.08861771299937836,0.33368788977571434,0.3128485179590111,-0.2138601949243346,0.07004015036741292,-0.19833672452002932,-0.11100325596764216,-0.01073957444854017,-0.25635789572229983,0.025546140567698012,-0.010916756968064937,0.11957578475776069,0.282686572920178,-0.13664830517125162,-0.01775526172630157,-0.2931291801952507,-0.10943341253701327,0.2799729957025601,-0.2706394022912116,-0.46265805838040786,-0.22666922406432877,-0.3909602992477143,-0.09944177676067825,-0.2887674088282491,-0.017412292855222437,-0.3071021063637074,-0.45569913374906396,0.10851849781172462,-0.38232548698829383,-0.30847906757655336,-0.4019088575245826,0.5528991072744706,0.11881616904680223,-0.02051967679396519,0.5053723391937525,-0.03349622175296896,-0.10365565756240962,0.049455543519063845,0.1961188058060781,-0.10152579394631332,-0.12719129565729276,-0.10948947343211,0.02137140197196132,-0.012945972015535556,-0.004517045174697527,0.13349135133271636,0.18085722107391813,-0.18953028118995327,0.022104170665987192,-0.010222051720396181,-0.07425753969129652,-0.052354077184695424,-0.2924701057091461,0.10025870539077864,-0.3655527646791251,0.08006217561529354,-0.30357433306992376,-0.05833990969777898,0.12367946735511492,-0.3128911598530949,-0.09729606749087734,0.08916125591453965,0.013355865960011565,0.2060835365179429,0.1854577185348545,-0.3559096824965643,-0.22270861599522387,-0.14769795053985485,-0.020937066146680366,-0.2486085768644083,-0.08131416795654292,-0.0493328269049003,0.28710531785269816,-0.15739673603746623,0.09692377033193414,-0.08899491661512371,-0.08587374207608478,0.32959842424086633,0.006983961559060237,-0.1496510949371868,-0.09216568535305207,0.2745645598495458,0.16551509196210096
-0.14046683398455126,-0.23159651262963915,0.22636462885214972,0.233304567335866,0.41138499027615677,0.5300063707584839,0.2633939522227594,0.20261747920463546,0.4367888362502451,1.0,0.334892223772994,0.4675637452429918,0.20693408390959014,0.4086642518307481,0.39359080997262547,0.44997199315924574,0.04294943168284013,0.1411750795865935,-0.29353870936957116,-0.27597701602236624,0.3188271773127376,0.28800093454410886,0.28957021000902294,0.11504803571973034,0.5815341499481688,0.45674185719591043,0.3127404874823109,0.18499532033705934,0.19510242504461203,0.1089273701110114,0.14954935283562623,0.18434879549152397,-0.01866663749360727,-0.006414279129152046,-0.138756374215006,-0.1737404516774103,-0.20862138977258352,-0.19825844909674875,0.03493176602477339,-0.09138302265138737,-0.22903925477378068,-0.08332809323536035,0.04434703504086068,0.13290574202332495,-0.10074524867041855,-0.036823145343232395,-0.18563872340227022,0.061835277806519456,-0.2165028502664035,-0.13500836156373897,0.06359100892581658,-0.2629110599993021,-0.4960337883351362,-0.2820917442865261,-0.16969478430921356,0.1527593014387539,-0.05568857094839618,-0.10026850915579825,-0.2757464311359691,-0.3400411046265991,0.012476946175197649,-0.05394140502910495,-0.06557852309313582,-0.23654427821773677,0.19983101789381635,0.4494348932616474,-0.26374611704912726,-0.019928217333716036,-0.13352028873527397,-0.2085275218317275,0.15462010605747914,-0.0791690106302011,0.025952068825248555,0.09605769485069582,0.02671277491743679,0.13786602615315938,0.13979722305696662,-0.04310672539495528,0.2588468788644562,0.03227246131632925,0.05889182160375289,0.019964009331792047,-0.031104501236451244,0.2902884970314558,0.06572283347353275,0.1351255829118117,-0.14193265157062027,-0.10468362427316508,0.21420001256245588,0.07248722485351214,-0.30220266568496484,-0.21960308413618707,0.0687791824129497,-0.4138834048949162,-0.16477826918746089,-0.1048103930847153,-0.10458125606558819,0.047794127323960024,-0.34285727364204716,-0.17721638865061,-0.11321266263690635,-0.2835455098920667,-0.21457694666103017,-0.3135003925979833,-0.09853116462311,0.036173689751238254,-0.07101006289945908,0.1725596747925565,-0.3416342309707224,-0.032053405130148274,-0.22652514206520408,-0.0606813937118325,-0.1567926194588582,0.07917083103079117,-0.0978360108304851,0.11025042506395667
0.491833836196371,0.10877652904168543,0.1746452478816886,-0.24119812722198902,0.31612146826461157,0.11571471458646572,0.3840795099056343,-0.5015903831881454,0.4113594521981136,0.334892223772994,1.0,0.1913418382239283,0.5428418555301512,0.24666705521969395,0.7566508327273785,0.21256072444518567,0.34876423244953947,0.275326272691525,-0.11921369916989644,-0.25106538965699715,0.17364294559021157,-0.06649050673769026,0.4997902519039849,0.12621830528085629,0.5089275308215753,0.1668861098878936,0.3450235567448714,0.13096547392006067,0.3964257073572132,0.03259296873196146,0.05865034995164604,-0.29046800938588463,-0.11064865926884133,-0.10947301353171313,0.04314557826137805,-0.1621778881214117,0.009826680178844454,-0.12889400318987848,0.06685100807633322,-0.26072889994154713,-0.3300473918168874,-0.18902505357798421,0.28237208180448503,0.18817130661292464,0.14080241980140237,0.021621427025926718,0.025486814352586994,0.00452830128695177,0.038211368045226596,0.14282459606960848,0.31293174409934305,-0.02634667851086379,-0.3236222875025049,-0.23570851127088507,-0.1990134775700377,0.14823063676170725,0.3596368899137651,0.452604340575687,0.06973942492779253,-0.37484136422757247,0.4823004187842473,-0.1522940670417355,0.19254564547024108,-0.03855167946250539,0.41522906989460096,-0.07274937509372609,-0.1311386248734813,-0.2785955065017618,-0.10155432181499802,-0.33239052305534494,0.1786691468747364,-0.11400634253814,0.06871386637837713,0.014255110893621106,0.05193151698022512,0.22034440703344024,0.0320794988975152,-0.29453992012816677,0.02071459296652137,0.13495065026486677,0.2715566068170883,0.2810780538134366,0.0577229398503183,0.020981765299298655,0.39607522295272307,0.10501849687020921,-0.001410538665356353,-0.10932335126799303,0.06243797138223883,-0.20828591200135402,-0.46166745336305887,-0.428816763092637,-0.26570019645435233,-0.2584766620653294,-0.3907885133764044,-0.25971680217035736,0.168522369863764,-0.25139233775275954,-0.3311662764039194,-0.3342884278938968,-0.27321161440975433,-0.27290813781122875,-0.5257546926822182,-0.3966488719808319,-0.43462337946511326,-0.16341997725512417,-0.09081850625242559,0.041722199222155684,-0.28096688328825437,0.014770083074495068,-0.30915647834883003,-0.22225274477638943,-0.0008481190129344541,-0.23634579674320774,0.015254355096193979,0.010241444759639978
0.1047620078577683,0.1627098470570443,-0.14260311450376156,0.20218879581323038,-0.13468707219647288,0.05879038344735137,-0.05563667980565815,0.4035477604353671,-0.1954301582491366,0.4675637452429918,0.1913418382239283,1.0,0.36335586872240905,0.7387233311697212,0.09554001921915756,0.6953956696427491,0.3075419536021601,0.15657893206368986,-0.22644299933875098,-0.0018835881962000695,0.14975787752847272,0.12143803620974898,-0.2869826629306118,-0.2080202822759009,0.011922259908241627,0.05378883842500492,-0.015232566204383563,-0.12465848070461845,0.4391823530638541,0.3635948662346307,0.03785210896930179,0.1973848077933571,0.34099605543383404,0.1856394686603062,-0.2657904373430943,-0.39079484911460954,0.24942965282814392,-0.07223819709104318,0.34564503734813407,0.0406273817426083,-0.08598605785743577,0.1509102229842386,-0.2229607692814893,-0.22416319944070393,-0.45131292338259066,-0.5903236300377104,-0.3200528385657254,-0.260463891494565,-0.11842679969318105,-0.3542777270997262,-0.3268913697822139,-0.22259489633935017,-0.021218853945184725,-0.07348560935225287,0.27248283195521356,0.11309610555464149,-0.0007000437422282636,-0.06361577812902934,-0.05529376406050174,-0.12879777907229303,0.16577251277866745,0.10534380038217017,0.4113812257706411,0.06876143032337569,-0.06767401383128462,0.18607803018388036,-0.07763232970409212,-0.4460412500110146,0.12940854935948162,0.060666926054554114,0.19293013043543775,0.10348232102412469,0.33292220818516916,0.23275765041436466,0.11039285377458279,0.18201626768216303,0.22546270218615144,0.14086891606303467,0.23536916387966225,0.08400053995572651,0.29785148481078816,0.15292306349211282,-0.07988087575714031,0.4811453966786289,0.061650530153736324,0.26851549929173507,-0.30731050596886367,0.10518832528238875,0.03944877961734546,0.13986535535076336,-0.048500117749545525,-0.13589296423778796,0.3594402982905957,-0.08460746584634611,-0.06276016310774303,0.18994646658988032,-0.4713663619685888,0.12026815741536596,-0.10423277220584193,-0.00885149342819783,0.19669334406828434,-0.06129306689509687,0.08169730253909578,0.045689569282013516,0.06995108832239609,-0.15162758793180328,-0.09734433369232875,-0.08213392619456852,0.015081755525799476,0.3274654696240306,-0.3432741512089394,0.13241419191707618,0.2978759930696485,0.22565948580687487,-0.16294129796082601,-0.02412647200229268
0.40148930146794176,0.19460106906557806,0.09796700618126516,-0.26338802960488533,0.2140527007507267,-0.22656195785505023,0.42369307839384096,-0.10105445611911733,-0.03746771583023706,0.20693408390959014,0.5428418555301512,0.36335586872240905,1.0,0.6511638602492893,0.43268348515077215,0.43650574045905965,0.5325562692239387,0.2134808803928984,-0.4392168439004782,-0.26145536281888276,-0.020315239804144035,-0.24322907767897567,0.16017490797085188,-0.2644272737186917,0.29333055592101254,-0.05841030012545447,0.01206396340776036,-0.2515460395399192,0.5526078605525855,0.2406330452626452,0.07914175985541863,-0.2635784230711701,-0.05072690828385571,-0.14391986385916591,-0.11508102271187828,-0.16358339545698608,0.08271507588706802,-0.276037187470596,0.0744226712175375,-0.3039205336124923,-0.45628509439713,-0.13528483915236494,0.18550313113149788,0.17191050620662437,0.09212295422464006,-0.23912844279633605,0.08188167948960147,0.01792445057727858,0.28083571212816827,0.14246989081648906,-0.034990236494525366,0.0845258654496622,-0.12193632525853013,-0.10840219746164488,-0.18982434486926775,0.09329171103263452,0.4155853802240889,0.35434201922928915,0.2362044515114191,-0.09891475166175129,0.637427553280862,0.10349027682278507,0.5869265153438328,0.27088310805273713,0.03547711953109738,-0.20202462674724225,0.12215239066115467,-0.5480177113431863,-0.09004974854052498,-0.2283185018925809,0.354616630785869,-0.06215613398438353,0.36654781003161624,0.2391234822934922,0.29734519502607437,0.20140230533443007,0.1916211634440165,-0.1737763936689552,0.05448324507481038,0.009294045835048361,0.13194655266095345,0.12978526649039193,-0.31267668715472946,-0.06714417138302371,-0.00440560879899234,0.13291161191175233,-0.5135703468023859,-0.19721954503194497,-0.20288296833657912,-0.14544861416229424,-0.45185160367946525,-0.4209666515041312,-0.05481680974037318,-0.29458927810544466,-0.4797451227430819,-0.2773381874632169,-0.11481403877012548,-0.41849705949936755,-0.29360897577349077,-0.2753488050628676,-0.13551551583039229,-0.3578152014159372,-0.15552796779730937,-0.30236185498627965,-0.314247679088767,-0.19345572189021515,0.06157426081822782,-0.08858185463908852,-0.3364258740524894,0.13022399207277016,-0.5670431536422429,-0.18863399304447506,0.14622391887517444,-0.15440184013074473,-0.18189459449837808,0.1470305079884164
0.15955790261370958,0.25249976778705285,-0.06707553213307187,-0.049778472428138654,0.004820639767554079,-0.16799976964050334,0.137215069809947,0.34181143419807153,-0.19481212897289216,0.4086642518307481,0.24666705521969395,0.7387233311697212,0.6511638602492893,1.0,0.24433316332007707,0.7861467412346039,0.3302180341513611,0.11244130309655018,-0.35660976184529436,-0.173382414302353,0.07656475260359814,-0.13359598500789072,-0.1479250020397724,-0.34384096541681897,0.02712287968546205,-0.06672421940315228,-0.08910881592698783,-0.32943535147164976,0.5687482653546658,0.437744623824806,0.13604217921360362,0.09263098978924209,0.21781590825745986,0.09210437123578048,-0.3128219959802747,-0.3974848851456407,0.11465429118463831,-0.1815657165207155,0.09205856235071047,-0.2725926604897964,-0.18526112351321072,0.006841285759522947,-0.045674004488989915,-0.016747943091168293,-0.1854865916811194,-0.45679869610941026,-0.12978269712727672,-0.163852278051661,0.12343121367925597,-0.08784798265965615,-0.32730176771870845,-0.052458915935656936,-0.02542214862765474,-0.14854262744249844,0.03721293623398334,0.0848417266631747,0.17324331037879495,0.06197715007626021,0.1460567894345375,0.006751479955105129,0.3414461955040967,0.22352568137655385,0.4877156152044439,0.224923125546267,-0.17146922743299264,0.024008882806972227,0.12473076114654463,-0.5373992700112773,0.031227419026159678,-0.022788144112199153,0.3111594085639791,0.04505642075611055,0.42953809179568697,0.2794594624730639,0.19630709600700735,0.210704683605703,0.2728983960361516,-0.0450730863388693,0.14089575969176782,0.012660970659036867,0.19440051777475947,0.08573982204725931,-0.13343799934100067,0.3615693628810814,-0.06440952693166682,0.16200336671192114,-0.47417059319382443,-0.09722029766841428,-0.0895109484945376,0.049256665156308756,-0.25029443050860434,-0.30486976483673145,0.2236091387831296,-0.17031466764516814,-0.2632193515991772,-0.045038905770761216,-0.30636874286131555,-0.13867372081819598,-0.19066890665950328,-0.1616236407655965,0.12566338434814558,-0.19681433624100808,0.04996813476808234,-0.13918854102323347,-0.10116869983007054,-0.1724216765526978,0.006934506573323131,-0.11321273310762424,-0.13948893526770337,0.3291182489998417,-0.4855509300312372,-0.0703795495561527,0.18062934405851713,0.07164004649815009,-0.22715577372806528,0.1028308520461815
0.24701080533669392,-0.08014647757692514,0.17864201631785498,-0.1356913672700542,0.31120852830704204,0.026167237887744037,0.35428112461504613,-0.3986784958376348,0.38187711481513054,0.39359080997262547,0.7566508327273785,0.09554001921915756,0.43268348515077215,0.24433316332007707,1.0,0.399971945230543,0.26435075692914944,0.24108965320502512,-0.09852513025844784,-0.30151786936596264,0.08287037573373902,-0.0005943973536419105,0.49740568008804703,0.33607611819569744,0.5879469104593714,0.44057938728287166,0.28683797057589566,0.2992746765081702,0.5428205059273838,0.17213551450772036,0.36192958361304933,0.006449732528742582,-0.13769786576444176,-0.20453554504875204,-0.09051190838818483,-0.2921252239893168,-0.1054006595653536,-0.3015352675418832,0.13243661418666428,-0.3216606076074561,-0.335180856875601,-0.21583597857494483,0.18742338449051793,0.25930135459534365,0.06545138845741474,0.09737085059616711,-0.010272627089009643,0.08928837951265435,-0.2157606885792218,0.11237814660748201,0.06125148300451155,-0.24146349656433655,-0.4542659567431676,-0.35096522863455465,-0.26829397188576826,0.04093162721796297,0.27634215923503247,0.27553298842589385,-0.18098835650159228,-0.47857509852747643,0.2775189498365281,-0.19040702803765752,0.1265484073831909,-0.10576798199276424,0.45050041257372936,-0.028252180112540427,-0.29519451808762,-0.2535780181955055,-0.22406128990113255,-0.32756460819500904,0.15227237688650858,-0.11812660253749058,0.20325834882956406,0.14114409543030385,0.19260907498094454,0.2540724230622207,0.06314659056661213,-0.2700545191533959,0.19715823064679175,0.12414011387408061,0.35653887230934644,0.3342747293565497,0.31691239912388397,0.22876760371919594,0.49648234441093114,0.23556645275761162,0.061942301252353525,0.033664692366798955,0.20332611623589594,-0.07551975634642528,-0.47297763555555183,-0.3868587929972965,-0.1524308944836646,-0.31889429861218094,-0.40112722466206985,-0.24947487768915558,0.21833200758963411,-0.26382196330969815,-0.35844978831525154,-0.34930496108318937,-0.4271814508616614,-0.38800090031432694,-0.5260845853149126,-0.4406254122450501,-0.38647419698651847,-0.06386108070518987,0.004149600883465616,0.1919462150047241,-0.22998462726699395,-0.08707103476881417,-0.24027335318338253,-0.2521730523799673,-0.17435463328813253,-0.2562265374287914,-0.03681837709875047,0.1382241874300218
0.05143002010216337,0.09426976423500384,-0.2589563439180218,0.007473788538801758,-0.056786261986097215,-0.05230375966813132,-0.05414532290612168,0.24976837201903196,-0.17363895848023833,0.44997199315924574,0.21256072444518567,0.6953956696427491,0.43650574045905965,0.7861467412346039,0.399971945230543,1.0,0.3682066712362812,0.21151459648987314,-0.27065537089262237,-0.17015358582807938,-0.032337338107288546,-0.0969577015487451,-0.2203466337024053,-0.1382636399162224,0.04689608861863592,0.1362813508290268,-0.0803384397954274,-0.09835938014869958,0.6551906534386922,0.5947375440786404,0.29823473587484767,0.2607541634249612,0.19039998096817845,-0.06254392971306164,-0.3291546019997724,-0.44750373650579944,0.1875990790106153,-0.20319512292815997,0.3059935080718811,-0.14781159999788748,-0.05486613362644226,0.06644154755507264,-0.08119850843515831,-0.0376723452855383,-0.2968397403532597,-0.4403136907167744,-0.20735132535486886,-0.15437140512924302,-0.1693590168463693,-0.1961569376351328,-0.437573158264595,-0.2215944135808082,-0.09813675870872567,-0.17545682199919843,0.18645959821938007,0.0842015746299656,0.14522198754983756,0.012207392206187958,-0.1311641128536699,-0.1173135091623705,0.06323620757349432,0.14735155469848132,0.46336566448901445,0.21803505530053208,-0.11833111260466818,0.08213858867794266,-0.21460803604836798,-0.5957577699956367,0.031806845362447544,-0.007340720343206398,0.28274127443062747,0.07739360285045414,0.5145343553668499,0.36236271496223366,0.2773692268030156,0.24719413519604747,0.2773372157415862,-0.00982242389800118,0.37102723753749134,0.1469535139882621,0.4940681824060513,0.35294387591838305,0.10988829014359512,0.6014360474292605,0.21794222175416805,0.38986159408496,-0.18783351473642984,0.17474500360207876,0.13190627586107773,0.22800524305354852,-0.2094340702360174,-0.3435892260726951,0.22263273446498666,-0.25331439730836025,-0.2838465436542259,-0.04561363712455033,-0.34631345315109296,-0.10589688342825544,-0.14446472727639403,-0.18784122723021984,-0.06751216683983423,-0.20726183615261237,-0.011402028503818893,-0.16247647221139971,-0.12450636148324527,-0.17442578118018867,0.035379880767988425,0.08745539776583663,-0.11207137183428167,0.19805306797064567,-0.40239597064967736,-0.04098704444868163,0.07959893069481634,0.07057789003910363,-0.0995193561203258,0.12962032474903482
0.4496464243330275,0.4275438042456904,-0.3268821739356507,-0.2207814560504469,-0.22479330381385648,-0.2234748896300851,-0.06539787564102285,-0.3058621804402341,-0.27524561061370584,0.04294943168284013,0.34876423244953947,0.3075419536021601,0.5325562692239387,0.3302180341513611,0.26435075692914944,0.3682066712362812,1.0,0.459383307252114,-0.10105468672438096,-0.009898491796492364,-0.10878781888685053,-0.3435831603044625,-0.2345834461664081,-0.3248585431439776,0.07549806550895505,0.07812255221728323,-0.11778868782855252,-0.11617794160262769,0.5329456973597769,0.37673030860502005,-0.03395494188558519,-0.24313703135669867,0.18433048175796735,-0.06359886351583077,-0.18177269226242404,-0.2338798598244975,0.23751689257008976,-0.08154843397971652,0.11976164777837388,-0.21904426372619204,-0.1579483098528447,0.03468618867957218,0.26212574025145974,0.1855251273031106,0.00763637104414612,-0.20111804768000285,0.14182114262516535,0.047866891143362504,0.23621449577912107,0.13143383847996565,-0.10684363489953543,0.15080356717938095,0.11657073641845227,0.04349970230834235,0.11097798177117135,0.1511297520824988,0.7639765262241721,0.662136929656217,0.13995516182695902,0.009710342716774805,0.2504694458865063,0.16025518809479244,0.4433260396188926,0.4374800229599173,-0.21706395417308347,-0.12328234300191349,-0.07132986709634526,-0.587944184285256,0.15082580244525737,-0.0032561231768732913,-0.012740485357310736,-0.24368252880129254,0.3570614552877323,0.07038099170447379,0.22831937514901698,0.062960119102249,0.04257915152476237,-0.34249806184424675,0.14069249345451743,0.24444424911025536,0.4802849738392222,0.44820704384107984,-0.11673109920596637,-0.03818625680412696,0.1773616419763005,0.23231350867289718,-0.33268254227378635,0.05001741703161327,-0.2690008972671955,0.025878612946020972,-0.40654440663353003,-0.5897244692578223,-0.2115513236058131,-0.46121001241963194,-0.37328694444488125,-0.2673428584059522,-0.18051707389559096,-0.37864083573629115,-0.11674874019284909,-0.2621896073465411,-0.17551251040243293,-0.2871613271538706,-0.384016958518563,-0.4670949382286713,-0.3507699153035784,-0.3495309375188219,-0.14722360580209845,-0.04474379701072598,-0.24164774271838907,0.0813457764352618,-0.5117708845450749,-0.1785504021845965,-0.0079117592755471,-0.2005286303858642,-0.2846155355113776,-0.11204350414258354
