1.0,0.25176550052951974,0.10925293103014627,-0.08623082234836216,0.05455253848817041,0.10857487308898132,0.040291241223269235,-0.12101906903626806,-0.03352866240378788,0.01582282726992877,0.556873651548447,0.3233721511323632,0.37297802406047115,0.2823525982833619,0.45525127858779574,-0.09582155017666473,0.1698955306746193,-0.04892962929086178,0.13041432709121323,-0.20296050417782927,-0.1089352576421503,-0.14184496960349166,0.16699948709484502,-0.05526715110678201,0.046260453656016935,-0.05244208075681028,0.026691402015660195,0.26586432507160357,0.1791846190552973,-0.13675711954790454,-0.01562912232752645,-0.22070514495671464,-0.08236307238417342,-0.2820771800848415,-0.04864446589150263,-0.03627670716568221,0.09453606983890635,0.01743804328840715,0.20334954604061495,0.022646704511649633,0.0028821903868446945,0.13051240409103093,0.06486832924468144,0.04582772579282636,-0.34372197264241666,-0.34198730393946797,-0.011379120354972008,-0.10284161056748407,0.09100372977622559,-0.29324298799332005,-0.0415937049529842,-0.04132674971083672,0.13048680931387283,-0.04873655141613412,-0.1932427626966666,-0.3402825519313383,0.19739449507383727,0.01657299629810119,0.5089335178681593,0.0020226011801250487,0.41478450281995827,0.05981375388793023,-0.005806848505570719,0.15263115361813598,0.029549417909654405,0.02345304532583725,-0.09623438152654927,-0.1764029882694191,-0.00801382988775081,-0.24544507718819755,-0.1809784748363598,-0.13720777087249253,0.037691581771804934,0.041084629572642264,0.07177374758591337,0.10257241803987183,0.22409812337312152,-0.20552225283376643,0.0011604873007292629,0.11621845408249372,0.07703016585904157,-0.11258305526299527,0.29129717931503035,0.03052415563736738,0.2520441886451007,0.06842927356452869,-0.07401615872531898,-0.014467340135302225,0.22103417508249165,0.1897872053159173,-0.2179011908979534,0.10979117865240118,-0.07000329389941518,0.3075190115330032,-0.022113671895600893,-0.12205998713202561,-0.14562583215791194,-0.2411894445340105,-0.01963134881094424,-0.1699069803233086,-0.2846545019237381,0.1815351825233775,0.08616171071165064,-0.04509114376437421,-0.006965870028158381,-0.18687438457272335,-0.002893219351117229,-0.040950442766001884,0.06025160270264633,-0.36743123717248477,-0.12082562523555418,-0.16522563510027466,-0.17257946147638548,0.18229440395679908,-0.016556638368522936,0.004696098445129813
0.25176550052951974,1.0,-0.5589779400012737,0.19717840504448694,0.049028974041159946,0.3247632220152225,-0.5038746759236836,-0.1856817730147501,-0.18150268712761253,0.08993001178335747,0.14769365577912036,0.13435516042789572,0.14719258321638393,0.30142255530200934,0.48381898902962944,0.313976309988266,0.22844827596336792,0.2562951204827013,-0.07316666245537146,0.2260949584040804,-0.020431411943499386,-0.04649846460275958,-0.07636504520844611,-0.07367756780836243,-0.1255308132503543,-0.16128650465271627,0.2738001495623141,0.32137319896420985,0.1764745415161819,0.002238825457283001,-0.1945277593980356,-0.24148338089520044,0.08845828441328499,-0.015960331336913883,-0.08455385207422134,-0.07844970313652534,0.24896731688392382,0.02951599200282105,0.01493102353203265,-0.0181706282224689,0.18203210350765753,0.12043391261876792,-0.21317878993949382,-0.3534455782167822,-0.3005691442092345,-0.22001936646592,-0.19934476932591075,-0.29260723651239723,-0.34124148262283527,-0.2347159263965738,-0.2324615961548821,-0.03258166302134833,0.023093418355924534,-0.3128886590654182,0.04185160264785464,-0.27758201341513994,0.5105428805333636,0.5179952112840812,0.20418718823516804,0.2797864113694697,0.13936920301650108,0.3729558181005962,0.1032079245826565,0.2935053087574271,-0.1260273014396128,0.1528559925536262,-0.2733470104161862,-0.23838929679366053,0.3923587578620636,0.03938448197414816,-0.1158653992694718,-0.26551028060404624,-0.07421405230265747,0.2878664222417781,0.10966118856601917,-0.05127909959732706,0.18194761721354227,-0.1509686615437841,0.17110655511856973,0.16148099445504469,0.28605136137989634,0.1463303885763453,0.29113454588992677,0.43896853527854385,0.3652049256563577,0.30804823760208555,0.08936835605951476,0.28801942939008096,0.13909872025302894,0.28149873916357593,-0.2144261985607833,-0.3865556904026028,0.021608339046669135,-0.1768576738752359,0.06978269475493624,-0.12019959803660432,-0.18077130122349291,-0.022279769228630793,-0.06132286114832939,-0.0861904033500395,0.0827477504825054,0.1992543794220881,-0.08310132595924978,-0.15694210343514245,-0.15605007626546763,-0.21676362145770547,-0.06147743171568043,-0.1782290582572425,0.2016480953119527,-0.3781064891470216,-0.244693660902648,-0.12557239674629117,0.03319036877741706,-0.08789579755989815,-0.019544133746402556,-0.1191502745984216
0.10925293103014627,-0.5589779400012737,1.0,-0.22780913593908325,0.10583905516101202,-0.26589361909635245,0.6768902692585123,0.043857450853422464,0.29195608548167584,-0.07431870157865947,-0.04210962520188397,-0.11542553555033583,0.05022497715045431,-0.3613312473780429,-0.11811861249174518,-0.46567571141243197,-0.2937831865441377,-0.3815892108583331,0.2595781014467744,-0.27616917087516724,-0.01987949809364919,0.022557432367042114,0.4134178638044213,0.16775910370399322,0.39422515077186265,0.25966889528375275,-0.16774813639173503,-0.13791240043712125,-0.0593615060284662,-0.15949435699550343,0.47861063670360937,0.29741587912978795,-0.2542950578481941,-0.12249591606395023,0.16231930066588066,0.05446349650478446,-0.32204933006550773,-0.04399216419958877,0.1839518485380926,0.0999594572209974,-0.21857848192403775,-0.05831934647953736,0.12054049929872857,0.179582536584061,0.030505765683932227,-0.022456380084272958,0.08516934333250878,0.07324222977662327,0.3106764082999865,-0.10903014112357859,0.28887553988057435,-0.07301236654580673,0.0459243504407167,0.1255320724861909,-0.11487709515274236,0.03803420300446269,-0.3781045902916098,-0.36098794679266677,0.12146722605306855,-0.36724389467459867,-0.11103564437827357,-0.3696840996438381,-0.3167681488361275,-0.2938969895820916,0.36617970162234037,-0.11755801507590646,0.22298145173439163,0.16765165901154885,-0.3273513353717251,-0.05344624318695935,0.12417392194473333,0.19095430571605343,0.026416866677917816,-0.30903136077903537,-0.07286961349851748,0.11034082979825895,-0.06293350665750427,0.0331784345367185,-0.15250158456651647,-0.027697137260595448,-0.261087379235332,-0.2774412481588584,-0.14430651206579076,-0.38707415910731063,-0.06997108750808964,-0.2413032212942883,-0.13787422729373913,-0.2032251801231725,0.1495356264075192,-0.16004178668375707,-0.029562715238275552,0.48630098517028997,-0.16661458572169144,0.37330613451781813,-0.1332673142693585,-0.0457326625130107,0.12083690915790485,-0.09249092940641672,-0.13109350831757074,0.008238057740774607,-0.2430616658038996,-0.1305190204968469,-0.016803071105049614,0.16249604419649122,0.024632273540978696,0.0631500448331811,0.07498646047468586,0.18106422748741782,-0.1318258297551299,0.24305624481610383,0.27349071761317134,0.1345972465172076,-0.3628322560702468,0.04513929696475147,-0.047287278447920085,0.05902987095452773
-0.08623082234836216,0.19717840504448694,-0.22780913593908325,1.0,0.0660044936922209,0.47961041290993617,0.043935905034635764,0.12414948710220805,0.10094718669653531,0.26008116645431256,-0.28386446524059455,-0.011732949709975926,-0.20712096431706525,-0.16241899394317147,0.2794326195071957,0.21135832990835374,-0.14492668853242727,0.0017810425419267247,0.0604741111266919,-0.02602117509414398,0.3327953294677819,0.1691765698085685,0.22758104819063316,0.5726631505581449,0.055139294753883586,0.30630551792675265,0.07646760176492556,0.4230752890908635,0.04315612858966592,0.021576184909100436,0.01681830695187875,0.39936310193730673,0.09980734147614334,0.1554839433088864,0.13318481808053637,-0.1425079500655505,-0.03304162511750352,-0.17165809999382578,-0.10387491338006243,0.011577858775098574,0.04941190714283304,0.010026929952036788,-0.4014160202176677,-0.48160116569278066,-0.3478980677028745,-0.08150319147406514,-0.34847732973840784,-0.4152637326406462,-0.2826235278647291,-0.17849956182075824,0.064646701591245,-0.2872058359672547,-0.0759438511281322,-0.23287789109078919,-0.0877371877522915,-0.39432904708921707,0.014646918371925327,0.001025897654105412,-0.24911483398524392,-0.1190072364665983,-0.06336415754751441,-0.12323688911317832,-0.05613537135253888,-0.22024676981641625,0.4491022322301846,0.2949259291723784,0.011403467116210432,0.23134322606396346,0.05138037331304635,0.056745935747525546,-0.09021007379005702,-0.3500060920383188,-0.08304480372534863,0.1702695203049513,0.28939298212034104,0.18537729735534136,0.2357167406710835,0.12383211562387793,-0.010898305483168835,0.09521428808852095,0.04158824366599,0.05311264519326116,0.29098886432333626,0.5993122080031175,0.19245550367707673,0.3298021015672887,0.19738694027672984,0.30269555257017094,0.2631057258468266,-0.117677883883845,0.06538457459545814,-0.18517054527945856,0.4680930322735728,-0.19667409208341546,-0.15297765652681,-0.24411373521737184,-0.4565928406253383,-0.12708364540195938,-0.20518159394913824,-0.18087587944048758,0.0561003963373433,-0.1766370208447384,0.016303861151697942,-0.47048520826191426,-0.2748189725046106,-0.24434801802134568,-0.09683314787217277,-0.19847461335966599,0.025185021858133032,-0.3572554220215627,-0.2770870768402909,-0.32089045351842743,-0.11559117821416875,-0.22830516943134954,0.04052744706613416,0.002606506663928218
0.05455253848817041,0.049028974041159946,0.10583905516101202,0.0660044936922209,1.0,0.28650408479726913,0.3305882726950621,0.22940140902483552,0.5917848937562205,0.54692719586927,0.16201921061245889,-0.07046447777443572,0.19706342353480852,-0.028579788695479787,0.3561259452156748,0.24615398330649588,-0.011625458608143912,-0.014578355819129557,0.20015462331851636,0.00940913180776186,0.3990987059068796,0.20840795164057568,0.07149069318310723,0.06572069162657775,-0.11148163734704948,0.015423361116724621,0.48534882023491716,0.07326892464195797,0.3533321451080143,0.33772626861715277,0.04122890646410842,-0.02371940649417213,0.24119867000358666,0.09483277963596841,-0.3075921329224588,-0.1979205770412046,-0.13345136275424516,-0.10412501410383877,0.2822193927319042,-0.10634581734663735,-0.09423358776160895,0.13883568504478594,-0.09416499803307093,-0.17163411471422446,-0.12499011782663023,-0.25114233271168507,-0.22521956450279168,0.10476636912297939,0.03996082884998028,-0.054783639946488806,-0.23597904292354002,-0.22220211086585404,-0.2999745587294282,-0.19793446326530287,-0.041550377329742184,-0.2957865657702065,-0.005847467268216536,0.07950519546545708,0.10235647964600168,-0.07832628288907241,0.27362061013276967,0.11757336633818956,0.05608302024741365,-0.025516555210705026,0.3194377992981904,0.03608881947345009,0.16979822102111358,-0.06845101129163456,0.005053665300281545,-0.23900504871729303,-0.05742914664000397,-0.17333550190135083,0.23647194498774762,0.20683350953252344,0.3709935281335427,0.024780401867369097,-0.06323073816706155,-0.1427163509473492,-0.0076393528495772595,-0.18217429517476058,-0.10730199105006089,-0.08509866075851366,0.1338848413012659,0.27952894131030126,-0.021923050596648442,0.05441275817453357,-0.17118218639653934,-0.11094089050155194,0.18706577385293316,-0.02299802800815792,-0.2667660550885931,5.965840475476273e-05,-0.3242583033556999,-0.05320276076313764,-0.05931893763298638,-0.18681055954966777,-0.07026575845964605,-0.16721740445597227,-0.4686687597408835,-0.16095562864925536,-0.1862330662953657,-0.267216368834719,-0.14843983372519437,-0.11201333514243146,-0.006759812676311778,-0.14233654904114595,-0.12229754843150865,-0.00578149730716906,0.0790648430298541,0.23526414000730972,-0.2223019153073717,-0.004065174579710325,-0.2793268799867194,-0.0694340162459074,-0.04247329977266141,-0.2902787266889196
0.10857487308898132,0.3247632220152225,-0.26589361909635245,0.47961041290993617,0.28650408479726913,1.0,-0.1762696460722347,0.01754188785535171,0.24339729683921107,0.43702180703078175,0.02129847811178043,-0.08697825896738172,0.04904937938953739,-0.10131809183129534,0.509877867305464,0.25577816373801654,0.05556041234446593,-0.004017522783939967,0.0021423964104334415,0.09208942770599259,0.4636645765428554,0.1338116631466955,0.170603165599525,0.3185500826310979,-0.048731157799456803,0.1868778051436099,0.32510733655327606,0.5367571886399652,0.17872348530964324,-0.13605547608339413,-0.030751089905781667,0.057566593495791886,-0.06061386235916244,-0.015604517205060203,0.08220685248849181,0.004847679592787532,0.17188291330023606,-0.026179854345943873,0.006769130980683381,-0.03543037977324049,0.17400161564493052,0.012147752851172365,-0.2589599126788407,-0.3454360328947851,-0.31838039983811783,-0.14950399148168883,-0.20084225974459036,-0.3022978553316742,-0.2789124856674371,-0.21765534163140873,-0.06455479811092582,-0.1881284576038298,-0.28994180466229913,-0.24156815863218506,-0.1589646412088492,-0.31308121350660123,0.07840252476508291,0.0941605764995336,0.03891114277212979,0.009258761624560812,0.057463042181488344,-0.04545196192216539,0.09462233304131265,0.002287818859990096,0.209421459140735,0.19066888267070212,-0.07546697362425484,0.08001073225008586,-0.01748759578059802,-0.12437086690234891,-0.10511625479996156,-0.5195260015625947,-0.09202289730815591,0.20775616977056746,0.06855963560908834,-0.06302272862624286,0.24032704113351225,0.13422607409319173,-0.017519800138331203,0.13541011255218147,0.02426155258382938,-0.00416971709570441,0.39882226632820356,0.4443266861299728,0.2819734692842123,0.3292934091315524,0.19948531008862322,0.11903232338768548,0.3915711623528141,0.1285301531655551,-0.02551283960746936,-0.1366022769663731,0.2541460951669486,0.10402687016897279,0.061186125591282094,0.05574552496082133,-0.12522143101782496,0.1362112868757878,-0.32510216413809034,-0.11259982340209386,0.16610047101085454,-0.09777789921648124,-0.2669745475884725,-0.2982936840729104,-0.22649926828037706,-0.2690794192841542,0.007472399283440059,-0.24635381209886933,0.11534038589256135,-0.0637050574733229,-0.16324069323541063,-0.040247166051164844,0.003766484679547023,-0.3061693460745646,0.06317790596592125,-0.04403535413200746
0.040291241223269235,-0.5038746759236836,0.6768902692585123,0.043935905034635764,0.3305882726950621,-0.1762696460722347,1.0,0.40726997289751693,0.5282531239130759,0.21337231895165018,-0.004740816460417899,-0.004660944067826993,0.03557790696152996,-0.23078748176336406,-0.004100549050817713,-0.17952137132046475,-0.28502132996025886,-0.25352570100751665,0.241521025090174,-0.2877211500209562,0.1938724263893936,-0.02175786856563175,0.26225713015235363,0.2497871449086954,0.18666838582693257,0.1344789409248473,0.009347504870409022,-0.21339952987203153,0.09101145037797453,0.0787750067588397,0.31530973230222115,0.23815623558152343,0.008957850966979812,0.0509737495331069,-0.078881480813583,-0.04525409023786609,-0.2889425713989861,-0.16607881547116496,0.07520753093161905,-0.06474648941748976,-0.18829661346059062,0.00152837219294539,0.013896543797936374,0.00970575695189809,0.04560652898439274,-0.04619977019596391,-0.032659703344046324,0.0851687271710902,0.21079986266338496,0.026437264308817286,0.0589134950294365,-0.3416035325584323,-0.21606352249797253,-0.05120919285896723,-0.19607078469903405,-0.18693352943397343,-0.42361161739552994,-0.4207668258735168,-0.06058461844779314,-0.2606849377413951,0.02300582303721551,-0.24350317645464623,-0.3002033541091461,-0.40710458316451453,0.5361526884997795,0.0476754961702625,0.29573217862774925,0.18138916100608224,-0.3029384748898122,-0.10412869666449777,0.17205564487925765,0.07955291255933859,0.10649914374693582,-0.11163270285253882,0.06376570008488451,0.12635145237160988,-0.0026511342435559253,-0.023675900539255407,-0.1852147125866219,-0.182628060765066,-0.36893398183667486,-0.34345674418348204,-0.13127415710959933,-0.07023012508768696,-0.21645627849994928,-0.1298697834202198,-0.18653380718376997,-0.18183116636658417,0.24647428150825154,-0.3103776456077216,0.14671312993582855,0.46893563435072305,-0.017309449921336012,0.3057602482516878,-0.22154682617165483,-0.06854469891038631,-0.13782522881669657,-0.2527664108350985,-0.21590289447304994,-0.07189080944106226,-0.26905669467132826,-0.33608352196826313,0.005563846605744244,-0.06403082760782856,-0.06676829556490123,0.04390581614968953,0.10386581197816463,0.1307689527866352,-0.0230354362422772,0.18294933996683424,0.10230147418383456,0.0861252574209623,-0.39715964622234334,-0.015060692923225155,-0.06705425322698694,-0.07725574517646196
-0.12101906903626806,-0.1856817730147501,0.043857450853422464,0.12414948710220805,0.22940140902483552,0.01754188785535171,0.40726997289751693,1.0,0.5257252825871161,0.6401289671434407,0.1357074832561572,0.4080579117531847,0.08629628320520528,0.31717480017869126,0.05184361683323079,0.3854325187042772,-0.2418998848253008,-0.2021544644987432,-0.09532873565753644,-0.244179107138746,0.05739618380238914,-0.015704589798775054,-0.3633485184760122,0.16883006752797602,-0.27665617090926464,-0.22266082807533719,0.013810699686079755,-0.32526566150079556,-0.12468888204193747,0.2467181791416248,-0.22425948104366833,-0.08588494795527679,-0.017158894495462044,0.24245110961811225,-0.3021896070064124,-0.02390767106248844,-0.20406644078965971,-0.1947353791085509,0.004715022311213718,-0.06312906077531305,-0.052848149584172714,-0.14865931295727403,-0.042597625776364154,-0.10075357940569661,0.09456174189869744,0.13056011344491242,-0.21351577956014883,0.07862372668444477,0.09257519654267606,0.30995389628916864,-0.2195745892871133,-0.1281116901450031,-0.34165484249533445,-0.15533369651763518,-0.07316872435476987,-0.043750658839719986,-0.2730508453314657,-0.5411872739545337,-0.04918288282503206,0.1509423518097483,0.21586712129211658,0.5262753057422568,-0.18085575716394614,-0.3112054044149496,0.32832154276919717,0.5797824645284001,0.08676450177592612,-0.0237250591399572,-0.39329013300419313,-0.38984708074515634,0.1879186835529133,-0.028028090639302502,0.10756521629566533,-0.1733823012034822,0.0017475303428212882,-0.06858336204518073,0.03302529001343499,0.09417005573540639,-0.04592552340964777,-0.20308059398661596,-0.12351218853349412,-0.2587695224958867,-0.1901118482269334,0.25865974212358506,-0.143704447249968,-0.04523027520440834,-0.2999753921849938,-0.08513972556121294,0.0809408448622808,-0.06250561576213519,0.276703509148145,0.009737993346651307,0.18982060590561958,0.007211581543139836,0.056787261129309693,0.045474526982797824,-0.19189363834474638,-0.1982210208331297,-0.20239145905078204,-0.15775960516811752,0.09200342094315783,-0.09051426990069737,-0.0585700108582069,-0.10424175634693518,-0.19006587982046028,-0.12308777341733226,0.02334803031450008,0.03387568158634476,0.27583070900607953,0.006449535562361046,-0.2820384618466276,0.03493918715064141,-0.08612391211375106,-0.14717799596746545,0.21271610431232849,-0.26989898878152163
-0.03352866240378788,-0.18150268712761253,0.29195608548167584,0.10094718669653531,0.5917848937562205,0.24339729683921107,0.5282531239130759,0.5257252825871161,1.0,0.5626697669705355,-0.024608863297255482,0.03826048741171577,0.196217629988751,-0.007047538208735443,0.25951048880630273,0.13950487393435348,-0.14933548444300002,-0.1962875719027207,-0.047408645596353126,-0.22836139342533956,0.33462628789295457,0.21598534764672997,-0.0487468135959704,0.17622557494013066,-0.09810051107951907,-0.06632079604963596,0.2909948136735776,-0.023056270152276608,0.13274650763492143,0.19946958345110152,-0.001331717550270841,-0.03878848456336886,0.0215337243289634,0.06271246399912606,-0.265534762203462,-0.05361235016735698,-0.12039189781224068,-0.05607871451035317,0.26545104204132075,-0.15808015409393997,0.03265093080800299,0.010629908341748989,0.07964463406395228,-0.006328635494426033,-0.012668062181574175,-0.1115728294735284,0.01118773048408237,0.1412705941695173,0.20129117679322753,0.18680268750178006,-0.09020157207549259,-0.118131841080234,-0.36135158727855454,-0.1320282126463113,-0.1231172098134642,-0.037868962608711296,-0.26135281862949045,-0.17785071977277095,-0.018139649627224117,-0.10939248770341503,0.11001751320947452,0.04154112055563357,-0.2576041275542008,-0.3052808846023171,0.3726102155239533,0.22410236337788456,0.0692905734293864,-0.026415990914464716,-0.39804711239420815,-0.3429302918889022,0.10192578615022561,-0.1317932495406096,0.23850705014662113,-0.08553670373461225,0.045190763555945146,-0.022817861346929987,-0.048926395178084524,-0.0654448624044001,-0.025568438365749013,-0.10728733029430063,-0.1331395341747018,-0.1357460197682139,-0.006410081631435153,0.15015526579054617,-0.17699185887060667,-0.03528126004874287,-0.2718229160440858,-0.21565526453480965,0.28432062928795493,-0.25405834285248463,-0.0002758877943369399,0.10988424641442843,-0.1170655209584146,0.05622596062962195,0.023794221474489882,-0.10649370895378231,-0.07401376354555506,-0.14545170763541243,-0.33426214089359013,-0.15186340956411945,0.0038841041140645098,-0.17432790094340025,-0.2459469390245693,0.023634370242710798,-0.06831078539656145,-0.08053906996556918,-0.004789181480957595,0.040540259729147536,0.16612992040154922,0.2046664099002616,-0.1251359843331612,0.14857188629593002,-0.28531380307410575,-0.07793725603657081,-0.13084993831776537,-0.22230982605099048
0.01582282726992877,0.08993001178335747,-0.07431870157865947,0.26008116645431256,0.54692719586927,0.43702180703078175,0.21337231895165018,0.6401289671434407,0.5626697669705355,1.0,0.11816420654349162,0.19666693011104625,0.17684595251332313,0.2302234385315595,0.3363529685871342,0.43236806547032763,-0.03970649413932851,0.014046350789306616,0.002032370729569931,-0.09029670170279099,0.3784665581982858,0.12883240956751663,-0.24270965039712342,0.1930229662805411,-0.27082697140314616,-0.1902548545794319,0.2676577895550787,-0.05048345665973169,0.12306242952021146,0.2650129047220398,-0.21305382979531873,-0.13220430396144434,0.10899446332798124,0.20106164346796024,-0.3067477553519659,-0.07171309341166814,-0.11454207536790131,-0.07761112258130758,0.16121094782139025,-0.11717924353164916,0.04523177093319963,0.0555777819174334,-0.07428280464073572,-0.23271753879637397,-0.05790678935611816,-0.0847848337566075,-0.24487551063768254,-0.04867178010109832,0.007749477845825983,0.1752062211335551,-0.2817288596875453,-0.23445712950558986,-0.373957128316489,-0.2998652510304159,-0.06441507861001791,-0.2588858682430072,-0.03998865160581717,-0.2098072808267743,0.09865737918401606,0.10338760933623782,0.28892326812102914,0.4151828733914174,0.07915595770750586,-0.1131269526713439,0.28046940314563756,0.4377379301792414,0.17167347207659306,-0.14924819366172942,-0.219644149317477,-0.458918711132787,-0.01035133594611929,-0.1704839009489321,0.20637104680207946,-0.003659008767670639,0.18922547825736966,-0.034436779419341514,0.06277275431458561,0.09734185102876822,0.09244514438085544,0.005765644649401365,0.084328617616151,-0.07337543554318457,0.09323224010320047,0.44969871948128454,-0.06373505878351145,0.16917505528179855,-0.1733716797079768,-0.03726003255004717,0.1849863021901627,-0.025075832088263323,0.053871983965300616,-0.09739004979851237,0.10141276149365457,-0.07433958475732731,-0.13982652903591677,-0.019258150403435186,-0.3457446390241924,-0.10427873637348184,-0.3173839606479769,-0.14720229139987986,0.05263902195386808,-0.19397445324324608,-0.19915364062483046,-0.2076205977127515,-0.15549728093016016,-0.2258732423463735,-0.15122374670859273,-0.08079872421304592,0.2351200875293987,0.023871022179431524,-0.4179726968606856,0.0009834359934522228,-0.04149056883187711,-0.10093727565932094,-0.00313496774131523,-0.2689595933742072
0.556873651548447,0.14769365577912036,-0.04210962520188397,-0.28386446524059455,0.16201921061245889,0.02129847811178043,-0.004740816460417899,0.1357074832561572,-0.024608863297255482,0.11816420654349162,1.0,0.5428125293551915,0.625505161825956,0.5173416892733157,0.3912154135580425,0.24466198278431806,0.20455410936330443,0.01094560055243854,0.05657134759773175,-0.041280283813019805,-0.19244947710541116,-0.3443836008342526,-0.0324390884255878,-0.2644257677447754,-0.2882779518300974,-0.4425727259977036,0.005827446037279207,-0.1512115916248453,0.11968954487226079,0.03696549193237825,-0.208666052646733,-0.4646236929206297,-0.06078873947974078,-0.10470005557661602,-0.1867838582605514,-0.042082690455870875,0.054750463864184994,-0.06586332578313724,0.01673104640333618,-0.054074821943482655,0.05812953839143784,0.061069041620352114,0.08755339517698721,0.07795941637358311,-0.0186685631780656,-0.13523095254903664,-0.0716981438402459,-0.027788020890360088,0.16286432775776596,-0.018192972345400633,-0.3635420547613147,0.033131872375561484,-0.03442320176611116,-0.1511012387794703,0.021386210153114867,-0.23124081555163298,0.019659803675576026,-0.08367916078554667,0.4435193643501363,0.270651233559175,0.5883066091788366,0.35590877981073826,0.11989616314655581,0.14689608172003885,-0.07555147518688876,0.11673522084943758,-0.11915153078837368,-0.1683591562137018,-0.18244698967431042,-0.3245760568300733,-0.2377668019194943,-0.0431114626164446,0.042575411275882755,0.10242148778862024,0.05776889885298582,-0.0883283113151291,0.06614848284806837,-0.01243824269753679,-0.11105889874927713,-0.19455259502373576,0.03692855428557208,-0.06518297190926005,0.18094307362728212,0.014665418077368098,0.17651734770836489,0.11129341677955074,-0.19026729758947386,-0.12466758634972255,0.07436231958259094,0.2555920556818101,0.06541029728308755,0.1601891509095335,-0.18026349845167947,0.39786115049483717,-0.03984357350203885,0.11450130505983172,-0.003517717060916008,-0.09688689234241624,0.05893967148685461,-0.08371637752583995,-0.07034533705826977,0.2822190651639729,0.2353832258541549,-0.07213079873660407,0.0822532436478126,-0.23018994060953782,0.10706231236473354,0.09275364185001099,0.09316230574059339,-0.15255610054420332,-0.11683743205478854,0.0222104042512298,0.07224647214390761,0.24913695090168653,0.2107657342844096,-0.2689073939239248
0.3233721511323632,0.13435516042789572,-0.11542553555033583,-0.011732949709975926,-0.07046447777443572,-0.08697825896738172,-0.004660944067826993,0.4080579117531847,0.03826048741171577,0.19666693011104625,0.5428125293551915,1.0,0.3443641590837908,0.6386647821891595,0.2022955087796266,0.26234121764450014,-0.019651429217172587,-0.1107426169297447,-0.255790966888856,-0.3035725015828298,-0.09512847866689478,-0.2988575737884841,-0.2134363128492428,-0.06016773382739806,-0.2017971145432686,-0.3417987919107991,-0.03261236138420732,-0.09889496819502791,-0.017817972679688425,0.07591260172005597,-0.2822227130221961,-0.2711216385650301,-0.08425573753076758,-0.07266194104103986,-0.23888386105171902,0.05584303175404897,-0.1071365197669501,0.15590383836065294,-0.03255742834742169,-0.10300916523240672,0.14932238779651383,0.06498933476221584,-0.018214534148771108,0.0963748888445836,0.011522030982817207,0.15744607383259632,-0.2012711474593459,-0.19392565732448386,0.1997359422871084,0.20900938705503833,-0.050881413247546754,0.24691036469425262,-0.07256372862693301,-0.08498327835483963,0.011418580771585423,-0.041145486896033874,-0.06935162931570624,-0.30872356099983045,0.41413621331648565,0.2999587974236153,0.4428779765106118,0.5054217457163025,-0.07430757554167167,-0.1803804132584419,0.13361822105120863,0.6421666523557866,0.009313339487972151,-0.0537484859724424,-0.20970841688338232,-0.306395244278467,-0.04355909717008218,-0.1789011700090948,0.03313503103347216,-0.192821786446856,-0.10504298362883305,0.04669596722175531,0.10233097583503954,0.09001794202460023,-0.07379780900314006,-0.04089012945209167,0.07994384181237973,-0.09507845646055678,-0.02250694798079472,0.08226579038243512,0.20180082471985505,0.3190991594446721,0.0569886122806136,0.09146151022317527,0.11579395222036998,0.1602863914822996,0.13792442876113428,-0.0825653084160994,0.2077639448975575,0.10063430530347685,-0.06336495116728826,0.11424817631964203,-0.1768261736426345,-0.3032933530704981,-0.04288092901089557,-0.4304983716403119,0.18429487596261365,0.09593364345723145,0.15029850632536795,-0.15560968535877714,-0.3035693568679335,-0.39258956625183167,-0.043043985053724455,0.12935681639898916,0.30974729391740646,-0.1834787916213263,-0.24083016546731809,-0.26743669812984544,0.08081374975422771,0.10160162917670389,0.0849553522846273,-0.3981332512359597
0.37297802406047115,0.14719258321638393,0.05022497715045431,-0.20712096431706525,0.19706342353480852,0.04904937938953739,0.03557790696152996,0.08629628320520528,0.196217629988751,0.17684595251332313,0.625505161825956,0.3443641590837908,1.0,0.5090899750650008,0.49290762537036037,0.43155875424844264,0.20362115418304538,0.17573608886865894,-0.26026523283163433,-0.26311313765943284,-0.13152973317512312,-0.1540596528512459,-0.15905179460109042,-0.4000813901936397,-0.4571577269118104,-0.5368645363823893,0.19069410288494237,-0.1590184216162372,0.19398608696112318,0.1689484143282683,-0.3366385075008653,-0.5520264209053819,0.005684682099256257,-0.26914997147609215,-0.3574088378130971,-0.1487404242144368,0.13689472719371554,0.011874106346264908,0.18056512396577404,-0.08182906066794458,0.2946976316577997,0.13013217780385486,0.2587604750156784,0.09502114428588287,-0.02492238229751632,-0.3689006591620213,-0.08854441711785493,-0.10129266066468205,0.4526859949762751,0.016547158933435217,-0.1793555433106313,0.18064113670314474,0.031704760631381834,-0.18456652198081508,0.026468850053019258,-0.12895084031004161,-0.03713727102235762,0.17710471896946742,0.5110858166938017,0.19514789893288212,0.500748621257854,0.29299559383871054,0.06123197042665799,0.17528671516126484,-0.0636351990362791,-0.008427860328125262,-0.13540976486821554,-0.45169861367269254,-0.1305210765082753,-0.458601004449196,-0.21425781337638447,-0.011625776155728608,0.03943337736501471,0.0017942402334450594,-0.05831303769459326,-0.06259365984508566,0.05805895818920248,0.0012830297321338,-0.016500689997533843,-0.12434932331477458,0.05534725075203947,0.1900365466767774,0.08704855337068891,0.019733082743499775,-0.03116923231174151,0.05504512241269476,-0.27649870043719776,-0.11762190265830658,0.028502139244241168,0.08414645824719555,-0.19210445107986254,-0.09052720356102896,-0.35144942300380755,0.28161569497222616,0.11444986278281703,0.053354361120989256,0.00949264565745734,-0.0938366530196631,0.04808722607201345,0.0702341823613798,-0.135326507675356,0.4096359779858038,-0.11979622509681485,-0.052929641254159755,0.20880224711323736,-0.1993570836498585,-0.11592128537965037,-0.05407819843240773,0.2831991460954337,0.02319674001526914,-0.06964373827927979,0.2764720188885947,0.08101683377431636,0.3832844913664695,0.06259204242109669,-0.25858977015408585
0.2823525982833619,0.30142255530200934,-0.3613312473780429,-0.16241899394317147,-0.028579788695479787,-0.10131809183129534,-0.23078748176336406,0.31717480017869126,-0.007047538208735443,0.2302234385315595,0.5173416892733157,0.6386647821891595,0.5090899750650008,1.0,0.18312345579478947,0.5530961333331802,0.09219357829416454,0.044919835586288225,-0.47429679777591066,-0.19584556284810342,-0.24801445952638249,-0.24129968035510851,-0.5604659554829606,-0.2883401557192314,-0.44774665311506556,-0.5787411519770373,0.03852075638851926,-0.300364440503715,-0.06958184144192764,0.17187123482300024,-0.5824264438006285,-0.603666024754087,0.1051259002974546,-0.11055303139050941,-0.3599203813843895,-0.06185004039355232,0.1218809755893432,0.10770390164218838,-0.09089575831076349,0.006498861393639434,0.13223581839712797,0.08265298766846106,0.12444495567855778,0.07174494755683947,0.07096649718020263,-0.020428456755525553,-0.12743484282728756,0.04138892597814269,0.35699019297007034,0.2495141376935357,-0.30696682771581224,0.34850551374737804,0.09900129590429857,-0.0417735125616764,0.25848546896626823,0.04895451863724408,-0.036613530459153734,-0.052763952972885185,0.448389319567393,0.43267639910067485,0.4548214970854655,0.6476750887248767,0.12660416717140566,0.1933444919288718,-0.2162826163568246,0.3847693798186594,0.0034284886644895514,-0.3026584927282749,-0.10470627077048111,-0.3796315850008382,-0.09698884548559543,0.00666799990985558,0.019099593697530035,-0.15032679915584668,-0.17489018063734718,-0.1439651806523477,-0.04074596112884891,-0.12147373995412285,0.10944858531949218,-0.12757843787132778,0.11278803786866144,0.05935425844939865,-0.2184920259634131,0.07407241528047628,0.030393021034381563,0.1553474994588938,-0.27863418310101445,-0.0006718839224958079,-0.13957284168547837,0.19262670792672779,-0.0075134296003334915,-0.2594133184797514,-0.15509845701625388,-0.0814032985375549,-0.06646774619630715,-0.03868913986397547,-0.0790602606749418,-0.2895265120275639,0.15130575516776412,-0.21435715566679955,0.03386074777577403,0.34527359947981606,0.05436579405147874,0.09984053226195724,0.003238428861409282,-0.23439672780384374,-0.2268832417141545,0.13178644576529847,0.2223146841469425,-0.14482760304454254,-0.3997115148675169,-0.046074445076940515,0.2758404836869668,0.18708548553242763,-0.08787635140801808,-0.36976486460951385
0.45525127858779574,0.48381898902962944,-0.11811861249174518,0.2794326195071957,0.3561259452156748,0.509877867305464,-0.004100549050817713,0.05184361683323079,0.25951048880630273,0.3363529685871342,0.3912154135580425,0.2022955087796266,0.49290762537036037,0.18312345579478947,1.0,0.35288462343513144,0.15649716140522468,0.1178551962869523,-0.009146485557374674,-0.06805694613043295,0.1239660800647578,0.011288893545996239,0.24125225207417858,0.046285619521491336,-0.2285161588195992,-0.1538831128871216,0.5223911993624916,0.39861255642134624,0.3860968244757774,0.021055356768912785,-0.15826119409398465,-0.2515162613654582,-0.049358134792713504,-0.1473562580869574,-0.1362893369628203,-0.14918372192616927,0.16805655807338965,-0.027000643279257924,0.18014996590282745,-0.0919464682003647,0.12410904489286952,0.059736655652160436,-0.23369958674668964,-0.4210248938413119,-0.5112036408395441,-0.5412358744312321,-0.22332654980134775,-0.3266276010113665,-0.06770138717974478,-0.3870475355770449,-0.1968004860263928,-0.17754552622476635,-0.2308402921560342,-0.4614088884182535,-0.21891553826314522,-0.36399844055338565,0.23672313488085528,0.24970952634900076,0.2642646217874801,0.09408001197234671,0.5028753902076,0.22680927508662546,-0.08032407393275995,0.16623411492258275,0.2201242048746066,0.200988305604407,-0.2736163192899525,-0.3352486182072797,0.015182416151641445,-0.3485089675482821,-0.30789210143015344,-0.4032399710889827,-0.00727306311329293,0.1887372492806131,0.1711697903765951,-0.06875268549812807,0.20085510106245402,-0.11295907047876927,-0.08359830890923954,0.09326259784942416,0.18765313627855032,0.00949742646541597,0.5049299091722986,0.4606921633498258,0.29947466316729227,0.27338484404034774,-0.06546476860539102,0.20612078870966083,0.43569891101835867,0.24131996869080002,-0.10326878218479976,-0.017763066110730807,0.08405988886227905,0.2878599530394344,0.16534274221845038,-0.12419489380879258,-0.25745453014389647,-0.08101296053996217,-0.2587577790013434,-0.05740160576486409,-0.005126968555762572,0.09129158741068172,-0.20322209791085497,-0.24403530048665215,-0.0631260315983961,-0.28802587934612206,-0.16965023172769356,-0.2957406184983376,0.3432961291136165,-0.1412219190201348,-0.15796921877212441,0.04336797060666796,-0.16644690297882228,-0.11696359003522952,0.05905305830664253,-0.2117291930370499
-0.09582155017666473,0.313976309988266,-0.46567571141243197,0.21135832990835374,0.24615398330649588,0.25577816373801654,-0.17952137132046475,0.3854325187042772,0.13950487393435348,0.43236806547032763,0.24466198278431806,0.26234121764450014,0.43155875424844264,0.5530961333331802,0.35288462343513144,1.0,0.19106230097596671,0.3183244633794463,-0.2774268977485416,0.04311941980043551,-0.035550632343219125,-0.0846158365013532,-0.44164922189230876,-0.06986227085907841,-0.6603904678969374,-0.4411548172390975,0.24204230601861232,-0.22283392145395747,0.13657240109758467,0.5396671081012275,-0.5251955030973445,-0.2785983045450284,0.24769476668519677,0.1681868076285688,-0.44423140376320097,-0.26561533022320016,0.17357684659253222,-0.12846897350445413,-0.0038006954603685404,-0.10017913136652676,0.25168911865043103,0.11465693329283425,-0.04242591875646113,-0.2427786619232368,0.09980952601090286,-0.12367650963467428,-0.2389988220976469,-0.07760651033991536,0.05486469841744418,0.2043270164121291,-0.4288096306656866,-0.051231104661334605,-0.20344658179772343,-0.22169995363901393,0.0764747934742578,-0.15749200484966402,0.04608922276204596,0.11781048610202907,0.059674671652168866,0.3282645104693637,0.38892835137187753,0.5893507662674159,0.20690866964496107,0.23389782329259123,-0.07248347102554815,0.23977079936638007,-0.13555276888387793,-0.38294710886307415,-0.012235755156971423,-0.2464860443907757,-0.0281279639257867,-0.06642901097632038,-0.0014046326571021514,0.2690658176037268,0.09560334024660307,-0.0862938129884191,0.13237151842069253,0.0786612898152415,0.026364909712334732,-0.13958044921939838,0.0794866095031723,0.1517677299424655,0.028129662661260865,0.6383846262598254,-0.09517585472337975,0.10509522817481692,-0.24837863869198112,-0.018634827028062274,-0.08755893514127923,0.14828683585561814,0.05127272792822166,-0.4471051658994937,0.03232226505560773,-0.18179643726551323,0.01022518272960759,0.018555315657167497,-0.2779054199674023,-0.15100750371967633,-0.11372596401054486,-0.16195955260257153,0.13779030753027885,0.2361935729345845,-0.11039290496438993,-0.25302818826826,-0.051894581686520516,-0.20298503791449105,-0.22070637592561904,-0.22616165362958005,0.28049104117358126,-0.04218392712722386,-0.43611548351689644,0.0830900421263902,0.17493723768719335,-0.11162068962222714,0.04310667692177993,-0.27712631028833185
0.1698955306746193,0.22844827596336792,-0.2937831865441377,-0.14492668853242727,-0.011625458608143912,0.05556041234446593,-0.28502132996025886,-0.2418998848253008,-0.14933548444300002,-0.03970649413932851,0.20455410936330443,-0.019651429217172587,0.20362115418304538,0.09219357829416454,0.15649716140522468,0.19106230097596671,1.0,0.5987885485006004,0.1919471850507654,0.17624368848821406,-0.3081492729082169,-0.013862858573353348,-0.05411451823102566,-0.34585844758915213,-0.2399765456575338,-0.3193802972602598,-0.03921285752453458,0.011835779339260966,0.44355652937011725,0.21724112699775822,-0.20115231015452636,-0.14628033288949158,0.1722939024530603,0.046655042090886695,-0.36122229938786216,-0.14804653691678055,0.3256642897079491,0.03928786472948535,0.027600514387955518,-0.17560598550900744,0.20962344188589935,0.320104992009852,-0.08238585400831956,-0.1775474389192517,-0.15392398145886912,-0.3923978829558108,-0.0007497512064816544,-0.07893244882399619,-0.1664531244981697,-0.18641497749850866,-0.2124814789725651,-0.055279968847754456,0.09756873002596861,-0.0678039145257177,-0.05723487330334825,-0.0758270850122731,0.5331449409307243,0.459408968865647,-0.01703382334912817,-0.00687255829573281,0.2025708164147756,0.23683925803850012,0.4031621790068044,0.4924448470098404,-0.3284343323431209,-0.3172109687393827,-0.25990165321650777,-0.5182427459215171,0.26040270547266975,-0.14553951200463444,-0.17830784727973387,-0.02015136942633359,0.2645482812867189,0.29604600587845753,0.012076378192461233,0.2418968235410008,0.21703514136450847,0.07116014099950675,0.47170916912961264,0.12918672246054103,0.5047087706152141,0.5233334975991577,0.4427232818513571,0.08027716536390019,0.16665012651117067,0.030031778860045794,-0.1082777704327511,-0.08091297708783929,-0.03724142313837567,0.17092934593460254,-0.0623329089395144,0.015873491460162373,-0.1666539533934561,0.022066961646262217,-0.05739655225034735,0.117259595136543,-0.17205867806506983,0.18335346085334253,0.10151913973791954,0.2301504209193578,0.0777973372093522,0.17399009133842994,-0.006811746484947698,-0.03071574475392144,0.06885532621241292,-0.12119925440270904,0.09254940790873271,-0.1822559904549519,-0.05692263822750342,-0.009775276568632725,-0.08405658571949284,0.09053732246607188,0.230026910783692,0.07746909315003969,-0.10361447453547708,0.04849011020774902
