1.0,0.07651606841361684,-0.09308032025518646,-0.27496107180896856,0.23326834431375998,-0.013033738815830222,-0.10713738106963122,0.055019732026330315,-0.006038323020493401,0.41759781243718497,0.01297165777541996,0.0635030869534638,0.038794380844868664,0.07697223989131458,-0.1572971420369449,-0.17904273908088764,0.17398926062490797,0.11190537044863408,0.09273894017519006,-0.1377231100328525,0.24709119716477346,-0.04700199304681526,-0.2366060548353127,-0.25103922988420513,-0.1227707632583054,-0.2190521665184903,-0.1002375589846943,-0.2484514027614284,0.06341446103701026,0.1113695190563692,-0.2345522663181016,-0.4128115791992963,-0.013623834603553337,-0.047922643678371686,-0.32453618150108704,0.04057528070486828,-0.11848287169370342,-0.0890558670649173,-0.13111237267200124,-0.17218346396842754,0.08619185879292245,0.053589880750543134,0.02695303280480278,-0.01836442911981344,-0.01300621557395129,-0.01998980643377493,0.035826240536066235,0.022477498863628508,0.3022713659963981,0.21173994587488312,0.04172751508324438,0.16087991504680219,-0.0852100005589362,0.018900359984230095,-0.3066071113541828,-0.21598956896897534,0.4201028083711589,0.08653876352558247,0.2595059670778649,0.10350555639731294,0.048775274973681546,0.01244111784951035,-0.21355534596280484,0.09440301698146271,-0.40769226142240894,-0.031916455648329366,0.07662337255564985,-0.07420631011698306,-0.06793570315955227,-0.06899434305691474,0.0930832372848755,0.03351937055787303,-0.001963761143208114,0.05613897219101813,0.010057408449824718,0.11363776365708882,0.11280741991293575,0.07816665804191615,-0.15827337404734382,-0.22109914031733974,0.20227036042691232,0.0252857984807232,-0.14626238833296676,-0.11389749298474933,-0.15893817868165563,-0.35084279302671145,-0.10992745787064913,-0.3720039378173196,-0.17426107096452775,-0.19333825863129908,0.12842770267764755,0.03459012427508406,-0.15316493063463812,-0.22901735460286052,-0.02576957365344842,-0.167085222919523,-0.0661195654834659,-0.038746487255600266,0.07664119105019941,0.1954923213727721,0.05358714057470081,0.23085329385263348,0.20119405353037867,0.09650336130217509,0.04994537043674126,0.18236864022472876,0.19317348883698957,0.2971928570967031,-0.14903667324379397,0.05118489661818699,-0.10919383597711918,-0.13120442185592712,-0.062408990226841744,-0.2291561293054008,0.10604033082971212,0.10001680188416902
0.07651606841361684,1.0,-0.24989717344627116,-0.14062064651459397,-0.13190458780747363,-0.31480785226748537,-0.07854836412458582,-0.0976254313803785,0.023789971740286856,-0.32656776058631004,0.06935997282667027,0.15968894543985984,0.021246238988992087,0.015115199929005296,-0.02436642605579302,0.00451512561152952,0.4336978024982562,0.34347918764941465,0.14958243892358816,0.28333895013456295,-0.14805269311289831,0.06528248454946224,-0.4288869263706238,-0.1992671476251858,-0.264884779590582,-0.4296193196957466,-0.2726135141963422,-0.3393493489785041,0.35077901891289426,0.20551489903827508,-0.2230144185199665,-0.04062822928279272,0.1729227527326616,0.27576426657111947,-0.06813018394429819,-0.11338159943324103,0.20727762984554496,0.06834962703211635,-0.24274380533618028,-0.17903596576638248,0.08086337917075734,-0.10766411998186536,0.05615464557232304,-0.0922619235312752,-0.14616199172331934,-0.24871385526357312,-0.05719452847096136,-0.02047478770688972,-0.05707818141914756,-0.05238075362543672,-0.34508698843846025,-0.052034019993955516,0.050014260020936584,0.22290343354508996,-0.2527795236986878,-0.25648098620594934,0.029015282447484372,0.4342249235958007,-0.07383080209562513,0.10275503758314519,0.2226636748030342,0.19696627999751393,0.2200913679426605,0.4242197020758207,-0.1796852747156493,-0.17736554307377292,-0.0365571595218199,-0.3996348480223794,0.12341976269396991,-0.14752254077947313,-0.021813902967771474,-0.02794088718861685,0.13855075757208865,-0.03124239304051567,0.08550273791169623,0.16845332049018966,-0.037879026954745175,-0.1957613001002721,0.0018315171267592769,0.17409644518638767,0.3051172594806879,0.5089101891100312,0.0681428751254345,0.30277364146478986,0.1533196381034398,0.11270830754451178,-0.04480090992104674,0.046539927193975074,-0.2296631946649966,0.09843981359209224,-0.020923327568602358,-0.11944342026550972,-0.120189605740529,-0.35157693506344334,0.2786173385059952,-0.1870472685656207,-0.303971760282906,0.19894368425557726,0.1043233789693892,-0.07606947273193793,0.14802320522397697,0.07802238973917892,0.20860892466795197,0.060475137361685964,-0.18332217613751878,-0.077981918218085,-0.07334372778973779,0.0893897926693917,0.04084669710538723,0.2300632486300465,-0.30640802095048464,0.16441151663764783,0.20500803841716114,0.1144241922620954,0.37269647416967233,0.40278980958905936
-0.09308032025518646,-0.24989717344627116,1.0,0.31634225473864674,0.2176475006223397,0.486468557926232,0.5694847045449077,0.13990018434473375,-0.06198055482896843,0.24055187251288962,-0.14302812745863558,-0.46961365628027163,0.0812458844734378,-0.2662457114143,-0.18045906152297034,-0.3586264943318272,-0.0039024248940386056,-0.3678795421566179,0.26531037589092005,-0.13077022337313143,0.007091319133422678,0.07159769764285194,0.4880337569238287,0.16695954880978278,0.6514026545101606,0.5850177289932499,0.3606758593412396,0.3858573956563952,-0.4675875702975154,-0.30979316428261744,0.29862380180766623,0.12516585303159591,0.09315599956845164,0.15461289504610679,0.17771564153178632,0.1887017966059967,0.0068697695984628925,-0.24012864727321018,-0.12395664634317753,-0.12297065303829705,-0.1332053135179976,-0.19017511255334904,-0.1390951396603811,-0.018989015275889806,0.10407537958912114,0.06615630106227806,-0.09871187758493719,-0.07743573392784148,0.09084752156366792,-0.14592715059853478,0.3653854994938297,0.031533307041089635,-0.223742940093222,-0.24220611671988632,0.14957660351852514,0.3384292319871036,0.0703390519081649,0.06310557114988968,0.06356928712884392,-0.07078976960144706,-0.09253263846632653,-0.30808957613510335,-0.16798015624798185,-0.4043671798046793,0.11691756145723065,0.022837851613966374,0.36810785065396384,0.3532645923979088,-0.14804974331756882,0.08476042935110574,0.14550116130346846,0.1861958281048472,-0.14630783787751642,0.16914566315112856,0.10919739546997434,0.03198552655936608,-0.15770906345702662,-0.17056061209848206,0.029136109941648374,-0.04004177048473743,-0.33546877220730364,-0.2678165797503909,-0.30687654338213494,-0.4593751105703663,-0.25274694939854764,-0.2571436756200964,0.05510081353883502,-0.060586584751311616,0.2651079266934265,-0.02222385570938342,-0.21035641503589395,-0.10516839821393756,0.039871818551811614,0.307711679915709,-0.1221637635149173,-0.054543565874977086,0.20074174752498425,0.005275003889046638,-0.15471051584508555,-0.23053528222920935,-0.37102328626739567,-0.11307483199846344,-0.17525467845523468,-0.1467474571842564,-0.0759521053772189,-0.07580237543945584,-0.051720025953367846,-0.12078457091228594,0.07139329426829344,-0.19604698151294525,0.2031893590927084,0.006068913064378314,-0.28060014616609963,-0.17602497993646543,-0.08784407237673408,-0.3194402357491999
-0.27496107180896856,-0.14062064651459397,0.31634225473864674,1.0,0.10569316551045713,0.43156472573479315,0.3923356429754775,0.5053295734618702,-0.026746494922696516,0.06894904898453427,-0.2764263208524034,4.412742727814936e-06,-0.24430381309803187,-0.07153221911847452,-0.05539353168032371,0.2658339095594631,-0.17868952855157152,-0.18436756037234334,0.17429034899566745,0.03664790937570752,0.20455414662495705,0.1563753414873706,0.3134851360415317,0.4859249347835973,0.1839720866197364,0.25377512589248385,0.24225880784021203,0.19118145830152997,-0.24389423281535827,-0.11343570567805189,0.09329172309312843,0.23485593417805598,-0.19086790138060733,0.16244675746084355,0.25259085402163556,0.17130467424728013,-0.18116887509176982,-0.17940085476513273,-0.11231778843208498,0.22530099180772542,-0.17526540387334283,0.10845196723410393,-0.4774865979012752,-0.4859012569440388,-0.3551855250073596,-0.2798450579690103,-0.37036309861485356,-0.37551088343334577,-0.4511202960895209,-0.5044344778876161,0.059585652309320024,-0.30356180262472315,-0.06657540998054252,-0.257266882119051,0.1123173450101278,0.01023194869102007,-0.047441127682350405,-0.10348036990101787,-0.3052071774634368,-0.06461975934226469,-0.1519983081660247,0.13939822160597887,-0.047905334187129736,-0.1504725673300809,0.32981882822010494,0.20898573248104996,-0.10265375130976766,0.2298359282985553,-0.05490463451441699,0.12517341834226528,0.10697439479095874,0.03661939273550194,-0.11014805552474963,0.019376329989581026,-0.013601700714308858,-0.1290264159377596,-0.24773301166911255,0.16073662005014444,0.0775120719234074,0.05351074938275248,0.05224274750827663,-0.036565377566841244,0.17243119754390848,0.06285354023791884,0.0667154039512896,0.34724856769236073,-0.07351508133777186,0.3103446437812659,0.3529518111816591,0.4294500841538873,-0.15591292035788717,-0.0850994738264836,0.4227870150157752,0.18290712557931618,-0.26795982937366897,-0.0772405729285416,-0.15900104950964086,-0.3652146958804956,-0.3700324654836165,-0.29558917405876634,-0.14264901747756617,-0.03929882935913092,-0.03195024517761611,0.046161304962451584,0.05339785755169825,-0.0008749282312495914,-0.023306010511032666,-0.04744974923452127,0.003718975022077319,-0.1874502182590693,0.02557995112421716,-0.34901253203881416,-0.3041817554284817,-0.10625685306721405,-0.0015785516986457717,0.05827986733070271
0.23326834431375998,-0.13190458780747363,0.2176475006223397,0.10569316551045713,1.0,0.17704120040395607,0.15700084329022246,-0.15236091744822666,0.24600681557011206,0.34742436720295455,-0.18384169758201924,-0.28976905304866013,-0.057476667079430166,-0.08068308366087175,0.23985656212532697,0.060461725533051354,-0.010807450203613525,-0.14955454335631893,0.25619804240609545,0.1995599183118531,0.4067925141475317,0.25016554244982797,0.30417444727308623,0.2511218187593404,0.3244334711662229,0.015052078547344286,0.3975253357170213,0.165667391754954,-0.008447369475098889,0.041321920649250304,0.09160598162059601,0.10455070031824695,0.00464135150497087,-0.10129645635776093,0.08451687372885952,0.007358123422208509,-0.04275912287958957,0.03780290147421627,-0.07954322976844648,0.016082547015302855,-0.14453673763597763,0.3042960656460203,0.115762961935979,0.08180864422930066,0.0888703571419454,-0.034475958562487224,0.20675707247848266,-0.040055848306329224,0.04249587888573166,-0.10948333375999365,0.11648838072802657,0.18661684509431184,0.052158012089319784,0.12812054815278737,-0.42697698043346505,-0.037288727161155076,0.08616859476233434,0.14707123421597987,0.10404426650895443,-0.315554168609558,-0.2007834405173121,-0.27013552355916015,-0.3948416955774701,-0.35278264017339045,0.19048447429077886,-0.24118622902329015,-0.036303076617269586,-0.032777345139568856,0.041612987148802995,-0.10689453273166595,0.28548484226626114,0.3672694793450516,-0.077347608516407,0.2592055529037154,0.07452380253180704,0.3567686898848702,-0.12506856365118005,0.14606672489093328,-0.09765642414096781,-0.2584282046330202,-0.15417880178934779,-0.19611596349962113,-0.055488152462846316,-0.0040703947875740535,-0.2160531262971463,-0.2616046446391772,0.029310515950637956,-0.07102247176953506,0.21824839116254302,-0.30234353296686,-0.08892866761013735,0.11276424092112691,0.08711005316280808,0.07230312949554224,0.10036976679706439,-0.020205916602864797,-0.046757548313991495,-0.20789389955533913,0.038317713180571415,0.17697406953617192,-0.021295159729023388,0.26467544686567357,-0.0418197023940433,-0.07798038023951046,-0.21515868996574894,-0.19523167315499365,0.04352501364438826,0.2227062175680421,0.08748391531959215,-0.11099602451295391,-0.2021066658526616,0.0855467895807424,0.12526846472223857,0.021254860411111347,0.017849610373756427,0.1442621475027568
-0.013033738815830222,-0.31480785226748537,0.486468557926232,0.43156472573479315,0.17704120040395607,1.0,0.23967366113508787,0.3012522021106092,-0.1875846878743029,0.27083393211626966,-0.2599954331165155,-0.15350414636487225,-0.2458034854504459,-0.2547871626081762,-0.2745339630682806,-0.2322344857431089,-0.23358544453326704,-0.3959154579183688,0.12132535668155996,-0.1979324213574084,0.1523825702567784,0.19814857497994304,0.3854675038002954,0.25389872547904335,0.4118900723742407,0.4569801616535873,0.6174512243397027,0.5723795424907518,-0.46419888697711925,-0.4887933631149306,0.004974051448550961,-0.008690602345221465,-0.1554882092693986,-0.0463022612358266,0.29136250725723395,0.3095722158180085,-0.3630858225249946,-0.10644062836970584,-0.2580102449161595,0.1354774425698291,-0.14253841058988237,-0.13871405212164079,-0.3118996786973915,-0.29664051663381885,-0.035370851116349286,0.04149563823245679,-0.16970470462263867,-0.18163688595867938,-0.2621371018534404,-0.41900042722284514,0.31212872390198576,-0.26685904660921145,-0.005497520311057109,-0.1214279676961146,0.060687338794458104,-0.032696891246551375,0.21454233267481643,-0.02136754924379183,-0.03031246248025672,-0.23880660126837797,-0.1489826858079559,-0.04934450037422469,-0.3374088924790662,-0.3329367701742475,0.2850584932918326,0.2204359007182109,0.19557607089981732,0.5757519251794088,0.07923820337106893,0.37687662335730265,0.023203558034537802,0.21017502826242282,-0.43345394281006405,0.04683782423027832,-0.01773632810188757,-0.08036905490154342,-0.3081030139683537,-0.06937032257395255,0.01586973754983323,-0.0930634044885946,-0.12255904687869465,-0.3070782002285914,-0.13459233339918755,-0.33224962909192135,-0.0727754605509991,-0.062318550080656586,-0.2912773174173034,-0.12702959062054714,0.376961693841079,0.13896842865880646,-0.04458078487797414,-0.003824329775883804,0.3333222355732329,0.2671135759085723,-0.15826343989114414,-0.28099309005165946,0.1143236694228742,-0.1492604101337421,-0.2921507669211835,-0.13534629291994277,-0.24049433110765825,-0.09883306663576535,0.20412204328870015,0.11642491117868875,0.044041321839185105,0.022232595979285532,0.017237451148228573,0.03059527453163624,-0.04266224849655728,-0.2860695750814858,0.09481251722476287,-0.22928129521517843,-0.2958092522754738,-0.2861281888281706,-0.005107350368359632,0.0023207836323162947
-0.10713738106963122,-0.07854836412458582,0.5694847045449077,0.3923356429754775,0.15700084329022246,0.23967366113508787,1.0,0.03004599300275056,0.3665788960199651,-0.044285426749243656,0.033872907529052504,-0.20536620379852835,0.09383460826061328,-0.223537526901955,0.3396549582927841,-0.059200586796430726,-0.09597923829778285,-0.30529248900195477,0.29563786336152414,-0.04741442368088217,-0.059097893957543564,0.03222979518824448,0.6329016513215491,0.512157627318856,0.3876407210287935,0.11076762707935357,0.18052303461830882,0.1428645973674294,-0.2572248495675873,-0.33279232277435655,0.2762988384099025,0.2291748110994467,-0.1774529996014051,0.07435646583141771,0.05090208674743597,-0.2071418182205361,0.04005644502781757,-0.0891138966382406,0.03110413096120744,0.03916488330516322,-0.28887184381544484,-0.07072794913267487,-0.17226807118190196,-0.12634733514669452,-0.2775835691540837,-0.32029063551956466,-0.06301690707710987,-0.1438141424083253,-0.21664980300239908,-0.2787296900232469,0.28747477925666937,0.12685115082888662,-0.0782201848644669,0.13673504873197762,-0.0695157593275497,0.2502937818785221,-0.2404459751579349,-0.02137353723131982,-0.10661812605300171,-0.3283815485541057,0.027498072957355214,-0.18917267788800565,-0.10715922216795397,-0.399661500620552,0.3717772838139304,-0.10349291700057427,-0.10964164029936456,-0.09279805071559785,0.05403766540547185,-0.02554100455003893,0.13093863331701008,0.13397931155093493,-0.05399188374894556,0.03560954915095251,0.18424801183564116,0.08025095526530855,-0.07015159814434764,-0.1798362872131164,-0.003434968887269343,-0.00022785449490856632,-0.3480683896190931,-0.15057213358298208,0.07982905462236627,-0.1549508965744092,0.22863313658455128,0.06320672467799998,0.32510555643029226,0.2771457910250809,0.4990530866299959,0.156650792575314,-0.1881144490831589,-0.002909971859458495,-0.00889697207162083,0.30978484021134023,-0.0974138163415647,-0.1472219431830585,0.10216729334612738,-0.15872243318419535,-0.052278960038456834,-0.38762752526627203,-0.4349647461173231,-0.1591191746458467,-0.3051713506993782,-0.21543559824327027,-0.27896719810218584,-0.19886134482144174,0.017511208740536244,-0.25276879465665214,-0.17325438069453236,0.10070349069838318,0.025231601758745215,-0.06112037757489858,-0.23333893704629663,-0.04847975572009133,-0.2569521440357371,-0.23281700264690613
0.055019732026330315,-0.0976254313803785,0.13990018434473375,0.5053295734618702,-0.15236091744822666,0.3012522021106092,0.03004599300275056,1.0,-0.16182257503959058,0.31288994049009516,-0.03139735877505114,0.5129231778536562,-0.019391408555602372,0.33921386437841194,-0.3723840058635926,0.19980616543209687,-0.07762407578908852,0.12901347501764068,-0.01745761018167648,-0.26500940446778837,0.17463637947032606,-0.06647761946619307,-0.21508651438006066,0.059825854373251275,0.006864327848169512,0.13534201790205871,0.05651639418892297,-0.12193005672630704,-0.14440248546914566,0.054374201459903376,-0.26940492005497074,-0.26795029160685774,-0.13834246973650904,0.1668216448256152,-0.12439487266229272,0.19312346423622417,-0.4851977813790704,-0.30899846788308594,-0.15031583258951484,0.2112144334237157,-0.09017595986279091,-0.08353235415632052,-0.4981173743271527,-0.4173378499272528,-0.2999008573307163,-0.17155084921485303,-0.3665389121466919,-0.34472771550627496,-0.21933605396482964,-0.3314002698515104,-0.09071812834912688,-0.4839277965402688,-0.07906749018439406,-0.2733845119166697,0.09098755340455474,-0.07292164593040092,0.12190868285422343,-0.24555282479475757,-0.03726807894472678,0.23493437919181998,0.2402951533264724,0.659000296003926,-0.045142764504894954,0.21164658000970446,-0.0853092142381694,0.7387604307393569,0.13167458108684432,0.26297488209569536,-0.3079117672597558,0.04605388689132165,-0.0050430659448697955,-0.0619686783383807,-0.12136114566564113,-0.09300558115527133,-0.07623874010994883,-0.2520812652721579,-0.10421968820571775,0.28256925968758145,-0.13229552823245191,0.020068453687896302,0.12419952650103047,-0.10494300847462235,-0.14600741766102932,-0.13772040487245182,-0.17361165616721758,-0.001377949311686698,-0.2682852449780534,-0.16601996934547253,-0.0704016052867908,0.3745624576143877,-0.020230698355729153,-0.3344990726696076,0.47058097247484715,-0.33757673063275956,-0.17928328369041888,-0.17454158509811735,-0.24557848851492292,-0.3278592252732498,-0.5689897921244174,-0.422150502700123,0.015078944464154427,-0.09578791313965428,0.17641923492445935,-0.0643203420920866,0.013055757513164956,0.2257582825327979,0.07724061139843749,0.1894978808138639,-0.3403926091797311,-0.06537415116780317,-0.1545623737407025,-0.43742063402691744,-0.45310282069354285,-0.25866091314029194,-0.06771866092177213,0.16130187490706674
-0.006038323020493401,0.023789971740286856,-0.06198055482896843,-0.026746494922696516,0.24600681557011206,-0.1875846878743029,0.3665788960199651,-0.16182257503959058,1.0,0.16671660626591903,0.502761427043015,0.17061836331622834,0.3987589675432792,0.11964076026131906,0.7691145909809677,0.277177526837991,-0.0804609175533189,0.08105698110461422,0.08704762244988964,-0.0031890280367125796,-0.11397467954024419,0.04797472235135433,0.30714446614653995,0.4156488767472258,-0.2460682256196248,-0.34977889752422353,-0.19118147763169804,-0.16632711925797747,0.13811875148434133,-0.1404940868158351,-0.0890054271133795,-0.15069649550747877,-0.15546349563456704,-0.07587874874098188,0.041410860857686485,-0.19484092700580877,0.0028446963109636262,-0.10447700492766421,0.039696393692880444,-0.022421016361058105,-0.3201100777427441,0.04816343317393005,-0.0525863989068504,-0.05169097540125087,-0.19518058851758693,-0.2636210518172329,-0.06479928093144686,-0.1503840991496173,-0.055137464466754015,-0.22234335901449373,-0.09202457505193137,0.00866638793642752,-0.1075058779772856,0.07917057831754822,-0.27359562400580045,0.022689001895757392,-0.445509448229513,-0.17719127683857572,0.13516310680224977,-0.28243177338638487,0.3595559163089059,0.11929239044092652,-0.039078411357569995,-0.15150375718194448,0.35057888145806554,-0.06119153217662914,-0.15997235765934162,-0.26962513837829255,0.2311818455699957,-0.06360056605302833,0.0004279703465080729,0.0771789965205577,0.09290313575169706,0.08743607080985563,0.21231731538812132,0.1487976642236581,0.1455774798005282,-0.07635274964202415,-0.14756386271081467,-0.17936475857172285,-0.2799200948891502,-0.17087666881303384,0.06499447745556022,0.09984407170384527,0.41617203293747423,0.05798516861988161,0.3144810023332027,0.11315443132837819,0.2830710188710864,0.12566927584818693,0.12003031488621865,0.13211798756398427,0.11668315683499547,0.2912340971531972,0.11014173927573379,-0.06379577797208374,-0.09680379056404531,-0.07631680432176875,-0.02018471384277995,-0.20031087363126726,0.05385094924259008,0.06292063315436756,-0.003869712943209146,-0.1811515886363769,-0.23397327909294227,-0.1236619900576506,-0.28772397615116335,0.04383722293171861,-0.11704498644318975,0.031749267846917166,-0.1793130626120069,0.12412140912606805,0.15713428371232854,0.14000058231033427,-0.1892735769307556,0.11563590673595732
0.41759781243718497,-0.32656776058631004,0.24055187251288962,0.06894904898453427,0.34742436720295455,0.27083393211626966,-0.044285426749243656,0.31288994049009516,0.16671660626591903,1.0,0.13777140292247206,-0.02370817055514564,0.16014113082417858,0.25640658595085364,-0.1068741916589778,0.059621288502766066,0.011003205865133734,-0.027268231573871392,-0.06598395789907859,-0.2818701790282705,0.21289831044889795,0.08037684818259164,-0.029893741009277584,-0.06420311153628881,0.10246863845189842,0.08752180936063561,0.04642966202100384,-0.04445609981131279,0.010692395478252728,0.13892619395907793,-0.09087134419533749,-0.2947738523409897,0.022648491505305735,-0.027116182680484713,-0.11105196772251093,0.13128149846177517,-0.22303410770818757,-0.3321223172449787,-0.198135694598069,-0.007797550932116409,-0.0341479860716897,-0.01641186245802968,-0.08164087458785683,-0.03660150110424578,0.10197735725515063,0.10933600630275617,-0.08443199527911084,-0.14596054318565557,0.2922382072292191,0.0371144208575962,0.13109062965922239,-0.02752604350146021,-0.3110917516538152,-0.36875357649392226,-0.2182262377665833,-0.1586151092780594,0.18740957364085328,-0.12287580240441787,0.21107873863517151,0.054086698542795665,0.14016679184329137,0.11708544021402623,-0.2353624298594409,0.005453141756664845,-0.1538547806111804,0.23594125105225092,0.22566348202450934,0.14000260752606117,-0.19905128201299602,-0.03093599193855061,0.18702418959428685,0.06819464759277424,0.05660921506509469,0.29187445805772805,0.10941000213070726,0.08082068398517334,0.12587012381513607,0.24369371387880326,-0.1234169402881686,-0.10437479268874147,0.00011315416883736925,-0.2313751233092162,-0.291472850257134,-0.16734717188812703,-0.3240518550653371,-0.38587470680393815,-0.2042562494161761,-0.4815045675899955,-0.08196145787204381,-0.20717937022294589,0.08603932315976463,-0.0638104328152279,0.10086693400215256,-0.11474279682314047,-0.13833644624167105,0.00880132807960042,-0.03090604278594891,-0.12130544612484156,-0.16493259416065,-0.03015922858039967,-0.02807692657176256,0.12285320738847738,0.17958920705569612,-0.038448446477282225,0.07111242485557784,0.05120618249552825,-0.12597602049977474,0.27770494886491265,-0.07221292387145092,-0.09092779700990807,-0.08951178743335056,-0.11391604689831304,-0.1734511987536322,-0.17923903983627382,-0.09187983062581949,-0.048691681667255876
0.01297165777541996,0.06935997282667027,-0.14302812745863558,-0.2764263208524034,-0.18384169758201924,-0.2599954331165155,0.033872907529052504,-0.03139735877505114,0.502761427043015,0.13777140292247206,1.0,0.35565501769006136,0.8444232285467922,0.53322516275679,0.4704506391210808,0.13239562040845512,0.15121981314592675,0.2778639977397472,-0.3640721179328055,-0.22730367603695467,-0.2612006897253963,-0.1475910026905685,-0.19765698739026158,-0.15885741138948514,-0.49897970640981343,-0.36829813663479755,-0.4402218963725268,-0.3618567807825186,0.36309535495674466,0.02980585037174863,-0.29462134336760004,-0.36737070780487396,-0.1250988122724245,0.09210299805148262,-0.33216412394797185,-0.2769367368709086,0.030608385986740247,-0.11505966225606293,-0.035995945934828535,-0.18396408460476885,0.08305452354279358,-0.11008082028472603,-0.14039565595154035,-0.14585949811266372,-0.3394717129589868,-0.34794189313238216,-0.24925337808135872,-0.16597313388052037,0.15842530669808827,-0.0412143188715292,-0.1662079695362748,-0.11816336060472403,-0.029657422880403198,-0.07756613073243421,0.00029660943984325343,0.1167642194300977,-0.420708703086536,-0.31313271500208273,0.3110906991156271,0.1960048003493525,0.7936629270493857,0.24908470700536003,0.5229329589713267,0.2536391097504849,-0.19613223221854395,0.08583461478430074,0.16790598033756035,-0.29673757141929813,0.09321897050107246,-0.007722048297104572,-0.34757513073591484,-0.12235629453143208,0.29332311855943194,-0.09268863926344588,-0.1154070752654232,-0.2722602383899484,0.1400692658361169,-0.06661291088605173,-0.08624395497006089,-0.07936996707473835,-0.007668143551196724,-0.021309268479285208,0.04826583315152737,0.13367019132987626,0.15124148242181665,0.03482072725471196,0.026894984349652422,-0.22719680989827354,-0.09045949816019035,0.10169784563768752,0.18344689119147373,0.035983597527444566,-0.024909980437376595,0.007091920140596112,0.14787710950805827,0.14272229388264618,-0.015799398645740436,0.10035901315021574,-0.15713217634913124,-0.1553503263620676,0.12261352273163995,0.20966705543582267,0.15689529237635166,0.02156580951145907,-0.12840990435540667,0.02547954380781797,-0.24620118304537045,0.12053463264776244,-0.0797879994672867,-0.0009184215640279149,-0.15987050568462968,0.09566433360312926,0.1265167152816447,-0.07570801611056208,-0.17050012897995329,-0.08300170438208276
0.0635030869534638,0.15968894543985984,-0.46961365628027163,4.412742727814936e-06,-0.28976905304866013,-0.15350414636487225,-0.20536620379852835,0.5129231778536562,0.17061836331622834,-0.02370817055514564,0.35565501769006136,1.0,0.18127694281589704,0.562451289067253,0.11025740041033977,0.42418634195509414,-0.13098418826167182,0.41663731019343847,-0.11308709670015456,-0.12235552757682439,-0.013955131207963834,-0.20334191327597928,-0.3900884065442289,0.09010608899055554,-0.5338781244134275,-0.45702650498777586,-0.22433469798864464,-0.37807727884296954,0.2270916037690996,0.05661750801117248,-0.44564919040762796,-0.2878282957658691,-0.2903013700973629,-0.03685810290797775,-0.18850368095074688,0.051652259615763495,-0.3982236460654538,-0.26260155245916145,-0.01363458822604335,0.13842688507263431,-0.12155712356261883,-0.07327593892001352,-0.32151814317789373,-0.3553165729350397,-0.2943249636538325,-0.15575958116861482,-0.30535242305757543,-0.30708503348158284,-0.2944758591244382,-0.22180597556691867,-0.35839604631449745,-0.353885521939226,0.08680437290651638,0.001105523110595675,-0.07787260866712507,-0.2145771180004868,-0.16295103551495158,-0.3973460184306171,0.022586419620964377,0.10840560446916828,0.4755032309800746,0.7354252147165934,0.10691847435553128,0.36598199266333664,-0.029842463735682747,0.57827789134461,-0.0676718305157518,-0.09654153258849087,-0.000269144218370461,-0.02336635430566816,-0.19893270440795388,-0.1783702116581698,0.012310893635538538,-0.21176766885289444,-0.26906597205186666,-0.27651555961971686,0.002592623281452352,0.23931599006592963,-0.15649029841670598,0.01114083261370063,0.07196978972811946,-0.0844472709207421,0.054135359057192196,0.189610514280267,0.15563910242689957,0.2586827166971507,-0.14586548786884332,-0.11782700196575555,-0.06686158446326199,0.36875400990053975,0.15423664628736725,-0.10985570978011666,0.4141910714973379,-0.3409897734283296,0.01914182920045802,-0.08020681237905336,-0.30921220962171686,-0.32009753775787697,-0.40227430909334744,-0.2194653114609092,0.3437535853653943,-0.09784372816451478,0.2022747986275536,-0.032717303196641546,-0.11531597113103231,0.23562687946534477,0.052643763252489914,0.16961111860201308,-0.3439743714960013,0.05285387389933862,-0.23226017363868018,-0.24292038612816702,-0.08073952240323831,-0.04294428949402651,-0.11531712796735406,0.2596187606079886
0.038794380844868664,0.021246238988992087,0.0812458844734378,-0.24430381309803187,-0.057476667079430166,-0.2458034854504459,0.09383460826061328,-0.019391408555602372,0.3987589675432792,0.16014113082417858,0.8444232285467922,0.18127694281589704,1.0,0.5665037656377139,0.36946959334781976,-0.015937332085495755,0.211417851242963,0.2518558257947418,-0.2880500616323076,-0.20553502425545225,-0.1837456861499438,-0.10310368933663797,-0.1780540571696172,-0.23404700956120109,-0.260012561575029,-0.18099033757871763,-0.3978776160459883,-0.3075916767958195,0.26282337035630693,0.1640950284415047,-0.14425323215942074,-0.22121383613125215,-0.05401220074234711,0.1938852185347311,-0.39400145418535576,-0.2093412876644984,0.17523068294807229,-0.007612036354689586,-0.0206534801215076,-0.37930986062457955,0.1907529173542059,-0.07359449510342377,-0.05966854071855738,-0.018448470419934714,-0.20298941269580928,-0.2828959971490784,-0.1708695786908115,-0.029635889809496586,0.2206356224609463,0.04211832672819384,-0.21638442590555967,-0.012655068836070493,-0.07607828688788948,-0.10585313834798134,-0.08187956645427065,0.15479286355782446,-0.2916675960726409,-0.28866902833724617,0.3141158297088334,0.17079417476270228,0.743208185969824,0.07036432875851237,0.5222912958293874,0.21037969030037423,-0.33404108458522985,-0.005292171782306102,0.20754577793668383,-0.25671823770808005,-0.03227529732247462,0.01064201887972915,-0.21494241017888305,0.10648488885895256,0.35753406307737173,-0.12669097963560214,-0.0490727383072128,-0.19466287340166374,0.11136829897280531,-0.1154418230888796,-0.06063295123077641,0.009050283274134435,-0.07125484067092326,-0.05082704726658151,-0.1396268313872904,-0.037408365869849886,-0.07809478673294826,-0.15784224623070683,0.07877114110833489,-0.21249569401881294,-0.1280173888349974,-0.026208887185675427,0.07971718552048883,0.09319951312477473,-0.09988242819938345,0.0489459928674035,0.18775250460877058,0.0696374109992455,-0.07210938063363884,0.15439289315221014,-0.1884969400764635,-0.08720923985179131,0.005869256323751935,0.23577634407720022,0.00508440091663508,0.008047451803913171,-0.1633287031115227,-0.11815428905488838,-0.2619859419445425,0.04279506483256481,-0.05063252839333198,0.0005647417049256748,-0.12603901778867044,0.23161569555883377,0.11548158491682059,0.013791831599601373,-0.12503956169316982,-0.16915106775675645
0.07697223989131458,0.015115199929005296,-0.2662457114143,-0.07153221911847452,-0.08068308366087175,-0.2547871626081762,-0.223537526901955,0.33921386437841194,0.11964076026131906,0.25640658595085364,0.53322516275679,0.562451289067253,0.5665037656377139,1.0,0.03352582999010629,0.40577471531668685,0.028968017986700897,0.4466890166183527,-0.39301079679020645,-0.060472078173518504,-0.10230436977748464,-0.1449770377057965,-0.4581349781181566,-0.13117751747874348,-0.3587828516270648,-0.308900346838055,-0.35248272953608517,-0.5487199637208106,0.32794945817379506,0.4488420110933259,-0.21903094730835376,-0.09475513278268068,0.025118485276394487,0.1486632328513531,-0.4632677543085309,-0.22747172556009143,-0.04170580287755318,-0.15724038892434938,-0.23870000652948686,-0.27003961487926403,0.17905359204398427,0.07346259375214084,0.031031928388708194,-0.016894089976774444,-0.0973547981423368,-0.18416234076592344,-0.07634951362679104,-0.036697514373856335,0.10587545663245185,0.10428799655374067,-0.3657706707194709,-0.049106131707440485,0.0585179136730797,-0.015170503074899627,-0.21860064831627554,-0.07170389217041466,-0.1432070190283612,-0.40683608007570726,0.06962082551243645,0.19577821387143285,0.5372775205886358,0.41135040459428496,0.35163563629301137,0.4224690571768655,-0.4135394896784097,0.2645908773821455,-0.04318304324577622,-0.3283084769749823,-0.1425874434254759,-0.06174228420436674,-0.21429320422616702,0.08145634643938185,0.2276834342183017,-0.025564381594143145,-0.28085110731827573,-0.17429704774579938,0.05395912172697957,0.022003889756781737,0.12758711309150444,0.1476577468214633,0.1572131980688446,0.04708214831242514,-0.0922231160990944,0.24807960447702615,-0.22655155794285037,-0.11813318475152298,-0.2053348543271527,-0.3279926669194808,-0.4076232942138469,-0.010817673369473665,0.3034390882887006,0.005928216623025968,0.1222620574560223,-0.36527484137508465,0.1001846842520514,0.030752571578952434,-0.37115278078575065,-0.1907462361534685,-0.17849920765209232,0.08096072342615489,0.38034141045514297,0.08787161411818437,0.0895640046710765,0.06936981998108817,-0.1846648527054039,-0.034260957647335236,-0.1063061931468385,0.16779954468811648,-0.10148989931378533,-0.045436658964333035,-0.27460059665365366,0.0977209711813068,0.0554979632135742,0.02980800609128526,-0.07786085386378684,0.07067474817020589
-0.1572971420369449,-0.02436642605579302,-0.18045906152297034,-0.05539353168032371,0.23985656212532697,-0.2745339630682806,0.3396549582927841,-0.3723840058635926,0.7691145909809677,-0.1068741916589778,0.4704506391210808,0.11025740041033977,0.36946959334781976,0.03352582999010629,1.0,0.3676389276457371,-0.12360576299770895,0.03335891551701957,0.14698789332386902,0.18371512363547018,-0.15834713793692207,0.0075883535283469035,0.3199387660253776,0.44157962471088735,-0.3121348104311777,-0.47489433548898796,-0.22118231008238967,-0.11422945874176602,0.3059795857386031,-0.1225524513331307,-0.014420305467060265,0.058267350878642606,-0.23211809762942437,-0.15733878644383895,0.12269836403649631,-0.23281154316527078,0.10834707384832169,0.08396671444655096,0.20311459619850605,0.006732667915659967,-0.21345134570792926,0.11727969197691686,-0.025073184965256363,-0.05175704204881863,-0.24925458419425156,-0.25528637654472797,-0.049799399898193625,-0.0750899650708029,-0.23727931172889657,-0.19007566669396322,-0.15741750860756742,0.11171653524961857,-0.05386156900764078,0.15082092316462434,-0.1958881682420763,0.040344503983359876,-0.5381189334597851,-0.11556457145102826,0.02771187116539918,-0.3226451919010002,0.21892753856893113,-0.05442542993282177,0.034960644969916334,-0.25577321581351514,0.39027391872222966,-0.2771203406420085,-0.2893491255528286,-0.3369912130270978,0.21962742393488932,-0.09408822422483101,0.0406089759775738,0.12454757160359226,0.22818257268217707,0.03681856701582519,0.12797235830986586,0.06355234022229239,0.1369936707822703,-0.010710333030725607,-0.07040182330846391,-0.24379738577936508,-0.22125422387775862,-0.08805331367594761,0.3611819027448641,0.29327814779024086,0.4735917817906519,0.24547162676442713,0.548236873469635,0.3232193662563882,0.3662233637369852,0.06787231775437189,-0.0029255176456960026,0.23376165264867937,0.05858333243754975,0.36644211994168535,0.12675178377932797,0.11224182148692506,-0.057205440038136726,-0.03619122001315105,0.0433655363559344,-0.046370086130872595,0.000330082882285263,0.12381590257351155,-0.14276165572792304,-0.09976684158476955,-0.25001713209519927,-0.27038854767910075,-0.18734090458503377,-0.07774885808951115,0.017854812424486857,0.12180488047327408,-0.11719982009307602,0.18536856624258174,0.2848838290473924,0.26069405365707027,-0.20488774772655852,-0.052107372955209806
-0.17904273908088764,0.00451512561152952,-0.3586264943318272,0.2658339095594631,0.060461725533051354,-0.2322344857431089,-0.059200586796430726,0.19980616543209687,0.277177526837991,0.059621288502766066,0.13239562040845512,0.42418634195509414,-0.015937332085495755,0.40577471531668685,0.3676389276457371,1.0,-0.02951787000770311,0.23356106801599322,0.06036587126451212,0.3461437586762218,-0.07460504619950355,-0.07984276846978591,-0.0960570620792533,0.4209378415841179,-0.25331103846697983,-0.2833958368184157,-0.15047993875516874,-0.3437558409758766,0.3779238504547211,0.4072014837694248,0.050251058114548844,0.243023728237221,-0.20632054359218505,-0.07541690388647797,0.03785324715693283,-0.19947084544867258,-0.05771305056462686,-0.1442803297580008,-0.0793182750616339,0.23292177384608462,-0.05716631702837781,0.16086854025500932,-0.12856778860293103,-0.22440901897696494,-0.1706394411747223,-0.2587393714283036,-0.11991318069582287,-0.21010716443256858,-0.38350912522158354,-0.21061883152963792,-0.39627279428165224,-0.18119820200919867,-0.15208680215873158,0.004153728186349768,-0.09300943588787416,-0.24439720425818998,-0.34852422779824976,-0.1563072101555912,-0.41757472815840446,-0.1724472603557442,0.10076133092935392,0.33347277705680817,0.014215035903902645,0.10309652173804962,0.12029070609454999,0.07294558152942544,-0.42012568945341877,-0.3602128224758847,0.122265492555509,-0.04090989061337814,0.10591284877584714,-0.03849848281345282,0.3131864226978917,0.24002267705197128,-0.04535284195268035,0.07340412746266095,0.14254408901329865,0.28267231953745287,0.14665298566528245,0.06626215386977405,0.15289005660731722,0.12445180146530659,0.2762543379344332,0.6016456177116221,0.0992809404320682,0.24550797787700193,0.04891163532729747,0.13418489149872068,0.09457392558592896,0.05734045577781113,0.053092834536201096,0.006707646968393841,0.2952432425051835,-0.18204800554075376,-0.11280344237575318,0.2569203678744579,-0.31612263353327497,-0.39943909873720496,-0.23201900550442778,-0.10859016166885477,0.28813000202552713,-0.034049884067051464,0.051346845560112174,-0.10521448225253571,-0.07889104847173117,-0.059285707202506116,0.010948311211101002,0.04641379430526547,-0.022100761532156062,0.03151565373572775,-0.1374306961841997,-0.025561232028898595,0.00976430001082504,0.08419287664782893,-0.1250387614321724,0.13538237785392823
0.17398926062490797,0.4336978024982562,-0.0039024248940386056,-0.17868952855157152,-0.010807450203613525,-0.23358544453326704,-0.09597923829778285,-0.07762407578908852,-0.0804609175533189,0.011003205865133734,0.15121981314592675,-0.13098418826167182,0.211417851242963,0.028968017986700897,-0.12360576299770895,-0.02951787000770311,1.0,0.23077986206685852,-0.049570479896322316,-0.10523396937997022,-0.08010438822034599,0.052716536508948475,-0.3146836159221499,-0.4136886756189121,0.020602159707551585,-0.06896136307354239,-0.2275451823542259,-0.15594253722263446,0.30653493324088227,0.3668602765283152,-0.028451238992173822,-0.052504999417054825,0.3334215021863978,0.3117462874407438,-0.13159379081872258,0.052450725635698005,0.24479408257106325,-0.04147126164685675,-0.22423488057530344,-0.1575230819629864,0.3217291543996661,-0.06746974022387443,-0.12697446317243413,-0.1065748577172962,-0.12706936099141078,-0.16621003854025126,-0.273800673945633,-0.2301901440346925,0.10685965773628514,-0.02459056045631728,0.03901915876503505,-0.13549200465867384,-0.09393934512040271,-0.18912338050974353,0.061470000690564096,-0.2612644248883929,0.02231267385511308,0.20021295457082372,0.009267279117217371,0.30575412732533735,0.2766302754144312,0.1109363133074254,0.3806910634508296,0.42143779036835854,-0.2861080350144023,-0.074561169485167,0.24007447557074832,-0.1120950730391277,-0.07566181092072254,-0.15315605195495371,0.07364899239711777,0.020563466835848265,0.33348054510925507,0.16881314148144566,0.23433419427443317,0.012214808155487311,0.2255434290585487,-0.05465742490046137,0.1903587623913318,0.19443591169115398,0.34418419793919386,0.4276407579366079,-0.14268155156618148,0.026824153084081242,0.08075777612244692,0.032005438172801166,0.011055789933996496,-0.09602197844602549,-0.1571966450598667,-0.04052787422980357,-0.29252970948983104,-0.26175084134159826,-0.2712841536552531,-0.21890355096831407,0.009885479039859296,0.10565409638894273,-0.03845900506146071,0.19073633247274582,-0.10636206424966815,-0.07397648574929983,0.001971429343921847,0.21653246790484654,0.20384439280541494,-0.06279770233240761,0.005515690143389517,-0.04559131434705437,-0.10865186255584611,-0.009007798660178421,0.0594248853629137,0.1574857884205701,-0.14925987028067147,0.027681883344176608,0.03626964719140789,-0.14549485693480058,0.17817419860706754,0.06665357474778504
