1.0,0.24160101902921746,-0.38354805777220935,-0.2602590798550279,-0.04627447618089378,-0.20769637907288022,-0.2948376811727004,-0.04355382295119844,-0.41022370202292013,-0.12382651982341578,0.24886954656418545,-0.10402858915201528,0.04277069879598262,0.09318840342830861,-0.25096510248316173,-0.012063514419024436,0.30315033815779097,0.3833371385443646,0.03375040685638983,0.03570791137277061,-0.24395762762610915,-0.06302260475517672,-0.11136561637411291,-0.0734245211359742,-0.24078360567568452,-0.17267235228972044,0.03265677255118076,-0.16409139288596378,0.30519419228354683,0.21609565669880135,-0.0890024974129545,-0.14873169813111115,0.13885599770681648,0.1562970842162074,-0.0965779710100087,0.11137209344099724,-0.24342847271918025,-0.1436780910571327,-0.17877017262825273,0.02521018493176125,0.044888370978959334,-0.04874058008524767,0.01100238567828263,-0.10128634389977897,0.08762527913749911,-0.015279918958445798,-0.009127895291019383,-0.0652363370458591,0.0950379319336181,-0.07174691547123187,-0.18729879964656346,-0.010553138211905722,-0.0390770975627061,-0.15587601430986617,-0.1900764215775533,-0.20573026503677405,0.610165492691393,0.218133917907411,0.18019412705752952,0.2200404327518691,-0.07309524663842933,0.11200362554114865,0.16155167214882285,0.25482450729131784,-0.1907289515194471,-0.19519885046204452,-0.04564849846927551,-0.0360569483466569,0.01908329630112474,-0.14217968450734603,-0.04469857101001168,-0.24642679580274188,0.1930640532895805,-0.07032177724113546,0.13771542823748312,-0.016411130628948563,0.07869941741775578,-0.08538412389588365,0.1936456566196698,0.10303415500682092,-0.043483633839154816,0.1625006649665399,0.07690183464718428,-0.03777547166596959,0.054306399460297736,-0.25170595749258,0.23824390338850962,-0.0818853499446082,-0.23336054720253566,-0.3199302590330274,0.20250859195038817,-0.08757797752201252,-0.08933536835444957,-0.058403082751398716,-0.16230930586700013,0.11596218552491967,-0.08848914107752111,-0.2251384596194593,0.13697412067515127,0.1162270744604084,0.17913589082245254,-0.005423623253407402,0.10712742905325004,-0.09291107761092494,-0.05787760037104583,-0.1299224532288952,0.01162166423547254,0.05691909866036761,-0.16456005882979852,-0.21461295652900558,-0.15165732219419248,0.008344271378849164,-0.12246721341730313,0.07180812269851734,-0.21480141122691215,-0.13673875819254896
0.24160101902921746,1.0,-0.43938340104283036,-0.32385978262900905,-0.29044546902064644,-0.43663677952779195,-0.42786706571195554,-0.3729494287808269,-0.30706074187265614,-0.4715664357314181,-0.1402601521842705,-0.037657386834603526,-0.004233809831633134,-0.1719084641501923,0.014010303166337671,-0.2912183307129626,-0.04167203449738145,0.1473704097366697,0.0885527461483742,0.3813727439500769,-0.030888246251989798,-0.12755350775525492,-0.33737888796781856,-0.2539076706141218,-0.22868797417261633,-0.2446728395397809,-0.09560053650953496,0.060150615096217885,0.2159657048924525,0.21472246663234015,-0.012494168623823685,-0.25976441014284546,0.32499958402765733,0.2579405256018844,-0.12936868659582293,0.20704222705163614,0.08432602385873218,0.21379394229450527,0.09436917431973003,0.061830946073795724,0.06140612170243488,0.15033234712703916,0.06644721469101479,-0.03624575867636208,0.2198282229531771,0.148232444474475,0.2309903719637176,0.0757429021285505,-0.10287931071868837,0.010014420058538418,-0.3236023411800863,-0.17834092001768212,-0.23238480790452024,-0.1240626806818219,-0.045770910125753426,0.1203226818062079,0.1915439116641182,0.6721642183090714,-0.209908752732416,0.0978890385237759,-0.2919737340318809,-0.18008925817650887,-0.21114849629231494,-0.12160550403180988,-0.4092103830944017,-0.37972110047908675,-0.047737298211192804,-0.07210678036250268,0.5657069154248646,0.39556604535012235,0.03433197591174533,-0.15076119673518665,0.37124052665971385,0.23205973993724086,0.3748001346317395,0.11512461335520657,0.3619528512882048,0.2671605627022696,0.2689841723612335,0.29566056394031026,0.09408920228692952,0.2508000058843906,0.017809424359405395,0.08687221301384135,-0.11716874427915709,-0.16424279236086253,0.05472288561306427,-0.058133330815775826,-0.34540570972686513,-0.2092994031890531,-0.08611729943356737,-0.08768814154739901,-0.2725166597726357,-0.11346427185963365,-0.28897410258534934,-0.02307793338837324,0.24320263751970478,0.15828572349897882,0.34979043741196036,0.14166474049707753,-0.08122819099822914,-0.1101962757166269,-0.08742082018062479,-0.17190560920762785,-0.04925652189829593,-0.1306113661866823,-0.20239337538753188,-0.20347123984145102,-0.09402616026760792,-0.294596885875525,0.19000990463497583,0.17468169274538475,0.3447992721501011,0.27681767575515176,-0.134816795553143,-0.18391694194258634
-0.38354805777220935,-0.43938340104283036,1.0,0.2623352127288655,0.4773449876480901,0.49856918853107707,0.6382479407000273,0.6892587237272035,0.6562101804112086,0.5646191096229274,-0.013324475149088194,0.14302142278640634,0.3603245021587394,0.4364837815583429,0.1626308024085626,0.16139279441816143,-0.35977488138027724,-0.12371031554170026,0.11916151231476486,-0.46438673860482227,0.12639522855515012,0.07356804522839633,0.2012895000866447,-0.2088146130225853,0.1334099449667244,0.0574208995598776,0.11867736892775455,0.016301893575739124,-0.1832607743792878,-0.044173598554821676,0.21750485081490584,0.12950386101589909,-0.3976287289093863,-0.14749831326763294,0.32263311042938586,0.13972709438361836,-0.13614860558135583,-0.10244238226919136,0.09602807737680273,-0.11942443145275815,-0.28415211299198734,-0.2266133654376639,-0.10509254610714218,0.017211325261900473,-0.14264673835937308,-0.06153959950077326,-0.07989036306991285,0.0160265959844512,0.3727327222191756,0.10818943814700523,0.2924429485258799,0.3420241285823534,0.316149019557716,0.09960993686590779,0.15315236315114378,-0.12437782423408798,-0.3703970016078853,-0.3376057452997195,0.46748318948122247,0.16927615699400214,0.5509590997576472,0.3060216937504974,0.06099895893541742,0.25375806274419144,0.24148197442317207,0.4018907447111946,0.311676753544078,0.00434383674904017,-0.6078671409995032,-0.5229680835517297,-0.059976453540451814,0.158707361547243,-0.23759321735720768,-0.2189005085841155,-0.4119049403433098,-0.20022030019658954,-0.24892033700937335,-0.16953293008253636,-0.5974314166367442,-0.4826178062784,-0.4505972546509537,-0.5327347217598856,-0.31304967087077873,-0.24555470889700495,-0.36330363512392017,-0.1935903603095483,-0.48369531689717976,-0.38761239916456114,-0.10698625879490453,0.004626129239596364,-0.06496359970855975,0.02391740961969557,0.17403411590035997,0.2712124762250809,0.11053008512267729,-0.18185336540780497,-0.21120761182295514,-0.2624065910536343,-0.46189540841236415,-0.41948356097096406,-0.12590518571064113,-0.062229828049290246,-0.10912260165392944,0.12019156167050701,-0.11916084302953657,-0.08909924857881676,0.21603426434559084,0.03298745146478898,0.007210807221577063,0.09698982851724954,-0.06179583196404581,-0.3157422251512979,0.054704264662630696,-0.31720489858002343,0.06731332988964286,0.13689089909646335
-0.2602590798550279,-0.32385978262900905,0.2623352127288655,1.0,0.047612965186534975,0.39640513347832607,0.3088620180320461,0.13172230402429097,0.25702809830567286,0.4508241943723656,0.2722916996528972,0.3644128732497404,-0.09357055484399415,0.001455247360379582,0.11770678884516476,0.1024848644113155,-0.020826116175561567,-0.017390460255522933,0.09389668806176492,0.1290062981375814,0.12990421454184192,0.18965203071799464,0.5743932403290096,0.4668428781528792,0.2587738631076081,0.4218759625660039,0.06293222314562552,0.3145065904019466,0.0970065638851061,-0.05969542076123986,0.22730117214552678,0.42985230188532064,-0.33432358445771715,0.022634403674403347,0.03593788594684977,-0.25361998899896804,-0.007373891557232912,-0.1845586383234002,-0.13631109314481504,-0.096263316633511,0.04603958254326841,-0.08870581157573558,-0.2659492911226709,-0.17369657807482394,-0.46764472416051267,-0.325337033247225,-0.37385903660800013,-0.27931881216835247,-0.3532593553182099,-0.40400574062166794,-0.07103140352555146,-0.2582026513438369,-0.01282311160546918,0.22527904197831444,-0.10437452749132851,-0.2071492989629689,-0.15254660616842453,-0.2503418378208661,-0.13560690151890398,-0.404385102225815,0.18826322442674062,0.1481727702914182,0.16336440999862425,0.12672408855573333,0.5725809089479004,0.4238727813630729,-0.3191982765070283,-0.09070615163802266,-0.25122874681432406,-0.14060963519626113,-0.07472640346356701,-0.12348881260102954,-0.16453685297687373,-0.10646552006949049,-0.2369444141493168,-0.23061832612173203,-0.36844355011170776,-0.18288958862283144,-0.17203485091647608,-0.2715261253727484,0.08054746067351827,0.04224906584038121,0.25557231784905343,0.28388209642141565,0.15559488862869794,0.2655423781214124,-0.04104391715827667,0.234342225482288,0.2855656139849053,0.2096327408228991,-0.032384559949328755,0.1925143436844127,0.4118387036677486,0.19933089488222738,0.08738473620302896,0.12908038692421223,-0.49207849697366435,-0.06431231164816853,-0.27193019314912287,-0.07738374414586521,0.081900147006602,-0.10106803855019826,-0.17420124645658233,-0.17588719196894836,-0.17026643695501398,-0.08664364598206192,-0.030689882047894673,0.15899118624596564,0.021908653417873,0.04661320240565647,-0.32185034340224944,-0.11941503626156501,-0.07738964593838066,-0.24447088298708738,0.15577934116528222,0.11357922060226487
-0.04627447618089378,-0.29044546902064644,0.4773449876480901,0.047612965186534975,1.0,0.5046863112093116,0.5652965671809276,0.4366207075237063,0.715935880502816,0.6247558622668495,0.3046380968747236,-0.011493104832732704,0.4174551767444511,0.5200002642978325,0.47685471936597396,0.5189418166103875,-0.15059504200348664,0.07575123337493123,0.13087991443083546,-0.3108466862683498,0.013892931233297077,0.027534328727983587,0.14565824646367959,-0.34503002673370065,-0.04870971551696417,-0.2665027157063612,0.3983029282297766,-0.16163704423241337,0.09673675616624344,-0.0554506701589097,0.0038794525862558883,-0.2476397961326625,-0.17327800502686552,-0.07218063027664211,-0.12522019126794173,0.014807427891627601,-0.06902068901204178,-0.023671710948830315,-0.17985192726387642,-0.10663433548190947,-0.037611575504028265,-0.21552014713299622,-0.056274161220173986,-0.043578877199797014,-0.3371049235494444,-0.338303673392331,-0.02491418125993171,-0.15827158623714882,0.2577498454921804,-0.19660864735198577,0.06551379766880001,0.1212522616844938,0.30896517040491295,0.22418657205811912,0.1614214154533082,-0.0273955800809507,-0.21962735944953737,-0.07856069652715732,0.46481943938219455,0.18094369971097846,0.5453205872103135,0.31140617119665326,0.2961723150589791,0.3996318275923805,0.1862719548198709,0.30291967171222434,0.0300081270068621,-0.2985643304654454,-0.358276588913254,-0.22778221787155858,0.021627996892731354,-0.24877233827521222,-0.07243999569027687,-0.21765577841223574,-0.296160784661156,-0.06342949348638047,-0.12241643443552468,-0.24832196995886652,-0.09035984918621372,-0.06954501279744613,-0.04784896039515454,-0.0791604260995579,0.13413242039558632,-0.02344007832188636,-0.14504529459966484,-0.21272135826702548,-0.19305409618113992,-0.11813529562817145,0.0825343475733408,0.026764776157254633,0.0651372545393551,-0.040019015914782824,-0.03021116893049378,0.03961984838584506,-0.0969277283827708,-0.08246854480510551,-0.24998632846289934,-0.31932010446548753,-0.2631810130266534,-0.3167029301204064,0.10200249917427828,0.09058753717892673,0.21009926642793822,-0.01921923038824049,-0.0909571175365603,-0.1982479233331965,-0.14299546242814976,-0.11710534534357638,0.04921346084063669,0.03615614874485072,-0.20579827167570494,-0.28900968506123065,-0.03180326331272696,-0.16759916821734983,-0.2254619809302537,0.03703106530119224
-0.20769637907288022,-0.43663677952779195,0.49856918853107707,0.39640513347832607,0.5046863112093116,1.0,0.35582458957838103,0.4320169625054678,0.4346997740251896,0.6598268773974632,0.11090974056932554,0.13663696338755868,0.052391984198743594,0.3275299105676381,0.16284480870078047,0.5010376112236286,-0.2586459426111557,-0.04222752829514795,-0.1828570848038867,-0.2976612329122429,0.002194597194369741,0.15126639748898144,0.27611637857661586,-0.013523421700344963,0.034326879082818645,0.15604151813908895,0.486119487652732,0.2753519737297199,-0.16311543535120346,-0.10621571189004678,-0.06570984735513774,0.1204743478810683,-0.15438497277143068,0.1780577311286096,0.20678058984498252,0.0913498868451339,-0.2581129593498501,-0.17749868523487286,-0.2330462135260986,-0.030067864966013578,-0.16590580558979284,-0.3113363084154477,-0.1684638267740091,0.0033137873749853556,-0.355754693102332,-0.23437396792146734,-0.2626413872106464,-0.02577790259890905,-0.03018727849914554,-0.15042090177166345,0.10581660846289409,0.033797653517795526,0.15374460620669286,0.30758379141593123,-0.003963292149659837,-0.17840500943212237,-0.043819590472945175,-0.17589974774976727,0.3421212210764766,-0.05018690150583427,0.3613167951930869,0.3273712833976208,0.14310944917894286,0.3569323858499071,0.3293581874153361,0.4680094871389162,0.07080515771903124,-0.08063909924408742,-0.3410596482875921,-0.13485678550825655,-0.03938875104066577,-0.116159403919793,-0.3722132283768155,-0.2154073172720346,-0.43675809030161666,-0.2249956226344313,-0.19625831955150871,-0.25872736625120885,-0.2585421371861484,-0.21689078180200932,-0.21280793607232418,-0.25048413802125535,-0.03925757269357042,-0.027361744411314205,-0.1343863670946985,-0.05883351356123113,-0.224710919869023,-0.09261537123605332,0.2096173421846312,0.1980393195763448,-0.07104847966302194,-0.060833165485334136,0.3250762330991568,0.2137562856248903,0.2545941863857731,-0.019421509704099137,-0.353382531663753,-0.14636809333776138,-0.38908679830438836,-0.23236502541778425,0.039094623203364674,0.06366269756172721,0.07656183123458045,0.05058640158712726,0.013721781769366639,-0.011019038818476719,0.08490671536331809,0.1058363802477158,0.06222668727303274,0.03839476678483427,-0.11520760816426504,-0.2662965941649952,-0.004042338018804391,-0.2189370183703664,0.08954231717368351,0.24323829260532562
-0.2948376811727004,-0.42786706571195554,0.6382479407000273,0.3088620180320461,0.5652965671809276,0.35582458957838103,1.0,0.538083538015646,0.745421666521213,0.6224955508357698,0.3339290344813488,0.1594896923805321,0.37489578578144894,0.4009062529446684,0.6194577325823593,0.5212050506516309,-0.06280123328660822,0.11134435242498474,0.2976769280384923,-0.25446809697959116,0.061701908014266386,-0.11124447293142882,0.2794420267866591,-0.17248221148217643,0.10692489136202818,-0.14906781901181781,0.04006058919766067,-0.22942340123616037,0.04849339219697768,0.037446280876837386,0.15204323030098235,-0.02454131962695523,-0.42571615712828753,-0.1479803140730541,-0.07843053175640262,0.11039796615032209,-0.06801214113765511,-0.12905465247211226,-0.03967498044132624,-0.3580662574179016,-0.058590720724618316,-0.07498381840784586,-0.12094710108637625,-0.10601411598902748,-0.293123357654685,-0.3147705422983068,-0.19786803180117998,-0.3063277366151702,0.11202859266242216,-0.13331940186476438,0.18437947524868936,0.05134018551341795,0.13813707831093947,0.16179270208976712,0.009478094207273432,-0.23214800193693752,-0.24459655323289953,-0.29042186081509874,0.261494097419593,0.040738005096438275,0.6051229338144944,0.23151648111908224,0.4235724091774088,0.4395483311135276,0.4999054631627778,0.3434881000257503,-0.05653209365803351,-0.34297463435205905,-0.3904306397102915,-0.35856344852203875,0.10562505591252798,-0.20126978774344245,-0.04958134956566857,0.0763182141698305,-0.17305576564842284,-0.052969908048206504,-0.25782182843251106,-0.2144206575625504,-0.2058680088589087,-0.22659284235066504,-0.10257271635597041,-0.04073361648899079,0.14843904518855117,0.16191446915714636,-0.1748830915185027,0.03934693784156953,-0.3296656364435619,-0.08040532881641407,0.1477535139471956,0.11474896244440883,-0.17444853824809778,0.023125242561920185,0.11874106415415268,0.22389907628343855,-0.022672282102855164,-0.12139283702146324,-0.5005818262275188,-0.35808616738396465,-0.4380996961261674,-0.30749298066677627,-0.0357337920006027,0.006187831212268662,0.07338911205616853,-0.14890390934169212,-0.2569946426867946,-0.2836375503068773,0.005025731486805861,-0.07109153953389373,-0.15237430536439614,-0.09565156896683871,-0.3966829968025658,-0.16926399402055423,-0.010495042813607917,-0.21513743629780432,-0.03088955982619831,0.0016594774747617233
-0.04355382295119844,-0.3729494287808269,0.6892587237272035,0.13172230402429097,0.4366207075237063,0.4320169625054678,0.538083538015646,1.0,0.5044502502827714,0.6843835301186196,0.08795829729090619,0.29131406595184933,0.3042019037046555,0.6791165951024306,0.12432848595089308,0.40207502294276937,-0.22060212511377242,0.24507490960346764,-0.0261055498085289,-0.588104336103021,0.05131386201634566,0.024249233471802696,-0.054248667115543825,-0.28332831926213126,0.1997574301522693,-0.012254297654596503,0.17894702101795817,-0.08309510190136606,-0.04607500865824398,0.25971993936455184,0.2074957422393016,0.17462625368091803,-0.16853856764334568,0.022035088252190013,0.1604434666923621,0.23462413475651794,-0.28243771923419503,-0.19363189414608944,-0.07329581683319322,-0.04606973490008679,-0.16506306618735125,-0.08437274659813528,-0.1709205121203497,-0.1576760688075804,-0.09857283661822026,-0.06813964042952728,-0.14766461471881742,-0.2029454679996451,0.3693733317635784,0.06350461346658168,0.16812171431027118,0.3280104992149936,0.21272551153371755,-0.04258473897088313,0.11030827143397172,-0.22836545237179282,-0.1363085976285561,-0.350796185257463,0.605294311128033,0.3744159793136166,0.6280824831463429,0.6109762643435904,0.3731657262804409,0.5618064011346895,0.2718176545026417,0.4398635408035322,0.33822868331716466,-0.06514890114277094,-0.591228987144965,-0.6091908517467672,-0.027999486420912902,-0.049417058015081124,-0.06610248279875393,0.04164276425332052,-0.18289923809132824,0.02599392491224951,-0.11570345642227266,-0.20775019652886567,-0.4746485930381549,-0.40451164318671234,-0.5483200050242193,-0.4616847726022011,-0.3293985117741745,-0.05363188729434835,-0.378105939553857,-0.21408636733320904,-0.4457203610960311,-0.4474468131930115,-0.06638077603752007,0.03744918948646981,-0.07906823916804274,-0.21411085188878007,0.16805756350379267,0.13727928842773973,0.06519276828787578,-0.06927395361157654,-0.4289886019957673,-0.4255149047565124,-0.49580691570969565,-0.4099870186118747,0.05846757526704513,-0.13760684232812653,0.13971840007149383,-0.12483168406866178,-0.16089076265317778,-0.2557437416812484,0.12458665622886178,0.028073572151530966,-0.1065510199044544,-0.025586232783884177,-0.33072963930734345,-0.37443573155571697,0.12815034017267446,-0.3951483073622758,-0.017755895432770157,-0.10901824830280746
-0.41022370202292013,-0.30706074187265614,0.6562101804112086,0.25702809830567286,0.715935880502816,0.4346997740251896,0.745421666521213,0.5044502502827714,1.0,0.7219861037164073,0.14429579149941055,0.09617513835414729,0.35514594337007765,0.47620171500859776,0.5449114245521702,0.38095027463148734,-0.26287501971033334,-0.025072282491986845,0.14545675237645972,-0.29065900427828356,0.19117911626387918,0.20828342243919154,0.20642442883031023,-0.26509465897885853,0.18299306622954362,-0.0013703444752486314,0.15071797313460084,-0.021626915195504973,0.017969555004412316,0.03602555279582485,0.22948842527359817,0.01669009449669583,-0.15994989227259807,-0.0046122725132597825,0.03725555267939442,0.0996423560950577,-0.044822491085737326,-0.10381002989894147,-0.007968481639607394,-0.11390127306769245,0.05192892216210842,-0.1343367104665614,-0.09920038331954385,-0.09754330258875236,-0.34627630681132765,-0.32916843973332055,-0.10685927466988825,-0.17261300854505227,0.18573342811922,-0.12966118221708273,-0.0014926170379471692,0.0585326657306479,0.14601386986644568,0.08643365596026496,0.046860295215491045,-0.2010807456641438,-0.30921509679443887,-0.18631204600354528,0.3955718280753326,0.08040633942744893,0.6585093909305371,0.3697909649710717,0.1956460898258248,0.36168800856494493,0.3775733391833444,0.4717517696727391,0.1489763396667868,-0.20824240788151388,-0.3455188444578448,-0.24588185672750895,-0.05182043322236994,-0.16956075880336258,-0.008813808621850282,-0.08303329842317188,-0.29215875196588414,-0.16054063467154076,-0.21946153504261093,-0.2652359855142789,-0.14340162351782093,-0.16191740853365616,-0.12056436454174115,-0.1264462717234913,-0.01355341594649746,0.030215233811084683,-0.3054561767971983,-0.14659031119930216,-0.3847989238047427,-0.16051813371419604,0.006696341939480199,-0.026008905080016333,-0.15389612256162957,-0.1703266482316901,-0.030753726972951104,-0.03094505744253169,0.0607233004696189,0.07357355604669479,-0.31601829610157556,-0.22918910891927105,-0.44399877886527794,-0.46395135078554817,0.0519890410374906,0.04584688816729681,0.022163554292487255,-0.11721518834125132,-0.21535019854147602,-0.22493677736691903,0.02250368587060398,-0.0024515076419685897,0.15244877882749136,0.1739213781069617,-0.16772328645967846,-0.3296938315789706,-0.03667527008808878,-0.25299671167712734,-0.1264321049463605,0.034232111553542256
-0.12382651982341578,-0.4715664357314181,0.5646191096229274,0.4508241943723656,0.6247558622668495,0.6598268773974632,0.6224955508357698,0.6843835301186196,0.7219861037164073,1.0,0.2693434872059874,0.17242746255991145,0.17060390685046084,0.5523370075784598,0.32211736673009916,0.4960820186739135,-0.2632802894581684,0.08031120336506628,0.07001447941918842,-0.3722198451472703,0.12140579287255286,0.09934419667873601,0.25567007211360465,-0.17647273177342163,0.22349742876123638,0.0950629562566829,0.28712457787128964,0.09182636745674838,0.020067246202308948,0.02635248733081434,0.17384059955709025,0.12205897020846929,-0.20469099505051047,0.15549762867087738,0.08942765650466467,0.14516564237625904,-0.1833911282540907,-0.33867235355789876,-0.2745911582938112,-0.14853789384694793,0.03524687205612359,-0.2384674302446844,-0.14842000530766233,-0.09013797964300535,-0.39745234852661016,-0.3070975644747991,-0.2430748972908708,-0.2383614506952828,0.08551382148774257,-0.2395295513879574,0.03585950625657535,0.06719897743438324,0.15349433647406469,0.10290106799759273,-0.08488990246461194,-0.36321298599815266,-0.1856693251279886,-0.3389021496202305,0.4022544015026118,-0.02200866785114485,0.6058787705219976,0.4878873714232549,0.33920291428325217,0.46726858984681197,0.5415681857880191,0.6493251477584419,0.0969172763420172,-0.18107261125161161,-0.4434974962339125,-0.3825735204809324,-0.06579292662252836,-0.2712773734998881,-0.15700084484273205,-0.03556663043484055,-0.2807549097298139,-0.04478324278169255,-0.1666600231915976,-0.2047482609875908,-0.25745792858290933,-0.2196014538748789,-0.23144717894676906,-0.19243233269486826,-0.008496711077571769,0.014578282230591297,-0.12873927643725172,-0.13718041716586316,-0.20320623849559305,-0.17733053568464252,0.07632702155135714,-0.011209014319174046,0.0027237549190528617,-0.11374939782537859,0.23948111764326493,0.12641251671418563,0.13894373824686326,0.10545161771250929,-0.5642790476626813,-0.3582643003712766,-0.47460953395879757,-0.34654701400113824,0.14829278318307354,0.04636893801761986,0.14014362066505928,-0.16780751498181823,-0.16685362168496007,-0.21215833478799911,0.04519838178376232,0.06113330480841969,0.11471919914096868,0.008485448339131405,-0.3096839341583647,-0.3053514514939358,-0.011175657996390465,-0.24432107501876466,0.04119333453186795,-0.006775689054021195
0.24886954656418545,-0.1402601521842705,-0.013324475149088194,0.2722916996528972,0.3046380968747236,0.11090974056932554,0.3339290344813488,0.08795829729090619,0.14429579149941055,0.2693434872059874,1.0,0.3108463571722586,0.5047049774843695,0.40992794624488343,0.48747241994191465,0.3579579766536321,0.3053040693378362,0.38028482455400786,-0.02784550777726336,-0.1573007682493895,-0.08020855631544643,-0.21521444213969274,0.3045297588941229,-0.1408652772868233,-0.14922467820349555,-0.3863469869232931,0.0383966319633383,-0.2383365705666424,0.4647593554811611,0.1375309920055729,-0.14298341129550177,-0.23314870581561667,-0.2834014255951582,0.028693663203100562,-0.18476750542096293,0.003046228963847206,0.067809834939391,0.02087393515671545,-0.10049968782453937,-0.1766657232474988,0.06822156763229902,-0.07283353182935878,-0.29983200453942993,-0.3220640340563965,-0.5700843502642766,-0.5519167065424123,-0.33353165010363905,-0.4342299512447982,-0.06952994440618522,-0.4848019691261756,0.014124078801512119,-0.05176593544733787,0.04962760344044497,0.3390015053462568,0.05825922971728505,-0.17191284904304294,0.038702911932221806,-0.033201013701717096,0.08618030476451458,-0.09834768693019275,0.4743701830324289,0.2927534125559263,0.48570189664993585,0.40289707744556846,0.37961666740791716,0.3209796743579009,-0.37809175151711266,-0.40037667569213176,-0.3269560334546733,-0.21189885449883325,-0.06093045909229055,-0.425074046506009,0.07699568094057103,-0.02112271545982688,-0.056259788257705654,0.003062407662097149,-0.08004814449091166,-0.19516888963464873,0.07147096656772928,0.0823269017457198,0.25948811829516766,0.374654423735719,0.48048737870297326,0.2710959476160372,0.34336347229600617,0.20411523079453536,0.27492028989201694,0.31685125678881665,0.3117663968928329,0.16092683591984908,0.06517713097675948,-0.007529336522694636,0.20382731155877407,0.03552485600108401,-0.14699924949858145,-0.031293259460037866,-0.5342675791111855,-0.41563386863747115,-0.17603342183429208,-0.08800364925376486,0.09621385667422219,0.07098673631067201,0.10082637591618232,-0.17518897053121035,-0.05596347721750435,-0.1950376444679399,-0.1543865056597395,-0.11406237198208463,-0.1950421470273056,-0.2151879467253082,-0.48172138073574866,-0.14378552606020947,-0.14481283534705275,-0.27109900987454666,-0.10597357517911907,-0.10754672820587431
-0.10402858915201528,-0.037657386834603526,0.14302142278640634,0.3644128732497404,-0.011493104832732704,0.13663696338755868,0.1594896923805321,0.29131406595184933,0.09617513835414729,0.17242746255991145,0.3108463571722586,1.0,0.09882318286519651,0.3589562309048988,0.10283885756542951,0.2297352942971162,0.0024633902240051987,0.37571336124619165,-0.17590393217591102,-0.21236737565207878,0.16927979243292954,0.03335913497491769,0.32725411386234976,0.1891225933019681,0.2274988527355089,0.12116914789779257,-0.021530261708686108,0.15667992980345025,0.24800294216484625,0.35833183980093,-0.10428121000742768,0.14501827737174658,-0.23480159860797767,-0.11409929360314296,0.10740580232263572,0.18487650390719773,-0.1153559930315786,-0.18862731873640917,-0.030187719077782067,-0.022002627338802958,-0.15047245078120794,0.14078058104399205,-0.43451071676185943,-0.5152065199539558,-0.42787445105749333,-0.4153503704645262,-0.35437546944930753,-0.5275372557851548,-0.1267707286844871,-0.4065759977780137,0.1176405266257107,0.050156631338778665,0.012573701297488906,0.1822822279452339,0.08226116788446074,-0.05603197632090023,-0.08288036830472817,-0.03320924315121612,0.14155543674002916,0.001373613181533455,0.45598536681922525,0.5203351668563319,0.38406294412603315,0.39774008626843504,0.508548848848192,0.3100620020122089,-0.252616235315619,-0.16660594904860282,-0.40235640120316796,-0.3860645535322112,-0.014133176697217947,-0.16847499926241305,-0.0713274503224645,0.11782185503975391,0.08998574570830749,0.13167346291750556,-0.16503047791765,-0.11467170508406391,-0.05855426806660831,-0.14551093529165895,-0.022289554691677184,0.11250347185435175,0.09435650534368356,0.5555608104508436,0.21015817796043845,0.5122683159377193,-0.04938385041070223,0.39007529362009546,0.29044220666543075,0.3130031655445585,-0.058160747839322874,-0.08511169726456543,0.17680191272501555,-0.14452679731901086,-0.11029401869841898,-0.12492899564332051,-0.4401186630077547,-0.34524850515387906,-0.3550276384463371,-0.31440038030608575,0.017192059980962775,-0.134667104060278,-0.12757070289066122,-0.338211665032141,-0.1882927623319251,-0.3045687661536118,-0.20548040197298054,-0.07221379291015802,-0.34675547996433403,-0.07824328345911866,-0.4602238911230441,-0.3877082276015927,-0.22235245087190136,-0.4868683370732704,0.006948381632738912,-0.3752719780593418
0.04277069879598262,-0.004233809831633134,0.3603245021587394,-0.09357055484399415,0.4174551767444511,0.052391984198743594,0.37489578578144894,0.3042019037046555,0.35514594337007765,0.17060390685046084,0.5047049774843695,0.09882318286519651,1.0,0.6607802335332733,0.5803215166107897,0.30775435896063796,0.10606728014384977,0.09759093664342647,0.10735620162390319,-0.3319020124518843,0.058539361189879145,-0.014907436468791878,-0.04532887860547529,-0.5977407548227908,-0.2776832510148083,-0.4277081220161135,0.05923770298638204,-0.29726504941028636,0.3273338774635061,0.21300009624335525,0.06709938356757505,-0.2649952985586266,-0.37859336226299445,-0.17933391791313844,0.0011775126199973602,0.09781769670401742,0.18570562234148788,0.396006242945522,0.3296990500950278,-0.0052314422785950014,0.056171991069401975,0.04803443594085951,-0.15212849824809324,-0.1693353364382316,-0.26207015676952844,-0.2361668567923101,-0.0017793278349271797,-0.16719431139885177,0.3998866083856703,-0.10531304972570701,0.15332356280028686,0.234746707213851,0.30146932446566327,0.24493005202417428,0.44585786690608176,0.03795251689687828,-0.16838016756467666,-0.026599223149352074,0.2596245578609346,0.028393827743864376,0.501059177633011,0.20250404309985606,0.12309117788495522,0.23459550870527493,-0.10221057373602971,0.2050294795658804,-0.047022289753704365,-0.3169489285321847,-0.34760881967642043,-0.35135728300040664,-0.016876891152893696,-0.07917255056906543,0.18956920337349556,-0.05762151159671911,-0.10992492262851439,0.02756247924772423,0.08748182123483408,-0.09488456078041745,-0.23357001119335896,-0.012014191578381614,-0.047668896340266866,-0.04342348595728695,0.03168196560309304,-0.07961474318284965,-0.14876790766336687,-0.17869277335436826,-0.2249208831142199,-0.19132833676389588,-0.18645187002136368,0.032728353479063804,-0.04582467184306986,-0.08904961106189369,-0.10833155090081768,0.08149655663388318,-0.12025840494100702,-0.14321872211830283,-0.17028658406510014,-0.3038791401246335,-0.27045275333263813,-0.14665607614884027,-0.07656970164889411,-0.11720089777558235,-0.11721436560669202,0.022951663299247534,0.005006588118941013,-0.0785172476186583,0.009135828257228473,-0.08609366123204375,-0.10081603464238834,-0.14709455978598807,-0.23406555126400025,-0.21038063207547056,0.13042417175870957,-0.21736840095782245,-0.034347112281310405,0.009702943068534435
0.09318840342830861,-0.1719084641501923,0.4364837815583429,0.001455247360379582,0.5200002642978325,0.3275299105676381,0.4009062529446684,0.6791165951024306,0.47620171500859776,0.5523370075784598,0.40992794624488343,0.3589562309048988,0.6607802335332733,1.0,0.401095901568503,0.49718474185915384,-0.09969140104988326,0.28944962737919744,-0.12797150315528993,-0.5455034869234183,0.10225374437075242,0.14655757135821593,-0.046681760934453725,-0.5087064875371177,-0.028641501729042056,-0.17487505006259516,0.31576316705697194,0.008244129892979384,0.14887722828631952,0.258168996143628,0.11261147699152056,-0.030659408528856215,-0.2072254057790601,-0.0014835905225301905,0.11655840958318107,0.2352027174166797,-0.1780973167261697,-0.06208275971047732,-0.018694400933383353,0.003124098761218346,0.09052299070513185,0.04782389408027149,-0.329471747862554,-0.27182010984204336,-0.33074729664539043,-0.21985169394149134,-0.20763032783040059,-0.3027297620312557,0.4212332136769865,-0.1330211695913189,0.14284543321540843,0.30199288402092384,0.31262352763629586,0.13494561526487026,0.26748240607912543,-0.18394128674994487,-0.06926316654095181,-0.17489439232751425,0.5270300862723848,0.13853004871490474,0.7531171519560291,0.649715152816565,0.26804160474731425,0.4861992610567318,0.20981682556626835,0.5370555292237496,0.09763174790574887,-0.1983913139395464,-0.5654088657282134,-0.5558445248445915,-0.020191113181061923,-0.2564455874221932,-0.0051714062297006395,0.06900946983754336,-0.06935899760768056,0.10694775275346143,-0.018483609533391964,-0.20154218131077226,-0.22759529284902955,-0.17424144874255418,-0.31298328611997556,-0.2307916591168629,-0.17064191582404215,-0.0669197363146173,-0.26592412897145146,-0.2196623714581727,-0.23317281238419227,-0.26569964197580603,-0.056199259987849165,-0.021205211480069878,0.11773276108009646,-0.12092131472508666,0.1315210374838078,0.02140200818484122,0.05331820477994019,-0.052569286472961815,-0.4317253071125342,-0.3859863965909382,-0.34192593855057773,-0.24808309268107667,0.1367890236676315,-0.016007090765922532,0.13638237974324952,-0.1518355081970687,-0.10748992910527817,-0.23749860372034465,-0.0018997932280214716,0.07806144922792359,-0.060797974096786014,-0.01976875681002283,-0.3644084304611519,-0.41872080622898156,-0.038832585113861035,-0.39653274999237953,-0.00036042194914241916,-0.09933828543051308
-0.25096510248316173,0.014010303166337671,0.1626308024085626,0.11770678884516476,0.47685471936597396,0.16284480870078047,0.6194577325823593,0.12432848595089308,0.5449114245521702,0.32211736673009916,0.48747241994191465,0.10283885756542951,0.5803215166107897,0.401095901568503,1.0,0.6430106391484471,0.09855631371304376,0.1663809652682709,0.1310593562834706,-0.10315849232936207,0.06631984486446303,-0.09660282748616501,0.19174105070155884,-0.3337605100370926,-0.05806405100334352,-0.29785480725248464,0.27623377067319543,-0.042644813476913894,0.225597894063602,0.08602654646802263,-0.03770589660630324,-0.32445686537353174,-0.38591855318795093,-0.013730681632230813,-0.2865587438174435,0.06938825989858134,0.1609383626096941,0.1544117412537915,0.11101430071739252,-0.1451871905191871,0.2230198502903197,0.060747392825285386,-0.16654175117755904,-0.15775294524482888,-0.4528019570948682,-0.45172264434628884,-0.11344245407738038,-0.30324851193109575,0.029995675392131892,-0.32323476601481665,-0.006169729329768354,-0.110353448331165,0.117727463837216,0.21785099097098157,0.24962474293307219,-0.005136280638219161,-0.1831036002693837,0.02643726967018728,0.05795061067012277,-0.11006983897363509,0.41016633546375997,0.10759858054362921,0.29667087001955816,0.3128266210212058,0.19745721157533444,0.26754691567855576,-0.341615482732711,-0.4678310165816238,-0.06829664031988696,-0.02372561776205799,0.006355265258777862,-0.5037849381319307,0.126157756353604,0.09811381600769792,-0.06431478758378649,-0.04312462044733742,-0.009217373882291964,-0.05519012878499765,0.07981032604793481,0.22211257575254353,0.183303243375556,0.3063583687611839,0.43022551367780637,0.31832145880517665,-0.012692793507375783,0.04570970699613876,0.00847709995373098,0.21185323366770317,0.23029197388393077,0.14721950515577042,-0.07768385804046027,0.010081969269439876,-0.05113496500853075,-0.004031800798109897,-0.13428651031876931,-0.04796929938970738,-0.27829578217111584,-0.2394750503968078,-0.13720804875338852,-0.0959615262364663,-0.027584179329110968,-0.04223159334466969,0.061860103879110194,-0.2258743350635317,-0.21482380356528438,-0.1894955138270599,-0.21623101112660537,-0.1837533135611081,-0.14506469806892816,-0.201789639502809,-0.2799378364442207,-0.09377833362788002,0.0671289139360061,-0.08830191004730521,-0.07032641243741353,-0.030987430016440776
-0.012063514419024436,-0.2912183307129626,0.16139279441816143,0.1024848644113155,0.5189418166103875,0.5010376112236286,0.5212050506516309,0.40207502294276937,0.38095027463148734,0.4960820186739135,0.3579579766536321,0.2297352942971162,0.30775435896063796,0.49718474185915384,0.6430106391484471,1.0,0.10441043376061102,0.38039241026120674,-0.10471089287083064,-0.37162650543975995,-0.09953535115598787,-0.016533955817398246,0.19477991936033823,-0.12957333363094714,-0.022539110586875855,-0.15293492915382204,0.4348364131757524,0.015720945066424977,0.10221536643916573,0.10565804093430821,-0.12422671555887203,-0.2203431298048921,-0.34309374613161886,-0.023722865108857898,-0.23524583535765864,-0.011770572749856923,-0.14829442165752665,-0.10758615007561487,-0.20810960972479392,-0.22217040468671795,0.14794280694610612,0.031052788134775487,-0.14130186706640022,-0.13504444128745116,-0.3620693149414951,-0.36145379492584595,-0.17107681006605907,-0.3228699524827004,0.07260136540194381,-0.21275480924113677,0.0859424242737512,0.019681094967402158,0.11914472750153145,0.1369327519395319,0.12685914940724446,-0.08572882931562152,-0.013526562696995302,-0.11778216671726054,0.3193540298883195,0.08887229925351935,0.43879565002111237,0.4434921583712622,0.4716123766240126,0.5754680212288033,0.315506759433223,0.3601616071776266,-0.23497684573652308,-0.45814759770742053,-0.3144568797496163,-0.2830209662927593,0.03851015462982416,-0.4558438507644464,-0.0716318738089821,0.05568047683739204,-0.02123808122965706,-0.01890787360829771,-0.1287409111522526,-0.31335026685420014,-0.03756454020966966,0.06606029654908584,-0.011129677008275158,0.12715348060114723,0.3198045140043641,0.34036344654368506,0.031603947038757726,0.07341739998815143,0.06620724058742543,0.17310007407555117,0.39291257160478144,0.23311305915641972,-0.061114041042153566,-0.13706112242618812,0.042406228283995935,-0.053110335762067695,-0.00973247699443824,-0.06191765566137844,-0.4080595699402897,-0.4044088822591721,-0.22814987731366748,-0.2192813545229847,0.052334806875657745,-0.11410308100460666,0.13130163929611233,-0.23812655260693583,-0.21512814822721749,-0.17535442613370983,-0.030668278958694638,0.05522610493243634,-0.16056004358082476,-0.12095051805835734,-0.46614868949479726,-0.24076873928783687,-0.06829483571036445,-0.25218313991307006,-0.07591435990358915,-0.14145218536932752
0.30315033815779097,-0.04167203449738145,-0.35977488138027724,-0.020826116175561567,-0.15059504200348664,-0.2586459426111557,-0.06280123328660822,-0.22060212511377242,-0.26287501971033334,-0.2632802894581684,0.3053040693378362,0.0024633902240051987,0.10606728014384977,-0.09969140104988326,0.09855631371304376,0.10441043376061102,1.0,0.27208907196105425,-0.10150126001315127,0.058834207626627756,0.10474248402117363,-0.014783343451915452,-0.035219421836270595,0.11243991300376352,0.14738320061441135,0.10245020825290713,-0.0019891822058409874,-0.08388597909179708,0.35850656628007727,0.24345417833340968,0.1407948823893523,0.08940535824247288,0.01250346048845627,-0.005534142735005064,-0.16703811738073912,0.03128185400423112,-0.14625596863080112,0.13615466449782687,0.00376442841844693,0.027048099526599877,0.17880152002549116,0.27851497425799376,0.028372413701122833,-0.06688156656701312,0.05356836159027922,0.022244846819856157,-0.15221234559834537,-0.2428439555928187,-0.32903135674542117,-0.10917888881864128,-0.2799502059838099,-0.4288991100878931,-0.4013701243465904,-0.31359824527679525,-0.30638708170071927,-0.20411421149830608,0.5067240957663449,0.22389062292111842,-0.23457762035291913,-0.16068201047265707,-0.08637648441012381,-0.05161524862016543,0.2872987467106448,0.07595387517281586,0.019784950040035068,-0.14775010822188614,-0.2235362716030422,-0.006813821005454771,0.01764264792832032,0.0972934233381796,0.1163667509999459,-0.1780733995106205,0.18539548910055056,0.08623876405752287,0.24900195546630607,0.15555578908409193,-0.053770791103251746,-0.130976297846655,0.2776739436750538,0.3993961269293079,0.38781859554958475,0.4729125338530471,0.3433449394565288,0.45112538102434535,0.1137711597353246,0.1426106963788011,0.1213207107265926,0.22145019137977762,-0.03535931955746685,-0.227252429389024,-0.07963009207015731,-0.21396045530525393,-0.02547818834637001,-0.11102433722747354,-0.04959872831827761,0.1715887062682146,-0.03754446926192424,-0.03850809923219626,0.05968986904303213,0.1583688369362295,0.2622824849881764,0.12992273572015794,-0.04939888698432093,-0.1598044490866063,0.01131919594989935,-0.1043197636569163,-0.0892449174268189,-0.0012400812104846242,-0.07733675541556712,-0.10153279537565713,-0.2250067084940628,-0.11237177726039657,-0.2650143441087169,-0.08049007502732956,-0.23495900969821149,-0.07644744543688158
