1.0,0.21328054419861384,-0.010709731949010438,0.04923571812622906,-0.30036520919562093,-0.3752094236163709,-0.1405425843701093,-0.3728923951638317,-0.2906834244252204,-0.3069700833896524,0.21671711554757428,0.09807642870950095,-0.2513949235248156,-0.3424795865859682,0.08914928687269828,-0.3045404898124849,-0.07273981935498418,-0.018355473759098406,-0.10154984491065949,0.1746822365647883,-0.09807977099165217,-0.21706151803805143,0.19772143065009906,-0.04553510657251432,-0.48493078390358996,-0.42033494363509205,-0.06686077866836136,0.12037263249231736,-0.1299707865767234,0.01902704304773644,-0.04512549440679838,0.035727679044881,0.09848379020014483,0.06446763795156361,-0.015714699900040312,0.01030453757218978,0.16411941150860201,0.21133653021093293,0.27758083385010063,0.08032227520001563,0.4584739620567468,0.11123895733180518,-0.04725340924719739,-0.15338285112502478,-0.08734198893119585,-0.23838709122114735,-0.05931311726512829,-0.05780774003547102,-0.18093913308045811,-0.2007251973794139,-0.19598108838268447,-0.12114052441605302,-0.06538188010581607,-0.15144599458202157,0.05319193323167013,0.07330214627498442,0.5253058136237163,0.23557218146894185,0.18361519376941648,-0.07213030594198974,0.2496645295235525,0.08792482640902363,-0.0804879587316969,0.10960526594776636,0.15255739444468358,-0.131290324028646,-0.1489966732713032,-0.2743137193555171,0.3830611330635891,0.056810187155153215,-0.21315005461592038,0.09739305236027722,0.1579478867840718,-0.05226070935856083,0.05602923823645234,0.0028523361103887355,0.2696984817391622,0.12471638040181772,0.04366935017549946,0.17353471661561587,0.1036346597782151,-0.022518914708188578,0.21183195880420885,-0.13692897038837248,0.5874133888179204,-0.08631081268533916,0.2343514528198555,0.1289374002494278,0.2936770333979428,0.15375703252863604,0.014959141782055386,-0.02054341422340813,0.2745576267264318,0.05293350895708556,0.08110687207862308,-0.022030960658977375,-0.06642902648996253,-0.12023940993913057,-0.0619686377131935,0.17143013472262583,0.11737982214198434,-0.04905237487197507,-0.22457756822435831,0.022719416688067012,0.19119223604062258,0.10263501733770912,-0.060964548144806445,0.09382000020040221,-0.1612432481064046,-0.18086096351139194,-0.015844089465224937,0.1059845581890673,-0.046167681364977,0.05675704345961691,0.18778848337977522,0.1514177330240196
0.21328054419861384,1.0,-0.43279469538687865,-0.21212567032558952,-0.0456958851041635,-0.3537815404445692,-0.3102930393797951,-0.30794812654078524,-0.07273948821451479,-0.050964711756946494,-0.13979054433688615,0.12688330121405675,-0.09017633051836974,-0.1576222647029298,0.1747547960969482,-0.20952309286235152,0.061207132791099315,0.04556132444922182,0.33111324503519574,0.5094073769107799,-0.15713325863571986,-0.23529999874076515,-0.3325535938964742,-0.08457174970249852,-0.2885836072074873,-0.44728337853214856,-0.1414283052487782,-0.15355494149190474,0.0070834629197210125,0.058016515070221944,-0.4590447661967725,-0.27181089306254563,0.14106497947277352,0.14698766612376607,-0.3301065964744435,-0.16711517322613245,-0.0463454883831235,0.47246045068198733,0.049934155474517655,0.4295798116497215,0.3010765331074125,0.2923865835656536,-0.21304329211805395,-0.3392640451720087,-0.2313724821836914,-0.4142577933946251,-0.08451318483707224,-0.2563735353440239,-0.10310010483218965,-0.21403802173654624,-0.07809951481488109,0.0469178637214134,0.224794584304332,-0.07403736428859992,0.014149589722434946,-0.04179552830612802,-0.017262584558217643,0.41577434100035443,0.07984719696192044,0.3073103180226947,0.21849961302729948,0.19742246865806876,0.2377242638813274,0.5370700555371661,-0.0719105304351995,-0.11037858646541891,0.25444515308664817,-0.1843729688850884,0.12119050648443402,0.4179272650851953,-0.2742732076570112,0.2383777774298475,-0.11994035292947622,-0.0348258622009959,-0.002859277883820455,-0.126143007785131,0.2096827342138794,0.2414789181298515,0.11018840267083128,0.13732738839474654,0.1812425544784899,0.1592034962634115,0.19024851853793442,0.2231429920433156,0.15523344798569988,0.24382033860005042,0.394729815475218,0.055708174037400575,-0.051024639330650434,0.3136246826462737,0.012023293199874338,0.13407579860540159,-0.04976289043174754,-0.24015248632118713,0.1107968844429299,0.1312957445822083,-0.12726036743054492,0.06391705595561628,0.05547788621719557,0.11640222490471731,-0.030598669301895975,0.21538905962848814,0.22511763520711234,0.23237166775380372,0.09700703318128061,0.0781013049655303,0.18010827695964915,0.07565635639161605,0.11086836784917954,0.09529261133128991,-0.1855256490858506,-0.011354010044325739,-0.07511870769012725,0.2238281049174043,0.15471035409324785,0.08646417328503324
-0.010709731949010438,-0.43279469538687865,1.0,0.39513439713546966,0.02223909095071542,0.26305617490638705,0.5773804833039344,0.4265728425336999,-0.022901412423067254,-0.032435412287218184,0.5151126747196597,0.2521624148250417,0.17050499392423452,0.09746206848466996,0.04219016266216092,-0.20738770864953482,-0.24181799631979986,-0.27728205358697444,-0.3332303601067476,-0.31588084191109844,0.3161494098623,0.07262342223640188,0.4525542523980314,0.16048895094674806,0.17809496976259112,0.1768400624030629,0.2468275443294527,0.30889729961063983,-0.28301564901628196,-0.38031267944839175,0.22409952572513975,-0.0019229055052375954,-0.24731075405427483,-0.12373147085219019,0.34023011991016866,0.3506911580853586,-0.1603749793526525,-0.19615321957839402,0.12899513048559655,-0.10824149161548159,-0.036153054925823075,-0.19564258074391852,-0.2130865612181302,-0.12936578292704387,-0.05621616996055,0.03436955155658592,-0.27295221899657923,-0.13858757193586566,0.08325887737728886,-0.06734506845477227,0.18647550864050655,-0.13185798469193138,-0.07297622801965184,-0.24405172828633898,-0.039251478869357995,-0.09868967373562691,-0.2411431696822862,-0.3842120591979125,-0.021432462364468895,-0.22190121158698278,-0.0805502348464614,-0.3389403685590211,-0.31126215064079377,-0.6199204907213023,0.15811970704095965,0.25342973208821123,-0.017774712846129498,0.373688561723821,-0.1362426459293114,-0.19579785514750478,0.019252987060388457,0.0903959628415804,-0.18875723418410412,-0.04606631926847522,-0.08274554688558247,0.13726028373381036,-0.1566542003878142,-0.1471734230872595,-0.14494818089389633,-0.33818179367649664,-0.3803773619716173,-0.46656950704457145,-0.01563549715837877,-0.330305279023228,0.05823124931121341,-0.19255911859377767,-0.16870110566783703,0.14126692506592553,0.12221819517014194,0.09611931985349849,-0.3281754538314775,-0.09924615626378189,0.11974069218096045,0.18458846958208394,-0.010967630338939554,-0.30115072276137256,-0.06679992348055175,0.009969983909001355,-0.3519400742618232,-0.2379873696389155,-0.04408874704760425,-0.17369214143893447,-0.01978975032934556,0.017919901538532602,0.045245407828281035,0.13649743419477744,0.09336937373874304,0.08687625140684425,-0.11111332591296744,-0.17640490235126927,0.024313551460798003,-0.25406086174989345,0.03400631850589827,-0.23813085008671947,0.15790126241846966,0.1370083067920036
0.04923571812622906,-0.21212567032558952,0.39513439713546966,1.0,-0.4168087374286281,0.23270051680529322,0.163454082116119,0.29101057666819086,-0.3179313311893192,-0.4263850254717864,0.2747492021185252,0.16345794530057803,-0.33846463036122015,-0.4597798122765613,0.02974274735062035,-0.1367833882892942,-0.5565439437486142,-0.3304292925594505,-0.016684294705323746,0.09601551595319512,0.5451790989897861,0.5723721763143719,0.40202502061579337,0.595058026714518,-0.11455646721817087,0.313828193867171,0.23565944885508966,0.42517180146540695,-0.4348490556099346,-0.4434903214456654,0.1716542352751587,0.3924009144959209,-0.0568979299545521,0.21251548509673163,0.407665278648037,0.31910726137138823,0.019685847786175933,0.0105476722145085,0.3120049304945295,0.1725389951848802,0.12457581614264733,-0.02136723031404934,-0.31550238565053074,-0.1492855040642937,-0.23315503628417264,0.03430656856152385,-0.32517706288385473,-0.18263755344827304,-0.2864375414721279,-0.34608893557320947,0.2385255904838274,-0.2963336066629299,-0.37661932324630226,-0.38149578392304667,0.023828663468049717,-0.047127885587006944,-0.1947735815037993,-0.44691773475672913,-0.4842052619802045,-0.5064733308935785,-0.3428422907264358,-0.5135907153622494,-0.3700350314660722,-0.615112155785197,0.10557619502936348,0.5166318688265779,-0.14871111010334126,0.40478182862067386,0.01514553665976812,-0.08116268959718362,0.030139631471822276,0.30011548190897736,-0.3320336341017473,-0.06900002068935468,-0.05477798537823733,-0.0014770275800654415,-0.1527503681293422,-0.009558053829449178,-0.25278754573868795,-0.23280843253615083,-0.2759392564996869,-0.4603991119682059,0.17683923289423895,0.12070073277456528,0.11224584393058815,0.39821223533816574,-0.17713689050747236,0.22929383062503525,0.37026923335159595,0.3598801906983097,-0.4047163502183113,-0.24035714394835048,0.21909154972055506,0.37205435736018333,0.0302600965862683,-0.2006189829473396,0.0995043155604827,0.1322118369901419,-0.3421464565940768,-0.24384309095541207,-0.11532334271554845,-0.25701567697937105,-0.0929314222218783,0.21161251097704356,0.25157877272005735,0.00940299365502348,0.04637337921742272,-0.22262922380794678,-0.02491388467200127,-0.18892824044687612,0.36365500370818293,0.023993739088115383,-0.055833861575819,-0.25794195473539894,0.041891513410563755,0.15731946445000422
-0.30036520919562093,-0.0456958851041635,0.02223909095071542,-0.4168087374286281,1.0,0.142868308367702,0.24684595620678607,0.28305327618006737,0.478055345162952,0.6572774440643478,-0.05343180662012387,0.12173338243539472,0.6333026371898022,0.6278281554061254,0.06966523243946897,0.2326545893837794,0.15084305869946035,0.011274807093944572,-0.07323141387395023,-0.24918756862220734,-0.041847134880858124,-0.24596619954245877,-0.24104242141973825,-0.30240556969251503,0.4291550670795632,-0.1428130863650307,0.3293238580026445,-0.32023873322175084,0.03346363662680773,0.09543968121411155,-0.26213178866325626,-0.6780434070337963,-0.34139626457797684,-0.3352388681968088,-0.19249798734999826,0.010870694705411228,-0.10672909379805333,-0.08098663227570467,-0.22729385776398586,0.0064314172915791576,-0.24401758413196858,0.22675821996509574,0.17117073092588836,0.09784043688999643,0.09243388275009634,-0.09789475815328517,0.14154094112017404,0.04106304515924962,0.2376587130284822,0.17144241109906252,0.061367575767705046,0.21355332899510845,0.32562695725474045,0.17158794414456743,-0.051528342071534894,-0.07682909736651254,-0.1549263784012457,0.025399385941958216,0.26169836490030673,0.2900366241105912,0.2848674926155064,0.28116983167612536,0.21915933528473658,0.11989689529206365,-0.1018945341670855,-0.04267341606680667,0.052554892675861005,-0.29599407079098955,-0.11281560562164797,0.08170081841615616,0.14716322962549297,-0.21633389869601014,0.1491400226838594,-0.05596423145522802,-0.1638717502932601,0.10502986328044615,-0.11333575999473382,-0.09431203305418351,0.04663943472542548,-0.06483424572269156,0.1744727373704815,0.2025210965455985,-0.23352948529506495,-0.16538685576333703,-0.3493479826402404,-0.19717526742002853,0.015690704692887747,-0.46802120696983995,-0.21598788493641666,-0.09759497495981716,0.3209446651317777,0.2569692167771546,-0.1671626763342315,-0.2564226438778672,-0.045009298211903616,-0.014864813951896734,-0.25235583406261874,-0.0057193628972802765,0.055413666215817184,-0.04687860907734636,-0.1585539549221729,0.3941972162281822,0.23095138919210478,-0.18111804091101008,-0.15781235395741372,-0.13587782062844095,0.09872439691947049,0.1572395169293872,0.021347296546374725,0.284569503780992,-0.28664916480346686,-0.10386557071414783,0.019806846756643178,-0.04107380546814429,-0.20357908882090364,-0.27713731035434613
-0.3752094236163709,-0.3537815404445692,0.26305617490638705,0.23270051680529322,0.142868308367702,1.0,0.18545851294126248,0.12214127208575497,0.17013536658100553,0.2182187228699635,0.3072461482965021,0.03709535182113495,0.13831142696613305,0.12121103654226871,0.009033867055724315,0.2931880066086631,-0.10409190762830578,-0.11738568140508511,-0.11008975117418092,-0.32423356614031135,0.2970271117385751,0.2724492014532598,0.20676774137553078,0.32036883457649695,0.7114472965243213,0.6947245953330491,0.32614021953309813,-0.09370601456631894,0.009916060125006513,-0.16397249353243976,0.2254236792818963,-0.049116130538622925,-0.009711279128891475,-0.08363817793350764,0.164850639249275,0.03910954159619247,-0.059179530600170456,-0.3684414439855901,-0.16029048067324972,-0.0925016140240723,-0.31247241499237355,-0.029983879201582256,0.08123495931151047,0.23780364850564034,0.07647452454114216,0.08000790063256893,-0.08347201373975272,-0.031455729322622854,0.19765628724285247,0.0012177047571828585,0.4432155452580348,0.041895507367467125,-0.05366463116158307,0.0755613202172509,0.0648047848572712,0.05173595994407422,-0.18660080913629165,-0.2900070781005149,-0.008805119279578387,-0.2594866484776922,-0.08786211950100435,-0.3378477029316038,-0.033399952511474526,-0.37446231288512544,0.00818767731713289,0.17087109985059118,-0.1804084254501854,-0.04398683174071029,-0.20180279445245025,-0.33946361913507633,0.19788098797572348,0.06589752846820782,-0.03283132457075325,-0.06589838177864225,-0.1809122965820203,-0.04139731407370211,-0.16020396079770136,-0.1911196847605443,0.035392331321365204,-0.18527514778809984,0.024996494208794028,-0.19323444195682418,-0.1194710811216183,-0.03573916508839331,-0.21283551466936115,-0.06978723027600298,-0.5477767098673074,-0.08836727192173334,-0.0014720501555056777,-0.09800709754546041,-0.42437633958155174,-0.00998170233689012,-0.32377432585966304,0.32081542103999994,-0.20324924867401373,-0.04934502773800558,-0.21469182146455582,0.16541964957370178,-0.2739689324287374,-0.18834063545292934,-0.1588412693104687,0.21234363498386172,0.2008945970038873,0.011777005592984486,0.10300724218286286,-0.2603546645627,0.2133783179111834,-0.26850958169590133,0.2366727688426479,0.050690710538244664,0.12917140064683152,-0.00441574792771637,-0.008187639970663631,-0.04289751095263368,-0.4111668616370871,-0.2793477302636829
-0.1405425843701093,-0.3102930393797951,0.5773804833039344,0.163454082116119,0.24684595620678607,0.18545851294126248,1.0,0.5106189708913497,-0.1301223593285579,0.06482741578690586,0.1258835136498409,0.04239759951014104,0.3480682853084264,0.24388735520481306,0.2077467804720721,0.1276440116302803,-0.07724863385189867,-0.19266067748642712,0.11966146014233046,-0.035329818371471054,0.31131224606731434,-0.07998963783239417,0.33628546339696835,0.31890926195827274,0.18583225265041392,0.18426150833874183,-0.010926354206461236,-0.11910681369431698,0.13427115818482624,-0.1141881783314553,0.3351286530174788,-0.10364103959396118,-0.09746197702788725,-0.2147996516740881,0.07888997198276845,0.043000081773232744,-0.12048569509220822,-0.28782738551669074,-0.20950463150523374,-0.35173916423623874,0.058193038134432176,-0.2750552020692673,-0.24052337945834534,-0.26138910871680354,-0.09198222928082633,-0.13076210162068305,-0.23933815909078437,-0.3278744800052853,-0.11977644451750272,-0.17407124415895253,0.037770406807868466,-0.30378394483066606,-0.09245471156694816,-0.32318125029707523,-0.20043725061525383,-0.36621972057579205,-0.2471109423549055,-0.31014446222883396,0.01403598355729691,-0.16681216790234327,-0.01011312150639504,-0.2858887166263387,0.12752851466464277,-0.33047336326904714,0.397800460168644,0.2304404802840842,0.24027760741496124,0.20130772899911942,-0.15425581433477867,-0.1078370049631468,0.026787729593432192,-0.201688197957084,-0.06922157718783156,0.15699479037778488,0.09987245714145863,0.08398918517706325,-0.07686158628330633,-0.053003104385945146,-0.041596068544938754,-0.3176006306745736,-0.156172548346997,-0.20503309964362715,0.12232659001258635,0.1616985118237771,-0.02502553201142922,0.126424700228781,-0.18971108616213725,-0.24625704738348286,-0.1481937263842012,-0.12221989701808378,-0.2135458484111533,-0.10396425775066462,-0.09998680366519605,0.0759046050273361,0.009573172545186345,-0.08881349602262817,-0.2664565623737505,-0.024191801285666153,-0.29086710173071706,-0.21462098473951727,-0.14959001358061633,0.1467716243191074,0.062162267581697836,0.002406177460104335,-0.13353362118422457,0.1437777686231867,0.07529817567179459,0.1394901720263512,-0.004227745257837979,0.1782512823424971,-0.15098697432439828,-0.1266087640658282,-0.08386227601297047,-0.4014386681110314,0.18117712128850577,-0.07452879292264747
-0.3728923951638317,-0.30794812654078524,0.4265728425336999,0.29101057666819086,0.28305327618006737,0.12214127208575497,0.5106189708913497,1.0,0.08798638589036814,0.28978111106034105,0.14961789740716405,0.32896555009583917,0.4943174956535061,0.42956130686431526,0.09922663303047388,0.23487593562650144,-0.2639946734926897,-0.19701856426905828,-0.184261930208276,-0.31234966815878734,0.4198330045015546,0.29788641412185213,0.0779606111962458,0.0738359916650498,0.20194290874199244,0.22074965954737238,0.26565323254578926,0.13358821581187905,-0.2148564337727654,-0.30634482162440035,-0.007238792716072176,-0.017241002076280994,-0.29139553175247,-0.15581545707992966,0.13892955479451286,0.22359914729158376,-0.22503342257284592,-0.27020027587612055,-0.22192303149738338,-0.1952091056222908,-0.36977136682098904,-0.16888076452291786,-0.2066975740879425,-0.08201395704257203,0.016909309575072938,0.19381050641754397,-0.20899039061015218,-0.11277293313663404,-0.04287285893786268,0.015785666839384753,0.10922232053409221,-0.13269338453810553,0.009953036278978407,-0.2325297802692857,-0.05065373716818144,-0.25500673512993566,-0.5987906575245804,-0.591684860888193,-0.13012734221701644,0.020722941732762342,-0.06475248930869598,0.10250653633574588,-0.24088545812426534,-0.3964226533419833,0.24631377004881483,0.49097581222003794,-0.009096447473399622,0.3859848540553754,-0.4343155760996764,-0.20582982384289544,0.10521224519213258,0.0173622683860478,-0.1963889416721971,0.01286750652093461,-0.19447877500689892,0.03848459717510535,-0.4830950417132376,-0.21279828182497143,-0.36989926567342085,-0.5000405472897321,-0.4179774824908123,-0.4539980921333857,-0.015513465188370818,0.032252307897637396,-0.3764920622511437,0.16849227605659442,-0.24997931089556,-0.2782812727203993,-0.14208275585766753,0.11163366496698834,-0.047822730889887026,-0.022263800295939967,0.27854521438080476,0.042384571963553205,0.03206558357380985,-0.330232575400195,-0.049428678683532526,0.02344414078665972,-0.15685213679229523,-0.2995432472733653,-0.11334456221652854,-0.11663321855719123,0.05430560314589102,0.043112033259438735,0.03302086906999065,0.03627311860543481,-0.072002217566778,0.08847758778170028,-0.1843537532969098,-0.0013273093959103655,0.028612553759521972,-0.026985000585834445,-0.106039631907985,-0.2485857435588942,0.09655842217358142,-0.038393327428477134
-0.2906834244252204,-0.07273948821451479,-0.022901412423067254,-0.3179313311893192,0.478055345162952,0.17013536658100553,-0.1301223593285579,0.08798638589036814,1.0,0.5744948552067101,0.026244641487758718,0.04180558250301343,0.42276478059029166,0.4629133978335523,0.1652810962259719,0.29578757246881826,0.13920821895469113,0.10170486322950614,-0.3532828962995181,-0.3714764954353104,-0.366651252845027,-0.2976196925096904,-0.13383781457162522,-0.15824199956091553,0.28688981135862884,-0.03200660666306835,0.1358094692522929,-0.24517688838223034,-0.07068897337528449,0.08003145076487182,-0.2483165502261184,-0.441236995174102,-0.13829066967696405,-0.3112119616425853,-0.25535679174820364,0.048966964332329825,-0.07711065893851277,-0.01776873791108361,-0.2315736904492952,-0.011205683956556876,-0.3869127378225983,0.11802796827574677,0.3953908726809939,0.466615029891883,0.4489337539898951,0.3133229375276217,0.3114373484928016,0.44820093106886105,0.5296205582645201,0.5496563757033923,0.19450398307788086,0.5065726595868291,0.3562194923127513,0.4889004758445311,0.045465174081342784,0.41272084222940353,-0.19008592795982757,-0.1097474236721979,0.10283301235939717,0.20426504343542962,0.07473236607353491,0.2315123375224748,0.04740062219190877,-0.019875997253208343,-0.2668638785781727,-0.1650900039411489,-0.1620595054972032,-0.24524596493052084,-0.23163747852816433,-0.12187852160540742,-0.0636340922389646,-0.0030000705224182715,0.088693911114752,0.00263832766396758,-0.16649541448495705,-0.05753631942505775,-0.13203092653120743,-0.09768656326575362,-0.131225880433932,-0.09238006456803309,-0.10825391577293633,-0.011988826106614102,-0.471485795959695,-0.3642069047262228,-0.26425069248208166,-0.09914333262515934,0.03093507911330464,-0.029001660386432662,-0.27852147922660375,-0.15475510438249712,0.3243164912395281,0.13686146006017197,-0.14850493225828476,-0.23661969371355754,-0.3696849925075517,-0.06252389493769643,-0.1068938750844867,-0.16070707708627022,0.17340439361722945,0.09070368748215013,-0.14209193169668097,0.023836183726245595,0.08089301281553295,-0.30393319140026714,-0.11695692421793663,-0.15640212779259643,-0.1236672294552276,-0.11133744999007089,-0.1496226327425014,-0.10017142267094477,-0.2282250827659488,0.07145182633717209,0.3164606868655675,0.3905307355471294,-0.08006100714279511,-0.2500277358661131
-0.3069700833896524,-0.050964711756946494,-0.032435412287218184,-0.4263850254717864,0.6572774440643478,0.2182187228699635,0.06482741578690586,0.28978111106034105,0.5744948552067101,1.0,-0.04376961171141659,0.056327410530118124,0.6306497867559034,0.699401831178101,0.09177881211046743,0.43801438717942265,0.03738921303502524,-0.025914066108548465,-0.15891239761088205,-0.3155881982854842,-0.2038511712683957,-0.2252863377464121,-0.26374219045296426,-0.3398935163974637,0.4662758724702075,0.13425055225381385,0.22916991783344678,-0.2638112741370025,-0.05289535215390268,0.06934815734825578,-0.07802332459552544,-0.4555697922146286,-0.1321757455610052,-0.22961746506718816,-0.14736662667557168,-0.11214770523257657,-0.20585063792315023,-0.20524127860617752,-0.30627020788254156,-0.19482813500335733,-0.48216082908438296,0.11261626365627722,0.45359025577130735,0.44756624045717347,0.44167067407107297,0.3125916824229828,0.3625932005071195,0.3353318850084542,0.3868266870554424,0.44510704756935254,0.22073586367028714,0.32917554458945353,0.23744776438149204,0.4804371431529778,-0.07197828330036792,0.12121356751637634,-0.2936727412361143,-0.20831289001672418,0.21228783168196708,0.20420635404617057,0.10062587620898517,0.32682425301371754,-0.0447428041079343,0.04072132901305253,-0.11503140782451313,-0.0111071586634888,-0.16236994696026055,-0.2912516836098731,-0.20113382072868857,-0.16782204900336786,0.011228847680135236,-0.05575094735802169,0.008236419091755959,-0.18001363714552338,-0.28622645820097053,-0.14949590036666888,-0.18300240948764576,-0.23362627776850128,-0.17846283587943143,-0.2274090505585951,-0.01574435960839013,-0.02301527615219201,-0.39775700572439054,-0.2988397355757607,-0.3967655242075392,-0.167609216721113,-0.18198268722435512,-0.27833784814607454,-0.36106071123241745,-0.19332190797046786,0.3343089730967301,0.3980245830672986,-0.05519468307624247,-0.09954735042246202,-0.26903890768950295,-0.13854202936456875,-0.2809614883188401,-0.1282681132321962,0.14761482897713257,0.18244119928676386,-0.24705664047275638,0.16385944194950558,0.04098887658312734,-0.1692229850941268,-0.14995853614866486,-0.08227026925092294,-0.07097207395092302,-0.014365160397301895,-0.04511486115409154,0.018568433214703996,-0.117042120239689,0.1997869779557739,0.31102604667674727,0.16893201745047454,-0.19967810879640632,-0.27521825175153664
0.21671711554757428,-0.13979054433688615,0.5151126747196597,0.2747492021185252,-0.05343180662012387,0.3072461482965021,0.1258835136498409,0.14961789740716405,0.026244641487758718,-0.04376961171141659,1.0,0.5049151762711398,0.2735334744714668,0.022900273385985517,0.3128577793101496,-0.2079492714667602,-0.09118831277546727,-0.1820965555793536,-0.44442340892969834,-0.4271805626021152,0.2024738158747833,0.09562472983566907,0.43302061167160033,0.14077107801646885,0.13348062699735305,0.08604653955491422,0.3853715634839669,0.28469039063651935,-0.2774197391446945,-0.37990100173039354,0.016326204115511816,-0.014707475265381091,-0.05602223715311171,0.03623126948808773,0.034772054633471126,0.1697898178700964,0.06535478368517308,0.013501660963684034,0.22360485439719827,-0.21124994064536864,-0.05025417049438194,0.13511538000409024,-0.2223405176103497,-0.015632415339853517,-0.06585722211814365,0.017160349008332427,-0.33287244482248984,-0.09671271576578969,0.13739285210813967,-0.06866183107069405,0.22786706200766715,0.032767594287905134,0.1230147007748303,-0.24277621666679788,0.12420324396101157,0.023320314907542498,-0.14583644215075825,-0.19390609002682105,0.21695014539237414,-0.15342427413802928,0.1558022267711713,-0.05124802740875335,-0.2887303345691045,-0.46987695949580754,0.20990754480359822,0.3328899886859101,-0.3472487711589228,-0.030731739154564647,-0.2279368544458257,-0.3186618355504891,-0.10849152386436839,0.014963125713602055,-0.121379926832075,-0.10193591150269567,-0.15505282216490912,0.16528212527994038,-0.08256706238099298,-0.03514035931148542,-0.20392894153006186,-0.1077923207328795,-0.2753131273285522,-0.4298586215284889,0.08238526074973082,-0.30764031714671125,0.22823301664797543,-0.22610553517409732,-0.18837844404032011,0.028070360354994595,0.2579178096324418,0.30887765430346414,-0.4111012919518833,0.1290249941797067,0.07550810382256655,0.2832791060934654,-0.05065627754589056,-0.15185873559887522,-0.16371662950813204,0.05254641058476959,-0.32648359871378674,-0.17137823991993323,0.1409767834836235,0.056474539474055355,0.07807744276569625,0.017292924352347784,0.19980794290857917,-0.01936617277007849,0.24481533815254966,0.09725735628776694,-0.06992782489275655,-0.11399215940205201,-0.04364376305251032,-0.12600418384757356,-0.13645190077295163,-0.09673075676292286,-0.09982326244389039,0.06647969315862691
0.09807642870950095,0.12688330121405675,0.2521624148250417,0.16345794530057803,0.12173338243539472,0.03709535182113495,0.04239759951014104,0.32896555009583917,0.04180558250301343,0.056327410530118124,0.5049151762711398,1.0,0.3089157777747214,0.23596763685745226,0.28852482241281424,-0.10498119997851943,-0.25479040925084956,-0.050976678650560416,-0.36719946365288225,-0.4624848516836459,0.23021353070423442,0.138037102078194,0.09149761031656176,-0.05313504908715797,0.03469823482015681,-0.09440504944331483,0.3301496782855408,0.3457941433737818,-0.40993427690458,-0.09032238273561195,-0.07839900266641596,0.009154050256077774,-0.360788504112621,-0.1642923117914401,-0.039565764010720365,0.21883522493353866,-0.26698355073191,0.1827585616277045,0.008890892497496352,0.07496114332195837,-0.12970061544223646,0.06084281774917239,-0.2385891572048697,-0.10427290504317578,0.08752370799528136,0.1499883645675586,-0.10219984622631781,-0.048357653815105595,0.19593569392149526,0.010439601200297617,0.1495601862994073,0.12266607178111767,0.2224473906438783,-0.18058451160638034,0.1169718015909077,0.15454935635934347,-0.24612012275575848,-0.24186828090283555,0.15454986020836722,0.062154314588202864,-0.024952242511879958,0.08643855065403762,-0.26739447931852606,-0.28663330821226646,0.06564260700920513,0.4400552410989423,-0.22816486012557052,0.1661771271476926,-0.3439479047741378,-0.30548243921399804,-0.1953033658967361,0.09284187867942459,-0.12369917494736728,0.02870480084975746,-0.09760289057550407,0.075288142746663,-0.20405607849325863,-0.036939019313710776,-0.3246851944804017,-0.168359950719277,-0.3821046707597135,-0.363631630480481,0.04144234099518759,-0.1318308475702601,0.04749971848206808,0.12034755049037428,-0.027690253882141323,-0.01992972269129618,0.007718221400740472,0.3020232113758761,-0.14433709929706906,-0.06220108350982802,0.11489688987722169,-0.10044303930718708,0.06121880773689575,-0.10366672043047621,0.11346404372369345,0.17129389162278902,-0.02911897111826507,-0.1498638179020388,0.20697421757416967,0.007021074893905228,0.10640137479239344,0.21802088920971152,0.10301918060368184,-0.16685663996085087,0.18782036539530797,0.08782035111640786,-0.030678606972953982,-0.01244642964939045,-0.029020100107389108,-0.15806501834521988,-0.12702476582352953,-0.06182911456140737,0.03643270769265588,0.07754251340815273
-0.2513949235248156,-0.09017633051836974,0.17050499392423452,-0.33846463036122015,0.6333026371898022,0.13831142696613305,0.3480682853084264,0.4943174956535061,0.42276478059029166,0.6306497867559034,0.2735334744714668,0.3089157777747214,1.0,0.7308352640380137,0.4332072782783602,0.23075926493718205,0.20863200819557837,0.12540383533829347,-0.18404385171875506,-0.40431524350346454,-0.13414945297649591,-0.22969956272929515,-0.12176313007902433,-0.21081737174633894,0.29722791742692517,-0.04759290679403315,0.19306252258695047,-0.22229223282144037,0.12675716820812685,0.06509387844303342,-0.11529010065028573,-0.36747472682336096,-0.11669740774153713,-0.3241295698142427,-0.3514147212975768,-0.19325159650691096,-0.036213958068230176,-0.030444236076393044,-0.2984213286019123,-0.2884187133077272,-0.2505577179121569,0.13040603954091004,0.12693732958751164,0.1659194848739789,0.2540191911210428,0.05915585344720652,0.0937377298492174,0.015744084488582014,0.3220082870016119,0.22931907453471786,0.02183293992443403,0.15006101836022967,0.39658006705021687,0.08283714395896104,-0.12527662253569877,-0.025396439661720862,-0.3580977466461794,-0.24848171394153176,0.414298871112279,0.23387043081225575,0.3600584001688404,0.3629205109482279,0.15576295156388456,0.009053627803160115,0.12797271812187563,0.032663262931717896,-0.11616184776523195,-0.26531231770157065,-0.28021136591270657,-0.15689417239574827,-0.014662226391204961,-0.24944220751669646,0.16422302228912936,-0.027340324117356984,-0.12437138799508281,0.10071847127319292,-0.19879375807759903,-0.08876886402784182,-0.2211791396507962,-0.2837556862828564,-0.14384822830596822,-0.08399848341742602,-0.1796030540736477,-0.09066113789432441,-0.44956348828469167,-0.16201250534435668,-0.11824821369506862,-0.42290409429807585,-0.4006458169781731,-0.08271049946668543,0.16069556196345328,0.2399409719497117,-0.10897010686339283,-0.1145001736331352,-0.09641693543614686,-0.12701729099424205,-0.285721344350709,-0.060840179256865,0.01882037033926272,-0.08222824338060979,-0.16450191862108157,0.2226126243928676,0.12431951552888149,-0.10994373451666199,-0.14362423134977578,-0.07713554847623069,0.012071969437777868,0.17073166166785939,-0.10527742019265683,0.05869555207257361,-0.4178498352951237,0.02528876703301498,-0.16714011770349504,-0.10138649454743308,-0.09169900836519289,-0.2273651125141272
-0.3424795865859682,-0.1576222647029298,0.09746206848466996,-0.4597798122765613,0.6278281554061254,0.12121103654226871,0.24388735520481306,0.42956130686431526,0.4629133978335523,0.699401831178101,0.022900273385985517,0.23596763685745226,0.7308352640380137,1.0,0.13646249538437275,0.29635337811347534,0.1737831560548601,0.10537285277951618,-0.21416765845451569,-0.38963652429655193,-0.20802673423630344,-0.11290416289988156,-0.22211434178321693,-0.3675232076784676,0.338883998324518,-0.016421051014310118,0.2173695321445003,-0.31226513229149666,0.13493684535246256,0.22164390099966555,-0.059033520094445895,-0.3260558913809078,-0.22310431926519084,-0.3704439003779757,-0.3242390809587953,-0.048243017529005304,-0.16935625823792827,-0.19683905198821858,-0.46514782209166033,-0.21897482191664125,-0.39068279819211804,0.059192710301304984,0.19925907698261963,0.2756031361236863,0.45138227398180497,0.3224193150174704,0.19268600370946523,0.14018605778895438,0.45263845987053614,0.45555029437333183,0.13050517601997455,0.3130846517179121,0.43329311529541553,0.2799512650223351,-0.20891257268702176,0.045833361186754074,-0.35481980406523167,-0.21718239464729228,0.2586140685266187,0.24693385533241702,0.08081053191003136,0.29226413975871973,0.1276113409343052,0.06834149169724063,-0.10394180635331547,-0.15235743597091686,-0.10582832343731499,-0.18419955149485265,-0.39182573962942807,-0.20889610446779203,0.005850138698558131,-0.18541953846884868,0.1429883751606368,0.05558979871657885,-0.16100669347765478,0.06963313406600455,-0.27084593396674655,-0.1582552968023641,-0.035572803711166105,-0.23076399111484283,-0.04413717013029551,0.02440218016345894,-0.2459224310693422,-0.19376640801373887,-0.4215996139957891,-0.28289932727201916,-0.19452241955448832,-0.42972156808427886,-0.5583494911997181,-0.24983763809232323,0.15722439828526594,0.17556548173705436,-0.17675941964759867,-0.2084927450733589,-0.08586873320269935,-0.07924237181959076,-0.1071632019413575,0.016222485349563505,0.3027788793674992,0.00878171685902958,-0.03457442371109052,0.09937494893004252,0.0957735954509058,-0.30986379215232185,-0.20218836332071613,-0.037436218537264,0.04291575558866625,0.18997498139944988,-0.027494586170337985,0.13877503719381823,-0.24376210362311349,0.11755215380898434,0.27162854231811534,-0.054158809277317276,-0.07118211877309881,-0.09508876064680216
0.08914928687269828,0.1747547960969482,0.04219016266216092,0.02974274735062035,0.06966523243946897,0.009033867055724315,0.2077467804720721,0.09922663303047388,0.1652810962259719,0.09177881211046743,0.3128577793101496,0.28852482241281424,0.4332072782783602,0.13646249538437275,1.0,0.210252583692195,0.08725217612923199,-0.057239906164394255,0.16840407467396826,0.081815965457681,-0.13840428168526017,-0.24558153307885844,0.21288263863507267,0.3077455145548722,-0.1603293022964732,-0.09040561446590739,-0.03333992874217336,-0.2492393456603675,0.14908634084996739,-0.023831240791140674,0.015033088226556303,-0.024626881753090187,0.2615312734818946,-0.0035149878269489735,-0.4958615457419147,-0.3227411471111241,0.1712337382688368,0.10422358875863823,-0.0592733707986266,-0.2846723646826035,0.19053409196603474,0.2188608396697444,-0.24853423014181789,-0.12578512079725834,0.15014377443073665,-0.0212694861214903,-0.04240092261503332,-0.31596421651295287,0.11715814887654277,-0.02148870452169763,0.08892014138466474,0.09656197967970497,0.12557680017406952,-0.15535602501889492,-0.10080209054443358,0.06694376349795193,-0.2517176954675941,-0.13019084789670976,0.16856732915055467,-0.020879488313527355,0.10871956140414114,0.04285859401424082,0.26181107537623477,0.03437186472686193,0.3304518082440177,0.06072129065312035,-0.09699750375270602,-0.19122275421274917,-0.11807634754116167,-0.13600825567245256,-0.2856354368124008,-0.10803296952131841,0.021258452064676484,-0.14130357179407493,-0.016104845096765078,0.0940322750044207,-0.0029976128013931183,0.12600548651920657,-0.1790484575182004,-0.2216422708164964,-0.13076763206072534,-0.10800558523369197,0.13128209211221345,0.18856319540892835,0.09525793501447455,0.3505595189756311,0.13623870364608587,-0.05957852535868061,-0.214078918257031,0.0626552230604567,-0.2178458656160281,-0.07677879614155929,-0.2910315084924088,-0.0050760696842166815,-0.17969794424031382,0.16697496199953085,-0.44865230544335677,0.07195649713589508,-0.19108672745859487,-0.11273329386642116,-0.08125004254818916,0.2144786933329138,0.1291474776299313,0.04304929961408364,0.0012516884584076078,-0.09659183980722388,-0.05739267480669444,0.09786683164132416,0.17190382464906867,-0.08729762400077062,-0.28136000595900995,0.06861342498724876,-0.07580981303367677,-0.06821084880968517,-0.026847136992095347,-0.07352094313243238
-0.3045404898124849,-0.20952309286235152,-0.20738770864953482,-0.1367833882892942,0.2326545893837794,0.2931880066086631,0.1276440116302803,0.23487593562650144,0.29578757246881826,0.43801438717942265,-0.2079492714667602,-0.10498119997851943,0.23075926493718205,0.29635337811347534,0.210252583692195,1.0,0.02049919648451228,-0.05595247943793698,0.14279246171140686,-0.044774486917201706,-0.04175433074704102,-0.08844709755987187,-0.07191422485466721,0.07282168897538742,0.22966083629939982,0.27778575999924876,-0.09619000666676991,-0.42265806864920863,0.21447497764432114,0.18303147495404276,0.04640924439339111,-0.10484531817133212,0.07619120438300724,-0.07206457600340313,-0.1976868097684423,-0.2132006569295658,-0.18392018045143457,-0.4652619624569735,-0.5459140516845776,-0.374105215475271,-0.333498125236769,-0.06252507063413472,0.18349593233495393,0.2297546767098414,0.23002413309018038,0.22501569348672742,0.20572388429428315,0.12434690252076112,0.08978220984229064,0.15796813065826812,0.15240095850320437,0.060373611077907945,-0.05187134970527268,0.15765833585450498,0.11769093360846299,0.07466962389018623,-0.20845945320092624,-0.22884966187811984,-0.12431053685309884,-0.10772919076579725,-0.05960526804225573,0.18810773769379094,0.1929062786908939,0.056740997991867555,0.17133303060833105,0.02116764731340733,-0.07530333048513208,-0.09432711776498137,-0.22694353956177102,-0.17856228942018296,0.024209697885847457,-0.11807189231076722,0.040720096864553565,-0.004569223839522964,-0.11276270151539451,-0.02212633416632028,-0.14828713327569717,-0.16428529934182748,-0.23055983379178546,-0.11605830473176394,0.146467053935189,0.047452602943209445,-0.11667191763778764,0.13942857751598345,-0.17224399503015256,0.11689724622738394,-0.272734703873229,-0.2259394327134747,-0.2558806125801744,-0.33939058194685745,0.05723483227564541,-0.014382655996754574,-0.11050962049860771,0.10986515777804409,-0.13448792682967048,0.09185544429663921,-0.05456548264032003,0.08030878954353352,-0.0414161922793833,-0.15472179931736627,-0.1696306019435098,0.09509788333684306,-0.07045122414259525,-0.20088373062895906,-0.10838630472152075,-0.19756046291925747,-0.16407179734037408,-0.23585427698353503,0.04072950691082273,0.1659361960790741,0.15704982095623038,0.2171698740680144,0.05474855281845689,0.12909119341097103,-0.19831502954181465,-0.25233483529265543
-0.07273981935498418,0.061207132791099315,-0.24181799631979986,-0.5565439437486142,0.15084305869946035,-0.10409190762830578,-0.07724863385189867,-0.2639946734926897,0.13920821895469113,0.03738921303502524,-0.09118831277546727,-0.25479040925084956,0.20863200819557837,0.1737831560548601,0.08725217612923199,0.02049919648451228,1.0,0.5146079468970273,0.032810072486857925,0.11740102096775284,-0.4728646688847696,-0.405590439685519,-0.2149220878533248,-0.23359410855988594,-0.11906582345014649,-0.28362719538122205,-0.08319750379398375,-0.21438006399396262,0.5011642240318109,0.24476410288483166,-0.09728818600473986,-0.15495031889411662,0.11448511473391694,-0.014797325480414967,-0.26697253023798434,-0.41143288180152804,0.2849330691478364,-0.04091644276175514,-0.08797532329339006,-0.20511258163974616,0.13209866436884563,-0.027222849435697697,0.010398230481632085,-0.04529213096149217,-0.08472226735515304,-0.2841205398353804,-0.0007702875679653963,0.0011836896059307113,0.04388416762576661,-0.020016615074812647,-0.395646776899405,0.0022436867110022358,0.22079041704278732,0.055846408457122854,-0.07503964836243264,-0.1087878425036019,0.4037239387087884,0.5370411492238993,0.17099142074264975,0.10913857013776988,0.20522043462809725,0.2084396286300221,0.46615315209285985,0.38702125239952295,0.031938518656842184,-0.4484465547653317,0.05375581587432338,-0.37438693875669854,0.10839454222136695,0.13475785568178142,0.13457012917657052,-0.25364771944060027,0.37468923765244533,0.2686197147130816,0.37518274640944455,0.1478194570212119,0.2479811802504714,0.07611823508299081,0.2967603128509161,0.5083423510677908,0.3974877981061014,0.5878468080229232,-0.002116478271241071,0.07422984466796076,0.06468652185671178,-0.20705579841362146,0.08894436968567414,-0.06792518611984642,-0.3044022261886536,-0.3878914921627406,0.12163654392270531,0.06389241058937457,-0.13097246645114863,-0.09051558774107572,-0.15549233896684275,0.12443302208602931,-0.01956356085267291,-0.20383688514254192,0.0674308390798258,0.002170155434247366,-0.07991188567609651,-0.038328204976045235,-0.05937680985301454,-0.28314346444855104,-0.01685278965834309,0.1263669512820189,-0.21084577543172248,0.13205718880876324,-0.052637210705470734,0.07182414399445068,-0.2516959741288121,0.05325441698000873,-0.05004796733851885,-0.006216102657642209,-0.04744134027718324,0.009129050751242181
