1.0,0.31151782679994006,-0.1950043890686585,-0.1913023065498871,-0.07415226952853261,0.04587499942179793,-0.3282517204008893,-0.5101475242783189,-0.19391152961847252,-0.37790221606592134,0.14780194643873948,-0.1524710292581971,-0.006864889290252009,-0.18570488303418442,0.06917774574631692,-0.20656322281914685,0.1097744403078405,-0.01121845807216766,0.42539173421814663,0.4367455857314746,0.07678960207818115,-0.011837983660910968,0.2848082592575052,0.11788715609564882,0.19089672113778408,0.09331899369929812,0.053040569075328926,0.28200729647869327,0.12922636994030803,-0.0314960129605225,0.2538190938401465,0.13038765193536836,0.01441224108217783,-0.034189328284446624,0.23358036344789704,-0.17296527107040616,0.09068054144815733,-0.051808457364336015,0.04925946421209962,-0.14079440272970298,0.25306525383870426,0.005518094901725333,-0.07872845957054858,0.17292097917000637,0.0740099098399624,0.17051071531036344,0.008624753649972165,-0.002393374043131924,-0.20250638620054928,0.1470635877540368,-0.2874674275278695,-0.0099192877102242,-0.3922682799075847,-0.04778520681863841,-0.23680413084724738,0.1779907616679782,0.4249124068202954,0.26506884353222987,0.010876924817073457,-0.22974914010491773,-0.3385478251325742,-0.4604363844893005,-0.188225530714165,-0.3148161796480686,0.22327597045103767,-0.3780293188300165,-0.1157848830804848,-0.060192510964506014,0.3058820203987279,0.3275452742474969,0.2166921325216488,0.1985946038871003,0.06705162576967427,0.006971181645470006,0.08306849168470727,-0.08507596254014847,-0.05459188996192992,-0.07688667684752647,0.1990673726488111,0.0012640147944497108,0.20179577168817187,0.24991292015670477,0.3023729732974879,-0.014232357201281033,0.4607223339380642,0.11204952878357113,0.3634715047475406,0.3040304261950303,0.05186258054624121,-0.19778497993359687,-0.47944315720284164,-0.2120716471527341,-0.5190791973555227,-0.20066281942411393,0.003105948653202197,-0.11949237002659693,-0.030959419008694918,-0.15263034726450903,-0.15024502124638245,-0.06417964997637284,-0.05741757958354454,0.1476495714419413,0.10426543955431256,-0.03615531289953099,-0.020202758532970384,-0.29315718175415495,-0.00217960709634628,-0.2042559096993397,-0.11922309083572567,-0.016263349337642674,-0.29351626573649675,-0.17898773337200116,0.005818780739601162,-0.15202463006818767,-0.2366693414456364,-0.2824417966752156
0.31151782679994006,1.0,-0.39980437048840806,-0.05591334649850999,-0.5235443617763028,-0.36519174762696804,-0.372920578694565,-0.18814548127786856,-0.48688310954350844,-0.4928333525638965,-0.1497204443455076,-0.0015357705298756441,-0.21655896708198816,-0.2486491686199851,-0.3599899824017761,-0.29363115099658676,0.240095091197892,-0.04048474818801324,0.2086797410614925,0.4153527623328119,-0.3070758371833843,-0.16255622313776108,-0.24097039196148307,-0.4116622750810072,-0.1592509489962411,-0.07041997218682841,-0.34096436644495814,-0.14832558629219547,-0.062466784312412565,0.08343758314275217,-0.2217409367803873,-0.1579175057027936,0.38610109414277904,0.21684282465573224,-0.08071687023345006,-0.5147699166747419,-0.18186283110272466,0.15599711551947482,0.01965078306547261,0.24861979029245243,-0.3330599710106148,-0.18367407808060146,0.24166301895708536,0.37538952537129583,0.24651693442192874,0.33475393756814964,0.38622169673093476,0.09336635671445231,-0.009916884470292304,0.5196649933163418,-0.01881957244530315,0.4299025476422092,-0.10771464256173562,0.24624643206021918,-0.04648637316031672,0.43070603241793515,0.6182742996365264,0.6474049344059769,-0.41309451474471515,0.06002410236104033,-0.5765300241337423,-0.03172480135584915,-0.2278049986129129,-0.2127808130998247,-0.35529065958698697,-0.1771901431287497,-0.01901302781295979,-0.49263420106775285,0.6274209396674594,0.5384180065036074,-0.2219703120140724,-0.04759129053173744,0.04443272284141331,-0.09980470331424852,-0.07129137316537487,-0.1262315527409108,-0.172670579758021,-0.04591425627175577,0.42145088226441874,0.30657449757441735,0.20812335408678861,0.3453830917126805,-0.32520061131701133,-0.4713277408135135,0.045635814883674936,0.10460037864060066,0.08389520443435045,0.06895070979751836,-0.1425329100729561,0.10878017873047878,-0.328508374744223,-0.5707136743255757,-0.356779655189783,-0.43746278108760916,0.22038257552865498,-0.16126209447074658,0.3058111609450007,-0.031156746913148337,0.17943383833880294,-0.0333728438441691,0.06957604786168002,0.10236234611953231,0.2253315647596036,-0.13801761719701752,0.046217931055563974,-0.21666593587104507,-0.27829058811649376,-0.0762112458030373,-0.06799990870242328,-0.10890300423915554,-0.2880099359727984,-0.1463740950363122,0.15806408175057524,0.03487670056037057,-0.15544269018239762,-0.15437874123722062
-0.1950043890686585,-0.39980437048840806,1.0,0.10400724431261356,0.2571714090451978,0.27432164829148575,0.676666138248175,0.2817242744920256,0.47225956098847754,0.16633997512764143,-0.0719170492199396,-0.2635058948279536,0.2174848196598759,-0.178514069434281,0.23050728497054732,0.0799814167178885,-0.37519776923458964,-0.30018447706862345,0.15846952714329937,-0.1728046784232797,0.343384041436784,0.13109562463984156,0.4344336621650175,0.2676112387988646,0.09162604305447175,0.06929884529442107,0.1747344571120153,0.04860605769986491,-0.30242738670698893,-0.532428909051175,0.08534925336301509,0.033082588192979726,-0.25144685842508563,-0.1779271500842638,0.025872444014792707,0.24307338859055808,-0.0947301877540509,-0.2624814495987913,-0.0585969998096618,-0.08019822766388734,-0.11069094465092004,-0.07850120247977123,-0.1603696151589093,-0.2424929971521848,-0.17300986410460245,-0.231064294297664,-0.25882669967417316,-0.15399827670685928,0.12561218832899076,-0.22785828132235203,0.09408908777417245,-0.2000952220765218,0.09758400587757537,-0.159686095973798,0.028656559164165745,-0.29611343111996635,-0.4247191752312709,-0.3904327136812945,0.23724064399212683,0.08535501430651797,0.4150637532154596,-0.1422513268028594,-0.23506447620939547,-0.059957313282966426,0.38291440191367787,0.03290338501569189,0.2061973168936724,0.2978015983952302,-0.24738292698064776,-0.2558931746965126,0.2758623365843786,0.20897517215275124,-0.32987453351986384,-0.06618555740533914,-0.007186224084860014,-0.10067265233807182,0.08769085336266357,-0.05436769568225397,-0.4952080178939588,-0.1889255226363537,-0.3968704026797012,-0.4479382334501802,0.13265277558641111,-0.14391616990424314,-0.22535550990325445,-0.39643692565103417,-0.23738547802866491,-0.24922189897381314,0.3310264440247261,0.19024471077794808,0.15099616167359253,0.5644018896408736,0.3132906800496258,0.5863522665674246,0.02133513650008792,-0.14927805233474176,-0.2593531747730317,0.036580423481957974,-0.25442654803741555,-0.15251025555917797,0.03814030163056832,-0.07432996884340785,-0.27824635771477096,-0.04885035033539981,-0.15809155056613308,0.04763590129977993,0.048895345164788336,0.10069173120145124,-0.08398924719811927,0.14755131095818308,0.11656110661812859,-0.03440959321341873,-0.35262706541018435,-0.08732032600608956,0.12018404417441252,0.3333630795826207
-0.1913023065498871,-0.05591334649850999,0.10400724431261356,1.0,0.2577082757832402,0.1130589317528824,0.14771786522093808,0.3495228437671731,0.20292632097742305,0.2651543085080924,-0.2986698157957864,0.01194269042132745,-0.1223755309473702,0.13459651038057768,0.3319377584606406,0.49356755231282423,-0.08362556483860152,-0.04267144379953042,0.1609220849175009,0.16436995728851794,-0.14648367138814913,-0.12459393653665367,0.00349056009341211,0.22292604304716893,-0.4606702678841552,-0.3294773365107152,0.0006813414223598548,-0.1754257362556403,0.05611970267347538,0.04288820993813945,-0.1476585487027634,0.07943335051615578,-0.1801268114245724,0.10442011470031479,-0.18976519766074865,0.10828187604373835,-0.05690924855453749,-0.1506982815666729,-0.18309515110608532,0.08698291837926919,-0.01843756860010093,-0.007367448158849643,-0.2012432783453025,-0.2026553975459116,-0.35327102001631144,-0.3723646932198622,-0.2671801669073402,-0.15754568078276937,-0.3119573290033814,-0.3473740891539556,0.0066279535444297025,-0.4004835924525805,0.04734934068161933,-0.16026333514393945,0.28749082991541647,-0.1409906300190424,-0.22496936485909236,-0.15941262450308138,-0.10432230036654036,-0.10710885422034304,0.0176976203797706,0.05919952754791819,-0.04013296221696192,0.05028246662914939,-0.007247161076828236,0.29791182097716185,0.08480367070697697,-0.15412090792600958,-0.05119250590130878,-0.1131463761611365,0.22552974980610693,-0.04988165473233212,0.11281259481103555,0.1794379993952823,0.05605310958129438,-0.02555916992670611,0.15568201409980867,-0.004653116753562803,-0.1611389563511212,-0.14649298232503816,-0.20358025182709202,-0.152318165294991,0.07905433784430481,0.31799403372683516,-0.2374355374854958,0.06593358690752325,-0.24897889671324802,-0.22838645985148404,0.39442673834018604,0.36344667529730823,0.11671932847783031,0.04585184672888936,0.19378282833413887,0.2946151357937516,0.20379175400718885,0.27200660562533296,-0.19672213607822042,-0.03681226606103952,-0.09280630889684889,-0.11434702840790074,0.057995952918702534,0.3767966057563423,0.010689292328997449,-0.16655957708135632,0.10026929681690092,0.21627815863209698,0.42184500583849693,0.07635662593655433,0.24688229950901497,-0.04554838026107546,-0.2496412495575661,-0.06309340459944122,-0.25832594280309096,-0.07528150901166158,0.21824167375509304,0.3899809416154899
-0.07415226952853261,-0.5235443617763028,0.2571714090451978,0.2577082757832402,1.0,0.8098081809169104,0.10762631179135235,-0.058891552748720516,0.49032252390848247,0.4950465679607528,0.08598337289827883,-0.12634058667802717,0.15209646048968758,-0.0395101835873975,0.5396935762455226,0.4437265968177144,-0.1324349528874564,-0.20647108340623582,0.0991841561364057,0.043356360719761726,0.5186454082614649,0.4399855614513258,0.23709101800247592,0.38872978028931465,0.3583834962984424,0.20834001119278875,0.6695436366604844,0.2696152108867301,0.14963746731964325,-0.16274915876255325,0.21142107889498735,0.2438421621771432,-0.23907193433644977,-0.1504991507535041,0.12591903118533643,0.18336696443638814,0.21112644216967663,-0.09107158360925383,0.18615882309000065,-0.01245968295859366,0.4079853103190696,0.24047443769364346,-0.3283131325317835,-0.4719290810864504,-0.45827026461030923,-0.5275527211087848,-0.46745336082640065,-0.3095620020055613,-0.30433360111743973,-0.6989792708195023,-0.09066899012246771,-0.5644689862891542,-0.03020434602177505,-0.39286541168786476,0.009404948275877636,-0.36526264934642866,-0.359737289025828,-0.1933593666309877,0.3684577770800245,-0.034172951420182285,0.45271223565758195,-0.07212564076997577,0.22257894699280895,0.20285014419821532,0.22912900573949047,0.014067904381343992,-0.07552023122447465,0.2920930271848035,-0.17713750557183722,-0.17335330392406958,0.3221642870520978,-0.03976460052241125,0.08772558318251225,-0.061460101095769895,-0.033274317533158355,0.02282356279217016,-0.053450978500493254,-0.14732735669191346,-0.3328336508087627,-0.23754034180252293,-0.18060915957605508,-0.24798387429499838,0.5367067800370653,0.5995174627913622,-0.0872463945326446,-0.022743642313930473,-0.055927506650055185,-0.05875790225934187,0.38519396496184644,0.23908989571441688,0.0628756589273327,0.3431444752224381,0.023481971053606616,0.35677419701151347,-0.04552605194143838,0.04882997079873794,-0.21977092136805196,-0.03807054445963761,-0.3803545018947588,-0.18181903111430153,-0.08157166516349255,0.052219891167679965,-0.15269203696062042,0.06492912552043881,0.09511043451201705,0.31839105932391165,0.05693691538986806,-0.014085737228606588,-0.013079652094884821,0.1666381552220042,-0.04251546061624627,-0.022700174153307003,-0.30201630044938743,-0.07520071228250853,0.20053349263310175,0.06260048109113232
0.04587499942179793,-0.36519174762696804,0.27432164829148575,0.1130589317528824,0.8098081809169104,1.0,-0.09690897578076037,-0.25216091486196746,0.30573312724341345,0.3380935334698218,0.010061512240359559,-0.19370853030765542,-0.012473582095951235,-0.23540718412233183,0.30055739349988336,0.29523617530049323,-0.0897316191994607,-0.22114084714926543,0.20359689672738715,0.09972694207520699,0.6373159786391768,0.5341040773601149,0.12008531560707311,0.3758868333149781,0.42368468576833135,0.30729931415068895,0.7330566829229914,0.2899275623026607,0.07520163967104739,-0.2270619110672715,0.10912575723370015,0.14394504491196677,-0.23384660159118392,-0.1637078942060902,0.052157722942371025,0.07613173159670805,0.07577248864581508,-0.13384440376233966,0.184873609499585,0.03076616738268871,0.3559090982596291,0.13540863688433416,-0.24296694708961375,-0.2896318659322879,-0.1840786478808573,-0.22466029209272034,-0.3745836528911609,-0.23254067836069886,-0.14899962177048698,-0.4607727257730321,-0.07799903849606277,-0.4827185816032582,-0.12178207104744129,-0.41901788548565394,-0.08436495387282783,-0.27473358353710114,-0.24391056026050817,-0.11018286946128432,0.4333279958130487,0.027796546727645175,0.3225119664377997,-0.1485047369751669,0.27935372803443387,0.22873901078063874,0.08100906944158616,-0.25263031532892766,0.13412466754992997,0.39597981434307084,-0.019020635183585922,-0.05134735324009896,0.3336098739690715,0.022983931058146705,0.060889345588475766,-0.10170112215745729,-0.0974450427732252,-0.04478157284169477,-0.10498947043030486,-0.1483523887926547,-0.217422200072266,-0.05893393203827341,-0.013461996040009633,-0.09063174293834775,0.38529065400243695,0.406915688026477,-0.0368683964178738,0.016173192377683616,-0.08607904763962482,-0.05546093867775482,0.2327560772428009,0.12979719993662192,-0.05604937287825349,0.29258864790732575,-0.10141059206561868,0.3722729317256716,0.15678168054020908,-0.11428730268482494,-0.1503926935864233,0.06228868854327507,-0.3265314059289827,-0.12254633645554087,0.0406547588999853,0.0017341707415094866,-0.2317527486324046,0.12461676036876813,0.03823707669923805,0.29699398444874736,-0.07838601706181182,-0.1289834777516147,-0.020881868987183527,0.1292725457596771,-0.022525808210743813,-0.049259319042774787,-0.22343141398750493,-0.1506051121405005,0.13893536368508871,0.06197875145221834
-0.3282517204008893,-0.372920578694565,0.676666138248175,0.14771786522093808,0.10762631179135235,-0.09690897578076037,1.0,0.6278730419227445,0.37690306096618137,0.29768237471175796,0.13452695294894626,0.07129295280513077,0.359313946974407,0.20293274086638344,0.1496947856222205,0.10399062548687767,-0.2555796161485608,-0.14274999039938419,-0.0954276514559677,-0.29400810529882876,-0.06334498373357311,-0.10345289930306033,0.1594066782812314,-0.07723236169868605,-0.28287005331478704,-0.3595029517840053,-0.06793457869267756,-0.19444509619173778,-0.19350076632470503,-0.28719313756240805,-0.05813241854400498,-0.012879302217958678,-0.12524740048072983,0.03327487268118346,-0.002249995024981285,0.26206989993064483,-0.17872170218528072,-0.09513789525714002,-0.22788642475625065,-0.17787565427836144,-0.22812010622690176,-0.11206611569183544,-0.10739790322674792,-0.2822304282426789,-0.20367765897948734,-0.2876349123397255,-0.22529937921818927,-0.2419543459437075,0.16553237916776015,-0.188021690666154,0.09136356843553864,-0.15332146158327292,0.38347077456919704,0.07945186087907724,0.16459786712512675,-0.3720664765559048,-0.47800076346764814,-0.4923554184503828,0.14419851278185067,0.08793472927561087,0.5219774772247844,0.3103208917587877,-0.09924975207919814,0.09018638086948794,0.2879650532516968,0.36808307789565936,0.02176642337021288,-0.017126002458270315,-0.39718485281734345,-0.461298783155888,0.1876672342113896,0.23889083647819942,-0.28780792681042516,0.0801657943104816,0.04853204824505335,-0.00027422497980531007,0.11983588823016762,0.18631646973438176,-0.4344785320642167,-0.24833191876001823,-0.5253479340184486,-0.49592406790540444,-0.010272122325548744,-0.12946727156947735,-0.23581610105375495,-0.32446701618261187,-0.4101081026002033,-0.31503278001818613,0.3216715230559394,0.14962798134894642,0.20986965407195504,0.3672410063324046,0.5142013673724777,0.3288770547769357,-0.23402294040608546,0.11668011340433607,-0.39975024413198523,-0.19686138917994325,-0.17402907042165536,-0.17582061585818592,-0.07537830130644302,-0.056558459825008595,-0.31246319708193004,-0.08155343769898452,-0.18701582691942278,0.06066803700183216,0.041119003193834644,0.06444995364844641,0.04979291355484211,-0.0650841688709009,-0.0864888696546343,-0.08527195368280761,-0.2709363011531173,-0.003784518760648596,0.08723875113171957,0.188107306225191
-0.5101475242783189,-0.18814548127786856,0.2817242744920256,0.3495228437671731,-0.058891552748720516,-0.25216091486196746,0.6278730419227445,1.0,0.2900083025946047,0.34347714817670794,-0.05591163144391298,0.274976565018178,0.22387279485385644,0.405727962757602,0.14397566200815734,0.33376645257956095,-0.09903799869577685,-0.07331189092161301,-0.2668410447392271,-0.3014104840755074,-0.23653198208100643,-0.3026620769792728,-0.056358159964709886,-0.1178900842565115,-0.41191548701539565,-0.39401273506398743,-0.25361229128265056,-0.3117330089962398,-0.26594293626664456,-0.12435614798231916,-0.19553691892737332,-0.06661939690788597,-0.16010903770327317,0.016019187970338494,-0.07332594135946388,0.24247485517412098,-0.3421958966983205,-0.007442517021270906,-0.2732769683403534,0.03568650197326929,-0.38656559381007577,-0.07808977193611534,-0.07631278678546038,-0.13044825008404123,-0.1988388311914873,-0.24656622363171982,-0.06284815634648677,-0.1626434583215545,0.0968013668550799,0.07300337135985155,0.009425051979243518,0.0435715431390446,0.20573734877424082,0.09072779438364124,0.20661451573869802,-0.1633577288438575,-0.3452165839743469,-0.4137533830891483,-0.050270639948092645,0.2878691130762659,0.25600161486574385,0.5508581541626058,-0.10177001462242281,-0.01563732274024395,0.06887115443982704,0.669095966275557,-0.13073053406534205,-0.2807587390117724,-0.3885167685295731,-0.4129698938012743,0.07175503840745052,0.06688778626300253,-0.31187627921567085,0.2340885332322437,0.2303467822188821,0.13660704661519435,0.17515018995942286,0.19561261977599498,-0.18116416699677962,-0.226656033122485,-0.2082073849378497,-0.3309048365607504,-0.11220699464470062,-0.05720605013605929,-0.23036763936447566,-0.30599929382891394,-0.21900023233287036,-0.35979570164617664,0.24495442119254363,0.2712734685654203,0.20906627869548225,0.020624240284605844,0.5272059919754531,0.12606200008223037,-0.18500129613797925,0.36045182224170647,-0.22024689130689726,-0.1203715831811827,-0.15370268975093532,-0.10105575396725225,-0.12346996254519776,-0.10751096064952795,-0.050261018427851314,-0.06627503626847991,-0.1495979042252915,-0.031623295259754644,0.15866610209258047,-0.11738624337602928,0.07836635886911832,-0.00023648352668869058,-0.13874755729316096,-0.14762469717084517,-0.13903732593501697,0.00855134323388709,0.0632739550451268,0.18145785246642887
-0.19391152961847252,-0.48688310954350844,0.47225956098847754,0.20292632097742305,0.49032252390848247,0.30573312724341345,0.37690306096618137,0.2900083025946047,1.0,0.5576487040570642,-0.1020995272213787,-0.18537005492212907,0.15746730566923153,0.07769393654042439,0.5053733976392399,0.33502142169550564,-0.1064770877456564,-0.08920933457701491,-0.0655256880049113,-0.13001681125666473,0.24787687794992916,0.15901067159054127,0.4390611333282243,0.11522469415293349,0.15547341261766912,0.06784330752528846,0.3039641764002294,0.2289670506504292,-0.25078481602115205,-0.36735450052387253,-0.12509445365514782,-0.14873656036231422,-0.2460604060641865,-0.2895390795680517,-0.023701387251084706,0.3367565454908685,0.05302898128031446,-0.18353391821778117,0.014747585965914372,-0.06404012821130967,0.05194724703986044,-0.018552978914914826,-0.3044980451729144,-0.45053025977608124,-0.3638842271299916,-0.46962535358552226,-0.45152119231598137,-0.2662794026585657,-0.0691806822228201,-0.5097731146163615,0.05222040853722809,-0.31898377733292,-0.033560118314425506,-0.1941778196673724,-0.14170464041717665,-0.41461174280340923,-0.32511915726421103,-0.13144596125786068,0.45910713103733164,0.18224762754207832,0.4958463063515953,0.11135685215105734,-0.036365374959382656,0.03211073096446505,0.487494313092723,0.43315427480652724,-0.006855655360143695,0.3031651731442109,-0.11791442266617885,-0.014095778639678619,0.0866764675780547,-0.10363659137154876,-0.27667430547757926,-0.12151213132516567,-0.15875414163120602,-0.1791808719769021,-0.11901990477323621,-0.30432993870666664,-0.3026993157893374,-0.15083498232276402,-0.18987649355202132,-0.26932619178897804,0.2920564105109595,0.0844735676225161,-0.19543654302854271,-0.28527610049319513,-0.058990114726522415,-0.14303857834975464,0.31997842323843967,0.2020207967438795,0.2764497832739113,0.4043096781274675,0.1928592886861556,0.4575824831752738,-0.05041719628384901,-0.18648444484117768,-0.34838950050655143,-0.07578754721043669,-0.23829992482943027,-0.2366786450179818,-0.14838670958320518,-0.06310874711047927,-0.12099588819682441,-0.00839228460425903,0.10976492843356432,0.02862260268393556,0.16847039827091745,0.09867522527784806,-0.020578351647428165,0.15535932930590077,0.13253813874167944,0.10856480595798007,-0.4724638835260479,-0.17552629030689432,0.14572987893572933,0.1427725438626033
-0.37790221606592134,-0.4928333525638965,0.16633997512764143,0.2651543085080924,0.4950465679607528,0.3380935334698218,0.29768237471175796,0.34347714817670794,0.5576487040570642,1.0,0.15748090996647818,0.1932257116096552,0.13426593758895478,0.32310961326895077,0.4065346740644236,0.4287177359582032,0.044754505864517964,0.017773954364455516,-0.37908131391986727,-0.21768222543993218,0.1581572168137026,0.1527472949085492,-0.04932218269724523,0.009778338714474736,-0.005996070670208228,-0.14833719089161215,0.212738576175777,0.009979917759584124,0.13692437097279553,-0.058096522645044016,-0.09478495459182645,-0.058150954614992235,-0.30876992706843875,-0.08044944697564146,-0.08471186495334214,0.38134225940134564,-0.10283944007670681,-0.2907495533479662,-0.14629575791033278,-0.26394991685189634,0.10415093302240715,0.01632061740280405,-0.2709155932066946,-0.4610232855607634,-0.17974592591615726,-0.3111224702279915,-0.45774495807655874,-0.3192042342367448,0.014635229109606155,-0.4590689244183379,0.013358877442391984,-0.34276574801743764,0.13696689571154205,-0.20227442695888162,-0.032239856794056984,-0.5726453855883522,-0.4087529175375372,-0.24979178242034789,0.29503892566936757,0.18332109170253663,0.5657835597173237,0.5767462736665795,0.23601108374327032,0.2822970753119834,0.309846371580139,0.5113719904114641,-0.11710247364517268,0.15230498857025979,-0.3676238257162279,-0.3052243963871739,0.1849153500245279,-0.3490626040849549,0.0991777742728715,0.10464334275197576,-0.07710808630755663,0.035298239842902805,0.10743279172271819,-0.025573850550432573,-0.19195815856529871,-0.08365670129974996,-0.10136909509704611,-0.27959916484603564,0.18035899195896082,0.45262511315812537,-0.13132328783082195,-0.09832381398624093,-0.1672162115281729,-0.2503828031310375,0.22029189702550975,0.06924007712934951,0.21699418434539294,0.20016496287089247,0.3124028112655743,0.13873561841539142,-0.25720780369348956,-0.12347673521999826,-0.46276274494283903,-0.20054005361346183,-0.13033964287025682,-0.1282004485183603,-0.2021581576188337,-0.06857235772826534,-0.013072035018843374,-0.048079242538655545,0.10527868474326886,0.09900600410412737,0.08046241486115802,-0.05013347169318032,-0.050526328168648,-0.10583424989011474,-0.05885441869529572,-0.07428167431966146,-0.11034541009767287,-0.05451284043566509,0.17501861860780643,-0.11800376265616355
0.14780194643873948,-0.1497204443455076,-0.0719170492199396,-0.2986698157957864,0.08598337289827883,0.010061512240359559,0.13452695294894626,-0.05591163144391298,-0.1020995272213787,0.15748090996647818,1.0,0.4620685978191612,0.6493434953322815,0.4635715451370146,0.3067937055148328,0.2472692659432171,0.05702085674652688,-0.03189245374172952,-0.0019054684755808481,-0.14129193571987236,0.07430464005627342,0.17418971738440825,-0.010157978863671216,-0.0028622410898189363,0.08948559905832017,0.017055971624298172,0.04082706858029696,0.18910452625653465,0.3907227285888997,0.23557535224345683,0.3076776204384412,0.3720391032338874,-0.15027140696132857,0.09635051264535009,0.2666835383626113,0.05509728437918778,-0.0013696162453878844,-0.11918392622454235,0.10974963128636342,-0.3461580492096775,0.13011101279704923,-0.13564034731768745,-0.22432180586470865,-0.27278090645599773,-0.24878957755897554,-0.2143043365012776,-0.4202148515427325,-0.28722845554296716,0.013367925102607946,-0.1363734163158916,-0.37005543432391924,-0.09216618644957637,0.157049075968907,-0.1443489592989714,0.10285762987181268,-0.4007171906668518,-0.2281893959245577,-0.20482795464819228,0.14984850693808738,0.17430704800741972,0.491591377324576,0.1924282472965382,0.132362393428421,0.11983601670658105,0.25263455920022504,0.1352149163239749,-0.31095417490831245,-0.026343294390274625,-0.20893690356476688,-0.23740999233388085,0.14981296889283202,0.12970639764436828,0.12021527129392566,0.030488785323281028,0.06875314232502633,0.15615693392727834,0.15909421361445908,0.3006736763392681,-0.14497668496967958,-0.07155488417491566,-0.18667551777121247,-0.3029950466720989,0.35855313445355513,0.33672455278205143,0.1322975845139084,-0.22005756092811787,0.20033616092371198,0.07911671911729386,0.011313193817172771,0.060432417631258895,-0.21988735751785965,-0.11686170022237435,-0.049848708111836774,-0.1480564188302715,-0.18715206749361468,-0.05617096571043894,-0.21314677784597807,-0.1030602930398579,-0.35525784345999867,-0.28850357606507004,-0.22535229645643365,-0.07167587508191597,0.11911975780022473,0.01689698195425784,0.1822800834134188,-0.21017070462488768,-0.20206512566543777,-0.0713867914045548,-0.017749693350676228,-0.09417039130129576,0.024281777306172456,-0.23404039193254175,0.22969583572864644,-0.0036003977064055673,-0.039160781498284225,-0.2505890672887896
-0.1524710292581971,-0.0015357705298756441,-0.2635058948279536,0.01194269042132745,-0.12634058667802717,-0.19370853030765542,0.07129295280513077,0.274976565018178,-0.18537005492212907,0.1932257116096552,0.4620685978191612,1.0,0.5075202598495486,0.7070988320434427,0.1179887607265061,0.3842746688115421,-0.05415999161273291,-0.08841911128717155,0.043112456121947695,-0.062092385640711414,-0.17928326647846443,0.07537798657524214,-0.20787964801000197,-0.18495484573475676,-0.08430548746184142,-0.006578066571921333,-0.17084760416970277,0.05693438283849951,0.23038573400465295,0.46433248870628463,0.16565921755878682,0.20609593975595236,0.0012974909841499084,0.12771665869001872,0.11244865321858862,0.07303980981035588,-0.07335685702836524,-0.022143640198405885,-0.020229821938738034,0.013699219436127369,0.07880392558217497,-0.1395351121798484,-0.26774381157726573,-0.22271547364042002,-0.22155473409118578,-0.1432817100860376,-0.33677657215909185,-0.3406880085175219,-0.06986980832684016,0.030766929906348356,-0.46055583845167963,0.08381861998189573,0.009250898148398249,-0.13047429810572228,0.38164382594936863,-0.16360955363593707,-0.1447358800036067,-0.1974913282080555,-0.19571198834798068,0.1971918365654986,0.11929667661629095,0.36602012412454504,-0.050097122075085786,-0.057139127123781476,0.007021095156181995,0.45501476379204453,-0.23509597445055722,-0.30056754636201977,-0.24142290335023908,-0.3575504015439018,0.03271750621476155,0.031096015789873394,0.26369795257468504,0.41618057590066576,0.25982042435975866,0.4633534519691194,0.31886477326447893,0.46855379948441095,0.09548857085854907,-0.0666667595332113,-0.05065927873169538,-0.194131501054104,0.11774272147998267,0.16828231185091289,0.21360467546385506,0.01641895352351568,0.26525834043919755,-0.04696131453502602,-0.13954407124064566,0.16681026968054438,-0.27103656156331785,-0.3180684016193094,-0.04607134478349797,-0.41106249527374034,-0.11291646753092725,0.24624477032295683,0.053555819727375796,-0.06546892535068805,-0.2739176969607711,-0.04411678353947314,-0.2980977161140041,0.01463892321564487,0.20528340141476417,0.16406384040202707,0.13378767939130487,-0.2621862614442295,-0.21577897069076712,-0.09723549548616582,0.10655789419414907,-0.11080550373804525,-0.17418166733575258,-0.300559592766187,0.21316167400338357,-0.006160262286421529,0.035086258477635766,-0.13360747050691477
-0.006864889290252009,-0.21655896708198816,0.2174848196598759,-0.1223755309473702,0.15209646048968758,-0.012473582095951235,0.359313946974407,0.22387279485385644,0.15746730566923153,0.13426593758895478,0.6493434953322815,0.5075202598495486,1.0,0.5121013587603901,0.51357168495372,0.4010304193257042,-0.28225887115035025,-0.27055422177546606,0.20451726559130468,-0.16764938055381187,-0.016152945629505328,0.25582994189699754,0.337040492554975,0.08384705463537435,0.07605837947063392,0.1350843672387027,0.03979154646353739,0.3613279893004437,0.1366520753256359,0.04643902144897589,0.367464963759745,0.40426053291916586,-0.13029563671736918,0.004777582577713043,0.12353592220824641,0.027439091109076216,-0.03623818504065429,0.043058740997898554,0.2994482691630612,-0.13423717337674784,0.11448041312106064,-0.19750741958084686,-0.3470466292988997,-0.3974315883286475,-0.4686316070452249,-0.43547174575565284,-0.5149436121458059,-0.376878710549703,-0.0788151147520872,-0.1728764628883519,-0.42828881649008504,-0.10082258435885792,0.06761792628826184,-0.26322795601637966,0.35004723505518415,-0.28960617208046885,-0.2605029801543605,-0.24217283805066112,0.0028633858674903035,0.19352109450079358,0.411372964808551,0.058660191835352926,-0.17386732698877902,-0.19303739812357706,0.2677137888432753,0.3836325771753952,-0.29690093150413127,-0.08881460131972621,-0.23529891505069542,-0.28570526772250193,0.06557699985681423,0.31690877941201845,0.050084890006281864,0.008023385672102173,0.03860436689417365,0.3750905623719848,0.05147626648464465,0.1799523901302421,-0.1658364650752836,-0.30751379606271007,-0.37938105957893625,-0.48183046608482377,0.4726807382760218,0.11300551971138566,0.16849126008308352,-0.3503428493261326,0.25611224851401837,-0.012798782593707947,0.24091517680999056,0.29383340725734064,-0.22598519145995907,-0.009900698470195823,-0.014728897135383853,-0.008773274022326472,-0.11308789438223527,0.10178313843260918,-0.14065918775932734,-0.06977240004898558,-0.5043675295900858,-0.31610354300924814,-0.29485514782346706,-0.05029227835437098,0.05444314270132343,0.05808180021289591,0.05843780689806701,-0.1810322237189656,-0.18173420314735322,0.026419187751692722,-0.011363725382866993,0.06385247207733682,-0.06728018414177724,-0.21569678902536113,-0.14425723228467674,-0.1430927792921965,0.06682027475689023,-0.03176763320200935
-0.18570488303418442,-0.2486491686199851,-0.178514069434281,0.13459651038057768,-0.0395101835873975,-0.23540718412233183,0.20293274086638344,0.405727962757602,0.07769393654042439,0.32310961326895077,0.4635715451370146,0.7070988320434427,0.5121013587603901,1.0,0.25223693131668184,0.5405252752293633,-0.01603936512361415,0.030842297287814634,-0.09972727010195358,-0.11035891845881676,-0.2391231482425424,-0.1295107399261622,-0.11636061725396271,-0.06064694688361036,-0.2600423373619471,-0.12156201843757897,-0.1027960785485165,-0.0065786516161400405,0.29483194492083503,0.38060485370117236,0.2236334899685884,0.3423597266693242,0.07727495585873584,0.24734727968517523,0.03432480279573703,0.1968746086870499,-0.03978024007883484,-0.06938593898178523,-0.1266264016619246,-0.1716000112014265,0.02361968586266263,-0.14242119918830304,-0.2500446520162391,-0.2959619534953152,-0.32303217025012526,-0.3806359566422354,-0.3694656107034516,-0.32349681358147225,-0.24965873449200202,-0.1821977482868132,-0.4460549671171761,-0.2075252881183277,-0.013251075585046538,-0.2914071280494464,0.18514359037246067,-0.31433667958704914,-0.18792564101703488,-0.3687512043998109,-0.12420122139950841,0.18614494241259033,0.29181537603306584,0.38857092494590423,0.1436840257531317,0.06914886303058582,0.05893185704656287,0.5638297262115632,-0.18304782477411238,-0.28451967284026475,-0.35957085481502327,-0.32970501867349894,0.1548805680409443,0.10795424822364003,0.22048247539229804,0.32685986894707875,0.3246654493927842,0.3998461793001899,0.23095853249105494,0.36629110265541215,0.050624953139189376,-0.203499178790541,-0.06820634315457652,-0.30119840272239046,0.18933677575686267,0.3045619765227451,0.022929138516923735,-0.11902982140007225,0.18761449389776072,-0.17509520653619204,-0.07768106615611939,0.11436187726889613,-0.07670846006579082,-0.2199113842899399,0.1398911587589574,-0.22400048855491936,-0.08677413512917263,0.35080624123619836,-0.15692159097475997,-0.13234117827125952,-0.23984109874068632,-0.1677552373079971,-0.30153419000113196,0.026871907764171938,0.16497467309448294,0.05140408892619668,0.12294523342257124,-0.13756893259732986,0.07004947728681334,-0.0017434671954042634,0.04371539139463049,-0.11141053303603254,-0.12173124476374027,-0.21087280647365855,0.036834718233102366,-0.1061913352990309,-0.07178619758184762,-0.09239057722892505
0.06917774574631692,-0.3599899824017761,0.23050728497054732,0.3319377584606406,0.5396935762455226,0.30055739349988336,0.1496947856222205,0.14397566200815734,0.5053733976392399,0.4065346740644236,0.3067937055148328,0.1179887607265061,0.51357168495372,0.25223693131668184,1.0,0.6838874086176057,-0.3070583975552885,-0.26126987486553693,0.12040311019236526,-0.024138673151186157,0.23530765107154786,0.24984977691271423,0.5292280805155084,0.2898607246235675,0.09360952076420195,-0.018695372987347334,0.26626060348874664,0.40852511662599117,0.18836062829753722,-0.08590677921890595,0.2418636368132785,0.1993334082998782,-0.5156758049376338,-0.33208274640423224,0.19640220430995647,0.2674091536827359,0.18223122835305758,-0.048015760759625166,0.17774855463677802,-0.15007773401293661,0.23651440139913643,0.049400516922413595,-0.4229465544328279,-0.4658865008569261,-0.5274933026853434,-0.5651969543709225,-0.5204388213827131,-0.3199178146317271,-0.2329779464257559,-0.41788232381051316,-0.28878616594965545,-0.31637574044418315,-0.022505187560406373,-0.20699681163670733,0.15740356674823613,-0.2785257179604919,-0.30878727033329006,-0.15112158067513193,0.17376218651464417,0.07870150038566379,0.38785576343781775,-0.025606996005550154,-0.20677406839121104,-0.16877552317658773,0.47361985436452236,0.3403697461525574,-0.3600779570432295,-0.012847176345103748,-0.18635644963619968,-0.17223275561441784,0.18235392975934497,-0.008441798482833765,0.060163627181342945,0.0885667068464284,-0.0007888944875978726,0.11972559461575015,0.13247961330361238,-0.16691407278476159,-0.3750984855626979,-0.4320115531433291,-0.37105248662742746,-0.40516299032864217,0.7590478697212277,0.5345485077481005,0.11899818804590974,-0.4102903629617052,0.2203435229545582,-0.06355441276969678,0.5877344117435669,0.38019865355954113,0.0623842194495388,0.21336410902996197,-0.0683396795570888,0.24161077807202294,0.016645450142543778,0.06976845067444404,-0.3762248145145781,-0.07746835339700921,-0.3565969356116536,-0.1807159422789608,-0.09942230517728042,0.21240905425144496,0.0636872429013952,0.007839015898042255,0.13706468865733443,0.052781078882882686,0.03235299375730854,0.04837631126180471,0.03148495724997636,0.0990445837863109,-0.10575788696519024,-0.06146265288805168,-0.2954308243968951,-0.10618834400729019,0.19115841089105706,0.07481986302183806
-0.20656322281914685,-0.29363115099658676,0.0799814167178885,0.49356755231282423,0.4437265968177144,0.29523617530049323,0.10399062548687767,0.33376645257956095,0.33502142169550564,0.4287177359582032,0.2472692659432171,0.3842746688115421,0.4010304193257042,0.5405252752293633,0.6838874086176057,1.0,-0.2094907586195926,-0.22349907696098237,0.09603961950911594,-0.015085585862569209,0.14245232165238392,0.18209158926234278,0.07912700748961253,0.2022769340048138,-0.12520488992449802,-0.04694789648143476,0.27149310494330964,0.21510658752957926,0.13458784188674638,0.104804021233907,0.12595583021253448,0.2144187408958852,-0.24946918788802994,-0.21033537900328286,-0.08617596674520477,0.18605164338467645,-0.01036069512383857,0.005088367039678016,0.10464084730604133,0.0612082019585474,0.09384524596138287,0.08096530824934224,-0.4678847862792966,-0.4948761517707985,-0.5811935127163933,-0.570823503271703,-0.5612607410914696,-0.45853501661256163,-0.32568325498553047,-0.4229418083927748,-0.39178329484539687,-0.3841289403713887,0.11003757742085386,-0.2336733036667101,0.37392660060802696,-0.28670141992859643,-0.3067041198623195,-0.2858770317830946,0.16332469594011265,0.25263425393220473,0.3685386443836884,0.18833039804122542,0.0771458749479406,-0.051413557337041386,0.11813750613292592,0.37106082988905065,-0.2503204194020027,-0.16652574601982395,-0.1488684854911289,-0.23280271873568908,0.1669934668582118,0.14302984375058797,0.04392126699736337,0.1548235168809984,0.06563318244085387,0.280509319148505,0.1673291196533021,0.027247167553881724,-0.21247822337898098,-0.28811416713331883,-0.16340387327962896,-0.30844134180110755,0.4787440176851452,0.5190915069428279,-0.003963387057140915,-0.17729613063098035,0.07097691741988958,-0.1754788660103317,0.41363611741720063,0.5836424232559619,0.07254420213367553,-0.0048084912062202065,0.0756221404706041,0.1135394988053727,0.13825806067339147,0.24634674869590084,-0.2305832760186991,0.0479872778242086,-0.3255189648926609,-0.18944312392970777,-0.0960308654538955,0.128334564678614,0.18561711227190164,0.14255792471719697,0.13585989511353025,0.1257990075461346,0.08824667551853377,0.00905740435358628,0.0705879369322207,0.0434480339206929,-0.19919376756912632,-0.16566757872801335,-0.32027524654331013,-0.09210326064028766,0.2389653394278947,0.2566095739194014
0.1097744403078405,0.240095091197892,-0.37519776923458964,-0.08362556483860152,-0.1324349528874564,-0.0897316191994607,-0.2555796161485608,-0.09903799869577685,-0.1064770877456564,0.044754505864517964,0.05702085674652688,-0.05415999161273291,-0.28225887115035025,-0.01603936512361415,-0.3070583975552885,-0.2094907586195926,1.0,0.6111524849696919,-0.049137107111358484,0.2265713879629061,-0.004045954242475693,0.01304441086625856,-0.34348353763783385,-0.3884382732251088,-0.04138982988655216,0.07611675870926433,-0.07486511723913408,-0.20887158002364478,0.280728122413045,0.2440833573916844,-0.1466046771293015,-0.16440695151076556,0.39836829827598663,0.216846496206069,-0.22358280528087102,-0.27189644428793797,-0.05635134073879733,-0.04750980228203696,-0.18612334111394357,-0.09519342548548439,-0.06874625857639083,0.12288299551484771,0.1313143367130727,0.2564130501100143,0.1090071444950447,0.12886021800121883,0.14480877181146593,0.045289235590627426,-0.07307785830959664,0.14933190099004703,-0.09989205245794758,0.08270587187581405,-0.15047624450195723,0.0383012878415644,-0.34103196753742127,0.09810260487668546,0.31353748265176673,0.3428398351263045,0.011932393972674444,0.08523927858561445,-0.08439706737628404,0.09503697587490559,0.33965711892887496,0.28791336204358287,-0.10174660502738213,-0.015276887501041609,-0.02807358783169786,-0.25848397498194464,0.23353037565587204,0.18604224819266835,-0.0871767278181424,-0.25250217387861895,0.2806568636179749,0.017989200150345618,-0.020239743071267993,-0.0659837569224664,-0.15625488525185555,-0.04118199518523084,0.3716061186603313,0.6214668723445455,0.5234639217114511,0.47370310078923,-0.26710093508529675,-0.03748631449345556,-0.1833570444231421,0.14588359569304818,-0.11747959465569081,0.008873598941699791,-0.2597470861847741,-0.14526118957966347,-0.30569680207961814,-0.4924593321423642,-0.15387307617895357,-0.3638628083728969,0.002907417366351609,-0.13235910186458255,0.007660422498622334,-0.28931881718712094,-0.008243677356818361,-0.23783671042020457,0.003957976187935778,-0.03796947541551326,0.21960412071585714,-0.15299159531416975,0.005573901441150004,-0.010489191816357919,0.10886014479281084,-0.28672538980768736,-0.06048838645630552,-0.1392820862427694,-0.13292332808913934,-0.15893731556688925,0.22654414360777586,0.03987399415352597,-0.21181367587275382,-0.23440414232390908
