1.0,0.4063061364643533,0.23306293340642148,0.07922766232175285,-0.0066679458494770414,0.11260918674190003,0.007597900339445069,0.2583259717763931,-0.26015321201516084,-0.06123089970322748,0.037993517903007465,0.06262768890302865,-0.34374360546467636,-0.21377974417652096,-0.32582461013382585,-0.41277438538935346,0.5094147140992707,0.24988129818330104,0.482693247270004,0.33183249993308644,0.010457428562617693,0.015895353119389468,-0.2613094641282604,-0.3667641254894677,-0.30357019620778836,-0.27410534305546114,-0.06811706174126374,-0.16723914480611168,0.11931026479097297,0.17436535007399534,0.08104188628807524,-0.03965179743398102,0.3350090304086395,0.39516166582914264,-0.2718352516447329,-0.18575179971989605,-0.009052389472806458,0.1743817311340535,-0.2409258130494942,-0.22040239975484924,-0.0794653587559044,0.3732614093900128,-0.034630117037212235,-0.04860959320147055,-0.12406717244650087,-0.2045100144658814,-0.08962302828555059,-0.15661245414695313,-0.20593520826874184,-0.15596756571645373,-0.26947007602035467,-0.18039201718167008,-0.14822515128868996,-0.11160277350025195,-0.20644019358662663,-0.19591656640291805,0.49043782281533727,0.34553421076726043,0.07833764177203346,0.320270379599702,-0.0045285860024485225,0.28268315318026543,0.1861781327123437,0.46723094726009157,-0.28830452518470995,-0.013995041074224147,0.27615937882642605,-0.2660685334273182,0.46029401382255813,0.1187870762513508,0.09732619163260488,0.1483797766329401,0.31146934447612146,0.4145882313662919,0.3278154657688648,0.1551783533248388,0.38290734792871134,0.22977689461226025,0.08387540526325389,-0.10538402861808455,0.23719352106078406,0.2518258849660018,-0.18459752252247524,0.09791463111301017,-0.10631723723860738,0.019526984254379993,-0.09223271528900019,0.04627446303331183,0.028162953196658163,-0.06031007625750621,-0.16795377101635556,-0.2444479277836124,-0.04797106951361561,-0.19273032852763486,-0.3337808392925124,-0.1508154740927078,0.07388860968459043,-0.16488122911372458,-0.06824186703798542,0.2037559810489657,0.24954362925426948,-0.0013983512392173744,0.06469201735465568,-0.11421656564909342,-0.2181637062849516,-0.41891969371362603,0.2578899215681052,-0.4142471112212859,0.021642025658011457,-0.11092808577924097,-0.11737064323814864,-0.0002489167789061819,-0.03560425503672207,-0.004271324850689687,-0.32309445254761093,-0.2677868667988035
0.4063061364643533,1.0,-0.06692737757119843,-0.0641970186103744,0.14224343445552287,-0.18754524691231056,-0.38991946145350814,-0.01711017498504127,-0.19431852629235963,-0.1550067211326187,-0.1560965289016269,-0.15891644684038508,-0.34384774937583157,-0.22450686397853858,-0.39485021368737006,-0.2793799714786354,0.3299472483251811,0.05118555315298016,0.29618825457527914,0.4187066434027481,-0.20957941678082712,0.14427470699158032,-0.500054120303063,-0.49706974556265376,-0.22895804379758078,-0.3724199871687097,-0.06573150589795637,-0.2217229978489986,0.332263419792565,0.23298612679709946,-0.12623012374636602,-0.22500286642761336,0.2491859865154227,0.4541704218056819,-0.3110172597672246,-0.13632219063849682,0.08950172110690587,0.3044751244583229,-0.14511259946868985,0.09038586029596248,0.057322394212913796,0.22596061796983313,-0.08440929738937815,-0.1444699358479825,-0.3632067286988621,-0.46925173225927064,-0.1958837155196796,-0.24175743349595105,-0.20647908729917888,-0.15482602966441394,-0.09026408693992939,-0.09680216772003619,0.09224619515332383,-0.09200707090527127,0.009819626696770565,-0.11252731167406299,0.4289027508969959,0.5684522907686381,0.16736494488558104,0.3948678587963774,0.18795195264061443,0.35788542479403535,0.3096524099162648,0.5612010101153818,-0.40623319200475566,-0.26248548151825946,0.21154447284516,-0.48518426192340136,0.4159196149242196,0.2395605811706036,-0.10186220433491017,-0.02833273746724766,0.3792411005128925,0.05157809991197693,0.09184289670854791,0.11022791057802628,0.08818066063699086,0.014564661475846744,-0.09454755615943919,0.09163789770939205,0.4124811160944853,0.43557463996262685,0.03901463131682828,0.013895738551314991,-0.21112360479626516,-0.02676208530494273,-0.12984090584487445,0.041574247472918935,-0.14157205345862084,0.1622315774189683,-0.2995121258915783,-0.16990618427374035,-0.28846730704776335,-0.46003013118375097,-0.38098052601644256,-0.12870522998226233,-0.14219926164524904,-0.3120241342250491,0.21102674220306689,0.23509505402634961,-0.15971254232197157,0.2515220529570926,0.19942010286733083,-0.03663160752097285,0.11949003712322133,-0.11943067963444709,-0.03815054170873385,-0.060389600519803154,-0.207683634352626,-0.18440975720224928,-0.2920984504704053,0.018833393724526633,-0.13769501931691777,0.36584965057559343,0.05349162533524596,-0.09270394884845785
0.23306293340642148,-0.06692737757119843,1.0,0.4666396651104199,0.09797322572146082,0.21725557797172548,0.44108115536898396,0.6135507162544661,0.39207674042858165,0.3961023260822717,0.25727279027742295,-0.2055966017707277,-0.006397565029664042,-0.04253139823134275,-0.05474583551544101,-0.18244134281766541,0.06932176265317791,-0.03659469735581638,0.4839898815060878,-0.03394154825918417,0.15697173388476734,-0.01858251989168453,0.2171950204697293,0.1500192534229873,0.2878046180105774,0.10878978215783423,0.10984107244037401,-0.06528068255231302,-0.248948978835876,-0.03874408415856142,0.3659682374883201,0.1596388723176154,0.06525297626698953,0.2725946355359878,0.13922593508459816,0.021882895180580068,0.021761157902697097,0.27361590893642235,0.15509655439359274,0.19343325068831702,0.12014023029086275,0.30893475762974254,-0.37237287120397156,-0.4005736854431873,-0.36867557876043944,-0.46232079998139086,-0.3342902951880499,-0.36861816822177657,-0.5175538137430816,-0.5828960673958713,-0.5192068102471625,-0.4529015627681269,-0.2529333425452998,-0.24203717055658105,-0.14524996740485682,-0.5186043385770798,0.08940400011372207,-0.02211990774872756,0.24251738658370955,0.02385126401825466,0.2534712152888925,0.22417217344935106,0.10754903105949574,0.19026065746480414,0.33160812204194134,0.3136131112308095,0.41806286785575036,0.006296663014121164,0.19189029601226085,0.1732901739755815,0.2277208191388803,0.011920180440275515,0.2300585802189164,0.3850092781260668,0.3731149327131263,0.2996266479333879,0.4360485331529335,0.5519839244736051,-0.08269021535344685,-0.2524136017353988,-0.19511987369703712,-0.0797646599146371,-0.43671039736612355,-0.001515963148304713,-0.1482109640995431,0.00949234436913946,0.0780433511103898,-0.2773892525812728,0.28998007261771175,0.19861896794124317,-0.2190039689141718,-0.2534982162384088,-0.03195687240282165,0.08856505059252838,-0.124764326394235,-0.04237288644335498,0.04922029330788311,-0.23812099295197758,-0.20193107867811783,-0.28485269228572446,0.14516636702381489,0.030077125458665234,0.23140359023328227,0.029852306750958096,-0.3975904212233626,-0.3459626543503198,-0.002512731826996202,-0.20295403160550718,-0.061968233858681346,-0.038437666812996304,-0.10775374036652133,-0.3196275992105023,-0.2073507755401213,-0.17216065632346353,-0.21557595021828316,-0.30409305995664343
0.07922766232175285,-0.0641970186103744,0.4666396651104199,1.0,0.19453568382881214,0.5806574656145121,0.08318541852155588,0.21311751162014997,-0.15057140924257004,-0.03825196348246081,0.022466819623631736,-0.3876559844410716,-0.2539425068443956,-0.12325761030734575,0.16579520800106443,-0.02758503814549777,-0.031204739925434412,-0.15947360306287792,0.260794739430399,-0.01990744589282208,0.4202030619343797,0.3000146453322322,0.5217540879165243,0.5608594123302921,0.3909636017685416,0.31943810378083276,0.48124764758744853,0.46025713646864064,-0.37144664943620564,-0.2566436110034129,0.5680567249523326,0.44886767698327673,-0.06240652618130895,0.08346745706486497,0.3243742294261803,0.23343000610548081,-0.2292329633164554,-0.10335253971872392,0.016165777031373837,0.03993155735237376,-0.20704428549232526,-0.028732171136703948,-0.33427514367894734,-0.1015062449803181,-0.1714568720070076,-0.09816216983213759,-0.4801996709605298,-0.2797997707943336,-0.4161244907465558,-0.31410476900688594,-0.1976665020196228,-0.40579238402183404,-0.5479977230176893,-0.32969016924312594,-0.16331849209051139,-0.4480367997298287,-0.07545562479840003,-0.001828108586421782,-0.2358675813365104,-0.2826398082816039,-0.25514906781164487,-0.08882275836180607,-0.23518906910414208,-0.08101058234357122,0.3803370645516684,0.5285594807463638,0.00850742736604367,0.22532680794482904,0.08785814876636748,0.04736366887363201,0.0393743213231443,-0.12577860332213198,-0.23541686973382125,0.09412587090057832,0.07469878533214919,0.2551052700744158,0.1715742094051714,0.24604312844591625,-0.06864018042327233,0.0020039833680519444,-0.008129890189801542,-0.021587454894171926,-0.10660924119429568,0.026058657784038333,0.24805733565247762,0.17187731668464112,0.3365592091064724,0.19001246649790776,0.27969365150657044,-0.15179180550844143,-0.39315918124710286,-0.24338695703086824,0.37481372315638056,0.12294259012542792,-0.007938552450190582,-0.0643031549714253,0.027930810000728737,-0.06426923516116466,-0.08426110446255347,-0.11542760236658908,0.08532751183961286,0.031955498111381785,0.05049529790890029,-0.10906838485258612,0.011136246903076739,-0.08463044893518967,0.1698079117069313,-0.08512186120670712,-0.007549455474937547,-0.01776842360115387,0.11174213757372828,-0.06403819515287153,-0.02273792649371509,0.18369559337841798,0.12211956667204826,-0.10512075162998348
-0.0066679458494770414,0.14224343445552287,0.09797322572146082,0.19453568382881214,1.0,0.26429838436235853,-0.13575584612561972,-0.0838991166277232,-0.0233852959877419,0.12287245428317946,-0.15587536734824994,-0.22160609937445103,-0.16264660304726963,-0.20237804350183242,-0.03497187308006681,0.1667228979816386,-0.07099873463503259,-0.1845910288649611,0.07127679268526514,0.08370728542936336,0.20356858838392652,0.29191964539992293,0.023056560603173994,0.07269743307156294,0.3139740698964967,0.05006665342825874,0.1188575029246085,0.1267833477535053,0.13295081624193555,0.09485511944012616,-0.06927396540954212,0.01046976362111439,-0.01678486289371798,0.1121339195279503,0.02332929887024156,0.15318255690936974,-0.1787904561736722,0.2142379170644477,0.16922668616627948,0.13016746595039758,0.2234723759636894,0.27382385368694706,-0.07585480814639506,-0.0157374337925209,-0.17147314084713244,-0.04070857806337419,-0.0716166046619599,-0.060981494872348774,-0.060135369130405354,0.08717862559873069,-0.15567311108416287,-0.02912569108042342,-0.12575272478370106,-0.07401477264371284,-0.2821806806866101,-0.10289799123800178,0.11914109235298125,0.14734140307843352,-0.22577831999113898,-0.02961902768671077,-0.11899142454304744,0.08143163846340688,0.11213716279833195,0.16305432763146666,-0.1082777518902512,-0.1053359837359032,-0.12642824910304198,-0.21011473362900063,0.10458884110070985,0.002984076973129041,0.11189486099823794,0.06374502363202675,0.1248986656917421,0.12427362653231637,0.07444342219252195,-0.15163811454502452,0.10310752380369569,-0.009841740487368028,0.07769988775040616,0.12417142626128834,0.0286269664871486,0.16160678889904706,0.20431343743400784,0.24679417999395195,-0.2858254731736765,-0.3680561964968671,-0.028810325818985964,0.16720522271604574,-0.19576256560076072,-0.08780486036567929,-0.076194213896096,0.011930608367721878,-0.15632412569823828,-0.07596218250780166,-0.19589169977181994,-0.06139176941304234,-0.05679905196713543,-0.25299150552446076,0.10901246944669793,0.003354928869679793,0.16625446428343996,0.12872251813923188,0.16865025589681515,0.2329763736606045,0.17291406943586907,0.1520556618043811,0.09566249039563986,0.05352917989717056,0.06947453330303062,-0.23767152946708783,-0.18920745501147485,-0.07574017198775326,-0.015923158453490564,0.24490161188199902,0.21111296968906712,0.02375057133549536
0.11260918674190003,-0.18754524691231056,0.21725557797172548,0.5806574656145121,0.26429838436235853,1.0,0.061378948923129784,-0.05263401204733857,-0.13281094517928635,-0.0885559059865915,-0.050925518583509716,-0.25458965442353,-0.18852238156823345,-0.2990310155152897,0.23826985335303544,0.0725130305156114,-0.05036377860770285,-0.14837953812296897,0.11819109357220735,-0.11215866426241912,0.45049985588994956,0.4475230222587702,0.4323804254731166,0.5080617060209831,0.27692533628517246,0.29498356875905385,0.4596729199806793,0.5446955089306057,-0.4011567995025145,-0.30434413713662095,0.3072319904603192,0.3215567299616047,-0.011960842491954032,-0.15180099492429802,0.3115218819221985,0.14707129976833808,-0.22734020370037855,-0.02094820230145113,0.1468372634706834,0.052128032063846585,-0.232047116796822,0.24509901711762025,-0.1651644057951597,-0.0806633556396565,0.01631113082484251,0.03486976226878222,-0.26326838060814156,-0.2029240643946996,-0.18415233912827594,-0.040811933074816925,-0.06707471830060086,-0.13836948355418566,-0.3505652646170139,-0.158604359261822,-0.10206065799350714,-0.1822628877536233,-0.05490245326393927,-0.13742660473576795,-0.17973537977688828,-0.26724822506222173,-0.3588480519830225,-0.21158107366491552,-0.23728916307065231,-0.21860819385959523,0.1280146253994506,0.30745843396152867,0.0034145766133642035,0.12743082318042487,-0.053786145279495275,-0.05642625076543751,0.052111153422188077,-0.08581030226995423,-0.25530699566263704,0.11350697587904306,0.07693982198938512,-0.12827133235790925,-0.08443163034695018,-0.05520582639413192,0.02082387379759325,-0.16629280561192836,-0.06362063750682652,-0.08708363200460781,0.14155348242038113,0.19150044127040014,0.19102115047836607,-0.036347576907894814,0.3947067160102781,0.1644854604100761,0.3207547809328589,-0.1589756296790105,-0.2371048316207465,-0.13231483967572447,0.1671954754443903,-0.020173603988474106,0.1580278471062714,0.09646545675615192,0.007592309834126783,0.1436328252086246,-0.034072719771181405,0.06627597994490009,0.1296892010033087,-0.011020295872229415,-0.11516345958428141,0.1748236460384502,0.28363905031923486,0.1705483487848269,0.06321939012313928,0.08261641181861379,0.22308836897868695,-0.0731217237595502,0.008954019378640697,-0.00026308568236020456,0.11491338215753191,0.11187258148568256,0.13912739005306948,0.12100959822839916
0.007597900339445069,-0.38991946145350814,0.44108115536898396,0.08318541852155588,-0.13575584612561972,0.061378948923129784,1.0,0.446390167907827,0.45179639429219404,0.27245664044879925,0.4748599766543621,0.21457945429473999,0.557173055533239,0.21139721941294623,0.14923450131808402,0.17627723547331045,-0.006856437574554606,0.08257470799843732,-0.07234223101846687,-0.41308956075714415,0.20845615122442065,-0.16176450301899564,0.24234453172336534,0.09694615429943987,-0.05038541825928243,0.06750171107295733,0.001265349673476659,-0.04713695638426412,-0.16838101885892853,-0.15437317032907336,0.07230743285776664,0.035376844363221464,0.1369648326844286,-0.07097034315897403,-0.028531886360465185,0.12342077965967643,0.23171268398306566,-0.13581528469860546,-0.001996091041566841,-0.09919034220361103,0.08953118425507148,-0.0903891507962203,-0.051202516752404864,0.04237739623696499,-0.05645164763209294,-0.07047276427487568,-0.012240237248247006,-0.048803947390042256,-0.14946852190250334,-0.21077234953319837,-0.030898958764810715,-0.20611123910811974,-0.043210460695722076,-0.06628886486221637,-0.0803770478085056,-0.16895205919390024,-0.0879092493235034,-0.3617280272047232,0.1936184141654998,-0.21508373909890457,0.3193307523966127,0.04268594744787933,0.19175247968894563,-0.08759529685185172,0.40887093054403395,0.17214978661592947,0.04967521418558243,-0.05671698673771026,-0.32016709867519855,-0.24644584040956147,-0.07134603218662015,-0.0640244212262488,0.10628958476732514,0.09193089154553373,-0.014784343929092857,0.2013394361227321,0.016784191560511048,0.1435467057859257,-0.06427390123110319,-0.18585596176293,-0.1735351999221124,-0.2655478968510198,-0.39226198493743386,-0.07850791856607738,0.2216595002316882,-0.07784337111050414,0.13439793220645335,-0.23362466768822052,0.35871581168594396,0.22652818511378014,0.09525156342566697,-0.11620466071283413,0.18303322263466743,0.2716303535815835,0.21865131077375347,0.154901502011854,0.04284265070872045,0.06901585483899236,-0.4083029399986672,-0.330836002062082,0.2889046755898162,0.09879115707136996,0.05478301945751612,-0.16156447651321848,-0.27757601416191247,-0.39751446611008195,0.015041641943322998,-0.271443581685591,0.1590349877186517,0.3548908398382444,0.08826399002222829,0.003507976546324225,-0.05986892283905943,-0.27514986231114574,-0.056083727188328734,-0.207157430540258
0.2583259717763931,-0.01711017498504127,0.6135507162544661,0.21311751162014997,-0.0838991166277232,-0.05263401204733857,0.446390167907827,1.0,0.29765095369212535,0.4059541567159379,0.46176871644300527,0.1422205099341669,-0.002338423571705399,0.08935060557413055,-0.3110358488917111,-0.15227081385819743,0.3404809576119042,0.15486777165708956,0.2083364980320064,-0.13132737763797517,0.04589263571894248,-0.16546623753620082,-0.16041130670622875,-0.19256410183160297,-0.004301062018716781,-0.07522198324935951,-0.2549575753951804,-0.2921603546317385,0.016902784571701055,0.18978350359918256,0.18342724319343365,0.10907172730842297,0.01054374199648468,0.31560125283754714,-0.10064766997628691,0.02269792578065661,0.051199440821878495,0.11774935720815552,-0.18213324997170366,0.006149551269696767,0.10383615867224616,0.02892413861123744,-0.34486258394208613,-0.4384143611013239,-0.3073975245805183,-0.3494166122001007,-0.3395494110239019,-0.3446568834355549,-0.4268186471573246,-0.4862302595659044,-0.3578059000473125,-0.4270440992052859,-0.15709965643201396,-0.26987724068693447,-0.11977947067247315,-0.4039270021833506,0.2669285392186428,0.04913108892450661,0.17349782069419742,0.19112498003694145,0.3816299815400593,0.4462906515246096,0.37611939365660607,0.30213406302500617,0.07760622514036908,0.28372168637238615,0.25102486794381307,-0.008935157295455978,0.050042221834799686,0.12953599587588657,0.16087737158048118,0.08780248699626834,0.22912923972997415,0.2949499046043565,0.17317802429595766,0.28025947334784423,0.3164244114192829,0.4731776904047149,0.11307683385249719,-0.10012700907805598,0.027361031611592635,-0.05818099558189542,-0.4556656282173657,-0.11255213366890464,0.0325223273324614,0.05568175738710487,-0.17829261957686357,-0.3531088240224273,0.28333173220978247,0.18926304574491923,-0.1306147278633488,-0.23131908292884443,0.07702288548835526,0.0671031720221523,-0.014645153250579386,0.10455044063674056,-0.07863420426893282,-0.01581562193670894,-0.47852236323033004,-0.3543913850881762,0.24976525263472268,0.1551446604596349,0.26490578772016765,-0.04319430487830675,-0.34644385973332575,-0.3800878628552124,0.019507984358374537,-0.3320828785200942,-0.01869721174892445,0.2846140269013853,0.10899875228743301,-0.15546428441366883,-0.283886772641304,-0.05786642676458746,-0.18928782735410057,-0.23423321035011624
-0.26015321201516084,-0.19431852629235963,0.39207674042858165,-0.15057140924257004,-0.0233852959877419,-0.13281094517928635,0.45179639429219404,0.29765095369212535,1.0,0.6892753347918401,0.4457085086889825,0.11761224184069635,0.5386623292237086,0.3374299953732285,0.2432073526056163,0.25264083691984957,0.04651592089993589,0.09804551508776037,-0.06344262697310801,-0.36933169372609315,-0.006157406279978325,-0.38782374956514243,0.0425186489923568,-0.07884899347012397,0.24727555980915733,0.09627229908461414,-0.10425807523513111,-0.22619659190025193,-0.14263845760620092,0.023027875131711333,-0.09221513697301256,-0.19938951463442917,0.07436987878141514,0.029795113025260757,0.08717696506259494,0.047588482545306336,0.10685570493556985,0.0722809684263024,0.2808024804484822,0.20347538982985833,0.26485840275605155,-0.12433708665034895,-0.330257710852479,-0.40442650935556373,-0.18369368946290152,-0.2306435348706819,-0.1267872422766011,-0.17014160294799377,-0.26871923446027474,-0.2642210929616637,-0.2663854980197122,-0.21079317936990663,-0.032702642374214,-0.14708339393923456,0.0138448312834477,-0.10434516308319693,0.04299624549701009,-0.09122010300006142,0.3033701133112316,-0.0761320689764275,0.5114027811782047,0.2852657352233735,0.29301298736799447,0.05949784675749487,0.3349237561590269,0.049808836562096365,0.0956406650362674,-0.1133609407064137,-0.20347886749149435,-0.056736066650908,-0.008259206319881945,-0.13710750061186025,0.16379612222024778,-0.08603785292248371,8.780082299976249e-05,0.08048000680050706,0.08245952655539154,0.18563890693644458,0.023892807567646848,-0.22617716172320382,-0.12526096479269946,-0.16563447472399656,-0.4385475686334712,-0.08705323441651024,0.02795621692029628,-0.048406032460439466,0.060797758063453604,-0.40127357296938543,0.31992603197096403,0.44007981493922266,-0.08828746424310265,-0.01868904418857537,-0.2955711509792994,0.16884454600619755,0.03613033717463786,-0.02626821727359435,0.14123291830125975,-0.09646945305025911,-0.1827070252133964,-0.3389536069643747,-0.052578867392718165,0.07705014185231661,0.1362806514478532,0.08258931941519736,-0.17177207622138588,-0.13446649692254534,-0.10898684107065428,-0.021377088651834315,-0.10285049532961904,0.12893828212422206,-0.06140439604286541,-0.1332799653292444,-0.0713099233717476,-0.2768556460105075,-0.04891703926367883,-0.06365670521481492
-0.06123089970322748,-0.1550067211326187,0.3961023260822717,-0.03825196348246081,0.12287245428317946,-0.0885559059865915,0.27245664044879925,0.4059541567159379,0.6892753347918401,1.0,0.2020488450691411,-0.055247187877850504,0.21221654514806626,0.17897516472682473,0.0337206199655033,0.07690679902688681,0.12676031256273243,0.051864597151292685,-0.024233430561051265,-0.11467624699207497,-0.1399624114321312,-0.4352404902728046,-0.05301622823048661,-0.10837673322808142,0.35606153529803536,0.05864700969721354,-0.1372628019465079,-0.27918676446582,-0.10549386238200295,0.18291727157955426,-0.05354119716961373,-0.18452255164921863,-0.11553488410557025,0.1080296407174576,0.0477680924967348,-0.002525847298270193,0.06070170709350728,0.27169072651081033,0.1846373392856689,0.2477952132339911,0.17645123661428763,-0.00795665525153718,-0.34496293309463055,-0.3695304012862045,-0.14287964454034502,-0.17005967395366878,-0.25454014202217873,-0.16493707997777257,-0.33926193814276545,-0.2808236660679892,-0.5049071470594575,-0.3418365300450985,-0.28983132045529936,-0.3149802995092325,-0.02723078210314392,-0.16752873498892298,0.13879749825317161,0.10984142209942588,0.09183846549798463,0.012213239987763908,0.3603521571375313,0.40874162480609283,0.11179750549399098,0.14651549349017723,0.2346109995285584,0.08939140911876678,0.18380218229761777,0.0007426672550658087,-0.04427844225567097,0.10681659720738407,0.047227304646483975,-0.04134734827960653,0.2515683289311904,0.055885396451748816,0.12476557616712391,0.027188032296332078,0.2807970987393333,0.35321995311763277,0.02314705999239016,-0.2205032644424362,-0.0677320922820411,-0.11508004514901213,-0.5195437468144758,-0.09196336503982198,-0.05686824836916086,-0.2073937631089443,-0.06150589645931584,-0.1627770428126398,0.18984558232730103,0.3220780126162292,0.016975183628806397,0.04476896145833991,-0.14855900451137952,0.24122218882657276,-0.13939017288231176,-0.02938248883680452,0.13664785154897,-0.13245592668469033,-0.09433567748705704,-0.16972017531752479,-0.07809918654758267,0.21854993626230113,0.18913905509393322,0.17852853387702744,-0.1767908901005709,-0.06886225182737359,-0.03211104010521294,-0.10290221691497345,-0.0382399543839193,0.03752809464013425,0.05017248181244733,-0.06072731768879687,-0.2029553087979685,-0.27710103688671794,-0.17912648700291003,-0.19194516863628083
0.037993517903007465,-0.1560965289016269,0.25727279027742295,0.022466819623631736,-0.15587536734824994,-0.050925518583509716,0.4748599766543621,0.46176871644300527,0.4457085086889825,0.2020488450691411,1.0,0.33834574906824966,0.4249405092756551,0.3084616918059282,0.06368168059761604,-0.013616755666839732,0.40392195093977207,0.315564806705687,-0.02811448639097731,-0.3318379416878497,0.24638987615631208,-0.01499348013159536,0.11753042003040504,-0.1092446489362773,0.01879706393251944,0.08273377916731334,-0.2838353316285493,-0.08336092174828642,-5.662637421801674e-05,0.05818939224962537,0.06132915780755441,0.08331170119864474,0.043786419820393115,0.09800756009481482,-0.1174573023498617,0.11527921409288278,-0.09124414997435107,-0.12868099650729029,-0.0069617280842210125,0.005550875654190715,-0.08771620773445936,-0.24263553288385464,-0.3049905934397069,-0.30074558989563505,-0.2262081448480254,-0.20937370594413268,-0.28276841556924465,-0.28118660153058245,-0.33262550965725246,-0.3053675943663623,-0.09860278078209837,-0.27547332526026147,-0.10671910266945485,-0.257805054404828,-0.2203270310159198,-0.2686402445813884,0.34250998586990244,-0.0744437756682864,0.331191986579074,0.0019008197282852975,0.36838233488111827,0.171357601798845,0.4673742247690173,0.11309855393289357,0.2731716514584643,0.3184201749372261,0.1609625417030587,-0.022721479876432877,-0.1461234420541328,-0.1781102046691737,0.025800016731905004,0.1167743757019445,0.03596765930919316,-0.0018979552986540071,-0.03451538198464993,0.12644613215928768,-0.0061913219818769925,0.19486941250998058,0.16090708901385187,0.035129428816193985,-0.05984588753481874,-0.14994416783280423,-0.27819956780156974,-0.29425326402403706,0.2786744767404453,0.16644055196834937,0.10401259671713856,-0.23403822575136204,0.3176220650420046,0.07107148020589607,-0.2672724280560965,-0.0564870838267292,0.03010180313871807,0.19178736800118873,0.16835681739647898,0.07876805667631954,0.03675151356864919,0.14355853899393997,-0.35485352126701003,-0.3635287066550142,0.13258599612068028,0.06008988290519494,-0.18467168399194892,-0.10375896393819996,-0.2790628618316862,-0.2010992904226115,-0.059848281188762384,-0.24270062816057283,0.020338431968132092,0.29015013453575583,0.11772500404894647,0.04303024989316563,-0.2530426857203072,-0.07795580351170173,-0.07624679348145315,0.005255225402787239
0.06262768890302865,-0.15891644684038508,-0.2055966017707277,-0.3876559844410716,-0.22160609937445103,-0.25458965442353,0.21457945429473999,0.1422205099341669,0.11761224184069635,-0.055247187877850504,0.33834574906824966,1.0,0.30192340961225084,0.4847440728054954,-0.13506859011528455,0.08757683576664116,0.1981022065281204,0.20936258686442166,-0.3229517236372038,-0.2551136528720362,-0.06659077632751453,-0.17407012293082127,-0.1139068119286591,-0.1749913293314004,-0.21652904736065234,-0.1748780836072154,-0.24189405201859412,-0.14497525844675124,0.12766417863859522,0.16945406897234155,-0.28500517653766383,-0.03326205074197095,-0.1867921067294281,-0.014938201313002704,-0.16741546683329447,-0.03686976857526376,-0.030228451571175867,-0.13720291370730314,0.11788992097830653,-0.24043031861031874,0.19710823401104782,-0.21375506030951666,0.032433114952294874,-0.044029587769348184,0.08503812623047366,0.030996093891619735,0.0749832220472288,0.15817724235837205,0.0423547833953623,0.042670054548528416,0.035664700642866934,0.08061467998889965,0.16191357192606037,0.047040093881335246,0.034082506636412074,0.13133063590375052,0.01533328160791827,-0.09234717922499876,0.17362615718912855,0.08810143903607308,0.24462692598439612,0.24996321034451774,0.2663258648617195,0.08435128981148533,-0.009669437303547261,0.15217018261401405,-0.054722637266661024,0.10837308692842731,-0.23030031292638706,-0.028594007268870385,0.07447475960180679,0.17483416959238482,-0.0657404694033048,-0.04501399302985948,-0.194582794036182,-0.04429290843327526,-0.05431854711176852,0.0021191212675136326,0.3432947884020888,-0.09949557379078826,-0.10261942100634412,-0.23790047605338357,-0.0948990099029785,-0.12277465382034908,-0.015693339976911934,0.13932838979826664,0.03393414737883219,-0.02074876895788033,-0.048591778724047,0.13454270034520904,0.18856318383689658,0.15565416261048431,0.13636644270125167,0.22232918722182216,-0.14240595443478815,-0.21090622355511884,0.12448312683926623,0.07949433999855311,0.0028417582721295036,-0.27257091990032867,0.14881965237278214,-0.058749609539924794,-0.0850474566298287,-0.191910932723204,-0.3282570235917467,-0.23242135104851416,0.18149135817691833,-0.3174704939110188,-0.18053837191619507,0.05514741050765845,0.2564799497035137,0.03799335657031322,-0.19737981924921078,-0.2314106830065564,-0.10966473736918413,-0.13150879241803407
-0.34374360546467636,-0.34384774937583157,-0.006397565029664042,-0.2539425068443956,-0.16264660304726963,-0.18852238156823345,0.557173055533239,-0.002338423571705399,0.5386623292237086,0.21221654514806626,0.4249405092756551,0.30192340961225084,1.0,0.5100104408468652,0.42021165056089504,0.1944944650047016,-0.04966276337047085,0.03259125543563028,-0.2705403498123014,-0.4060937465399048,-0.020210504965197797,-0.2939924827773962,0.1724258661249321,-0.013851115098712754,-0.07037393223015384,0.06499379335863918,-0.1405591986161529,-0.13328186236535955,-0.022384546131763924,-0.04276261515755541,-0.14346245198102867,-0.03501749083352364,0.060205863179285786,-0.0875974979953134,0.0955849271649158,0.21993616400136845,0.0416712932332503,-0.2205110402953337,0.11261627004262406,-0.11179717635406611,0.1521674672666938,-0.29562581489830897,0.013990896431368197,0.05759651327752605,0.16893119048288244,0.12974837119196395,0.08171854515498142,0.1740678409798767,0.10211414311287399,0.12730679652784846,0.14858758784468923,0.09067406783958097,0.04876008368748115,0.048887614133175154,0.05339825088626837,0.03898187785574175,-0.19747451317301928,-0.23944837303961278,0.21260078416667066,-0.22830204135706636,0.3790289126277303,0.018348904266124295,0.1964809172327674,-0.17271383476585472,0.3796303214316277,-0.03131002956387244,0.019551949831482424,-0.0036505189264131295,-0.30101438569359723,-0.20105712310173604,-0.30074169271626,-0.1394373942589988,0.030268265343764172,-0.203749059554341,-0.27472873156653305,0.010274117747507482,-0.022380786221683588,0.010529295124712379,-0.00959328999286783,-0.13289728110824875,-0.2714391121417309,-0.2837752857276004,-0.1632537683180525,-0.20871726641753807,0.20298842162618763,0.029168864389339168,0.18200274001010439,0.008522572393409063,-0.05770408104272049,0.13846615319619374,0.12295835080493553,0.07674338116382638,0.061052900610089465,0.20865111936094524,0.014186631387398153,-0.023735166171427482,0.10242386320922675,-0.059693907690777884,-0.10704942368391923,-0.2637482591274076,0.02394055156210352,-0.15553437183618649,-0.12969769398084643,-0.25977230228425463,-0.18124364958737368,-0.20710871690400448,0.08181360113169688,-0.09596595826566226,0.02641854715296485,0.16060597303916163,0.14173248365074886,-0.025186840286772375,-0.006896621954982153,-0.3029971641356986,0.041461942715652934,-0.17467477915628038
-0.21377974417652096,-0.22450686397853858,-0.04253139823134275,-0.12325761030734575,-0.20237804350183242,-0.2990310155152897,0.21139721941294623,0.08935060557413055,0.3374299953732285,0.17897516472682473,0.3084616918059282,0.4847440728054954,0.5100104408468652,1.0,0.1851522983565391,-0.09053729257408129,0.0644600114798863,0.034089988449447294,-0.17352287822264964,-0.29300675436364354,-0.12373679198746898,-0.2881448792560953,0.1495543455957073,0.07564636909902098,0.16451152179517345,0.19613407473226985,-0.18201678625546155,-0.0012355787079020852,0.03322508020752282,-0.03946266199171363,-0.021576357328915746,0.27979480619233116,-0.1749193067997713,0.11435407113466682,0.20030047689271857,0.2270495964292199,-0.02778711104152661,-0.1554281857431425,0.19835061996615477,-0.045048730353026076,0.2985138583424497,-0.2726883907705149,-0.14468134072883232,-0.1142784821780283,0.14333252747022146,0.03897454193673902,-0.1472988918123458,0.16357823072087208,-0.05522451905935453,-0.056326005812242896,0.011676902471767255,-0.04826229489862798,-0.11946368908840432,-0.1073732416115029,-0.03493315539146043,-0.09493823922567293,-0.301993750423372,-0.2096346902052871,0.09897975586496251,-0.10986253150573039,0.3029688604708962,0.19891837685259744,0.04786011757826119,-0.11785683092601983,0.48832751201719815,0.39600823615217934,0.12987182443220305,0.3460763201712688,-0.21286004741389447,0.04246585429542301,-0.03661734119116986,-0.0019690325954829974,-0.03630168048094031,-0.06453617921514443,-0.12999626310921802,0.218887937960629,0.23944059112536,0.2795398459497629,-0.0399451884232658,0.021952449772274073,-0.34417364511524917,-0.31030579669585207,-0.20433800615709752,-0.3508718113950201,0.05123130621403947,0.3169984031062919,0.13789957931194297,0.007153975803005765,-0.01696133418672046,0.07028086395992428,-0.010838710233145869,0.1476943169613491,0.20858256747498471,0.38172893218138937,-0.19546870242675027,-0.2662940596179152,0.4387631183631347,-0.11644456837197273,-0.12105765597598894,-0.5023740778725636,-0.1294153890507273,-0.11053849787844877,-0.10970208238746496,-0.24543078192413734,-0.3015912364938499,-0.20960479513255095,-0.03409475667589015,-0.11056535667195949,-0.3066099877191065,0.05530505949515242,0.3111808981844112,-0.2640477419918456,-0.03396366845718811,-0.29786480387750486,-0.10467229013380157,-0.3525048755356129
-0.32582461013382585,-0.39485021368737006,-0.05474583551544101,0.16579520800106443,-0.03497187308006681,0.23826985335303544,0.14923450131808402,-0.3110358488917111,0.2432073526056163,0.0337206199655033,0.06368168059761604,-0.13506859011528455,0.42021165056089504,0.1851522983565391,1.0,0.29469511519011077,-0.35774364288668575,-0.20912512418109322,-0.1461556084518534,-0.3156239301601941,0.18136287065781997,0.14266832801876828,0.5823312411311603,0.4097575866950187,0.33934574867489564,0.4035628446043554,0.09527743570574929,0.45451253781176754,-0.1258524824910839,-0.3755494340216328,0.3274132096969322,0.29211634063536934,-0.0006827966480458614,-0.20538576670738573,0.32447440713020514,0.12874883284308924,-0.21574447000668154,-0.38400895923288714,0.06246754537228423,-0.038992622863101026,-0.05586255018394295,-0.2406215413904499,-0.07770468859909405,0.047010821433513955,0.18977832749073825,0.14426422659912758,-0.03659058058776911,-0.10235742486213377,0.09302293588050044,0.11548636390624269,0.19249872348041694,0.042099913171094655,-0.12333649753462556,0.014249455818083488,-0.009979079539762405,0.019986374235416434,-0.3353293999218574,-0.27215073487395924,-0.19333371362137144,-0.5295632520589157,-0.12180363388993021,-0.29878775720779965,-0.31057980381907113,-0.5203521646815962,0.5004115628907306,0.20892242526541152,-0.2913292295848623,0.038390545527534056,-0.29793278622823455,-0.3033105719217902,-0.038334568927065,0.05458904390750142,-0.26867349964681697,-0.2840669366024267,-0.10546127097998809,-0.014271787777740198,-0.27121980216958513,-0.2888342427322864,-0.021877754068388645,-0.013625162403999984,-0.1520616516905431,-0.08888133329420532,0.2575467114878493,0.07689638850987265,0.5223660322544242,0.14010873632309453,0.34972714555713785,0.06902119062716568,0.21810813241692742,-0.2254302713656069,-0.09558046536544995,-0.17319350381301404,0.03645799584721543,0.172163412516756,0.20368437201386863,0.20110310239125415,0.07784444342128928,0.12975622859303798,-0.16018684676405204,-0.07149233317767888,-0.242105455491718,-0.20479549886658596,-0.36795345938017654,-0.08206875393339333,0.28763908630588086,0.2578911729088836,-0.038683760103200314,0.23063656034957394,0.27410819593890906,-0.06075596049780237,0.0330348216672515,0.07998668543403106,0.06628126267629304,-0.19464222549043114,0.30649064681120525,0.371423377091905
-0.41277438538935346,-0.2793799714786354,-0.18244134281766541,-0.02758503814549777,0.1667228979816386,0.0725130305156114,0.17627723547331045,-0.15227081385819743,0.25264083691984957,0.07690679902688681,-0.013616755666839732,0.08757683576664116,0.1944944650047016,-0.09053729257408129,0.29469511519011077,1.0,-0.26494047870218945,-0.05187403928593004,-0.48889721862222163,-0.2594658229097389,0.09740864293668182,0.08513892447641797,0.0027565620685762273,0.09281273538925322,0.032729261513170474,-0.03042062018803097,0.06503979219602189,0.01876968088549257,-0.07211540331911148,0.02836751858165221,-0.04876233647996025,-0.14071143808326866,0.05589555410087391,-0.2503544449020145,-0.014904222999129482,-0.034279395902545216,0.0855238979530252,-0.292138113622451,0.05992552948278027,-0.07722710419055095,0.11006073191920282,-0.29596390117512805,-0.15142627004803016,-0.0468869134543761,-0.13619809586281434,0.057748437108931294,0.057336841162358966,-0.0729654395621929,-0.028439766082301875,0.14266719382273407,-0.01843464675195426,-0.061967697921727564,-0.030373139186276526,-0.03590872235220515,0.04172763780861297,0.15788273795407723,0.05456806265307262,0.021366240716349457,-0.1507713921926415,-0.3119461399468153,-0.04047094339852542,-0.17064237510976374,0.16376338340608929,-0.028563827858451254,-0.012547060848746386,-0.24432086706020315,-0.40459080143224035,-0.3030190915870411,-0.09732873718280285,-0.2155420380045174,-0.04389005680779696,-0.15197209444586957,-0.17706296673706676,-0.25673318448115096,-0.2710978362824346,-0.2971029839195053,-0.3845953599738105,-0.4001653146601311,0.23298170071370058,0.036086976749709385,0.27888240171348433,0.20579071447440597,0.15389396442952033,0.47045934336825806,0.15211212970982715,-0.11726286835346775,-0.042177414866011814,-0.02515180746737969,0.08069425201049144,0.006993500637664537,0.10737840064733516,-0.1294707073359972,-0.041334873574793325,0.13082933744151065,0.3269153925361723,0.2210338279587095,-0.26500329961284297,0.20347459569298462,0.017181904221542796,0.1890269399518821,0.09886322856298785,0.2808727848037881,0.2223338266283206,0.21562593836710295,0.3985187161083511,0.19878947729902094,0.20202660872438308,0.2292091561011628,0.23951544684637674,0.16133937409687946,0.06853777785289994,0.36040771605436966,0.17516498001613828,0.08937828871435188,0.4102880003427554,0.4363305963105489
0.5094147140992707,0.3299472483251811,0.06932176265317791,-0.031204739925434412,-0.07099873463503259,-0.05036377860770285,-0.006856437574554606,0.3404809576119042,0.04651592089993589,0.12676031256273243,0.40392195093977207,0.1981022065281204,-0.04966276337047085,0.0644600114798863,-0.35774364288668575,-0.26494047870218945,1.0,0.3668447188298962,0.3001106217655433,0.22119590735197758,-0.055547995577002435,-0.07645309743288811,-0.3940103368999759,-0.4087731270788694,-0.25042095383778745,-0.3295115609351347,-0.18806155043769152,-0.30984206282526566,0.14507037110803606,0.328167239945394,-0.038888114952593165,-0.07157844129053725,0.11420764853603711,0.3752061974173238,-0.18067302673559849,-0.038597875685314205,0.04584040261058054,0.19868879366984166,-0.11268687206897005,-0.12332698259086597,0.0032894670009390864,0.11789728473932137,-0.20880190740307616,-0.28562192684274973,-0.13725929188946187,-0.222205408907346,-0.20366463044057298,-0.16467594052390175,-0.33428790948395143,-0.2800512777926623,-0.17268631635330162,-0.31518837759496854,-0.20508001680637694,-0.23539720238215486,-0.28946999323713,-0.33242634914466923,0.5657767389900205,0.4374592851765462,0.0837072369499311,0.21213243140544835,0.11892760024997595,0.2774667850391757,0.3602870206672849,0.494496003125302,-0.3304422750993007,0.08788372589326268,0.2243783496631371,-0.023691996411372745,0.3575262650537287,0.14110312457068447,0.004856095625519326,-0.03672580683179515,0.2907510813279131,0.3456829200944383,0.1466792286598194,0.15320807548351875,0.27939766014182577,0.3125613380695573,0.29570419907675155,0.03265542058446837,0.3467650432559661,0.23207926268508652,-0.2831587649381578,-0.0677053648359019,0.05728009952680608,-0.025328936837905852,-0.11634315284385863,-0.13260006020496654,0.14960069950331548,-0.13780680147871172,-0.14734748242152826,-0.03912730265603636,-0.013403962431787443,-0.022161808901724266,-0.1724262262084829,-0.14554464897152114,0.2666599070308265,0.003661436015816562,-0.09233587796617701,0.04462417816388755,0.10802049887732258,0.1911904622873799,0.14952263835177504,-0.07955997208992976,-0.2115286559062769,-0.35753081726575897,0.08815721122787533,-0.4671250477566022,-0.04649333269206979,0.22209185480142862,0.18990823944019258,0.08689049054537949,-0.08618848354720192,0.09961936131705758,-0.08768635865095899,-0.22203308175281797
