1.0,0.33433787804618403,-0.3031080624695349,0.10616773856132444,-0.13273612735372492,-0.19614111902386377,-0.2661648270024475,-0.2916147553191257,-0.17555908788230518,-0.09867485397347585,0.4674237167820857,0.11962491349615922,-0.026506949074619656,-0.2044097492861056,-0.009057167176204103,-0.04474258452125951,-0.06071807328784325,-0.06170073163779839,0.29854030286141775,0.27641183115812623,-0.21643033773506232,0.27686442269706735,0.3216004411327061,0.4066148313673997,-0.02422532761983207,-0.14550938889437598,-0.018068507388128912,-0.06068114260392433,-0.07171183828640165,-0.270532730513763,-0.25753851798519845,-0.14914105553602552,-0.06469043228300728,-0.29885625213975353,0.0396637262678726,-0.3521839707834318,-0.05537865189157465,-0.2154665621618314,-0.12169025462113907,-0.18109101499025995,-0.2480596309821356,-0.43371345925725946,0.01606987586934024,-0.20574477741946948,-0.12906501883835622,-0.36014997033514523,-0.2007769910015122,-0.2009677566921937,-0.036146213973502234,-0.11354769407165673,-0.16399104659272726,-0.06166636374935234,-0.08152198895708695,-0.093896840984958,-0.1120098544549119,-0.1601276635676696,0.23928817339078057,0.1835685334467132,0.12414157316980738,0.020198312743976883,-0.24077987868068168,-0.17305644194421102,-0.0628683313688107,-0.015487181842919496,0.20434656301925755,-0.25328107401572786,0.12814744775867032,-0.1641453649810761,0.39264883432963,0.42761076087291133,-0.20034467563161554,-0.19436343858836133,-0.24192147761880126,-0.2667163229916179,-0.05181313956167504,-0.22117078366378654,-0.15878716412153127,-0.21669595702105585,0.022332471778496413,-0.1846074526447978,0.12723772918716855,0.1300409149665073,0.3212871808205089,-0.17003419147345497,0.47326201692414915,0.40687436561761486,0.4218001905415071,0.37428164971664446,0.33027103105486977,0.037021319206350906,0.0470066949158388,0.09914880096035139,0.01703931591834687,0.07443125632124728,-0.2279258505549935,-0.3306048342143981,-0.3695644939582435,-0.09579575098789518,-0.1655854142295852,-0.13423708349955324,0.02364339875538222,-0.0626326971391384,-0.05494381227610824,0.04954009830764379,-0.024191954396543893,-0.10552661477279889,0.09475582482791495,-0.2408644512590616,-0.12989462039456207,-0.15658812334596947,-0.12434329797887643,-0.3579994296000667,-0.43726199468628313,-0.15496149708746568,-0.19664631432637777,0.06660793802881512
0.33433787804618403,1.0,-0.2762380795549998,0.2274511344765717,-0.12440477936351471,-0.24463081780349633,-0.20675644715867025,-0.5357661129010105,-0.3604416007801971,-0.38467299870278426,-0.19757665048947426,-0.1560789148087862,-0.4105269733724292,-0.2646053789912651,-0.2530334690297829,-0.41036914038366384,0.11556559758379828,-0.047659217409556406,0.15894638337870817,0.4919002851858251,-0.13811387748151466,-0.03135784428400423,0.07917572208713318,0.053186385006192716,-0.15198876676894052,-0.13352567447366276,0.03611824441155418,-0.02921409198580696,-0.3179390562967127,-0.2329575938145091,-0.22377417589443138,-0.17853747040266899,0.1721785089484595,-0.054475810200995047,-0.010830819929586118,-0.2797235897095677,-0.1223463118724975,-0.18698822893640044,0.09293218221272952,-0.21244951470055393,-0.18568652406393252,-0.0835209053725557,-0.2084556688528383,-0.17276137817218837,-0.028473818661551176,-0.25702342018410973,-0.16781615393279217,-0.14772635984375143,0.19939300735058454,0.24867192218703094,0.23289972494063507,0.28884591927141945,0.009647242639152695,-0.08078524595781883,-0.05232010702665495,0.004528118198704758,0.3668566507591092,0.6989339432055423,-0.07646503029739078,0.23221174737947184,-0.18780320054227173,0.08071320005221944,0.18233446870300674,0.32963695454810904,0.0786027181450101,-0.19750667208308553,0.34574519197527154,0.045657574161257056,0.5105962257680329,0.5009574458524237,-0.043820934356446586,-0.32150518653717214,-0.20511450721112556,0.0130141285565741,-0.13968623506383984,-0.3312276504034248,-0.24822582158868894,-0.2575365656139535,0.1264348981588716,0.017078666321009316,0.051990739116275504,0.220678545810131,-0.045634091214994156,-0.18069018803924836,0.08568815593872746,0.2202784579123009,0.19460782652365125,0.04434317136817371,0.016544166030058705,0.05996273777266962,-0.2665078881425267,-0.2955950950366836,-0.1459453198987963,-0.16291066780450097,-0.3363643796958081,-0.1994925411080084,-0.009011481299054908,0.0352605600780935,-0.04222104828451869,-0.24806080103979164,-0.08404520918027544,-0.0054002533547666,-0.09009860055985587,0.09240339707471351,-0.1326928438602972,0.01301760145701738,0.08415751680783365,0.16439657247233053,-0.1764251877173405,-0.3887443564947457,-0.2595110297715354,-0.1669522319217311,-0.23016402075535097,-0.02195870373579224,-0.055079947247289505,0.06706421698302409
-0.3031080624695349,-0.2762380795549998,1.0,0.18811003109761887,0.1800102740814172,0.2743657789407174,0.6117580163226753,0.5548251197077793,-0.058280670703724675,0.28777745616719314,-0.14681255680826452,-0.07146428379941112,0.18167008905075027,0.21926223354525146,-0.05589706788460971,0.058145320616390564,-0.11495149899356027,-0.36200004116241485,-0.0476093831907162,-0.2629457851097472,0.1703034859592042,-0.10125481581248608,0.16284070526574826,0.08959759449667791,0.25996023987035716,0.32348188915547005,0.1563090118738035,0.11957761345241247,-0.1610681804024346,-0.14325802752169256,0.44598575448939815,0.23228360259151196,-0.16645211435470783,0.012049097262374353,0.17870510147999227,0.28566825003702456,-0.19377409972679352,-0.024757076310682392,0.08614386454602967,0.003473792512066974,0.06724582016793151,-0.014741522074932798,-0.02221730093255995,0.11214292297978785,-0.13146400438053593,0.15745390812928378,0.13759555773143353,0.08296744114035062,-0.13068891005933558,-0.11418746400422153,0.08071049323811981,-0.09296857435445402,0.09100353658593725,0.05756703475040034,0.05059152863669389,0.03749394473866274,-0.1488737816913426,-0.35098494708409295,-0.03270822746957996,0.01478719506445437,0.11373678467902329,-0.007997123539260126,-0.18221717436620757,-0.42757861307795914,-0.12439648718269952,0.17168646552347516,-0.08269670027275554,0.26424221910395745,-0.34380403480167765,-0.3490504499683579,0.13621485644178752,0.07082726573687745,0.007800079455977125,-0.061837824789696995,-0.11926920025370806,-0.00450091004870385,-0.14233780975758265,-0.29162994956711874,-0.4041683040315662,-0.19442782804401065,-0.11905278771118458,-0.2964794993801621,-0.2769503712419876,0.06496703346333181,-0.26451273253861424,-0.24374197088483973,-0.1081735776119716,0.07502497126460422,-0.04833419849285277,0.042653469389792274,0.09992451254868313,0.08326140898410087,0.26375092678079315,0.2507614150777678,-0.14514413487908942,-0.05566362225329999,0.03547236087336929,-0.13472986837669662,-0.02969428096286633,0.1491292819595895,0.17505994259149354,0.12149300725637689,-0.0015179107061895818,0.053730340090213526,-0.049631418157097144,-0.047133234095066756,0.041482563888635714,-0.10997347432163275,0.027763100411996477,-0.18999049613989297,-0.06581903099283029,0.079285996924311,0.23820923618598744,-0.04489498708824221,-0.21087931018667921,0.07712706748450819
0.10616773856132444,0.2274511344765717,0.18811003109761887,1.0,-0.16710765283508555,0.17034790598605984,0.14489628050254105,0.23625348686902978,-0.2669775575909619,-0.015637985911931548,-0.34085011131769066,0.033196462320546065,-0.19621338596356758,-0.1488781481540528,-0.36807124655041246,-0.09250974431890953,-0.22955315678974522,-0.28912510941267816,0.09919320940725639,0.15807561965554773,0.2098424914566004,0.11200214657621335,-0.06504843676369984,0.40011095645767647,-0.3474594529232208,0.14228461804789505,0.10811205531520834,0.018219911843064495,-0.20970995877431747,-0.21268287782125664,0.23778023881824398,0.3063512233164225,-0.20696797666027705,-0.23291408670639555,0.2253030223787061,0.005317071294210875,-0.2663375521230278,-0.11783885645517299,-0.02841752212612029,-0.12668344528130068,-0.13102044207018587,-0.15127470031360984,-0.27467290829006036,-0.18961622946312218,-0.1367673987405758,-0.049673178037341004,-0.1817565174944412,-0.13146030136374412,-0.0988785992965008,-0.04581155830624655,0.024391992802789204,-0.05130178271409855,0.07518743749899548,-0.013909402422816875,-0.013832628805679231,-0.21398545217119289,-0.004702146505955775,0.01884705817283009,-0.07852434101713533,0.05092866043228373,-0.10719971534998332,0.04105520655366392,-0.20101807287221488,-0.2113536780811744,-0.07870414876473514,0.15583122750874037,0.1033874519314374,0.24179800922850403,0.08857749471363409,0.0076208932687982355,0.13783849694783226,0.20391239033929143,-0.17976125541792737,0.011277994073754509,-0.02140010815760439,-0.1750568848836466,-0.15298427550420474,-0.11072810621118498,0.06117473041452194,-0.25451580179563055,-0.23589887788255323,-0.19533681855861876,-0.30712151341802724,-0.1257296458217253,-0.15460798860638394,0.06441904767730942,-0.2277757829752017,-0.0750952264159125,-0.13033050838173227,0.24959958417546727,0.11560896384170352,0.12784450798454458,0.37915974297433225,0.01872285698201821,-0.13353572630833915,-0.1419573624511141,-0.20492342750591763,0.02333318499954739,-0.18060612750966107,-0.13145685972810062,-0.06844149690759094,0.13431256142566636,0.17672290980159525,0.24588209972698089,-0.13743641704198725,-0.06972670358347421,0.24476444204640252,0.1024157153024549,0.00728557705223168,-0.2293791161063268,-0.2156992705223165,-0.12626666342681195,-0.19322215623994146,-0.28480228201788377,-0.12887020414631445,0.14411569778238506
-0.13273612735372492,-0.12440477936351471,0.1800102740814172,-0.16710765283508555,1.0,0.5242559996096391,0.2916490342232706,0.039574550092312664,0.25724765484753725,0.34595841237735625,0.2757584239234132,0.14441028926224622,0.19883571572546774,0.14382951639837543,0.4692808218787468,0.47277620080495303,-0.007454494679955528,-0.2599478721184361,0.06905853547526493,-0.14015432200265596,-0.1818236818880309,-0.2746463183566691,0.25527466081896066,-0.13026834097998358,0.31534649474732884,-0.07776673501171787,0.11491550019415034,0.008665933340682785,0.058590175125561826,-0.018597723325063757,0.10819399006175347,-0.03287074902074809,0.03056755308131313,0.19336114919281472,-0.1161075982426439,-0.049144781430325454,0.12394392996973742,-0.061879016718722785,0.15962027427528594,0.06497432339067305,-0.09293514209660561,-0.12823371979619122,-0.0891166516375988,-0.03201608555455231,-0.1524265203639541,-0.04649631408975032,-0.049996061063260544,-0.22065381978339466,-0.2611530032012269,-0.21139618628974358,-0.05462804537397098,-0.04422253736337778,0.012097860846968123,0.09537914759872314,0.2936714494666923,-0.002213108463091535,-0.00544564758278737,0.0496253575803333,-0.10334465171512013,-0.49158277207897016,0.07703570979751785,-0.1332902108646139,0.14654627651966748,0.008606160790813574,0.0996325932723812,-0.14506392689221248,-0.3363377810568962,-0.02251514335724216,-0.1918205919553944,0.018990959039419504,-0.10496164031222494,-0.1389192298997002,0.08863496932054787,0.07477753422180232,0.07263387483779235,0.17509671797421633,0.31841293257882863,0.09104036124180857,0.006305189981007984,-0.024681181457758942,-0.08144191671332301,-0.15391481318973696,0.32503276098955974,0.3489826444364619,0.10116689165419403,-0.00315516295352445,0.06711563585191095,0.26266670575710455,0.17566801051960615,0.09509707278467786,0.008390178208638108,0.1984432561603456,0.018083713669144987,0.1688242299892028,0.06237700342778594,0.23831043172452668,0.03720556328279256,0.02502010836023012,0.0577068788707617,0.10107824581104492,0.07208280737242782,0.22307376880857516,0.16761525556076687,-0.08713969945675334,0.05423068616767878,0.0018817814998052362,-0.18433428675197763,-0.0790646888575753,0.004696415465341588,0.070356217395287,-0.1099195556267534,0.08415582646534564,0.0337638301893462,0.25337780325644743,-0.2143904554471353,-0.18071169052875916
-0.19614111902386377,-0.24463081780349633,0.2743657789407174,0.17034790598605984,0.5242559996096391,1.0,-0.008798720008539233,0.2719151008028573,0.12100187482418796,0.29711829805007917,-0.08520770875860761,-0.23187992884867065,-0.014214055343529665,0.05797204223906136,0.04548582950570516,0.19639501029395376,-0.19132962643643525,-0.46799819168756135,-0.08901483820947378,-0.25992401772066986,0.2595529961263005,-0.040609224491139344,0.04687450859013638,-0.014845782304478047,0.28826506478593494,0.4783853479660511,0.45925816461182006,0.38559296413160815,-0.2152948553241781,-0.2245663132061014,0.5079450239657551,0.446195541780129,-0.022607734132576985,0.2153101455021392,-0.0014803791883246692,0.26607063208930054,0.07373721958641065,0.20531083635388708,0.15847451494839532,0.22783180274726156,-0.03537011158762077,0.11804983147526683,-0.07063048052142405,0.13020418385157412,0.06431471955498824,0.3254230033969898,0.06929207621258479,-0.06539661848872463,-0.2534506223852448,-0.08692742368629053,-0.22840128186846143,-0.08125898877816173,-0.1194832233452872,-0.06026067734937563,0.11812512323405495,-0.0034932853741346517,-0.037106240521697836,-0.06944141016865384,-0.2034751211180394,-0.314097035654448,-0.18610529080977178,-0.27602500882342834,-0.2759474111695615,-0.3248196973461634,-0.26386948658048714,0.02402840083701116,-0.34905146528923864,0.14788561748629125,-0.19580335746519986,-0.17240333052274667,0.2310663645288279,0.1162789993245961,-0.0025279147166198685,0.2423338179514316,0.34737197058143426,0.3996970505465363,0.28677830889280254,0.18964822216764982,0.052750385130333255,-0.06969703512526396,-0.32170489899719046,-0.4772590091758229,-0.05001545955661287,0.0670539145201067,-0.3194719513435635,-0.39853804614231386,-0.3001296746669076,-0.07618294202568893,-0.065755424649997,0.07048020710262176,0.07208923469627221,0.30505304236194664,0.3025990634924841,0.19108206029829447,0.19335920037118215,0.38421907967329727,0.13899913007184014,0.31685950264593243,-0.04351017345203909,0.14620780007142742,0.1315315697820579,0.20239872121661803,0.24685325065226474,0.12197819602201258,0.21678898720339448,0.10474522626699333,-0.07154533091614441,0.07830575025425118,0.0499302207396506,0.184327210272053,0.23571521122118,0.15628912112777446,0.13966841946186279,0.24536207274477764,-0.054077092471248076,-0.02816972760128788
-0.2661648270024475,-0.20675644715867025,0.6117580163226753,0.14489628050254105,0.2916490342232706,-0.008798720008539233,1.0,0.4018656108105481,0.22907374805456324,0.4304543335076402,0.06010927928008696,0.2988658322409179,0.4043304378324154,0.3454172036288931,0.2994383606368785,0.3853795262273614,-0.04963353745613974,-0.07798336585501686,0.014964220404751727,-0.19871948185373722,-0.33562860687429086,-0.3627291784686816,0.08377169355129244,-0.002343511719359767,0.07667910513922853,-0.24001078256031042,-0.35734062612083967,-0.34047445518845776,0.10323873303116922,0.17568791118669522,-0.0116549593246723,-0.2161888406533494,-0.2691035238148794,-0.07233668877222793,0.01715698458916176,-0.0008113917043275073,-0.253706079981724,-0.24959358906257795,-0.2829499119591886,-0.19173066926410678,-0.11719163890984763,-0.4017454902502116,-0.046805322826741956,-0.1494275965532133,-0.2582749413206213,-0.1302928515479829,-0.09480532241356945,-0.12384055651666748,-0.23612285928546384,-0.29277835447558576,0.17733284569676816,-0.05408555866702617,0.34196127919133007,0.21720673974407112,0.10684891516251147,-0.038376346491035426,-0.27209784826752975,-0.332313724413491,0.17476097394366863,-0.05063279271809276,0.4761369795819098,0.2447246546920005,0.1265352484432227,0.0415949941934675,0.2377536810546993,0.18734129688893877,-0.12077407076858582,0.04977925685888877,-0.2433036569382056,-0.20853272994478297,-0.07430666165112969,-0.026547074184667063,0.10044886595595086,-0.11217263794107073,-0.23930259273068002,-0.1826442055917396,-0.10726931040154972,-0.2083689016920863,-0.35083351643380384,-0.31254127989953645,-0.13847143967128325,-0.21211977180608219,-0.1121025782490785,0.20886735761335568,-0.0076010500247788385,-0.004738285382744113,-0.059771481055293736,0.1670413974538752,0.10942915851175344,0.2592675813190337,0.2768446732637071,0.17233369571325777,0.11572867008361132,0.2526192011178473,-0.18375960955562862,-0.05093935747652695,-0.19507095318159445,-0.2362740511960199,0.07557866995939534,0.1788077338404153,0.22446419072919505,0.2640456144231045,0.12186463110910709,0.06579540547286959,-0.04234230223937958,-0.040304079383066856,0.08550233868071838,-0.1356867285840958,0.10452129420857471,-0.08516232599602903,-0.3085479080329335,0.035614130398288084,0.1345210636155556,-0.1285266533384836,-0.278828621949376,0.10177715757177243
-0.2916147553191257,-0.5357661129010105,0.5548251197077793,0.23625348686902978,0.039574550092312664,0.2719151008028573,0.4018656108105481,1.0,0.1878427832822721,0.47261574663469136,-0.04509129058455661,0.27093231625468783,0.40531576783373163,0.4334084205475588,-0.08846721368658222,0.17174446223769266,-0.18281341411394803,-0.0895091150090364,-0.15335003483445087,-0.35387047828925927,0.18116681680584606,0.110368537061307,-0.10860431565973033,0.18303851483225378,-0.012552801037202908,0.2143943894295322,0.008696875731383164,0.04141264130759039,0.0005290069953402838,-0.028498874932382744,0.2600662506842374,0.25411564735568665,-0.3001461914086701,-0.1576192417138001,0.019367188749551675,0.23347369371217863,-0.31749063269816086,-0.13028233492283253,-0.16316221903165776,-0.1636736532501017,-0.09507363799783655,-0.07814606125226611,0.19904390109488435,0.12625745564028415,0.07021648580568592,0.09762641867191663,0.289457221275858,0.1357534743364634,0.017949787757283835,-0.23607929610567285,-0.062017927168673354,-0.06478313177094203,0.10619775411088393,0.11872795011415055,0.00047996168327602625,0.14207395190743635,-0.25895678471047734,-0.5631015166978723,0.09500302570889077,0.12404437763332282,0.014720826351863331,0.23955518677270662,-0.4483054553745109,-0.43207535627277804,-0.16479492826320713,0.6175610505789748,-0.23244982524387714,-0.06073048963773311,-0.42897231652509926,-0.5819808315996158,0.07512421073939765,0.31607241131376257,-0.062443975374180845,-0.09845618932186632,-0.07440298095098885,0.08590303676279704,-0.09651328771999959,-0.16097043955883056,-0.138083172565079,-0.27405640197637104,-0.3201474943882373,-0.3706842889974826,-0.23450205535698282,-0.10043314043751518,-0.18585682033026912,-0.2009078567368099,-0.33529517588509744,-0.06699627405205794,-0.18394131307148234,0.09819556595220447,0.2702047942435292,0.2068106990407533,0.3275131223055311,0.1540722179979096,0.04707741778294187,0.005479461884013619,-0.12032347449116755,-0.19139800245935318,0.1425250721445517,0.15504464527226972,0.10183641276039955,-0.04277332355206884,0.1011161667152115,0.0376838073057488,-0.0031616397959174556,0.012273208361359679,0.09370537242101809,-0.1334293983431935,0.064094969162757,-0.1093758945824673,0.022265667009958252,0.07382273442645385,0.16978990266815622,-0.05620673442827864,-0.0018292219429709919,-0.07243965601059138
-0.17555908788230518,-0.3604416007801971,-0.058280670703724675,-0.2669775575909619,0.25724765484753725,0.12100187482418796,0.22907374805456324,0.1878427832822721,1.0,0.6751346340913564,0.32549690880236437,0.17967140054816946,0.5049873914400858,0.2558630213036618,0.6380365013851591,0.5614910400770867,-0.038018510803885595,0.013614790638514444,0.27514680982749495,0.01717224934584077,-0.2551403628356052,-0.029706624440920613,-0.10503235138100078,-0.1714737833542079,0.08609152547289946,-0.3180756807305813,-0.23561752371007502,-0.24688858783731876,0.2102735582211035,0.25787189917501774,-0.2535245940438276,-0.2577354019656786,-0.24588953008859546,0.03870266280748637,-0.25123510181262193,0.09630052118219537,-0.1522974422676672,-0.24521870427200282,-0.2439618151280586,-0.08866399561093442,-0.039667755007793196,-0.0618240290668689,0.2929521537685502,0.19140848623265255,0.1301665292869682,0.14185092602221844,-0.01953996004942872,0.1968065682729242,-0.003401637252757895,-0.0858162670151882,-0.16774630156776316,-0.036566802172821614,-0.029012600886776735,-0.09046636029199179,-0.1314593919101682,-0.13893566797882342,-0.2072169426041542,-0.23680925119674423,0.511713900143275,0.051657223805087076,0.31466559974581004,0.23764739129807017,-0.22030424206773505,-0.011597515712321003,0.05576656958714961,0.04846653632812207,0.08430845140726467,-0.03258003884356507,0.12158181564855927,0.03808205118553201,-0.27326415594982945,0.014989522488914287,0.014993939330306552,-0.10393649290094999,-0.1455959282820627,0.01628859946477468,-0.01552870352004281,0.13661327206975135,0.1051101625957249,-0.1130565263082632,-0.34242629768023536,-0.2023877636810025,0.12567643298213885,0.21791553073065598,-0.003869151059477136,-0.11854687110339504,-0.16344082212027936,-0.02760047056748231,0.053787570783010455,-0.17763982669926104,0.07935093162343912,-0.045539621685666,-0.08662228897137174,0.271138114771009,-0.1374408274637449,0.1914321486280454,-0.26477680148621363,-0.016600771893057836,-0.18493375415790406,0.03689929874770009,0.15513443965453452,0.2137069799600514,0.05720148552468692,0.028713601810176074,0.03486319429099461,-0.04955247163470105,-0.2937282238365326,0.055066924843979556,-0.02020881481277893,0.14778085746570346,0.03576157655550225,0.14497225495048358,0.027654239717240882,-0.010776872653195492,-0.06822933471416598,-0.02781923135196446
-0.09867485397347585,-0.38467299870278426,0.28777745616719314,-0.015637985911931548,0.34595841237735625,0.29711829805007917,0.4304543335076402,0.47261574663469136,0.6751346340913564,1.0,0.27169606764479487,0.3413829511328652,0.4848482100913852,0.44893030225830277,0.5530283660492357,0.6607013965606975,-0.38221101332861607,-0.1548556279987476,0.1606472515004949,-0.1937090497313697,-0.2846928145285731,-0.22387313101066914,0.07506317630679606,-0.021891167785386814,0.17056507174408372,-0.19522731577905797,-0.21019219197229352,-0.23959291031413726,-0.07469067164529355,0.08023648991753322,-0.15421636105747433,-0.20233981189850625,-0.3720806753836672,-0.10809452959421516,-0.21241208664836544,0.01945891241915234,-0.18020391024908766,-0.10499128540523495,-0.2038430544857957,-0.04752802334061541,-0.010196643380242084,-0.09768296065853782,0.18389653071787623,-0.06811279098164585,-0.2198258770790667,-0.20764994846433404,0.08102184039010919,0.016336823415466963,-0.07436878534681501,-0.28716877992839,0.03475601434525903,0.06910533363674316,0.25126954465788115,0.2419262160922958,0.2236096387387586,0.15396268680441696,-0.3198864907140143,-0.39371363959537703,0.43102876476444724,0.12041680372634245,0.2031688677036614,0.2736343368353492,-0.31294474559381014,-0.20908940880830487,-0.009026555970322855,0.1903152830020348,-0.03777157266865359,-0.20498184598682873,0.0334071726500433,-0.12476115848792237,-0.030964557658549288,0.021217282644283224,-0.08551000790249369,-0.019764397891646447,0.008379967839325255,0.040362326755394286,-0.01996933740484892,-0.10168418969775607,-0.16286085475869927,-0.41950318874868625,-0.5042035157166677,-0.4014386698812988,-0.020068137563864448,0.07797376833349667,-0.12686505679610363,-0.16006903862639132,-0.11987417799564168,0.04836634648715228,0.08129251373318777,0.16679721534834785,0.40166043693220915,0.18183321261512642,0.2839241514134317,0.48878921412770276,0.020670669291319294,0.07448287875012499,-0.21944295220731805,0.04235878078541253,0.013877925859437184,0.30489727321858706,0.23865381702641011,0.2331816703633594,0.15811976595556432,0.13623522802178378,-0.12580018642983354,-0.09106009201981863,-0.2186474974239693,0.020848601608272576,0.030444007239514913,-0.0013659003654515924,-0.18013112682913218,0.22766358724053332,0.05383298626425311,0.05424291478018201,-0.3180303674845895,0.10865852102849771
0.4674237167820857,-0.19757665048947426,-0.14681255680826452,-0.34085011131769066,0.2757584239234132,-0.08520770875860761,0.06010927928008696,-0.04509129058455661,0.32549690880236437,0.27169606764479487,1.0,0.3954507929983237,0.5954438889995205,0.29058394227057033,0.6413558245500054,0.4688737990978106,0.011880116073070594,-0.005774993766501731,0.09149302522190599,-0.14254274294009292,-0.35658530793048016,0.006224008109291956,0.3681139889231701,0.09278571176214771,0.1837493935013921,-0.3250604306218692,-0.16008194843562495,-0.1451597364890034,0.27081467551352617,0.031209067153821615,-0.2925595921755288,-0.2852676806595027,-0.1937332831940525,-0.23394530340764252,-0.17122054373616372,-0.4062018613318187,0.010222700206721882,-0.1330572861335438,-0.12047430648484463,-0.07262863350784746,-0.017849336957202477,-0.24341607214092684,0.11585919282735276,0.031000594295100194,-0.08418140784592285,-0.3207574700961729,-0.09065090489003833,-0.17817294656586574,-0.06811084778129788,-0.3139719086349449,-0.1063135379691153,-0.1633472994870589,0.11925736339855386,0.021072257187206914,0.09071672732351017,-0.1219482805357542,-0.06616052207445691,-0.18931557505980526,0.22937721764489105,-0.22294101790123785,0.07192556150044954,-0.05088125856753511,0.09921102928653881,0.10892225339891114,0.36241587519703117,-0.13704721669311132,-0.12910896656570778,-0.43983125439316856,-0.03713869483239058,0.027129477383445594,-0.27145848784936055,-0.27865886943243207,-0.006374743707949777,-0.26949375524091534,-0.08972468098955808,0.007234428245585035,0.0744965213740653,-0.1620639902104683,-0.09204632364592687,-0.15092550239872543,0.11528934742403432,0.05761093020063503,0.5801199256980786,0.2262829682309554,0.6107217149155699,0.4349764331633456,0.46767352426201886,0.4270666498205905,0.5030482884348315,0.04445151293486789,0.08962372680937208,0.1514841193802057,-0.13582751532907889,0.14819504122045626,0.04830980847932752,-0.13377566139581346,-0.2766613817450224,-0.08917123397550793,-0.06568319685166533,-0.07283907229781482,-0.06443240112294164,-0.18584307805278455,-0.08922612924482665,-0.2337520771680423,0.0002455532406439926,-0.0979207039090938,-0.25078389315593935,-0.39158642901999663,0.014660454149056064,0.04504867548450522,-0.00964671517710953,-0.00912772761025527,-0.11170390559400681,-0.04257329597892236,-0.2507734348783,-0.1763890304110426
0.11962491349615922,-0.1560789148087862,-0.07146428379941112,0.033196462320546065,0.14441028926224622,-0.23187992884867065,0.2988658322409179,0.27093231625468783,0.17967140054816946,0.3413829511328652,0.3954507929983237,1.0,0.3820052475069984,0.4065194125497387,0.25982489520135305,0.4633236829982815,-0.03599307244610996,0.09640238995558031,-0.009751231091534012,-0.18400930299429227,-0.18657776447135882,-0.06418971440935824,0.13164022361589084,0.29048605367764246,-0.11139980233594649,-0.40628824385974255,-0.25595482051694457,-0.22899871705352157,0.10760629184533342,0.08040646466825198,-0.39029637949397306,-0.22806479126978266,-0.24084416875294742,-0.21690974019139,0.034797774720369,-0.2700051494025411,-0.19701210394394866,-0.22384925295491312,-0.1457993166050672,-0.3044098444646028,-0.1210489140125421,-0.34212288616389014,-0.03700309407930077,-0.20298533547620123,-0.2214024170839137,-0.46057028302576725,-0.09715060699027225,-0.1597551351999807,-0.03397132727027196,-0.4471083006103978,0.14401647954917574,-0.1085760573003539,0.25259452954202183,0.29431200242332345,0.19742359444727164,-0.02331831695072633,-0.049773899030338256,-0.2369979644545239,0.22732247348075107,-0.15766446042552473,0.19414989362137608,0.1508762196873787,-0.0053723473570831525,0.05039151411430178,0.3915256685189545,0.41801968252479466,-0.09540044075274802,-0.2002694482301709,-0.07069952161053522,-0.08645745560915484,-0.32058853073336946,-0.06099718698275031,-0.09028815218680963,-0.3887980647129764,-0.3612443493444094,-0.29817381089458883,-0.23718233438383393,-0.33308316757169,-0.1261005269094823,-0.18282071872336222,-0.0013388763103061164,0.0802170979855464,0.3463631111837368,0.351944250538381,0.4139425256534694,0.5265233049679897,0.23781018047606456,0.42153291103585083,0.21370731278348387,0.2889446849659341,0.12579424124478536,0.13396024105685478,0.1357536178809109,0.07209186919057335,0.10123444912420301,-0.2686522746907633,-0.3539087894479734,-0.3118481273355024,-0.06821692280003429,-0.1425137111200206,-0.0343135970604439,-0.06227801606827336,-0.08528330840296847,-0.23600984425940474,-0.24067246684093607,-0.2243599620647958,0.0929408076472761,-0.3507233700712054,0.04601291707002559,-0.17857095395281283,-0.33736817831960464,-0.13881492261467474,-0.19388494497848147,-0.26425362135864267,-0.15443733544221222,-0.20767936913966348
-0.026506949074619656,-0.4105269733724292,0.18167008905075027,-0.19621338596356758,0.19883571572546774,-0.014214055343529665,0.4043304378324154,0.40531576783373163,0.5049873914400858,0.4848482100913852,0.5954438889995205,0.3820052475069984,1.0,0.6412802132219474,0.5746108608903071,0.472691168718677,0.039211763943191584,0.04972590816975065,-0.1571501699385007,-0.24538260550155702,-0.21857168719635514,-0.07791460142276291,0.08663878295993031,-0.03407021932759966,0.10963290276537295,-0.2531510918937912,-0.3052297994177101,-0.28081209472772783,0.3428481893328161,0.16088708560720416,-0.17857596503711168,-0.22425205231465983,-0.17899768716810197,-0.2861313603000317,-0.21665294063873247,-0.26988719137236866,-0.1802490091126402,-0.07852665135449854,-0.20410009389145908,-0.06886071368405268,-0.019200986092628415,-0.13389975997614487,0.3019952802494433,0.2524368659501606,0.14974812091498038,-0.1472982669143408,0.10803609991554639,0.07406929380809493,0.011304494663554565,-0.2636723144418555,-0.19353572321327897,-0.1518769596478693,0.11147612476586545,-0.030136607330950006,0.014470429466699812,-0.016593844561124265,-0.10683971347322578,-0.37840923890852945,0.3029450382374421,-0.017028792620105596,0.2065180969802193,0.22714113955939583,-0.12986280469830605,0.05124480049281263,0.08769124723287647,0.14882799411270523,-0.2675750228916714,-0.4099699412389573,-0.2958594874404038,-0.31340409558368176,-0.09385535095469773,0.04702091901355564,0.10390527834462267,-0.11764789283927102,-0.07381937602292886,0.17294303611578954,-0.04207393609956644,-0.08807015466528217,-0.005786198062689034,-0.18245131753326718,-0.06406041550516399,-0.07798095134131171,0.11799984790212195,0.07099403165244525,0.37867582379766873,0.2959089656818039,0.07103451205567979,0.19230845243495245,0.12356615534833904,0.06317062334929581,0.10726295779916956,-0.04836729733783514,-0.027424675254969427,0.18464608739851907,-0.08765194958647621,-0.18048901255349842,-0.1835998052132162,-0.2547200270945693,0.1382804510593648,-0.010822931899464717,-0.024954102098272146,0.03676428515834149,0.030431962219069474,-0.1239532917985643,-0.061432552173178556,-0.2142006042027568,-0.25284518750902213,-0.14906669242870974,-3.558496322631405e-05,-0.08272224704595849,0.0843113260277378,0.22535073475058992,0.14126511310489528,-0.14245081780177615,-0.2703759053308477,0.05865113171995076
-0.2044097492861056,-0.2646053789912651,0.21926223354525146,-0.1488781481540528,0.14382951639837543,0.05797204223906136,0.3454172036288931,0.4334084205475588,0.2558630213036618,0.44893030225830277,0.29058394227057033,0.4065194125497387,0.6412802132219474,1.0,0.3793693616266668,0.4074886721652865,-0.12915809670049652,-0.1057913788308497,-0.2919243274626416,-0.4396411896152834,-0.13737064905296115,-0.24445836692731276,-0.23570394125836125,-0.288617414357827,0.11014134178918152,-0.1611473955437889,-0.2460064160219169,-0.32907096375899264,-0.037154447087636745,0.07319079093395207,-0.1835349116755562,-0.32070035290348964,-0.09039102761084473,-0.19615540733419767,-0.43605933489126997,-0.355327484699813,0.039613140812780966,0.18124941054133129,-0.23063990662950593,0.1045576384668622,0.18008537733415667,-0.028146422687029892,0.2829859133190187,0.2559262862405415,0.15053108254859796,-0.28978165457888067,0.34556566657340637,0.04397970510509191,0.282708927061083,-0.16340905589572816,0.10641749286199371,0.16988115654650654,0.2999361249570939,0.1731580654330491,0.24280699767554048,0.32813947231681023,-0.11531814216838558,-0.2782621479948833,0.22932434504331592,0.16432582489869202,0.055655866052663566,0.25229103019803095,-0.2172225358910989,-0.019132374772587175,-0.21352527640751762,0.2973846776867824,-0.14788929337955248,-0.5498588106223316,-0.14756953730954386,-0.33038028519813045,0.00011252233044859408,0.06052547316281801,-0.039414785467429846,0.028023760231736312,-0.04450230141837642,0.13670396071738494,-0.09682737444874394,-0.17179977628879084,-0.07690095779133084,-0.22283952049563754,-0.18095610673091786,-0.14363579698698467,-0.17022695403342164,-0.06608430329719685,-0.029154424769041926,0.042700854208980045,-0.10938705110340369,-0.05527313261397092,-0.22747410939613016,0.1924036552971488,0.1675564895137603,-0.024243173920392484,0.08698003732577288,0.2228838159081109,0.13271688269294246,-0.3377002684871591,0.01902794980599681,-0.008252673844613659,0.36368850460774554,0.2114261031790675,0.045868148399466256,-0.02850647240124483,0.08120306503576318,-0.10092780634898617,-0.11057289608162542,-0.2671423361732137,-0.006125097203873225,0.09004098489831876,0.14679283059861745,-0.03045133533039743,-0.13918090821855553,0.402452783173553,0.33310763950593647,0.02462857727011964,-0.2272773310948278,0.11708207449912665
-0.009057167176204103,-0.2530334690297829,-0.05589706788460971,-0.36807124655041246,0.4692808218787468,0.04548582950570516,0.2994383606368785,-0.08846721368658222,0.6380365013851591,0.5530283660492357,0.6413558245500054,0.25982489520135305,0.5746108608903071,0.3793693616266668,1.0,0.654919316830259,-0.14886224378819335,-0.0254249164986558,0.06984504217485761,-0.1346771391393086,-0.4779647665378262,-0.3397629689087152,0.2861956010136294,-0.25729055609807927,0.22491249759244356,-0.46473818469090844,-0.2862937978322805,-0.3530628616763639,0.27057557152357287,0.21982280986716554,-0.3252888736321602,-0.4491783607389014,-0.2293964886065461,-0.09608130615098509,-0.4332382411464581,-0.2437346900383652,0.00879099772630845,-0.04237147645846043,-0.1105628331175286,-0.0397911137254779,0.06478837371068702,-0.10655023736316284,0.12996831088611138,0.09663113663420628,-0.06145625925599025,-0.16499514418747244,-0.04508409194457468,0.008624032543825632,-0.07916562923081524,-0.16130552066955295,0.05094024801655652,0.021594166676329952,0.1893193759673704,0.051490414579323386,0.1998977559642566,-0.011942410066671186,-0.2102142194657891,-0.13152859450742777,0.28330371574404234,-0.2149328900534022,0.282388439781187,0.04942643702906836,0.07916444232315717,0.19754284857096363,0.1818293183743619,-0.3058251528588047,-0.14320618508028923,-0.3679673462649024,-0.015516036195226674,0.016612547298194724,-0.24162187152756123,-0.25277777907649907,0.05235029049494195,-0.052382450549728135,-0.02950113176921633,0.07660045496272885,0.13269438198279965,0.029300210337978454,-0.09766137082294409,-0.09214161508341145,-0.1646002028950765,-0.1298667186734849,0.45192572086625354,0.36611327802097854,0.2392561036766701,0.08666372941158765,0.1878409431898851,0.1700201539649521,0.3233278169210436,0.096696470208563,0.09521978340956216,0.11570652824303683,-0.13762166587442506,0.31547714029268364,0.05219508254672656,0.12367614702473134,-0.16767444724693736,0.14760123256535604,0.04388301947800209,0.11864099133643609,0.15206856862870619,0.1521644891114487,0.16152784407569393,-0.11108587220751562,0.05627688043162954,-0.04951541451434351,-0.3180991297122827,-0.12488725910301769,0.08628385308361351,0.13732391296582322,0.006806088164344345,0.2511306389261415,0.13976967089200446,0.10730017694501086,-0.2192297676934934,-0.007657871251520174
-0.04474258452125951,-0.41036914038366384,0.058145320616390564,-0.09250974431890953,0.47277620080495303,0.19639501029395376,0.3853795262273614,0.17174446223769266,0.5614910400770867,0.6607013965606975,0.4688737990978106,0.4633236829982815,0.472691168718677,0.4074886721652865,0.654919316830259,1.0,-0.19208578282106994,-0.15959656328578575,0.0029128391643205515,-0.3481212379057994,-0.39153305162076957,-0.26587716014541585,0.04534602661196657,-0.06222204746200888,0.03767830033210569,-0.37045671165530536,-0.20829657452333777,-0.2926382687319746,0.17533337299741658,0.21009610865117018,-0.25052127160828913,-0.30912586915862345,-0.2802734191171064,-0.08557510542304812,-0.18561880399325212,-0.17192363615442485,0.09431278660486224,0.011614904591762584,-0.12380250972792672,0.06035771902245788,0.0026118951818409355,-0.17334842483323895,0.0038035710482038185,-0.09238003815069,-0.18745220260399198,-0.3237741199110666,-0.06876012577529293,-0.2176050316653882,-0.13941103283673617,-0.3868741709705835,-0.019626291862197182,-0.07128184209618543,0.2855100717892439,0.12996084169816507,0.2883897412109412,-0.03800954411735779,-0.18089261916802757,-0.22672280400969738,0.3519889281658067,-0.17132503070805594,0.47443006171381824,0.27781991458570726,0.006597820438320958,0.037332637874387724,0.12108483621287099,0.06206768798377542,-0.10764100543211565,-0.3323070117025134,-0.08094098282166846,-0.09751371022455214,-0.12426903004225928,0.1145496446915955,0.02124846952133167,-0.10482725697850151,-0.0571058520034882,0.13076775802686214,0.15718055548340404,0.12612475884228985,-0.05425435479522972,-0.2178196328909879,-0.2223289982565997,-0.10074084738891828,0.21437468937942905,0.4072030332397899,0.16538256185991806,0.14736932479199907,-0.010075388903549299,0.09978104136326978,0.23266801576096718,0.2882244119759197,0.23693553772775383,0.18518741729663074,0.11689953364664583,0.29375601339006435,0.15223093588951805,0.028364433857390875,-0.1527679702260346,0.016503896162794542,-0.04776921342293507,0.11872235104458109,0.05988166687884993,0.10464420571369369,0.09795206892113649,-0.16565666786987715,-0.1867434891848532,-0.199127809352249,-0.04755781576143138,-0.11385725562239614,0.04615164680852854,0.10036467594130022,-0.2288170718904783,0.1905847573229249,0.02254743273053656,0.08346552739923742,-0.19805946385187873,0.0759323035295447
-0.06071807328784325,0.11556559758379828,-0.11495149899356027,-0.22955315678974522,-0.007454494679955528,-0.19132962643643525,-0.04963353745613974,-0.18281341411394803,-0.038018510803885595,-0.38221101332861607,0.011880116073070594,-0.03599307244610996,0.039211763943191584,-0.12915809670049652,-0.14886224378819335,-0.19208578282106994,1.0,0.25537386158308184,-0.042365950686987786,0.2061754611468566,0.10701272158158115,0.22023570762011577,-0.06215346198235752,-0.11308834266231016,-0.1863120781362768,-0.13472208176976946,-0.0930540422256614,-0.016190152808746246,0.38415193740503256,0.36020346123031516,0.12098772091584518,0.0480036299709051,0.3644260619690993,0.3522401713423676,0.05613322505309813,-0.009277319571440516,0.15357104436746563,-0.29539104347092987,0.08422404908517135,-0.2063716199350674,0.11247937267018983,-0.048213417835003575,0.03856455686020596,0.1835002272365532,0.3274595296784685,0.13223875424213763,-0.07354260121517663,0.13032504840269243,-0.031245131402618663,0.06826346708202258,-0.27297615372639555,-0.1876287980088099,-0.24274109682260295,-0.3071113791951453,-0.1653065115234399,-0.11051281339226607,0.4944036402127644,0.3242584108517513,-0.2987542141060562,-0.1738588999378739,0.19833244713142864,0.08150493665033993,0.38487793016078337,0.5001837375859399,0.1902185154661549,-0.009386973851146,-0.2159151570487,0.057881461776480306,-0.038761918176774116,0.15715536417118997,-0.16671185106454453,-0.08221542639380931,0.4638186472615167,-0.10604430246575094,-0.17180058499174464,-0.001723046236914836,-0.07951425953951542,0.07573438369568328,0.1950500695290506,0.4308067080616262,0.4912257400244734,0.5631797394064703,0.21806352323651385,0.20995819927395548,0.2082538127450234,0.23659751478744687,0.023211803282037702,-0.050805018452659056,-0.08238262835652259,-0.1673880873393315,-0.45861963805669514,-0.4122191350393682,-0.5887052678293875,-0.4996023277663746,-0.2603866052258081,-0.15960447852510345,0.07170100753491367,-0.4016863346446287,-0.2495584713216691,-0.39663933822897784,-0.29313632919922983,-0.20371749311705697,-0.2667902806310939,-0.4267341079258376,-0.10692270457521344,-0.24249547616910183,6.370977958524538e-05,-0.16954708481777586,-0.13515071149619784,-0.1260268199395824,0.1415220656721442,-0.16572108615724376,-0.01650697814191722,-0.17085512436714825,0.1788918779872732,-0.0944431636857048
