1.0,0.7236815559098074,-0.026288841178212678,-0.48854162436308324,-0.006708060431792697,-0.2361185328877379,-0.5009619433197963,-0.5099838650952173,-0.04342257568654911,-0.3842649927645217,0.555931481161103,-0.244096908125181,-0.06473341050601611,-0.26285794447326133,0.01635737202764069,-0.2676709791403496,0.5532641359722719,0.12570233388381472,0.20261767749318566,0.1678382971396194,-0.356782379273766,-0.19681694649100262,0.040408618119279316,-0.44920880332453694,-0.23986089181867323,-0.22724088450326319,0.12043606944809485,0.21670196551686435,-0.19502030278772609,-0.260798026052029,-0.335065610363353,-0.5438679961964775,0.43763203492995995,-0.14770851312539166,0.017077064851011972,-0.30984553250266217,-0.39667251392689323,-0.485595510065107,0.13538971929875224,0.16770976995649473,-0.2481471619700453,-0.3118403377031438,-0.25480800225084843,-0.0848134498138575,0.11483610799045865,-0.015635412777921603,0.17426223619763856,-0.19841915746403954,0.33750897947615854,0.26143053960073526,0.047953498446029766,-0.16651680387638285,-0.06533989734806764,-0.37686063840253187,0.1371337369187104,0.0947814168892729,0.7664326578080733,0.724460595407266,0.5885014039343982,0.5518191369638678,0.09327919076782626,0.01893350580524275,-0.01579770297776691,-0.035570613706415795,-0.18626271587031829,-0.1787004425505903,0.5193953763320683,-0.2628486181660006,0.4997867046616341,0.4136381071996016,-0.332327150315806,-0.2862804166774406,-0.16511495217992814,-0.3640075132927063,-0.36239727909512887,-0.3937424944991098,-0.5834987736640571,-0.6312927097693702,0.002336154861803313,0.038621729835369024,0.3963197416606067,0.015813089879104476,-0.005896116737828807,-0.3471462069670944,0.5100720821639319,0.21538600351056084,0.3388089664553591,0.12730210321228017,0.4003857935734481,0.16304326737551827,-0.5037635056212537,-0.13073131194681833,-0.3798328395974381,-0.07939868332818578,0.044026722463193425,-0.14330173377487013,0.20644460172984896,-0.1899167376447981,0.13531244809976958,-0.12834513450331117,-0.3134408538989292,-0.016045080473306366,-0.4027320352864983,-0.1865423207754574,-0.38374012437195,-0.39149903882191517,-0.06476848003683784,0.04561876848263866,-0.13873238215130393,-0.17509691087139226,-0.19476405418888884,-0.014329128639372626,0.11879334116834499,-0.6038572571372953,-0.353354991496706,-0.12456479400608567
0.7236815559098074,1.0,-0.06201483419531573,-0.21020330698005676,-0.11029802958169219,-0.32217040939978264,-0.509451727834634,-0.42711245498941575,-0.09652137673004865,-0.4332690340064751,0.41584923604246343,-0.1067420313560688,0.1868010536866613,-0.22140374354639844,0.1386743227358582,-0.13600471133649317,0.39189419769488176,0.02737313391758393,0.05187192954980505,0.047349313713217246,-0.277272655835849,-0.3063855563971356,0.07335399649052261,-0.4242529741657843,-0.18247003071787274,-0.250536523705527,0.08623095541747176,0.2131224976563455,-0.25547501526160243,-0.3450865626290255,-0.4466678527329659,-0.6188265844609405,0.29991393574835934,-0.10861987816520187,-0.028995691882714766,-0.1378160972580357,-0.30410549138608484,-0.3259595782071415,0.19937220498664465,0.11426943036941775,-0.13176477968360362,-0.2134043660455828,-0.3392051834195186,-0.1892195875449644,0.03879264428945843,-0.052596705603461094,0.04039571396054084,-0.26017163111646535,0.30886224886330876,0.42688570830790135,0.07132867748344604,-0.04217794308315418,0.0995965742162529,-0.25588271830914583,0.31618948640762506,0.2362625225351957,0.6235186421425779,0.7190216401718663,0.609576097122687,0.6182498474642151,0.20395725889772856,0.08624927132162363,-0.09093294399783201,-0.137388445966352,0.013641346437635767,-0.05628323383462466,0.48508447129105825,-0.23711071521187296,0.3897187826181269,0.3801117355716032,-0.21227056213785134,-0.10582021382787257,-0.2627323568442257,-0.19503497538960876,-0.19985013482931477,-0.2568978634627726,-0.5672336409115869,-0.5057729072363756,-0.16961556714137035,-0.0504226537287316,0.2704038047658141,-0.14892060280017808,-0.09338383749725801,-0.529920382212048,0.4480471912252271,0.22649296187030793,0.419837526492396,-0.056615179809322826,0.3542667654287974,0.27404071649679823,-0.39136424429741457,-0.1276869340577838,-0.21286650367642043,-0.048146386363072634,-0.08491937110810016,-0.2723022605329053,0.10793679334172697,-0.1907327978872274,0.05915096269739758,-0.0808394104455065,-0.3137117119610074,-0.012229355358273878,-0.2502041197210402,-0.27483358395276336,-0.3500677381760932,-0.322225400414317,-0.017072415174722046,-0.043109478826982094,-0.060247041523120715,-0.2431758134605514,-0.2615289440049276,-0.1497435079539345,0.10518360922960085,-0.4335580264909703,-0.33688044726260846,-0.266033318314349
-0.026288841178212678,-0.06201483419531573,1.0,0.1537064248674066,-0.04494301650418227,0.02292964287180537,0.04176086183766669,-0.12371765536289202,-0.14480061709117642,-0.22969562740875443,0.4176057722654908,-0.15998455507889284,0.3779684606394401,-0.28377491611338185,0.18496140877612702,-0.2111194847340358,-0.28926134585386964,-0.6056872642483722,0.05884897760076832,0.035509475088321564,-0.03149942002104653,-0.04062812260361475,0.6637708280699814,0.579042724799718,0.15562539072447015,0.42681621364575956,0.14931315587996852,0.36302878894682544,-0.3744944485471349,-0.4024864630914971,0.3247609244043185,0.21104236894629574,-0.19577477320773062,-0.43171900770902566,-0.03891369479422532,0.19718844071581265,-0.1617521238150499,-0.05779483051711003,-0.05905442067169994,-0.03237250755391285,-0.10847334635313977,-0.2118660261922068,-0.2854560396021225,-0.17606320448188345,-0.31959048076439134,-0.18905828191971694,-0.18330055859940833,-0.10720195627958129,0.10522691207237057,-0.043676845553589166,0.44837713897167725,0.1888206570273161,0.23048396579074765,0.21325296366147017,0.019728028869998217,0.04347686561132468,-0.3676160076765084,-0.3049562057895518,0.14389370699693094,0.10548533479482837,-0.24886311405019568,-0.2887728300971824,-0.21769602280785838,-0.4953093324617268,0.11436599741192159,-0.1980501654505094,0.3153194384302471,0.5030017391498943,-0.27716114866804387,-0.057412643235561625,0.17093173845694343,0.15041881967362045,-0.3231621670728234,0.1019258494384701,0.2317076654711591,-0.009391411190878237,0.12639528092042115,0.17916013926206412,-0.43139413700090434,-0.21073234901500082,-0.4618717715905855,-0.5023605585620339,0.012994264967138862,-0.4673861464136408,0.15400229648404962,-0.0018977687492956624,0.1784028433640572,-0.18465295254532815,0.1969121898604324,0.1594540500651215,0.10838865651172716,0.3861530731315955,0.171734790749118,0.44080533424118296,-0.1809985581660222,0.11191323220267117,0.03413951441673573,-0.16749402824171702,-0.27727984008080164,0.09584353076894786,-0.10662950009772584,0.1554956579011002,-0.10864131960036134,-0.06708515007367608,0.18504491919706284,0.1419298013483927,0.008648230832222622,-0.1668318923946792,0.011182910359029097,0.17292994767043798,0.0771944382142097,-0.20935325462374682,-0.1799628400052008,0.06175277443208909,0.1554544712291967,-0.1109867101701284
-0.48854162436308324,-0.21020330698005676,0.1537064248674066,1.0,-0.14356650045920358,0.10875296462015913,0.4278950583295563,0.6548710845411113,0.22635432400519528,0.429460255651083,-0.3360222388269504,0.5454837857028227,0.30849095887098166,0.46966698777126387,0.17086218313492707,0.400096568075317,-0.44940250511087254,-0.20135605282085825,-0.14999308643156653,-0.2946267922777216,0.15623888951526957,-0.08891460071202907,-0.06457764612163215,0.30557286647785387,0.08376465651337489,0.0586121296638426,-0.1473164786707286,-0.26931470785858913,-0.0514585328591339,0.033579597683586336,-0.006931831662127567,0.18128535185505865,-0.35955467252024514,-0.03648646037433769,-0.3124695451572706,0.2261834633121302,0.234581687710093,0.4729073110830266,-0.10272399989368731,-0.04080533435863274,0.0618471818784142,0.16262558898551574,-0.05191155325277073,-0.231602801521632,-0.5028304076500072,-0.44350258064802023,-0.3449737760952297,-0.0741920958592571,-5.68969257966741e-05,-0.09354204040954552,0.29334420064433053,0.4576912980601578,0.41095012036561446,0.46426372757206696,0.020599769235913667,0.11714110226504025,-0.6133438410773492,-0.5880458014526123,-0.17702690959661246,-0.060353945847702366,0.28800883096338076,0.4295972643961904,-0.09301482648979469,0.07473020345321904,0.3598181349528104,0.5240581025845245,-0.5185907121147868,-0.03365513384017538,-0.5263818018531493,-0.3806803270589561,0.0728395759750695,0.05223410746644509,-0.14872611648199102,0.22154836290420257,0.2392954280004688,0.29258559411060375,0.4160820827643643,0.42964233112950717,-0.33133133643623314,-0.28666696195193164,-0.4180006901957435,-0.3457490923050489,-0.21113763349115033,0.08569292363065485,-0.44598140864974656,-0.18914545823034623,-0.16271901458541496,-0.3694409772072104,-0.22248708988830357,0.21407538916254276,0.4036886333204914,0.007461806881097218,0.5532455839652715,0.06412376607877686,-0.002276388220520152,0.14300671720796684,-0.2875141262152777,-0.02311583950623282,-0.5069834756150665,0.00015109258952883937,0.36883942091878646,0.09584376156093528,0.3083687548474081,-0.023411813578497503,0.26811498529232036,0.06686346397312144,0.0245988549628536,-0.01970255872771273,0.14616358652978312,0.15929921934313956,-0.00667138728195881,-0.21579388569359903,-0.0860003539130239,0.46768270383320476,0.4692372458217352,0.026259436443527292
-0.006708060431792697,-0.11029802958169219,-0.04494301650418227,-0.14356650045920358,1.0,0.5970975739686386,0.16298385542949265,0.1430538473865981,0.6479429647160316,0.5378131004968743,0.12879897846366453,-0.16721899179695127,0.024008214019136883,0.09873482605381162,0.11276719479335538,0.06730048210516512,-0.09974455750185839,-0.16010271766059936,0.05849369372836815,-0.11472572214254197,0.14383711237789207,0.09849681426998363,-0.11116559440826415,-0.011207861344512016,0.5751072343850712,0.20831018810883511,0.5333348253494192,0.16735730017886946,-0.009428892276797409,-0.14666827488450457,-0.05081122295314689,-0.027523883257011623,-0.07245041044722239,-0.20290739828658158,-0.08530713059133122,0.12145511905036956,0.014749686470356821,-0.16456263644147257,0.0941610255085194,0.06324449350200415,-0.34750175916707376,0.19441205224462854,-0.17715863128886647,-0.272694059464519,-0.033990439424773644,0.07447852318006676,-0.24884908791799124,-0.39407159290660104,-0.004234957622388378,0.030952175918208542,-0.08267743123930937,-0.08430847065291214,-0.10256331256894767,-0.251624065841112,0.20259901828498175,-0.25229499620537843,-0.11160748444516218,-0.051931557225461965,0.10974421538311546,0.06163527876335204,0.20047423621503027,0.11896849946740709,0.0498874652304002,-0.21168305565826454,0.17442504829545283,0.21885603192735328,0.15974619520856195,0.1894284759637205,-0.25347277949162633,-0.19912788710359666,0.16087234892817656,-0.10167606852686809,0.037200111959539074,0.2449065918175938,0.16481769280241687,0.013131493407566861,-0.014626810136941226,-0.08975011013927654,-0.19210535126046074,-0.3612702930756572,-0.05588170157222189,-0.15102329154258268,0.06468973775511368,0.025111798418510734,0.20498308455204164,0.1348855805834096,-0.1251447132844711,-0.16599174455565852,0.3191836591196124,0.0724546401604252,-0.03723427585303467,-0.04356466877980247,0.17778628893797319,-0.0787878517520047,0.14008494747171027,-0.13191051686360586,-0.12330499030384963,0.1943596700183134,-0.11278133271748882,-0.2534025959839523,0.01769511618635915,-0.06144720491868345,-0.16713428221251794,-0.19550683023025275,-0.02823344291940093,-0.23975136286358512,-0.45513057166800874,0.23176567175249888,-0.2061606626026067,-0.05449668096100111,-0.18493589765912702,-0.06004276228213787,-0.08332003011824762,-0.15251897448478136,0.1043869947514549,-0.06960448539823115
-0.2361185328877379,-0.32217040939978264,0.02292964287180537,0.10875296462015913,0.5970975739686386,1.0,0.07968323324918931,0.09397715203253613,0.21141920617538942,0.44727766764021665,0.055708258277909976,-0.1620147769274323,-0.02463035681444957,0.07968710917700106,0.13032117022136697,0.2877331776131697,-0.11563899599723523,-0.040173115565605086,-0.03979631183608104,-0.08496259236251323,0.3597258901025692,0.46369169994857395,0.13496049705437824,0.22293409005102724,0.5680040369977263,0.5368588545412483,0.7074257056789794,0.33546792628523253,0.008854172278728553,-0.03735959208448799,0.11479287685110079,0.18323833522520366,-0.2596403537593355,-0.11782324345126392,0.010437984860059105,0.20759056360369102,0.2635422659294532,0.23752035977216035,0.17952224158114113,0.2310944489245626,-0.2434733645294848,0.42100774229955984,-0.19898221862370907,-0.2838841027629885,-0.2960406272414996,-0.16564579001905408,-0.45050749386677363,-0.3142968482034443,-0.22643406202852648,-0.28252645729214904,-0.12103696869144799,-0.060627600516540564,-0.03824694475465307,-0.10095827965179616,0.27506438255969573,-0.20757517700170022,-0.26445053417501296,-0.2010243834184939,-0.10643280180826505,-0.08752128343952875,-0.024810629907304527,0.04146529255014045,-0.14866625864429653,-0.15197816797998145,0.12254177808053686,0.18939084615570687,-0.25110733905582466,-0.003406520160885149,-0.30771166307291525,-0.3077627793327481,0.21439553392796104,0.11569124916640894,0.04469108331517497,0.36810487637377204,0.31617333157771377,0.25696631913510626,0.2462941490242214,0.15349748486392195,-0.16598733373523378,-0.32523145882369187,-0.15026722279229798,-0.1258047991536739,-0.08738513255030742,0.09960052848831705,-0.0626711897508963,-0.10785786403524138,-0.3235718154991681,-0.17548422259709082,0.0259348466038373,-0.04066120244378795,0.14184395655469845,0.1074332903664583,0.15508545704100887,0.06031032825359418,0.12802141080530938,0.09957129198272983,-0.2734065180422777,0.1434055655070864,-0.09588969520140873,0.06659411670311005,0.06980363944573924,0.02288780415752495,0.0008529463685159643,0.01614439353573419,0.20291478625184378,-0.07389286291310106,-0.35794629954680013,0.2107040506294251,-0.009985247726124614,0.14234493651033467,0.11711670866299503,0.16060543171675182,-0.1819104939348862,0.1537606407722912,0.21348598315580464,0.04757017830651095
-0.5009619433197963,-0.509451727834634,0.04176086183766669,0.4278950583295563,0.16298385542949265,0.07968323324918931,1.0,0.7916935138748845,0.4052468451724834,0.6011570627545709,-0.3457134506523892,0.45678218601121673,-0.007738186777334563,0.48016365222965723,-0.1730126996874275,0.2819949007263716,-0.4460143962688737,-0.16455016746993964,0.0034573114325831124,-0.1668976123456378,0.14939202964931006,-0.012006689465743164,-0.3210655104255966,0.19513654995348564,0.02211352542005359,-0.17270618505597007,-0.39972084168430316,-0.5740048437617921,0.30892941736126794,0.352706692371424,0.3007710354167224,0.548973506047801,-0.2103956420400661,0.020093263861795153,-0.09865803342001987,0.037690315265171276,0.1314391578773253,0.2169993987205502,-0.4437022127368751,-0.27668097598195834,-0.18695929433676375,-0.0886875717835666,0.3273893922417774,0.15413573769229094,-0.05058915042094414,-0.012427364324083227,-0.10946163520136136,0.15851471104515996,-0.19701305198835842,-0.07419791457368878,0.04298286686449391,0.19621186837185503,0.12070387569728343,0.3850722697561991,-0.3363827409160833,-0.26280686703654194,-0.6316605875019861,-0.6184001633583938,-0.2262341539027353,-0.29248083044195056,0.17585855735979,0.32043501624422144,0.2989749307293894,0.2150303951174462,-0.028571587102262375,0.32309831408384193,-0.3787968742316613,0.024080714978177535,-0.6349585141831057,-0.6432976054026458,-0.06110157591573333,0.04267568484470917,0.21528165342383293,0.15363686374262173,0.24901090155759173,0.16373970910236654,0.5101672121517334,0.42922579693196566,-0.16261154816817885,-0.23914178706891578,-0.27266018473099657,-0.07048132574214643,0.049275769926287225,0.3730025469818033,-0.36487258467779576,-0.133934791313877,-0.2577457208786015,-0.2328051330313795,-0.29266422872892917,-0.22463662793290506,0.4183824842776864,-0.006748274965735809,0.30370140879719304,-0.0020928363539876984,-0.08920772884912864,-0.14021340180614986,-0.26171513134527374,-0.06192296992119746,-0.13056927500558865,-0.13780109124782058,0.355552541282883,0.2343489789457672,0.20411075007793442,0.04787023723614162,0.240536383993841,0.05084772397846172,0.09202063986239829,0.010498033417559734,-0.03656291207372137,-0.08455223381343782,0.10630198151606951,-0.12180987803444464,-0.1582324557205003,0.3127450238905709,0.43350505315915233,-0.14536941520754576
-0.5099838650952173,-0.42711245498941575,-0.12371765536289202,0.6548710845411113,0.1430538473865981,0.09397715203253613,0.7916935138748845,1.0,0.48293744389562127,0.7343192456910986,-0.4500807398141014,0.5988483885949184,-0.015192963480833913,0.6735101955681629,-0.10035579256066082,0.46452631243482995,-0.5252857409651216,-0.10634049501153929,-0.16065587990870842,-0.3900991225040112,0.10321552668744212,-0.10878400700378002,-0.46280778503539954,0.06396439452248104,-0.002177613773108322,-0.1834758292482874,-0.33974092600942335,-0.531937131631001,0.23430245939923885,0.2884137373404915,-0.015656734124517874,0.2600948995938986,-0.3246167489667477,-0.045730903263093974,-0.281636077849064,0.05191954334185528,0.27977375086801515,0.39557522886650515,-0.3435150826210187,-0.14152461210015974,-0.050000493994728015,0.1101982980459242,0.1970616996042981,-0.04630688658149805,-0.22250291733357394,-0.09442871736921847,-0.2112807371013906,-0.03334574596704681,-0.03300373411622829,0.005039281112046477,0.12884293557483625,0.35274652421657543,0.25182324078982765,0.3525291738819297,-0.14726137730571506,-0.10330808468492095,-0.6289869792826234,-0.6520541073171133,-0.19934240888428623,-0.13170000525123343,0.3229886181173992,0.5897992839615983,0.10530605582137563,0.2510456552349035,0.1424167035529281,0.6334842795710425,-0.5155438768646201,-0.03913118140778783,-0.6887155590184579,-0.6423733688201119,-0.1158342787832042,-0.12181441747561797,0.06946222518336526,0.1750664863156958,0.20073498715491075,0.17915436952582825,0.43449343067282004,0.3646723773314723,-0.2251329235732522,-0.319097230809207,-0.27209215169842765,-0.17265727642145132,-0.016260380425971496,0.38007556036593687,-0.4557597154804983,-0.17568219711741775,-0.3411130766559887,-0.32966327816734403,-0.2559313903205038,0.054305678679458035,0.4113196252614974,-0.0896223119311046,0.5336907414551413,-0.07991204646216502,0.11695224055291022,0.09066268696813695,-0.2606620393901729,0.11064613801639324,-0.27016221102006416,-0.14001917614310058,0.4766870358994642,0.07159427987998154,0.29922884272561895,0.04937892772361872,0.24254183668581547,-0.035440272199786155,0.0687683445027897,0.15007848129799747,0.017909070255307295,0.0830714424710595,0.004595927115815122,-0.19447418132839822,-0.12400169904093034,0.37826344067559314,0.39102483814019373,-0.06073117425977361
-0.04342257568654911,-0.09652137673004865,-0.14480061709117642,0.22635432400519528,0.6479429647160316,0.21141920617538942,0.4052468451724834,0.48293744389562127,1.0,0.7541006610325236,0.006486814344033947,0.2700474214544656,0.27976571331844635,0.5006765327062798,0.3653425163388634,0.35048955667381554,-0.20718920449745232,-0.11968830342080611,-0.06539885997147693,-0.3723770144768171,0.021685243052162118,-0.18516812800745056,-0.3034892534090071,-0.09976430943834261,0.33372614385856636,-0.16070228431441308,-0.0023152236908557484,-0.21050463457894178,0.14943573405702712,0.05345054894068439,-0.10052710369137868,-0.026638220691029602,-0.15315590008804517,-0.2258987521316021,-0.390076196226406,-0.08497514706058458,0.09318061668799568,-0.031079902107067656,-0.15327914552107705,-0.1007250929771706,-0.14210913654647556,0.15722676372759814,-0.0363742675255599,-0.20173873260430292,-0.2125818955341542,-0.20807338030559214,-0.1770411734269451,-0.3044269633898461,0.16533678348750905,0.2785389746189488,0.12113205558260834,0.2794323235643565,0.1740610381750825,0.07092869279456183,0.045577014950184985,-0.032355919853215426,-0.21111905269167652,-0.18756142088812844,0.1563344913096416,0.1433802706699409,0.46241755171097887,0.4427515001239885,0.15661953903760045,0.011360416398359453,0.22501613867585055,0.49302590345496633,-0.10941554869367362,-0.10863085699263211,-0.34456720326501905,-0.3353320650143113,-0.0033890229700553397,-0.23934702146232562,0.14166819308975834,0.2467834672209949,0.19145498765132019,0.11573385860211781,0.15121531905623686,-0.02350129941772289,-0.2138381458047135,-0.18865055518514703,-0.06603511303435705,-0.17889649847117667,0.13911576382871305,0.1738823828453855,0.07342975233511692,0.1755707442186232,-0.07914456877231002,-0.256694191540024,0.28394076812572094,0.17403435320803634,-0.07108537398476017,-0.278101989685901,0.25420177584478365,-0.20604451718654138,0.12091994929060632,-0.14186332176844138,-0.2160610734309366,0.07315833316228777,-0.30495694682923463,-0.40188437306833336,0.10090817220023107,-0.050224699418108,-0.1147322409200026,-0.2589991845112489,-0.03545083569931657,-0.35731830526549274,-0.3012078390681063,0.2686909960348121,-0.20920612362865604,-0.11648501504634949,-0.3381291410883514,-0.2817378604279871,-0.011060990088099854,-0.029106686375536345,0.21816614099487855,-0.01872542245243501
-0.3842649927645217,-0.4332690340064751,-0.22969562740875443,0.429460255651083,0.5378131004968743,0.44727766764021665,0.6011570627545709,0.7343192456910986,0.7541006610325236,1.0,-0.26213950247307144,0.3281190073817372,-0.012537959707844958,0.6103678570989339,0.10198462972287789,0.5143909140263901,-0.286081226927259,-0.07376609796715301,-0.1439623052230667,-0.37318925759778954,0.2784423788571384,0.09926983605337272,-0.35002653662527167,0.03753188872917301,0.36208271219653626,-0.0026750662859766306,0.017044801172725176,-0.29854341141757623,0.20725968452868648,0.2848978792159953,0.01467623847362797,0.2073825667268241,-0.2517895707443229,0.004609724576744293,-0.30910157936656407,0.07565003194987253,0.2476201962145542,0.3367976714130746,-0.2422083202743677,-0.08377035598056258,-0.1407761732021635,0.2823742093074265,0.18498108588290293,-0.10558718885602165,-0.2367876545856188,-0.1458054263871364,-0.3017355538823436,-0.11034827848346554,-0.07427697764556242,0.02107716807898867,-0.00016867519125946014,0.25056048239774215,0.036853033917297086,0.11452312675540499,-0.0759122780723879,-0.16509473962491888,-0.4415463231476319,-0.46603854293030994,-0.1679357198222112,-0.08519675374085033,0.29312488181164537,0.5189788810607114,0.116327903609559,0.18007837062570364,0.19614860981284132,0.552794890952123,-0.39828940630684084,-0.11508432488688407,-0.5799603976823521,-0.5579272476649421,0.0023480487903477024,-0.1336684203750524,0.1416281121105573,0.4040551325515547,0.37292571862016105,0.3146048881137632,0.4702022088765937,0.2589827920696262,-0.14891020513155484,-0.27278682517785097,-0.12302683289469485,-0.10683700774023244,0.022054593263560185,0.3790752980381571,-0.24190156735709425,-0.07638439743635013,-0.27554056720916303,-0.27313544980319193,-0.08568912031124741,-0.07243685249926808,0.2252862827608857,-0.20170633064588056,0.4507989013590258,-0.17874212861978594,0.056315936404041284,-0.03260937854820926,-0.38050251767659554,0.1329428646079445,-0.21107965985288743,-0.20387268288538296,0.32200133438984924,-0.030094670656435295,0.12463447778216638,0.0030633343554955753,0.16203152408415236,-0.22228911018310318,-0.20654653664800277,0.22651135725006533,-0.036439192523087346,0.029539994696185626,-0.02853889919073868,-0.02208045547416528,-0.04038596798969783,0.2037035466876808,0.35008974828652023,-0.03377330843957877
0.555931481161103,0.41584923604246343,0.4176057722654908,-0.3360222388269504,0.12879897846366453,0.055708258277909976,-0.3457134506523892,-0.4500807398141014,0.006486814344033947,-0.26213950247307144,1.0,-0.3028071064749057,0.3449067759484299,-0.28590385705200844,0.4244799999783984,-0.04254221851569503,0.14955923654163567,-0.24271759071684434,0.13839112874027948,0.06180959636692104,-0.1803995747917435,-0.039267217304150406,0.4920070412902048,0.06504999047562016,0.08395489191309802,0.1716562837616131,0.36803522004090244,0.5139927221050934,-0.3345704063594024,-0.48148289726664,0.027290664810116893,-0.23183596485908683,0.0706897634768448,-0.4287635694446172,0.04250481873224522,-0.03411605854228859,-0.2912046056284413,-0.37555058397161506,0.018311008356575773,0.07169950370352184,-0.23663796100472556,-0.2566319653607046,-0.4122185712264437,-0.1870987305069708,-0.14336212738696621,-0.12588907364707955,-0.13002563707495915,-0.39560107440519193,0.15708050039189395,0.14532287130420923,0.24546029435950784,0.013192127433087448,0.013865087073316488,-0.21244735177260804,0.12420027991978089,-0.07701200543862681,0.23474817524618627,0.31122438718864337,0.5042032406089402,0.41483664376938156,0.0235350808394505,-0.08459435045119043,-0.13724865162909058,-0.3960623328767066,0.14714488574482787,-0.09766294858433759,0.45583100858817366,0.07146842732615201,0.1755938458671705,0.23316024674858155,-0.07172982434495181,-0.20356448209792127,-0.2950595824894759,-0.04146638532387096,-0.022163223555512222,-0.1864830400626561,-0.26787091139351454,-0.3087623481087106,-0.3576154155168845,-0.17591721934188526,-0.005773882056037026,-0.3621615832225958,0.18098772937637775,-0.44156480544503723,0.5447117246709234,0.22676914784805124,0.2540230998121024,0.008150677467981664,0.5103898504799068,0.23921518101659392,-0.37935732848779186,-0.046914889677949205,-0.1501210075944588,0.0276903225854907,0.08235885054309434,-0.010396550726088473,0.02250869932345088,-0.14602487064972336,-0.23368874350535482,-0.12024187471249186,-0.3650938748729774,-0.05036686192890792,-0.3741690667922487,-0.18122441461004848,-0.2430047858952269,-0.2509810185710363,-0.18051254551047968,-0.0013853363551939435,-0.12640729361478564,-0.0038268177417354215,-0.02879003136993325,-0.22626606540853167,-0.17818841914163944,-0.26489597706713663,-0.12419188155392058,0.0012746350944009065
-0.244096908125181,-0.1067420313560688,-0.15998455507889284,0.5454837857028227,-0.16721899179695127,-0.1620147769274323,0.45678218601121673,0.5988483885949184,0.2700474214544656,0.3281190073817372,-0.3028071064749057,1.0,0.19635102976080823,0.7290521914787838,0.059542099921936584,0.4807198318928777,-0.17050735149352458,0.139402652525888,-0.21648027619577,-0.34100804905881293,0.00686301864752692,-0.2768841321577276,-0.40935865076458666,-0.02261740386997551,-0.29716244570994615,-0.32616695708904125,-0.45635763624677844,-0.43626277762341964,0.3990731243069116,0.3276341142110779,0.2068092684019966,0.34991597368598226,-0.20700545109789048,-0.002383214123828358,-0.4192424935265929,-0.14558664960378534,0.14702087734232155,0.08634080062552581,-0.4255067996335981,-0.26114936446520143,0.22868082923960126,-0.11717335074582219,0.21089694682339233,0.022567354365844755,-0.18641745292220974,-0.18721030311907932,-0.15113926450537535,0.00901887352965188,0.10313768187635278,0.08742152896014771,0.15750969949148358,0.47848955721784225,0.4073741802699141,0.41094936059530607,-0.2797448025558853,-0.07831484084943274,-0.33160836896788537,-0.4034575845973487,-0.048205751404608865,-0.02648528607245238,0.4664780655038119,0.5891948069585208,0.3703928678686469,0.42194436190008006,-0.07760507340787999,0.511889149213698,-0.5338449758900583,-0.2431227508703829,-0.4137059259214228,-0.4013868094117665,-0.027221132420895643,0.10251368418663381,0.17116700040399005,0.07163557767803146,0.02240660022287312,0.316376703995897,0.2930581158925939,0.24124245954051288,-0.07203089616128358,-0.14016891823452685,-0.043890442545633485,-0.05121198103897347,0.12781965463912234,0.3672863552273501,-0.34640252769337876,0.04928665761939229,-0.21122211900899227,-0.3409023747729483,-0.35666012791188656,0.12431724264626447,0.17603053231450952,-0.3321835503392558,0.1600837528186224,-0.20680184575069108,-0.05451919023739259,0.02320497024624195,-0.3929237431276921,-0.09845960849335042,-0.41886175699126593,-0.31083617407087927,0.18577904050249341,0.07303204907502,0.03636019251617765,-0.12069878274541146,0.1687830869483302,-0.09093564711339319,0.007960421056649479,-0.04354771022311578,-0.13390829108338054,-0.012572216024582536,-0.16366447323482394,-0.4610288385770525,-0.16579434362657458,0.3873976260910855,0.2554225528224515,0.05006210372050363
-0.06473341050601611,0.1868010536866613,0.3779684606394401,0.30849095887098166,0.024008214019136883,-0.02463035681444957,-0.007738186777334563,-0.015192963480833913,0.27976571331844635,-0.012537959707844958,0.3449067759484299,0.19635102976080823,1.0,0.26997615559120536,0.7555784283420864,0.34956861020474134,-0.353236498465259,-0.39329216577614085,-0.1537429072531888,-0.4709129921764375,-0.03446475049604862,-0.28035345511155546,0.336487290710686,0.10186136837767357,0.14691239977745787,0.06831863028026816,0.09634615368357527,0.2553907905675686,-0.15728561207152184,-0.3493671893124832,0.08538300905189278,-0.07521393238251559,-0.27613925568452646,-0.3917474923763729,-0.32288395589346036,0.15248002856999118,0.025247256619934523,0.06497526039914796,0.00804318450839433,0.0115394862190691,0.08831371805505513,0.10605254263456276,-0.3739509149632225,-0.34012023773046407,-0.47603284397921636,-0.45995685781565415,-0.2545825804086652,-0.3980991801794887,0.2213368469540674,0.11085680283889729,0.45992638314606255,0.4667673423360376,0.5841121381701807,0.3267675846301636,0.15900001605736291,0.06668294670264178,-0.25027019028066916,-0.15411973279543978,0.4528399811820641,0.1904598038999026,0.4627991248405245,0.24482145146889722,-0.1579405114015023,-0.34390979349568146,0.38674276500214244,0.3584985104729923,-0.0385214164815221,-0.05545098234598837,-0.23474264158645985,-0.11684689014761045,0.2577125822313556,0.1465665384791058,-0.09983029158247823,0.29374285505181913,0.18278669619675694,0.19690497533945983,0.072923853188075,0.1015259531675466,-0.42356316440171227,-0.04442902253582426,-0.3427284083562843,-0.47340778477007844,0.19764096579401708,-0.2752287796600523,0.21954617775881102,0.17354934245586637,0.27471706708308313,-0.22829809062171094,0.2922511737432773,0.4248898334229876,-0.10103906491926865,-0.08773467833820704,0.2048113238428845,0.09281306008699994,0.06799924306100417,0.06573849905810208,-0.1885014588488852,-0.06353565170133592,-0.6110583897340416,-0.2629495520110342,-0.09692231921350679,0.03419093285450012,-0.2995483939122057,-0.3360962104454179,-0.02591602185100978,-0.13139889945426236,-0.016137327129052376,-0.022540507917108498,-0.021082568215506945,0.10420026236796623,-0.22167021018381963,-0.5717898010577849,-0.2086175981026985,0.11619005722733304,-0.008396993709934374,-0.007726095921143906
-0.26285794447326133,-0.22140374354639844,-0.28377491611338185,0.46966698777126387,0.09873482605381162,0.07968710917700106,0.48016365222965723,0.6735101955681629,0.5006765327062798,0.6103678570989339,-0.28590385705200844,0.7290521914787838,0.26997615559120536,1.0,0.18025306752991418,0.6632725494768128,-0.3085323572154566,0.12111003647875658,-0.24245748295322475,-0.574024352778262,0.15202830607318132,-0.1355181606022959,-0.44797732780572275,-0.18366514848567678,-0.032339714091886705,-0.2930731530566018,-0.285467770018976,-0.38090556449580526,0.3237932547770764,0.3121256774588336,0.10158389654873667,0.1765430472983609,-0.3122858502302533,-0.08358823953381479,-0.44579281252074937,-0.05002990510966259,0.20711188299038472,0.25324086764674714,-0.33077053754517755,-0.15200396023414253,0.08583802016585161,0.11615465892450129,0.1389029414762947,-0.11877794285290452,-0.2786745195053211,-0.24816996231423147,-0.13730648183329008,-0.14822234176418034,0.17353718197996978,0.058751347530473674,0.11984356055724006,0.5329185260905305,0.41078382008568615,0.38576766198493645,-0.1982838542964577,-0.12462337657357275,-0.3058566303842985,-0.39168990235414175,0.037293571589774296,-0.06227471761801622,0.5979411874065149,0.7201153120546674,0.14500433078733496,0.4063305485542141,0.07400717398547478,0.7485683009947578,-0.5394682795231223,-0.3781457931102208,-0.44321507807657623,-0.5026722987754597,-0.04312180968439521,-0.060876947443887684,0.18338765711580474,0.1738197688652493,0.1063775888123894,0.2947238872097677,0.28699648957846086,0.1667460136892164,-0.09639716849818149,-0.06878408851403348,-0.09985721164042952,-0.09181767666309316,0.11069572554300976,0.36800499146158944,-0.34409495250796207,0.012561109467359345,-0.17712890742883897,-0.1437771802214375,-0.23641174090910178,0.14135291738618627,0.0679927878112392,-0.41351288210284254,0.2563573552228318,-0.23031637039586902,0.09684664380851729,0.07656174471202422,-0.4353454695381392,0.09027735396375611,-0.39111426609212335,-0.2437148844261022,0.2524079842242506,0.04826053381608149,-0.008478251835493897,-0.06352057464191894,0.20088671526076318,-0.23533561552141022,0.029889035280765384,0.15174832210595685,-0.10462225445757804,0.08010562816768821,-0.12922584627979825,-0.3956939097879874,-0.14891031592360246,0.24445935496926305,0.1369470881564059,0.09465261220790652
0.01635737202764069,0.1386743227358582,0.18496140877612702,0.17086218313492707,0.11276719479335538,0.13032117022136697,-0.1730126996874275,-0.10035579256066082,0.3653425163388634,0.10198462972287789,0.4244799999783984,0.059542099921936584,0.7555784283420864,0.18025306752991418,1.0,0.4668431377904292,-0.07253668531582443,-0.1686838163438355,0.03474664167870321,-0.32656558775999456,0.04137161422560117,0.03234767062922589,0.3498532996595624,0.07407624147828971,0.16416746118635767,0.15815393549555756,0.23506439335650334,0.3515401466737368,-0.0463331611640835,-0.11736596082469294,0.033872982478482895,-0.07778378066237654,-0.1570141047724476,-0.2721957930952399,-0.30845475562112756,-0.02715754448890844,0.1307220391193725,-0.04378103320690729,0.05987901430635243,0.06424619000405618,0.10039896146261082,0.17928612515414183,-0.40128295322342633,-0.3085070024221963,-0.5026654978790603,-0.5292622009675915,-0.19662642856357937,-0.42898464247095963,0.08932707218282997,0.07472562634035536,0.24214452355402508,0.2815447691590346,0.3700284086428144,0.12324834314607179,0.25229212855063654,0.1739084229776305,-0.053048624633746,0.015158097473534596,0.21825591339412645,0.15351996030398088,0.294149564007075,0.10335068901343807,-0.09682046372299391,-0.2929784275091737,0.4188234380805251,0.2235860428370964,-0.13290355439357554,-0.16192268097441734,-0.03151812269852217,-0.013294854367718772,0.21045016755227638,0.08481168574003518,0.08254709597603953,0.37760567151018065,0.24118016192083605,0.26217528197947615,0.05845764424697765,-0.032001379513282815,-0.20971931382730452,0.06467251822042,-0.06657206784495437,-0.22841590430788578,0.3613662401792363,-0.1272754919327905,0.3590014403694416,0.17616251011062586,0.2407392214816228,-0.14003158540998747,0.4115008587092589,0.411770789506939,-0.265389339427483,-0.17577749050119812,0.05116277408956437,-0.12921127971894056,0.1824892318896718,0.14154389193727798,-0.14611926353477483,0.1297229500511192,-0.49757389548052294,-0.21018920815121608,-0.2219492635670231,-0.13974873706144986,-0.2031164435675859,-0.3284788390386806,-0.18697438909908892,-0.31008224230829945,-0.314603246526062,-0.012025853894441977,-0.03501283266200249,0.08377350357886122,-0.22212761787547786,-0.4311088633623173,-0.14007444551015774,-0.059339920696875915,-0.0824666571183018,0.07063355959827013
-0.2676709791403496,-0.13600471133649317,-0.2111194847340358,0.400096568075317,0.06730048210516512,0.2877331776131697,0.2819949007263716,0.46452631243482995,0.35048955667381554,0.5143909140263901,-0.04254221851569503,0.4807198318928777,0.34956861020474134,0.6632725494768128,0.4668431377904292,1.0,-0.21968899685190477,0.03247559937014744,-0.17351499270397808,-0.5096636699420268,0.4014367320786414,0.20042303989171834,-0.09774570197449073,-0.012239145130713896,0.08200860547606055,0.013308013407598376,0.03554551140501593,-0.005067946258903549,0.30776164160041336,0.2884491795062441,0.1394628001614144,0.2165456677317534,-0.29315171142339236,-0.10471406731995193,-0.22293363553928905,-0.05966823547609835,0.34571353986029246,0.3333701846896528,-0.2797647712973671,-0.05190194302453028,0.12127886663451445,0.30648959084922667,-0.07170396050709416,-0.1729748621473959,-0.3851636748302271,-0.2914614799841926,-0.3288735940315376,-0.30021396367878334,-0.133864431351094,-0.04420286445901783,0.06751462319246249,0.34728383293907844,0.25030541057062544,0.24072041233375718,0.020404039773342385,-0.14859311659209154,-0.2835455846293254,-0.30096916935793805,-0.04256343096764663,-0.08289797480212951,0.3836346459560422,0.5248404200376007,-0.0036378174453737477,0.19871879710778775,0.2610153941750522,0.6103537070368225,-0.5916332853387665,-0.28628897840799594,-0.3791777495610942,-0.4501619711196079,0.15680312463628499,0.1078484248762499,0.2742649052034809,0.4459698618330924,0.40538828695911633,0.4935034199676309,0.4035673233069062,0.22561353929153763,-0.17873963041625868,0.024049746454771943,-0.0048230358425179615,-0.10678809043175617,0.25237752927586693,0.31929485027993076,-0.14208409020407942,0.18252730432589312,-0.0943019704274269,-0.20721946511082762,-0.07567964693776538,0.1293156297596986,-0.08350467959494218,-0.3762865933658611,0.2255026609870393,-0.2752124209141635,0.07412951864664377,0.005295544772742273,-0.5019983237154103,0.178792840966687,-0.40976200889666403,-0.13466144211497308,0.0819374013391941,-0.13201743864408816,-0.02847167962556703,-0.24047945732156745,0.08991013109191277,-0.3401646191326357,-0.15680979266203318,0.11365644305230553,-0.012967825953711643,0.053650564023658046,-0.022771937745906794,-0.3009179298720263,-0.11603202611833553,0.3214349990658846,0.16228308047969311,-0.012351899404927034
0.5532641359722719,0.39189419769488176,-0.28926134585386964,-0.44940250511087254,-0.09974455750185839,-0.11563899599723523,-0.4460143962688737,-0.5252857409651216,-0.20718920449745232,-0.286081226927259,0.14955923654163567,-0.17050735149352458,-0.353236498465259,-0.3085323572154566,-0.07253668531582443,-0.21968899685190477,1.0,0.5973715864232046,0.14296100826250951,0.37485066751983237,0.12672165660791487,0.15179058834207604,-0.0487678955796143,-0.3243420935406343,-0.15037917770305667,-0.10757130690683578,0.10853138561752175,0.1183425009596654,0.27980861622156855,0.2926474375613552,-0.0782983987978961,-0.16995340076936014,0.5637519210991438,0.3335556780217791,0.054758417709980904,-0.3672539997754134,-0.0030099026397907014,-0.2868734964321265,0.2655145747495686,0.20707013722700807,0.12129832167552895,-0.09883838878284411,0.14274997192729472,0.29654900281465413,0.30915301386422567,0.11113700355972522,0.27996314444093,0.18656603897907612,-0.03508676120725345,0.0749469074199981,-0.35483258817714153,-0.3549659961888075,-0.40968790188459964,-0.4904817425215461,0.08456410955060399,0.1833833427673446,0.7692818518593935,0.7203391744248491,-0.05648520034323361,0.11264354727464676,-0.22189140434382534,-0.29175581439972675,0.3835969305417831,0.32084892197680676,-0.4536084063931103,-0.46161966988562997,0.16424940548418104,-0.392197027270963,0.5483043068434922,0.40778943759255926,-0.08844819286602057,-0.017532701863478894,0.2770280989752661,-0.07387694397348536,-0.06297302566268538,-0.005469919350262765,-0.2995702063934143,-0.48156977993810846,0.3309499685418358,0.28853017061569364,0.7607512986886313,0.5651767174784976,0.17344521162489604,0.013310841099266649,0.26467628060878856,0.2719586698641357,0.361059843382451,0.17978102043406602,0.0071087834904404925,-0.15968143572555807,-0.43449444461881803,-0.2874825966948198,-0.6423981516023749,-0.32205730238042823,-0.033071377524225364,-0.21830981819142517,0.08561481696607674,0.05225253610709054,0.36477391916505003,-0.16913284676072782,-0.37687891012053865,-0.16418411614033943,-0.24742992202546119,-0.14213557761220683,-0.4376904687507442,-0.2885955440002467,-0.2832742614714094,-0.11187978953580581,-0.10837512665742559,-0.14265250681779437,-0.1811753050900848,0.14178014980757053,0.18423880904689915,-0.5165448769989327,-0.33335852516043596,-0.039050042868766385
