1.0,0.174798478454064,0.13991578877148197,-0.04872900229281784,-0.13656394073346192,-0.2576499306077309,0.08679466909043307,-0.07312043111881845,-0.11812635135939964,-0.25383200932926747,0.14467684331958097,-0.03660992837166717,0.17101504923162017,-0.07324196644179216,-0.04310513615213079,-0.05030671716857881,0.14617376019355846,0.05241271886868402,0.12554675158189174,0.274262251033072,-0.0019445291772167226,-0.31250457669560155,-0.09865042081632316,0.0039016237839903534,-0.1587867580231676,-0.46758088715581064,-0.11112182172855613,-0.37410486284486955,0.2590694393548745,-0.0804659046683367,-0.1667792735745731,-0.31542292376685915,0.11465174957778367,0.2836436682391754,-0.17627656089405608,-0.18743374085258813,0.08082770159880882,-0.02264763939346223,-0.13386462221060785,-0.28100357615312305,-0.13159436457447793,-0.01730658338076046,-0.13611913364980172,-0.11645401611807937,-0.085872873416728,-0.15101548909972026,-0.1950199361603663,-0.17097548354821657,-0.07899069488019632,-0.1444529596684931,-0.1555706326442353,-0.004836144676877101,-0.025299567897059127,-0.1521388125533047,-0.16181635117812634,-0.29575666948208135,0.2846432191039986,0.09108215642804526,0.39381034689489824,0.3048420355668474,0.38250195170125256,0.24149507958837452,0.30885452824850096,0.23736919893679634,-0.03704667167130789,-0.08137209374408497,0.19293694494733427,-0.12933549834205008,0.29487015882967976,-0.06794583494219027,-0.04935462931745021,-0.25598325400314165,0.15653612209756534,-0.012274544910516303,0.13422260564625665,-0.03309849579456307,0.09232909307734763,0.07539511147729676,0.1339459227528353,-0.1286069887663354,0.10253581001942356,0.09538171048704182,-0.09038061062255072,-0.008098747146559263,-0.09087790401509306,-0.11568946187804059,-0.21072432177999972,-0.2797336463095362,0.1408795921096318,0.05618470798820145,0.08788584592244854,-0.020024361211006717,0.17530690796090864,0.03649629938490916,-0.20388641672181676,0.011537876174405956,-0.037455859961683304,-0.19583173194476877,-0.01825305293126308,0.08907922646158499,0.10033774405278095,0.07767051433767504,-0.027646347523012014,0.07956620347447182,0.05461992131994313,0.03679479083333592,0.23074729531099755,0.3223384187968172,0.24841709527244787,-0.03060549756701057,-0.2431803911928508,-0.047226935803864285,0.1050750221548285,-0.11306867350120647,-0.020629843359268388,-0.20369981800427708
0.174798478454064,1.0,-0.43279674535060425,0.03546514176743384,-0.42114764776495833,-0.25884307358135294,-0.3355167919489554,-0.09413584670139528,-0.2631301771689699,-0.22854370577384497,0.09713722550419954,0.2290845124971485,-0.3428423807481862,-0.3086208737546752,-0.17453013998858374,-0.07518690724794466,0.4103053854702751,0.17739480956050133,0.1132267948380651,0.46766410401721187,-0.2863353473516211,-0.4191140930742671,-0.2239928705723805,0.07019721604031942,-0.3581648275754824,-0.22010945059086082,-0.34569554992759866,-0.18665650759752125,0.2551699928742201,-0.07428600588338241,-0.23914417372069394,0.08068068591541144,0.23511172464908886,0.4127760803611859,-0.3959064251068656,-0.36263956637590145,0.13334082611817863,0.054073119932887936,-0.11506311266787486,0.028080480608990856,-0.16434434050018346,-0.09321222894167269,-0.17666700928332887,-0.18478289887211458,-0.28060090737569293,-0.3661832000510986,-0.21506732547945942,-0.2456077229780912,-0.39780154802457723,-0.33425474486079443,-0.05103260574052611,-0.09629544067220225,0.027903336505810134,-0.03810552650464984,-0.2584597007395342,-0.059620000052229845,0.2353673151074745,0.6464602166513416,-0.023447280183775638,0.5497657079255244,-0.2686940717114506,0.018744921695916787,0.2987362461551919,0.3536288398725875,-0.32320245525262353,-0.3367636870198092,-0.08484669713564733,-0.16135668702663386,0.06314684932537104,0.4057143575889491,-0.23150059207428528,-0.24648752446243163,0.19741463028612366,-0.10557082489535985,0.03863842326276784,-0.17070343667062354,0.03636721982723775,-0.11964754914061233,0.2697219044482853,0.09777337986830478,0.5287993628256258,0.3707461885007239,0.0593345531651942,-0.013794478349425283,0.3660230476078177,0.3982230602964933,0.2113176881717631,0.1740371682359863,0.040038790868424295,0.15821966907088544,-0.029532109191623808,0.08431158279665243,0.13036372898628246,0.03537876881732135,-0.023931835258280257,-0.05064462084132979,-0.24508506527227425,-0.046403638191977084,0.05527224629986309,0.02160276271752799,0.011894024526526752,-0.03614119304431135,0.03564694675656892,0.010843258916522,0.03834186420129661,0.1873687028857971,0.041654560681173465,-0.08685289000922054,-0.07541447667224165,-0.20209778031999165,0.011212390780858835,0.06789967988186556,-0.03133762899594848,-0.19494309307403523,0.10094647117528029,-0.27384789255780256
0.13991578877148197,-0.43279674535060425,1.0,0.32803387824460595,0.383118640237027,0.18542163466475303,0.8048694593399576,0.2171838261756897,0.4993760284011026,0.18811837037984072,0.16235384071305226,-0.07179122242986484,0.3971358598050761,0.0951774193374741,0.21032802772967582,-0.07903365353217215,-0.528788943959276,-0.24862709195038268,-0.018809075769918162,-0.20556180658697673,0.25894911082045846,0.36690618406142983,0.5301022240092805,0.34885846470806003,0.2550297137952296,0.3632924842963259,0.24335706723862943,0.16605367084942915,-0.2500635733322596,-0.1690642527158443,0.40141766929188055,0.14236003482105095,-0.2268225499047814,-0.11249361231064184,0.3988254495489847,0.15648795089775122,-0.13510903652349862,0.045683052345413165,0.125383507644003,-0.27858408152205416,0.19584591493609124,0.286703735531115,-0.16746524583615466,-0.190714376167917,-0.1377701241061842,-0.08541762782961854,-0.1684494882694516,-0.14482852382582082,0.07527234668016296,-0.09954731554914355,-0.10349501126878503,0.011561172851794418,-0.08965561094169236,-0.026557517140998965,0.1720538224063225,-0.11357169397919502,-0.29295304048140774,-0.4816024226441603,0.2237755620599562,-0.4135907353545459,0.2513195846608945,-0.08247255614402567,-0.24508393982147264,-0.4483921032197944,0.5593075820988302,0.31983908666834415,0.10691588833780125,0.09406794346333926,-0.14526135412245078,-0.2875088052866076,0.3339926735500761,0.3770917690490362,-0.15257839628134776,0.04889779384759848,0.10160415081615261,0.20372243500438042,0.10791154564894186,0.2101325583221602,-0.37132536620083595,-0.24174350129877034,-0.48512821215722274,-0.33472201628477294,-0.0008753298944648961,0.16222094072520687,-0.35905724617537604,-0.32497441298467533,-0.2059128804831614,-0.1828165491672152,0.17140626926720434,-0.0326359759142931,0.19286424656445678,-0.009113046178832346,0.2062016507118207,-0.031769368038605465,-0.27789162456425237,0.05584756364918191,0.013601765575458924,-0.08894853895187871,-0.23019247811418062,-0.048733296278898705,-0.06446309511136658,-0.18957193052128476,-0.10506183727834527,-0.0007327505174035006,-0.013565876212833086,-0.1449956892000665,0.24288903823775218,0.02820023163591162,-0.011067789806818142,0.07379532127252211,-0.23221666545945965,-0.09663029041317582,0.057124037591570455,0.13355338184806584,0.0021792597879011673,0.13600873284480214
-0.04872900229281784,0.03546514176743384,0.32803387824460595,1.0,0.11972574692584143,0.4546545511271374,0.29071109307653087,0.5259307180721652,0.15468763286036014,0.3098672780618099,-0.36241484612651725,0.09663385222393414,-0.15141354466163476,-0.0004488825390430647,0.07181964892679084,0.21276435363267066,-0.27362890147423374,0.030899482265002127,-0.1524139383955359,0.24802417281444758,0.14086934580247612,0.17152811260954962,0.3020538753567257,0.7132047939014146,-0.008844463918905964,0.19042158413304333,0.19341288702504483,0.25398288045849177,-0.4171309824863501,-0.24965664184792571,-0.06208467180297179,0.30463792706461335,-0.48631445505381293,-0.04881422591420595,0.014898595975568675,0.2020310558163666,-0.005060851579518609,0.2286171116896043,0.1306106502935757,0.053105353255152546,0.02070722060863973,0.2817687431862908,-0.4064463901248035,-0.44303927241233804,-0.42152865534862627,-0.34739552171324295,-0.36327211041322804,-0.33677216660749154,-0.16118507653759406,-0.2658540665353691,-0.10982538691965274,-0.14701293439002375,0.1252227953655719,-0.1512771973485223,0.3170030170950363,-0.12289085112334173,-0.16784480701400786,-0.24557938602597254,0.16398246147325404,0.10513089722351525,-0.11345812202737988,-0.18480510042937398,-0.009149571786322572,-0.13131787568262163,0.1325748784274946,0.1461786429700928,-0.09097599108602406,0.11021865108215362,-0.39389535560892197,0.0941345898598552,0.14324473590693498,0.07918267840164088,-0.11438750504253757,0.14378694554095772,-0.04387902608393836,0.022480773289268268,0.1457237271153737,0.2142444939426584,-0.3612473174518712,-0.2373415907882295,-0.2036620301977664,-0.0920617214385024,0.24036678205462844,0.38716641054394196,-0.32745852168954714,-0.1562646587604566,0.22038162497111422,0.15051407879865542,0.3796831857587421,0.23099096395546542,0.4300929305198954,0.2697788451390004,0.4951110163459056,0.2892811816003998,-0.27060272258019613,0.2652080187769437,-0.25427521095618333,-0.16419850671466443,-0.08688353344341099,0.23902412958735042,0.09840279411064169,-0.03908348282239944,0.2793818803530223,-0.22323482839342407,0.1235052790280265,0.30930414168793763,0.3678540490506274,0.0912283448786015,0.10755988361264444,-0.004874995447661219,0.023524197673519282,-0.160979641893591,0.16396119071238066,0.01595209644264926,0.3258386353477228,0.02560865624129806
-0.13656394073346192,-0.42114764776495833,0.383118640237027,0.11972574692584143,1.0,0.42179705547195545,0.5033158390552575,0.17154336186455665,0.579429865787469,0.608339169360163,-0.08376332349858277,-0.11584020756880178,0.4150302350642367,0.19110709416343513,0.2848511614495214,0.3962380654127129,-0.3317417961756396,-0.1363897376392278,-0.0574543048879554,-0.2332737239383134,0.3579077976076505,0.36924643605545854,0.18388879407560801,0.20858938802103122,0.32684412327777557,0.4103311336862298,0.40267955327468286,0.1730661688474534,-0.07123270063292939,0.17362074312037826,0.29386954254174963,0.21014578485624927,-0.5133357363358602,-0.18727152322512877,0.19669604537257976,0.28239848107832005,0.18443147980198069,0.2275622737614706,0.11070480047587307,-0.009851986598264617,0.5529709228137173,0.27561920006864754,-0.4065365610097752,-0.4170238544991716,-0.3191525217620835,-0.2657750879299529,-0.3434677734446031,-0.4204525048003115,-0.22135130885224338,-0.3436390224889987,-0.21164440464648282,-0.3432817854673695,-0.14562720888711284,-0.24018516104643586,0.2930494555685836,-0.33675120914082135,-0.4336382068092258,-0.34521970598643265,0.0511667146226531,-0.3309216673848114,0.2704179975158594,-0.30883631265380057,-0.007403550057309709,-0.09061601087832036,0.3097854098164694,0.14167792908822419,0.0012687958108076158,0.15900915983590996,-0.2786688085402921,-0.15769114375490498,0.6708819516679803,0.4051527513093139,0.09547909884255336,0.5176473404144752,0.2653647649718179,0.4601890231695061,0.31240497594280064,0.33938471797027076,-0.2212354556087242,0.00842953761680462,-0.13381588879663875,0.038000576329847,0.4502277217479186,0.4157881655309964,-0.18847636845370336,-0.038389109927847574,0.06914867648687335,0.029489816150486133,0.11380048832519046,0.05871889413796215,0.30187612183638146,0.10676031827968198,0.21352238201011006,0.22231966429451477,0.1116669755324411,0.27135520356564813,-0.1326895836306562,0.07343015862553014,-0.048179776483102274,0.06247432214557447,0.11667134101478248,-0.012736614907649074,0.14856794518692984,-0.06869950321522972,0.19360331646907836,0.15437611898290163,0.1670037591332461,0.1741518033570405,0.0799776480860538,0.09570558415388228,-0.1730948322556208,0.25995491236245466,0.17745975957776433,0.2627328299306995,0.16250072931763082,0.2180980895556866
-0.2576499306077309,-0.25884307358135294,0.18542163466475303,0.4546545511271374,0.42179705547195545,1.0,0.14990439959598129,0.2792553774064679,0.17779796509184698,0.5191340327118648,-0.36150345586635957,0.09542526763248214,-0.06882713595808371,0.08971627635484766,-0.17132764277236495,0.3092188557522566,-0.4111958009639489,-0.14463052064535223,-0.25501235612324963,-0.050858486199443845,0.381420376044033,0.2940371975412156,0.29047428248972756,0.4024160178905861,0.321256157502615,0.46198179631111885,0.41110668885097745,0.45733087372203063,-0.5077081772433505,0.037430659888781914,-0.022089677631901682,0.2509838778947646,-0.5946889116642881,-0.3129758735893074,0.10784917127926302,0.3171784893743511,0.03679727146577486,0.2794171109790456,0.14107982596927873,0.20204610329762235,0.14797412618827094,0.14794498012866555,-0.2913692969742067,-0.28743151011069784,-0.2795050166637283,-0.1972671793983952,-0.22029816640926808,-0.20486458313283612,-0.06171824130750705,-0.2291655682124234,0.017954191942901324,-0.0733243279935393,0.12043018548362908,-0.042679159815747617,0.15637850411405937,-0.14007773419665528,-0.3282069218282348,-0.34896630121879724,0.1687366510922052,-0.07939524129973542,-0.2440573961086191,-0.3455093948848547,-0.16680590398046977,-0.21862284860324047,-0.05698674097773118,0.1477339797775642,-0.038585452639221425,0.2602261245714979,-0.2557987773986415,0.06421002711019644,0.41564402048255944,0.22389937813829078,-0.2816855700631697,0.3432431457365132,-0.11923245940248987,0.16732981803524583,0.15922824820992446,0.21438880444794037,-0.3686821760783146,-0.020699554062645856,-0.24108059065369694,-0.09214572386922998,0.14948866825920643,0.3279464899871096,-0.3078244290941276,-0.07889829527300449,-0.04265500096124713,0.25800764595715353,0.07621730165474325,0.3318004911458425,0.44413392158137666,0.31155459459110985,0.2764784186162146,0.3060428846818804,-0.1188886543429314,0.3762491399365797,-0.08889363998962958,0.007440599907963323,0.12048402057346627,0.3297172486437571,0.19524909584988812,0.14747871721484673,0.03012110550160007,0.039712256533692744,0.10358037113952477,0.19840983496228004,0.2677362456788193,0.18550514818353475,0.1568689796635152,0.13120854304643395,0.16886932361648346,-0.04875974249325381,0.22050080679430345,-0.08708026330910257,0.2940292240562352,0.09233351405501442
0.08679466909043307,-0.3355167919489554,0.8048694593399576,0.29071109307653087,0.5033158390552575,0.14990439959598129,1.0,0.4298590080748544,0.6108677854696751,0.3654055218341039,0.11696650494705947,0.017265332285618034,0.49731910129505824,0.16122845178242512,0.4379440460786121,0.20519093304987004,-0.38556610834080596,0.017268348299459075,0.07890589566164546,-0.1612114966667121,0.23427680151068814,0.2778662385859763,0.3303981708465535,0.2718981819042256,0.04323535272904548,0.3140678110528893,0.18636406864212324,0.146227632436593,0.006806792387031803,0.021217417376335576,0.5355855890643461,0.29538470511293313,-0.2272090967363079,0.04497560376017087,0.37201528082559543,0.1463526785602891,0.0609120534427982,0.19148630262159547,0.027412865742122337,-0.3322273665854382,0.4495322186567716,0.35154353334896016,-0.3099817495015884,-0.3445708622239655,-0.2567981166295282,-0.2313311013493849,-0.3584541833082286,-0.30756789116315075,-0.21949210466968294,-0.3108062445922226,-0.3463507299389079,-0.3345600073518917,-0.30576063115469027,-0.24455470184832084,0.14397346342578304,-0.33575841677103474,-0.3915319528230522,-0.4234151074725357,0.09673128363183774,-0.4776513709717433,0.3605751312767384,-0.12610021999788257,0.034666169596298806,-0.15703735159868365,0.617699438826537,0.1700306022535987,-0.05304698273532985,-0.03664150580785624,-0.305516754048202,-0.3730697256042281,0.4646781980886841,0.37176331405102014,0.19011716764762518,0.22116039572996193,0.29664336252686274,0.3329037139482158,0.28638291196401655,0.3862650566693178,-0.16271354532426024,-0.023257243338656884,-0.3580720754988557,-0.02721889566639172,0.18804673248584566,0.4001758875373487,-0.31563868324595373,-0.3118715375562221,-0.20949196669564804,-0.2478248612180227,0.12856291751230237,-0.272936838513182,0.1909127394771791,-0.09027244116022315,0.405631829886885,0.07855249467211627,-0.15820856528670998,0.12304209466704376,-0.12385737200551172,-0.10838241151584807,-0.29638548298339984,-0.045670362356459895,0.00871081668691637,-0.15889570589638854,0.118279858095426,0.0372656866701082,0.10255793666325357,-0.0017342198597469418,0.15485613964300943,0.02280837319144144,-0.01855540708021862,0.08524278106406155,-0.23341905540835156,0.1839758183025513,0.21109536030282353,0.17765631680004315,0.027738678376716563,0.0915634475216835
-0.07312043111881845,-0.09413584670139528,0.2171838261756897,0.5259307180721652,0.17154336186455665,0.2792553774064679,0.4298590080748544,1.0,0.27170129550754174,0.48259290856947895,-0.017589375922503692,0.3848614838803724,0.13545966953459196,0.415415699063166,0.21829207549408575,0.3123796556630169,-0.22670047581902641,0.04612386327257948,-0.17649924839232203,-0.055254531680917526,0.10394238446772514,-0.07399558149611958,-0.003204797653881141,0.39485782529416696,-0.15582846827285293,0.20178940873859147,-0.02144476265207537,0.04419015574197665,-0.19024144659264947,-0.11977040484767582,0.26827092865146684,0.4037267978283204,-0.22093218548661567,-0.005068735789564908,-0.10319758147449098,0.0041897224210533076,-0.14031838989966236,-0.00015095124225745327,-0.14872007960498948,-0.20687536450944133,0.003513708146927394,0.08375355074213246,-0.33375336763401997,-0.3035466113184311,-0.2700759777584253,-0.22944726749659017,-0.355567452310438,-0.26874131385181377,-0.15223972474120015,-0.17916482516701096,-0.10196775756153302,-0.19745774794006624,-0.042433879892046104,-0.14672063512396827,0.03831775306823246,-0.21892953805379536,-0.2742819235015609,-0.34598664072807345,0.07412885751262425,-0.15258041300727734,0.22829830764904638,0.10728981020391025,0.11011379421932403,-0.009067896022723086,0.29329721038085305,0.22352037258087168,-0.09562599793149779,0.15028252467081468,-0.4115188140788419,-0.18694989565573064,0.15855424557585182,0.0968331477674073,0.03962808247427874,0.16816570152475335,-0.015804552602097163,0.1681528826148706,-0.023804177643262658,0.2431346126495663,-0.31545426750363004,-0.14159655731272558,-0.34724381512454455,-0.10426072143352212,0.12144698729939576,0.5083839524085115,-0.2639968883379919,-0.1261121185190979,0.026306076456167532,-0.12781979586912726,0.19101967331301276,-0.17551717395681835,0.1906035458650086,-0.07674821710982138,0.4187403742573253,0.19401087432238878,-0.15472063364858907,0.1678216439089657,-0.18932902092953524,-0.15727026308971542,-0.31045938954599894,0.061232541664969005,0.15214875629004654,0.11803922924985247,0.25471255243356306,0.014013983196034708,0.03249259038645004,0.11950241652605396,0.21073082856417133,-0.02745049366322977,-0.10232245445500945,0.020534671182060375,-0.011156558256566248,-0.09637229565037676,0.1580143077541966,0.1408500630046128,0.08316798258157616,0.22456110231548146
-0.11812635135939964,-0.2631301771689699,0.4993760284011026,0.15468763286036014,0.579429865787469,0.17779796509184698,0.6108677854696751,0.27170129550754174,1.0,0.46657461406839235,0.0697943892450556,-0.0729640397643918,0.5198130854543033,0.1544212321600539,0.43174062139177427,0.12188533887444573,-0.31790925612308285,-0.08452200205180749,-0.06562133643548831,-0.06259295241370133,0.01393596179664108,0.11611747042409862,0.27528885652643026,0.34417688830526894,0.306937472304911,0.4636566083769265,0.10858933664486639,0.18986255061220583,-0.061606935366995796,-0.046374470332484756,0.37354353580530497,0.27205091214493277,-0.2997399556362414,-0.024026899357500294,0.19831888213089258,0.2813119535120817,0.01871671452233476,0.281373699885651,-0.06148294646629946,-0.12809240176549924,0.30584536923357153,0.3394692663449269,-0.4405098523654123,-0.4501714856657457,-0.39280023261917246,-0.28823040679883233,-0.412363045729119,-0.3788259513716595,-0.34936167153818826,-0.4156471876364087,-0.269842966109598,-0.39890744355872026,-0.19834801204872896,-0.28068427067626606,0.16580778339299532,-0.32158853128346904,-0.4742624773722739,-0.30202847461828736,0.038813311458822476,-0.3201690203452972,0.2930632576912446,-0.11910775952645677,-0.003891729955666236,-0.13848809032047618,0.62203582018521,0.4281532322575963,-0.04522276241003335,0.2554979844230436,-0.4423762882716221,-0.10720008886919276,0.4880333374125112,0.1400568195030687,0.16716251809573998,0.24774607533864454,0.2884561320384284,0.2999540530521968,0.23793134108649155,0.3058392279516808,-0.14654895762638123,0.05512399603106952,-0.15653720902436963,-0.04576100051220131,0.07755666952236308,0.21951443035673923,-0.2863053024742604,-0.15036976498396326,0.01889720517410108,0.005121363025464983,0.0038191057390880813,-0.09724502024020039,0.3417483055781808,0.15443216704073018,0.45836890038954814,0.2617771902042171,0.0794027268797657,0.24504865195729308,-0.1313879301082899,-0.030951949534969464,-0.12847791257806426,0.14354293711585758,-0.14404483808925755,-0.17364607934098988,0.24416783121778832,0.017962054161863118,0.20232902085712426,0.2526576099056545,0.20504824911595126,-0.17366209636725347,-0.03505984895984828,-0.050588000486173394,-0.07868053350351413,0.22855147677006987,0.23739833258503523,0.26214592945632437,0.2206725850907915,0.19136807547313467
-0.25383200932926747,-0.22854370577384497,0.18811837037984072,0.3098672780618099,0.608339169360163,0.5191340327118648,0.3654055218341039,0.48259290856947895,0.46657461406839235,1.0,-0.32490672465559967,0.14158831450166898,0.28132652080718606,0.3847511674608472,0.4381760252193409,0.6517764822997404,-0.17047336777730263,0.1339781804270498,-0.24848667347535525,-0.1665004158265887,0.11104290457393716,0.20727127278589041,-0.016675880810561726,0.16534484901774824,0.10415402171473981,0.4215882574062013,0.21433675005420702,0.34181806944269455,-0.11485572726185847,0.2741264272511777,0.15398866576540915,0.17471387063748473,-0.4391526823820963,-0.0814186240939289,0.11641105572656008,0.3651738677813797,0.1442774579680569,0.444934017673905,0.12271544896008858,0.09190143937466677,0.37191715252186075,0.2168303660342248,-0.5059348579657058,-0.5014061612527141,-0.4172282664607702,-0.380123113779791,-0.4622671182068433,-0.4774172192246498,-0.3482000646761426,-0.39189368308870975,-0.26787097738970433,-0.3139888632334536,-0.030509503976790853,-0.3252407537902164,0.1529467636309865,-0.3812859832746366,-0.41256035908865485,-0.21135472628652116,0.08623902321395029,-0.19248667223972574,0.20387503003694443,-0.0908715575898692,0.18180759644781427,0.11374278816409801,0.22484574000358282,0.21763661395482542,-0.05847053732054335,0.1726939648370259,-0.49226603445538114,-0.14182039031050783,0.4715104598376694,0.33433925956680854,0.07499263136056769,0.5027179103665568,0.0980405232164185,0.3703754527721853,0.2791419895648187,0.36865311417379654,-0.17349080407079923,0.12168340643673055,-0.012838595152978631,0.23555324884031895,0.2001810791655075,0.6155418116096063,-0.27646953988308154,-0.09725917299836608,0.1257241607515571,0.1673241158006952,0.032732236593316366,-0.03813401449870068,0.20890780930284086,-0.0029760193035532367,0.35191520369643986,0.1983924681458505,0.06478019185382984,0.19457002782198152,-0.28835361135486753,0.015246149830868598,-0.29765945626394896,0.028129188316711448,0.08000026003522688,-0.12529510299660698,0.22198926748342368,-0.02241832065862123,0.18072533897787574,0.19321846867803685,0.2189483476535168,0.03347590681368257,0.16792242211916358,0.043752108040896305,-0.12650128328214308,0.1373188892670724,0.14053913265792362,0.17614329307110302,0.26101888176466975,0.19799996212284762
0.14467684331958097,0.09713722550419954,0.16235384071305226,-0.36241484612651725,-0.08376332349858277,-0.36150345586635957,0.11696650494705947,-0.017589375922503692,0.0697943892450556,-0.32490672465559967,1.0,0.18005596697614365,0.14218489232499007,0.12482647488665145,0.15842325331540832,-0.5196067424629819,-0.08989974999910058,-0.1233817549649893,0.1136889856806814,-0.25492923162455394,0.1153455780976007,-0.15995732504681606,0.09217561468094257,-0.11093089094239808,0.053073090238396355,-0.05901310523196676,-0.04811765697451783,-0.1142755405584791,0.2555714536717391,-0.18848439022290062,0.15101835023578766,-0.10791037599156408,0.3718313684877042,-0.048079548177772095,-0.014034983219212975,-0.3837886459291401,-0.3573748728567117,-0.4274678208301772,-0.16095673290861642,-0.14435590852846877,-0.17541326029835388,-0.3189725656268934,0.28919769860711225,0.3658624083372134,0.3097826647402659,0.2941807259135668,0.26863525841307084,0.2313033804787442,0.2548971821181163,0.2795049980094327,0.2709267125855865,0.13677764187981084,0.086745717209817,0.3589041041671472,-0.1522213447722034,0.20907752507757188,0.18496774303563482,0.05524792915702629,-0.18286630826955289,-0.262954836779248,0.10399917033694348,0.14566453468410875,-0.20505839925792635,-0.2323074379086145,0.2660708440964764,0.04626831301316926,-0.060511276351172434,-0.18825097128057156,0.09911538654181852,-0.23512973857334854,-0.22436119048691866,-0.01380951229657984,-0.12484603727225586,-0.39594502785983254,-0.23594845445242169,-0.15444443279989672,-0.41094322945761724,-0.3681419062416967,-0.08481018931170503,-0.11380107826822976,-0.3133397881230517,-0.36844193763276384,0.0068426415434765945,-0.1742880105531443,0.4067196067415337,0.16594892428861138,-0.13901953669720457,-0.2830827114324935,0.035823876671771844,-0.1718266374171331,-0.35595518379211716,-0.2897732835527135,-0.21274306804095286,-0.349695909553853,-0.062424167713836576,-0.2915720106797418,0.25538091253149464,-0.10772102170519744,-0.0401787533808104,-0.30538713516713584,-0.13611821076548436,-0.13289293068915972,-0.1903027736360044,0.09668975471083038,-0.29889865004043426,-0.4044748378630212,-0.20933107413702215,-0.055754840894193206,-0.43803197626589263,-0.013228670372724153,-0.1811590957384864,-0.11778386441046071,-0.11029733702898258,-0.04902125395678054,-0.4339397680526522,0.03009899326079317
-0.03660992837166717,0.2290845124971485,-0.07179122242986484,0.09663385222393414,-0.11584020756880178,0.09542526763248214,0.017265332285618034,0.3848614838803724,-0.0729640397643918,0.14158831450166898,0.18005596697614365,1.0,-0.05130307859895766,0.5158011601894416,0.01005691337472317,0.2259954705082433,0.10831874979965678,0.3389513693988573,-0.003156159381836042,-0.17533644300124868,0.2537370368017279,0.07212428928134314,-0.09954877020993608,-0.0861755592213212,0.05969254140131865,0.11820645771126195,-0.05412693354413281,0.21076385154702262,0.18296859092359447,0.3271563929941165,0.12780138489388115,0.15834189325545858,0.05790435565453889,-0.01995177285824157,-0.0670123613622825,-0.1729971266388517,-0.09255374368628252,-0.13562857497986883,-0.24010376937466946,0.02085401075001051,-0.00159135199702921,-0.10298601055803316,-0.044735834934462745,0.051220300694004135,-0.10011918818024122,-0.0836926001987917,-0.06567185750026018,-0.035219258698926455,-0.06800288250691827,-0.008163211295601162,0.09345358495215549,0.0914646948643405,0.05212304848890051,0.18307558398959953,-0.2664944461975696,0.14542754384091308,-0.027294835572406074,-0.043527180983260645,-0.10905411344938666,-0.1548285200963808,-0.04246243824526356,0.21265028292049185,0.004280366247819253,0.06816064366298018,-0.20008895239434754,-0.005281375870413639,-0.24617470784160397,-0.021938343175442236,-0.15764859484013222,-0.24326895157749562,0.06777740016747794,0.38639976655542263,0.05880654434541177,0.11145970008019211,-0.05548845122716854,0.29694280314770594,-0.03691552167463276,0.14984554293819818,-0.3249200588069329,0.15370627459820044,-0.13720736768151878,-0.062380833607804664,-0.01007804298716067,0.34740533875766405,0.1293742817677015,0.16860875714196974,-0.09808051084934667,-0.01672703704367719,-0.23222485412022995,-0.1553052273456729,-0.2298073122775232,-0.3023315433973343,-0.061449570228870924,-0.17038033597014193,-0.24763871515573666,-0.2476135513968916,-0.17132201767858074,-0.17977918151570502,-0.38661896265525747,-0.33688111016004657,-0.0005138507302711647,0.11502970891798257,-0.16777929602099534,-0.059350260137443024,-0.16003988931713356,-0.1419474094175548,-0.10107715134246754,-0.09224979478873861,-0.16395390414988484,-0.05701397172782759,-0.09572543204194188,-0.2713238900084359,-0.17690105194292471,-0.0906890618345405,-0.19032308280279356,-0.1005982182211456
0.17101504923162017,-0.3428423807481862,0.3971358598050761,-0.15141354466163476,0.4150302350642367,-0.06882713595808371,0.49731910129505824,0.13545966953459196,0.5198130854543033,0.28132652080718606,0.14218489232499007,-0.05130307859895766,1.0,0.3723371711795252,0.38137336734979066,0.16135017996618306,-0.20137353962155047,0.019982153516316242,0.0026706560603936445,-0.1712660173112051,0.07136190703025488,0.1193438421571521,-0.09782202015937143,-0.160240559165052,0.042288632609451114,-0.16240075154680433,-0.16046797101062232,-0.28861185495438957,0.12702842656643965,0.03832546800623078,0.2669319126226801,-0.13550284222667358,0.052010181441081035,0.12114884658038648,0.21760625273380074,0.29166415294982445,0.023364847022458324,0.16287078421407644,0.05535731974962333,-0.17208361593642724,0.2337793435616206,0.17828271545724764,-0.17548505398073702,-0.20224580157317323,-0.04704834391924919,-0.03338012501371189,-0.19219528475515849,-0.18641543685130765,-0.07088717404353459,-0.16274703616442304,-0.23341732924537256,-0.24633703183008518,-0.2827909069256488,-0.2009558339118734,0.038830186021329545,-0.27881914135508845,-0.36041574643127056,-0.2996263420989338,0.27359042070074374,-0.24443809033206465,0.5633815688147185,0.05090631491008221,0.17965029147737507,0.022710837478001906,0.38592148031676043,0.24194385194914494,0.29619548454310685,0.23387266537323698,0.011654027764644775,-0.191718093078585,0.22050585859648253,0.022977909300477356,0.13498068629329757,0.015182188857847771,0.28323634955575533,0.145809015360937,0.16456418916397908,0.1513729462159141,-0.10917900210217674,-0.042284523585579215,-0.14847568798207733,-0.0003118919941559913,-0.06738957572914749,0.17262479856590496,-0.24421855438848175,-0.258569624896554,-0.17144722267372303,-0.21565421464511833,0.07999714475040685,-0.21287973506561825,0.09714382682487509,-0.08870767526232569,0.11272644199158499,0.14367472219613164,-0.009072157624881344,-0.0013069091785360733,0.03285929638927445,-0.03647781002071843,-0.23114977046368976,-0.09498905589555134,-0.0487175934356445,-0.09597864103712288,0.14642205660650753,-0.05215580968142308,0.03076871657730654,0.034387719891028616,0.09578662711305207,0.1849250403367165,0.15457340125514915,-0.03022924513957282,-0.13987430288272257,0.20523377043938737,0.13393118417481603,0.07838779174308623,0.039719684099416425,0.06780362659440575
-0.07324196644179216,-0.3086208737546752,0.0951774193374741,-0.0004488825390430647,0.19110709416343513,0.08971627635484766,0.16122845178242512,0.415415699063166,0.1544212321600539,0.3847511674608472,0.12482647488665145,0.5158011601894416,0.3723371711795252,1.0,0.2861406387090413,0.36614223785330313,-0.1964851536709513,0.34511398789860337,-0.11149489762732474,-0.48930194338332383,0.1804768015282886,0.07013324577049938,0.0013263700851007475,-0.2318159923734582,0.03630797647886899,0.08911255649901632,-0.03308997168768858,-0.018703807912957116,0.009158401629107674,0.3602930899249622,0.3507592554390279,0.04384082464170159,-0.021712036527808492,-0.244207479487294,0.11218419387357018,0.14237970129542493,-0.08676207947390913,-0.0879089303474692,-0.17201497222889162,-0.02647185057450797,0.020311876641386638,-0.19102939060228494,0.14289394212891485,0.1663643245299349,0.21521868253515586,0.19357130238834763,0.11598773352531797,0.10890157881132916,0.09987404042431886,0.19839073666850385,-0.03883212819767978,-0.0055139999452384104,-0.1273231738315108,0.04853640618340508,-0.25855579044522886,0.005776815874190603,0.011491710507987092,-0.19119558870743664,-0.10345613994037589,-0.36453536985346113,0.22607358448954754,0.4038739769586774,-0.11981716269885852,0.00588986843431058,0.07763602063565635,0.1841090312335352,-0.07802462044889083,-0.08964513986393745,-0.1731864922485134,-0.4538182521306418,0.24561240362132727,0.43719226378916737,0.006498942124392135,0.1862166693108983,-0.11261197602627625,0.2841694534549033,-0.101552876617626,0.16553595045639696,-0.3179273608828443,0.13114832777639035,-0.25313012037817395,-0.1479821240341693,-0.040535066722705695,0.4124581698623752,0.04405291397469355,-0.0025578998755872323,-0.08976741785014752,-0.07898363195655789,0.003588231585193596,-0.24657926081924972,-0.4089390367672604,-0.5271107185396088,-0.24634303839416352,-0.25995414941316936,-0.3125073780900204,-0.1912949820980835,-0.08671053528548515,-0.375298515191671,-0.49050343319694195,-0.5270326444802316,0.07049434803106609,0.09385488862320192,-0.1350439117696862,-0.19125636064961468,-0.10575521582320863,-0.25383157449762006,-0.00792258451762795,-0.060412643956348676,-0.03967932983291346,0.05216165792086041,-0.22837306133374555,-0.11153932928022546,-0.1630444665451284,-0.0494443453283767,-0.26953676053866243,0.09761100823560566
-0.04310513615213079,-0.17453013998858374,0.21032802772967582,0.07181964892679084,0.2848511614495214,-0.17132764277236495,0.4379440460786121,0.21829207549408575,0.43174062139177427,0.4381760252193409,0.15842325331540832,0.01005691337472317,0.38137336734979066,0.2861406387090413,1.0,0.30983678068015597,-0.057234496140857835,0.31717360199369377,0.10094507943507244,-0.13490896226218496,0.003671881881991806,0.09454382475501534,0.12694483268524276,0.02697474058572062,-0.05284344715218264,0.04323643080873086,0.18614018462469045,0.1819772671752758,0.3486367546648136,0.25775746571864067,0.2463915377082491,-0.028084314455174564,-0.0016258570614394799,-0.04924013084435644,0.0788252008488793,-0.06312762643687203,0.2026963125421615,0.242336308807569,0.19150013757419423,0.06433869454266733,0.3740511114598167,0.3051722464951916,-0.16896369817570328,-0.1795866056861312,-0.08363112527185367,-0.17170892961914644,-0.15041551890045415,-0.1781774275181852,-0.245628439007998,-0.13511668489056702,-0.3157194302986891,-0.45092928509796326,-0.17987064974234357,-0.26622520367901326,0.15828402418166612,-0.07651124696530684,-0.03197148342374394,-0.029835076373481057,-0.07641399194755451,-0.3291480082866423,0.3835980795468844,-0.03026633503427615,0.18207862928048976,0.12910932359835145,0.414111467338428,-0.0721887709003485,-0.3034493493869805,-0.34422680631014746,-0.44613984379518407,-0.40699153140424305,0.15405507630768353,0.11225264835611796,0.3473431450821612,0.12360167456585484,0.20935529610106368,0.24949113409495846,0.10929623833304816,0.11014857320847506,0.044139567295869056,0.1937582292918516,0.0004372540120066188,0.2584652729868485,0.28954691928102905,0.35182966514060354,-0.030714563068733165,-0.18622013629754172,0.14316014853386694,-0.1835482099258279,0.10527789760442663,-0.38483775118770003,-0.1424727945920862,-0.3038706392687787,0.28109326124679096,-0.030952152741543157,0.07582636364839634,-0.025776843657623262,0.04277989044588993,-0.002244270783698355,-0.26052253655398344,-0.12335069300386384,-0.10073688169517732,-0.27590735493071206,0.2975390132155378,-0.0077354820729149155,0.003160238914581757,-0.0631214232118549,-0.08155218327714646,-0.03449548381998845,0.053096660756260655,0.04015804126378787,-0.16613695274224954,0.16604034431271283,0.26999640228098554,0.3874685065005723,-0.08615162937524362,0.19599914061989906
-0.05030671716857881,-0.07518690724794466,-0.07903365353217215,0.21276435363267066,0.3962380654127129,0.3092188557522566,0.20519093304987004,0.3123796556630169,0.12188533887444573,0.6517764822997404,-0.5196067424629819,0.2259954705082433,0.16135017996618306,0.36614223785330313,0.30983678068015597,1.0,0.16743334058597908,0.4542520387589421,0.11659894380234666,0.07617312606376024,0.07759090436604152,0.015289600669961503,-0.278667448856652,-0.06741801007137811,-0.13003275575994588,0.11624022877484973,-0.0045731484260401085,0.11072362466469404,0.18717134967772645,0.6462403182292233,0.21067156503849202,0.25786346852221387,-0.23174547766413045,0.2258414993443983,-0.00032270423485435953,0.2784307869363125,0.4638220502827543,0.5424444146876475,-0.011247410868291022,0.07941761658014283,0.38263148853241086,0.24411454775618488,-0.5073092290037242,-0.5088382158174274,-0.4678543644224533,-0.5000546739438564,-0.49509258859883537,-0.4573455989290871,-0.5188856393616944,-0.49598319614477976,-0.5706326768531191,-0.494416525535612,-0.3473185173709205,-0.5623178780676533,-0.015505609290289525,-0.5121950279514407,-0.30811121542933084,-0.10991751308950691,0.13043057867189367,0.043696583097182266,0.18414000118302162,-0.05200141506981826,0.4339552221616648,0.4742289633832261,-0.1522169121698805,-0.19675944928250724,-0.004290073616366065,0.013683050294080745,-0.2201280498974187,-0.06295016899087254,0.5630055512861547,0.35265498338348467,0.4677578567307952,0.7687671249287856,0.44739514685765813,0.661686087665243,0.610829487041274,0.7034419005658131,0.13949574165617024,0.40060831081334825,0.3594809304231585,0.6193608417771906,0.33124892430820785,0.6673017324680162,-0.29862195661292446,-0.190194084701113,-0.0077565155055548144,0.028127252624989794,-0.13238611246693976,-0.2698435399181645,0.09290605020616202,-0.12117100849952987,0.2456241964710999,0.242665309740496,0.028273521820989307,0.19496113316983588,-0.37813279865219407,0.032386416847858396,-0.34772257693748354,-0.0690602405388987,0.27431683117595734,-0.001502442981080261,0.1717339865234267,-0.010014397419264886,0.21769132597045765,0.28141305483214923,0.2356626107080323,0.16471704247586366,0.34974208019508096,0.06391849592448387,-0.06689477883072821,0.29696695115795074,0.17651476772180405,0.13245937425686424,0.2631692651017667,0.09356758514557355
0.14617376019355846,0.4103053854702751,-0.528788943959276,-0.27362890147423374,-0.3317417961756396,-0.4111958009639489,-0.38556610834080596,-0.22670047581902641,-0.31790925612308285,-0.17047336777730263,-0.08989974999910058,0.10831874979965678,-0.20137353962155047,-0.1964851536709513,-0.057234496140857835,0.16743334058597908,1.0,0.36461753528923974,0.3510760673550052,0.42269544827728933,-0.244814242592012,-0.18914568080107724,-0.616623491182599,-0.3643589029579646,-0.35900446542992426,-0.32753516592719467,-0.3332146680924431,-0.19769659544187926,0.5932529842084577,0.3168465761242348,-0.20971093947129096,-0.18450878731695575,0.31069550723510325,0.34874396576110883,-0.3761552505861949,-0.3805928050279139,0.07543860734716556,0.06554030650023489,-0.21485077828046997,0.07997478616753972,-0.10456873357672343,-0.09691733198645008,-0.008715059605446713,0.019722191348334743,0.005451530051338196,-0.11537110718294732,-0.029928740486970452,9.37569143626174e-05,-0.16427011207581127,-0.03781054940508052,-0.2399855488210033,-0.12621486521786057,-0.06714694431681364,-0.21273953299973702,-0.2570007935216628,-0.10212315746221283,0.25426005816634534,0.36571959492488426,0.026478697420140834,0.3463610487553176,0.012694086536849954,0.1583217163979598,0.6028737034954175,0.5714985366833361,-0.4893840872207554,-0.43027379479334055,0.15013167669594532,-0.11731983050644021,0.26869257161898413,0.1426623746373646,-0.31399565506087224,-0.20046281279023886,0.421987232212959,-0.015503059364348098,0.17115465427102586,-0.0801133308087578,0.052856208612947354,-0.04245152158225511,0.4916437842088543,0.36799321287647674,0.5284823686199612,0.45189355847040186,-0.13798839275495492,-0.03227995729539851,0.1527094778518378,0.0007881576681863064,-0.016221988674010323,-0.17039233923634972,-0.27610010818319725,-0.33636512527682805,-0.22475677070851585,-0.19625768669825636,-0.15061336808508208,-0.16761000078604735,0.11638131698820321,-0.29259740328236394,-0.03581213033685718,0.17779511503570355,0.01753283615589938,-0.0717519532791806,-0.0175696467072737,-0.08814117571200906,-0.0033607658992481646,0.2323636892685444,-0.026265751510346696,0.07011863428034931,-0.11317734743507371,-0.10111960373854462,0.07506831004657376,-0.269663766161789,0.05693693098874168,0.14671018369205496,-0.15841723494811819,-0.027439736968408027,-0.07298852605196492,-0.3093497391104551
