1.0,0.49472159902787194,-0.0029785884670429515,0.059168592615817736,-0.2822251150241523,-0.5036186003239475,0.10727365054193902,0.10937973623025049,-0.03783898485232511,-0.016797568093742547,0.3817063491896666,0.4874030973136866,-0.01714426692861047,0.3557706450144699,0.2556093385413575,-0.04572349405340768,0.266478610174467,0.04732878531303724,0.34579485766746026,0.23798398666726475,-0.018096632363528212,-0.008666729445792299,-0.3589374889980947,-0.12776682014982157,-0.6342393836282851,-0.19382459017151346,-0.029748336026702633,0.04301588618066598,-0.08472866365557286,-0.07230368412629937,0.3765854585391489,0.36349405690701153,-0.14274826340588756,0.032112233158926536,-0.03515651830213334,-0.171023607730235,-0.2102358688821912,-0.005326852104927376,-0.3508334643532993,-0.129810557773411,-0.1482938024864477,0.043475561837440696,-0.43374704813047515,-0.4347833535503438,-0.19908568791042147,-0.19681701227349305,-0.22030393119823427,-0.1670633450712424,-0.07328058931634855,-0.18000545454559064,-0.4218441389163968,-0.2353720204819044,-0.3938205506468498,-0.4644234455709398,-0.33578523061395815,-0.3231147603940875,0.33844053251075223,0.272969609106434,0.2132103442790752,0.04398052639366045,0.20484657235977596,0.2253556639152295,0.14110804983752287,0.08644954463436696,0.23617085150123399,0.3228539916256721,-0.1827097359307819,-0.2605833216135692,0.016805189355388737,-0.04331337837204287,0.416063579009695,0.2897713378117931,-0.01368896949420192,0.11048614088844691,0.13512803621611394,0.19341394681190582,0.1436472936926696,0.13364281118538224,0.045596041994605756,0.06251521748911194,-0.04005833722900727,-0.10750910463532524,0.04230204770478388,0.012649045913590088,0.2029340960134706,0.12660544430283668,0.009645681510506498,0.4517244990480672,0.09914405456882348,0.22417842835455834,-0.16334732702790622,-0.0402547546715686,-0.1559101309004051,-0.014839445612553166,-0.45278259450479325,-0.27699208998467373,-0.18256115089778038,-0.33844521865718186,-0.183046933754899,0.12069288519917873,-0.029068617965169997,-0.03871863559976213,0.14941567298700104,-0.021793363451291414,-0.08620835217115029,-0.30163406037762036,-0.06847180400235461,0.09071062190900149,-0.004575168010287642,-0.1005533863831421,-0.17774513709309842,-0.3793927713464236,-0.30108757051293805,-0.26236957918091336,-0.3210288663518132,-0.17264257083493975
0.49472159902787194,1.0,-0.38473884491759464,-0.287297667185551,-0.181779719074106,-0.21040655149952234,-0.34285567380776,-0.01223976242956514,-0.2153211776383502,0.006930179506759005,0.17961135587898958,0.27003111480237685,0.026290945809081503,0.37691069472032945,0.0062673236210005,-0.009489630939821726,0.27916316581747386,0.04013128353245047,-0.09800411856247537,-0.01027414363563537,0.06739422084141763,-0.16745621662990226,-0.50015287207361,-0.5362873496805367,-0.46229751349144566,-0.30819362851659304,0.16525809052495397,-0.14817120291001631,0.02776688814923165,0.2697303383774465,0.277978430287736,0.02557358261037481,0.20429082486751848,0.09729998391559537,-0.16650606510685864,0.021705783917431234,-0.09764745841925394,-0.033061261214234944,-0.2572671301321315,-0.15285731164414973,-0.1540267352844626,-0.1271461760611449,-0.39806984177735344,-0.3532898789661329,0.001885162573894863,0.006891139199440048,-0.3594203358487771,-0.3065575307016052,-0.06720426486376326,0.03167798451665502,-0.1080204373432034,-0.13980748205643084,-0.2965211113621618,-0.26724657351761544,-0.2712866701297013,-0.36118666901726804,0.36766679302941746,0.6041428648117705,0.4733715203860211,0.30983279201187497,0.5176940843522766,0.5973229041324211,0.2686127657886164,0.28515065280132323,0.14213308854913395,0.2597527275202593,0.019693602179778457,-0.33791082533061095,0.0391963762612256,-0.13397577374267172,0.3628642273183446,0.040643114558473525,0.05017840253213099,0.09250279226524008,0.03197553378649578,0.19713392910020308,0.21869728669821745,-0.05193639831246007,-0.03606014136069396,0.06466995812333358,0.16788270125294572,0.03556349808757865,-0.22727529152502854,0.1288534991225356,0.3289121816106324,-0.02851543912187483,-0.1255726877938426,0.3209864547801286,0.0949265272217868,0.20175975813353594,-0.3195517701954533,-0.2389258763412163,-0.3451860533485735,-0.19652713100736566,-0.16095190072635554,0.0768629977178532,-0.06445143928513478,-0.09619614320344338,0.20638913493741531,0.15282666315636148,-0.11010800988025962,0.06356374036751072,0.12231446935676817,0.028567311998178208,0.23891502735176867,-0.20191201498243735,-0.08828840025684488,0.020073556056944598,-0.004387368039968995,0.18108966714814118,-0.13367922454202358,-0.02760292368218947,-0.09083967959943338,-0.1654958171014449,-0.26107265936078067,0.006133252696409899
-0.0029785884670429515,-0.38473884491759464,1.0,0.44498435924315355,0.4638963214012415,0.2960504870119408,0.5865934812883484,0.3953393933692807,0.7395169854946997,0.3312258024805639,0.08947410257298084,-0.0894280041052644,0.0933677169317718,-0.12842411419292676,0.28730079828968147,-0.13955514148283985,-0.28721796837123764,-0.406043955728481,0.3323331709129119,-0.06744511776548673,-0.039447380363859384,-0.012234384715117876,0.6204278020236342,0.47708134020298687,0.3403214846532029,0.5544817940358907,0.16870374164222834,0.3537808161423678,-0.42674905871300245,-0.365704957466436,0.097841912188782,0.17897597340376323,-0.27473882431105096,-0.003998592741751224,0.1794387862409577,0.28015943171946595,-0.08436494932197541,-0.07918558390126286,0.14334017082355233,0.3389196103773283,0.28108345083165104,-0.13310508645574445,0.03024432648519803,0.10474952042910368,-0.18086822473043904,0.05311048555237562,0.0539058144110621,0.1386786836418775,-0.16149448261661237,-0.33587216008616927,0.013267180527930062,-0.3515297283757485,-0.09181814551197101,-0.278517510231905,-0.013729440016853396,0.0999245432382215,-0.3892388429769429,-0.4927862275338916,-0.19666627032657408,-0.4860222921165886,-0.21036023070736057,-0.5130238621916595,-0.4181994188393195,-0.49189550175445196,0.2138652322240382,0.10882742866302021,-0.28168279878312313,0.2605629113522324,0.013942236998661978,0.05162032882463997,-0.17974665019796338,-0.13423813082548552,-0.2947589491764073,-0.08327465559592466,-0.1797132721408102,0.06550644334226949,-0.23100904050914126,0.004119265075540031,-0.25962817718957953,-0.2692079528088522,-0.617466088336518,-0.40250830130330434,0.23723896419074122,-0.3148540783279812,-0.12965147998400312,-0.11729404217469692,0.4198645609295713,-0.1922467741437837,0.173836054014895,-0.07586689014268855,0.1554872551696004,0.16535365243369807,0.3170476332692628,0.3142863946405497,0.29665816284462004,-0.19354237868817586,-0.040868674766462866,-0.19608767655477236,-0.36151990866429967,-0.36266942103794675,-0.01473586509850406,-0.006238814635983565,-0.0017334763687652196,-0.09129005642954567,-0.2352476345177413,0.024675089501015206,-0.21334066201671636,-0.007494051792643248,-0.0013687374865331103,-0.04766366756056683,0.17208433972189954,0.007840200240464293,-0.05998777014847502,-0.12406885581050442,0.17844009122582175,-0.1144905491368995
0.059168592615817736,-0.287297667185551,0.44498435924315355,1.0,0.11644490786313184,0.10568203315371694,0.2868922893082718,0.4234553437363986,0.3711965668787823,0.3045477907325536,0.00810064862949931,0.17234266775155282,-0.1948390946719106,0.11140835508905103,0.37484948212196995,-0.05498982937556106,-0.34795203589398305,-0.2834939418938165,0.3763413345578714,0.23710895556571623,-0.0823598985004404,0.1888158431570819,0.6034793559394244,0.7297603742012684,0.23813753198447946,0.543641187420759,-0.032206275010956194,0.5795608476039031,-0.21215469657145816,-0.33754644930227296,0.2460830565974865,0.5608912068187178,-0.4207080900232256,-0.03693365962825704,-0.0428526163751817,0.052174769388500936,-0.022107475701897927,0.11155735737146964,-0.09042673406942384,0.22037947210044365,0.06876058451121705,-0.09757049204680082,-0.2591809658779738,-0.2790169283087719,-0.5291642472003251,-0.20772298982984938,-0.08414978678830864,-0.083689324907784,-0.46661230668700127,-0.555493840971809,-0.3643552044533723,-0.31801882936090375,-0.2897453490460603,-0.15492715689286765,-0.2838207467550202,-0.20713948959145995,-0.3930127818765676,-0.49627480469746504,-0.4411500460664432,-0.522593123978692,-0.4480055992007734,-0.28364444100785563,-0.3985473859474617,-0.374326483029997,0.4159780340549978,0.286378480932713,-0.4821962125961215,-0.03956222627052965,0.07954764287685513,0.10078457168927456,0.11371118010542804,0.06546563043542249,-0.2688664352834679,0.05671115944493138,0.032879589685574404,0.07860328336549477,0.03986888156357183,0.2600396843915027,0.03366613336444862,0.008151119686215264,-0.2354448484769,-0.27527942756007096,0.29777715770146335,0.1455118186163954,0.044591699460662874,0.10558564425317557,0.1442652735606106,0.1838831929658723,0.13585259046840392,0.30029270259240326,0.34380141896594096,0.1950633903321155,0.550784667271133,0.14799071589949564,0.08377853987791664,-0.012250385576265656,-0.24666591566979526,0.019080269579360407,-0.4138678222454444,-0.09542584623311778,0.09459552773913979,-0.07707672693281982,-0.09470658079902108,-0.1483063916961539,-0.2439035698319506,-0.03768390551451531,-0.3427937785956016,-0.16928908801991518,0.29278091547078056,-0.32185590622551224,0.17533905037793604,-0.20214738327564924,-0.2970185223349671,-0.1873778944822552,0.11359898225377058,-0.10217526215282784
-0.2822251150241523,-0.181779719074106,0.4638963214012415,0.11644490786313184,1.0,0.4454342225723709,0.3195419970315885,0.043712214090841806,0.6019227223033626,0.12986765992058663,0.022146181283151916,-0.18380390284900128,0.062234740197380164,-0.10539712617342048,0.3593734308168337,-0.029979630600329914,-0.5163778098417274,-0.4399969322583041,0.10268944672864273,-0.04976160268384134,0.1901529287352728,0.09071060195586693,0.28756910492349896,0.18034999038938954,0.3798739503674506,0.2816328077667172,0.21715577124365015,0.14186287494064587,-0.3925575533755903,-0.33673520714968846,-0.09606502686524787,-0.12487906594162775,-0.24668028444739204,-0.21595435518449593,0.018230132048762313,0.2363128933514345,-0.06546514385893784,0.22171608564518674,0.15349984762023602,0.2158684768266454,0.21093536678994398,0.058441522622272264,0.25624818865195376,0.2934314565464738,0.06220395166469928,0.2613354401328753,0.18159011276580148,0.18777905261062613,0.021588753140397387,-0.22868162465522313,0.07832036848484439,-0.08273264658762719,0.16184752368439678,0.021388628487252783,0.013517122136428061,-0.0524806977244306,-0.207789527462088,-0.43307262690084686,-0.02123817883195251,-0.09737426141677702,-0.14556648385112383,-0.388834042467096,-0.4427096837870313,-0.533535566924686,0.0029858216058226937,-0.002701950276438737,-0.10688468069889832,0.46606230066196763,0.20011589498129673,0.3732431292476895,-0.032392964670821256,0.013596739697099536,-0.2966803623059812,-0.14815699283228545,-0.39181070178859234,-0.01865820582324708,-0.3856909721725941,-0.19986819075040482,-0.47678940582583856,-0.4440712747368194,-0.5061569152148202,-0.4690335575217759,0.2867802608178926,-0.05430761334157433,-0.22580810863566853,-0.22499887878258087,0.25250552936761683,-0.20621740459219612,0.05548296397382712,-0.2985369106805439,0.3493905970606683,0.41381725913774225,0.37102176538813686,0.5779640729456914,0.2857725166777647,0.0021161007471067316,0.01745185498569501,-0.02213651759620273,-0.21485097461028121,-0.2744064771695001,0.15948182767758337,0.27244466299189907,0.2340869795179301,0.0645858461860575,0.13352006337723543,-0.08129179255175385,-0.040078607173332684,-0.09255177111441813,-0.006679440222230894,0.12811709481039035,0.28283777312362923,0.232552148978692,0.13097409629357498,-0.01901121801704127,0.10087873438433016,-0.11041314459549541
-0.5036186003239475,-0.21040655149952234,0.2960504870119408,0.10568203315371694,0.4454342225723709,1.0,-0.033055544078341444,0.25381761862610763,0.2186787785574587,0.3851792583713957,-0.1978308339436286,-0.3432003944306987,0.18086857196097963,-0.04508922404178714,-0.11897431575921846,0.043159034723272906,-0.3080322346669882,-0.332780442098063,-0.2698152902170974,-0.3373373891123665,0.15497957689551115,0.01385509222120457,0.3752373059166687,0.18870588926631998,0.6671500077509007,0.36771793072307607,0.3882652280686596,-0.00020478937506741265,-0.2805347961350708,-0.1273037398015399,-0.3122237875718302,-0.34635486758280204,-0.07304796720634071,-0.16273364082247999,0.09060966898255335,0.26198471483034147,0.11229898075232989,0.1489562069533983,0.19504299862451596,0.2620573313200168,0.10338387541270935,-0.2015051948037656,0.22728593861503343,0.3386136696861008,0.08277233378661389,0.21003476286704326,0.0012309307889497149,0.14166225636706486,0.11466568201416617,0.15651336706272354,0.4350334815739952,0.222156190880652,0.21331678747635874,0.1871864387857428,0.07064176337470834,0.1478335275122034,-0.19501003814971,-0.2738712001522075,-0.10626457350263445,0.013648409868903708,-0.12248181778776555,-0.0688664241285614,-0.21275787451021633,-0.13810741781009198,-0.16942177651058307,0.031381858204971,0.1358420140430042,0.25442025577223343,-0.08392638186342362,-0.026041915124471033,-0.19836790192180598,-0.31665542434334815,-0.23737922207924048,-0.26186363795694734,-0.38119543566992065,-0.07107772669128752,-0.12342406407336784,-0.18614123620659334,-0.3692416974193648,-0.18671842916508566,-0.33320068513357215,-0.17653620558078467,-0.17476188982795368,-0.3175317113948814,-0.32555686952255886,-0.29242999091943506,0.08836328346010844,-0.43197406905740227,-0.09396690287138065,-0.12011611439669898,0.17881639981650155,0.13186236314945868,0.27878199166199574,0.13518179281583054,0.34529607940116597,0.36835888059006777,0.14152133375415188,0.11659720353630684,0.05727882151659551,-0.042057440004155684,-0.16556862245165282,0.026847193930959624,-0.20805905367962135,0.10466607836774833,0.28809526076679187,0.0659924698692674,-0.13474247643169032,0.025452859247409663,0.19657372100915968,0.11380940269383504,0.2846058060034803,0.488988262844714,0.2614940657141175,0.05143589112292915,0.19059353936393847,-0.003658060767911996
0.10727365054193902,-0.34285567380776,0.5865934812883484,0.2868922893082718,0.3195419970315885,-0.033055544078341444,1.0,0.4161244882198554,0.4274096923317182,0.09414618298422535,0.3025341404749503,0.19141609944825022,0.17438363783903568,0.03035076773306931,0.5132243621023254,0.08788857951977763,-0.13503622484941777,-0.2264600054775438,0.6486177584971349,0.23307472494154466,-0.08388093513885599,-0.12274012406968418,0.3015404931394988,0.3400999479869974,0.13847314239344719,0.23883453397749993,-0.007895755104994379,0.1297083002750368,-0.15285349288079383,-0.20231929029888346,0.025771064787202206,0.25295734556774174,-0.21426183554873096,0.10143608284147802,-0.039258196432482614,-0.06402750541280046,-0.2656506746657399,-0.16267458929446596,-0.06980238382699451,-0.006543050188470166,0.24280439739771606,0.16101881534773604,-0.10534997234001359,-0.08740455322250047,-0.22388534750791053,-0.24538650216461386,0.011108565439266345,-0.10755694651612521,-0.09873155013097298,-0.3792212850486858,-0.08831593727878506,-0.3472077356882325,0.011794347581271998,-0.17330358708587992,0.012888948430796627,-0.16996218064249716,-0.2178922804055301,-0.42793716244125063,-0.2490081335927514,-0.37407311758954054,-0.2379774899850005,-0.4559461331648947,-0.2323997260287339,-0.4685966666056512,0.14466638635445292,-0.08404515476207176,-0.09587666431065965,0.15121004389043616,0.049900583159834276,0.13399058843756956,0.07938632441507348,0.0607619994517947,-0.009198988524684872,0.12384415198645171,-0.038560068911721396,-0.02208108299951149,-0.12896430208857046,-0.002290026455086897,-0.1595916875528926,-0.23900145072113946,-0.47701782595017495,-0.1994900534523519,0.34057764197574747,-0.013899214953189805,-0.02444666699244437,-0.17984664302458536,0.4014112966166004,-0.13676834274609842,0.10656715256905297,-0.07305102973762105,0.1767797383836528,0.2798206391270034,0.18934972389886778,0.36856972616092876,-0.05957295174174098,-0.18637080425657718,-0.11612447245785502,-0.19471956241010474,-0.3548553356180286,-0.18368590691709166,0.03258589598151415,0.0031756556800474644,0.018369538224751743,-0.046985872078369885,-0.09242286165940837,-0.005223787276845025,-0.05219081393164419,-0.008867754249871495,-0.0002951592209657093,-0.0813215925391805,-0.18152618396135606,-0.24881328581318055,0.029960525413987422,-0.019935123203592635,0.0940352399659888,0.09682679604670223
0.10937973623025049,-0.01223976242956514,0.3953393933692807,0.4234553437363986,0.043712214090841806,0.25381761862610763,0.4161244882198554,1.0,0.3696649476754388,0.45812329404378116,0.12196296340577412,0.20655320670684743,-0.004395249892637953,0.28043320425114704,0.18741469328162252,0.08977396815626716,-0.18000097393978026,-0.2997846293488986,0.32435049797280324,-0.11627834590706967,-0.033232633616518535,-0.11013085803590855,0.1953015916933881,0.1752189938875258,0.020818743320822078,0.4177619650032537,-0.004030418282919319,0.12403064411734684,-0.28140555320079585,-0.2538545533059396,0.20398736322172334,0.2796040073771944,-0.28702125551594754,0.057402195466190825,-0.11306715908023264,0.11178252808717741,-0.06947570316299063,-0.20576764584806367,-0.10500102735241713,0.0734001680845586,0.08864426904981927,-0.41388193348078295,-0.2854765346875208,-0.1715546710537922,-0.3289432869958245,-0.00396222656335354,-0.2666524268933186,-0.14719512694398618,-0.20540227180341505,-0.29552727217355573,0.005335702226329542,-0.2777844644137344,-0.30478545311224653,-0.2777081330199463,-0.2536784483817251,-0.2958599484745077,-0.2564351281052632,-0.1825780418900284,-0.1142726117348326,-0.2996859996845002,-0.02096757667659943,-0.01265718454850612,-0.2666358559136509,-0.41919527652724853,0.30064406398492216,0.5444295989150479,-0.2954424595609038,0.027228535932851277,-0.1970486025506329,-0.1594944868451992,0.05274884943013576,-0.2039858373419988,-0.2670109136668648,-0.07565162780314906,-0.11695852093405694,-0.13570989069996023,-0.030384068015254725,-0.10070608199746608,-0.1926057041872638,-0.05043172951600974,-0.29334220506729053,-0.28370211334293044,0.03517091776022607,-0.1145892440948881,0.13173680453692937,-0.18397632096095773,0.14430334121453145,-0.06032103638317803,0.26347828154565783,0.204666499927943,0.1459897243539017,0.1451752197157275,0.3714366243559374,0.15940751752069993,-0.0361240718649468,0.000821043982949595,-0.05925201785449273,-0.18144668499442285,-0.21459698887432122,-0.07154882701924986,-0.04527644395343721,0.05791284017512013,-0.01810375383710644,-0.11467720714611364,-0.012730485071000896,0.04905022200604115,-0.27736409815839347,0.05705482372933519,0.3701794260943069,-0.12489727075304721,-0.03142686569590702,-0.11658105366866872,-0.020305758390083143,0.07365599240931048,0.1955534352820134,0.09713662786319656
-0.03783898485232511,-0.2153211776383502,0.7395169854946997,0.3711965668787823,0.6019227223033626,0.2186787785574587,0.4274096923317182,0.3696649476754388,1.0,0.4729738195421015,0.1924199533114645,0.04531777127855369,0.16782826865577222,0.16898274209116237,0.47654788452804886,0.09161999586182709,-0.3251440412247776,-0.3122635134084897,0.27435396594425515,-0.045938487628704935,-0.14613152462787843,-0.032874700374967765,0.4226730876421214,0.25047839792309473,0.24709643946220985,0.4776364610505707,-0.03432556566149598,0.3783659914099205,-0.3308431038145999,-0.34157505332800464,0.11894517744612426,0.20089278639045724,-0.41659078700924557,0.0515256634476734,0.07451085335135449,0.37429053099655746,-0.017341373811232873,0.07774040173347192,0.06948461229249045,0.23018718720174347,0.3216410110183531,-0.18453761553466566,-0.04022461003430241,-0.04179033777574744,-0.3059231157284123,0.015593287574366697,0.019882760776535894,-0.07424119406169565,-0.12083219445121947,-0.3570307243131516,-0.11891145310295437,-0.3239646510717054,-0.1658022419769878,-0.2692195494195574,0.007900379277097965,-0.11289951377775773,-0.3498805455319474,-0.4528611860394465,-0.04834974693089892,-0.4073645468259423,-0.0351066294258106,-0.2929633355436304,-0.5263322145563241,-0.5811791774947086,0.2695936592329435,0.3191587099200273,-0.4648973648689321,0.21572302335909593,-0.025375476136078018,0.1573323902934665,-0.13365343624697415,-0.1433799378268495,-0.30955531871645836,-0.09081358949842036,-0.2691966893862271,-0.07795998109278696,-0.312417187794986,-0.13624746409820565,-0.2359387276153172,-0.38971604284461275,-0.5347293140089201,-0.43413581509412735,0.36873510673930704,-0.14140178374406892,-0.026135430784753895,-0.2148963209797089,0.2680386928830339,-0.16567449207757431,0.2883668839873025,0.034844802780407934,0.30257225098475704,0.2409452906987312,0.39136079750970876,0.381940870071978,0.2811436864129012,-0.21723381604830294,-0.19421938795754945,-0.24748745681821485,-0.45408464325207826,-0.43003082998420605,0.07342987826950265,0.16248201273805987,0.13604551709906695,-0.05536942855677804,-0.12593816479960965,-0.031610342898897074,-0.1924589092790594,-0.11187388000713744,0.04744850341385112,-0.08822547221673915,0.08854361152332263,-0.10912221594224844,-0.08881375871016718,-0.15006703096931112,0.04034397626610141,-0.29827487935027946
-0.016797568093742547,0.006930179506759005,0.3312258024805639,0.3045477907325536,0.12986765992058663,0.3851792583713957,0.09414618298422535,0.45812329404378116,0.4729738195421015,1.0,0.1263473371269204,0.1761574706969756,0.22886273401281906,0.4609386062824394,0.13892554003188715,0.4139439554658869,0.0005095054250909046,-0.15907059273535176,-0.1661188013950588,-0.20146448026727462,-0.18994263094987926,-0.10604190178898698,0.3231274373124086,0.20827935551743607,0.30595526379480426,0.35033088568395193,0.02248280269491801,0.2542491095962316,-0.22983735169894037,-0.14569641499984284,-0.055690213380324066,0.14236248162940954,-0.4039139719597809,-0.00880765629447119,-0.020471220634506095,0.3777253164381569,0.28346909709285395,0.11895094896628468,-0.040469816771871794,0.14931712975593783,0.25576999310703313,-0.4203772114582154,-0.1455001787993629,-0.10445945023108136,-0.17670631684537555,-0.08041438021937919,-0.12308438063517946,-0.19529380639141825,-0.05956090885741766,-0.12455642921553102,0.013224547849683424,-0.030892252635701924,-0.14479176800053115,-0.043041801345379896,-0.11590053924423864,-0.12361475557068212,-0.05368144483462425,-0.20028800980383085,-0.05531857990280349,-0.11832628988027782,0.06873597910705267,0.17475153357377954,-0.27890831111164005,-0.22511804773194222,0.20525161603822,0.4647747498546326,-0.2755763107305801,-0.12106381374836943,-0.2937961931112915,-0.10037680912078925,-0.13614844747216068,-0.11911770356880715,-0.3789354848435671,-0.09435823420804357,-0.1819996501270212,-0.18265787711819437,-0.14979691470089487,-0.16616784435418805,-0.13883616168561105,-0.12728708864297897,-0.29619082698015675,-0.2171761721675822,-0.12765409240556336,-0.24417232700175773,0.011187906423097194,-0.28329248753996705,-0.11353512715859893,-0.28407860577742683,0.07759944791822132,0.3541404601181643,0.0929326766333765,-0.15320116581260337,0.24577240239486667,-0.04351532960526243,0.21194442599053104,0.06388510186897631,-0.15572313259118017,-0.07599402768610665,-0.2986516671165683,-0.1560085766445864,-0.2858689158665186,0.08495883170378103,-0.30693186843922876,-0.08479474759821166,0.18365951726896382,-0.08726311348979506,-0.2614573594326846,-0.1328325500891303,0.1996749648915035,-0.0803890983752898,0.1586222588238247,-0.13968791751469772,-0.02762843298234602,-0.23859960429320387,0.019306187841796805,-0.37263743525314036
0.3817063491896666,0.17961135587898958,0.08947410257298084,0.00810064862949931,0.022146181283151916,-0.1978308339436286,0.3025341404749503,0.12196296340577412,0.1924199533114645,0.1263473371269204,1.0,0.6040149261713311,0.6225926942945385,0.467292994058725,0.643216432714602,0.24329748774495455,0.523557871069079,0.2956634384878042,0.3108264072412315,0.14079410274232115,0.14843199244553756,-0.011806979246144005,-0.020630231379566072,-0.09045087174421446,-0.19269281221712503,-0.05649822071459248,0.0027071824541196883,0.11577514839802588,-0.027711809242308198,0.0030474409252037415,0.0810518633720193,0.15073191528839006,-0.07478280076763863,0.06548497958004992,0.07076997182513728,0.06674135270647831,-0.16308249552272863,-0.1319540200256646,-0.36643307094199373,-0.08858515024019764,0.1986591085747301,-0.006761003658432597,-0.36108284549741815,-0.32883325574251165,-0.12831528114353857,-0.2220385376942087,-0.2970419054454746,-0.3653170858134701,-0.18747400339655074,-0.2644835834909829,-0.13154297742907206,-0.24910110974357452,-0.16792929987010824,-0.3066986584791734,-0.34309692237067185,-0.25519213179845784,0.433133570272701,0.13437996264766033,-0.056427974579179446,-0.22042810673429858,0.00536371494781077,-0.06557726204985959,0.026068866735341333,0.05943774751333842,0.18544351602597242,0.17645599192543432,-0.1713749844261157,-0.16596140726712724,-0.05134670379060116,-0.01427314688630951,0.18858149170027919,-0.045355710609092666,0.16472099782899016,0.17664777095741752,0.07644389781583591,0.06785308800699759,-0.000927675335060887,-0.08402224067309665,0.06059357162877814,0.08117427319923996,-0.2030865787648236,0.053090538743197614,0.299280456568943,-0.0029003911641645517,0.12725400784782906,0.01775188843923723,0.12868208679725965,0.034101479067829094,-0.18239965040989803,0.14930466092189582,-0.08036905159837673,0.0748460404442209,0.033128839237175994,0.08134995632058754,-0.14067605687498405,-0.14261145431129538,-0.3295155661967125,-0.32022985786766645,-0.26088529986855963,-0.2064783629051696,-0.02021015447334431,-0.04391373720078155,-0.05555520190268137,0.12361741638217487,-0.0379002785080903,-0.01855320883093527,-0.037959755574677165,0.11832649957428971,-0.12436167057429554,0.010016784105865251,-0.11890801502354065,-0.31670879054593576,-0.13032718772436971,0.004046367007298023,0.03880064123706492,-0.021437549495330555
0.4874030973136866,0.27003111480237685,-0.0894280041052644,0.17234266775155282,-0.18380390284900128,-0.3432003944306987,0.19141609944825022,0.20655320670684743,0.04531777127855369,0.1761574706969756,0.6040149261713311,1.0,0.26208945345926343,0.6684535429640511,0.41266777523524245,0.19932751190429754,0.37226499508008903,0.21284200561187996,0.29954526057689457,0.2260968526683867,0.05546023462032596,-0.05087454422791562,-0.14119170641486226,-0.049178387995202695,-0.4569114721849682,-0.05714745395808275,-0.07361588126704884,0.2444137896303485,0.007755284136861375,-0.07593535664279208,0.14544097661501437,0.40633792337191904,-0.18819847580891597,0.19967863877543743,-0.05358581536398813,0.03380688353906856,-0.09947823061443851,-0.10854224675566933,-0.31165766692697283,-0.16833444672744113,-0.037871567962277315,-0.021169854215104922,-0.5570541466859131,-0.4275894743015472,-0.38715614792507114,-0.31786758423948797,-0.3483435627104544,-0.45202781362939176,-0.19880328050032706,-0.4171172196876183,-0.27142885292285074,-0.1576514128380549,-0.21152698723686586,-0.297636646623139,-0.26283675330125006,-0.32459262462063926,0.1806111188354079,0.05634923365732042,0.057345813279064455,-0.2545399911128681,0.133485688788419,0.11305672126218719,-0.02923608750458258,0.015803773521444475,0.4163030655765228,0.4732341003748879,-0.2909514825361768,-0.29101088359669797,0.0736237194252238,-0.05880953467578764,0.30208695799577917,0.03658553274468268,-0.021228257397625152,0.12504619777876755,0.06289709675094828,0.029799606213580295,0.2333278315976637,0.13378525156200308,0.05864177402447854,0.1168740589668549,-0.14277245045423667,-0.09898395529455647,0.0664962235121387,0.0946088358375101,0.24164732793139482,0.1100775815336227,-0.15971742368095862,0.09127015156930368,0.026170213660597526,0.35203968670292735,-0.10776167290727592,0.002831072071595269,0.12324939093115331,0.006801446622478518,-0.19613460967724164,-0.29091148246648957,-0.34427219977477586,-0.17247321350225528,-0.31141559162654103,0.03053646036200528,-0.05097143380909043,-0.16222156240550029,0.06842337482435318,0.23448600462408786,-0.052263020284627384,-0.0322163625213599,-0.2671727093497497,-0.01551297348851328,0.02227834670209663,-0.2713572222951631,-0.15487911930448725,-0.4658327686146273,-0.11258575804903379,0.012823616398087623,-0.0012691591651085342,0.030695992716521275
-0.01714426692861047,0.026290945809081503,0.0933677169317718,-0.1948390946719106,0.062234740197380164,0.18086857196097963,0.17438363783903568,-0.004395249892637953,0.16782826865577222,0.22886273401281906,0.6225926942945385,0.26208945345926343,1.0,0.4526280207439172,0.40845988222060503,0.408287760959273,0.5075950845110027,0.2673099761867952,-0.09012269640494373,-0.18440240531493837,0.15242120181898738,-0.04727808076486108,0.13749426151980962,-0.12777197539171398,0.11890582927584231,0.08864929989889979,0.2215029199238695,0.061501061205861685,0.09494700851798688,0.16268435454838512,-0.09428385692822253,-0.12937199608524844,0.05330921780408866,0.10024519730979708,0.05185639097203635,0.24290523390844007,-0.1278518925876585,-0.004409326188289698,-0.1930932259269697,-0.15521726108862804,0.26401029344518423,-0.08791719711421918,-0.020076869868191547,0.07378513894832582,0.1407597780848726,0.04128564015254972,-0.16712167245089912,-0.25734492757720046,-0.03878708536919672,0.021331949547789306,0.18184125346689475,-0.029488997369657245,0.05668193793528415,0.028844456280643485,0.012371450518497012,-0.03917254085456332,0.3984101149168941,0.011236400360936412,0.06068477052576796,-0.09752150320552085,0.21652491501682566,0.08681270798886905,0.16577259300923686,0.139355744780092,-0.10106260051234048,0.019001426969742934,0.10912492797748763,-0.11524171046024194,-0.09086933829292293,-0.10232712247153287,-0.006800443476536383,-0.2878778055115165,0.13331849812031243,0.07092634301749372,0.01835761612923873,-0.003861682472531795,0.014204350863110303,-0.3354071164733208,0.01172491670708393,-0.09397381128634504,-0.1762027748658993,0.07590026250877296,0.15246256748405332,-0.09677975810281292,0.13799072496294418,0.0023338339379264626,0.14142598499478337,-0.21133438141514882,-0.27065582032985297,0.007449109667163797,-0.22923733440116134,-0.261150342026416,-0.21114152466764577,-0.1821960472289364,0.012707183840452132,-0.01785150778533591,-0.2142779720819356,-0.3481256800912173,-0.19081634721249174,-0.31289829913387124,-0.2766751583458539,-0.11334449377456958,-0.25031718982117457,0.06498955680256313,0.13895393265070283,8.688761281992536e-05,-0.03595584093246109,-0.05345072572218395,-0.2964803342459048,0.14198548341184916,-0.21802353665223453,-0.1346039645939657,0.018771465880438893,0.09256367488589884,-0.009389978774488309,-0.12970924573910914
0.3557706450144699,0.37691069472032945,-0.12842411419292676,0.11140835508905103,-0.10539712617342048,-0.04508922404178714,0.03035076773306931,0.28043320425114704,0.16898274209116237,0.4609386062824394,0.467292994058725,0.6684535429640511,0.4526280207439172,1.0,0.3943122255263009,0.368851746321835,0.32281067497347,0.20803758081228327,-0.06343421999859053,-0.0671554500014676,-0.002541769810646869,-0.02097778576833383,-0.10171843187661236,-0.12486785040362536,-0.26627646806099,0.10457672270953494,0.04815269052352322,0.2858338372635057,0.04824617269193923,0.0035966232242768638,0.2948266104600033,0.34710731867318495,-0.27985440669550554,0.16151715961102253,0.08772783862419051,0.28429912193238266,0.006158099360518685,0.015163267505183563,-0.3602822469994444,-0.07632276450365094,-0.005836697179229605,-0.2714753193354313,-0.5346898726750879,-0.43142036553068924,-0.24724029512476928,-0.07200405914323853,-0.46025865941625865,-0.5337331387360851,-0.20751161528967121,-0.2518418209208135,-0.20363004089736325,-0.20553549177520564,-0.3032196455257293,-0.1881801568738291,-0.24289862601739878,-0.3623981770251588,0.20506257243903359,0.03261381508029206,0.1152841473384411,-0.0170213323724372,0.30487658331332335,0.41127046258950617,-0.04329012490263405,-0.04109737451612179,0.3115361491883896,0.5944622504673585,-0.10296258659762578,-0.1940471081715412,-0.08688235327916798,-0.03898330485650899,0.32893097454374565,-0.0011750681375070637,0.03107301682856959,-0.0007953087065202945,-0.005018632587349414,-0.041724876103681634,0.14733951656445698,-0.043257515832165284,0.08120776997165861,-0.007003611582647304,-0.09801590133114106,-0.18318755454930666,0.035277986755419266,0.03797030795702902,0.35405269196782935,-0.02070849642839975,-0.0922864257158428,0.09803003376382319,0.0093763486001589,0.44191121639037645,-0.12904181113712127,-0.20844886594186487,0.0722196584036567,-0.19427971934524307,-0.15668085938357193,0.03227293180459846,-0.28120134643618777,-0.17001473809867082,-0.3087582730716136,-0.11139204467545889,-0.1213149715146785,-0.02362705602857706,0.01053295862832386,0.20573834555889617,0.20123008700421366,-0.17196226875588586,-0.20053377278415005,-0.1862548183446052,0.15117302229423227,-0.12075645962195863,-0.07795390046937144,-0.3845640695412147,-0.1745622204860906,0.04157618574769438,0.01175420356547929,-0.1685545327469275
0.2556093385413575,0.0062673236210005,0.28730079828968147,0.37484948212196995,0.3593734308168337,-0.11897431575921846,0.5132243621023254,0.18741469328162252,0.47654788452804886,0.13892554003188715,0.643216432714602,0.41266777523524245,0.40845988222060503,0.3943122255263009,1.0,0.16508878051213138,-0.02692540077683505,-0.13388459986198326,0.4991932094910897,0.19721641649511767,0.07049819283390604,0.20415363690588964,0.21768474229166535,0.2827236469506166,-0.08191687993839558,0.2075119618889609,0.013339469261379883,0.4755590644981017,-0.19521078209205728,-0.28505998816940764,0.2087625225187042,0.32956671012768607,-0.3769885824369578,-0.1313693342646001,0.04743732303091914,0.1224085889562828,-0.2908372830742172,0.11396497318311426,-0.19873448818648765,0.018348986515124725,0.20214550348801566,0.06885945427400823,-0.271624372973218,-0.33742999885552216,-0.24215990293738773,-0.10455197714571642,-0.13862913702857002,-0.22737938654341225,-0.3424231661601044,-0.5119633305010705,-0.255465083068278,-0.43379812771061077,-0.24903454042978493,-0.24980455855812944,-0.19724835702329394,-0.28872757178698893,0.06867794261676771,-0.2965524162005476,-0.0700072956207114,-0.32037727770759755,-0.13046914992501382,-0.27400223367161697,-0.30340645756821283,-0.3625457172139615,0.37264695562587663,0.22723068266349358,-0.38450682896314353,0.11127852890361754,-0.04645984171554597,0.36665404750149405,0.2976312830049059,0.07792349526185612,-0.16970077981425244,0.060504240654814155,-0.08453666043650637,0.07754549132016808,-0.20565113298658785,-0.1517718234292193,-0.0318469792818309,-0.1164502416544742,-0.3825449700082359,-0.3396065776169772,0.5443226445401032,0.21170900739321544,0.22025790390708422,0.09537088621744676,0.34894615365249093,0.16022254706514436,0.08543214211392408,0.288747739010984,0.2561974659886733,0.28993923636121777,0.35215158690243065,0.30709210843290996,-0.12434446419572188,-0.12963899898206532,-0.3150325784902662,-0.23953519957955036,-0.40957273367229663,-0.26065741360750405,0.21418001499555211,0.11229608819308998,0.14205017530962863,-0.038826416096427396,-0.060978086198496075,-0.2657696596563099,-0.018979349962607615,-0.09026201960155118,0.01740880360105973,-0.024230278728433034,0.04226401915989529,-0.33730582930142067,-0.337413012726739,-0.07358972403619973,0.021230784029355694,-0.22377991052232368
-0.04572349405340768,-0.009489630939821726,-0.13955514148283985,-0.05498982937556106,-0.029979630600329914,0.043159034723272906,0.08788857951977763,0.08977396815626716,0.09161999586182709,0.4139439554658869,0.24329748774495455,0.19932751190429754,0.408287760959273,0.368851746321835,0.16508878051213138,1.0,0.30748827638487136,0.14153718358815745,-0.18237881366819886,-0.027194694944298624,-0.07304549113565234,-0.006945419563237403,-0.024621037859865393,-0.12353332160758816,-0.028357349823193437,-0.08950290022757965,-0.09552987684568587,0.054475333666382963,0.3432996967518839,0.1462299719637474,-0.1558203112442438,-0.002273142695771356,0.007222226301422852,0.05815980678051562,-0.304728715059075,0.04636623099055523,0.15530978874999044,0.20986973973607376,-0.08982578741742393,-0.19297077351432848,0.22543857603779652,-0.1475528324095722,-0.06690979788251492,-0.12894670919669765,0.06769511967135355,-0.18902606008683873,-0.00129264466137603,-0.4245899580580354,0.1750394596876714,-0.026578882418836706,-0.08838027309690397,0.1202482950706075,0.015814741826230293,0.09558268829255333,-0.06712377287560468,-0.14577614359125007,0.23606888407148316,-0.002797903344011305,-0.025746350424101897,-0.002772989507353806,0.25555473295242204,0.1390381121252159,0.03593759071872909,-0.01386905130709405,-0.07783421192202307,0.08780252002858943,-0.02473639684919964,-0.2772526525513712,-0.14859070336840016,-0.10575802340484225,-0.09201464393429884,0.04874850875887934,0.13462552585176105,0.08975457360508264,0.021051361173761936,-0.42145579275300316,-0.04901151718766604,-0.19410969145330134,0.045746793409418965,-0.09495295652997092,0.023433884578961367,-0.03262041830071286,-0.07429250680737615,0.07095885317572743,0.08350807906405962,-0.05557727597502318,-0.056770303674522016,-0.1595297646590157,-0.08831373181955987,0.19485355381040656,-0.1043178998223614,-0.29153077194818583,-0.13737127737488514,-0.19093341276964645,-0.15669757816314717,-0.1100647585933122,-0.28530735717719874,-0.10155844554418081,-0.13036165214239323,-0.20296635717974648,-0.12963332210416734,0.09297152716131073,-0.3376436953876419,0.023543765565008267,0.26962034509728183,0.004721705925197708,0.028623223546681578,-0.012086550182740137,-0.24524436452330842,-0.04609544247987979,-0.215650635651386,-0.1999115561725252,-0.07280692254862779,-0.09347525897977216,-0.20453259423226167,-0.11210085537095567
0.266478610174467,0.27916316581747386,-0.28721796837123764,-0.34795203589398305,-0.5163778098417274,-0.3080322346669882,-0.13503622484941777,-0.18000097393978026,-0.3251440412247776,0.0005095054250909046,0.523557871069079,0.37226499508008903,0.5075950845110027,0.32281067497347,-0.02692540077683505,0.30748827638487136,1.0,0.6019261551203963,-0.18684801584074304,-0.07051945656802643,0.048157378793889136,-0.1832917596476593,-0.16926625416284535,-0.36794446398813474,-0.2424902443985504,-0.2817977804938034,-0.05440267643911872,-0.1398850749606588,0.3845166450887635,0.41209590404907764,0.028398144282633195,-0.05756183189782657,0.3359656533384516,0.2891402094554183,0.11032596289699237,-0.006349877209698897,-0.0007122156421226701,-0.15198671511626094,-0.2876204396091301,-0.22579399781391124,0.17950625299039893,-0.12136108473403318,-0.3268800189721494,-0.21445365735579305,0.01380752670012175,-0.23302478688025205,-0.3323140059029407,-0.32079707376390115,-0.013292050803298053,0.12268678678921302,0.024737404717660165,-0.0013297171605558132,0.07105581585417642,-0.08719471448000295,-0.10124692000045984,-0.024753244973804992,0.6909905976398216,0.4565196091746011,0.14505981906071694,-0.11809054812379517,0.3223557086939843,0.36490790053492483,0.5031198851214874,0.4826480478285007,-0.021591914007228114,-0.020292286022351898,0.10286926402172096,-0.5026419137275734,-0.0661510708678817,-0.45653118313755936,0.08291173788813552,-0.09472141769354328,0.47316799679566096,0.3045697472130982,0.38992816550789006,0.05122047395794855,0.41618087336414955,0.061230284810744974,0.33681759496090347,0.3498987769564545,0.18844953200604583,0.41025541911157815,-0.22250771472923825,-0.04359961099516959,0.18135428751093013,0.14638776242628118,-0.09718159277809055,-0.05229233467815352,-0.23951985545077004,0.06807704919400298,-0.5399526710972223,-0.4460458391089023,-0.4701198312218429,-0.4793224753368752,-0.13918879758342126,-0.0514613784978044,-0.22745326708240712,-0.1599200454846793,0.10104065859210333,-0.06449325378195855,-0.3354255120042423,-0.20832604658964493,-0.26734663292129973,0.1394367036147948,0.030549465487024193,0.14838254609908966,0.043178341978736,-0.0015426173623118902,-0.3198473181357757,0.10921335928480622,-0.2960171138994352,-0.18512989611152386,-0.08497444092943829,0.007721093503264682,-0.0532896877829865,0.15349549160863765
