1.0,0.5167313916099935,0.06791266881906785,-0.16908840502517591,0.37769191923365253,-0.06996685441353456,0.19868067704092313,-0.1861520964678838,-0.06462098582713265,-0.29514088511706227,0.47034248581336,-0.042462851087517045,0.5121448567270992,0.08186165997979346,0.10368992045882265,0.13922835372374381,0.3572579297365924,0.2003628663816175,0.09465038908166257,0.22810104937193165,0.019921370920401377,-0.1726095835631385,0.07123518846093149,-0.20100316220805517,-0.03408727999404502,-0.34291055507414375,0.3139732440191504,-0.03980346724063695,0.20320944422987788,-0.12495998977581242,-0.4588319389019379,-0.5283977430511689,0.0213406060564023,-0.33669367765427227,-0.4293184404378131,-0.35852175923489066,-0.22657574885058698,-0.3489955641106997,-0.27403185531718754,-0.21154200927283273,-0.1590294813036275,0.013504466446826098,-0.0824211075029881,-0.19225600370838314,0.010620146376071928,-0.09505179389329699,0.04460076986941152,-0.1116207530093403,0.13669891752579313,0.010146819242557356,0.02009728047439214,0.26335430454696657,0.1722512116853173,0.12406250760635991,0.06424098700425153,-0.08217677043454263,0.3554348455088837,0.38205138366686875,0.1949440166711557,0.15707707670071816,0.31654592407199006,-0.0370529631542972,0.3315777146835587,0.29353298489058716,-0.07403723467481838,-0.3691217597331881,-0.06510310603781133,-0.3796389466496452,0.4198496633770789,0.3285650894930939,-0.2556649871063898,-0.38515367668072437,0.08796519813386919,-0.14440777535792976,-0.009526836965394213,-0.07390268484748685,-0.09738450532671972,-0.05471100503296185,-0.0011076782193354835,0.009531918160739892,0.1613881537113403,0.09810248291179208,0.14075122547509253,0.09547048703480086,0.0576874417684599,-0.22981031048293804,0.10242447163426951,-0.030611486360260478,0.040201990253698326,0.18209549899118202,-0.08802313587509611,0.09434548036075453,-0.13846874596978637,-0.09517261558447748,-0.12094811816367909,0.0894802556029998,0.05489116672842993,0.15070155813274674,0.05747965886735792,0.03815880361375256,0.07209726510812597,0.1080113102946878,-0.05977610079041113,0.03363178034689244,0.18800235923631398,0.23636049517662333,0.010283222753418251,-0.044517558400144236,-0.08776468948556357,-0.026560043897182993,-0.11828413323899102,-0.09412829297060712,0.0019974055880891146,-0.22425659992970107,-0.2541617804871935,0.18698123717247642
0.5167313916099935,1.0,-0.22398475367979356,-0.08822337935443589,0.05432751180092373,-0.17106781777482563,0.08714000624621661,0.08770205143645025,0.08822127511729612,-0.07088386487688239,0.17695595766611144,0.21068466178325046,0.18503063962866984,0.31522233916144654,0.030796468798145488,0.3056221599043423,0.5074586227862926,0.5027068211519565,0.2079745747687538,0.3805548974563617,-0.19195587020450167,-0.2782646115637102,-0.17259311416618955,-0.15784192001228584,-0.2413481854161755,-0.289182628071909,0.0009097213199565639,-0.3012703137310276,0.22638606033370393,0.26778718364267234,-0.3032836910169374,-0.2542589340723764,0.1681834195821107,0.07269310593203915,-0.4245784154970681,-0.38379162870477385,-0.0681927296907665,-0.25087164594414607,-0.2703825507445243,-0.1562047168098273,-0.2718060339546678,-0.021759948929646597,-0.13725944875436996,-0.13350575988707594,-0.1629180058908392,-0.27080497255028313,-0.2569907398249526,-0.14188716409951677,-0.14949411146202937,0.008422159749251291,-0.2438898914880947,0.06469482140171272,0.2252201619779309,-0.04054784893444652,0.11702314097700542,-0.26217670887193606,0.34023418103381614,0.4256939066435411,-0.14651655373879044,0.02598182758451797,0.33990450053975996,0.28395040797250537,0.3612023566191243,0.3934520079782938,-0.13436494270964705,-0.35996621200887524,-0.26430536020414297,-0.6126538855488842,0.5041712690080326,0.4582752969266295,-0.11336195069111513,-0.18452308770396894,0.08468119159555289,0.1481914551446336,0.17617268836072886,0.18928447180033178,0.1805130948028769,0.2639913105478423,0.05077084189029546,0.1766669554505801,0.2899770645576944,0.19036870750575974,-0.14480513967719344,0.014860570932017649,-0.024868440041480033,-0.20640568772512663,0.1929784153052788,-0.3027051818882628,0.12289768027612323,0.11729890901985533,0.07984538279028171,0.018826502753860302,-0.06721866379876237,-0.13434972624595343,-0.011319882187517701,0.07790903847130923,-0.16416025954306773,0.1869121392016423,-0.02752740983836768,-0.2375284698856851,0.3090987758953608,0.11598542399458873,-0.29153193178464537,0.0505273154386585,0.2055529824890952,0.22232877062883677,0.12021596994416665,-0.08386617966622097,0.0006455094035281853,-0.061559014114563514,-0.20382087282625197,-0.017218332295417818,-0.0056124346474188385,-0.06359000439574264,-0.21028562015608845,0.06438047619627901
0.06791266881906785,-0.22398475367979356,1.0,0.3666352965859103,0.003952563637144805,-0.3618893227439271,0.6925256306312713,0.4251758345299547,0.3154662395852751,-0.008502088334946367,0.16097314544613686,-0.10725338009155239,0.4149914576427132,-0.046041604280286585,0.161639847845786,0.022513355226025496,-0.34555277638218684,-0.5265263491827739,0.10219778900035728,-0.01154672606186625,-0.272146648404111,-0.36048989255212965,0.30180373827203755,0.2593015655783454,-0.08597467474463584,-0.16702977767322785,-0.13811928580090058,-0.2340500289995644,-0.06525588642478504,-0.1950001937415197,0.20849225414679948,0.14753818836412505,-0.19386040604021718,-0.0899262616745011,0.040690739627504996,0.021468351107578512,-0.336875889029377,-0.1699701078154034,-0.0714072772892436,-0.28494449015695106,-0.07752544189262925,0.035710072925326596,-0.0047217100071958555,-0.05232868121181895,-0.13948497699585213,-0.11165759520735073,-0.10037772241384538,-0.02291616341733346,-0.10352076097983302,-0.227855143813018,-0.030532661203806148,-0.004316822136756221,0.08085378506301107,-0.2213713532765592,-0.07988800935981163,-0.32425759430381773,-0.5208061395156646,-0.4397957899071571,0.28593888345062873,0.17872554014583444,-0.05215986174947514,-0.17372213536895656,-0.34890798421871516,-0.18684727712157917,0.4241241342703332,0.23591690484930086,0.3374462878564985,0.43373976305310186,-0.3144059821401546,-0.16869906040136068,-0.23177788134636965,-0.2209918729470833,0.08231241641096046,-0.0043185763145386115,-0.005214448020465673,-0.04994627715580061,0.04734103451650552,0.015496490482971192,-0.41061972267695707,-0.44965298658795455,-0.2425809384532732,-0.2789725980695156,0.030576796869831915,0.016687356000071506,-0.25438673894697145,-0.20149614648341557,-0.0009031336690469247,-0.2643279764908645,-0.1153799403586277,-0.022876500798542903,0.17774472886646758,0.23468603251764367,0.13583751229794508,0.2947134842662192,-0.37249430949162105,0.038756790801860654,-0.1505616825753711,-0.3667597764215177,-0.004083810699730212,-0.23266089023766026,0.2378245406088341,0.1669123811690858,0.05586728598690477,-0.12108541896131914,-0.15257760572579088,0.13470261831512234,-0.1488462674971307,-0.25575700139789515,0.04256883819311124,-0.030055971382172687,0.1791834097711362,0.1355931177117784,-0.10669695142830782,-0.18142637707907266,0.029132814464365685,0.39570886493972723
-0.16908840502517591,-0.08822337935443589,0.3666352965859103,1.0,-0.1767563564471059,-0.22600086986345075,0.250529436118166,0.45223017602742027,0.08757532148346957,-0.03610423661158915,0.06984413185760517,0.2552597189607393,0.21586884441437135,0.16497618203727227,0.12541226818996992,0.20595663361481004,-0.23888218823632687,-0.08822335402146085,0.22294268577259072,-0.14143827316301613,-0.4594989835096354,-0.3327866867800511,0.4583882466395891,0.6117283384391646,-0.2003055202823046,-0.033750947528042835,-0.052411754048975134,-0.11477080877215107,0.03982969195992211,0.20082570040417877,0.4131300941663953,0.5136856396404406,-0.24024514841084227,0.03703543987600919,0.23973151300808615,0.16808602366543215,0.06596249666104101,0.33521505167966964,0.12837961492593777,0.10340517451975832,0.12782005216368553,0.242561732046068,-0.17316364186507094,-0.25249194321454216,-0.5315868684147329,-0.49688444279354355,-0.4861810857956977,-0.1636736253303571,-0.2900180331022183,-0.5074957220386141,-0.084833981635659,-0.2488485432315232,0.04253315866598495,-0.5143360041935847,0.25411562171202745,-0.4864925704137809,-0.55927545463191,-0.5647407085742085,0.04361799871856606,0.053958152715870816,-0.10182918666744925,-0.05493275786690826,-0.34604559814056424,-0.36081931412015394,0.44810294494854497,0.3855528348161333,0.14516274948506314,0.2223685347746725,-0.38805143788021473,-0.24792633297892236,0.09765699900900553,0.02695605947390446,0.14617260007547336,0.4146582185863421,0.4022781738697666,0.3205832719018245,0.5570877617378479,0.304610800525871,-0.4023788924595942,-0.27806093608610294,-0.334254875895017,-0.4513743488635911,-0.05368361944557674,-0.09477610380636155,-0.3043918474921522,-0.4002013426172473,0.07107660405174224,-0.239929798048732,0.3482637908775902,0.027146743066225058,0.16558276709504363,0.22145616979027496,0.46986739167472286,0.3395525976738002,-0.2490791234658423,0.10737907295458832,-0.35711393181104956,-0.2912290293986359,-0.14888658422916431,-0.2450685439246969,0.06982083619739027,0.015824809929506956,0.07526323277171455,0.10682098837018561,-0.07598962056045805,0.306173376136817,-0.11774352839723118,-0.34072360410845753,-0.05838954170813631,-0.05075370652805364,0.04136345020526102,-0.04312617708611637,0.07029930505687801,0.3401933404649965,-0.0003897021308005713,0.42888044322810137
0.37769191923365253,0.05432751180092373,0.003952563637144805,-0.1767563564471059,1.0,0.45790638466171113,-0.12735558808049346,-0.15697447662730815,0.19262316267807952,0.005381647770293968,0.2184923175401819,-0.07204078000823645,0.2753827201609474,0.04719406618845468,0.2779234003740027,0.2532537713213514,0.11727119236936283,-0.09951379713739632,-0.05391722781263168,0.08410642643689986,0.30603040628993605,0.2123499787335567,0.19550425685560768,-0.205572007304268,0.24627642864130728,0.07049010807611605,0.6057329822131511,0.44306665809882523,0.03211464535741895,-0.26619199186397186,-0.25752498776857097,-0.4286319540081082,-0.1889972865342853,-0.4684237058702625,-0.06280584854838883,-0.0455577380314604,-0.20935652285987646,-0.18640841883291223,-0.1602741777831005,-0.10893854163129085,-0.22309432777445642,0.1416681063687982,-0.12307537339292367,-0.26241325656117037,0.0638182760777552,-0.018446233642571,0.13809649336837976,-0.2657488101310466,0.027444648544956127,-0.08870083113604064,0.13901729129133367,0.19704498450547636,0.07226969217821841,0.053381144436200234,0.21792948217613978,0.04312380042394138,0.2656634470247683,0.25405884634061454,0.2916886258012755,0.007902943712169676,0.05160324320047484,-0.058481753934125226,0.016939838002685132,-0.08452715231945244,-0.05349380982343591,-0.08843685877992921,-0.06499745535256773,-0.07754122607006787,0.3274949114695396,0.12616472628060318,-0.03171628954365812,-0.13935852692903505,-0.07270500213913175,-0.044259968071050586,-0.07568163662129945,0.05083647011614296,-0.025498788007829176,-0.13410387523798933,0.15567629801748067,-0.0359691178185975,0.12594490162191085,0.07489393588291951,0.4046688871528259,0.20724504699593185,-0.007216596518515734,0.17762082889676878,0.17653171305510185,0.16252290419285295,0.045680009575226374,0.1742330747352642,-0.09843617679678805,-0.07412384383958559,-0.20323321951203882,-0.2059620031065647,-0.15783538972361225,-0.09880107481411435,0.15374002521361108,0.16796481518158157,0.03726239558362234,0.16730517333639236,0.0033328285439124016,-0.1578402025401251,0.04629167413088017,0.05262558009700134,-0.014904075831920213,0.0839961820303974,0.021984274126320667,0.015824894134311786,0.14449100843652185,-0.06591798676688415,-0.11481697377940273,-0.11111459325752873,-0.05474085397299105,-0.1425250311602339,-0.22189135646222963,0.05883259422689417
-0.06996685441353456,-0.17106781777482563,-0.3618893227439271,-0.22600086986345075,0.45790638466171113,1.0,-0.4139043989316535,-0.31289264295612385,-0.30433333766428,0.262577588434179,-0.020901059524873696,0.1092109792463206,-0.22900741674517244,-0.02727881816856775,0.001359388569496092,0.08547724810206096,-0.2610718965827886,-0.13266140360180814,-0.2196311789189284,-0.12327151246374929,0.6184562486480127,0.6626118819234589,0.014432364659310585,-0.11375403828696554,0.6120530257736058,0.5479999817498259,0.4390663537369425,0.7158758570153592,-0.30887205506880977,-0.24223321407755635,0.13236592072729841,-0.10990229352699234,-0.10429203171090917,-0.05441254724498934,0.04863558458780839,0.2075678322824861,0.14697548957872705,0.11547769423643742,0.002026254751213542,0.28669789582536126,0.05787767176085561,0.049608888342000994,0.0239805660427297,0.03843183154598846,-0.06868934901818068,0.002242012124696487,0.06063742596878867,-0.17962401540225698,0.0029874952719377563,-0.12308024057696151,0.005233985252783763,-0.06884355965145607,-0.19869740541626763,0.1787961221892749,0.14447850892692032,0.33036753869217966,0.18668011736459866,0.15408553707761266,0.09987341251835566,-0.03164887041983442,-0.03583401013304306,0.022974521498146865,-0.06965835951458492,-0.2856294839818086,-0.220303729722706,0.145495150415819,0.165006410173411,0.10826787232300092,0.11107260356547698,-0.06114884684333498,0.26817147751814,0.25340154282979116,-0.40193471172031847,-0.01882761542158413,-0.07390122869743648,0.11531658310586668,-0.002948008298247739,-0.15011160540758156,0.0849075389514132,0.07241895139502146,-0.26466895673523705,0.018943609303217764,0.21895806944438095,0.16558601181240798,0.0074826243836339625,0.29657443601608363,-0.01658867429294989,0.4249527967758234,0.20802700700169913,0.3045893767507419,-0.31385776208255994,-0.25736764088003183,-0.2585989797165516,-0.39160906469375883,-0.1260463931550907,-0.014660839997166336,0.20932071650390188,0.18282400701089685,-0.27423803453262113,0.16701559665778504,-0.20380581054374758,-0.29792785874104327,0.06584806636914257,-0.08639627815414795,0.07263883664250728,-0.06721141003737491,0.19606750918970042,0.22185515687792903,0.16731373310749217,-0.13886611408064095,-0.14738530049720605,-0.2565927214895835,-0.053808964096675516,0.09880288153366833,0.09904750404149341,-0.24986248961043106
0.19868067704092313,0.08714000624621661,0.6925256306312713,0.250529436118166,-0.12735558808049346,-0.4139043989316535,1.0,0.5809794665962,0.3530710903380896,0.2405865863202152,0.13912224114827984,0.08684442734530519,0.4466130419877427,0.26968001632512817,0.3686154296982901,0.13346775191758828,-0.16303021318257482,-0.2721702212045119,0.09713852459559402,0.12745047586141645,-0.3971875934585391,-0.4365362390234416,-0.01301717465607901,0.06206459804912434,-0.2545658972535373,-0.361076950023796,-0.3460402063473688,-0.45540982667319085,-0.009621802136154446,0.07785007100242143,-0.09221664898362908,-0.03207290327017502,-0.10450535475871207,0.16649812550714918,-0.05299623063491263,-0.01736949106716559,-0.06724830764542543,-0.2809591720968067,-0.02029939048891362,-0.17095928704994684,-0.05127934000503495,0.020062011627087064,-0.18954017161457606,-0.2687401357646501,-0.1781534494302705,-0.2914805533634122,-0.1850231340614857,-0.14777109813750974,-0.009260217526523382,-0.19735817917126763,-0.38783451077878545,-0.27600218900091605,0.022347475899805652,-0.36683763809421804,-0.21635686895864933,-0.29802067513027947,-0.476648479183009,-0.39991289170660144,0.33913671693810454,0.09878198901015986,0.363567295698453,0.23516723256584876,-0.21904007132852366,-0.008558287680740902,0.22563272911009422,0.07284895404051465,0.10646851579053752,0.01029783938400573,-0.2394853762721554,-0.12716871054538323,-0.24054057719972793,-0.22492624794885135,0.12712379899112944,0.11089776770152057,0.06645274814673324,0.004328179965227063,0.2146256589819092,0.19883278720335756,-0.4698993857499282,-0.4273307686351679,-0.22422316810145426,-0.2541841028913695,0.05363427001407834,0.056316220099644126,-0.27134200093228733,-0.4123053981759341,-0.17289824178585791,-0.3567292888016154,0.1722998154558195,0.1980298745343586,0.09937238428908192,0.43883485389124194,0.2258001761601138,0.30002628974185125,-0.28537113749509835,-0.08435216132534608,-0.16180089020014377,-0.27814378017355373,-0.14698281901295004,-0.30684615762776474,0.1385325350609311,0.07520845253992799,-0.11220285711461851,-0.025995638427418113,0.08278241270431935,0.11237521613562923,0.12502719240364882,-0.09442946966281604,-0.13642469528849863,0.08446732950267119,0.1516397147159943,0.15730169451421555,0.1983563171800691,-0.1337522359671593,0.0861451290959289,0.1703317219664164
-0.1861520964678838,0.08770205143645025,0.4251758345299547,0.45223017602742027,-0.15697447662730815,-0.31289264295612385,0.5809794665962,1.0,0.4237489588892784,0.38212952188248167,-0.2049508918960476,0.4509984503796664,0.1915867378541335,0.6091481015712487,0.25625960546687826,0.34865878685652096,-0.28912638174299227,-0.13540432085912407,0.03158791682013361,-0.06299733104645305,-0.46034412138512176,-0.36235744685611704,-0.09096782402455927,0.20069980019421096,-0.2771244448951324,-0.05187158570980858,-0.5645646997253414,-0.41625913784619123,-0.0779529904276238,0.27579817265819717,0.11482283471646014,0.3406188304195434,-0.2194519961842217,0.29658337553618824,0.06642506071449172,0.202535730889118,0.13060608107040336,0.11709138762115882,0.1632467412741135,0.05737898407262215,-0.03962905893149353,0.3472012891781056,-0.41963338313374376,-0.4666270119659284,-0.609647492657223,-0.6400384276231502,-0.5540811058486388,-0.30990297597993666,-0.2537602915072519,-0.5164659220944219,-0.38984389355813415,-0.400076369097675,0.15656675738229386,-0.5279125002072008,-0.07225311040528512,-0.5497846907304293,-0.5921635029580238,-0.589653919449565,0.3593160400478371,0.2434011639308925,0.37390626199699645,0.597644322610292,-0.3558508243492378,-0.14250279679265657,0.23367668845821138,0.5057652894619576,0.18700431565208475,0.09886616426811355,-0.40595719160994775,-0.33374978266673194,0.08312686810905497,0.08731518514084832,-0.01368842989307225,0.3165794835162948,0.21377685535302526,0.2848689205683182,0.423711870141904,0.389090869132903,-0.5939900966196795,-0.42203038869540316,-0.30455228377607035,-0.5099752758456696,-0.2454212234993165,-0.002489433874802395,-0.46650347859441416,-0.4519189751256097,-0.03438493808079929,-0.41002105201823946,0.285187692658992,0.25408587199008026,0.4272363546832534,0.4091857049432614,0.47004538266149287,0.3550565895536368,-0.05899769077628698,-0.016720420447987425,-0.4583634451986309,-0.15077152032221194,-0.3488516203009453,-0.41304080759356854,0.2903131219432914,0.016972235149854943,-0.24878965469178596,0.15369842153422222,-0.1266311134816456,0.20618533743772866,0.03303909495147563,-0.3087988093500391,0.06726055780344818,0.059666600692776656,0.08491797121077,-0.06669957630456066,0.0868428102220253,0.09420158517867833,0.16033129966768203,0.10842497653101162
-0.06462098582713265,0.08822127511729612,0.3154662395852751,0.08757532148346957,0.19262316267807952,-0.30433333766428,0.3530710903380896,0.4237489588892784,1.0,0.25955343225432714,-0.06064243769448246,0.02766817181702078,0.19691820627921658,0.23354935843284366,0.45131292435819914,0.4174215028670801,0.12449324496354017,0.0016892410660961754,0.045235267818127124,0.2621556819408552,-0.3497138145380254,-0.49894982738357024,-0.008637687750579635,-0.20156650363648462,-0.45481028431028664,-0.37302566009657845,-0.158564736327958,-0.3429568475759739,0.14556525059474168,0.08561749715091341,-0.09988737152884945,-0.06257720880343297,-0.1127779215011203,-0.16588742140774468,0.04421324981482791,-0.06507200012722492,-0.30584802926311616,-0.37387011828286176,-0.00025533083927418813,-0.4049004665511015,-0.42994037140347835,0.05429353611141759,-0.1348549650074996,-0.25812432423409704,-0.05280355686314167,-0.06069616414368895,-0.034637549114150935,-0.2584403034595558,-0.19405503242413918,-0.04818423795796565,-0.039092867216324524,-0.02977772538952721,0.3128142888740195,-0.23262871825207282,0.07555261961425783,-0.46869952052032154,-0.16589092514819015,-0.06845927412044554,0.12204536875122467,-0.04722699513801099,0.060432548196347205,0.3198927725185949,-0.199934918694225,0.2047057323219809,0.1284677580466767,0.06156320394248935,-0.2627896673445565,-0.016925754649097798,-0.03978931353578182,0.017845029437600152,-0.08162404672381562,-0.26919343049287153,0.09718455740360032,0.019894800523441034,-0.06055746374033502,0.011939133467483076,0.0986119985544734,0.1712275991805795,-0.13987425249631674,-0.02617774786498846,0.13518670320260562,0.03484480394129185,-0.04300510414782121,0.10024030441785882,-0.08945121900408273,0.05492692723533605,0.19510738122099014,-0.5239666002022931,-0.09059635327569301,-0.04936736662198593,0.4620642280521799,0.05263652304028768,0.206846419945508,0.18975885256256633,-0.11283136979798777,-0.10452120588120066,-0.4643218559220177,-0.34353492709847466,0.2250720504046575,-0.18065579968404535,0.29012988413513163,0.015597561037849896,-0.2991892400168863,-0.11731029746308756,-0.040536937637872084,0.19103044829588658,-0.1537143579747413,-0.2976511217320719,0.0502305517135094,-0.059408338823921256,-0.27562969856200986,0.29969998454523006,0.23409759956311024,-0.08877272430866509,0.0037282364734381275,0.1872779877352013
-0.29514088511706227,-0.07088386487688239,-0.008502088334946367,-0.03610423661158915,0.005381647770293968,0.262577588434179,0.2405865863202152,0.38212952188248167,0.25955343225432714,1.0,-0.16219001962657115,0.1257681106452315,-0.1361396894932942,0.3769996235292547,0.5789049102833371,0.2649637466882497,-0.23074723304175834,-0.16016175970672358,-0.18049533918566812,0.14709238798725438,-0.04555054942950699,0.09054019200850534,-0.32532286009897055,-0.1565716526389309,0.1924332703937208,0.06888013101098643,-0.36393500750343644,-0.09525006363317788,-0.287936161648002,0.20055502809388862,-0.0691727804480124,0.03622842387715885,-0.12574144033067436,0.3640864993361062,0.22935814179580696,0.34726735426609867,0.3584911152241878,0.055023940010910405,0.03679629733136234,0.1583583475459621,0.05946354145473482,0.10788803573018765,-0.15089334584770656,-0.20258868363258367,-0.18267547002643672,-0.2432672204271591,-0.15499442651668816,-0.2640291112830749,0.03443318476422971,-0.22241652161877612,-0.42768845926144033,-0.4735463173404741,-0.13233194222056807,-0.27083196244764607,-0.24461037807515212,0.0004990085787430385,-0.28141677674372717,-0.2432993066416797,0.09381613675089977,-0.15503330647997735,0.24643264043465934,0.4861370964429916,-0.3046138511687017,-0.21918829788303582,-0.22972975897590986,0.12285891300423608,-0.10023343932377944,-0.11131374335577716,-0.15157692498693023,-0.19681279899019136,0.12870433148847263,0.17046643977276293,-0.21490677167322392,0.22531841529497193,0.04096052283406922,0.14787243676765205,0.1967365148575907,0.3431838629709072,-0.19924287145785285,-0.1787373456432954,-0.3252438563925698,-0.1963050981157134,0.2838676675635151,0.05811841724068162,-0.3328398881161221,-0.07394184698983548,-0.397298505790492,-0.048844662764882474,0.4228933552230038,0.2563277973581739,-0.0071224644533549415,0.32141339924104145,0.28385545022810277,0.1795001076599351,-0.02394044121515037,-0.10467459746219909,0.03547444323925437,0.008744777708536012,-0.3909745298206149,-0.14430080757156724,0.003913985736217043,-0.1132762530143191,0.06107881256359841,0.312329493051247,0.2734169503492028,-0.036316494247705514,0.2163508175098739,0.08776910840715904,-0.04654447667256203,0.1726688268277598,0.08578033933976882,0.01995537551239533,0.32808263776387253,0.12611582610405903,0.3352598345932608,-0.08975760802571214
0.47034248581336,0.17695595766611144,0.16097314544613686,0.06984413185760517,0.2184923175401819,-0.020901059524873696,0.13912224114827984,-0.2049508918960476,-0.06064243769448246,-0.16219001962657115,1.0,0.13162699962554625,0.633390962148485,0.10219769918946135,0.3430999335796657,0.18338045539465364,0.13305358282183544,0.07186280814250731,0.16031384664970216,-0.03192487774893525,-0.0997708666462518,-0.1492331504226496,0.4008551857807531,0.16648219811152873,-0.0382017199484477,-0.3282140795340626,0.2838826281425866,0.0773519356699632,0.2886699187672662,-0.06789954886051572,-0.0641884512246098,-0.10947759861144107,-0.07649507229071478,-0.2883431934831421,-0.1104457218896522,-0.2557975157288699,-0.21524619195665426,-0.1759602861358161,-0.3550451907676549,-0.2980386963455257,-0.09947366797452571,-0.09658781068923918,0.07749677899494627,-0.08610182494429611,-0.04388649018940764,-0.1381220435059581,0.044881848119690954,-0.27672823598825785,-0.02090622156969808,-0.07413466468066245,-0.1113756803761746,0.05308591884941545,-0.10847869624642326,0.016000446231489534,0.035474288124655806,-0.095422037866079,0.06859115169778666,0.05842189956445623,-0.061613291854376966,-0.28923096638175466,0.12205085965669267,-0.0886595301015275,0.309635654977034,0.23435357998213924,0.22620616269402405,-0.2537170082816857,-0.17183973566566982,-0.23382951402155724,-0.01934260956660499,0.17687298033813412,-0.14635917061168496,-0.24789297522763148,0.1512369177419326,0.05622328723014658,0.022781151103959937,0.15731682306602202,0.030829716871086706,-0.013547235715894777,0.054845471813573764,-0.06364489882512468,-0.17226397403202431,0.07053203472619277,0.298383698410795,0.08241407500654203,0.03602044244795225,-0.036233012387515764,-0.03228603865272851,0.021681865438028358,0.10252478094712318,-0.06372159991369666,-0.1700037063035177,0.09930474971688395,0.11132855269970006,0.08926256333178821,-0.33220838187733337,0.0860966850747753,0.14278627090695495,0.007546731773660951,0.04354893466421292,-0.13341928046506138,-0.02866453790401023,0.09122712715237333,0.25820106854248204,0.1928008211236754,0.035276634281678335,0.211890646869748,-0.1740536386452242,-0.04390434639571373,-0.1500863667267987,0.05394158795753135,-0.15805024417198726,0.008785564378147283,0.007095449749947191,-0.05629922514825504,-0.20281715320162644,0.2636968838326793
-0.042462851087517045,0.21068466178325046,-0.10725338009155239,0.2552597189607393,-0.07204078000823645,0.1092109792463206,0.08684442734530519,0.4509984503796664,0.02766817181702078,0.1257681106452315,0.13162699962554625,1.0,0.2414506641198654,0.596524380552555,0.15070687116718726,0.3625162280530867,-0.22483875797172703,0.0838056965646651,-0.012288031814442189,-0.154716346610115,-0.19919732465351975,-0.09885329895316151,-0.03851577523363967,0.10915291504050316,-0.13042311599468767,-0.028614466119515885,-0.3071748838716493,0.05410373345434587,0.1692942653379575,0.25875087362088084,0.015714949243332554,0.23465094164844816,-0.12500933708255413,0.13344343161488062,-0.07252940813703881,-0.0413503293493472,0.23179988091322604,0.29183523707156556,0.03200613854946854,0.1112556025503806,0.10706733162094706,0.4253875256523128,-0.2894771912543,-0.26729629680893685,-0.5129047956074558,-0.540816765474135,-0.4943135579887298,-0.37100778814529145,-0.19545960143209848,-0.44293035528808367,-0.2644500266045808,-0.3716423322509463,-0.09978159814095877,-0.346984346854702,0.06560062403584865,-0.3874805597052034,-0.35905734788302324,-0.3738890644074905,0.11407965437935877,0.01705953350817932,0.06906600358185691,0.4999883152792455,-0.10709599019388186,-0.061984655912238264,0.07964195385893848,0.4331903892529594,-0.0026587171414833646,-0.014108860603623378,-0.3333675047508328,-0.23395444499451246,0.1415425235978436,0.1312064613442901,0.04026028039744659,0.35355722118195193,0.24925438139084521,0.48372817643916044,0.3645596345378672,0.23087610734608963,-0.308660323929847,-0.25051505745081737,-0.37528638822355725,-0.3480104542854292,-0.01571074995099767,0.2163063462820109,-0.1648740292522917,-0.20760147669719678,-0.07047103246209784,-0.16579148062775387,0.28458451605994783,0.10451891858749462,0.021106908369436708,0.19799527405706116,0.4786583097283717,0.24863703803318374,-0.015531987602889746,-0.021430092829046486,-0.3131476917834674,-0.04931067759814616,-0.4228599839665168,-0.2571993465268956,0.09293939135062786,0.14347505033791905,-0.16235712124372834,0.1975663652500931,0.021082696630575992,0.22157086579195656,0.16297882807737946,0.011930489562105222,-0.0007465140321027042,-0.12935216161519547,-0.08736216869080182,0.031173412341181272,0.08940396724727995,0.3832599137783165,0.22628306902904488,-0.04277414644008641
0.5121448567270992,0.18503063962866984,0.4149914576427132,0.21586884441437135,0.2753827201609474,-0.22900741674517244,0.4466130419877427,0.1915867378541335,0.19691820627921658,-0.1361396894932942,0.633390962148485,0.2414506641198654,1.0,0.4002734882880372,0.4560654797546546,0.42762692706082794,0.13329051329061034,0.043199525883577686,0.21597539537375166,0.08678682375177192,-0.3899964953496072,-0.49626535877675804,0.2388219402001372,0.06283363344942969,-0.39885566886334317,-0.4949989472066323,0.04769145855884648,-0.18589603835334068,0.5131539985741744,0.05288623235793015,-0.24557445509197204,-0.23919298817755558,-0.18739007228259114,-0.2859666641466069,-0.22051715947943976,-0.3197698252357209,-0.24621795329961316,-0.18732915149712157,-0.1903690951348022,-0.35158177237636073,-0.06637006501011788,0.15980355758961098,-0.10089216328969207,-0.3265680200513984,-0.2692392933015536,-0.4136388883389485,-0.1721507988083978,-0.22402304349626606,-0.061482913578027806,-0.28895258930429624,-0.15257320862479176,0.07281626621977377,0.16572026352661598,-0.1707073124630974,0.11191495433428911,-0.38371637552876614,-0.21940883655280494,-0.16776528743866628,0.25020302374064074,0.08264770029901564,0.19063838709463296,0.07849943352302524,0.23975483186454022,0.16689412072399196,0.18799756245618876,-0.13108434046909356,-0.1371625626402336,-0.25315374503628735,-0.12924515285690355,-0.08814499007808128,-0.17633093935011535,-0.3129503236487347,0.3589982421862333,0.20483133810558382,0.21089039735525655,0.22984912586565467,0.21230508623368471,-0.015378877939434028,-0.1993994134196665,-0.19947058324500835,0.016319763838033293,0.0006713768515150606,0.16737875440650396,0.18878897998536642,-0.036734550782035386,-0.3393674589102822,0.1515344694217589,-0.266864143063824,0.048186331771756526,-0.02993837119155596,0.18963498043695307,0.34085284875588373,0.2563623600104945,0.28764074353932056,-0.3182063583575485,0.13904871446675482,-0.1358637913082438,-0.12296329327889204,0.11192924977045392,-0.19314876615828372,0.06737952031747199,0.2800971592415699,-0.013024736833796681,0.18636598417699884,0.08999769230324968,0.3086967149019895,-0.20045989157704105,-0.19091527442603656,-0.03877745097742345,0.01591837167033557,-0.058543936173035806,0.13128627524570818,0.1842276184764109,-0.045602251420557925,-0.07027812392566407,0.45596041686422295
0.08186165997979346,0.31522233916144654,-0.046041604280286585,0.16497618203727227,0.04719406618845468,-0.02727881816856775,0.26968001632512817,0.6091481015712487,0.23354935843284366,0.3769996235292547,0.10219769918946135,0.596524380552555,0.4002734882880372,1.0,0.38232001392841247,0.5792471672999814,-0.06420472475213881,0.16594270267012573,0.029437837904463183,0.0319011647854331,-0.3533947422352318,-0.2554943959271837,-0.11061021658962981,-0.013241262658345711,-0.2576815324597331,-0.1420711869585096,-0.3206985751417947,-0.2028041587080912,0.24905450356300338,0.42416024137806674,-0.06806632369871567,0.045321657638391175,-0.13734353948425543,0.22155170106128383,-0.031081143962888177,-0.008566842765560365,0.2159644214988259,0.07002752050530055,0.0527673922666775,-0.050798273677099264,-0.0049018081942146146,0.39127050109140843,-0.5110967590141194,-0.5771393568470118,-0.4881519361849501,-0.6908102695951599,-0.4735781098126859,-0.3638389733705219,-0.06116260437374761,-0.4620272234419372,-0.4225410399705772,-0.23921523549016724,0.11739754127601207,-0.3272537397023696,-0.13878657816698142,-0.35118823256322884,-0.4084964539982359,-0.38856363259373317,0.34423370529334574,0.24616994107283835,0.43788232384796927,0.7254626825192148,0.06925544562074544,0.17473836685278907,-0.06729734036713844,0.15182294329124205,-0.12364115004195113,-0.31592222484693416,-0.24668363532604531,-0.2741354755568353,-0.0586761707282619,0.005578195086104244,0.13887300513787,0.42351105532728406,0.33956120167466,0.4166525940318083,0.3452225050836267,0.2314874662125848,-0.3950147583132229,-0.3109755653239543,-0.19601570727504466,-0.3047735063213625,-0.012631915412423585,0.25541601766909905,-0.21246921574266242,-0.5345280186490398,0.04617161664406714,-0.29319999342288355,0.3055254714798785,0.22910946001509658,0.276901618640239,0.4686685000653866,0.47524147706047604,0.29752816909905533,0.04002609636213646,0.003707611756215025,-0.2699189173873975,0.05995394244142259,-0.35951530685542793,-0.2913112689946817,0.11782147839652374,0.1405813807101405,-0.20622111726370507,0.35707134084628783,0.09729758717728901,0.1446162869233388,-0.09184161574507109,-0.140596225640282,0.08807618753318558,0.1391637776960717,0.04942492033955839,0.03863253135443056,0.2927438019187341,0.08644097223350204,0.21481668783068994,0.00019115640291935787
0.10368992045882265,0.030796468798145488,0.161639847845786,0.12541226818996992,0.2779234003740027,0.001359388569496092,0.3686154296982901,0.25625960546687826,0.45131292435819914,0.5789049102833371,0.3430999335796657,0.15070687116718726,0.4560654797546546,0.38232001392841247,1.0,0.583610808058989,0.053639738070754325,0.046459649831397665,0.1618513802540195,0.3268927544966468,-0.22303175026959304,-0.26067783615221274,-0.06445498332811089,-0.18794408282497266,-0.1531527803652714,-0.4558984811197287,-0.18261527380646406,-0.1997077961922814,0.2339778874093018,0.3093894428016681,-0.3067065167144444,-0.21904629556240102,-0.13780159407109427,-0.06662241525749049,0.12454601720736014,0.010037455753187974,0.1590388591773099,-0.04849269717531862,-0.04993581719883623,-0.18471389664277457,-0.06721433807823698,0.21225070394183915,-0.2594383761573092,-0.4206073208885258,-0.14123559255673018,-0.34983341504858717,-0.0005548742895208729,-0.4358075049267288,-0.06179013088444155,-0.2393682625722188,-0.40259674853126276,-0.2800036023502753,0.029587634937088148,-0.22058548439544493,0.012943125338319851,-0.14517802069722316,-0.25582452755606205,-0.23544670914464352,0.07552773729156433,-0.2934557519995308,0.1712920340625094,0.3202787335572245,-0.11434531111911461,0.04169579536219787,-0.08120568484283638,-0.1476437850210556,-0.434467817162502,-0.29332687417525366,-0.1260794788736219,-0.12836390099158065,-0.09803320583934937,-0.22816837964435177,0.18552716975586608,0.33055433441899307,0.21686311656342025,0.23247288124175977,0.30027797929007,0.21037801309536705,-0.05392184005164151,-0.17343661917352957,-0.15380790373790515,0.055803703123630706,0.511305220525951,0.2442808318552209,-0.23093069091546276,-0.1577523275653674,-0.24212112982513262,-0.20145509070333423,0.333828656884041,0.16950757628903868,0.10710846224618902,0.4660242328878071,0.4218135979345762,0.3509502418260469,-0.16322951341376488,0.09207641032323363,-0.049482024735874146,-0.13221472276184823,-0.059396530764198714,-0.042351257707092756,-0.07452025428647856,-0.0314563688060105,0.0823829016611726,0.4029816915219853,0.2741148933756927,0.1278114363284261,0.0026143734119977694,0.004310634478321789,-0.06201395148037354,0.16058487744805822,-0.06188805906716464,0.18978306638594675,0.3592623914591946,0.17557953746893679,0.23523277860010658,0.24306848567008119
0.13922835372374381,0.3056221599043423,0.022513355226025496,0.20595663361481004,0.2532537713213514,0.08547724810206096,0.13346775191758828,0.34865878685652096,0.4174215028670801,0.2649637466882497,0.18338045539465364,0.3625162280530867,0.42762692706082794,0.5792471672999814,0.583610808058989,1.0,0.16840091645793837,0.27948031524568756,0.21352835521751756,0.14778083766552386,-0.20970186730407359,-0.29038076954717346,0.026001087304706284,-0.13868043780207875,-0.3729294907266262,-0.288871057770658,-0.048259615228721055,-0.10886851006423058,0.40344001081291747,0.4357330396592312,-0.05519027107600076,-0.05449982914809439,0.11810416225578428,0.014843137887337838,-0.13020012421797184,-0.1840859776342412,0.0040110326391032975,-0.04893696453879981,-0.09919187456597532,-0.3178774703123943,-0.14431666203106716,0.2282367665055195,-0.33111221536218344,-0.47097336288839553,-0.3912868977859207,-0.47755823616497134,-0.2700679239119853,-0.4496336893510482,-0.2615793314447847,-0.3509434608304484,-0.3166778720266861,-0.12820382065424413,0.26296249803931776,-0.24588974400871064,0.22182612805978869,-0.39896050216553414,-0.1182410736904205,-0.09187081149138954,0.09003699007769761,-0.0459398939173951,0.29777459068049555,0.5012568998407595,0.09503657281025558,0.28282795653739945,-0.017637358710700792,-0.014308537547842549,-0.3407134499906161,-0.35072574071675705,-0.0370657034820528,-0.09052743975917522,-0.1600207689243997,-0.21765714407854428,0.2415551289421263,0.3144963472547669,0.24650464279665746,0.4759250095215368,0.3547175423383097,0.155660983749358,-0.12091123723675633,0.012233346584690582,0.06440945543736055,0.09059903654147497,0.07716831498894244,0.39208063797172443,-0.11027587296297871,-0.10025856719261715,0.2236711078037743,-0.20664838443238104,0.311088805203606,0.21906071789510584,0.23891272209446238,0.07671404480713832,0.35120687562965136,0.005896522767409881,-0.16263970968639732,0.08596626117400986,-0.45502703065596184,-0.08062474566493551,-0.21873546261011434,-0.2520563732212315,0.06664584675595572,-0.10574181109651061,-0.1706525107905166,0.15189651619401648,0.17346332510419896,0.16085483395385758,-0.20766537364820256,-0.2050804688948922,0.17279974526745992,-0.02811498014094606,-0.32494817538722853,0.060591759653634655,0.2554677365262605,0.0728719876202263,0.07298811045112344,0.18060456464864783
0.3572579297365924,0.5074586227862926,-0.34555277638218684,-0.23888218823632687,0.11727119236936283,-0.2610718965827886,-0.16303021318257482,-0.28912638174299227,0.12449324496354017,-0.23074723304175834,0.13305358282183544,-0.22483875797172703,0.13329051329061034,-0.06420472475213881,0.053639738070754325,0.16840091645793837,1.0,0.71372606231251,0.22122815786724598,0.26817452821953475,-0.20337041003291895,-0.39455128931822575,-0.24549588980692544,-0.3461818701257918,-0.47886049322626956,-0.5453483306115549,0.06729576297343354,-0.3593068764463869,0.5133104764906364,0.2879277854267685,-0.4724341032634793,-0.4753097672290408,0.3114969277493163,-0.22647533124954164,-0.2655963554420103,-0.4968016112299876,-0.16677294823136787,-0.24784789352681566,-0.23768272968710163,-0.2273771311615719,-0.3519271916427949,-0.18097847113914095,0.02512742612879264,-0.027998948693975116,0.31229697294855846,0.18423611437674686,0.19612834098389284,0.01711707174374645,0.023368295071410368,0.39472036454820614,-0.08080283329454716,0.2693434469464967,0.2946403903031643,0.15285972126393826,0.0720005867418808,-0.03496757481469463,0.6073841121437373,0.593944578418535,-0.3481217546210665,-0.16146996646503678,0.17987096011633033,0.01985281198929454,0.6173832161977796,0.6362413589146005,-0.2320866947293907,-0.6323647544025681,-0.5952840661719011,-0.6983069872010813,0.4981148453200742,0.3811732579970104,-0.15984629566436484,-0.42403316392124507,0.41156975562958964,-0.06293932661344882,0.07650131391395455,0.0034533453331270546,0.015111140992872552,0.024614348415986656,0.5651946084131861,0.5252818659318849,0.7593027891541093,0.6719265590359423,0.05604589996698051,0.05545230044605551,0.35938957836264396,0.12328624935966029,0.2222309356058909,-0.15344104657688787,-0.13497768926177128,-0.18149638528714535,0.03484011392329146,-0.16705579749666816,-0.15253634567076807,-0.1912683428578057,0.07042642693185586,0.15983149322626805,-0.07742663434115835,0.21208638775105051,0.3920074597763081,0.09087628622500894,-0.03803450190978499,0.09347357699062323,-0.1841311988222728,0.002964598346882408,0.10810061589991218,0.08512611180019965,0.0019147466937675694,-0.02737130396295361,-0.044411142231803,0.26053588122646,-0.27197858697378313,0.023211698680756628,0.15755934898431728,-0.10856038521234561,-0.37605334398868445,0.15299371310413115
