1.0,0.5808556005777391,-0.2962606206114926,-0.46346020154727985,-0.0497661018811204,-0.29523819121913714,-0.1085450383717353,-0.21115111702498265,-0.160294437408681,-0.418802390583532,0.22152758407176923,-0.1520212611547079,0.18716772260679806,0.21363450952032434,0.15684150877120684,-0.10704970336959192,0.23975176837210202,0.42650024150508115,0.060269739997276445,0.11631781423734648,-0.14273531921092217,-0.29247913274648135,-0.17785314451946213,-0.5354455224240445,-0.19772245263946914,-0.4241080064497339,-0.21728263201736162,-0.24833951583767286,0.20895872360356474,0.26493706956356217,-0.0541432711814555,-0.37800332727018515,0.35177479818354424,0.04670106850900568,-0.3308318973526935,-0.11265553606836305,0.169158060166055,-0.021833089314456933,0.05206137956096834,0.08277176038824847,-0.167916575573136,0.3170343711894163,0.06597953066877509,-0.059673122069988496,0.08353369423050601,-0.005500708336401556,-0.04680317492987364,0.10913624401215564,0.38487047330138063,0.2979689762897608,-0.06522719193516435,0.2841548832334952,0.45830294168935926,0.45004866564053164,0.2675623994660998,0.04144180324180787,0.6337030649424256,0.4391124700424585,0.3363933323180519,-0.1082434503639513,0.29969700489328377,0.43600667552076977,-0.02193684687634839,0.3929847593344985,-0.3821690026093933,-0.22829330416348684,-0.39125791451650344,-0.655272637464381,0.3146006678702606,0.21203758373920908,0.12201506621709915,0.05453504096904249,0.3488742059845352,0.16152562137363038,0.032508693329232584,0.2630334512462996,0.23585645875052844,0.24136947943927115,-0.11214171824901828,-0.06892245558052128,-0.013766280376792901,0.13160637855160867,-0.26354203127355547,-0.23869683769941596,-0.5117378432124252,-0.46592657318517494,-0.0597817182579257,-0.28984428423834446,-0.1245446916723122,-0.17939879508009546,0.03872687160851052,0.0656941399647931,-0.5199411691934185,-0.3087088062629324,-0.25504493594188077,-0.06508087882017177,-0.23406931434292907,-0.24074821859891402,0.17992431815912124,0.2908618076457216,-0.08860894524514244,0.1797611045108465,-0.1565238021670811,-0.14459903746637814,-0.05191955300262279,-0.1630280577728747,0.033312381335877925,-0.006598312630528963,-0.0306377266772687,0.2923436322912226,-0.12675315728090464,0.036029946063818485,0.08370542755301615,-0.08153129053519045,0.004332358924236761,0.017780260572766514
0.5808556005777391,1.0,-0.45012669595095356,-0.27750189102781186,-0.3913857069337676,-0.5066579470182401,-0.1325633662723122,-0.27005491183240166,-0.28829371833350886,-0.3974566866101004,0.3118106562644742,0.003833526088649396,0.1253615336984765,0.24930894109370255,0.06385343136146258,0.03839351652335945,0.47261857597377094,0.5794446262934678,0.2348064399716642,0.4035709264004002,-0.14925575484337913,-0.30085058793651887,-0.024425407558658525,-0.29747893387256896,-0.3338332040066681,-0.5931926223277115,-0.3986301318698545,-0.4326707615118289,0.3561466376835535,0.26458801655797787,-0.01137118246363309,-0.45894159151718406,0.39411126424512566,-0.05746578271170401,-0.49777713228961956,-0.3092569377322326,0.3044733267231153,0.003998438364005351,0.1219915180333505,0.01672022577843186,-0.11537118546578541,0.36361955500890847,-0.1569916059518297,-0.1080160667688983,0.003038205071933918,-0.05772317047198832,0.004472895788605256,0.021216241376037663,0.24963893991528444,0.41440587031522685,0.15844110487487637,0.3935054963687609,0.5358111261157125,0.4699134360874083,0.15809987755893556,-0.06476505931985656,0.49614153814458045,0.5748845139315985,0.03546864281389932,-0.04884169108520946,0.11656526855588818,0.3042676777767247,0.03263973085961807,0.33398360298112467,-0.36896239492801247,-0.36846908364309183,-0.5402022022310686,-0.721273195301867,0.3782469638740825,0.44182512331656354,0.09504128871040549,0.06266593802689094,0.4392173005054674,0.3585757981122665,0.16162692517043067,0.23699603992566912,0.24335632531130957,0.27660990455319046,-0.029666860836454485,0.0654915627064883,-0.07564322216118916,0.10783944017747886,-0.2071863490949868,0.12973619008592338,-0.2585062028559485,-0.3320916856590185,0.21968621275236463,-0.26595983785014154,0.013550087726605185,-0.0296823181056408,0.09326579099136256,-0.21609664165472317,-0.4098861823126935,-0.35138399406528226,-0.3033467650132332,0.0012829770834688627,-0.3572333694656851,-0.2768042095610613,0.09303394056190852,0.09023386525419202,0.057103588147542315,-0.06001254620090584,-0.20777993704795544,-0.3417836164615257,-0.20604399832963716,-0.24309126241779866,-0.15113746792055174,0.11873113797459343,-0.03873203018743362,0.20692872396967157,-0.392599293565361,0.023794908605558836,0.16308151734127418,0.004965832555932464,0.07103925603109575,0.014414580345958812
-0.2962606206114926,-0.45012669595095356,1.0,0.4358124293685901,0.3960503855281618,0.1557112436870785,0.20398948368334407,0.013032424980156625,0.3087893044314885,0.20222254101404272,-0.04605003115369672,-0.08067497187123415,-2.8090938216398913e-05,-0.09603824709473685,0.05567109369738845,-0.25565881336757645,-0.5626424368174989,-0.3343110599005053,-0.022632142107404444,-0.15540410039868163,0.37176815352937503,0.43797863442873786,0.4721473618535321,0.4339747681976913,0.3921505968863974,0.42800997410924135,0.5619545798452333,0.41608862436845345,-0.40900719955778214,-0.49007812871632367,0.13206065582246737,0.27392689405714304,-0.14447014645945927,-0.03302359184727026,0.44031614327998614,0.21315846525483037,-0.3160957449077264,-0.04430909189601909,0.11448276305919906,0.27496283826305906,0.08973158916620691,-0.23468109666001108,-0.11136474074315866,-0.07921211453899578,-0.3435329200290613,-0.4158763362311421,-0.2594318976970821,-0.044988649798087026,-0.19506319242952241,-0.4249854871253332,0.007102296648954857,-0.18819345641861354,-0.1496748175701063,-0.27889174176917786,-0.07226548673139357,-0.02953288058956918,-0.46394210339144093,-0.3196154847213961,0.16266488808409432,-0.15347307122085452,0.1129184166534105,-0.1819926079561056,-0.3684051627849944,-0.4477452444843926,0.2730731211327118,0.29504741399336615,0.30827665839224044,0.45011687397695815,-0.31187738466008696,-0.11126755096364818,0.09396616927344992,0.002512352876567969,-0.3916777847086459,-0.19556888058289607,-0.06461651223439456,-0.12387186983572829,-0.20235450317544543,0.016052316902127953,-0.1862319449724872,-0.2589038224232954,-0.3341588969263309,-0.518991559978509,0.07851851372874327,-0.20400793083748722,0.1628445896831254,0.07092997771034401,-0.167469591097068,0.062353006697054125,0.20926232996924654,0.3137619278863022,-0.2492368128688249,0.44243048509678345,0.29513112805813124,0.5080460719360218,0.10446819553296917,0.03242465098158682,0.24336594187182642,0.051446401190226296,-0.4189034292405755,-0.3866624446129545,0.06524906395909291,0.14433268723734755,0.16420334362883826,0.34679525302501646,0.25101483281986753,0.09824226454620867,0.06461579940902601,-0.047697218752859295,0.061995293746582386,-0.1647026366880874,0.2851002700004693,-0.21400748596653735,-0.19270634806736348,0.08822893363427638,0.11075406154155477,-0.17057155362756535
-0.46346020154727985,-0.27750189102781186,0.4358124293685901,1.0,0.167567781586537,0.2109267863929228,-0.1601653593213478,0.18372943113219442,0.14596516120067352,0.38414350957188337,-0.1853351597636423,0.3404992558105609,-0.2852362890255401,-0.21581594115200706,-0.15750864317154079,0.09477647741032984,-0.24218161336606228,-0.2577657344049597,0.16804700128810257,0.17949448146581845,0.11338914965151287,0.15495790564804449,0.2691795538282524,0.5914051979827083,-0.03542711332934535,0.26194471047918577,0.15443784692827034,0.1246489057422243,-0.22119929589634016,-0.15003396903035646,0.0170897149061966,0.001673465245429676,-0.33643726505828675,-0.5224369988331543,0.14917521099566214,-0.033815049367748526,-0.23911823557698747,0.007060790196612098,-0.20066450372876368,0.029174104968499853,0.03263801953495872,-0.2711868466802667,-0.277681994731284,-0.30590194451747077,-0.4216175109856844,-0.14159882735202858,-0.05230640595060575,-0.10776858203019551,-0.4864471669827823,-0.3099917875569385,0.11556045946379284,-0.1684870625451819,-0.20324532169004741,-0.06277567503256044,-0.3105729623058382,0.06373124758082202,-0.308425887405337,-0.2966284048451217,-0.26774619765987845,-0.06516134121287895,-0.19194116612600298,-0.17588614529950464,-0.2174142268111526,-0.29443670341523487,0.38283877561724705,0.21841558698642605,-0.03768285692453786,0.33323589633480777,-0.13090135429338642,-0.003756802385451431,-0.011818910774974524,-0.028578996763014508,-0.32157039019352535,-0.04982605601047117,-0.05407217349072613,-0.029321725037594157,-0.14208856604551542,-0.15330080360947837,-0.1749913021577346,0.06653406496153681,-0.12293430959246615,-0.3702023097383503,0.25984361821729446,0.3412081287234008,0.2860757811546986,0.4025411116823349,-0.13361465864661914,0.32688878034973184,0.08029221564869705,0.3357020272003554,0.14487577140184238,0.23003969382233058,0.44212122681646315,0.2765554058558604,0.18712257269879895,0.044840669080437934,0.10783479876983303,0.11660276304161393,-0.18764734742485628,-0.14540768443253466,0.2300143564559582,0.18333881711655212,0.07170635469212865,0.19084597922923038,0.21315465068869696,0.14193996839265513,0.06828515539761336,0.018284289931323028,-0.2236049114170394,-0.3584688185551098,-0.26140370721579453,-0.28316475633948557,-0.038394652964433305,-0.12110148472835192,0.03427172252024601,-0.02557758146858373
-0.0497661018811204,-0.3913857069337676,0.3960503855281618,0.167567781586537,1.0,0.26788566172299744,-0.015389978208432803,0.33268785386171745,0.5190938951275357,0.3478978604099758,-0.3219461494038987,-0.07844358818635512,-0.1555642678827235,-0.10869250219637248,0.07775220064729685,-0.09771468708266216,-0.3391910200486897,-0.257630129257924,-0.3766003615448712,-0.43179911320044995,0.1751656400818966,0.13074181371099794,-0.08714197250020624,-0.0015783074121054582,0.5262143745756127,0.48220775144639977,0.3459994050335178,0.3367960843515301,-0.4259456509503129,-0.34378353512594717,-0.10918772077635153,0.22124637539478706,-0.32325055365160155,-0.00461202102238605,0.3786964438835906,0.3467562998311474,-0.33389573625737656,-0.257687866014898,-0.064520160446982,0.04505725188793572,-0.13010897802263893,-0.25311392703434227,-0.04659499899336551,-0.11456130800819272,-0.043468332379223255,-0.0014319232280741185,-0.1643438607409137,-0.13552129024900297,-0.16209330414783918,-0.3946966202623181,-0.18486560836894558,-0.3310016867359629,-0.19325693752338105,-0.23934321241362908,-0.10000178892900681,-0.10515043502005005,-0.008482652547864305,-0.17749912620594857,0.42265316378337053,0.1250027738963102,0.06979063910848426,0.2445579046881869,-0.42622963863678576,-0.11397945585787343,0.1928605984077716,0.47256229192963967,0.28780447877291954,0.3472555959996484,-0.11168599583695277,-0.3131813562490689,0.05264561850109245,0.015405202608575209,-0.21657513449641091,-0.09819402933199757,-0.1586410691504431,-0.09687531409157929,-0.11157716257945538,-0.21713693186331037,-0.06217120082153127,-0.04801108092621244,-0.06977095506000625,-0.14976143156808563,-0.19640419168499584,-0.41152653024327907,-0.1427462691837923,-0.021335881967951546,-0.3306052913665138,-0.10601466756078472,0.0920921474062934,-0.16325204439569616,-0.03775640070564497,0.19507336173741657,0.2850243728118998,0.31541818412076245,-0.00021507961501920697,0.04178191614782346,0.12554112072941456,0.059692739907469636,-0.09872385122921133,0.11952718868136057,-0.07555944244487059,0.3498890497236994,0.28318714080442114,0.300881534408854,0.19421121195697058,0.09984658904379048,0.3479646532163893,-0.0698188590880217,-0.18121337531716158,-0.10996515797798645,0.20200495503120325,-0.08880995421347883,0.10648083980592332,0.10323952205955236,0.04063388907415442,-0.043895003693889274
-0.29523819121913714,-0.5066579470182401,0.1557112436870785,0.2109267863929228,0.26788566172299744,1.0,-0.07584971036034092,0.2605949937763677,0.2971329159217096,0.4809833682661234,-0.37131020943340426,-0.04960043226945236,-0.3416076868156513,-0.30977821368648395,-0.14270967115962238,-0.02536570805268935,-0.16454438447372774,-0.4204532378464861,-0.2851831668141024,-0.3538261635123011,0.07703385272062808,0.11856944760833703,-0.09211742262765112,0.2590927635682065,0.28820680590996084,0.37310549629359635,0.2335154913544397,0.36991351602457734,-0.4238317104647443,-0.2501451719415773,-0.15926609468657382,0.2341835373365501,-0.43539414875958077,-0.047404852455036006,0.23039347112307873,0.2830341602474739,-0.3651042418913551,-0.06901190975647638,-0.27340562588949846,-0.10879236407449948,-0.2904638305791599,-0.4209185543560586,0.10435594802065327,0.11392528384694481,-0.02641249746854533,0.09122715473327489,-0.121990778492158,0.08554532506257281,-0.17214838124218876,-0.33837471945276487,-0.1559122765478758,-0.26557713827148294,-0.3041685161429434,-0.08932106809711271,-0.14608059335332702,-0.08582822932034034,-0.05716879476421471,-0.10008224194753165,0.11701887491618669,0.09597646881047973,-0.14590325687330735,0.06944219050657024,-0.12153525699210163,-0.18067009882517057,0.32753516288637863,0.38702992343260323,0.25898973250654284,0.368216831390108,0.024236633531405396,-0.15786854705837658,-0.015485915510157952,0.18176204835376766,-0.45098091449465333,-0.1979252822604818,-0.2557270343894472,-0.09679757610289183,-0.25212153929517794,-0.3335509594666111,0.1816139708671955,0.07420920809738903,0.086598681896088,-8.173590261689238e-05,-0.11936647666742346,-0.17528426569356614,0.014639662829324137,0.032332792399504665,-0.3372627561333227,-0.004784794480345361,0.07715389774354138,-0.07917298586292082,-0.10414912885521067,0.14555671001313886,0.2636230978386946,0.12524514714327273,0.014592906077238227,-0.050617267346291225,0.16011497550504775,0.06788377164863195,-0.03223626019429566,0.1900855258810668,-0.059497990677928624,0.11344064878650398,0.006642786225155432,0.2380701250989466,0.05365566065320748,0.22856642837417807,0.15272061252817612,0.005057430337507968,0.017771444596988633,0.0011307659126468935,0.3609495355931461,0.2027691124728904,-0.06464370573005082,-0.1323227167584037,0.08525277532747054,-0.012240656278410486
-0.1085450383717353,-0.1325633662723122,0.20398948368334407,-0.1601653593213478,-0.015389978208432803,-0.07584971036034092,1.0,0.30931210746184085,0.0631143999778632,0.06616268760481868,0.08977823553800401,0.04904820370345546,0.4514962930672721,0.34661037189469446,0.18967666504506983,0.23779158347188267,-0.15269110601036895,-0.29259442466468,-0.3479881743895242,-0.1594337051314902,-0.0173804110282082,-0.008945264558661422,-0.17014301584469296,0.08636395643509216,0.041909863558621877,-0.047892356990992604,-0.12141939034746244,0.03569974809680122,-0.07221410866511328,-0.021041361952540853,-0.1807052733839348,-0.04611285388723057,0.018215618849843337,0.42140095407025435,-0.06949680703812407,-0.1264077545081224,0.2421498964338617,-0.16850545312406792,-0.042663522027433926,-0.27121207669322006,-0.04077004234671733,-0.013557499585584467,0.14143216663325742,0.26934922531825894,0.09696663546666319,-0.10249564160991084,-0.01771220924443611,-0.08720371945206759,0.11726498599716696,-0.0571456946566747,0.037848975433768056,-0.03066411366517171,-0.09545368895566735,-0.1385828385519032,1.1570930768257229e-06,-0.4537760070971099,-0.4148996921696925,-0.33142830837064985,0.19048694570919555,0.12486908627020517,0.396414212186115,0.051525080148245375,0.253460296091825,0.10869404799229088,0.006574059719278165,0.007352303911916509,0.29571034041490196,0.15167743601225842,-0.3358300254150079,-0.252834996190334,-0.045360527057977336,0.013077213466724873,0.23839745174026788,-0.11726193269070728,-0.17283920944007136,0.06962501204273637,0.2123799762940985,0.23967016932300972,-0.08391230264436524,-0.26812986190246046,-0.1745899355637153,-0.18261373824232643,-0.2993375193921038,-0.15393282541460726,0.06818648617747589,-0.17167029535424885,-0.004597991555100575,-0.32765296250660886,0.09476871244849121,-0.2656256394999414,0.08160592479175989,-0.1400858089205852,0.2547493383619409,0.046476577723168065,-0.31950296182256527,0.06077445900654997,-0.24787745695294197,-0.26606135025043337,-0.034889073571731086,-0.28455244440578803,-0.20504690063733488,0.0031112445932423302,0.09903153429167516,0.09778387902773902,-0.104883548306311,-0.03242098655896971,-0.05955173036515192,-0.18890110954906256,0.1521096667517299,0.22284178193767823,0.07069469655415417,0.17724966694365643,-0.24342728469804284,0.21686153062444902,0.14343586261461175,0.1570436450857743
-0.21115111702498265,-0.27005491183240166,0.013032424980156625,0.18372943113219442,0.33268785386171745,0.2605949937763677,0.30931210746184085,1.0,0.42505427251514766,0.5850480281497678,-0.2867688749862737,0.3046566837636658,-0.07597182089248893,0.1624362137075606,-0.05016148090165362,0.3696813263217564,-0.26167848515585745,-0.5279567476391798,-0.5270969365641645,-0.37330429326338777,-0.15639014748434404,-0.06063463621790141,-0.6695496123455512,-0.05922582785592583,0.045407616817304944,0.3183133712741881,-0.2089572670764248,0.23546464676850928,-0.2951554739358843,-0.09257377285942608,-0.5949512237402589,-0.19520110748350164,-0.16121202354131894,0.22991802012888687,-0.07329801271346272,0.06045609235644234,-0.24048183563589062,-0.2709563069906387,-0.15564845398992563,-0.15658473902299333,-0.2675586955406276,-0.23368157321092733,0.0003213309165347877,0.06382243546873466,0.10509862823955841,0.20872932296471192,0.15095845106128558,0.0036584942815891994,-0.07820267667906604,-0.11285945223085975,-0.3158499785567252,-0.34379608110299287,-0.3489161264100872,-0.14732696459724096,-0.05951834004174192,-0.1942466882614882,-0.2555866148178954,-0.43737399027195467,0.17899669017164008,0.4773527145378609,0.05315530045679953,0.3685595826366896,-0.197934161161246,-0.0734608056834624,-0.07872482406048373,0.6222906089027143,0.2824566148994631,0.45097923351100694,-0.1738713357423156,-0.28261342108072934,-0.0751324508732261,-0.08082820314321443,-0.13818785647368714,-0.12419802946832725,-0.32926867162795836,-0.0226000799947924,0.1365742617737058,-0.21318075566729755,-0.1561766397687315,-0.10875252691950622,-0.04086157317795494,-0.2603782674747025,-0.22533400174071086,-0.35612701409679404,-0.056858624493881425,-0.03952418168213566,-0.19055020592444377,-0.1911440463020637,-0.08404248106788181,-0.18360076199178157,0.1974453782849092,-0.32617578967577476,0.5665068757848213,-0.1035816275680281,-0.01174243808286122,-0.030510755953681957,0.043052582917041324,0.056433252144595686,0.10424417298749657,0.15741573203187095,-0.13442066341014283,0.20211942333297722,0.3602413344868204,0.17722783931582173,0.18594338935215848,0.13401487667295026,0.19217380203473136,0.08951411222865885,-0.04723902624410023,-0.09923173723022398,-0.009797672107265407,-0.03544822871086026,-0.2352453683147907,0.11313804674501565,0.07741584577454622,0.2255937821100941
-0.160294437408681,-0.28829371833350886,0.3087893044314885,0.14596516120067352,0.5190938951275357,0.2971329159217096,0.0631143999778632,0.42505427251514766,1.0,0.5600337194900333,-0.1675292627781642,0.2854826961614072,0.12591469045470105,0.21161927184197477,0.3258707934633403,0.19078574897334205,-0.35552474399715916,-0.3928574669054007,-0.585338180120912,-0.5941714954544276,-0.027930534273734063,0.22089132003854783,-0.02555513867068388,0.1302485806080579,0.2430568001307415,0.2399044963357113,0.22030511759523833,0.23809408065199014,-0.3309867122544605,-0.3429265356212598,-0.4496622926388728,0.0005842728837134094,-0.36463508966489,0.09567670481611254,0.1044177359366801,0.3152280841122834,-0.3853298401538668,-0.2686793659739961,0.12370734728496706,0.19918243655231066,-0.03279072930207944,-0.15476683008452205,-0.19148318165017,-0.07920876399668679,-0.15992324267207045,-0.15981378241494953,-0.0899385397216193,-0.24257344592066962,-0.14395946447686536,-0.33232126407586476,-0.15373501351727853,-0.3538017295162651,-0.18183385431222684,-0.3447746323802493,-0.09075973306483037,0.008887029241343011,-0.1882913884023448,-0.23719701485962003,0.44265320780996986,0.22094028799562013,0.2092200627848354,0.18628210806646897,-0.4667310318828903,-0.2895966873090198,0.1475402888422283,0.6133625277070011,0.20366054687989485,0.2983483517842084,-0.17952754624637796,-0.22219080176317316,-0.03818219103450889,-0.05348316592742055,-0.3525829327790683,-0.2948120868056352,-0.19665490011091893,-0.07278934293372008,-0.1177043764323417,-0.2636311475895878,0.008540683919322374,-0.17483732971884142,-0.05312651096238693,-0.15201316104762005,0.0751373921265061,-0.2300190594041854,0.06516809685801278,-0.02261357398628413,-0.20505097134845132,-0.12232491440820646,0.25796480319117704,0.1280885776669233,-0.22556419642689485,0.11140930918272683,0.4495424009324768,0.29360273882927446,0.15227964194936025,-0.1859623519077768,0.24820547005536803,0.24763913786946803,-0.07957270778876145,-0.0535912387759744,-0.09536113647780906,0.10290484203203287,0.19534618943741683,0.18721425341749098,0.1786970706945824,-0.06737818381416445,0.28713982576618924,0.0059167479766020934,-0.0742055159116733,-0.2724828967650723,0.23822580362751025,-0.18834653744915725,-0.1234547291918658,0.13906099947401954,0.0016997809858332,-0.13038530520917532
-0.418802390583532,-0.3974566866101004,0.20222254101404272,0.38414350957188337,0.3478978604099758,0.4809833682661234,0.06616268760481868,0.5850480281497678,0.5600337194900333,1.0,-0.11330762802547639,0.4672669693267669,-0.06020947752477799,0.18741925248450414,0.14080543852818533,0.3776503907128064,-0.4738734024748835,-0.5306790607083063,-0.5459543721496829,-0.36579238874787734,-0.09697665760818008,0.05070743199830868,-0.1943019070901824,0.3924383397575583,0.10663771142686831,0.30993560836826606,0.16120111225832454,0.30688474268163896,-0.5532295057115022,-0.34719428575990224,-0.5828126350580566,-0.14677530255962987,-0.4695926263473713,-0.13078861730762045,0.06439261608255517,0.2643191331680083,-0.44817061084605414,-0.256797628338301,-0.1681055591708508,-0.04045091769206688,-0.3634768516149126,-0.3034633941309037,-0.10480592623528749,-0.040266465146083584,0.029372023499039432,0.09292894510518712,-0.08312325208418737,-0.0384220576639857,-0.159811855603481,-0.35452155452146766,-0.15410842076400086,-0.3004050883285378,-0.2345580355153389,-0.2758523213850432,-0.16135268602321173,-0.1948911083282612,-0.3678408630566794,-0.36717451024114633,0.20622011131363213,0.422028420605748,0.07158509715848305,0.21605473799906783,-0.2885773174392486,-0.28215664850569194,0.31237181656090507,0.7039920609213843,0.29823965065022645,0.4857983919026792,-0.34602581106684516,-0.44934229823466454,-0.10433664631701121,-0.002651713524655505,-0.5412493052140434,-0.11672871304258216,-0.1810478645606075,-0.07609771571588221,-0.0386929198071701,-0.3379346222295319,-0.017262130717011014,-0.14496603076924308,-0.17218017613036243,-0.3285652885460353,-0.13811087007251863,-0.31397441586700064,0.17852489733921562,0.07460769836435939,-0.26727440960242316,-0.04576763175184474,0.20109792095029652,0.23188148822826427,0.03408680024071456,0.033536988410069385,0.6262304789434793,0.2460074948836386,-0.025286046298607995,-0.04990696398964059,0.03852789066214866,-0.006768194517654666,-0.025347996883827006,0.0393406796093428,-0.0186492041563302,0.1133526716033748,0.12641999482523172,0.23411014755443477,0.2394096877923166,0.15392389016459646,0.24196411330467021,-0.039321593118674183,0.0037987429938114874,-0.13043293976410233,0.1315302966558796,-0.042647021545941216,-0.10283738930263983,0.1703939398526808,0.09294340421945148,-0.029800041827185337
0.22152758407176923,0.3118106562644742,-0.04605003115369672,-0.1853351597636423,-0.3219461494038987,-0.37131020943340426,0.08977823553800401,-0.2867688749862737,-0.1675292627781642,-0.11330762802547639,1.0,0.3927966827251814,0.5985310322621329,0.5880096505020467,0.47839819421695795,0.08752750703794727,0.07890506956989954,0.19202050902902892,0.04394352063846183,0.340498101737486,-0.1132561355104509,-0.128494444158464,0.26509711266611696,0.23566910528912347,-0.3938966229278356,-0.32366811700903914,-0.17124335514607697,-0.3518616330497142,0.25101150266813377,0.06161966459202805,-0.05957967300477824,-0.17990104745379423,0.122772189173654,0.03814166556573335,-0.20475797592873488,-0.19677545306122668,0.12362155829397979,0.10633248643791272,-0.017164184839177626,-0.0793743877541903,-0.09344589991448111,0.29063619808504276,-0.12697484130173609,-0.12566547065846084,-0.026932361162901913,-0.2687200319798983,-0.23124443318939672,0.023049531463378462,0.23358051871706442,0.16397089936827225,0.25137328856535035,0.4503680203828733,0.49811198836536874,0.1002681922684483,0.08566337774847985,-0.2549707001527891,-0.1794172531800251,0.04094641509108211,-0.05004890087765379,-0.09112315880595061,0.27714197682187447,-0.014600984208075967,0.16083901515429125,0.0830037458107592,-0.09098210297291867,-0.23651845043106082,-0.11408130016334775,-0.3832916331106858,-0.18113486937744594,0.09378724236569366,0.07077405236558278,0.13089091613515438,0.23054629157009024,0.2144233145042865,0.34006039436772584,0.3118634535823577,0.06619006118510573,0.35331296470607415,0.04754841326749683,-0.2124642598678615,-0.09948428890683494,-0.1493169435987485,0.049726640788273595,-0.014476291083804575,0.024431963600840618,-0.3010861552000994,0.08434314189235777,-0.05815188086154174,-0.04658987903184242,0.1458970077886683,0.11033762793912628,0.18724599523565522,-0.0792271411597671,0.07484390295402057,-0.24721989134128092,-0.01570354645337414,-0.3531196859885915,-0.3307570589903201,-0.08153603058731423,-0.3278285959401628,0.13921540089808296,-0.0065409516174658395,-0.13235710865585243,-0.27270991113691656,-0.15809235380434722,-0.24362218764980648,-0.219755874566912,-0.16209154523872682,0.22140618920079203,0.16916285174639964,-0.150555701466359,0.06855332473245916,-0.07017407138856283,0.1584901481150748,-0.11803624224689035,-0.12708398393574832
-0.1520212611547079,0.003833526088649396,-0.08067497187123415,0.3404992558105609,-0.07844358818635512,-0.04960043226945236,0.04904820370345546,0.3046566837636658,0.2854826961614072,0.4672669693267669,0.3927966827251814,1.0,0.19918945956200762,0.5137176906684465,0.1961305156721968,0.46822559280501896,-0.0659407232958298,-0.13891688512254854,-0.22766774708285162,0.08206474218312745,-0.15928329848876946,-0.17133142464318343,-0.041002881769190994,0.3995630906602427,-0.3332169399536052,-0.12196321319099805,-0.2957078060761387,-0.26247423888602606,-0.09268664934479073,-0.03555921745352111,-0.3917778632393289,-0.32170747179284287,-0.1968867399709286,-0.1863311617660218,-0.14263194810577173,0.01830292890055802,-0.1851265755561604,-0.3083780238513037,-0.22374864674506947,-0.11168944030471506,-0.1681262362951527,-0.04661932349134742,-0.1988974103367028,-0.23220786558739165,-0.033278205012936254,0.03375527727851564,-0.009594828874951375,-0.2107870757416855,-0.11536015178992749,-0.04618101298062779,0.18040953610828225,0.12444997451627121,0.08137588509281782,-0.021035502062889393,-0.224279972364178,-0.1248592250024648,-0.31716566395709367,-0.2999751826638734,-0.11317095098219253,0.2530651779157128,0.14029052105181278,0.11823899456939761,0.06106965611930123,-0.0841500642783776,0.23834729923818967,0.29447038221958555,-0.08188436810356761,0.04773009892993409,-0.24430971025017048,-0.2916841949455378,-0.00019526404464444944,-0.006845367945752774,-0.1498171073056883,0.01260707197807005,-0.0013263631918247086,0.0741658039106238,0.00186593447817979,0.01834911459868445,-0.018565330044221496,-0.2057309341876303,-0.17515492193628304,-0.30806787468431746,0.1687699047769145,0.1396529017923909,0.12288936043064015,0.016620432787668903,0.07997573378800107,0.02474943255369603,0.04084250986231612,0.23021599083601402,0.3060264791658309,-0.10492016070598167,0.3559531839559897,0.049569688199181894,-0.060922272562338564,-0.047064501951000995,-0.13436955259035502,-0.10944459439780369,0.05065541886447633,-0.12197451731231845,0.1013462978734176,-0.014999126608044543,0.011985499440270593,-0.15890427726481055,0.03675761488236048,-0.04234188339391391,0.06338682302751682,-0.12027552678488358,0.04872717555748697,-0.1288334651244405,-0.1963976450142253,0.0023621601365155604,0.04705100041413851,0.23790404326243242,0.10528537372497282,-0.0441231628781859
0.18716772260679806,0.1253615336984765,-2.8090938216398913e-05,-0.2852362890255401,-0.1555642678827235,-0.3416076868156513,0.4514962930672721,-0.07597182089248893,0.12591469045470105,-0.06020947752477799,0.5985310322621329,0.19918945956200762,1.0,0.6689921649277041,0.7059121159454622,0.2493549521291566,0.006217930983243092,0.00832832018205556,-0.29572390801593534,-0.15685532606488778,-0.142423475117766,0.09286336674466072,0.005151294690161824,0.027925462217413613,-0.3720803000078841,-0.37451085363321024,-0.07897692268604287,-0.14212545339431953,0.26207435765373077,0.08770025551244996,-0.3141788310710457,-0.14273262699564224,0.14209329196707632,0.31993247698679905,-0.3066292018691556,-0.25457139230031284,0.3449082697183967,0.0417813210215687,0.09247276971315548,-0.041684453686235044,0.19781411655974626,0.10850042407699499,-0.08409336310651126,-0.010161454367397377,-0.244471527676524,-0.477326876519026,-0.11550079995836557,-0.1574011117646723,-0.00038154719929644326,-0.19267220294923387,-0.0022429038649046575,0.027498797436921737,0.1273722352158459,-0.19236837637612458,0.152559172234511,-0.15812466482034424,-0.2819675175626114,-0.19918254112331718,0.19044375523527585,0.10935306843156524,0.5041476824551296,0.020870823618160138,0.2836448922570494,0.2194667681319959,-0.14432824071681363,-0.16494212543991205,0.24488734969400877,-0.17421333909807893,-0.32083009527324874,-0.07061896117601693,-0.036335617160926634,0.053866374935494094,0.284321488654637,-0.08587314145133987,0.06876431832612787,0.2938029405836644,0.19741261410476552,0.17440368376943843,0.060161822889494204,-0.16680771014213056,0.1281966464104592,0.04099728683321211,0.10927407174730891,0.015287780609011944,0.002183362424543769,-0.16070176896214491,0.055091131641472994,-0.16906569920976142,-0.0165660808640549,-0.0033280525291328254,-0.06596023490164289,0.17923977735567806,0.07007822327092247,0.13326003784241663,-0.03730233149796275,-0.08529627229993825,-0.1371951817034268,-0.07169901900832079,-0.011598378322291129,-0.30769742453232574,-0.06171532308113511,0.04097185831670243,-0.08188575004760404,-0.14799313402264036,-0.06622379788146407,-0.27983433251020245,-0.1268988386292899,-0.06505469434498215,0.19555727755786242,0.16916253030325173,0.06168532405553198,-0.07163090599794027,-0.23765886636083305,0.1879973447471521,-0.1003508218697315,0.0007003915287440627
0.21363450952032434,0.24930894109370255,-0.09603824709473685,-0.21581594115200706,-0.10869250219637248,-0.30977821368648395,0.34661037189469446,0.1624362137075606,0.21161927184197477,0.18741925248450414,0.5880096505020467,0.5137176906684465,0.6689921649277041,1.0,0.5961317552484733,0.5437207933535017,-0.11307411004094119,0.008031015922684194,-0.38834814689919417,-0.03328617299390537,-0.31880243379526735,-0.19793697382179432,-0.1214563506758481,0.05948561984216639,-0.44033647261475817,-0.37951430074733516,-0.30324581503405323,-0.2783042103104976,0.029326926177266843,0.14013461031192698,-0.42868574852799973,-0.44594542960527583,0.05827270909578491,0.20513355855680782,-0.3024295040640912,-0.03460549787428651,0.1715829806239728,-0.16444715171750957,0.03835913082703038,-0.04528394680183262,-0.08558826189251292,0.21657881743687935,-0.36885591402769446,-0.15814944625148494,-0.07527974777905073,-0.32669203345278247,-0.20632510777353436,-0.2736653177203834,0.17726868195360315,0.007048508957422908,0.08181194282331263,0.10814544457325038,0.32319091606915185,-0.1292328634720201,0.196202941425929,-0.19719305457241323,-0.18606481574054198,-0.10707361597442122,0.26928451573220025,0.2783389504035949,0.5995166888694347,0.4057398705885776,0.05354335129647838,0.25425503537126437,-0.15575288893124367,0.13055088841515225,0.0682595945118534,-0.17834338704484,-0.24445659668825714,-0.1120870285973824,0.08810300888784904,0.01519406641388174,0.21018787723708293,0.18030870067687024,0.10725840959365242,0.35481976130513787,0.22690210204876915,0.1807604823068008,-0.054206461992082025,-0.2892831872450572,-0.20352980635016202,-0.21793883507904355,-0.12531029993493753,-0.13801103542115525,-0.06209229397339261,-0.31243695938592564,-0.02105882632010931,-0.2862765019332899,0.12596893473936527,0.15230084804752367,0.08205036877686804,0.028848961893506785,0.07867939741454091,0.01786996181257708,-0.23331078483450196,-0.2793074432347809,-0.36195663518363064,-0.30606542297961764,0.03539879063385311,-0.18553796528290117,-0.023814748545724452,0.08796805560941039,-0.001423276449004833,-0.06890198211392581,-0.05570695689006473,-0.20185821077478514,0.014833476620424705,-0.09476223478414804,0.06662695770955679,0.025769437393018842,-0.20769473887439407,0.08681759699430337,-0.1746871695436659,0.17205142839693896,0.01062185318037868,-0.14295727227199817
0.15684150877120684,0.06385343136146258,0.05567109369738845,-0.15750864317154079,0.07775220064729685,-0.14270967115962238,0.18967666504506983,-0.05016148090165362,0.3258707934633403,0.14080543852818533,0.47839819421695795,0.1961305156721968,0.7059121159454622,0.5961317552484733,1.0,0.36261638919259526,-0.05526883931776033,-0.050865483251345656,-0.2810343783744794,-0.24538564652827713,-0.2333461820429814,-0.014314752902118739,0.11473017778179513,0.06731651422266921,-0.280873585555996,-0.25206520216136963,0.035231621240488335,-0.1224487547159615,0.1790703098512065,0.009782110224716832,-0.264811843277207,-0.26972620065437,-0.03225162980801268,0.11861853890683517,-0.2709664205996532,-0.05174750201073134,0.20916326029448454,-0.042519973292231554,0.12481443224281165,0.006703521311157349,-0.022594678546711364,0.04863823822564189,-0.19223995412244774,-0.06952034739850184,-0.1963299953554488,-0.4646977510533008,-0.19761914263741492,-0.1677803031575583,0.024515384031339623,-0.20718526748432914,-0.08641104950013868,-0.03622811734604424,0.05738793491676612,-0.29250139029820155,0.24644956253510464,-0.17509428180718642,-0.23574794095890322,-0.16520349768188852,0.41574935673178465,0.28101193637235017,0.4873055122423043,0.151274092642261,-0.05624344007916493,0.11354488048172556,-0.08097902388269526,0.05191380921239574,0.20986650911854937,-0.14848843065521983,-0.2801648543791363,-0.1514665009199252,-0.05307693589498533,0.021870627172692607,0.15644275081366626,-0.03912374672687791,-0.05595342736972873,0.27838377651551693,0.20821140109069275,0.09257870403030719,-0.07886794705763663,-0.29222087289475335,0.04194446259782614,-0.05556526006130826,0.0639063859532269,-0.10546054626879175,0.07832742399452416,-0.20683310914140635,-0.09568525840214333,-0.21369758069492573,0.30359179397939057,0.10356244797404816,-0.1184098268307559,0.2757697759909395,0.12238423753013976,0.16806506116454964,-0.10309347009564238,-0.2211975754439597,-0.1540824018690891,-0.09465469212308615,-0.04561634195059963,-0.24836028848362715,-0.14086050124046973,0.08235468938361366,-0.026516456638357357,0.03943576823310639,0.0240467262824162,-0.19881724137815576,0.12659155278772138,-0.039502868577506914,0.014890457996851392,0.005982749467071647,-0.011947048016676936,-0.15957322274993027,-0.13302509795378611,0.17359033118846945,-0.09666235337253895,-0.14563473954049444
-0.10704970336959192,0.03839351652335945,-0.25565881336757645,0.09477647741032984,-0.09771468708266216,-0.02536570805268935,0.23779158347188267,0.3696813263217564,0.19078574897334205,0.3776503907128064,0.08752750703794727,0.46822559280501896,0.2493549521291566,0.5437207933535017,0.36261638919259526,1.0,0.05283431907685171,-0.055702542302919184,-0.33335766948497586,-0.006602267910612594,-0.4216316460900865,-0.2207226488062089,-0.28120150949083267,0.1470145449271878,-0.37963501962394425,-0.12880454898028484,-0.44284387866030445,-0.26484145221804434,0.04928150078702585,0.1999521350974509,-0.4493310767098957,-0.34233218741170407,-0.016777520326609827,-0.009134934815831247,-0.26018901669050654,-0.10620927383212976,0.32924621085701583,-0.037250576319363016,-0.05878200712246751,-0.19729919916684902,-0.2191598449822905,0.11081476715179076,-0.27804070752317345,-0.2295362343944777,-0.06576137329582145,-0.11174715027310729,0.017639575596905866,-0.40810141612540135,-0.05885115310312231,-0.048087778945213724,-0.1562371731042252,-0.24870986595648434,-0.05047337774473546,-0.23550012225009626,0.0018566241695494928,-0.33859943254055624,-0.14473057717100238,-0.09447145252399616,0.041807806387498724,0.30444148679427036,0.23540376772318838,0.23405287058129026,0.10783454251357559,0.19300806957330213,-0.020662724992844227,0.0896699634417355,-0.11707179159682492,-0.07692522393751781,-0.18502460962663272,-0.10798255123207988,-0.11310775358946848,-0.003538949680025391,0.2075060046044882,0.10545665537135071,0.02640747836191289,0.22473258933874043,0.1640966079412369,-0.02959151604982091,-0.0049769771017340765,-0.004924574643113366,0.1307874827145173,0.032489203760647116,-0.1479788043453265,0.19196416206841604,0.33633221833127747,-0.04568674165917986,-0.08823156005927624,-0.2341529381520192,0.23589248974186117,0.035610595118053756,0.2106223000099977,-0.12318967226621827,0.24745136265715242,-0.0650116821013246,-0.2702622278243939,-0.2049530208015194,-0.43789697651759923,-0.29297219467584484,0.03886763366103958,0.027362677508757368,-0.22036769283959573,-0.011033261847900575,-0.0035085689191438995,0.04112947567784368,-0.1091231920249757,0.05018699551209471,0.10556800243885281,-0.0024914311805345367,-0.14545898129754167,-0.1174883845470451,-0.3889898800913932,0.0872145983659172,-0.22828845607448456,0.08675630101898121,0.1090176086582604,0.09581158009615676
0.23975176837210202,0.47261857597377094,-0.5626424368174989,-0.24218161336606228,-0.3391910200486897,-0.16454438447372774,-0.15269110601036895,-0.26167848515585745,-0.35552474399715916,-0.4738734024748835,0.07890506956989954,-0.0659407232958298,0.006217930983243092,-0.11307411004094119,-0.05526883931776033,0.05283431907685171,1.0,0.5739546642623531,0.35252621991783795,0.23531484623915683,-0.15278843509866258,-0.2328851141052681,-0.17503736481501508,-0.32389136499971183,-0.298044746151705,-0.5109543252351783,-0.4151787805873495,-0.48855078587187406,0.5246662337570424,0.3669298897875625,0.11083959138297216,0.004821063472984586,0.4632269122147839,0.1156837001391368,-0.4262479070142751,-0.36638473884504474,0.3669236959091122,-0.013994546367307634,-0.16643197878593063,-0.3731283038987984,0.026969900338401104,0.11767566481938378,0.14185707849158613,0.11187712089510543,-0.06292248877916529,0.10112728434742399,0.24534441353234307,0.024556835047364552,-0.07662099349065754,0.266023761198148,0.02957879639960784,0.25069263639039396,0.08345086634695682,0.2727222481224348,-0.08367342980993354,-0.023983789140909397,0.4396232869898352,0.43914142815637847,-0.31174559974143035,-0.018286708818921,-0.23440354338979752,-0.051710881906008824,0.4440315929950356,0.39634635615455427,-0.13694133269149034,-0.5364957695636933,-0.40180774509989314,-0.5040342753107868,0.498852456339256,0.3688393845352325,-0.2081163995023192,-0.1073565284924543,0.47581441721900497,0.08621476013871297,-0.0297489345984386,-0.062375411653343454,0.058959980010276254,0.004714187435043272,0.35728514000110734,0.42556984640228457,0.44980384211586066,0.5871894778715882,-0.02172867695054878,0.34944654887790516,-0.017588389110726736,-0.08127041423331338,0.21383848418318363,-0.0806513258478446,-0.14703327381097162,-0.27894909983298044,0.1527561926730918,-0.2666210530176328,-0.385141569792292,-0.43435191182834987,-0.09644991472707748,0.11802321602278167,-0.15248190778286022,0.007932106785581688,0.27312266894862736,0.20493209328937192,-0.07337480486264349,-0.17280217127480627,-0.12959313810601433,-0.29367480873426893,-0.43631888571736493,-0.14928900062551476,-0.1412721215519048,0.018020946946470603,-0.07704704969559101,0.28605268833926584,-0.18892311301552736,0.15352054907715013,0.15687551173547445,-0.10925238980829066,-0.12244503776569787,0.14453119513040963
