1.0,0.6664977342582985,-0.3412249942035201,0.17403927271940547,-0.27742846410191935,-0.3018980681512845,-0.11393711421901716,-0.34022632802049363,-0.4736571130043916,-0.4008197690665432,0.13041292930492804,-0.10067017682760619,0.1446410487824485,-0.10609309477742508,-0.26944666901288944,-0.3490450628758092,0.3976401314380164,0.37716714644035987,0.4224672155469774,0.2829859845626697,-0.19646687072749472,-0.07697516057876061,-0.39002438330105316,-0.3129644015923278,-0.3559028939244288,-0.4442839879783829,-0.30208254460709755,-0.21313768413074513,0.2493355498086971,0.3499103110034619,-0.3208953650047333,-0.45543154223240573,0.26105758486464403,-0.012350420186547504,-0.42653224738061124,-0.42490740203240707,-0.04769983414716496,0.11419654762080324,0.13792435064744477,-0.2082204294773952,0.008282186840309682,0.04821241649197595,0.14065980474544437,0.060439652611298925,0.07146695725664197,-0.014799782111699937,0.06863156304960402,0.18586494118386734,-0.03228570723910832,0.15378291210124032,-0.1596330675492272,0.28184632386420777,0.010513505415953816,0.3733630094259638,0.04989891441240879,-0.06469090419193901,0.49204833087518435,0.5542760461495916,-0.0831476241717669,-0.13462278535248282,-0.1365176092174526,-0.15567513552715134,0.31397161712286675,0.41221489514848536,-0.30829807744582066,-0.5050933129188214,-0.1758776058253975,-0.44738952040404023,0.1101836191713078,0.013308349297469841,-0.11056790335871411,-0.15523011580906057,0.4154255674182483,0.3045024607667306,0.2614511759912771,0.13882179094359717,0.289349378356424,0.11034582134533504,0.08779614647914022,0.07322386987296677,0.13404778720815236,0.303819656299629,0.015800545095349415,-0.04206388730502795,-0.16784425239251216,-0.07152746055149134,0.12750114550621275,-0.0007647532783636958,-0.21051144044274833,-0.08695055917946351,-0.2892240928844013,-0.19577870157878796,-0.2206020906669998,-0.1605028522509564,-0.017033012051860898,-0.07131016050973119,-0.18152885350382528,-0.03595614729280968,0.2961239971575603,0.25922604288533857,0.19337060721641774,0.11065827689019896,0.16368350528309666,0.04000116878319044,0.1997413589270936,0.06618882239861872,0.10041240781786272,0.013616645660529825,0.1172349483799715,-0.06530666237336617,-0.22708622655578875,0.24119170259524372,-0.12646068267448313,0.10014231151443428,0.3179341289319548,0.006750489129774266
0.6664977342582985,1.0,-0.2533000259488443,0.07729239424193829,-0.3334700247235243,-0.350397659281338,-0.07402304164714511,-0.20364239831228176,-0.4824448700535129,-0.36422064758690587,0.11685661207355579,-0.15944243939201092,0.004638833259700986,-0.06440032986848651,-0.33542063789759535,-0.3427989143333066,0.3768533917387539,0.36279326678983287,0.33433528194975815,0.377081489231274,-0.2761140223998563,-0.14134288819887308,-0.4077751691706396,-0.4005960085049092,-0.35832288148581937,-0.5249120956560452,-0.32264619288152113,-0.17359022573615207,0.1517786416895251,0.3471989504056477,-0.37601731559897583,-0.5925345631898712,0.425131885054508,0.017361455059287326,-0.3316433784222015,-0.32866151746863065,-0.1399789535507215,0.26410580837518466,0.026471261613885164,-0.19325402451798435,-0.08205126505821084,0.22125670773789338,0.14437468002776166,0.1538211814391203,0.12199719588454276,0.06851773864360938,0.010170141557383628,0.15788434249850256,0.008443257917233446,0.33365277066454907,-0.0954683086002174,0.421590904956506,-0.12684952451188286,0.26609035962927013,0.10473602958907308,-0.10133256132753818,0.4407426700479599,0.6510884864575845,-0.08149335743869411,0.009744085162690345,-0.14943917309371046,0.038785426912664886,0.29572912082048075,0.5912249607617021,-0.33384151334786877,-0.5386008605022177,-0.1320339298867494,-0.3763072649027267,0.08818985993366875,0.021382126762373686,-0.06186623803681713,-0.08529055116797012,0.47643003710155457,0.454640277689765,0.3091757304470371,0.1441401557986558,0.3898481577042486,0.13934041502837322,0.049835097747480205,0.03771621268439353,0.057137804479924434,0.1624413378614202,-0.1820796050312221,-0.23902195298184784,-0.22743220415495968,-0.3070540500437312,0.13060147263559618,-0.20240491142322284,-0.24568183086939008,-0.16307765255845888,-0.24166234061719735,-0.22733386534845354,-0.24444242771220318,-0.1604467808068525,-0.019478463630548594,-0.04162962919083535,-0.25526876775253327,-0.11770856110139917,0.19760740168630675,0.2380087056637805,0.2009394177135034,0.08327830754273394,0.19882865962275545,-0.00557446535326571,0.3103414708610848,0.3162135281811681,0.10472902119036144,-0.11072430401318666,-0.08449447109540151,-0.20000572404969638,-0.23693706504758105,0.31496109205231165,0.03624119097422438,0.009154294549354985,0.4019722455156568,0.13384923517071254
-0.3412249942035201,-0.2533000259488443,1.0,-0.03379219086694844,0.3768775385110895,0.3281323199836381,0.546319344337058,0.29722460830983366,0.3442708933856523,0.20137121073420242,-0.03494900589295072,-0.1567411237500731,-0.31560583018073457,-0.1774601585879624,0.10291847614867533,-0.06774483661614097,-0.5404808469920038,-0.4708409718221373,-0.19145680837219214,-0.2875773311265799,0.19196121544082084,0.13698470930548376,0.447323929946994,0.31747703840347186,0.6258490064245474,0.5153242889465938,0.4830426847536465,0.4608572888052133,-0.3570937255896124,-0.5463571355328001,0.7193159150589755,0.6043325732361347,-0.03247062549871138,0.0014858214081464839,0.4282663847991964,0.3252704473052586,-0.16595996514251773,-0.045521087991571514,-0.061252481084096935,0.17751811114237886,-0.11706895402520999,-0.0883173428634195,0.06962333958967187,0.20367160367180212,-0.06812911649857346,0.024296730583840343,0.06855568702867103,-0.0665185512679963,0.09946005941940946,-0.2581704870362494,0.07467677826396205,-0.18381236898819692,-0.018685357707251354,-0.19408346604242493,0.0344365091973379,0.03335398359101528,-0.4151574751547412,-0.37391959851721907,0.34274098854177315,-0.27047088278195525,0.10522051976552946,-0.298743919164497,-0.4859981885061568,-0.5154994906732647,0.0965720791182338,0.28536173608563614,0.42640150723047876,0.33168147068482945,-0.16244001672834216,-0.0439795688898573,0.07096407475780869,0.25907418054092357,-0.4473223705549354,-0.35149302362503426,-0.2591436111192448,0.0313331372984399,-0.20450428503163637,0.1822854759666294,-0.36481598964179385,-0.3256476239584043,-0.3819546832128106,-0.5246964641447894,-0.18215543511527837,-0.23650512192418072,-0.1260685454702544,-0.33489257600349587,-0.05800949266660141,-0.2749187136458978,0.08864997574313546,-0.14445044736038717,-0.03623376440960515,0.13529707833828858,-0.03822871987846297,0.2125055916441417,0.0995413376486351,-0.032930153623402625,0.24574306389641162,0.05006142355759897,-0.27177452687659104,-0.14757592942464637,-0.29697461178429385,-0.13422089505750287,-0.23534406435561256,0.05412022808800464,-0.024218998611053155,0.04895854275273925,-0.07326375222252157,0.02354204961798942,-0.22899594320498318,-0.005676520392377424,0.4338073030873675,-0.22698578849826972,0.010382525414926586,0.10007723345627947,-0.04809222784072847,-0.02540034259556659
0.17403927271940547,0.07729239424193829,-0.03379219086694844,1.0,-0.1403676166148747,0.02254142799606817,0.0249579686630002,0.10339662564912716,-0.21908758911274334,0.03214440316551499,0.15051425706460864,0.33099201983102294,0.14138991066836282,0.1144478729988364,0.22026682122179472,0.125201120190792,0.003523979907087036,0.08908685351380674,-0.07605738711318676,0.17830708876861623,-0.34601721824444026,-0.26852765835549913,0.3018124221837208,0.3541443885827671,-0.2773356864569322,-0.2770522276628626,-0.1439350728742439,-0.22245438871175569,0.09888247497463239,0.03933493301347903,-0.030873116715008357,0.017184396759712457,-0.03201815591205177,-0.008201444376778992,-0.048116838477274125,-0.040671916479609695,-0.09313654900963658,0.13085936264018594,-0.052767619816318515,0.11582081340658769,0.03584074729532088,0.05889441611572335,-0.19990881785728204,-0.20964225491699434,-0.09609014610574855,0.007950378248789688,-0.21563874859547458,-0.2179327057857508,-0.1904032452317597,0.14301267675923773,0.09260966017413891,0.09112583451933294,-0.2006644771739501,0.04931881728263807,-0.07100616847662779,0.11043368148353482,-0.007982887008091862,-0.06420818918191187,-0.3060182474902202,-0.23495570096168175,-0.047266244327468454,-0.0243639375747434,0.07388539447008252,0.15921703805202686,0.24468356019364917,0.1089493230194318,-0.29766828342480317,-0.14342275158288753,-0.09716576765195657,-0.10434786163625862,-0.249439772933883,-0.07218692315470338,0.011934311492808719,0.028344020432040536,0.07256964955870497,0.03182805240923171,-0.01403378449259611,-0.08064555286770755,0.12054734471718434,0.056419565713396326,-0.07921891348095511,0.04926922673586524,0.06547857809264185,0.2859877816808805,0.2870618903653025,0.23511001704901535,0.057197275584930096,0.026583699087415254,0.057183240126304144,0.23246942697283499,-0.15423364363748415,-0.16606806115743475,0.0787380562552684,-0.07923209223534161,-0.36955494817219103,-0.32194527035457254,-0.37418096734026096,-0.36067360566047363,-0.10398766917269382,-0.15944728459394195,-0.19750554753014188,-0.28141048618512654,-0.20113739977835338,-0.25843243525996706,-0.3188019711121028,-0.09450119587292091,-0.05155929256505326,-0.25961534113189183,-0.35575133890897725,-0.4617187493004263,-0.3841756767251452,-0.18912254399353037,-0.22465342530931173,-0.22248408427002975,-0.11481803459172342,-0.19063909300239812
-0.27742846410191935,-0.3334700247235243,0.3768775385110895,-0.1403676166148747,1.0,0.5273380913487684,0.31327965418829645,-0.028220734843850303,0.600944568325676,0.27344109253617244,-0.06680799893376008,-0.12126793339177631,-0.022075814014632874,-0.13499825296796544,0.25645035304144126,-0.10835650718407713,-0.25188547355230434,-0.3425082637286434,-0.07084532331412835,0.07192172467716647,0.4787577810585882,0.23943760864316238,0.4082816375132776,0.2766701065165822,0.32266832579969595,0.31339207957263077,0.5928434929380986,0.6509342122566605,-0.3618189338682935,-0.5324332719188698,0.21104242471439413,0.16614234401501832,-0.24153259103289765,-0.1396842876217463,0.2653927647388031,0.1904438729329769,-0.2563457419848896,-0.44643238035921085,-0.21553028187702344,-0.19567205029353352,-0.3588190645074079,-0.47086897182038784,0.05631902005970063,0.004205647330742427,0.09685678266413635,0.0442806663616973,-0.027655655346380786,0.020551377014548077,0.16385588864942321,-0.3693470014363405,0.08923371096503277,-0.2885896892971156,0.17854067547540436,0.00719129580600097,-0.24717324821464978,-0.37617809421063186,-0.08209929118914977,-0.09886894041474534,0.2785280811316838,-0.009075661218840203,0.03269123700281763,-0.17473299472959733,-0.3641286048197071,-0.45765608987539547,0.27426190204368694,0.26894772694242375,0.3704490402063362,0.4255310134483188,0.03726993077511031,0.23437677854211905,-0.1253377162554214,-0.07385714047071533,-0.619550078775418,-0.508208729266145,-0.3907696041647853,-0.2674856494471653,-0.24035347299346715,-0.12840178695026502,-0.22103652946777513,-0.2632132591221653,-0.2728705683261596,-0.35394101686402163,-0.08877665278515615,-0.2148425842154528,0.02619915324893848,-0.24770075388860532,0.12914457550150613,-0.34799032673811753,0.05747221475909232,-0.20645303336353285,0.1618174673444632,0.47931090237874197,0.211396405871127,0.582458951201524,0.09499447043447055,0.08150994784046317,0.15557724322400002,0.10494735514805682,-0.0019372738329002247,0.1684620129995151,-0.11910240766486771,0.24232222584036453,0.004965559095863616,0.2330865314825223,0.3053745861970445,0.23260452866612608,0.08624029844415979,0.23522923243461852,0.06792587537019346,-0.06614540690481772,0.1628418246132317,-0.09912372940478598,0.00855109717580649,0.04593179702820403,-0.0377065292270325,0.16081664439282167
-0.3018980681512845,-0.350397659281338,0.3281323199836381,0.02254142799606817,0.5273380913487684,1.0,0.1273486701584006,0.024482368242084503,0.41021455589902034,0.4174818306308626,-0.18294881082489628,0.0876043901654736,-0.16793875510097514,-0.10365906736923379,0.045119845063690406,0.1361567548034376,-0.1935486747791781,-0.12492627344859973,-0.288987226821994,-0.08348605898795113,0.1113007474336416,0.18654184208952304,0.43379902534794706,0.35077186675810595,0.31437925581202797,0.4513364027703228,0.29251942325397084,0.5508644295029718,-0.3936082405231007,-0.41573414873076814,0.2590241491680041,0.3620392048992371,-0.27279341530635,-0.09289066311836308,0.2152968203035357,0.38269470016496576,-0.20879820437242402,-0.3194484535858246,-0.22928904050958404,-0.012138323419447096,-0.2871135072980291,-0.20033451359322105,0.09169639516395067,0.03897082366165698,0.08153016819756208,0.17599056491471674,-0.16434784211857337,-0.19637892895175663,0.14754071976653207,-0.20192375067491977,0.08835015950312797,-0.1904686710371933,-0.08748720802768889,-0.10906149445192713,-0.3523100663403555,-0.15752692239456415,-0.16051362952067794,-0.19948087770445058,0.1823223172176261,0.0592171134932008,-0.00475095882945299,-0.1350257009738596,-0.12139751719038168,-0.3824646759691896,0.1994673454388316,0.4146960364991809,0.2856867533424862,0.5058650652388041,-0.05832799854561395,-0.03469543940153474,-0.19634016121308637,-0.03590319712100166,-0.5357326098491024,-0.36335236302626656,-0.2560064893116499,-0.16775423792826183,-0.18003256136599896,-0.2268893014928809,-0.02863916628723357,-0.038989265105405915,-0.062270579575594814,-0.1153537581725669,-0.18002482795426294,-0.026552810988250127,0.07445374048648651,-0.07240018491938913,0.07913346449901995,-0.2838237320248724,0.0771476799920472,0.14633046384491571,0.046766885878742614,0.12820275735730913,0.20203571790022712,0.13788326886641006,-0.15519451492040043,-0.003509580001952053,-0.08099828588953631,-0.15278637287066377,-0.24429902887772917,0.008285746846851585,-0.33912767073585887,-0.0016453658186798424,-0.20840889411634178,-0.06286851891686909,-0.003887062730090033,0.14122055049607887,-0.07585551561017544,0.09279391706037654,-0.1797994835763981,-0.2710437313748782,0.09495227958525103,-0.16363327463841,-0.06084580292544902,-0.20955847138100175,-0.13126915704898345,0.0428180370846003
-0.11393711421901716,-0.07402304164714511,0.546319344337058,0.0249579686630002,0.31327965418829645,0.1273486701584006,1.0,0.2566404547731252,0.41305627331795924,0.11880948402939447,0.08248506122478333,-0.0434729356633194,0.158505266278178,0.17620872008360056,0.3903039650785817,-0.10896242559469585,-0.40805558313549095,-0.4046596964123916,0.016002055375703535,0.09527141793824026,-0.04629415192354647,-0.10252586949716701,0.43314190579636846,0.23157141195306338,0.06582749369894118,0.019850722041675813,0.24101365080627465,0.10381890134446513,-0.13089243038281123,-0.41050064378076023,0.28105687309821303,0.14128141526290156,0.013054169133251848,0.08327077527141487,0.23879062492259062,0.06259786872048756,-0.2148861495842018,-0.1840081885543244,-0.21049767457308177,-0.009337762319048468,-0.14566821332547086,-0.18691082505574425,-0.00687436989559377,0.07260824367484464,-0.006107900463561611,-0.007949988589087784,-0.008994655466490654,-0.011504760318300042,0.08035845326809328,-0.2462186265080141,0.0819206228115676,-0.11650720882451673,-0.04356884274357311,-0.03215643873617184,-0.1598201764755188,-0.17084166937866874,-0.2062271024368598,-0.14497510963639113,0.40721745996609116,-0.16052318394290924,0.2985524705417636,0.009151885846047224,-0.40245799903516366,-0.20901905970100265,0.3402760420649942,0.1825377242481406,0.12394037329237778,0.0015574698557517406,-0.08800817666925755,-0.02783161742403381,-0.19239646821003206,0.0760354007355953,-0.3149460662065224,-0.3040193811984353,-0.3400588859589764,-0.0015207384090346473,-0.12530123556582667,0.18687753768380516,-0.49661043497041624,-0.34649821857757984,-0.5580322909984865,-0.5277247938106153,0.015773173227766626,-0.16365037092708765,-0.18685600511966227,-0.2898052031847807,-0.08794724988657456,-0.2596412448070085,0.04317666789769313,-0.19721964507698916,0.08884051879635625,0.19740415890273935,-0.06084557288218671,0.313685255494998,0.1399402532502108,-0.04096803607086053,0.03567010345322828,-0.05618993678403574,0.006311236111801643,-0.07451201501522804,-0.05163588800778508,-0.07993391294310674,-0.12109221019970492,0.17103936249169271,0.07236976000796601,0.038211152117628704,0.09588898942937128,0.1237530764739377,-0.12739602816732368,-0.12327777140223196,0.010943419661770893,-0.18898583454560072,0.07614487467380124,0.08651828505508231,0.027786097252214804,0.04525941968983406
-0.34022632802049363,-0.20364239831228176,0.29722460830983366,0.10339662564912716,-0.028220734843850303,0.024482368242084503,0.2566404547731252,1.0,0.14283737072404973,0.36751490869828696,0.04531332152256941,0.410979385162647,-0.04705948185698562,0.5397789107509113,0.17734755965025364,0.5232390531687116,-0.24402501034359633,-0.19725785475815077,-0.19986231312330985,-0.10857411198356065,-0.2347336828832158,-0.15124436475294956,0.019854049789419907,-0.0037745168684189777,0.12806505021681194,0.08878785854387844,-0.10871814181888376,-0.17278176595204905,0.004861337710039932,-0.0035585176848052886,0.21962637427350515,0.44328051712144423,0.06031758367683251,0.30321664029975315,0.12993304226440616,0.11133884511926441,-0.021181451443288507,0.12464218295026994,0.039570294251202405,0.349542144303781,0.05289921631726434,0.301268574289252,-0.18050988998851453,-0.17504992155626725,-0.23586539706595205,-0.28834210831508983,-0.24164808991679262,-0.38429021350169523,-0.13575576351253343,-0.33698796418891175,-0.22989866332434813,-0.24017968973165485,-0.09887604901994675,-0.3611092700269407,-0.08599535853028613,0.20736503175537277,-0.1702390742426506,-0.2860123423563749,-0.01140835951053211,-0.0030427574050070983,0.34062977779687514,0.3987694732040753,-0.18483730844572285,-0.09072546496290125,-0.0102040904554386,0.31513663090082655,-0.1743273734069569,-0.06675390924987637,-0.3101193986259157,-0.014139105368279175,0.14687678692640052,0.23278792472592835,-0.15174972219299646,0.03933364239067849,0.09861251216838839,0.2376140673210119,-0.014201738260677436,0.1420013035520063,-0.0007006958058927158,-0.03820934823988617,-0.04921752434330798,-0.11362524863476325,0.03258018093554823,0.30622757809782036,-0.3490484308095022,-0.16741660950961215,-0.3657516714261861,-0.0977758294603396,-0.04054296955651826,0.008309056016973853,0.1457960175244312,-0.022665456914899445,0.10190244777887747,-0.02367111534543933,-0.23935031698265513,-0.0647657745847395,-0.12194267732368483,-0.10348353319449859,-0.20906838699508207,-0.21794062127629352,-0.14808439957417613,-0.1520086036988398,-0.2001244042847847,-0.2472324337978838,-0.35836496347291724,0.020308949597449277,-0.31360872508571735,-0.12710417425384044,-0.2615725276802361,-0.16601224263365744,-0.09111719059772778,-0.12902766594576545,-0.1573089672985397,-0.09892325979693918,-0.23841297287131863,-0.3290560200742806
-0.4736571130043916,-0.4824448700535129,0.3442708933856523,-0.21908758911274334,0.600944568325676,0.41021455589902034,0.41305627331795924,0.14283737072404973,1.0,0.6458211648483316,-0.012278908606759585,0.11725346389661591,0.016688863372639064,0.24061106609033403,0.46269302547683067,0.21642371899114543,-0.3611802419052422,-0.28126177995422436,-0.2705131866283323,0.04183535937963639,0.1044894335039129,-0.033206172210585326,0.6396292986294093,0.4635270405416666,0.1985202907434099,0.2927165816945327,0.23859700659665364,0.26111900396312265,-0.39422772842861653,-0.5414477625851957,0.36261476014049215,0.3955253318080857,-0.30145346770775744,0.07045325388549943,0.3192231021434616,0.4108978589848972,-0.380282575525094,-0.3897510288720688,-0.48476605409252205,-0.12047734046159173,-0.3683459863541676,-0.3727127430492373,-0.16113318207479824,-0.05471310924978923,-0.1738361852183787,0.035185687006923295,-0.20170115702668903,-0.20845594212812948,-0.017705109882518385,-0.3511480468490432,0.24479112920685644,-0.3360689536343135,-0.026214587368225094,-0.1234111023071759,-0.37777779162919317,-0.36241375551119426,-0.2451160804867368,-0.2812268921163426,0.3792788634716207,0.027255871560353383,0.3966433469852422,0.1404767728111751,-0.3546072260456657,-0.4186770748975509,0.6711802075902357,0.5696873858741903,0.21435297958824176,0.4229140050744388,0.015157410915796544,0.07380509932455058,0.012231968181293164,0.05456577570441138,-0.5982171331593207,-0.40414036882234405,-0.2907141577412239,-0.005789795466228253,-0.2164431459137782,-0.0917854857472105,-0.2198229098152857,-0.3069962146791082,-0.4965737413591109,-0.41470000856890776,-0.164637766530951,-0.17092291721989164,0.09691369897222285,-0.24320748285851168,0.027242787527555823,-0.36999536571517266,0.20019449096239927,-0.11563172667591297,0.2946285830343357,0.5445884724057537,0.32929502410649764,0.3988692415687453,-0.04252202896564015,0.20204441776710197,-0.13186786225957947,-0.10000663195800041,-0.21967926179960917,0.041980911615236524,-0.09601460600768924,-0.057398874756429664,-0.25804421031553715,0.004861590617901327,0.010051548592264974,0.2384724430582952,-0.22101144800176895,0.2519421088936403,0.04542357340713157,-0.08687138731045864,0.07143715440193847,-0.13592849746147573,-0.04774832897947994,-0.18184204592730752,-0.2904670364156928,0.07192459108311249
-0.4008197690665432,-0.36422064758690587,0.20137121073420242,0.03214440316551499,0.27344109253617244,0.4174818306308626,0.11880948402939447,0.36751490869828696,0.6458211648483316,1.0,0.07549713525677729,0.5001467185592678,-0.2221368625631283,0.37164779362144296,0.30945046515542385,0.584608166297802,-0.36221837011492014,-0.2664837541140682,-0.27222799243366497,0.05116706975962525,-0.2654564531898118,-0.22617242434763704,0.4819023721772747,0.5358163279680742,0.10523783957251309,0.2174104368378372,-0.033664891131540364,0.006024391401170645,-0.4260777815145116,-0.3754588945273504,0.2911467303111443,0.42132545799833415,-0.3400448159028186,-0.042546531074616485,0.20419902635578516,0.4683082787412528,-0.38614114793148446,-0.10945858361710945,-0.2939831261249132,0.1096204981847439,-0.2469921750065293,0.01131521951080108,-0.36044334761742974,-0.3535820006972824,-0.3146474224555001,-0.09695843192504208,-0.5280250966325248,-0.48274032017693863,-0.16026918570552895,-0.40938100182196807,0.27125507637119095,-0.26488233160116026,-0.3002973247697561,-0.22740000350223719,-0.3126940046958473,-0.20610030606374205,-0.2576471373138186,-0.3453107176629903,0.16831837398702348,0.03437865329969664,0.40457888625112204,0.2997427244579225,-0.25954635983045543,-0.31824380272172975,0.49337401663081965,0.740413191750461,0.022352432726674434,0.42504922742724316,-0.06920523686456628,-0.02228803843810277,-0.018555515146030935,0.13232627043022543,-0.5151723904440707,-0.24029198706084845,-0.15133458683321005,0.08420097574050979,-0.1782074829878553,-0.11736411914651265,-0.05704674048620652,-0.15469007081286826,-0.3441473966292536,-0.2728986222545683,-0.20703556517275584,-0.008395512152492408,0.2032214035253698,-0.009878297942034108,0.033896210403451775,-0.3048952792157367,0.25538619546224484,0.2642566127110116,0.3056578212177359,0.314049211799764,0.6176111373952213,0.17707531539635882,-0.3006878823164091,0.08974000473005593,-0.4213954392642119,-0.18985975842434566,-0.4272396924834458,-0.13902060908592445,-0.3146657581371557,-0.21796502482641963,-0.3518474192768657,-0.2736002103308429,-0.21432857556350676,0.17602706275263907,-0.3923529622971655,0.1333475934041808,-0.26616288108442787,-0.23325634578000326,-0.07765271230944816,-0.14129156460652895,-0.1284507227485014,-0.4524818437664728,-0.2551934897219139,-0.1866430247430272
0.13041292930492804,0.11685661207355579,-0.03494900589295072,0.15051425706460864,-0.06680799893376008,-0.18294881082489628,0.08248506122478333,0.04531332152256941,-0.012278908606759585,0.07549713525677729,1.0,0.2611003214766942,0.4071630256333042,0.1418336641446798,0.40921166039904966,0.047935092834820295,0.08894011649342305,0.12878979645221308,0.021512245547649123,0.1113319752421114,-0.2298000127046179,-0.210421410627987,0.019652719918370837,0.06095502209196096,-0.19878663652320447,-0.24705319521396713,-0.22665449527446416,-0.2716137088044827,0.28618535069708106,0.07058997232741061,0.027046700144509748,0.058874172035792816,-0.07707759690843694,0.013794364891310534,-0.0195639467517709,-0.17263630202624639,-0.08633890490116164,0.1977033899912251,0.05808062392913377,0.08274824829412904,-0.0076023242439556245,0.07678975980159423,-0.2873865400790793,-0.11082232896167635,-0.17994970550406447,-0.21432168746360764,-0.1692979300639834,-0.24189081385389424,-0.3696188096624681,-0.1379907923057938,-0.056888096348836584,-0.11278253192406383,-0.01713161270753998,0.10503178236994502,0.0869255744435485,0.04152688961434681,0.04100810018772615,0.10323871922443503,-0.04366143851058105,-0.044872822638776406,0.3102440377634499,0.045240690772510236,-0.04740993263757426,0.1502831758482871,0.21571234581639187,0.07749768469428703,-0.3160300640472725,-0.17520157989432408,-0.13946375642232192,0.04855007131532641,0.08854870599793191,0.06120239475218357,0.15587365400187453,0.11030899654438275,0.09455594073945009,0.270583989869388,0.1431215647810525,0.09422154254195955,0.056567331804965294,0.1326830239114417,-0.049894999194586204,0.0459393215391323,0.14146001625148236,0.08260543103390425,-0.001582372559515589,-0.018838676978724093,-0.08736947426313252,0.069634487909833,0.06563076853079676,0.1971206110483137,-0.04679237963227265,0.07989495584340371,-0.08163281702808046,0.012677561012174654,-0.24404114485936018,-0.14558699073200665,-0.1735542811703635,-0.19894866465108438,-0.09507294420548863,-0.02800139310654776,-0.03638109815634464,-0.0776614055456231,-0.16813144850906492,-0.10694392296384124,-0.18989948496514125,-0.11192257695878031,0.0679422468378154,-0.28926826744939355,-0.1574991348457408,-0.16722251269367244,-0.30240498484435735,-0.10509459721133775,-0.13650369128609963,0.10558560472678742,-0.11213984658232957,-0.20172905951838466
-0.10067017682760619,-0.15944243939201092,-0.1567411237500731,0.33099201983102294,-0.12126793339177631,0.0876043901654736,-0.0434729356633194,0.410979385162647,0.11725346389661591,0.5001467185592678,0.2611003214766942,1.0,0.273033030385635,0.6946271137923871,0.32010302937736396,0.8313519289349672,-0.11744249407893953,0.11085565228913842,-0.13557369427524968,0.12361037752590356,-0.4535228760253147,-0.27369876971712553,0.16940911818079393,0.27230376259375777,-0.25102095424012955,-0.16079945002049698,-0.43698252835123,-0.3864272366005761,0.2371589020604306,0.1701113521604306,0.04438594735944924,0.19942027822714647,-0.005775763910075648,0.21468503303381806,0.05712613281697345,0.041432630464953865,-0.1855733310341857,0.19880040183827366,-0.16826702293405404,0.1286052813203598,-0.07767111171013441,0.17621526167344412,-0.5898957642867816,-0.5319471334151271,-0.39319654003756777,-0.3427575044386223,-0.5667358697822725,-0.6435457981321171,-0.3316504862604783,-0.14354950333385488,0.07666367530056854,-0.035353238425673256,-0.14936654169054633,-0.01904546758523645,-0.27147816410427167,-0.026903528179722726,-0.07480791585956227,-0.21870082472298027,-0.2951515971393515,0.07654982468383412,0.4626881148387092,0.5914003488795725,0.06918360527568534,0.27306170862829254,0.32625015699216403,0.4057503143905099,-0.5182726152710702,-0.08263557435808379,-0.15952845191723697,-0.00962849345741377,-0.018571919486294896,0.09924655245994132,0.047163749994525474,0.021291863233065138,0.03051467406398674,0.2507482996439879,-0.0995395678807766,-0.07131096796671975,0.022959428650675257,0.15854425392971846,-0.09340464434909204,0.1499561015392467,-0.04365153928057678,0.5157235647871223,0.1583478640318342,0.24747660405975855,-0.0047981417495496954,-0.10011290778817304,0.04830905737074887,0.3499932484133515,0.0949462067198993,-0.014360139974784391,0.3537579074356512,-0.11861734566960318,-0.48729586084959564,-0.13787824992476258,-0.5944012249830787,-0.35822300865413553,-0.4072268117097231,-0.3086830442331232,-0.19032030318876783,-0.2896209026586121,-0.4464884260109467,-0.40955760117757,-0.4671444708429438,0.023631632296447578,-0.340444544347683,-0.18969989422422392,-0.35306055632264366,-0.3398217488577296,-0.4637542303554666,-0.10532996684540653,-0.29115384431854446,-0.2930220976707389,-0.24706541126942091,-0.38071886703398394
0.1446410487824485,0.004638833259700986,-0.31560583018073457,0.14138991066836282,-0.022075814014632874,-0.16793875510097514,0.158505266278178,-0.04705948185698562,0.016688863372639064,-0.2221368625631283,0.4071630256333042,0.273033030385635,1.0,0.3412664356540359,0.3671854875370521,0.010336596255672351,0.2583251812210608,0.41299631055871355,-0.020663649214519172,0.08281352427701318,-0.003888203983274097,-0.07780991572603953,-0.02668602412729865,-0.18574661676041396,-0.3510509350069542,-0.35264544021873695,-0.32962029366504175,-0.32315285309348774,0.5987453399191628,0.36148960484870746,-0.1736765123186946,-0.23372720248659962,0.11613805117779483,0.18751895872299687,-0.17444524729787583,-0.30921816327710416,-0.08672431448786244,-0.1725433013276037,-0.24882553873372154,-0.3348208689243702,-0.20577596790059222,-0.250769036242518,-0.16191726262017542,-0.06064242873284158,0.0894642112208723,0.01119217396916458,-0.05180900173448464,-0.17861934057001969,-0.18585891122287745,0.157962604911469,-0.08125394342950486,0.04007365476003885,0.02740473146628738,0.1094066323280182,-0.03000896304239636,-0.16238789543036306,0.18727310641085587,0.18241112886599684,-0.12443809398135303,0.12047958404507525,0.17180748222294845,0.25989068021787215,0.25342716421583433,0.4845021095514062,0.23045249672853924,-0.13683164229446446,-0.44367877950049545,-0.4318293105467021,-0.10466705739979897,-0.036029437834141836,-0.0468820830153068,-0.07678492062468759,0.2950178095639489,0.06897181955799239,-0.11099333797394718,0.1252869954350709,0.010778271777101483,-0.11323232835428189,0.1075847577104901,0.3066974640688177,0.048807108466201544,0.2929255663668241,0.03271228288723205,0.18102209895032198,-0.12289839979511456,0.10161608108670223,-0.07460469370254523,-0.02415821063939883,-0.07382965131897702,0.026413264979158343,-0.04669652016517107,-0.02566406988735652,-0.10025774481375015,-0.0676644164683052,-0.1922036623816495,-0.025256210881567497,-0.20976266870862006,-0.15600648281888113,0.23187408904643117,0.10697284876837149,0.1607985741675953,0.07562565367939507,0.06660221429597478,-0.13908493185368032,-0.06126155785256645,-0.05242109012298624,0.14465932364101483,-0.18228879143039592,0.0947663500916831,-0.12246239592549998,-0.4958406043575228,0.05475757135592672,-0.05357960683733703,0.13702972349128398,0.025004465611569295,0.11352607766770349
-0.10609309477742508,-0.06440032986848651,-0.1774601585879624,0.1144478729988364,-0.13499825296796544,-0.10365906736923379,0.17620872008360056,0.5397789107509113,0.24061106609033403,0.37164779362144296,0.1418336641446798,0.6946271137923871,0.3412664356540359,1.0,0.22213226664432298,0.6948917766400324,-0.08477517157327522,0.11974826123744411,-0.09994788675410295,0.11866306831466998,-0.4402284679207041,-0.31748780220295064,0.08234948482003254,0.021774168071961454,-0.2659288048213589,-0.2445355894810049,-0.5180263671955307,-0.4987132770164699,0.18936122158136542,0.24811110527776242,0.06129257339939109,0.15538585824478088,0.13457405305148626,0.3977731273160774,0.05365434293049068,0.06979946238171604,-0.1701469222132025,0.1683530067866371,-0.25197975557759505,0.05632837629566795,-0.07341652639456331,0.30532297838085004,-0.4086873465496986,-0.2785723044012246,-0.2517382590069658,-0.1864841030192586,-0.38339086563694336,-0.4192225063080515,-0.23217393729166413,-0.12065036288948841,0.001318609789385435,-0.04948502633195532,-0.18874001672684199,-0.11640126573908012,-0.4031480581985373,-0.03647524655987128,-0.1284975219592882,-0.16313675096254432,-0.08192180093868529,0.00441736973931822,0.47521356956782385,0.7059167286140204,0.10629130967081794,0.37832776610175084,0.32649016963694794,0.22262430716010229,-0.42441640378166223,-0.23331839366702692,-0.20297878534619418,-0.0814845030395758,0.11982514075880549,0.2480553321519243,0.16267100525227499,0.2869709252075983,0.22264192320503962,0.4548253924853528,0.08382941635318984,0.14501356804463247,0.014229744878925055,0.10506371166399119,-0.16199676278058156,0.10579763972852904,-0.10087403577057841,0.3870305220251674,-0.12627466609974108,-0.09291805713230158,-0.223931593306167,-0.17434683173370252,-0.22297894121735248,-0.024334179329131532,0.02969645694323907,-0.0047309005803724494,0.16432950432673582,-0.14698054608288286,-0.4009811474646102,-0.06735916162823527,-0.5599475092091484,-0.2483361592769883,-0.261501060436977,-0.2151966542829825,0.054333476558178155,-0.23453639603267995,-0.37074264993648487,-0.31902340324572037,-0.42884311064839375,0.13817823970206522,-0.2922138216479409,-0.04146416164946896,-0.2198906186332479,-0.23851284313137924,-0.3949767831325354,0.02672365094954883,-0.16676016656703566,-0.11103887886786613,-0.18473262678525415,-0.2621561746915564
-0.26944666901288944,-0.33542063789759535,0.10291847614867533,0.22026682122179472,0.25645035304144126,0.045119845063690406,0.3903039650785817,0.17734755965025364,0.46269302547683067,0.30945046515542385,0.40921166039904966,0.32010302937736396,0.3671854875370521,0.22213226664432298,1.0,0.2660156355147857,-0.16938959159252828,-0.09846761963616678,-0.1437393282146134,0.17017695791536713,-0.14084307725947318,-0.2622486521623358,0.5822188541916838,0.35476917278463993,-0.14304631755745886,-0.2001067821101466,0.12864526904419465,-0.1553211184767909,0.11580055307754011,-0.1918476886207798,0.10879455610863235,0.12809028038843448,-0.2007895093766522,0.10829696352464252,0.31126546051784937,0.09142143638439477,-0.190710065286828,-0.19480974452824215,-0.19670449663099698,0.005063462574616247,-0.15846388927638141,-0.22850665187879832,-0.3004914438992892,-0.23093745301108473,-0.2896747207420914,-0.2753888721585765,-0.20401422775279485,-0.2705777058014396,-0.33724076963555,-0.29243876914090433,0.11307675569254697,-0.3088772963024016,0.07379508357044873,-0.05577330181750027,0.0318954061505683,-0.09605185969492676,-0.14196545501735824,-0.15558435181337452,-0.003448439326296833,-0.17524786477926402,0.36849247953822395,0.13166416196716954,-0.3791501528246242,-0.16252449555873952,0.5999286140249911,0.47087595821270023,-0.26405415015066047,0.02788076629517989,-0.07432956100341487,-0.004763087218038212,-0.11282711800708053,-0.02042256807740944,-0.3079870415413758,-0.32654161008940236,-0.2027503277729187,0.007430793317205179,-0.07277672223436465,0.045666495447335316,-0.11662750693468102,0.035753570901255076,-0.3760141521007024,-0.22962329241964624,0.22232741379267368,0.1693908350041164,0.2674135652407456,0.06439182460939463,-0.047387383228873,0.024212516045684234,0.35829564756011084,0.16694944847781534,0.2241495683607038,0.27077227477628174,0.15203770918244414,0.19568533968944146,-0.2260285783912067,-0.09406225862447717,-0.10193595633140824,-0.26383666089835117,-0.09160517391215839,-0.08825699769452194,-0.048517836855508124,-0.21364592438105992,-0.20757162644048988,-0.03231200735497623,-0.1953506303549808,-0.08064600507586114,-0.04459965591773333,-0.07378752425718575,-0.04879954943933404,-0.15031156793231726,-0.32356707136785195,-0.33037702820086995,-0.18539999112187236,-0.1243935573148516,-0.27570546610654956,-0.23377646020752085
-0.3490450628758092,-0.3427989143333066,-0.06774483661614097,0.125201120190792,-0.10835650718407713,0.1361567548034376,-0.10896242559469585,0.5232390531687116,0.21642371899114543,0.584608166297802,0.047935092834820295,0.8313519289349672,0.010336596255672351,0.6948917766400324,0.2660156355147857,1.0,-0.21012216292814898,-0.020028799060378345,-0.2928379332591886,-0.05085980757774378,-0.3484677063585544,-0.21602228297962087,0.20201119667674408,0.30062673837584525,0.01294032585686564,0.09928757659283341,-0.2727798793312928,-0.30271635669570496,0.07507016352220063,0.10927886767464584,0.23799399632758292,0.42876977361567337,-0.051610266791548995,0.30019370240143217,0.17842604138329732,0.31303761310193884,-0.0570648747834313,0.21926056839734742,-0.09651746223898514,0.28660149065150364,0.03201403007498642,0.35457180610058303,-0.5170954542906522,-0.4451084825016891,-0.4636751403068197,-0.34069642332394356,-0.48231128804815065,-0.5790640698215858,-0.321602550169959,-0.2455748335109781,0.027886781146707656,-0.17465760189069846,-0.17588149461916006,-0.22837906091159363,-0.24166522815010477,0.08916840352474484,-0.25974744390164883,-0.37750020613072705,-0.24445210247612875,-0.02487597213805417,0.4218067589095178,0.57590130459218,-0.0264876441733604,0.07304700455853905,0.2691064554077143,0.519816906951424,-0.41243019095737915,0.0784738331477712,-0.2069537832143323,-0.08903914871842052,0.09353345417488573,0.16488853832111472,-0.03753215260284896,0.08657419915753763,0.17896060318813306,0.32416215184773306,-0.05632110111754748,0.03891377226866983,0.09547598354616862,0.11188082980908742,-0.059288757059195264,0.09846847348869613,-0.011611822668105438,0.5213478306885823,0.15818706126630666,0.20736699855525664,-0.1113700510077783,-0.018593796690045104,0.04482701251612348,0.26350044472118334,0.1175756788028215,-0.05079468913239918,0.3733133981131423,-0.23186665415784977,-0.40355263783619305,-0.047588401177317746,-0.40293778839903993,-0.2870527450798278,-0.5135692838120494,-0.4313304399908727,-0.2186273674591002,-0.40886303268312163,-0.534048346386715,-0.4664797299240721,-0.5553671491473297,-0.007343449399624645,-0.4195507929899973,-0.099201275356128,-0.3046881234262903,-0.18373556899750174,-0.23524722222930614,-0.21685909048494192,-0.28357216548116043,-0.26859795784648555,-0.3478547666086534,-0.4082663772880515
0.3976401314380164,0.3768533917387539,-0.5404808469920038,0.003523979907087036,-0.25188547355230434,-0.1935486747791781,-0.40805558313549095,-0.24402501034359633,-0.3611802419052422,-0.36221837011492014,0.08894011649342305,-0.11744249407893953,0.2583251812210608,-0.08477517157327522,-0.16938959159252828,-0.21012216292814898,1.0,0.8302460862759247,0.021196862570157324,0.22031208079873082,-0.12463659504650952,0.08850015574270273,-0.42550355551802466,-0.4337348055549586,-0.41634588853906773,-0.3958364114323146,-0.3162717835105175,-0.2033479475841651,0.5137000361474093,0.5877390019597782,-0.37945684806178104,-0.4179545093361937,0.305177778600273,0.22543560705519872,-0.25337514161496866,-0.32307238538261246,0.14847599536199324,0.1644548886551127,0.05159491962423792,-0.2769538524570739,-0.10432088365286703,0.0432254668117213,0.1264129041159337,0.11252766879570467,0.2767549599545018,0.05827306827613187,0.037736664770192295,0.032601427078270906,-0.2924819922219402,0.210098262333975,-0.4474914255968623,-0.07679514613955107,-0.14005540483853582,-0.15382021326183162,0.08779046757635796,-0.12001874964083907,0.7539976629195714,0.6907727351513591,-0.44354480172606453,-0.07052137961819904,-0.1498983127472003,0.03910594319975451,0.6093965613275769,0.5520456491191505,-0.14118934152853282,-0.34566420894060434,-0.20262792202317306,-0.2949468832696478,-0.18037850020662347,-0.1607615275429259,-0.06384859118441451,-0.19927361440797542,0.49462374857626257,0.30675978526920417,0.34374187564514436,0.06425842822580258,0.39998682732373375,-0.09657556584022726,0.6570591494018135,0.6664369472096174,0.6272463742873946,0.7165353878240275,-0.030259632274649177,0.014062373294755069,-0.17720802482124137,0.005801472498331079,-0.019581808853023,0.03928026395468134,-0.04527638772644071,-0.015971706337359278,-0.2662438022907398,-0.33082521844159907,-0.3176942791110044,-0.318280563610861,-0.35087698251596433,-0.05372358715356755,-0.09636259486856223,-0.30188792513596435,0.3124713287586176,0.26441977446176895,0.20544773039592099,0.350855294801929,0.08045522593471309,-0.004813421301318727,0.05859588972385582,0.02276049826851001,0.09424490586991782,-0.29344524264133093,0.050428648994814945,-0.20359742747237286,-0.29785318592679644,0.27992838984867063,-0.0561215864639305,0.012529490435906147,0.06745254232449568,0.07602064433309025
