1.0,0.2515778820378701,0.09404688514768096,-0.12374907106088694,0.13753628008540844,0.05759519389164102,0.5302852183927061,0.1606570790906775,0.2915629247869543,0.24021667313696987,0.6106889549264344,0.41796716492323555,0.491863481234451,0.3561765752144715,0.076254732106953,0.10080659359967488,-0.010429166631384264,-0.01563121863371584,-0.03952370671975579,0.029812638698476997,-0.3206098045766088,-0.573135115368205,0.037401223483807554,-0.2659652138501347,-0.41703906132184504,-0.5774007565012158,-0.3212303631312329,-0.35443361766830556,-0.18088231153021006,-0.294918037735653,-0.3121950312854956,-0.4059410745522573,-0.10951704750085958,-0.1921172464427212,0.22118022240740062,0.18441751248501148,-0.38673399075937087,-0.15564396215955584,-0.1298108195907838,-0.2558470845607859,-0.15265763751060618,-0.2037261480235338,-0.02582884533150444,-0.006715717847019247,0.008417822136725197,-0.06884430968032802,-0.12686990906640852,-0.03166600405085019,0.3892993284878912,0.17511926984999052,0.19015421227112875,0.20726250221363113,0.49617455799852483,-0.20801192969887528,-0.056906320309059656,-0.19695252199323812,-0.22565786403705862,-0.24116244440041257,0.5024747369867347,-0.07809100291703866,0.656949731303437,0.5929943579063459,0.11353972930819856,0.010494514915543129,0.18993628167676446,0.533549953298683,0.10442801708154158,-0.2102713853661039,0.14793483815921904,-0.05949766387097336,-0.16751864337212777,-0.31714990224853334,-0.1782397222931725,0.056738406985869794,0.026821590693466055,0.16855392815630807,0.12154935156284553,0.1629184751657501,-0.41563373106639395,-0.3461592512727376,-0.38685925690519,-0.3246445032016387,-0.10363946928513107,-0.26883045611801415,-0.09841897220309057,-0.40161414433787074,0.027337799237713505,-0.32646525769338536,0.21681587879856834,0.08082006754521877,0.17696987641089798,0.048548533199878986,0.012025949348507379,0.271847100046219,-0.12183326400429202,0.16157316837516114,-0.3483457827793418,-0.34725498269176147,-0.15499027479419578,0.09980029615165913,-0.03286262137106187,0.2093531440848418,0.03932454652599283,0.19052563731925523,-0.013330491470590237,0.07412850494845502,-0.10262539392410827,-0.0021992285994261005,0.0643608523016484,0.14190723288774967,-0.2099162426827891,0.04400307959997568,0.15171259321083028,0.14315037966857777,0.08401314463565847,0.04880783718533353
0.2515778820378701,1.0,-0.09214800286713448,0.2256234599144734,-0.40883511046029414,-0.0691163218573684,0.06950427108674286,0.16768455334587826,-0.1290029021103385,0.13781693033114567,0.06401747909311303,0.40937672570521766,0.0802942695966195,0.17545955866226104,0.17011999026781444,0.3922381725630382,0.34039679501719333,0.4873614355337533,0.2502454980787902,0.10131099757937942,-0.3292130998495625,-0.3768584940186786,-0.27471978642370715,-0.18794252122790797,-0.2265126191873623,-0.4701148042164204,-0.19724673675640667,-0.2460665642294367,0.1830654564219622,0.225840846454443,0.029954183342336075,0.04225016251102023,0.2117966472787871,0.22249369402361785,-0.19980979116878408,-0.3416183806325408,0.11732933275087076,0.3089583606183777,-0.004863576322169871,-0.10853174164177297,0.05075398316930797,-0.11070836797295312,-0.22764695145991465,-0.1564862393215928,-0.2748772961026903,-0.43050653823230633,-0.25351715841285266,-0.1533064157458095,-0.2739917067800057,-0.09469272195674017,-0.4729259108512422,-0.2695327176244308,-0.04142854885489874,-0.22354796209254102,-0.11351544244029058,-0.19567035802078836,0.2976199336620671,0.5373389837893137,0.05881910573829383,0.29736429062331604,0.47019109735293546,0.7102833209910104,0.5890565182726208,0.7864837376088731,0.049833400941241536,0.27250711108369186,-0.12790477109925627,-0.4792112718073882,0.11934851674206427,0.06538830634129929,-0.17259501993147508,-0.22086766404191366,0.2911070691338847,0.38424923936139976,0.24634994185866638,0.40639244430686,0.44398730932502883,0.5153823899927055,0.011437109190288312,0.07348383185475389,0.16571384145858314,0.14054723235701824,0.04026434780993635,0.10154365628046794,0.016084509474979115,-0.21583853402503916,0.16593409109650908,-0.24947420853531344,-0.016372359706165494,0.266063410904846,-0.06114155369190778,-0.41913340719768327,-0.1972388245753774,-0.3009959594012851,-0.1755103633561562,-0.042448383853377625,-0.1387115681848349,-0.4416834075299129,-0.05672844800097669,-0.19630769929510325,-0.02582539579751078,-0.12815828705077834,0.30970550520266427,-0.18194392441142845,-0.010146461862131176,-0.06357411539498796,-0.31233360533158183,-0.09228430293503476,0.20532612299149128,0.1459406642960154,-0.5363928925956079,0.27166083487504167,0.1754376602440702,-0.014520927099069695,0.1340731889749396,-0.1060952287559708
0.09404688514768096,-0.09214800286713448,1.0,0.2755201970761971,0.13038951766290036,-0.06860422928599628,0.38983744677334414,0.3753487200912559,0.1902956146667472,0.05050923390353472,0.023151074199906984,0.17546489879735516,-0.02388213773314734,0.21427972005998,-0.20452930856106166,-0.019092073476742053,-0.09140473536686826,-0.11599764024492049,0.19535877022392018,0.11355746672983165,-0.33236423079342603,-0.18919794444863025,0.0002759498923237074,-0.09939635804873143,-0.04182336300231564,-0.2550592932243383,-0.21505250084565591,-0.16776390642454295,-0.05011593872363714,-0.1543759494639211,0.15984390067071708,0.2804503821663751,0.2849424363231604,0.20388143837298148,0.02211323880546044,-0.30792515332989046,-0.1567162755097981,-0.0831193808789764,-0.38693735046849614,-0.3130844834118533,-0.12517144955560103,-0.13566605638865636,-0.006336047869946666,-0.021937221956909912,0.05798011491013104,0.10485083192428718,-0.09933318462852594,-0.08486999227221538,-0.15340028001220932,-0.18564655875979955,0.09075303683950649,-0.12669928514950046,-0.09460340053106853,0.17685514499043592,-0.184266029033228,-0.35932860228845076,-0.11705334106030028,-0.2156572450756646,-0.05010044695111038,-0.14496737255855316,0.12760873851009788,0.041666816155359936,0.1495931099196831,0.007921920489364713,0.5069648089982535,0.0652420265441065,0.4910512141816762,0.24607741126053656,0.03820855860409289,0.07951452476909611,-0.10426796826027182,0.006108729695250918,0.02928515387271757,0.07180523609734424,0.19316276494407486,0.1204550147184486,0.3295993622787824,0.2388755305171854,-0.1937706527035835,-0.1762470960616407,-0.18128955805877842,-0.17888533385386662,-0.1912721036103663,-0.05727944548219744,-0.22266361498105514,-0.08005187746327318,-0.015443630172268973,-0.32072126930022066,-0.2149329122472502,-0.28047049119468576,0.0715676649830703,0.10392029718778065,0.1686128652115742,0.23303451078252657,-0.1303669344482258,0.1864031317807887,0.054707353566889064,-0.19856571893904432,-0.1742963284807804,-0.15653256832959622,0.18709013493453713,0.17206496374544447,0.22257543263312393,0.18667171811356575,0.07186573612654397,0.16955800049028566,-0.13016928425604876,0.008329818774127022,0.053477622603435984,0.21520513853016507,0.08951233169456226,-0.10161827666831025,0.09028951601259,0.24902985482653636,0.11097265335589683,0.04022289393996926
-0.12374907106088694,0.2256234599144734,0.2755201970761971,1.0,-0.25582543262299784,-0.021957945535080854,-0.05178738050821777,0.4544160997536507,-0.19719446607025648,-0.0933781218817044,0.17079588392489975,0.3632508448332539,0.15359317814220266,0.3364589044627816,-0.1954621835060939,-0.13290847234267536,-0.007285381158197948,-0.059861953821052256,0.4987565324712789,0.5405370980217022,-0.5421633326996296,-0.31122371862493897,0.3944969728761365,0.5821942341427144,0.10838997988063402,-0.07286240215923682,0.0022950660739747436,-0.04927115548543918,-0.4178747432681688,-0.2995926847464667,0.4704137242228454,0.4732021822103224,0.0003234280932494258,-0.03632677302081911,-0.3471752323185759,-0.21983710527243217,-0.4306703615905168,-0.21100424908283663,-0.3978353099176784,-0.4911155412538175,-0.29971677309540323,-0.3585913014114651,0.3057352580457999,0.31150085761911084,0.10619535066902772,0.14718583120840248,0.20485737813939947,0.3600772566692539,-0.13731152852532985,0.16450406483360483,0.23756692687912637,0.052525057293451576,-0.18953181324414453,0.013774219235431843,-0.39099901031895545,-0.17956161751903116,0.05237621005633551,0.05021290699708058,-0.44141640709877195,-0.09153273106867707,-0.260148322591676,0.11687933937081088,-0.05664572231164284,0.13202409916394428,0.09388423018668521,-0.08718975978310294,-0.1646932286779124,-0.11403270943994508,0.047455967835756535,0.2600706396743976,0.029618667551000923,0.2268947557116195,-0.3036076070170505,0.12162429059879758,0.3774513315913032,0.2996565186110608,0.22800875905865628,0.2832854368626797,-0.2190652870635887,-0.05678611902637316,-0.2649944383801752,-0.2891149430060756,0.014975693242316781,-0.3725075940798877,-0.00991046943770254,-0.26502987783500037,0.1695028005626141,-0.36010446086808745,0.18317282840192842,0.37878439960471993,0.18458532766782942,0.214007811017957,0.3125762935305059,0.22029380315640082,-0.2750646082578991,-0.0728801170519158,0.17100211705649954,-0.4684339230198107,0.11881142759453676,-0.16297074457383826,0.05662497581410475,-0.13498772929508177,0.143988308162621,-0.06922751787174501,-0.07254570382970103,0.15725501041677517,-0.46778075579535655,-0.004335598779034392,0.14587069099301958,0.17377499439558133,-0.2587835381206491,0.28920858208393957,0.3442456289806045,0.33763052036037156,0.39357133448908416,-0.29587542716359183
0.13753628008540844,-0.40883511046029414,0.13038951766290036,-0.25582543262299784,1.0,0.6301274357663933,0.23973821705181253,-0.002691089090495334,0.38479911256428617,0.1804638951503862,0.278621126889589,-0.13607244829132104,0.11779538116697097,0.07379071297714167,0.059442015029927735,-0.16360426278491677,-0.15893908526063993,-0.3407489831862659,-0.46436358070451544,-0.1296323678355881,0.11701867034942279,0.04755365833163578,0.042731053583726746,-0.16615997430204466,0.16267340002771574,0.09225272915836599,0.327794018256795,0.35912718832054086,-0.17555104568708066,-0.33182069329368763,-0.39851083520022834,-0.4045228633376406,-0.25130950549634706,-0.28257385585946837,0.5903559238755196,0.4847647299269716,-0.2317532827419213,-0.11040011775000633,-0.13329127598454388,-0.024882380992482772,-0.0811644149038776,0.17675417288939851,-0.02868665253003607,-0.08328036665662299,0.07809533947209318,0.2140502147586541,-0.003799320821233716,-0.021371531028209642,0.2572985563095369,-0.12186820521368685,0.19047642888267802,0.12992182674210975,0.12841530495973225,-0.14479397534858707,0.02804740936960739,-0.19481370906271495,-0.4121917517947028,-0.5078829760739899,0.1415884104758982,-0.32992348605733834,-0.06295848247777355,-0.11054708021415037,-0.3102645368167571,-0.46649156315534573,-0.011946371696671287,0.1332930549500068,0.1544746358716382,0.358202915440917,-0.22395262406621963,0.03575156110269146,0.028029485801396047,0.016928747196740455,-0.3435790314074842,-0.11866989582001577,-0.20295606052920478,-0.262843489476291,-0.06728750717968313,-0.17559319474675306,-0.2712353476731733,-0.25035078368125524,-0.2761588689605189,-0.2635872782926784,0.003910272936066341,-0.021451420951873072,-0.013254503169574387,0.06249799360450279,-0.16703752689031173,0.13453928586588385,0.35308018913411787,-0.2573055095658549,0.07095164749962728,0.31338952919303625,0.4242610109659794,0.4205773325918362,0.11202940619843059,0.0606177496650404,-0.035664854591814406,0.2985271256335528,-0.06967853972598467,0.2606604484279628,0.20974186878773912,0.20329829657224668,0.14578266123042208,0.10779534102739799,0.2891502361981108,0.08209572603083176,0.2927148041670066,-0.11278538735273504,0.10245792234371605,0.04157165169710328,0.421264041019512,-0.16601878421767002,-0.125992214827622,0.22047955942649933,0.05640700215582378,0.23077528823123028
0.05759519389164102,-0.0691163218573684,-0.06860422928599628,-0.021957945535080854,0.6301274357663933,1.0,-0.05530631922210061,0.11326735259416626,0.07585728190030164,0.2282210013974744,0.10595120283888107,-0.05188843988680278,-0.069294238649712,0.047287483535322763,-0.09479319838943946,-0.19241625175344007,-0.15499493785017854,-0.20584046975298873,-0.2329203389949943,0.0455519849835095,0.09341392282505194,0.058236520893856954,-0.03783559021651247,0.013569940473672049,0.25014813312338446,0.21284593719202266,0.4047068918104839,0.47375881820631965,-0.27840934933120415,-0.25302223657993544,-0.27337081770338423,-0.13374923388133989,-0.21587449484961838,-0.1611593204787926,0.45144981660628397,0.46230491695911524,-0.20832179909358348,-0.0737281442755022,-0.1740650481095971,0.003962566973350165,-0.05878079435592883,0.09643644845031879,-0.08265764912002477,-0.125874892135606,-0.056071641900635696,0.19709193634376423,-0.05429110591654833,-0.02809638317740151,0.0362612937062052,-0.061086481046824716,-0.038444259590831295,0.07734690389748178,0.0970352660954602,-0.23735193033724092,-0.036940458550925516,-0.15707681599838982,-0.29587864894848653,-0.25321994420177013,0.016122699104803847,-0.15536455173989244,0.0067870092426868854,0.11818648052426672,-0.16560310610784165,-0.17318135769981968,-0.11963856972990204,0.2269109770791062,0.03498335679226454,0.3537417774755854,-0.04807964545133519,0.1349774808982358,-0.14620941016119038,-0.05093182534066834,-0.3268403229600798,-0.025215437461756383,-0.15768940431030845,-0.15427654946223635,-0.05271976515142434,-0.12096018342322652,-0.15926281114333382,-0.1861227501080622,-0.15396502003604595,-0.2308075630453018,0.04140507894205484,-0.14027701252210845,0.041267456053415766,-0.06708500321056667,-0.06629417514834106,-0.020890282162698687,0.3743185950342003,0.11699943517229305,0.11547169348871722,0.1537615493628139,0.4521327580111692,0.24217299981462279,0.11326778138056193,0.0758708129126311,0.14194227671614276,0.1480742705995549,-0.0839235175259253,0.09897334368925967,0.15940955976557208,-0.09392286208081366,0.063774786145052,0.0061568155941357635,0.2529495992859165,0.1319083170396074,0.07840727440166176,-0.14483231848483638,0.15857038995767073,0.019639344474124725,0.294583622838102,0.05581736324151654,-0.05849924952338856,0.15222608653232012,0.15409040168796279,0.05759417245129233
0.5302852183927061,0.06950427108674286,0.38983744677334414,-0.05178738050821777,0.23973821705181253,-0.05530631922210061,1.0,0.429492416782138,0.6373857200288177,0.5236128332893211,0.27965109352017187,0.4403153287475071,0.3525442632964404,0.48227948899523926,0.00959419664831667,0.3818185992902122,0.05074903263533922,0.059082437487483604,-0.0967793963197359,-0.033193639032280446,-0.3928894901500324,-0.4818076639621985,-0.17910278431377422,-0.29367603040744883,-0.5090858974877214,-0.6428137526224793,-0.5085026719883409,-0.5216822052647169,0.004260153658907243,-0.07869787172596059,-0.21134355854007358,-0.15398661394386967,0.1736158895695248,0.16018959875156807,0.09003782359242275,-0.05873440684027129,-0.2894801477821712,-0.1573694365204494,-0.4011123235962274,-0.3647968527914636,-0.1476475702486439,-0.30098903429763313,-0.07390804010310437,-0.015439638197825794,0.05881291298143589,-0.11284875280709848,-0.2316590109700359,-0.028551704473629758,0.22249886212912043,-0.0064566540345618005,0.11488943101294567,0.03174356699297664,0.22498887106353538,-0.048086983573707054,-0.1982340654996984,-0.42319442374589844,-0.24049469927672065,-0.31098475319050717,0.3361786363222006,-0.0618430957959527,0.5188825055990636,0.33785490611827496,0.14856253664516286,0.09477816291881855,0.6634013642294883,0.5285605765218224,0.3548787346804939,-0.07961685771247075,-0.05815587388259474,-0.08346169613516778,-0.13873282027355227,-0.16285345541419383,0.07899687713691232,0.12079532385615356,0.15339444683156725,0.11767865474610036,0.31708856343129493,0.22064080375372644,-0.27378622941718805,-0.1293837313514466,-0.31179981276675517,-0.21328293628409273,-0.20122606019409237,-0.08898657566637357,-0.26981910730899017,-0.338577011070439,-0.1604637765332892,-0.4747430495543892,-0.10308678339502295,-0.20824982690543234,0.11322833500417127,-0.0478149696032547,-0.028146955463226736,0.18723521686084976,-0.09742281045133967,-0.034193226179980954,-0.30275813253780254,-0.39902041410198974,-0.16879917009228682,-0.15934960049877056,0.1588323299734434,0.1188856570604034,0.18651392201111047,0.1683480185264648,0.14755213205069098,0.06186616228833772,-0.1946281499975483,-0.017372277705172145,0.16065506372452956,0.22762664978413188,-0.13624967214742367,0.10804007463804764,0.22642610804619873,0.22876175129231108,-0.0821552057974479,0.12157360293182
0.1606570790906775,0.16768455334587826,0.3753487200912559,0.4544160997536507,-0.002691089090495334,0.11326735259416626,0.429492416782138,1.0,0.3404155807502548,0.5794589597651225,0.10109118652497551,0.48928300638849126,0.16425345844532066,0.5722632744610141,-0.2532545185756348,0.17603898287135059,-0.25726923864992657,-0.13261326558318362,0.008818327399535102,0.08256627715482497,-0.3500851541559936,-0.3422628736580659,-0.09439651112176509,0.05186210448942377,-0.3011368397941464,-0.33243802206587186,-0.33623278119288885,-0.3804121945538596,-0.3731275347304368,-0.26289240611758485,-0.10433666830096464,0.12309900891580632,-0.05009123937058095,-0.005711234445190481,-0.11713553348770475,-0.15566329914851953,-0.45112846851210925,-0.21670473015620226,-0.5555069322520142,-0.413589280196161,-0.3242158317812217,-0.323423078204797,0.10141759866140325,0.1301502313268405,0.11109285066415359,0.09592027231978106,0.06741532773940685,0.18019168682264292,0.19273686327658154,0.21375990448089777,0.14638362585470757,0.23517747588907928,0.15762724553067461,-0.023875091441926684,-0.3678624914503535,-0.3206449672028261,-0.3348874456085665,-0.31979730186089245,0.07072025009326993,0.12925325139565483,0.24826403785986997,0.4639599530402082,-0.02120803010675857,0.1707195896869647,0.4452393493553617,0.656259009197581,0.26866027518164054,0.016231806399054232,-0.0958521509473453,0.17274174399377154,-0.12403098585893729,-0.014802609059002488,-0.24376537914614105,0.10175903221603833,0.10330294850622089,0.18359712122964925,0.21817482954225856,0.2516795108642659,-0.37052601494909704,-0.20969655837679943,-0.45990982287305265,-0.4720930674417507,-0.1700837645311728,-0.28565878038906567,-0.3239483796820947,-0.3826425497402669,-0.08497769019354956,-0.45333689460027854,0.03265890414851192,-0.0032781967082820967,0.30369799989438595,0.10542177494448071,0.3294269403704669,0.12426418256983404,-0.208672447413819,-0.10449920119386612,-0.04017444036046543,-0.41589102740676054,-0.08074902657437524,-0.17019840268374212,0.23688853295917164,-0.019007712703014358,0.39120021581271475,0.05215442841817156,0.189277861629525,0.1717173056186248,-0.30229510630632833,-0.07810040840342972,0.02254386830177065,0.06799282251664562,-0.22672682605630443,0.13001816137445824,0.10000745347640284,0.2651136187133748,0.0993264784722093,0.13833164502846
0.2915629247869543,-0.1290029021103385,0.1902956146667472,-0.19719446607025648,0.38479911256428617,0.07585728190030164,0.6373857200288177,0.3404155807502548,1.0,0.6675979601614215,0.15646486202644017,0.22380961489885587,0.22922611400129997,0.3645481066176833,0.21307666148972587,0.3921978423555152,-0.1202508324134142,-0.03049415202042385,-0.23282962798222182,-0.24103139349525185,-0.1104489090219459,-0.26690508327109086,-0.2695757408593002,-0.2949691729805695,-0.3530211223036146,-0.3422338996418145,-0.42851225369416834,-0.3599048459541829,0.013955341327338553,-0.09834891873125684,-0.38131608865379935,-0.2622889564415429,0.06739722870219607,0.027968170764344373,0.2770625980231081,0.22946111125983626,-0.10792163216555604,-0.16855422654927177,-0.28632649488973855,-0.19655845814600406,0.13803407945558493,-0.014425114584161087,-0.09081350768371152,-0.06509834808308515,0.054025516948863116,-0.01712575349511077,-0.08178123377918382,0.02506291629409178,0.2734188776822771,-0.022034677699621127,0.02649395759709936,0.030630380891704213,0.26355050727584034,-0.09698519434405306,-0.14118284312045457,-0.3063393909325764,-0.35610749690871274,-0.389799092567844,0.3744983900520359,-0.0018548834601191193,0.36169610724007456,0.19183977382785178,-0.054877014921606286,-0.1382827288244143,0.440112973631709,0.4629124758170885,0.25880280670640504,-0.0445194712746538,0.01359662834526745,-0.17232886838644362,-0.05121359352559128,-0.012955250880857456,0.0381429263897284,0.02507169162993177,0.04067090389468273,-0.08821054186590849,0.16697277503735553,0.0676821215211758,-0.2696985209766296,-0.20665610484714464,-0.30719482916219343,-0.23301950709755384,-0.0050923795871879295,0.08257945190626693,-0.21834342424490996,-0.12125554997271497,-0.22763277451313205,-0.08400732015086947,-0.04754558947353699,-0.3425876956801268,0.02513867160944203,-0.00028963389790880305,0.016557266538556183,0.08855537652842269,-0.07514889917819043,-0.223282270191133,-0.41731887779702986,-0.039675893600188805,-0.18413257946998335,-0.1388208131583965,0.21025379040922584,0.09326428358947562,0.09168372326633882,0.01214514290793523,0.21489796363691885,-0.1557208929909281,0.029006232626460942,-0.14442473869694822,0.0634782822889932,-0.04325732236736963,0.015554759871511132,0.0358026607527343,-0.07372447361866884,0.11194374525144883,-0.20801848136602685,0.3910381282309562
0.24021667313696987,0.13781693033114567,0.05050923390353472,-0.0933781218817044,0.1804638951503862,0.2282210013974744,0.5236128332893211,0.5794589597651225,0.6675979601614215,1.0,-0.0014382426781521555,0.23097848661669973,0.06236335602362164,0.37346682166294853,-0.0625899917687344,0.4046056784375641,0.05756173775360669,0.20535050328860602,-0.23937173123336236,-0.12579235622835888,-0.15778230863432732,-0.382461539166567,-0.5042839566049557,-0.3952775286607976,-0.43328668151996197,-0.4291033634667379,-0.4409708406118739,-0.46807911733912394,0.03154034879452627,0.1443776388201195,-0.37112430991508816,-0.15508889324585562,0.03776788156820209,0.19125948010564364,0.16994409049082923,0.10768891978801558,0.0011643678244525621,0.014330743179236244,-0.34227144804826176,-0.17676216545351195,0.05501264097423748,-0.10201773153916445,-0.26669949219219025,-0.1657128104325437,-0.07834310155601863,-0.09735630538335789,-0.23677939548886962,-0.10640118739620787,0.15170097205322486,-0.014296338119347862,-0.13836777029693514,0.02931017575337748,0.18224869237846011,-0.13975865680609914,-0.1623417517903127,-0.43034451264998597,-0.16462506529602094,-0.09765839386041741,0.2623514694145691,0.12019595287173339,0.4648091448706445,0.39894335546160564,0.12077713372308772,0.19330984545315377,0.5398137300392893,0.7352209293544901,0.15527351211445362,-0.017826328035150708,-0.03304055146362588,-0.007249883298411248,-0.2264669563293896,-0.19036706088833857,0.09838212989897743,0.13644894636458782,0.018970138749992697,0.017888750172329694,0.2828104779621628,0.1436484834250164,-0.1138349756028262,-0.09596625099596615,-0.12009765396071184,-0.052950384837615994,-0.053865343072426616,0.06517618719274322,-0.18822634051355971,-0.294194700754004,-0.10489485042983514,-0.28186593703341833,-0.0037275498362767086,-0.28682632555500565,-0.050015422985922216,-0.21875466884071465,-0.01336270744351005,-0.08676318318431213,-0.0012313651109624136,-0.13317176875107256,-0.2074098256016337,-0.17027095096287082,-0.2358441581604877,-0.1668980290205715,0.22277975633536812,-0.03197119503114776,0.20027019240582325,-0.10354817443601377,0.22312545489706512,0.03060905210451409,-0.19662203986088064,-0.1714040029828564,0.0675759267270735,0.08508740830599164,-0.06456724618991289,0.1976293758410251,0.052833550147460086,0.112818208254237,-0.10948638436727195,0.2841614045193937
0.6106889549264344,0.06401747909311303,0.023151074199906984,0.17079588392489975,0.278621126889589,0.10595120283888107,0.27965109352017187,0.10109118652497551,0.15646486202644017,-0.0014382426781521555,1.0,0.46462652641066937,0.7410530086199533,0.48753226543756584,0.21429885998584508,-0.09889808719375832,-0.06663326011617011,-0.28818885498807295,-0.030678597403367314,0.05876256212716376,-0.3282896826765107,-0.4504644946000754,0.43753135092515366,0.0833020311338994,-0.13606297302937975,-0.393233588162847,-0.015291729253689303,-0.11731305541204778,-0.22028626942925766,-0.49423744424069094,-0.12426071195809393,-0.3724052101555022,-0.4134292640295088,-0.5390345191065214,0.13789758499677937,0.2155780221252942,-0.5438357652741292,-0.2547048190205723,-0.20958841451886653,-0.4063510639323743,-0.35157699248083946,-0.12620230187110054,0.42930683513735646,0.43215693866086957,0.29023998212610425,0.21701638402983378,0.27935858915735995,0.4404677845488944,0.4570176106243361,0.4256961994893665,0.35758238125167474,0.3328650349455555,0.26248677812111293,-0.10100589189293742,-0.23292182359470387,-0.09730152709884225,-0.3955973634885038,-0.39370612730147186,0.05581508632244187,-0.3668200450904103,0.09078203668153602,0.241331524943511,-0.24820862386013048,-0.33748818855539736,-0.10965202238914888,0.12378172557836252,-0.26885883941898936,-0.26881708277271466,-0.23566624158194818,-0.108156916047401,0.05097368317374254,0.0770362565247992,-0.48306195134555396,-0.06063528342813174,0.037176713884454385,0.30626352856989814,0.08492777031029491,0.12889976932706387,-0.5656146628309897,-0.4215225159226878,-0.53844833987576,-0.513990094638266,0.02741689698166314,-0.32435805641777965,0.07982477470849385,-0.279127478428069,-0.022247816981588005,-0.18115516783205468,0.39273141486241914,0.13227602171998468,0.14646859694275388,0.34652485439041963,0.3072685844487284,0.5075989568639697,-0.22267786671509973,0.0972412814381738,-0.24027265198454897,-0.2348257274994356,0.08964225192488717,0.13564600843510496,-0.11630606591809671,0.3082401584160616,-0.06728976016163651,0.08195468652992531,0.0246746499540801,0.020344449722951838,-0.22625792367706743,-0.13392784494621665,0.1037947107116264,0.19896668068949208,-0.08432884122564363,0.10195281794986194,0.31602672253747394,0.3479115701561164,0.17260033138398176,-0.09126960519809679
0.41796716492323555,0.40937672570521766,0.17546489879735516,0.3632508448332539,-0.13607244829132104,-0.05188843988680278,0.4403153287475071,0.48928300638849126,0.22380961489885587,0.23097848661669973,0.46462652641066937,1.0,0.605564267464816,0.8167015620618975,0.07272996521065656,0.42818624571774944,-0.002956618178176342,0.16653305453168854,0.09712449271059329,0.12489179860229291,-0.5040155283516987,-0.48660186379113685,0.06387160720239765,0.07799240761379929,-0.3901795234334833,-0.478558368324775,-0.43824478535177774,-0.45258386685764557,-0.04795553188473694,-0.13231835473225254,-0.02777044732346382,0.06248912639190176,-0.0751463652071352,-0.0489150649343332,-0.1928407781855296,-0.22324089959847218,-0.4760967987756054,-0.20807364991613508,-0.24966325617094715,-0.39278030840239475,-0.3648642026434705,-0.3912652915663738,0.24684725085848172,0.28176522848820823,0.14657813163164093,0.06439227906124274,0.0722530939595379,0.27104663003810137,0.08558570531910786,0.19010251370338901,0.05923906612509952,0.0053634689962133745,0.14091369203636597,-0.12117502103131009,-0.2736784322334662,-0.16667830656406984,-0.2648118787751213,-0.2189231303807094,-0.012092825222640073,-0.29779858695916867,0.3104067549345524,0.44752891052207633,0.140847669905474,0.1885144523041785,0.3077846340553811,0.349279555454367,-0.14663809202694106,-0.3569078593869972,-0.03002063618786828,0.0064680840889030375,-0.046201317908678444,0.14690754471145695,-0.10819661056221186,0.13429391061891757,0.2595644802909387,0.4363231568247944,0.33650986665305344,0.3623995736619893,-0.37208604685234287,0.005717422883003712,-0.3456367997676474,-0.2990834884065274,-0.07745084364637578,-0.1682436560264661,-0.05649722215605747,-0.2672676404430297,-0.013044637133513691,-0.4594672694466507,0.009384175725183167,0.2920562752529727,-0.01644506891359292,-0.012748100854697735,0.11276656527255623,0.1568002300037165,-0.22637398036532064,0.1356574572472503,-0.25601224619230933,-0.5270740321532152,-0.13567276068359888,-0.35432143911981134,0.022061996673545522,0.09309181043062291,-0.002937460487849314,-0.09825569067344686,-0.20515998217537362,0.03519467957331015,-0.3486942162265449,0.05917036612523159,0.1597214832105813,0.20221562791896233,-0.40470721634710344,0.25192644772894324,0.2984919770305336,0.29360264197085023,0.2900719112745582,-0.2122190818803577
0.491863481234451,0.0802942695966195,-0.02388213773314734,0.15359317814220266,0.11779538116697097,-0.069294238649712,0.3525442632964404,0.16425345844532066,0.22922611400129997,0.06236335602362164,0.7410530086199533,0.605564267464816,1.0,0.5859197440431256,0.3632318585514466,0.20436977961609412,0.05254809038150835,-0.0660671559277711,-0.02609854436964008,0.1281223045886485,-0.3179839716148521,-0.35484888035033224,0.4191762326332781,0.2189994304445594,-0.17621404087098902,-0.33321423868545946,-0.19472780723013616,-0.23747262930751173,-0.017315543442751123,-0.301567974604236,0.03360126345542312,-0.2116065501160176,-0.3052230807488092,-0.314215936768261,-0.1543975805799715,-0.002579283541662284,-0.5062352747727996,-0.34534392118423496,-0.2223442563231766,-0.44297665427352484,-0.4463934995572596,-0.3789782433295654,0.37513723576547287,0.39928275449498396,0.16251793507367523,0.09064239417978569,0.2527306552235614,0.3539017140351661,0.27352566982431487,0.27917343061688316,0.26554499305740054,0.17174739917001602,0.16193993664717252,-0.11355170292001425,-0.27672485335579594,-0.06955476914568214,-0.24206653207929188,-0.28790100065711927,-0.06354051923524079,-0.4423550211835053,0.11963823064071116,0.20648958325430591,-0.12502629687250832,-0.16119858970148893,-0.014581165047212644,0.15522865803818908,-0.4009130510885761,-0.3984702785453142,-0.12236011501033241,-0.03156051684513892,0.0975018703379485,0.1772562961814333,-0.260504407632055,-0.011947461483472,0.15208674020546842,0.38421207063749274,0.07817827721968541,0.05441443244704535,-0.4078914143601078,-0.05018222717521807,-0.39629572385918005,-0.2915188701519757,-0.018726100759509753,-0.2531594905033755,0.0743534912971226,-0.19819219644164804,-0.06375618432100384,-0.3028462667351089,0.17686529254154676,0.22504377379417617,-0.08226303681004482,0.12755246603667753,0.11649073413835549,0.2658468944611556,-0.05448903361744311,0.06802269902456005,-0.10894096701740429,-0.2511364243932405,-0.06328558702402412,-0.05159045924318101,-0.11716009790928571,0.18164795601268058,-0.14897603872851328,-0.013254268428089801,-0.2903412196525935,0.02533286063034504,-0.23941068234264798,0.13331497983118712,0.1026217162820395,0.2704683757150212,-0.21238204642158334,0.10409036631616335,0.3205358403777213,0.3722986963207798,0.16209146150503967,-0.22151810677159967
0.3561765752144715,0.17545955866226104,0.21427972005998,0.3364589044627816,0.07379071297714167,0.047287483535322763,0.48227948899523926,0.5722632744610141,0.3645481066176833,0.37346682166294853,0.48753226543756584,0.8167015620618975,0.5859197440431256,1.0,0.09212133697744188,0.4033654818618996,-0.1303648223297843,-0.03900822073833229,0.1285065605766531,0.10103719786479388,-0.44742528511656365,-0.505345730718778,0.012863170499645001,0.081307287430075,-0.4018633396385354,-0.44537128680970695,-0.420808876503438,-0.45039497701571957,-0.08828115702947364,-0.22777772236595215,-0.060228200283728474,0.011388909072389746,-0.19566829464374483,-0.13625424820257953,-0.06767698675587454,-0.051058947436564306,-0.4661835124891046,-0.30319095453968303,-0.30324608892955,-0.4523580377096127,-0.34930977128696844,-0.3995371878335471,0.2952405195558145,0.3357969377409567,0.19317944010326893,0.08283302996500663,0.12088078977751363,0.3460479456974204,0.17844028990285915,0.19173315509852779,0.15917902880317034,0.08668679686712584,0.09375700299879919,-0.01034150950322288,-0.3230376741452329,-0.24445380568646982,-0.37590732222733986,-0.3989185782482709,-0.051565889349375844,-0.3883363875444313,0.14019294981811725,0.33598719662853616,-0.04427823932227353,0.007239311118882646,0.2891051200935343,0.39454853651728783,-0.12983002044399294,-0.3112342511088647,-0.24440807738515777,-0.04786468408093208,-0.02257961795952833,0.175747065427632,-0.1514942278746614,0.1567820255595469,0.28141685502792957,0.4434134889276719,0.3189612188897326,0.3294944732350026,-0.4143919408126653,-0.07148539705272745,-0.4328955744062232,-0.4007335325657606,-0.0025389996321458224,-0.17073622186615423,-0.04199108324932673,-0.20606703436000226,-0.01695014131677604,-0.4270231073462179,0.0854042456264843,0.1716155314217349,0.0801973976363865,0.023438845824109312,0.35748019144991733,0.2667055481476715,-0.1811713644173921,0.021162932817925317,-0.2187396527174052,-0.4481963490624997,-0.013054787277883147,-0.27826655546742085,0.07232806667470404,0.21036082516255086,0.0865081062911495,-0.1371079743999511,-0.10400957766842939,0.058741477327137324,-0.38780243847115015,0.05608714244547015,0.12120436990742922,0.18963521176391143,-0.3594396490527833,0.18741138947483646,0.23360247729859246,0.4176911257880136,0.29815739421817816,-0.18171240947084358
0.076254732106953,0.17011999026781444,-0.20452930856106166,-0.1954621835060939,0.059442015029927735,-0.09479319838943946,0.00959419664831667,-0.2532545185756348,0.21307666148972587,-0.0625899917687344,0.21429885998584508,0.07272996521065656,0.3632318585514466,0.09212133697744188,1.0,0.502243579201258,-0.011611562022708282,-0.07513537299725519,-0.05638933094130531,-0.2627110089235813,0.18458283744534684,0.07213990954385076,0.08806643895006544,0.05864497026591925,-0.06707973120944422,0.03923278714504008,0.0774554644978429,0.14850235583515592,0.38136547327899917,-0.049498457103044076,-0.05762557548660525,-0.23578841201530298,-0.14229019336429333,-0.08871693439404998,-0.17672959437065708,-0.04504929073194693,0.15123689485464392,0.0187795857272654,0.28252061657037575,0.12903482153492868,0.2488943446542685,0.16945588170499376,-0.03220638612516764,-0.010768322183377258,-0.33165228341809766,-0.4216522410872117,0.07415498579274057,-0.03475950725601897,-0.1255366719510639,-0.21787203169017233,-0.1403257751096191,-0.1286884653393436,0.07082701942074052,0.07900833474527844,0.26380724389954213,0.2541205654802748,-0.07658186681067851,0.011214551125268262,0.006121209189301315,-0.08844699833784045,0.0842319292154294,0.08736100023310207,0.10164229540350547,0.07836433135783849,-0.17246061025145984,-0.10990301199549005,-0.3622632285667879,-0.4101008919612272,0.06783331052377745,-0.04127763159685038,0.004002276549821013,0.037815268370149646,0.15617213351593523,0.04977293923151633,0.046610479410858385,0.16256000095861606,-0.012251366367873549,0.016465981165364726,-0.07678158582586235,-0.013194207716480333,0.11349262240389962,0.059275538067573096,0.42281762132235945,0.2932724496360108,0.1643685882041608,0.2562725507205884,0.07696961348782376,0.34521422345393865,0.07252713763189655,0.22406561927482216,-0.24874604356421623,-0.12631098295801604,-0.020758406638165326,-0.1723287261032384,-0.05203524218637792,-0.27922443547600523,-0.06813094389172229,0.12657955735368223,0.10898382672606421,0.011694888679875039,-0.08518825941203487,0.08030668582556202,-0.12013526505081647,-0.264486684093012,-0.0018901444126671848,-0.5317979755404991,0.04756061624535358,-0.11528303841136923,-0.18657703469927042,-0.1454088529033661,-0.2195944278467759,-0.07613787620296529,-0.10376811312746245,0.04322734370129119,-0.07042259684495109,-0.060551410530380344
0.10080659359967488,0.3922381725630382,-0.019092073476742053,-0.13290847234267536,-0.16360426278491677,-0.19241625175344007,0.3818185992902122,0.17603898287135059,0.3921978423555152,0.4046056784375641,-0.09889808719375832,0.42818624571774944,0.20436977961609412,0.4033654818618996,0.502243579201258,1.0,0.08091281234132995,0.3478565025995379,-0.049914371614952616,-0.21630138422431924,-0.13436257403487895,-0.16228794110244557,-0.38899078962000627,-0.1805187982238402,-0.3147761667740252,-0.32942676727632153,-0.30421224170290084,-0.2655944378822324,0.4110922507432027,0.2996329179739406,-0.12607342682641542,0.023459285214716498,0.2390968134747881,0.3953973260323741,-0.16280854463620448,-0.20705769579904484,0.24595331248022964,0.07911301007991901,0.1700169786517557,0.05791481125066373,0.28204327644583005,-0.08961114296042026,-0.27657396994919764,-0.18253263579069767,-0.35730457242785385,-0.5410411258591777,-0.19647899685864548,-0.1971725119391517,-0.2023731315905888,-0.3507391386706594,-0.3066860834906495,-0.3118013995213004,-0.048244549811581675,-0.13168575625441412,0.1586147361654209,-0.03269199705499637,0.08923868262568056,0.11960945027537334,0.1325079779719667,0.05072486539796949,0.4198767094107165,0.29417655571423645,0.3532348318226755,0.4705651451702215,0.37805956138728625,0.3158150309355794,-0.08724726458848181,-0.33954705711146377,0.09188309432769223,-0.055040110097131216,-0.18802003646731025,-0.10504139731344729,0.41566834953396453,0.1643509610953257,0.14009487500677098,0.21673635400250696,0.2796109554220565,0.34309390409466023,0.1069979659128118,0.20392274212176967,0.17665087747911737,0.1984840977280137,0.13984284799012398,0.3661546336841601,-0.041516516173518835,0.08001620288394153,0.13928176772753462,-0.07531081456132203,-0.1480506003443337,0.12272635159894522,-0.350213472432946,-0.5559650063038996,-0.25166228270651114,-0.4167531144911956,-0.13977236354310082,-0.25943383374607915,-0.17298338978525554,-0.28535852266276956,-0.15526509849197725,-0.38840179936626557,-0.05087467427571325,-0.007442780985667326,0.010196317391832715,-0.3936931808325114,-0.06417119552380868,-0.37574800085716226,-0.2303073046916878,-0.11790226567920818,-0.07748502501812093,-0.07005888841211606,-0.3696599983072853,0.07325174261567277,-0.03235201409297687,-0.019221299394313184,-0.10064312352540657,-0.08154171619426408
-0.010429166631384264,0.34039679501719333,-0.09140473536686826,-0.007285381158197948,-0.15893908526063993,-0.15499493785017854,0.05074903263533922,-0.25726923864992657,-0.1202508324134142,0.05756173775360669,-0.06663326011617011,-0.002956618178176342,0.05254809038150835,-0.1303648223297843,-0.011611562022708282,0.08091281234132995,1.0,0.6525398152975888,0.20155731521777298,0.29500707751146077,-0.27795510067706025,-0.17686917244765576,-0.13038395298851457,-0.23696573503783278,-0.0061441505189831725,-0.34862633619679123,-0.10340363236244714,-0.12453718850506008,0.4542982794244204,0.48962498431650453,0.22455227268972427,0.12330101513211489,0.24246541120072823,0.3485444555614387,-0.19991272571498317,-0.31431225180620087,0.27528677355896686,0.1595891417443855,-0.1767868496457838,-0.12932898890765138,-0.050162533523771945,-0.21338902089505424,-0.1334689696336035,-0.06232024377400894,-0.03216278784794855,-0.11390283955082756,-0.20887123266562885,-0.1723980739812721,-0.3611193710583536,-0.19279283659568078,-0.38040962511504345,-0.42197170445042737,-0.2845923170098068,-0.1412770192503619,-0.2670465713176546,-0.3767621459951185,0.7058084981517055,0.601490487950934,-0.3115251517341531,-0.06210570054723297,0.09858457109402254,0.07311384916245178,0.538670474917334,0.4468970001676964,0.08547268621383082,-0.1409828040597664,-0.3389915957011894,-0.3495113482054819,-0.10823539112124245,-0.14629008441022756,-0.09390176244653778,-0.07405598750366686,0.4538595794464566,0.22281232418623814,0.34022093428461236,0.2832928550148078,0.4888686716848996,0.16438593887783562,0.479091385263571,0.4712792459098647,0.5124168556021655,0.5612675307109203,-0.07474244443160218,0.12010562516347043,0.1097405111215493,-0.16952049478367745,-0.07298113027570556,-0.32238282239132554,-0.3263842625944415,-0.21312539983944487,-0.39570784997864583,-0.37939665877430256,-0.45132056844243523,-0.2000206232127227,0.24028789464831565,0.27814142337006803,0.020904015355333844,-0.12360463198693324,-0.12088109231164787,-0.04102538077379587,0.0596191285095141,-0.04251451373394577,0.14064600295973512,-0.08901356387800208,-0.23043743455895266,0.19872641950526393,-0.015810695306423275,0.2481003750565362,0.4555338381988916,0.4313775990226947,0.0201013254282044,0.20878626881209897,0.29856229630055514,0.1424050593320515,0.21709258639617288,0.09134593109197887
