1.0,0.19072567715191874,0.07093665325224412,-0.19733041744090254,-0.1603595053985313,-0.03591277653200128,0.05316694797022554,-0.24278459408564057,-0.059649137218390394,-0.1116946239318521,0.20268274538864606,0.04328004604680921,0.24293188372376737,-0.0413174197369516,0.021217988735584288,-0.16193215453334533,0.004113842065353481,0.05576024556669123,0.1075245544039419,-0.109641434790224,-0.08493151174186905,0.06895790534338157,0.05681174105221067,-0.07092766391552623,-0.14262915339627102,-0.3618463563530299,-0.282400481693909,-0.06234931972482272,0.0053077927287929275,-0.19737296792418077,-0.19339467023240642,-0.26632655072480366,-0.10901135142885555,-0.08965410159355318,-0.06428220295859582,-0.029820820898595935,0.2552135145535551,0.3059474374382347,0.14383105213920916,0.10580320671680574,-0.042354983893632125,0.03317610903795181,-0.019146855394940522,0.11893396893219187,-0.30942085807307407,-0.23794744646331478,-0.0415602307623504,0.007905505722255651,-0.017221982303596967,0.08224343522444016,0.09331078405369377,0.18727773941832132,0.012625955979668554,0.30907542460869486,0.24199069924271024,0.0281548073621935,0.05356399113809604,-0.08612841978514275,0.1615477680583921,-0.04275317741725543,0.08873819180581298,-0.2189077543555025,0.11778240092145367,-0.06045026582801882,0.11162335202500899,-0.17099067965175713,-0.18652141887228682,-0.3479144853832378,0.15712252414945274,-0.021213585638257086,-0.09737097586894639,0.22552088408108265,-0.02917769000719768,0.07130605869663081,-0.08286103828197851,-0.009364771412570609,0.19872111681276397,0.06927897716450665,-0.06438980248779752,-0.05628423850901852,0.0689239249715022,0.08604353122046594,0.004409263190612685,-0.047634844326498255,-0.044593904209328426,-0.11776222893917691,-0.1135517744853265,-0.09299733404784145,0.012220732458982482,-0.11215766861436482,-0.1302936289435616,0.22030215264548553,0.11889380236979363,0.16152712345503242,0.1896466960743606,-0.22988972156619264,0.10653933537182973,0.2478417603385626,0.10503112653322072,0.14959510925388164,0.07472293123470931,0.035072630384039606,-0.135657614689271,0.12249427917934422,-0.0140162549542971,0.0643447179466065,0.007933996343621989,0.19790913749722172,0.013396889712191294,0.0326030616116134,-0.12727897784058967,-0.15390027024892908,0.0076179184058017746,-0.06030471694307952,0.13106380186039293,0.23544090838929263
0.19072567715191874,1.0,-0.07426234686693195,0.3657677843474889,-0.12310017309643909,0.19517739682403978,0.042898695252289835,0.14458625937889627,-0.10572202264621722,0.03646434535856792,-0.12269818531066255,0.0678341232101813,0.009040435710831574,-0.03050346966140445,0.02264243719520709,-0.13320114593559199,-0.12527845547900618,-0.025803813239680073,0.07467761788874638,0.05437299274778764,-0.2168896183931945,-0.16165221655590817,-0.09544293301443144,0.011918471752851136,0.041585882815954996,-0.1316915937332362,0.14204343610871262,0.014947058082866435,-0.31373089395938164,-0.23626100579381085,-0.38785926962798684,-0.1106690422017905,0.040815109533517066,-0.05696123788375564,-0.004398482241263748,-0.2981402462777413,-0.04281217264746342,0.24242939490271734,0.045149251929338274,-0.04154717269832136,0.06893022583060668,-0.17604799631200757,0.03707260372307808,-0.08670417469912274,-0.16710308802949625,-0.22922206208901877,0.00574214210258857,-0.191080119484175,-0.22997648057585282,0.05984636670881211,0.031173937679097243,-0.04644216433832316,0.13021433063616553,-0.05470661117420953,-0.07484886241852351,-0.009616897918470745,0.13665807074156386,0.2551453308986719,-0.06779065480447663,-0.03131746721679556,0.04323613455460712,0.2593006458761088,-0.15028344737275812,0.10832990328943191,0.09287788471690897,0.07944005781293279,-0.05547426442549267,-0.2472440587323831,0.10716011582015007,0.09338659069244276,-0.3495627592028653,0.10880792905623651,-0.35624038157816873,-0.0030084366941005836,-0.07314661723866157,-0.21110599987130169,0.04609041484042793,0.07716853259123548,0.11648730449777536,0.10768855914753118,-0.01743671699806385,-0.048294708529393236,-0.20701356337064977,-0.1309105105459668,-0.020089812872086645,0.09604950344285025,-0.05760569287600991,0.08364200803525237,-0.04591371143726023,0.08009904750495687,-0.10998977297828459,-0.167179639817295,-0.0813942409328062,-0.09090218561175557,-0.0354296348964907,-0.0845359362633689,-0.07903250130507491,0.14024781528699126,-0.009070483482096181,0.0689375366305308,-0.02698642730786289,-0.023482035763942047,0.11246457771088542,-0.14825525708871262,0.15934824420861085,0.224477184822239,-0.04662136801792902,0.00939869533302311,0.08537490580244111,0.0442769817433026,-0.10170826814827354,-0.02851058124993206,-0.25080445410468954,0.09538895313668093,0.3026016202246575,-0.02141073852998308
0.07093665325224412,-0.07426234686693195,1.0,-0.1621076072125576,0.20627637013971573,-0.04372638839460322,0.3975384205800915,0.07652714738135014,0.18840505631867782,0.15222717901229835,0.2842686224144883,-0.00836496437192375,0.28562340069050957,0.16226168353521392,0.16544763443069566,0.12455802742310915,-0.2262014300639111,-0.10070976096705961,0.18958016967919633,-0.07694200779846064,-0.2629064344780484,-0.10399402967286303,-0.041938913592450514,-0.14741743831687174,-0.2101661127596034,-0.26706295315119755,0.09539125609805543,-0.11711697247716059,-0.24754081052749452,-0.13792711163843946,-0.17543719472982305,-0.26468995070481793,0.013784230705149293,-0.16573458181963385,-0.10186324885431575,-0.23854583741872398,-0.07450891295164859,-0.26345227351014594,-0.027041231829890787,-0.11965268939939977,-0.2055334222545695,-0.1665313188670111,-0.2517208715978889,-0.17105613905168865,-0.2039576456482437,-0.24560911912210134,-0.2615589020173805,-0.24403059697900664,0.2512224561942904,-0.13202054622079157,0.19359652503272656,0.07703930774563073,-0.03769261019928682,-0.026112916638753734,0.0494218169843537,-0.262846744537804,-0.2707827140576134,-0.26743442597526673,0.5441383152918092,0.1269122381743195,0.4521883844673309,-0.09260351840256525,0.16505402142067316,0.1587046746317214,-0.07097765166012918,0.05155711395833085,0.4072598216739796,0.14596625978158292,-0.12276331929723813,0.15399524977979162,-0.15955987923930706,-0.20555530087940116,-0.16179925600359688,-0.417321174673456,-0.3361158799689625,-0.18794233147711953,-0.32192313908527387,-0.2833102292459216,-0.28229253671115917,-0.2045608925950957,-0.3612064218897606,-0.1963102799622676,-0.03512647415747556,0.05898352961693639,-0.089711806445552,-0.18001189400121695,-0.17873178642284526,-0.22398711919537875,0.23604920705455307,-0.1274995271512149,0.13343657480775245,0.39117265020351316,0.08948838946276717,0.41106609236885155,0.16935465863947527,0.11332233722514914,-0.24331485926524835,0.01580410223293635,-0.14259520298775505,0.010588309833484485,0.10142444412011668,0.13384223830231992,0.3783429986226629,0.09264725766636062,-0.11596798911611565,0.3029896906448282,0.005611394589271476,0.26514129011098014,0.15233153194564442,0.07537570776984598,0.08898669762937425,0.03678555544334605,0.23171048584314083,-0.01793606528741233,0.13259693666014868,0.11344699802386257
-0.19733041744090254,0.3657677843474889,-0.1621076072125576,1.0,-0.1398776156430017,0.0827778139251037,0.18968113372696943,0.5375393260554324,-0.12024901034630013,0.05411156446380669,-0.3921723954449096,-0.06868814249449279,-0.12860017778129007,-0.03058467408374762,-0.145727369187376,-0.2818862728720972,-0.3674150765821702,-0.28292634169321956,0.02931935814166877,0.08743228296828505,0.14663674172241986,0.15837986329892204,0.08604988995209957,0.41801192480495214,0.20040472940094414,0.25104021343735605,0.274808366718436,0.3024409099476366,-0.3870059227735913,-0.41169100493049665,-0.01618061991991312,0.3790105652948881,-0.43958299287512365,-0.11388735930394371,0.024410493704507027,-0.043663382679471334,-0.41356990169087277,-0.08397043247711101,-0.11129653391547416,0.07044675066096963,-0.20270866903966533,-0.291224540024195,0.15223761918245865,-0.004595473224051236,-0.28299895362703004,-0.1873201761204343,0.07333952498568075,-0.021288348035782046,-0.45085998267448374,-0.041548471283587726,0.03456078905305906,-0.03761801683929434,0.2921855997041832,-0.13574269805990893,-0.2013281049212488,-0.11515130552486051,0.11925562889089186,0.17703191950861052,-0.2693119137524433,-0.21537371916132658,-0.1768904581149311,0.2445950008362958,-0.4910497762871891,-0.16125615960726364,0.2659869053633528,0.4255958705676924,-0.19909519012495444,0.16966670218370392,-0.19567129191250304,-0.20727889670635477,-0.19272892306104078,0.25285735227859985,-0.6531494037492873,0.15401836476408345,-0.19619273295038636,-0.16255018886660047,-0.2454987799708494,-0.019453441119792823,0.03004856330930761,-0.03700767649972464,-0.19677076888710915,-0.3787389390903847,-0.3048955675319586,-0.13481923195990447,-0.07931801117900925,0.13904437302724212,0.027224479159673156,0.28285106464120524,0.23279411241662135,0.3024090615664425,0.13508026673093795,-0.00847383151379256,0.19195092825770288,0.10763187594801409,-0.13705049629585453,0.0898646534359236,-0.060501557654401995,-0.07293406803911019,-0.12058774805797601,-0.15267868677029794,-0.012974489243401015,-0.0317984126868594,0.34214873560657105,0.04778331243653474,0.1541636192512425,0.018046237202701484,-0.20459681535511326,-0.23438241195921164,0.11895556149343167,-0.08294703605127711,-0.14462218685377615,-0.04203743674699739,-0.1806406791316014,0.16630779704234097,0.1946616749984175,-0.00643495683224603
-0.1603595053985313,-0.12310017309643909,0.20627637013971573,-0.1398776156430017,1.0,0.3942889722457455,0.1809729680250684,0.17948310534149045,0.5632212228499383,0.4153359641581631,0.041150557857190344,-0.1567568699911792,0.16052122452758955,0.1680429683707507,0.25591576452990233,0.050006717577985284,-0.2283510798683623,-0.14348572412514807,-0.010551511889539221,0.2638375002902626,0.05356353608994302,-0.11214066499493747,-0.06050814128926459,-0.051336720493503664,0.2180228232503785,0.29393253164945243,0.33514032786324216,0.1048527287827571,-0.20871089688935204,0.09955946793340514,0.1412034013989583,0.07997681578173899,0.01888595696091829,0.28323768307963426,0.24052839916489865,0.11880465451040466,-0.10168213595924452,-0.3112321628184649,0.09320278044185458,0.0012012699705721433,-0.06442910493630306,-0.016934347631116668,0.004990185387533955,-0.09593725265048526,0.02403849910800551,0.11357992483925446,-0.17128959660358564,0.03466425464248808,-0.0835041360799229,-0.07001071902156451,-0.14036073883171482,-0.2488753414497871,-0.1815748132096893,-0.029643153603672107,-0.1311812139931454,-0.19936741204987107,-0.0805786468394363,-0.027621434193332024,0.04500645716428186,0.013364821099514103,0.1163473351592244,0.15812622183545988,-0.20622680379448352,-0.019334330090741737,-0.02936373435736512,0.2273315476042096,0.2055756647525354,0.2509916553607407,-0.1969202260076844,0.10566148524466495,0.017957516547890316,0.0289917997246365,0.1077908317674163,0.19482647046352117,0.18361996236349357,0.03680259959005606,0.0023702612846149573,-0.0677529369404822,-0.1441115151463651,-0.10971654074112255,-0.35327298412708497,-0.15951693971051406,0.042359827728039104,0.018771894632158167,-0.2645101445314056,-0.20405024522764711,-0.23787332786727866,-0.23007279250292004,-0.20037367920827243,-0.3784807601599177,0.12672721947142723,0.11844407512217386,0.13354978733251427,0.03893724587322072,0.012060419393554525,-0.24583138969016538,-0.0623505763805574,-0.019010093227167086,-0.17902916757086335,-0.015433871431070953,0.23254984956546015,0.06967440492513606,0.0861188132050878,-0.14505514033019895,-0.19825832852838404,0.18341404787794513,0.057407503018643315,0.003349056855184357,-0.08065555161012469,-0.05501982728067149,0.13567278941280234,0.13313513947043715,-0.08995073128373775,-0.10565718447907099,0.15694166653112515,0.03884138052600478
-0.03591277653200128,0.19517739682403978,-0.04372638839460322,0.0827778139251037,0.3942889722457455,1.0,0.2330901735475032,0.26464236417417975,0.1574063676136324,0.31447310090230995,-0.14563211184045102,-0.15815289999159277,0.030488339046803824,-0.1603107350072611,0.24752112840465965,-0.0906513612844254,-0.0804572248709019,-0.3041488146958505,0.21325764158147065,0.46675886358476104,-0.10867117184165878,-0.08332285413412978,-0.02741694582020988,0.07223631635161906,0.09929140452995584,0.19743691117175224,0.29162035829886146,0.0833016840804482,0.022165756561512318,0.0033575418678923035,-0.032656459329880386,0.07753780530136238,0.18681485376975918,0.15065895862386466,0.08715983906805212,-0.11100404569614147,-0.0657975789870939,-0.29329346316742083,0.029951538313405614,0.04602129280846679,-0.02572001556858179,-0.12408576942475018,0.1623399040484258,-0.03682692409832117,-0.14429982908802705,-0.09772339738275516,0.057835899483525896,0.008249063144005395,-0.2740952107371899,-0.19290152456371903,-0.2793080448060315,-0.21671036782349862,-0.07933723706368054,-0.11540696467754774,-0.2454702163168833,-0.10599377031924477,-0.05354446011326962,0.08015501312669641,-0.15406310367956919,-0.041674363413159186,-0.00844962283025562,0.16899019041414773,-0.24593060141100645,-0.10556956714374383,0.1986886084670675,0.13621728718497342,0.056774331107561124,0.037430138148653216,-0.21097769883557746,-0.02553426633932046,-0.19664795120874626,-0.1293816105595738,-0.07133055959488124,0.13119562999428036,0.14316745342257617,0.20791996636013968,0.06043843627227202,0.03330623081326036,0.12016721310328868,0.050703527708148434,-0.24407811551875772,-0.06270884129993366,-0.22533147908523887,0.01641914030973345,-0.19519161326182466,-0.08316879815106915,-0.3873379750748368,-0.1799997667894691,-0.2340505606671798,-0.2773012021133797,0.19628166762628413,0.1111237327622622,-0.014705990882762027,0.016344684315840536,-0.18051219398432738,-0.293658899990429,-0.07210296177533936,-0.08947068776851666,-0.22060402601575918,-0.08591774131692893,0.15370538962029281,-0.1686178949437977,-0.08353417656587217,-0.1927426487191035,-0.05139346192247135,0.12433908995602125,-0.025804798864731956,-0.20059652647624193,0.09853688676188231,0.01719546078109414,-0.013438516258194904,0.0018722075930619909,-0.1286352007353995,-0.05970200072497133,0.13117185813305016,0.048535539482149594
0.05316694797022554,0.042898695252289835,0.3975384205800915,0.18968113372696943,0.1809729680250684,0.2330901735475032,1.0,0.22338685926815816,0.2821723981550313,0.2188099311305711,-0.25933985551515765,-0.2292307026703153,-0.07971011632535592,-0.19737734013184938,0.06735714315737501,-0.0733905897148644,-0.4998741163040493,-0.3422006103663221,0.1854945523733774,0.28319516248486193,-0.29347378049865747,-0.08823077480621452,0.3515104552260156,0.4186067244195668,0.025558051775482104,-0.06264962855886048,0.11279343950615092,-0.07201413790220416,-0.28403371612782286,-0.30686187292684636,0.050313972013142805,0.07437898191376321,-0.11564321113317513,-0.12108298991701207,0.09105094131772755,-0.18769089613794093,-0.06570526696920642,-0.20736425083287496,-0.19662921281102655,0.055152351425219376,-0.3968010891823862,-0.44279479791275067,0.028755944381543618,-0.15353547263003792,-0.33559850808519337,-0.17288618251848778,0.082593876107157,0.05991532176391543,0.013582129032703697,0.10764446972584073,0.22030283303466675,0.18059703480222047,0.1949933073092502,0.3004787850471394,-0.2451365511110317,-0.11051532383123357,-0.3378885616627859,-0.13739159837531917,-0.0016938723979212922,-0.20809752794667769,-0.059372366025692784,-0.04863043752085326,-0.3050970289976104,-0.27817716654944913,0.47648026778996333,0.04443079677914016,0.1047867091913061,0.0923483733700334,-0.10282475347974632,0.028454429281628807,-0.25880867533879376,-0.27685502209904084,-0.36754488582308004,-0.238853419125153,-0.25675245811202674,-0.274112530695523,-0.3851420765542094,-0.3244512748112006,-0.16283488207367294,-0.32711343128687786,-0.40583142271401496,-0.33996992346093496,-0.2192547482643225,0.011954865946263573,-0.15876659715729655,-0.08990985706711915,-0.13789149039470733,0.06719098054625723,0.20812816796566488,0.03208958712798755,0.3366354343476432,0.47342657001109173,0.3517613594483214,0.4747810059480448,-0.1292035755976447,0.010988800347441699,-0.06314473439161149,-0.04775682465271011,0.07273173751898142,0.17347350873750586,0.3069892701752343,0.002511590258059196,0.24899814489272773,0.08676462791538907,-0.22959388414473977,0.10033067035734443,0.005848990064997683,0.11248099377107457,0.08396909472038679,0.040952125423552956,-0.16617967983868212,0.13098375441237523,-0.12324865394279705,0.15994634040201647,0.28770309105099806,0.21860723523941344
-0.24278459408564057,0.14458625937889627,0.07652714738135014,0.5375393260554324,0.17948310534149045,0.26464236417417975,0.22338685926815816,1.0,0.19161278002991664,0.541508347259075,-0.1056552551668,0.07380084518920231,0.13493974862662428,0.33209142767132016,-0.2010726084441922,-0.2055313701358961,-0.30384934967242655,-0.4164007339699646,0.12411830429229094,0.03660478320203746,0.08849910937938972,-0.22637249880144508,-0.39751452174991037,-0.052008453108434806,-0.22206590101281545,0.23382912366369807,0.19501526949817966,-0.03940711372337014,-0.5031601639910697,-0.1323511630882401,-0.08421423850700968,0.031573673426645646,-0.18944949308354564,-0.07818936942305502,-0.01132364839825683,0.09951956623853722,-0.35316735141490535,-0.4148854281581666,-0.2807590836176825,0.02253595390142638,-0.34574468618824666,-0.38389087969702484,-0.0070424795737360395,-0.10025502941431694,-0.04459048552960098,0.006265138305739318,-0.22294463239428364,-0.04365756900226618,-0.2519096618649129,-0.18426584435427076,-0.02650255176437585,-0.06098308564948111,0.047694417978864735,-0.22310421323553878,-0.20734370354314144,-0.3075059773810425,-0.043479612825414245,-0.11131467752013662,0.12067938176969403,0.13429021847369588,0.16222811647160193,0.4960690471459387,-0.13896931141842206,0.08311936428373465,-0.10852737679711341,0.7007024925320194,0.15607572539145426,0.2775145500708146,-0.3194789712498978,-0.13704782996825485,-0.04571854597022739,0.06989332054754958,-0.32286706629616874,0.040066569980067475,-0.12312900441733875,-0.21351716905128926,-0.24605755419026903,-0.14931110791131505,-0.19525523249437796,-0.1631642139431953,-0.36076119091701964,-0.4865517038482863,-0.24553434433407353,-0.30267493293909237,-0.2710964149509328,-0.0981034170736822,-0.07674928002825751,-0.2714823036454524,0.09698697864932049,-0.0006648565780536652,0.3600517910942309,-0.013381129126101222,0.2895919532515433,0.19577270590612575,-0.07600288349710478,0.13387129654825677,-0.2455503896392495,-0.2166033885042835,-0.2693260804965638,-0.3119711564639624,0.03892440148460095,0.09407236646947519,0.20795684027913894,0.1972086062940028,0.14771892006617887,0.05945666646365523,-0.09886449701091812,0.01372548072009431,0.14766478023675308,-0.06921670284212322,-0.060511982677559875,-0.05855702093004039,-0.08957052766986766,-0.0388028565459566,0.10558335187322586,0.13004662140609471
-0.059649137218390394,-0.10572202264621722,0.18840505631867782,-0.12024901034630013,0.5632212228499383,0.1574063676136324,0.2821723981550313,0.19161278002991664,1.0,0.5626267556213206,0.1400610621201819,0.15121411942007962,0.21604616737655402,0.3017625041980766,0.22912041779648146,0.13816922722210603,-0.19558947204835186,-0.1590147950589537,-0.025380004934256357,0.07316825230977468,-0.11744372350474787,-0.2765590703708284,-0.10390141456153824,0.0007160997678156882,-0.05915840516616958,0.16425435224895882,-0.070528423798103,-0.09367647649095848,-0.1979140549830773,0.08680123887321808,-0.0049504171359178156,-0.009380758914692356,-0.1411664546168846,0.22766048713880205,-0.0021860015222238305,0.091109886144068,-0.19014076463036006,-0.1842207900434579,-0.14814783217053448,0.07226641149095885,-0.13756612908066,-0.19290721834140184,0.011553906808667833,0.05493431567948598,0.07102475941891892,0.0940541091409481,0.07308472221898471,0.2379977851998634,0.12631848411320978,0.16818712335448907,0.16685649449038428,0.13087237464534063,0.1418664283665069,0.19775010573509605,-0.21395922208987792,-0.08674582775942298,-0.1570862472319617,-0.22529571599993745,0.017349509463512693,-0.10894414553586698,0.15029502801755554,0.4109915524521231,-0.17655005273255683,0.07345978012011321,0.01876381472424026,0.22665760278093947,-0.14941008945008563,0.01978147798884879,-0.09513600150074007,0.09849374904707234,0.02640538553480913,0.097884053419948,0.17788619303920558,-0.03217863003537494,0.19609779204742334,0.1836479039275814,-0.054059743270149375,-0.16365988289828645,-0.14063947430671217,-0.24683022172175204,-0.31478102623196336,-0.31374834526009193,-0.13665210544909712,-0.10061630975215559,-0.4249520599084945,-0.560358681291632,-0.2552646836299913,-0.29415371898814396,-0.10503289745202979,-0.18883325422639058,0.43931397588452237,0.259213092925036,0.18728990568339976,0.17895429642906055,0.17709372810522653,0.022982721438144057,0.07022798671957406,0.07728890174578174,0.16772022699700045,-0.025319657908393255,0.17346706683257704,0.0699048224307723,-0.07235669146918049,-0.07648465347116606,-0.12632624303368442,0.0784431123290642,-0.05961389580274322,0.0818430025464022,0.056737332141177904,0.18022651102600182,0.06434062126747764,0.04936394608690402,0.009221053395587223,-0.16748748529611193,0.034577087281923,-0.033606653012614306
-0.1116946239318521,0.03646434535856792,0.15222717901229835,0.05411156446380669,0.4153359641581631,0.31447310090230995,0.2188099311305711,0.541508347259075,0.5626267556213206,1.0,0.061109545751534176,0.2138319305612539,0.3265040716920639,0.505765932756868,0.21514911214116259,0.13914297604674997,-0.15523504034984498,-0.24968822604277865,0.08176458715949039,0.12240840727028252,-0.1679290415116078,-0.4468289871700302,-0.4405340192272841,-0.20583236955726855,-0.2817796952157936,-0.002527297834163907,-0.000933903071069932,-0.257901780507634,-0.18021166891598417,0.28603163810125964,-0.1058651270214254,-0.05803314193801603,-0.009745402613531363,0.3545592315719925,-0.061801813894822935,-0.01416094913280227,0.030607987919199293,-0.40771053493675014,-0.16436094003356966,-0.13983742535980517,-0.07732018977877472,-0.17150898236690368,-0.18079403534920063,-0.16678971410580137,-0.06610847472638885,-0.052297372482609523,-0.23595460104334062,-0.015801023533713696,-0.1494323173368477,-0.1522732154456678,-0.11690704478245245,-0.07604192346413667,-0.060531806474098185,0.0026913052154159314,-0.17046888307421174,-0.31336817807807565,-0.22510066916659863,-0.3263376296096745,0.20844455624310088,0.016099904177918435,0.3652088898920924,0.43603533119351107,0.1440397062302985,0.23363715318664077,-0.05706560377429788,0.3791401361554994,0.11410736798992875,0.059005968547776094,-0.14542071213098004,0.09393711272546003,-0.09832063361328532,0.10941722091316268,0.04893248231506029,-0.029639601696169384,0.24903493614403227,0.02527694073404559,-0.15201868864981044,-0.22834704697831545,-0.08955315571779215,0.04993665971807179,-0.3186804359474765,-0.1913284894411586,-0.07269901352782746,-0.07523468934592573,-0.210586427424309,-0.2164715503625297,-0.24571988050912275,-0.4198334288442453,-0.042690666795445496,-0.12546753656843748,0.3819576216961451,0.07076704718072178,0.16231842756630718,0.1963014611335842,-0.11022188711450803,0.14144389427942639,-0.29755676414233384,-0.24504803969834416,-0.17871705575987085,-0.31107683603610203,0.10601602929240313,0.1638321980533542,0.17657188844915722,0.0021257177312173337,0.0027549591127385828,-0.08817566676036753,-0.025719185018852734,0.1261653038412824,0.11525167478444044,-0.026809612354566692,-0.13051049944511953,0.012741115146553435,-0.165537809849845,-0.025581604584847772,0.004981409574052636,0.14486793396383893
0.20268274538864606,-0.12269818531066255,0.2842686224144883,-0.3921723954449096,0.041150557857190344,-0.14563211184045102,-0.25933985551515765,-0.1056552551668,0.1400610621201819,0.061109545751534176,1.0,0.19555135146696834,0.5908987415555741,0.33350914166038087,0.24524156611584402,0.09234741247484088,0.12660010700174248,0.09384714406820759,0.1079817239623883,-0.31260902722112055,-0.02124284967113185,-0.2494286001792945,-0.3942072547661196,-0.4346033266920882,-0.4382965168285211,-0.2421052245157909,-0.21783172828259648,-0.22148398259528126,-0.008850675232175014,0.19006910880972105,-0.3620791969487494,-0.5110305467200298,0.11445206602745174,0.02495267024020333,-0.1264853384555674,0.042178115159221354,0.09004941134642921,0.029636627605786326,-0.033029472089166324,-0.15516799662846947,0.05096411944275011,0.05545843063014299,-0.0016923967573058182,0.08827780577997973,0.09217860032156,0.05494552343709199,-0.26826719823152423,-0.13622525339589225,0.32277856156739093,-0.04481079418191867,0.06896966297801858,0.02208519710624487,-0.1774211913001368,-0.2141087461520232,0.187947089665032,-0.30761938181504767,-0.1726603858478462,-0.3976505570697435,0.534943073477572,0.4298427024093012,0.5174194410061113,-0.10327622993033868,0.4063833039674007,0.2991075871895753,-0.510746143929839,-0.018918769506917392,0.3147249191289837,0.015637639447435955,0.06990077773271006,0.15890443472274499,0.11223898534006449,0.0473069930018684,0.2535057137639064,0.013526740062837406,0.12427012052274965,0.12145773840364163,0.16275027440040002,0.044809568203002234,-0.18735732375494904,-0.12120684397712181,-0.11511263588507546,0.12168141770867409,0.08932544464335986,-0.1647670747943583,0.0478308254065017,-0.39501741703278853,-0.19267743616117927,-0.41715235586156313,0.07284181850927136,-0.4181902751114485,0.03164614566254772,0.07696128154685342,-0.09603817568215442,0.07649431551728825,0.2598360365099485,0.07743152204433558,-0.14338418585874077,0.09123234785400544,-0.02725309503131308,-0.11783567452372058,0.04694898628586039,0.24502441654813348,-0.176463461174279,0.11098777741863276,0.13905613909192327,0.1971662871270965,0.11271508490137784,0.1426068801942827,0.12578995054212366,0.23902501559761163,0.3424702457186543,0.0802184535356771,0.12946152419104073,-0.1965129470519461,-0.07826498973573685,-0.06547644722880135
0.04328004604680921,0.0678341232101813,-0.00836496437192375,-0.06868814249449279,-0.1567568699911792,-0.15815289999159277,-0.2292307026703153,0.07380084518920231,0.15121411942007962,0.2138319305612539,0.19555135146696834,1.0,0.23027018187275541,0.46208102983516874,-0.07605292158391633,0.07744013572803242,0.14021417613252238,0.05109459969978992,-0.22882114448369908,-0.4535243913207848,-0.2544344078309436,-0.13751624855683492,-0.46470017547164244,-0.5032192355656788,-0.4146787176329198,-0.2237425828328925,-0.23211324819696716,-0.08476966197737487,-0.11204389942677963,0.10618365114946483,-0.39761741351427576,-0.28873523017907393,-0.010358240615014117,-0.012900927451886946,-0.032671442387525604,0.10293131959804232,0.04998707024275053,0.08954031872534828,-0.25581714998190846,-0.0935523597869721,-0.05190489188357156,-0.07666411052491456,0.06760577209513363,0.14551431223747918,0.18589371964125206,0.1679851067164615,0.016686195639578984,0.07666066238252925,0.19585973878470794,0.07595360647956012,0.29032317778568767,0.24091589794419752,0.013670998084749336,-0.02835337299111401,0.29945447749933585,0.1261483097818121,-0.18036121308715344,-0.2643690483909886,0.0938419500931973,0.007421106588035092,0.17348026376399356,0.2669769195407022,0.07787567274354554,0.06284052873894491,-0.2431633194742457,0.3913619754202901,-0.11707273406002447,0.1189840685949305,0.15032278273086272,0.027505904416707676,-0.061498242143109554,0.08321691046356153,0.017434091605449488,-0.2556143660767468,0.0408716834286281,-0.03930833868991493,0.07005821022117893,0.0012921706917031616,0.10625469107637751,-0.2140838635348385,0.06461952418628392,-0.11105160483706827,0.032200139808520774,-0.33198196389426077,0.11398344387129626,-0.0910933645749684,0.3282585346228506,-0.09066163263784108,-0.017114424421259922,0.18218326749771988,-0.007085194439787143,-0.18802485223425683,0.030299593628848313,-0.19014739891391308,0.15775318920043094,0.25718609408681503,-0.018393093290043287,0.12102984855293875,-0.05825717883938227,-0.3243574474681823,-0.009112544315461116,0.0683329963142902,0.006582788485886762,-0.033473041227927165,0.3180490946496502,-0.03217080688514935,-0.15967227075827864,0.11172181623385262,0.06484124319269303,0.08227098857000202,0.08573652070547547,-0.29720701819208084,0.115363647539065,-0.04976004115254542,-0.10233507603882873,0.029847210094192108
0.24293188372376737,0.009040435710831574,0.28562340069050957,-0.12860017778129007,0.16052122452758955,0.030488339046803824,-0.07971011632535592,0.13493974862662428,0.21604616737655402,0.3265040716920639,0.5908987415555741,0.23027018187275541,1.0,0.6868664523363096,0.45872504825649113,0.19836270833537403,-0.018631706004721797,-0.07077732846672105,-0.17858829787818797,-0.48907021337978474,-0.11280679964141256,-0.2603564823901587,-0.3917752940811901,-0.44566506561561925,-0.2152027444735511,-0.22207425356751823,-0.07154243363068534,-0.10454953935208006,-0.2073486693976086,0.06088720254737952,-0.506892723071594,-0.3927581006908622,-0.05652546999919704,0.0223282396753282,-0.05492839028165678,0.1667924081625424,0.02996994732812892,-0.1079916897192726,0.2262031242537744,-0.021612441383553133,-0.0982843298121966,-0.1457245182124395,-0.07506795085988914,-0.1335496894137239,-0.23902515821308376,-0.32530393346464664,-0.3734086447425355,-0.19070853458367734,0.11212074442629273,-0.34339894529176873,0.16797724790449195,0.025484549816346486,-0.1399994063181834,-0.08347675881099996,0.1714699358240244,-0.4583549446728172,-0.07494995339073672,-0.3262821633738754,0.5514668102337071,0.18190019243732414,0.6745134249970376,0.07759478282247695,0.2287335284304317,0.3087294699635424,-0.08738503916973515,0.31335171475290396,0.2611462133409559,0.09910227095641642,-0.022895657429797475,0.13288254611301986,-0.048149303463621874,0.0809843161569802,-0.005680116762728752,-0.020977789157631575,0.10261644218886894,-0.013717651983098277,0.07978423316346543,-0.15184609907115304,-0.15363945904614748,0.008600698579029014,-0.11431907997587111,0.03871417711403145,0.015144367920813835,-0.2512333970542913,-0.18747319824385605,-0.3656358438632181,-0.15563380799264617,-0.3579336666216988,0.15994443101051106,-0.20767601891167245,0.01403593605601191,0.000935970357596141,0.013152593015995962,0.03658545608273197,-0.02040220504694164,0.08650310569698909,-0.2099476211810347,0.019236442224438453,-0.24482815221134815,-0.287249883885615,-0.06763982671516114,0.036577622743270685,-0.05792750580463597,0.08416382551383816,-0.12208367994407424,0.07422189462664949,-0.10261941853925664,0.07132315488689323,0.16864033695319083,0.31494202231525037,0.2013845453688537,0.052011176958910464,-0.05662266174592139,-0.17271717190248048,0.04946230890324844,-0.10254058232302782
-0.0413174197369516,-0.03050346966140445,0.16226168353521392,-0.03058467408374762,0.1680429683707507,-0.1603107350072611,-0.19737734013184938,0.33209142767132016,0.3017625041980766,0.505765932756868,0.33350914166038087,0.46208102983516874,0.6868664523363096,1.0,0.23928068830433305,0.2355969234500143,-0.05916265046824735,-0.1765048325756373,-0.2072269996478168,-0.4959206570226398,-0.06633925591602603,-0.25806888341644507,-0.49457467028916907,-0.5061142451547578,-0.23701344148455222,-0.10493250820242102,0.0020363466572295976,-0.06271322500588003,-0.2712778122652893,0.2247487152588567,-0.2928811832264228,-0.255920400286248,-0.09265802980582599,-0.018390078038912516,-0.16342194599567345,0.1695290300251072,-0.0803872592280571,-0.19373619335349113,0.005181348848784026,0.004071244855149019,-0.1379692964376499,-0.09878570171602018,-0.07042583565495754,-0.04691265054541302,0.05522600185514738,-0.014231385629129031,-0.3325877575180073,-0.05952971875814819,0.0377939795828062,-0.18445625751140982,0.22295521218740785,0.06173783691396414,-0.058078353233140693,-0.049348816515435746,0.16372243899637157,-0.29615801890277554,-0.11945480120181114,-0.4431591605290073,0.33376622145574825,0.1305739663393109,0.5302891874389447,0.4324538045922258,0.14618627730182865,0.38276689706680506,-0.2801525145910075,0.5130725462851521,0.14382269610014473,0.19104712666657675,-0.0007831314568325148,0.0578872962637926,0.06791794186993602,0.23961551900734582,0.024341356704246815,-0.0019857793445940187,0.2203243812639807,-0.04665499574347037,-0.0048106835008860085,-0.15721315858158824,-0.19644926501144275,-0.04001238648665079,-0.20815450704959493,-0.11891548778442203,0.025047979719346726,-0.35386865267777146,-0.161529683443037,-0.28350450689264134,0.007374377431174758,-0.3703487660050246,0.12027567503883659,-0.039061502623192156,0.07966703184196412,-0.2365421140036052,0.1082382348906292,-0.10596444373937339,0.05052437569962519,0.18377153466690516,-0.21443662716196096,-0.009954563572969788,-0.23455167044808795,-0.35500849580221994,-0.11753345553057025,0.001925968805469192,0.05029850636021836,0.030804843901542613,0.05040778304156866,-0.12166438531411491,-0.06879888897241199,0.06910562382356739,0.177890015342085,0.14036911840171573,0.08955547187821833,-0.09772186192069342,-0.055654450002643935,-0.2257405141439959,-0.20327563620524908,-0.15212718965628183
0.021217988735584288,0.02264243719520709,0.16544763443069566,-0.145727369187376,0.25591576452990233,0.24752112840465965,0.06735714315737501,-0.2010726084441922,0.22912041779648146,0.21514911214116259,0.24524156611584402,-0.07605292158391633,0.45872504825649113,0.23928068830433305,1.0,0.5194209357800427,-0.08876463725253991,-0.12167539694243477,-0.024989198302075098,-0.09754246119051078,-0.11878731156265514,-0.17993424499505306,0.07626526350528888,-0.002611903597771171,0.09836564811828023,-0.10467147341557326,0.16490781938898671,0.016738542349493048,0.1599815344881296,0.061045528169616406,-0.12978390263255685,-0.09629112655306886,0.038009424131495134,0.1047760808864459,-0.08829000012670156,-0.1813885188995744,0.005864057725339815,-0.22064539099725486,0.21636794855499622,-0.19632643884716808,-0.16011391907643402,0.08398193779584771,-0.07707095636713772,-0.20936311427783785,-0.21922915119494668,-0.33336235547766024,-0.21316568178381182,-0.15351573212701108,-0.04075140099569557,-0.2156378905867485,-0.008460099804937194,-0.14176727729554453,-0.19203381224804686,-0.0769214997180055,-0.12103371369266294,-0.2975749292678786,-0.22652387889075218,-0.13396825417755373,0.1321669679069397,0.013927471503278912,0.2704255923296318,-0.10418840140441071,0.04330119415355156,0.22752288408817348,0.19825636152944506,-0.1172213076453144,0.2704848238733329,-0.03051688113886918,0.061062986062147925,0.3054354202915001,-0.25505975241964496,-0.06517097500229216,0.031397699716856395,0.043514175744808536,0.2648014919658311,0.1857716172073199,0.06254395164241766,-0.06821832155788579,-0.096942255634407,-0.019220372417074725,-0.22758732905854717,0.04773857293204978,0.22273306607132104,0.2791146121255971,0.08788043488678601,-0.048632857668576765,-0.1413487390155664,-0.12853192457875345,0.18689834343239795,-0.1872361723345369,0.13071947200717637,0.1389671286198424,-0.10552129197506427,-0.02031958020745282,-0.1923573628677377,-0.23251197802788495,-0.21463392033641304,-0.04290501569406941,-0.010126684626675663,-0.1418311607157163,-0.07683996860404246,-0.159215296007214,0.11022698691243242,-0.1224851213516725,-0.2772566974583077,0.04855257824103463,0.028818795003560438,-0.10277367097296224,0.1031283940267378,0.15463924553788322,-0.019905040169574038,0.25352145075073496,-0.09895629812991764,-0.16718213874017132,-0.059188813520178754,-0.30407327800245953
-0.16193215453334533,-0.13320114593559199,0.12455802742310915,-0.2818862728720972,0.050006717577985284,-0.0906513612844254,-0.0733905897148644,-0.2055313701358961,0.13816922722210603,0.13914297604674997,0.09234741247484088,0.07744013572803242,0.19836270833537403,0.2355969234500143,0.5194209357800427,1.0,0.06792018561497801,0.26639353915804664,-0.2946462294085343,-0.12021956999151515,-0.15146009071058353,-0.16770748194395052,-0.07409095350126053,-0.0975128841637275,0.01801424633022063,-0.06724801949436605,-0.016294607817037433,-0.10519551552197741,0.25765147997038995,0.33220956200504315,0.10598362768503375,0.035203219421473766,0.23001754579638445,0.2810226216091633,-0.08605848016539272,-0.05426913964366758,0.17877313899891534,-0.09044513185827911,0.08628683927314751,-0.2073326643561609,0.01454906538542627,0.1298539597452274,-0.2294658074016504,-0.26423042066508545,-0.056402066480293174,-0.2590213333068262,-0.21014192001096166,-0.1419439358167867,0.15309770451089055,-0.11183745034953253,-0.05701743124376171,-0.12629136443410352,-0.1164219038550559,-0.0918912494079389,-0.09965697574894339,-0.1106892711396829,-0.05662533908128999,-0.027170444625309407,0.05471088209821017,-0.0606773715969923,0.11903567392454391,-0.09020641550382494,0.2174598664732225,0.303169259244692,0.058007548761465196,-0.2353492446460717,0.14115339835433396,-0.06961716669319815,0.2037044362069431,0.3228624103671231,-0.07040162913883119,-0.0803113808547134,0.2784964400037689,-0.05705388653316419,0.2544121095345617,-0.0112627619321293,-0.08723868471254571,-0.11537261463265057,-0.07048572619909046,0.21725235848677446,0.05723775167940619,0.17073838086475346,0.383948810890899,0.4360543609741058,0.01991512451934088,-0.007619999858616731,0.1088911664872709,-0.09198208827086535,0.042498463751006486,-0.15611775722244614,0.10732288256477034,-0.03567199790460842,-0.10776125002830372,-0.07065149718767295,-0.042169508293186476,0.1269352037965027,-0.291440310472946,-0.1259688847745923,0.04755235671998236,-0.11483683082012094,-0.2369722446855604,0.0575546134370298,0.1542161124220684,0.017353920207645687,-0.16007948077294099,-0.2334573058675965,-0.04084017111173752,0.19264299123244766,0.05307427245825365,0.1583580826541536,0.011229401551320304,0.37792344053460813,0.010796275896733234,-0.03767545746774233,-0.3199925168790361,-0.37008691312807546
0.004113842065353481,-0.12527845547900618,-0.2262014300639111,-0.3674150765821702,-0.2283510798683623,-0.0804572248709019,-0.4998741163040493,-0.30384934967242655,-0.19558947204835186,-0.15523504034984498,0.12660010700174248,0.14021417613252238,-0.018631706004721797,-0.05916265046824735,-0.08876463725253991,0.06792018561497801,1.0,0.46693590522439976,0.06615039533482284,0.012239745676280857,-0.10025745864069066,-0.1641831118900995,-0.18992365952129295,-0.19629452026758965,-0.183619377445731,-0.1825220027854612,-0.3873533537571426,-0.30555895082446966,0.4236569071712078,0.46028349010129965,-0.17652302550145085,-0.23247701853939037,0.37201135195560414,0.16824336279411953,-0.17939649505260666,-0.08549161164877281,0.3233151658730635,0.19702521411976126,-0.08364076647147149,-0.08735536663798632,0.3502105244069017,0.1931401598917447,-0.22322881863262609,-0.10441624795062025,0.12822265999113772,-0.11206750210408101,-0.11763557051783498,-0.1963876845105716,0.14489071027977693,-0.24379769713405172,-0.29383634845864903,-0.15507412853590177,-0.16723139819082494,-0.0033918083538474766,-0.09607420329655968,-0.002974190596478567,0.3253161547014325,0.2384708193701666,0.011280032100160634,-0.0007620284306248273,0.15470624719677956,-0.11497830393083922,0.3901074529044947,0.27264483825154795,-0.17453700605475567,-0.22993515657335897,-0.14826050688781958,-0.18572300174894693,0.1313454019267184,0.1164427647540273,0.2241115961604216,-0.14725072270546316,0.45701977831210494,-0.09114945910839697,0.07916898081934667,0.3414704006713769,0.4614751462941679,0.13173059050486766,0.36806975811625087,0.38968056228227993,0.5078525179593928,0.5455033705041651,0.10788930939839382,-0.004284817923199537,0.4229248280957727,-0.0236806682581466,0.2913935378234742,-0.15349770106765973,-0.05269357642456676,0.015151745189406178,-0.14942889008882412,-0.1935854229781819,-0.2683785125545816,-0.2368498368505723,0.12517236382474198,-0.025623700090799877,-0.08596363479372732,-0.13089911762479925,0.012101894845398132,-0.04645128240619756,-0.1518816460861504,-0.05535337936626375,-0.29847398821240384,-0.03744631797811385,0.06377848711555392,-0.021215624609020378,0.07714046365002496,-0.01018803584183627,0.03235464734211775,0.03531464680552172,-0.046522400375998765,-0.099978599238728,0.09685337621461575,0.08752910652328659,-0.08321787243538378,0.044068368100424256
