1.0,0.3456719795011622,0.08933304344516584,-0.22417959899454687,-0.34327478785733684,-0.31937380186993697,0.04492104655397566,-0.07507177855748211,-0.10418088919161728,-0.0972577294738117,0.1392089630024475,-0.24362485728096356,-0.1609253249007597,-0.21468523648043647,-0.17237328633034268,-0.43419571072816976,0.5448500973953772,0.23045602665122886,0.09984256940531759,0.1566059202037282,-0.04328999159190102,-0.03937329142203301,-0.2520825840520351,-0.2769190572677675,-0.3076455715187816,-0.3406420422650109,-0.12034086168850225,-0.20761735672870696,0.16725618468237444,-0.08715042408356144,-0.4714298844510456,-0.5495779879521926,0.0037682317970727025,-0.1425655297023027,0.14438802685099508,-0.005201015421319412,-0.4636057482199938,-0.4158849284594478,-0.26344090203753817,-0.2312303836999257,-0.2647046693932073,-0.3630276508768159,0.23939790247451306,0.23088812583908794,0.4365122748071296,0.3676527810808882,0.3210680709771537,0.3059854155810549,0.1906804404756222,0.3135015525841393,0.05361518931087203,-0.060186070920300094,-0.15243845167938813,-0.34527984458030997,-0.3084750833240614,0.042421421191431906,0.6717423947172813,0.4570060586439507,-0.005494910139022868,0.18973059493237382,0.028175416754006904,0.20583100818884406,0.033191572116340246,0.2319917027415303,0.0560837387155462,-0.09792188633712695,0.12155523870062009,0.13378148754142344,-0.08913668347127114,0.22668797911167649,0.10060500668135616,-0.17892595468371297,-0.12596796432949564,-0.3883809267162364,-0.2991131845171998,-0.44026972857962865,-0.3456613181189297,-0.30717797956296894,0.046123283202820185,0.08456222008379378,0.42764975593287907,0.09311739331278278,0.057557531753612036,-0.24147160611169272,0.2761433896100076,-0.07827489053441429,0.00013170888970306463,-0.06149826850164778,0.1236860291960165,-0.11805701285385992,-0.18149538221633116,-0.0901515841074135,-0.3944167431313052,-0.12959965773567,-0.2257858885468742,-0.2035391098980714,-0.11468801186278979,-0.25351164183865166,0.22698524022371327,-0.2919537318508143,-0.07945045201802638,-0.19990010266091165,-0.2049931709329333,-0.1953209816568981,-0.11604011816765564,-0.07638283481926125,0.09055887388558524,0.1116043386423833,-0.35654021376470135,-0.19671059847699154,0.1488922981000963,0.15558357746117815,-0.11609454786127152,-0.3728646141667746,-0.20814831551691593,0.0028780566034271476
0.3456719795011622,1.0,0.15544652238339973,0.07500020328211025,-0.38752569497237765,-0.18467015850281868,-0.1465704338051368,0.07462559833580214,-0.1667982874478574,0.03214675997217501,0.050743039042865166,0.06200230925053536,0.028435422910419193,0.18383382439856377,-0.2924433230146319,-0.19267739755019997,0.4127491581548019,0.5810130715049299,0.4885919325494626,0.31836664714074897,0.04793975975800252,-0.19037732382092254,-0.09884624743536329,-0.613671970551598,-0.4167122186377606,-0.4554725577482256,-0.026129826060300787,-0.24262443955339524,-0.3619587421482615,0.2645109402926707,-0.5216297521287685,-0.7172856377380763,0.3345673823266629,-0.31645033462585026,-0.16269624216682121,-0.08557459077019515,-0.41859863098509864,-0.3154810715879001,-0.08430483337003293,-0.27595239825607804,-0.44459956038674203,-0.5155373649915503,-0.07972863919924982,0.3106223841264027,0.4382313915021259,0.3380224095640782,0.40729458494613213,0.35147942839629,0.08561964223507414,0.4728891991871133,-0.0720317495055016,0.3960889448657641,-0.17094844371118728,-0.17504208381743797,0.1759047774714908,0.37929207240744656,0.6335791849458896,0.8877841601410744,-0.08892133489090072,0.4067080818223618,-0.46409140066988663,0.5438999363706899,-0.26370238522241085,0.2824156964483626,-0.29212467790718044,0.12251475115022471,0.08292953019345198,-0.16345416314145877,0.5230894147533081,0.1208496820911902,-0.4704630662973039,-0.5732838389677617,-0.42325382278086227,-0.09963758611848231,-0.22750207392431396,-0.44291594873885604,-0.5255289550909121,-0.6501635224188883,-0.47269263396450695,0.288974269992588,-0.06347670475562617,0.4582445987449615,-0.020647680346333273,-0.014520499604342742,-0.06082714607148167,0.43232409138159267,0.011845262466181337,-0.0027086452724063427,-0.02951334645022988,0.39143259595884977,-0.5972022800506545,-0.5456254325383482,-0.43228894510588173,-0.27993691341865024,-0.3393300779509816,-0.5699659978599199,0.06906253374131273,-0.2866925339877033,0.41242993885791285,-0.008894142708181469,-0.2267959293730005,-0.026752324157974405,-0.3051781926093461,-0.5785885492369305,-0.4027775454612217,-0.7235684499825316,0.19593847928738192,-0.09895756980079246,-0.21375649974771355,-0.5640905110502683,-0.20868547136325516,0.18296106148203856,-0.19388859872300934,-0.26311474584669936,-0.5224753224487061,-0.36813132240802815
0.08933304344516584,0.15544652238339973,1.0,-0.08734201731983118,0.10942226019058654,-0.09429442254915277,0.5996546885414741,0.10373638841665118,0.25674668210122814,0.14456619992284217,0.3865694259305593,0.04972685518958282,0.20670575742955458,0.03975238027790568,-0.032257339170468656,-0.20173381536780144,-0.07820530213661916,0.18111475294543075,0.27699364114356406,0.2963957239086267,0.14382927939253456,0.07872567450417432,0.20252162340270302,-0.1305687730623917,0.11522063217953372,0.15691304714287935,0.3222860552620063,0.16499727275353449,-0.2899610651257234,-0.2683585689224569,0.10679513682535981,-0.10861051391839281,0.06124055016183142,0.022043105230964383,-0.16174131382846438,0.186752237981754,-0.20780459671474127,-0.17885726079737627,0.1294493421373316,-0.0851366355521576,-0.29938473734504467,-0.1379860656041283,0.16640903823714223,0.2549275057665531,-0.261003949095476,-0.04773272142518166,0.08425600994203415,0.04873137445143315,-0.3296842201423622,-0.3400177310071329,-0.17857044201146502,-0.13035895035971565,-0.009290907858267673,-0.1327345642112448,0.23672233558662056,0.01025920840660398,-0.12906819363226532,0.15378582456216658,-0.0499009333807554,-0.11291804126755252,-0.19400383465813273,0.009669104518128155,-0.31719668706028664,-0.18784583014993114,-0.05864662644094923,0.2769925275821472,0.1690573040518226,0.23620472156059863,0.15051790647409477,-0.0424019752590315,-0.1327659575483724,-0.10476982162322585,-0.3448677416676067,-0.13998923204418542,-0.13544354070963244,-0.08485548426568176,-0.04335440912763278,-0.15768825343650755,-0.2478555931591343,0.17888016752140765,-0.25971617402611746,0.11695072441531358,-0.01309084982223621,-0.23035661418612188,-0.25484306562262465,0.03666248985237394,0.09669207532870612,-0.06473581621252487,0.12857444733857143,0.1820121555712592,-0.13075899012542713,0.10347638207720276,-0.22401670058660986,-0.023012431771528636,-0.042258986035762496,-0.07727663811312334,0.1832426007520353,-0.029690831152726437,-0.2101663842739924,-0.30739511749738635,-0.2035042168847983,-0.04245733035847267,-0.19833160270723083,-0.1722753838792134,-0.19765041418248103,-0.13306122122464015,0.07337965878376639,-0.07352184487510914,-0.20968480273913742,-0.18799506261584203,-0.06566938824760107,0.03198684690424642,-0.14396205011238017,-0.25856902727308284,-0.23547453823663453,-0.0449540963366072
-0.22417959899454687,0.07500020328211025,-0.08734201731983118,1.0,-0.06690554857382529,-0.10369312098328044,0.1932698056865367,0.4643535131237324,0.058032512710632506,-0.03806573731654605,0.17867708153350886,0.4508983774919138,0.16759710295751964,0.4235192498376532,0.006259877611024729,0.349286048275222,-0.031981559093483526,0.026462199217820236,0.3502375368309632,0.31208222638656863,0.01679535150890124,-0.24690209372662336,0.1431950154233497,0.14950833975984862,-0.1492457312704541,-0.043783265005018834,-0.20283387886924467,-0.27974824833449075,0.09836580892089283,0.2855747464164995,0.12553032965601071,0.10059693555676791,0.1266045206336963,0.0344329112307269,-0.14994307772594243,-0.24926832577490332,-0.14563666563216532,-0.008596739883225735,-0.24358728376265595,-0.15599870208113878,-0.05262567657722819,0.0011542580168202243,-0.25513453749244047,-0.27866861658282127,-0.19465551576815346,-0.27254951058407945,-0.22470520788727133,-0.12416135973172092,-0.19297642154375072,-0.1549105025908854,-0.1346328242433309,-0.07701385598288653,-0.07053239310970194,0.09324796637138485,-0.06770161275511855,-0.10168127207500366,-0.24976031640945504,-0.0458866140390491,-0.2828903143481968,-0.11291353235879435,0.05485198213098218,0.27388385981688507,0.12269824998990779,0.21623058373476503,-0.007389071879649691,-0.010943110965342789,-0.283783200884593,-0.3968496024348735,0.19778458378131084,0.0508412167593019,-0.27572604492423175,-0.2224821927473598,0.06755555368238148,-0.0047484964086406565,0.05460044029308148,0.0034840586076744823,-0.027774998486933298,-0.05972599090361795,-0.24704429519700427,-0.021574074116608954,-0.24857272671867192,0.09649903232681915,0.06184963066468782,0.4074301078991447,-0.13854575247830844,0.06094783272452655,-0.0953260363308845,0.1634985183990723,0.2162923320836396,0.06802442940520638,0.0625310938223599,-0.04163633381439507,0.37071909619104076,0.09451220097597507,-0.2387609275978322,-0.2476863502960336,-0.29292276184369437,-0.26451207483958833,-0.013145358200817851,0.2272677391941467,0.12754224205540357,0.13197932578112143,0.036681883530741505,-0.0650527229383944,-0.019446846457765773,-0.18209265040021397,0.26791586083714114,0.05976774807635902,-0.07051964647836093,-0.09216114344144598,-0.33687401268234396,0.11867931891748768,-0.07766724901548402,0.04134619423566915,-0.14706253259850618,0.004424932292856526
-0.34327478785733684,-0.38752569497237765,0.10942226019058654,-0.06690554857382529,1.0,0.4872728242051777,0.13159828826188472,-0.18799327427178322,0.49428760054435544,0.198492670881671,-0.11025956083477563,-0.19235637733132305,-0.1711489292827745,-0.20568888592990858,0.055823457035606025,-0.10052754617587539,-0.23849422649741017,-0.22915941552866825,-0.12535634843975046,-0.0900039845569021,0.1860633536556,0.14898263958708766,0.3127463531566706,0.39239908548747815,0.45952611758539813,0.5058818819742199,0.2919151207934846,0.4277737307103145,-0.1439744860006524,-0.23820875916610665,0.5828779787934034,0.4433586485384467,-0.1390172722708613,0.08159689057002043,0.12442168116064556,0.2158792570792705,-0.041227640326456094,0.006623415068275621,0.2585134812635993,0.2183607852473594,0.025933288869892924,0.10573575735225813,-0.01187220783842655,-0.14282442290621988,-0.3146920941612067,-0.21562763122143994,-0.3521163198062985,-0.3393755671789344,-0.07505207956882802,-0.39151881011583073,-0.13698114377246454,-0.2957758776020455,0.06587491207677064,-0.05385979567131435,0.10586548260183466,-0.14384625858335096,-0.3658900506703289,-0.37529782105218984,0.050611675395941386,-0.2918876868353255,0.07782769171245026,-0.49769148491641135,-0.1750766216993073,-0.3615728837609659,0.369453512571054,-0.03496042461148593,-0.013566971206611378,0.2551223505237554,-0.1771327240263915,-0.1000148536810687,0.19996549101572778,0.2486204453217947,-0.017847502776783434,-0.033054158996482855,0.140912335971034,0.18705054894815343,0.20563616751281008,0.27543265753731644,0.2288358767557126,-0.055888701525143324,-0.15268084962232592,-0.1697201971809721,0.10237821386095959,-0.033046127090946155,0.08168516064671134,-0.047472650031325794,0.1280841592287611,0.10073881168970088,0.2334826810526752,-0.07338442384199703,0.07014351355731172,0.2505703858464673,0.02661497262019588,0.31778147495466963,0.4341243830609525,0.3519783314105629,0.2812300096590974,0.41607978124459305,-0.221547448715267,0.14377339264957784,-0.17862781614809287,-0.16401680683034994,0.021908779381994207,0.23051160461129258,0.020309764094816416,0.2399944128748853,-0.014149859127192403,-0.021467647629993477,0.05455469124089418,0.2718075677933779,0.21574811819062253,-0.11042003428162528,0.22481753774155547,0.12929222408366,0.08962443835778382,-0.023582665697991497
-0.31937380186993697,-0.18467015850281868,-0.09429442254915277,-0.10369312098328044,0.4872728242051777,1.0,-0.07304983073481894,-0.050931172673576705,0.06647847803741472,0.3689871445259874,-0.24807122555347896,0.10059007060288343,-0.06187034380751037,0.0462379730144721,-0.001295498723389368,0.17820697727821658,-0.2447383660180784,-0.31792987009580126,-0.28743393485523366,-0.30469530992555016,0.09943752512264305,0.1631400408599272,0.14218217291065618,0.1623556875838365,0.25569491374094117,0.28035731733291563,0.40488855392540746,0.5601605516614425,-0.0833586815240961,-0.11538179590735424,0.33677441424716986,0.3543575692360883,-0.1286020594492184,-0.06656757148361409,-0.0808557844427209,-0.08506837062465661,0.0015720310889361117,0.12352160121257202,0.2356160795264818,0.28871865632931604,0.0838713963356827,0.06736090461310962,-0.15189146650300836,-0.20619751857168478,-0.16288304992760305,-0.1683469655082489,-0.18004149891097795,-0.2940286941836947,0.04073494314063005,-0.11083740427504414,-0.05989955566239542,0.023457684428958406,0.16553176998734667,0.13573974317112883,0.2079483649316586,0.1455627357540232,-0.2932949791971993,-0.23948148782520726,0.04538301320340779,0.06539723860238007,0.0014602405297947489,-0.24947881311592154,-0.06735442110564345,-0.27698145739674757,0.09591129886271836,-0.11810655562508869,-0.27017674462512814,0.001855952337646608,-0.1692921260563105,-0.30815763640619814,0.06266758293905597,0.2143374610865172,-0.045307751203997076,-0.08564321598235647,0.16093954262162719,0.26647779315287995,0.10325970207619532,0.21784284320037717,0.1718124970986674,-0.07327429056125602,-0.2263829470933574,-0.2572550169071642,-0.023631497084020302,0.05660426984651401,-0.05589308940238372,0.16779862461868653,0.1110945538941566,0.12427129510891378,0.1929487537266958,0.17287348484550769,0.11391635141843949,0.1262127996721254,0.07631315777898057,-0.009978602714202535,0.44556162121133785,0.20711438641004923,0.2863018179907552,0.4257914553320705,-0.13205327268372877,0.17765423647019468,-0.182011956298736,-0.17414703917856655,-0.22103378052560216,0.19750613584954946,-0.09579255544745965,0.049396066348778085,-0.12564885482596994,0.033419018423230175,0.21852994716318982,0.2205693952599806,0.02476319329097943,-0.23350019168494845,0.021717007085958254,0.20983893371216686,0.14131503658740044,-0.1456344919803842
0.04492104655397566,-0.1465704338051368,0.5996546885414741,0.1932698056865367,0.13159828826188472,-0.07304983073481894,1.0,0.20639925504358353,0.2930382076496301,0.03896856774322192,0.47119274140988676,0.2798513374408888,0.3495651598463954,0.13586431947319563,0.018318013167801284,0.008255000759195942,-0.06728701949050181,-0.02074151250077117,0.20759721760334335,0.336329644163084,0.10624067349306492,-0.17059309172921974,0.1926981771243996,0.1635114616598934,-0.01709836584253335,0.10490830871989215,0.09447575676705149,0.03826361558664779,-0.005109935626047362,-0.14285739591567848,0.20891343428051892,0.10257056968257067,0.023693478410215397,0.2113217552077833,0.05332169709549678,0.13263690357880378,-0.16317599755011397,-0.06943518145420031,-0.2296950223213125,-0.2410464470830805,-0.07260853866483812,-0.047933402782511264,-0.09958762066494502,-0.08050747142917399,-0.32778166813296555,-0.1649468058943423,-0.2815326907606994,-0.16727597262751187,-0.34271896514762107,-0.460681893029178,-0.24833454867613716,-0.3157404453846499,-0.08243323205794556,0.008384802721482485,-0.017270074570945468,-0.2169706047525041,-0.35030486851731507,-0.19119773383859948,0.06359986234964955,-0.20693374285786867,0.10915998975940416,-0.06256022158842402,-0.0365019558982771,0.017687911849742638,0.2802801655190721,0.15807403713302828,0.18257175364182388,0.20284777679196545,-0.05793447803976645,0.09379691452971206,-0.044612241542292264,-0.08610278724221686,-0.09830930418873113,-0.15979467410573786,-0.07479195798577483,-0.010697375009845824,-0.024824240633574732,0.031245552908548756,-0.1620735705750017,0.0009050985839441703,-0.1912884090799076,-0.07258020845034653,0.144558181221253,0.07049779473982826,-0.1827963364319796,-0.2639218889916543,0.10702121686229979,-0.05333163958474502,0.18472657134722306,0.02404929360670335,0.09431681214707517,0.37611779114440125,-0.0009131273453142994,0.07703210990929579,-0.1262260972053702,-0.05874330093736428,-0.1770548882873582,-0.08793610341952543,-0.40583844531911933,-0.07547501207319006,-0.07320785826159945,0.006577431589442514,-0.18404424755764584,-0.004809866018637998,-0.11190657433761786,0.16642041595092635,0.08555217347438293,-0.04075674362712159,-0.19526377063271447,-0.02229899082586589,-0.18108144668112947,0.015266088211873884,0.04861785483676519,-0.052429847537177714,-0.019355503344520904,0.17561506852216777
-0.07507177855748211,0.07462559833580214,0.10373638841665118,0.4643535131237324,-0.18799327427178322,-0.050931172673576705,0.20639925504358353,1.0,-0.1727952022979141,0.1288265336202393,0.21802759442232966,0.5129697215234125,0.3214073322646261,0.5864564867436081,-0.012242924254432748,0.461546887856211,-0.15455164770522167,-0.13652382432483345,0.04612157245064881,-0.021819716084611692,-0.050195891624347386,-0.1251049255052858,-0.057534428411905925,-0.012448675467920766,-0.1393575246050732,-0.018031848076787545,-0.1600765772847463,-0.15002442365635316,0.11447498034979721,0.1387320052219356,-0.056553386987329854,0.07970692621186284,-0.15862857973421185,-0.1545230516966243,-0.4007950068536393,-0.2577698147535336,-0.11528430995103972,-0.014823490286455314,-0.13776966904354213,-0.17944318809872864,-0.0019830326638240695,-0.13878269848257757,-0.17383876598599907,-0.19209239540280534,-0.17050902147927302,-0.26902065522114516,-0.08452048871660305,-0.04778838659591984,-0.13087029346542448,-0.12454479854707441,-0.031239753085725734,-0.05668514835701124,-0.17592650230589257,0.030719332144701975,-0.10765378129272184,-0.07895224280736017,-0.22958606459875025,-0.13233359864097527,-0.10390391856975623,0.0638883888013827,0.29310170191016643,0.47512984548641485,0.18295015203517098,0.12953289200402707,-0.1539678571050571,0.14477846236274033,-0.16476998203397536,-0.3346584934446292,-0.055119552299524636,-0.13307250482379623,-0.01852824145111622,-0.1921230334013697,0.09608691817572906,-0.14159262359084648,-0.016079188334138305,-0.04707323844038692,-0.008441942268498433,-0.04535711149838874,-0.2257663530242651,-0.24678372422164474,-0.3352852950311296,-0.19163764087409615,-0.09957434056206241,0.3632139847304326,-0.3035005176214875,-0.030072273839498124,-0.12280269348940065,0.03005756733244789,0.01374419784582353,0.11315603796179437,0.2507330854853258,0.0825439630625111,0.3973923071460038,-0.006439349656753017,-0.050176041175171944,-0.03264820914846484,-0.16384524305797865,-0.12236424405733462,0.10335287524187904,0.07994982899263564,0.2536980237752384,0.2214194917667406,0.05876025444269806,-0.06711862408656394,-0.01740883097282845,-0.05789742847022668,0.046649686773444554,0.12282732391088416,0.11071808584779937,0.011297309617339922,-0.3794391875837008,-0.04371367159823896,0.003250069872744057,-0.16646849925984947,-0.0462010840434959,0.22246498039977655
-0.10418088919161728,-0.1667982874478574,0.25674668210122814,0.058032512710632506,0.49428760054435544,0.06647847803741472,0.2930382076496301,-0.1727952022979141,1.0,0.2810170755320627,0.25799916946206636,-0.025757159914655766,0.12873673397594415,-0.13221723551027376,0.2191904534110204,-0.13014070839628464,-0.036197690837123736,0.090508233249552,0.04915490536895921,0.04297416142777917,-0.04185086469334452,-0.1318578708911114,0.2575154281818763,0.17063560842507608,0.07464772034226333,0.17041224886350234,0.0957588499217275,0.045975938248241824,-0.15902859382969275,-0.18964697425311947,0.1463568806233223,0.12638569011576395,-0.11887919432971521,0.07266954084667722,0.2983467568859031,0.2936561270754465,-0.016948586344130347,-0.15901309308776032,0.006956558769989015,-0.005870716209162303,0.06442127574074487,-0.006823037673327532,-0.013680052563196004,-0.020780812167469652,-0.13315221242543002,-0.08558525424316539,-0.16744089751072183,-0.10142311092381964,-0.12868722589160156,-0.2770256945319253,-0.13897661109634984,-0.1682731626678197,0.03023100372101247,-0.07535308036028183,-0.020186063246620378,-0.18759858568588295,-0.18962730385054702,-0.0866844103208667,0.06328564718416992,-0.21078945735538424,-0.012435850410010614,-0.30947140535989126,-0.2640115676015286,-0.2790840822700615,0.4781159149500902,0.09912127408668285,0.0036679155031111546,0.18470565104807563,0.014231098446351429,-0.03692499817908286,-0.08946478142808366,-0.029214178256346115,-0.12287453129551013,0.006094183727496911,0.07982100927297281,0.020930329320777732,0.09018812126795712,0.0759747477056208,-0.11935212468246706,0.0487742587525113,-0.2282816120016433,-0.05713180539751337,0.2901984392619952,-0.09256334205848389,0.15123934604200562,-0.0022879282169149307,-0.005918010834885068,0.07823805980008322,0.3742543119247043,-0.05255235073912215,-0.14650978171607187,0.14428362195613395,0.023450452677210385,0.26477349838181463,0.08996078511807261,-0.04130120919307709,0.09394254763767212,0.10518221135936445,-0.16840477528704229,-0.057822431356768414,-0.11417393641277969,-0.19208256044622463,-0.10240344151309883,-0.02573911255709521,-0.031735794827681546,-0.001922540227340538,0.07786730530489515,0.024135445631391972,-0.35209277946426076,-0.0034331082134934684,0.04845719355946701,0.09011785042948864,0.18200449516238792,-0.15513039210175006,-0.18243557332138874,-0.321263239884845
-0.0972577294738117,0.03214675997217501,0.14456619992284217,-0.03806573731654605,0.198492670881671,0.3689871445259874,0.03896856774322192,0.1288265336202393,0.2810170755320627,1.0,-0.04892088343077075,0.2967185892319332,0.16358978375822733,0.23799097215659062,-0.07293352848536858,0.10951227726721194,-0.298698165843871,-0.1586872222069991,-0.1683671905965335,-0.18344998584144995,0.022317633747153384,0.07275499942601955,0.3626896558191246,0.14392606859698004,0.03213441180753144,0.17589181812557064,0.4220908388188331,0.3580820466008533,-0.4347079737393015,-0.20963779557409265,0.0040698265927989865,0.018763258681733435,-0.05091839044577092,0.0034973639418198117,0.07495577346343872,0.24222328746016716,-0.14852238494930156,-0.13319023031941665,-0.025085807894522985,-0.05128252257640285,-0.1607301354033178,-0.23724971104000186,-0.11987396661006577,0.09744749390638677,0.08860750584588892,0.13335788276802946,-0.15692209954940955,-0.13160044893286665,0.04998718437368849,0.03626886915073104,0.0406675844924694,0.23025719968100147,-0.10035259519976196,0.07192278993979731,-0.04669039998855976,-0.014016406184528853,-0.051995825980330986,0.014788326668543345,0.12507537534511617,0.21543373856473128,-0.08124394289274951,0.021931348432233076,-0.22741069640202188,-0.2864765914825352,0.09595581685712906,0.3513898321924704,0.042165867605796374,0.3908493942107961,-0.09373343382854918,-0.4601448132627981,-0.2246123546260153,-0.04772449160371928,-0.3434586362568829,-0.09821730643593153,0.14852888573017645,0.17134218971740364,0.03489705290730546,-0.04174468220491483,-0.3090811810806935,-0.37970752234981603,-0.504059681358739,-0.3986604406409231,0.16483596988680588,-0.09805155794413954,0.005298957635430918,0.23189207782600277,-0.0017330535704530887,0.27396956506281134,0.022431591508622496,0.25141647541912493,-0.1068973353803345,-0.03721954481504854,0.2647235209733507,0.14883589723531002,-0.088166631593321,-0.0876876465324294,-0.013892284119898714,-0.16348709766277114,-0.1251457325558983,-0.03018005656115866,-0.057070451767373374,-0.05167181271956679,-0.28006259261250477,-0.002758741998129686,-0.16676661380903915,-0.12967240646407655,0.1310846592686543,0.23618001223638785,-0.18613865293235468,-0.18724437517724524,-0.19035405140569725,-0.17894457414808926,0.02484095974085656,-0.022785705504254426,0.04075973919083065,-0.29894681197930195
0.1392089630024475,0.050743039042865166,0.3865694259305593,0.17867708153350886,-0.11025956083477563,-0.24807122555347896,0.47119274140988676,0.21802759442232966,0.25799916946206636,-0.04892088343077075,1.0,0.21488347256748946,0.45278677076752416,0.21434698255161705,0.3943555081481859,0.013145549295579,-0.03978789103701122,0.16421198779128934,0.21739099216547575,0.23694381367908376,-0.20385244844753694,-0.26770064901224266,0.059471859158965475,0.11444251623280315,-0.2818135860792463,-0.1819385683225275,-0.2290511097139715,-0.3316444639165069,0.062248700301732615,-0.27491703671749274,-0.15716617677553588,-0.1406515334682211,-0.11162097228461743,-0.11101373558921239,-0.06771387894967316,-0.0676750066411669,-0.11036484188340052,-0.3197298632996811,-0.24081336195318656,-0.05937326015739487,-0.13421469672790004,-0.04434109510439799,0.011107395365722897,0.08174405946667598,-0.1623402861118349,-0.06597185039389887,-0.06975875386158317,0.21017340932545864,-0.24132031624465444,-0.2915854072312586,0.07466992869231952,-0.19630228487830537,-0.03366398822995698,0.1303445821496397,-0.11461662158896209,-0.11995924315754458,-0.13692068514046976,0.027501345945146947,0.13603918229295545,-0.4057192771530657,0.1881285525381479,0.006741757293956138,0.02937519597936079,-0.12085156316572691,0.2810310052238664,0.03418351025990761,-0.14615061633552906,-0.14334647788850852,0.04793933354815948,0.14512428658555357,-0.0625685235738945,-0.17564216247900077,-0.08534719304919279,-0.175576486130361,-0.07772668573504667,-0.07983118536971838,0.02380488180254982,0.00134056343141677,-0.22758695040702703,0.12095723021905616,-0.1584161250444963,-0.0203645375145495,0.37101875541415874,-0.055015094312368076,0.02180473231838092,-0.09048211206511776,0.14661750713130717,-0.0077368156429011015,0.3063628961101003,0.06764477436839365,0.1087167300177319,0.25009931996772555,0.014402180784964972,0.09654157908690039,-0.22221678886051455,-0.17644895445885028,-0.13416524313153697,-0.11923699920080555,-0.14497945706330068,0.011944688060365923,-0.16185009114752671,0.05675807563868256,-0.1995858982624002,-0.10995064217480682,-0.11395947848583043,-0.04957173004030861,-0.21202417770965135,-0.04563187766118258,-0.20087134218220726,-0.009544231312856007,0.08005556110201027,0.14908127792851764,-0.007332470474028053,-0.028826445757059813,-0.21866444931939144,0.10981592025229524
-0.24362485728096356,0.06200230925053536,0.04972685518958282,0.4508983774919138,-0.19235637733132305,0.10059007060288343,0.2798513374408888,0.5129697215234125,-0.025757159914655766,0.2967185892319332,0.21488347256748946,1.0,0.4804852460061516,0.8336250364557896,-0.026646825010396523,0.5813082363017902,-0.21116407670901777,-0.13162400953172887,0.022265891629254162,-0.07219538295539729,0.0881765866884497,-0.2764146532125241,-0.0006681909609912679,0.07408124352924975,-0.38825817881444463,-0.17911260797039796,-0.18819810572117474,-0.16376538707112864,-0.032248770777278134,0.1689976239903496,0.01268872083526038,0.19089856960625742,0.18481677434875127,0.13179453943679026,-0.25415144703806763,-0.38185181184636285,0.030526896766459883,0.21685151141184067,-0.2314051980824157,-0.2036540792783739,-0.05431321785736593,-0.10957321604481722,-0.3996145144687736,-0.3561225369657468,-0.14502926137373645,-0.3469056400816163,-0.22130450912368735,-0.22874455674452915,-0.05539977636395919,-0.10860694544250821,0.03446446468305639,0.11155006995502209,0.10534373036776212,0.14562995544471785,0.10850685748670273,-0.11459122446659516,-0.34827514966879364,-0.13233879633756165,-0.03821815993414344,0.08249456761432558,0.12153244269223952,0.4001353878409429,0.15785357128743505,0.28001166262274024,-0.1637792647336072,0.1316382705660735,-0.11552108880708409,-0.286907289528955,0.07482003096397125,-0.2337191340553827,-0.2274733906848062,-0.14492984476154777,-0.041189921274038886,0.061372052268558894,0.32264330042722816,0.2222701419004386,0.17136903709188736,0.10695738573790191,-0.20019787828284122,-0.2522765973047483,-0.50756324460149,-0.2544722197812063,-0.08602181049633487,0.47710337822586196,-0.32973808713408076,0.005365272647391581,-0.0982182107714317,0.13523326868166488,-0.07617277074644337,0.17768723329673042,0.12513027982208813,-0.005839762744172501,0.5146405286421389,-0.06817876454705527,-0.22664412312606097,-0.2116114995030267,-0.33221839288843447,-0.22743965435036553,-0.16857560589135834,0.15609843742509744,0.31924910675100415,0.07836422039369668,-0.10207647767888599,-0.0443427470937933,-0.15291507038429705,-0.11991264916434966,0.1639844268623951,-0.07399698335051141,0.0029991217629641745,-0.11856926741643854,-0.40303062675357393,-0.1527711400490147,0.022025940653980766,0.10455180423619659,0.11801671899911831,-0.014583946509485904
-0.1609253249007597,0.028435422910419193,0.20670575742955458,0.16759710295751964,-0.1711489292827745,-0.06187034380751037,0.3495651598463954,0.3214073322646261,0.12873673397594415,0.16358978375822733,0.45278677076752416,0.4804852460061516,1.0,0.5178388243717752,0.32876593218021377,0.40521193586864845,-0.07729570802577752,0.19434266975954445,0.16328415848490857,0.15798069040669233,-0.07195929862825878,-0.23308750392693572,0.05469876425845754,-0.004199211343568102,-0.43824645639936183,-0.28318776712295074,-0.14468756421390574,-0.18157667869534203,0.08705663000591388,0.01664583129663327,-0.1764497415250094,-0.020103573084937036,0.13078995502814286,0.05529702840218104,-0.19800998150212057,-0.34209836045032704,0.2566299910190792,0.006246619220174882,-0.2146142393059841,-0.11900417905342381,0.08463478898432783,0.0001230121602921261,-0.2574353736243624,-0.08457887249224066,-0.1459644282874441,-0.25248809115435833,-0.23264654559532924,-0.05193245256592274,-0.01534573572314678,-0.14047208811259027,-0.05839716659351034,-0.0604850845412707,-0.17338448334380355,0.1283583693973545,0.04828665529546164,-0.13497021039844562,-0.24812477004709005,-0.051128709478732694,0.08936769666190121,-0.1997090847696432,0.12827289136980183,0.14254417446672596,0.10309427730131969,0.07272279578554465,0.024757128211980953,-0.03714313717294297,-0.1333189560943263,-0.2504562511877397,0.06694136338659634,-0.06135807765500744,-0.0719271026166145,-0.22331148568673867,0.1621086084570757,0.19306447586095485,0.26053760594233977,0.18712589333129023,0.2570925858148135,0.1085209942433941,-0.39679656934261215,-0.11460255596322443,-0.3280051993040093,-0.07081847018997803,0.05852579120348072,0.4352119989375558,-0.12401068586403113,-0.041220318946911444,-0.002712676222890629,-0.02852754320444031,0.008166728175855986,0.10738592559958446,0.01997925559869196,0.028925240113552957,0.2769370548794813,-0.08168734604932418,-0.09372054260686243,-0.12827637620554175,-0.1847890263501316,-0.17052598367297472,-0.09827335633955275,0.13377390761319485,0.017139087113801986,0.14048224980195914,-0.14579655616208748,-0.12811066928614592,-0.24986508474052851,-0.08780033204920154,-0.013520308677680655,-0.18502140382911814,-0.17973691780112727,-0.08486895779343442,-0.3019443114676426,-0.020310975463350638,0.0337881770671193,0.001376306150330393,-0.10501258372486075,-0.017932840612631642
-0.21468523648043647,0.18383382439856377,0.03975238027790568,0.4235192498376532,-0.20568888592990858,0.0462379730144721,0.13586431947319563,0.5864564867436081,-0.13221723551027376,0.23799097215659062,0.21434698255161705,0.8336250364557896,0.5178388243717752,1.0,-0.06068200892112546,0.5878492842728956,-0.1365249762171255,0.006165283253844287,0.15900567366165813,-0.022288606839080377,0.012223172682745172,-0.3167194619417917,-0.15330180190694084,-0.11137793176231585,-0.3729579394354665,-0.3150665035343481,-0.24903232459542984,-0.19780742931375422,0.09057700859900625,0.24998722650364788,-0.07343532886319981,0.07207745888700112,0.15229152013460928,0.010420032009216679,-0.3776883931773911,-0.5454500939232293,0.0003960685790098164,0.14551886717563978,-0.22240878197031802,-0.1248479450807365,-0.07248841517537011,-0.05933837346546752,-0.3249813620578983,-0.30194179041784186,-0.10958549768646511,-0.3352050475794116,-0.14259660614497358,-0.20963465253481867,0.07808647413134795,-0.06926287973843409,0.06224789081401491,0.11226211458225702,0.031201482152599973,-0.0008068742075292188,0.11019533171298442,-0.05662319170527037,-0.2678816912947688,-0.03598097411964668,-0.03946893769994004,0.14462342442933315,0.1199787015284933,0.44412107630274095,0.19993427815363116,0.3260423885929635,-0.33380024991494517,0.07758274322875341,-0.16570123799453967,-0.3759426015997074,0.2143650723552647,-0.13512569020640489,-0.1557251074626865,-0.1255750796250895,0.09300606266160492,0.15798798977764078,0.2956967854034223,0.13511391050156138,0.19503164593201855,0.07334915724125288,-0.15876577437355177,-0.15153440199932505,-0.41041367633018594,-0.10689882259409385,-0.17891950127489792,0.6025234900349675,-0.3731001454833378,0.06158057583398432,-0.1532971613254432,0.08023453560024708,-0.11119876652631958,0.15610225056461383,0.14269790619105163,-0.18053091881151853,0.40602810533525374,-0.23652786948291624,-0.12362968070661823,-0.10996276008077359,-0.2460200559816324,-0.13952976198688957,-0.06999030252538041,0.14930888267686157,0.3304529816797601,0.03966598357053171,-0.12752167879616402,-0.13215185256503825,-0.2492716580621739,-0.19512008836833655,0.2662635280443505,-0.05316893398577894,-0.041129432498626724,-0.10044433111328742,-0.33711466316408545,-0.12119556300306221,-0.1427074778064906,0.00503887199717956,0.04733476968779412,0.05733850219064341
-0.17237328633034268,-0.2924433230146319,-0.032257339170468656,0.006259877611024729,0.055823457035606025,-0.001295498723389368,0.018318013167801284,-0.012242924254432748,0.2191904534110204,-0.07293352848536858,0.3943555081481859,-0.026646825010396523,0.32876593218021377,-0.06068200892112546,1.0,0.35184391033133533,-0.04962874013061161,-0.11345500813909637,-0.010004677314355621,-0.12955967645896294,-0.1883503288443711,0.03625532218313346,-0.019268999611646482,0.14594316664612444,-0.034697034854939655,0.03560023832827063,-0.15022381675519994,-0.0895478192077451,0.38477463008873025,0.04742923769040864,0.018798433441903375,0.2520014328362193,-0.1761672846550852,0.07549009295123062,-0.19375641364078153,-0.1442955271581685,0.4053634490468637,0.055873634979140045,0.032458597604247276,0.11092708012474072,0.43261833255097737,0.25595353937974924,-0.16888798259950477,-0.19768901708490608,-0.3938079165189068,-0.4048920956584267,-0.32373715631880656,-0.13256356471712896,-0.06567876530251787,-0.26505976391855535,0.318775157626888,-0.21483916353736485,0.007060710481869527,0.04732313740573592,-0.06052668769153,-0.21612774590679643,-0.2496177881831018,-0.2460064456605899,0.1900102464656413,-0.4806277735909372,0.3024398390433955,-0.1999283661566915,0.20272863479081707,-0.21034164094065166,0.19990615236660397,-0.25799823109533515,-0.4688344281960673,-0.32621943990887786,-0.24864211308984063,-0.12126538369343462,0.1351441433596699,0.24369275514731295,0.4008976044926826,0.09051776967999015,0.21598869204062565,0.27105346738973535,0.332421702588347,0.24684492711417494,0.056815320434385704,-0.035336455099884,0.12161093190216984,-0.05510189505320469,0.27581253213126167,0.14877038726117925,0.1570415450346425,-0.18171543717905986,-0.10040738809229398,-0.02150531350141849,0.08384574470269851,-0.1945537388626949,0.27802324136979967,0.33527926114601936,0.30187937593046715,0.2798576658045185,0.10308545798680853,0.0014276863230017933,-0.028578747866602902,0.047811368127539576,-0.22627458406804035,0.13329557353764104,-0.03243313517669047,0.1799305022242262,0.05550922295138474,0.19093516014765685,0.2809591056476715,0.17435533145673213,-0.28633167750855787,0.1620967295620503,-0.025797912751560854,0.1501387115282746,0.10234139325747146,0.18602036033994448,0.22411585936199516,0.19291570214878506,0.11331684109395035,0.15446313125273456
-0.43419571072816976,-0.19267739755019997,-0.20173381536780144,0.349286048275222,-0.10052754617587539,0.17820697727821658,0.008255000759195942,0.461546887856211,-0.13014070839628464,0.10951227726721194,0.013145549295579,0.5813082363017902,0.40521193586864845,0.5878492842728956,0.35184391033133533,1.0,-0.19422641751509864,-0.25676477684817595,-0.009508080272253293,-0.1904180378786917,-0.05251512742411938,-0.08652997460369982,-0.19551904204828582,0.024587811959644202,-0.12885826689495467,-0.10924655707997165,-0.1915888480783257,-0.10790177538723197,0.34083859816642326,0.44008505353332006,0.12276016036966314,0.3584962173524471,0.07213054565069611,0.18989401829841296,-0.35874618118868984,-0.46902572880589116,0.36878301903821475,0.33393801056934846,0.008159889170586484,0.0014527936595672033,0.36828088833102296,0.23345966898783221,-0.3673546585097402,-0.44944451248844225,-0.3765548529649466,-0.551351299108925,-0.2969245598322585,-0.29833685745071203,-0.04342737068382283,-0.14777024546335435,0.09591540953210911,-0.05670395201766995,0.12235106351711224,0.06924419294572699,0.1394392905042497,-0.09593825576627767,-0.41484431331516297,-0.3164957141752451,-0.09167005836969647,-0.08260377274538142,0.23202544589670546,0.23865492417603337,0.4386635300416931,0.23331886081470515,-0.2807547437850896,-0.2539864512905543,-0.3305212654897696,-0.4756189982725485,0.015858874189069717,-0.18211753249727308,-0.10764018490744807,0.08974416529136532,0.3769313048735176,0.21471013651323706,0.28675314548236724,0.34204607850137914,0.1892920998095239,0.23724974126615772,-0.04855850679257075,-0.15882296439349303,-0.1592091659329813,-0.10221269847544745,-0.15265143049181665,0.6281604538180824,-0.29964522039901076,-0.13432719951124966,-0.19326643296445653,0.03591817455423499,-0.24473307568452127,-0.09219968134816185,0.3010620372382373,0.031727400162977946,0.633370988457777,-0.09771158267472548,0.09565265120289973,0.08789781213036249,-0.1820360225555492,-0.004635324045929416,-0.0835152533265755,0.21944102562448742,0.2402683239856185,0.17292821993001875,0.10882420905399996,0.17065572214013847,0.17595864055774404,0.05185641594860898,0.08593345147048323,0.0901648307447721,0.1988470270779933,0.22127389488725374,-0.32874391820406756,-0.06216874436932712,-0.013475646749103246,0.23948939970013067,0.3429054811436474,0.22813254508678257
0.5448500973953772,0.4127491581548019,-0.07820530213661916,-0.031981559093483526,-0.23849422649741017,-0.2447383660180784,-0.06728701949050181,-0.15455164770522167,-0.036197690837123736,-0.298698165843871,-0.03978789103701122,-0.21116407670901777,-0.07729570802577752,-0.1365249762171255,-0.04962874013061161,-0.19422641751509864,1.0,0.5067966455591698,0.3604486320060522,0.20372408444778597,0.05075579229384967,-0.13719823896777478,-0.2693874014720365,-0.4926846435367752,-0.22512724228652584,-0.34825976545177917,-0.18982878657390923,-0.22772346593960696,0.3174365029546781,0.21638805486942173,-0.28612864835464824,-0.42894928778163244,0.3161567998979761,-0.011145545755288073,-0.09155990415692912,-0.23929215502653334,-0.3234463985971921,-0.2388571626076848,-0.2015404458244688,-0.3698341004431663,-0.12626166199290315,-0.37065856382311924,0.06527501862575698,0.16227099899556924,0.3488894483575617,0.24054790814873653,0.33725041961525654,0.25164896950295695,0.04831003794997829,0.2597022596267196,0.03811835143091829,-0.017753388054940433,-0.10140199838694626,-0.31352865194090745,-0.0010399384551439406,0.13628747225057056,0.5624682883631502,0.5677653312508969,-0.16776497500781595,0.160584989018702,-0.14148278616405513,0.3180349727552388,0.1374660216933354,0.42324591062687306,-0.13627132266245023,-0.2186685579424129,-0.02817483859682694,-0.17640100180568968,0.10608040837287507,0.28611592954857584,-0.02906920237860859,-0.15109122340351888,0.0016567442928691655,-0.1203263984481152,-0.21035286645062667,-0.4545453294269599,-0.29002865419284707,-0.4153148346214291,-0.01019220113720347,0.28528787303064956,0.4650273646146403,0.5028784354178253,-0.10633390634055187,0.05097436762535057,0.07449348392948572,-0.03830454647138145,-0.155882106201964,-0.19918816369027384,-0.05888482246128929,-0.19036486799633326,-0.33511390850021994,-0.3794209082330345,-0.3671541362326992,-0.331894141191103,-0.07109558231407875,-0.1772090836048803,-0.11948095611304274,-0.08320906601053876,0.3743884428205149,-0.030453752186241325,0.10401247289173964,-0.1882869945563343,-0.15433301923805418,-0.47399749954722453,-0.28697065709475267,-0.25108435330539475,0.1743930009608214,-0.12781917596154674,-0.40299865309492494,-0.2735975625087614,-0.0033997915063148157,0.26809883154845643,-0.05219097906575177,-0.3490526856242993,-0.2652858570333148,-0.01317205502110544
