1.0,0.42820695150963906,-0.2776179313906085,-0.20463605108883517,-0.3581888719081043,-0.13984139135133214,-0.060935419330421445,-0.31890487430952347,-0.04189611258867142,-0.08319721926511876,0.14341725681255266,0.2944840159271815,0.15146571161233327,-0.012181892212429034,0.11683291562396049,0.17208016344905622,0.34555767526039505,0.23384180133150032,0.1591089389154004,0.09628040806720084,-0.11182520734833688,-0.09468315507001812,-0.1529897778851484,-0.2078792707667668,-0.5263345118747216,-0.3788357065056914,-0.3233542895323871,-0.3156415577754512,0.1274145319707444,0.12947230956169856,-0.33438056632745944,-0.4144821313045834,0.16781136207575656,-0.20625244260943762,-0.2997672466436295,-0.325682900501701,-0.027848441085084934,-0.2761607884861853,-0.06938988156992582,-0.09380225144908583,-0.15011128229610993,-0.038462447749845335,-0.18928538661795385,-0.26404064367252295,-0.10818968105112758,-0.29475301988163843,-0.029769730685259763,-0.1968258414401553,0.22059262706698077,0.1450868909381448,0.07217589256999628,0.29763708739379385,0.2935597881538015,0.11585212223970859,-0.10396259748571203,-0.01885175239517941,0.31325513787458165,0.20967541967808268,0.23874682099662745,0.24383956955553962,0.2592518313554463,0.11142662762525288,0.3224979518222499,0.4168731769886579,-0.19202267084470906,-0.3314398675940286,-0.010086188118295258,-0.2854240429170541,0.15472899286960579,0.03907338579767052,-0.08880404908923785,-0.13104517635082172,0.15840079404969337,0.011182068599382727,0.12770720511635172,0.05685957122919374,0.0899575459180497,-0.24022872593894484,0.10517609776853679,0.059089408592257295,0.3115460355051762,0.1809034476757602,-0.010596280993192635,0.19489876690194302,0.06949076765643995,0.08787936341460775,0.1157227015949934,-0.06048464763491708,-0.26799109138415295,0.06954702316346044,-0.05198192240617517,0.10793521524996813,-0.28433449545690315,-0.14425786484466122,-0.18179553856832842,0.07185390681305119,-0.3003583842308995,-0.028188470300648773,0.24297354077098404,0.186795295513684,-0.0377318415841282,-0.04709954663788544,-0.25660964261465413,0.1774974907033848,0.04510061476129328,-0.06050365286918566,-0.038723541787874155,0.05081804737683036,0.06750013008158905,0.12254304566073373,-0.2905597557749762,0.04034002762475901,0.0907020236342773,-0.16244671981082173,0.06875488674697788,0.17476195841759862
0.42820695150963906,1.0,-0.420435164191786,-0.12722207494947943,-0.20816028867754136,-0.14129169757248014,-0.40476229710236866,-0.30023955333950225,0.08490915537111213,0.007514995851134543,0.238996841112714,0.4819559809682378,-0.020276020243170913,0.12069663345762903,0.2699199598458417,0.40306534764217383,0.3121074252016376,0.47700432516651625,-0.08342584443818958,0.30380280890257333,-0.09678142074761308,-0.16316642110540452,-0.1824658375159295,-0.17931143880952052,-0.445525362242428,-0.4565219218558619,-0.12048713811886616,-0.191559761059055,0.03932669470573594,0.25520753691185694,-0.5144064993811884,-0.38386403325743923,0.2741122165446441,-0.43777434641042884,-0.23539974859146776,-0.49201526990929006,0.15151771922739082,-0.008268768372195097,-0.13543136105458772,-0.19094787138683103,-0.042566355625275616,-0.13070061312223122,-0.13132168628987115,-0.27223117153216814,-0.22430680881032716,-0.48710359843033857,0.006493835094462919,-0.12247096006928287,0.2698715284988176,-0.052630575503069266,0.15184561563644253,0.36673757703411525,0.4330975661675898,0.29992378452530716,-0.11535422365835915,0.12293358627797951,0.4116912361670772,0.5476589806398408,-0.17269217371446893,0.03904116170848487,-0.05882188548911126,0.20139015403206104,0.22505312928464147,0.46524027270511553,-0.08669116883624918,-0.18337188958007086,-0.5498561897287763,-0.5103367152965583,0.31345155638427974,0.3541329196203794,0.015276385271676083,-0.13832956969352034,0.14501030245957128,0.12346860697295135,0.18954723311461869,-0.02354322508130875,0.262853732951021,-0.04112129488261857,0.2275499009758221,0.23619514703691677,0.32946442126699715,0.1898486986292897,-0.07428270306671525,0.19706908147842958,0.1491236678533752,0.0007050482275960286,-0.04901629953865151,-0.10110294736629687,-0.16387345750475554,0.13745924632167397,0.038514575422084064,-0.010517640241121826,0.04652150892086334,-0.09671458480628274,0.0011708627091482368,0.023728071043521773,-0.1487643649902759,-0.02149604845019895,0.34340112585767274,0.06867237025843916,-0.043982300479872345,-0.10701472097699384,-0.06441613061434948,-0.07818411736574706,-0.07986788015162048,-0.23085860912968717,-0.13978512855966943,-0.03965342135620892,0.1598057686188486,0.2304735137031316,-0.1982662904581984,0.28301115568420104,0.23668542657910221,0.1611774300379536,-0.003252305175367462,-0.07037105601761226
-0.2776179313906085,-0.420435164191786,1.0,0.4537496083985157,0.3716050603741169,0.21396545411199358,0.5655494101473876,0.24378381159593646,0.17326855744526884,-0.3068620296635017,-0.2627572000783728,-0.5481855459331744,-0.11123787161358033,-0.3513733488938584,-0.16696981528513677,-0.3539852172294862,-0.39729310109364563,-0.39070447362182287,0.21245396199680433,-0.12241509450187094,0.024285047333140408,0.08508920541144711,0.5737980547292304,0.5005259137166882,0.42437879071037476,0.3216505513729354,0.4100141137617039,0.39626333102387873,-0.17715317690831356,-0.462204850701627,0.43695108477673616,0.3555024719624499,-0.1699824812033347,0.020646860898225938,0.4480400011859331,0.20938116800845133,-0.22205367343103674,-0.05876460266907061,0.27015684631762915,0.29445273135749567,-0.060278758409024746,0.017370121311873554,-0.34051697034169426,-0.12432114658787595,-0.22196130467394173,0.2897475831898822,-0.5025947335586386,-0.3555382704705606,-0.6159596639902353,-0.5481939498619981,0.11472986076554968,-0.43350071905618986,-0.39138625860009,-0.31097313438318414,0.2917913668322834,-0.26192673354572116,-0.29907752221032563,-0.2945677591749492,0.201653037580965,-0.23312447962042326,-0.04066709952285056,-0.3155294863299962,-0.4701062281292361,-0.3865101480134636,0.5302040076369087,0.22134065810464276,0.18468181387109656,0.6195053456408144,-0.10536917439330223,0.0017758181659966032,0.02322699827389936,0.04536892448958347,-0.2739470004075393,-0.27242899252580527,-0.3702955909892858,-0.05640518027142543,-0.3286387387719799,-0.008890217920169934,-0.13616359673385917,-0.14102067011308714,-0.4884284349615366,-0.26968077946953156,-0.019618795550161924,-0.016277621673253,0.05904979759186458,0.08712825702833744,0.01730909947492483,0.3853397406723682,0.48179476604550897,0.02483011365390236,-0.1925808684882291,0.3192064827463949,-0.08046956830621921,0.37692122298254055,-0.03619489153345088,-0.07103308261276492,-0.015385585989699043,0.18994611024193359,-0.6042021220309344,-0.02507479489001162,0.03995558148988032,0.12045140280714375,-0.19386083414225655,0.16037712896448308,0.040128946366487867,0.17682966830171754,0.24482953828179213,0.15913380039333766,-0.15842627177074214,-0.27717313649628483,0.27280762548208626,-0.3971181015453035,-0.29022094042390545,-0.06592362764884271,-0.2992722332615223,0.13257873257159575
-0.20463605108883517,-0.12722207494947943,0.4537496083985157,1.0,0.08475832168296149,0.03280555444326215,0.2816586856217989,0.07594245176352872,0.08629789284527731,-0.27424048452527966,0.14342959146817919,-0.18809759488023495,-0.015028519370831874,-0.16455886642846634,0.2589781682616236,-0.05746545510113172,-0.3135305064267581,-0.20989418699297635,0.23225964251365636,0.11724611679790019,0.27723988878907746,-0.006580214654816511,0.4870861883169833,0.5101101827729524,0.04227419873568791,-0.05807580856660167,0.20923871336171448,0.030553903979213287,-0.059827496780085254,-0.33522854588883527,0.07023379846727953,0.2774406619810837,-0.19418188780686493,-0.1049682598063289,0.10242994991777113,-0.1259496866572588,-0.13730764053526648,-0.20063124766721946,0.06318103866128563,-0.026546864340206467,-0.09823866115302436,-0.18131113248958974,-0.35614998072517023,-0.20125985531745508,-0.35356927786911746,-0.019081886912568836,-0.3629779628063188,-0.2524874243559973,-0.36724835976737397,-0.37859658873928614,-0.016503134616764406,-0.215185840521458,-0.11925219684478584,0.06980872355924336,0.12370621052805504,-0.29158376270891867,-0.2323546375168034,-0.16787896633145566,-0.10998973663400152,-0.20486052609586988,-0.07428752525013427,-0.19132299473408917,-0.2831421354170685,-0.37875287733326457,0.6857370570779792,0.2172716804712758,-0.19046608911541632,0.2063904998749911,-0.0038415814163524557,0.0936693149677532,0.06978681790775576,-0.07740128470102853,-0.22192302235243166,-0.18202054175860932,-0.02225481186572826,-0.21053709827864564,-0.16684882321842584,0.009222709985585487,-0.1437755611133834,-0.1933945184587813,-0.4085143812803679,-0.30987053124468916,0.4032414052056468,0.15542449724369278,0.41016291415794903,0.23371780725710092,0.26999317287447694,0.4232108549558997,0.4452634935783314,0.31963703944289384,0.16442561631785418,0.34875589970385806,0.30624026532935883,0.25478514626601856,-0.16965224025374176,0.018081610588566714,-8.070973187585529e-05,0.08286389214576992,-0.20139934944848387,-0.10568249975980482,0.04605171412906686,-0.030060900098558514,-0.13563035379157737,0.16449675250699786,-0.06170173117831579,0.0854984458012952,0.03692302700954343,0.05830444507056011,0.12155935678526053,-0.28986182100821084,-0.037007175719706846,-0.2931847945752224,-0.12366276119416258,0.03164686532169189,-0.1272245164389599,0.09539503994317429
-0.3581888719081043,-0.20816028867754136,0.3716050603741169,0.08475832168296149,1.0,0.5728685721259302,0.04329693425292585,0.3751981739245502,0.30626643679487037,0.4580674355006475,-0.2404185888980561,-0.23486725784409943,-0.2349067388343795,-0.07514851127622987,-0.25455541499111684,-0.2655448265919032,-0.20315866565734034,-0.11538241336359673,-0.09424870313349919,-0.19080553770585273,0.0637138619449078,0.22006335951428307,0.1919545776380656,0.14222609574705378,0.5325377662978332,0.41329826032026085,0.4107179329839239,0.38576522102687344,-0.11221072308641024,-0.13638319960036835,0.39153535304728215,0.400026381254172,-0.20899640099593447,0.10310914988098689,0.19754729969938753,0.1769041369616581,-0.2761922656078292,-0.1014991308607529,-0.0872272380628297,-0.15036862962549935,-0.0906322350584686,-0.17191320478943053,-0.10815902686047478,0.011260615092034965,-0.08222108211212129,0.2560623678601896,-0.18263603187288488,0.02080291338330491,-0.23496466739971472,-0.21306748455101981,-0.2996146608262926,-0.07333457207471931,-0.06126782133967447,0.09542025117767855,-0.19669749924640087,-0.27675628423762927,-0.1263099360426635,-0.2340499007726621,0.08557462419226484,0.1538194430558344,-0.08691035338825662,0.2783844753029374,-0.2142883692958406,-0.12558798834617507,0.15663228531221687,0.19746681669718277,0.08096990518037209,0.14945734074078004,-0.04259371961517029,-0.037282384495041856,0.1965065960538198,0.31833549359729346,0.0018894174223257122,-0.023223229342326502,-0.07641725604254458,0.08070154123163657,-0.10271641625360589,0.32769620459632054,-0.11475947482406841,-0.11429779790414928,-0.2768616258156534,-0.21396584958755435,-0.16781577314039803,-0.26387274680969464,-0.419669649606406,-0.4143009984862532,-0.1130354286612608,-0.20784812511560613,-0.031222864698169858,-0.15953542676349436,0.10376650729522079,0.21358088431819264,0.12768109732667113,0.15908105106523737,0.12034024865011199,0.0582859314643311,-0.27808370157473933,-0.021396892351607404,-0.16359640313780038,0.14466152625301407,0.22403395052666591,0.2483766988818096,0.09242776989339586,-0.08105910089350635,0.1282191728369162,0.11649139450169037,-0.08753902635114415,-0.09794043185402242,-0.30759452611132215,-0.21458653449583748,0.1580050282944309,0.028059736485652895,0.02839370542876865,0.2692907119215018,0.008657153936324406,-0.07081738558927266
-0.13984139135133214,-0.14129169757248014,0.21396545411199358,0.03280555444326215,0.5728685721259302,1.0,0.04552851531782148,0.4981048487568308,0.20169900270339236,0.3512517440628178,-0.045700794665531716,-0.04779649175433909,0.0007945926145739723,0.2164352545663319,-0.030839009065862025,0.025798683490585,-0.21609567968091328,-0.26960274908029896,-0.2569607991250313,-0.27441374195466073,0.044872425242871154,0.3229701193788778,0.0892762080591341,0.0856435264442472,0.3404408518850567,0.3873840742720558,0.4582723038595212,0.4133451282531539,-0.32357063013488935,-0.18703193177076294,0.02529519329116676,0.06629769654765638,-0.23212065001336454,0.051811857356716826,0.21453906115959076,0.2938487515296003,-0.3257420177849165,0.027390752241482585,-0.14052642006485846,-0.03080503663133552,-0.1192975760661383,-0.19440603172781282,-0.1880040202800041,-0.1620657697572934,-0.232781406473722,0.08425800722952476,-0.2249121146269925,-0.03845206808207599,-0.15173838295386347,-0.23187595472811304,-0.22836414976052025,-0.0608397014556699,-0.04642158309155778,0.0770159971879714,-0.011133498267636195,-0.25911958285656533,-0.072250702021845,-0.3219051945816662,0.3313767438144706,0.28848213007245693,0.17271574674249324,0.40995182368087185,-0.23059200928369802,-0.15658836824325706,0.08125958286895339,0.382966571937355,-0.0048324417077046655,0.1964751696145158,0.07384324455247124,-0.034152902462271234,-0.12309906266622928,0.1918691229643618,-0.2600002634659988,-0.09155029061914009,-0.21494239107807864,0.16048287505115486,-0.06539020318241985,0.2574143104283803,-0.3030263623770506,-0.23400597950531402,-0.3255652181941193,-0.28396540296826844,-0.19039412308604245,-0.2336988522525992,-0.30853829940718025,-0.25524188553600785,-0.046000650693143776,-0.10975667070924357,0.1448019264822526,0.04601061701919463,0.025025896523811382,0.11480831958436502,0.2126803466895009,0.09325429337229818,0.3354100865807791,-0.05225697032766562,-0.21761717530809643,0.12891325909352092,-0.1804944243318447,0.13636620522355383,0.21930759162264926,-0.032556965052457344,0.06973565160683799,-0.18878441881070787,0.1391534813792632,0.022414348626511784,-0.1723781085402089,-0.12249954340701662,-0.0283138246394945,-0.16336424120741588,0.19714242050939354,-0.05445599477434264,0.08979572531387418,0.13735294496023584,0.24710748120037307,0.08124893036389394
-0.060935419330421445,-0.40476229710236866,0.5655494101473876,0.2816586856217989,0.04329693425292585,0.04552851531782148,1.0,0.2974819285015456,0.20021090699679528,-0.23278015969156013,-0.09404366086359059,-0.30147125334134084,0.33270449475234204,-0.09760637381227816,-0.04368136789193477,-0.16869075110913576,-0.2352885287138824,-0.3657615358729467,0.0868576162318758,-0.10971312568645679,-0.20157980602187328,-0.1509838710069362,0.21395910534150897,0.22884570701384221,0.03195453831714697,-0.04430463003042891,0.011772667651773793,-0.1101905069793739,-0.016370136766969506,-0.2822144384656234,0.13045550573897705,0.0598761127743119,-0.06425123120052251,0.06103736553461365,0.07397352383221605,0.09801898101630975,-0.013707199481094478,-0.27706955311896986,0.2806748942287119,0.2926649273716823,-0.036442809123714975,-0.04216434335022,-0.24059695676170614,-0.22632782303192958,-0.05016629735319896,0.05841112730352975,-0.33241554881287927,-0.33809779531654427,-0.34223611579613866,-0.3151572910282896,0.023454338878467113,-0.47801372888566585,-0.37434942763566603,-0.253962372426616,0.11118098416971005,-0.14936502599569865,-0.3233060739598968,-0.3003991423365182,0.3268256347258913,-0.2565016818541312,0.3898588695587489,-0.15549824474542223,-0.12467310816989494,-0.27115334751845177,0.3773944185988847,0.07182292322663547,0.21360802282006502,0.3461298148510507,-0.04021656631750505,-0.08980734336155542,-0.081971662099443,-0.10217063938142656,-0.08293009940307879,-0.2030355475243365,-0.3901928709817738,-0.09307080896269548,-0.24914518978674893,-0.2032167970498537,-0.148516343713634,-0.27130845599934766,-0.33514123379756044,-0.28576973489051155,0.13526222466664276,0.03605563636677747,0.19961542649220565,0.18767118068853117,0.2544049312029128,0.29046805094513606,0.44139664202858003,0.21329400889282626,-0.2614180009993911,0.29397929247477483,-0.1610005692990367,0.20617663941274353,-0.0807341478039284,0.08128838700506576,0.123369016505707,0.16754242932927546,-0.27676252881519176,-0.026457915430317742,-0.19634510291746438,0.049251838797222204,-0.3416714318333636,0.08248092862984689,-0.08999935591185852,0.1870046125139399,0.1563362773476953,0.19398210326244722,-0.09876485248599205,-0.2594297409021411,0.005022529682727805,-0.4804329450849342,-0.2986081247244898,-0.3276853322679722,-0.20567963355895866,0.1456435348426454
-0.31890487430952347,-0.30023955333950225,0.24378381159593646,0.07594245176352872,0.3751981739245502,0.4981048487568308,0.2974819285015456,1.0,0.15957483640256082,0.41146175842111254,-0.13428548883995153,0.08743928314112777,0.01351936568348704,0.5002999663955373,-0.2960202277347332,0.24703510545792814,-0.2532098166868169,-0.2755678633898055,-0.18892293566730978,-0.31854439429876585,-0.04182915779894809,0.23605939316501437,-0.12831429559887184,-0.07546967254907595,0.3526530734674411,0.41039394361287124,0.2363152470572074,0.2388303245594067,-0.4531384715371803,-0.21446762468583347,0.20255358074911814,0.15426054234668157,-0.26883730396221056,0.1777788135978268,0.11920584028519343,0.40047535915847116,-0.053871523016557496,0.10908286074741723,-0.09322376365932689,0.07607224717057487,0.11823457180393945,-0.08049011777849832,-0.15817848874964557,-0.17677247172587254,-0.253165919275751,0.0706050293435534,-0.33172184158940254,-0.14795647881373908,-0.4397835477179238,-0.33068850926505067,-0.3262786356771085,-0.437729488207966,-0.4091223732631666,-0.12629221972305832,-0.03582761586736282,-0.17499189801368242,-0.18509800778571286,-0.2121604748650015,0.22838424838930227,0.2511223631815895,0.2549485496735639,0.4511420331964284,-0.22053721998346573,-0.20523089411189535,0.0737084778418729,0.6318305255059451,0.14089560808909354,0.2816196146479778,-0.1630834332741406,-0.08355933582020422,-0.1165478804535931,0.07738658616956864,-0.3493198715754281,-0.16337769263284524,-0.3232855454448671,0.052982521201447,-0.12248622107919482,0.18751615185794135,-0.28729993514116,-0.23765567530126439,-0.3460803220980326,-0.387413769072814,-0.15219551788925362,-0.26702911821698294,-0.17319063345224323,-0.06838562807366799,0.13772885999742132,0.031641395059338315,0.23099578482972752,0.06329126797683533,0.03669314729179171,-0.16890152583358284,0.2944027879811494,-0.1113044859649398,0.10953365221873113,0.018026769297187144,0.0443419664302747,0.22628272774861047,-0.2917525077183086,-0.06376612377899632,0.12301689420984835,0.03705848744731271,0.1609798361462698,-0.15997074182846896,0.062238446367330426,-0.041778961941820875,-0.034263243060062974,-0.11205945035993924,-0.14688313664917166,-0.046100028617349305,0.1868482054413465,-0.41365809040542184,-0.13857576446917713,0.04009074584030537,0.034548108991730456,-0.07942390459184068
-0.04189611258867142,0.08490915537111213,0.17326855744526884,0.08629789284527731,0.30626643679487037,0.20169900270339236,0.20021090699679528,0.15957483640256082,1.0,0.30398615441756444,0.14851310787707928,0.14890554915677684,0.16619292965158974,0.07032125165023562,0.25941182612396013,0.15305250285883243,0.08431107187071678,0.049011289306399544,-0.18274920839490535,0.15211016811150535,-0.05191399716493914,-0.10117514733116001,0.07437838716684737,0.16183928945267417,-0.03250373465403934,-0.06243979265949858,0.23531320121978072,0.028895272460158473,-0.05911049086538272,-0.2257755794435691,-0.03437254130611237,-0.038338453757758705,-0.17727053229742695,-0.402008144305739,-0.07361725871670667,-0.19663040826197253,-0.09800334573617707,0.0695379224614159,-0.026384722471621488,0.047375300167275626,-0.05845005379763333,-0.11008251786531016,-0.14528902973875332,-0.05686350629708827,-0.16188519736674392,0.047589806339643756,-0.12042781032784063,0.02853053626456076,-0.03675529204882702,-0.1089467460034935,0.015727013302330933,-0.027610680472160025,0.12336243614022692,0.23555118110288575,-0.05854199628383513,-0.06301615958984118,0.062060533287625126,0.0732321428106152,0.2042686559989246,-0.0980266494145364,-0.07722290013498137,0.1346574702001011,-0.22364544233896497,-0.1463795903077919,0.11577648952149129,0.21155733134336815,-0.35115162223329244,-0.1282738705174257,0.07429909528856196,0.2516614295506821,0.0174465931793936,-0.2851066628968389,-0.07744054721604894,-0.07340057832031398,-0.019837495947432643,0.04247521452344543,0.0227280781303431,0.02727088006236302,-0.03771597746079698,-0.02827035047431714,-0.1496593242365371,-0.16191915520002784,-0.06786069020673405,-0.33408790600944643,0.028839906143396182,-0.23116471826612336,0.0946770851020101,0.0358524159390486,0.17632432648777013,-0.055420431739098504,0.022730335407187042,0.41405521788109406,0.13256547959502638,0.34148704522151835,-0.12365130479590535,-0.08135661844032861,-0.22771961196231624,-0.029130511663143163,0.09179349941150625,-0.13502002978109331,0.16138099673506803,0.047300966623822854,-0.18037634754340395,-0.05464766247465059,-0.049250433472100674,0.058681139220858596,0.11520574049701332,0.13320827568377644,-0.21094928693694268,-0.12008454810793287,-0.06692513276864454,-0.12855295789244336,0.0556208854803954,0.08208470537846413,0.06399526195037958,0.053566518659921014
-0.08319721926511876,0.007514995851134543,-0.3068620296635017,-0.27424048452527966,0.4580674355006475,0.3512517440628178,-0.23278015969156013,0.41146175842111254,0.30398615441756444,1.0,0.022832217027549326,0.33940813749100124,0.046370329129583276,0.48514401049721756,-0.0248294930196836,0.31937648384285167,0.15180460982427907,0.005625438783758114,-0.22983599544592692,-0.16784632020274032,-0.023557697745018858,0.049793976402456,-0.3470581178808324,-0.2719685531162313,0.047079265834056874,0.12225120931002408,-0.06402219646622917,-0.055665621942613985,-0.18337051865756554,0.13171360853280328,0.008940521529526057,0.16411426162908432,-0.2018015885457555,0.14022744005835494,-0.248874919894725,0.12324268119639689,-0.11582075612077908,0.012641312071853131,-0.3158054075615113,-0.2710056237683437,0.04292957988385294,-0.061524411882394506,0.05035397204871322,0.030160506251546117,0.05466124886110059,-0.018454915571386295,0.07806818047533494,0.1555745422464493,0.15226016384322116,0.1912433373668539,-0.45383490867821,0.06033144294982143,0.10694873590616435,0.17494935443057885,-0.27483866749703234,-0.12954637802676128,0.0414856669884855,0.00502251690564164,0.17765916330918238,0.39116014253487885,0.21394022905028715,0.6100246776019131,0.23198010699760682,0.1910729784092652,-0.19909344891309338,0.16779060732712797,0.06818555904094109,-0.2661991831504886,0.014039868632264444,0.028831403407184396,0.025785115305020218,0.0210100441912265,0.09284931235794766,0.12010973139152233,0.1450918850876891,0.1551844671317072,0.1279766188347355,0.21324809715463855,-0.15613906420406873,-0.18423790735362836,-0.022037616672670766,-0.180491597309739,-0.18054500522870912,-0.3524840916022754,-0.36614006858752784,-0.35890335837920406,-0.050177287606083386,-0.4779346666368601,-0.2327951581855712,-0.06886986217273132,0.24406181676324884,-0.04218558504849826,0.19857846061833767,-0.15511343877888137,0.1715387961774782,0.11513010554994468,-0.31917614812404516,0.008429911720184912,0.09928803507813971,-0.02166060524956991,0.20312569824414198,0.13802097862737106,0.15949405228384353,-0.22613239345355818,-0.02131187666642062,-0.12297967092461896,-0.25407102657389513,-0.14866662832289163,-0.13364634819599128,0.1494318549279118,-0.15841236857584448,0.013148674370055692,0.13520488500812367,0.13957389297361217,0.19773706223439647,-0.14062906565771102
0.14341725681255266,0.238996841112714,-0.2627572000783728,0.14342959146817919,-0.2404185888980561,-0.045700794665531716,-0.09404366086359059,-0.13428548883995153,0.14851310787707928,0.022832217027549326,1.0,0.5644219440158672,0.5455591983330617,0.2654752839261301,0.48326454600484453,0.25369833880657133,0.16890393145202307,0.0002946748555356211,-0.1608057500406965,0.01793454449120142,-0.024544826822261508,-0.17308911238135283,0.005104624656499905,-0.07440733046345838,-0.3239112207247257,-0.2756643313833838,0.014902901862497814,-0.05410297245541853,-0.049339726155234624,-0.15881791755458857,-0.44012091524064606,-0.3593108215905949,-0.13480460597941935,-0.2509475377832813,-0.017018228795054748,-0.0729425066943206,-0.011160742832883543,-0.07829293531285442,-0.15982349580550634,-0.2260032971609226,-0.06911697866539158,-0.22150450056890703,-0.05078842402217524,-0.15355060356608657,-0.02007032629329992,-0.07707100373237914,-0.05810718849924225,-0.0809172110891014,0.15402305933175486,0.12925862521956494,0.19461453903692713,0.198003570817003,0.148124698130816,0.16446237630652322,0.011755873586103544,-0.1725035331276906,0.024896453217137543,0.10895364404276099,-0.12135374454847195,-0.22627467382716826,0.04792432611539472,0.003955175680917821,0.010652427396891616,-0.047104781398268604,0.22369719613755337,0.18481503540718214,-0.37266352734210956,-0.21559494104208415,0.32054889007328363,0.013021914827010322,-0.10254953562726668,-0.3068098625932469,-0.21529213138477307,-0.026102977013798986,0.1177683171130465,0.08403511939903315,0.07326858923649131,-0.06714836476794474,0.29497945296823036,-0.13103714854885717,0.09058210227678061,-0.05006196631613599,0.13755787374535008,-0.04803925803982947,0.4419302180039406,0.23293299629103978,0.09123401936011533,-0.011750700017153603,0.1413606863901518,0.11922230974357394,-0.16390306975046204,0.10017634223170163,0.21043853805956128,0.09545628550490563,-0.28473965797004275,0.015612801336154137,-0.17631805656676985,-0.11018938397480457,0.17098257469894415,-0.010970017223646983,-0.18615213569191066,-0.23528971634205356,-0.15968912961457496,-0.10030744893778373,-0.05557549450163067,-0.2305213291021756,0.13244019352462022,-0.04577469830262804,0.06760399323308357,-0.06384449768548059,-0.2501850941573187,-0.016595417544839435,-0.043337912757512004,-0.04642555385863932,0.05924225983449838,0.07093883367652064
0.2944840159271815,0.4819559809682378,-0.5481855459331744,-0.18809759488023495,-0.23486725784409943,-0.04779649175433909,-0.30147125334134084,0.08743928314112777,0.14890554915677684,0.33940813749100124,0.5644219440158672,1.0,0.4473509693216329,0.6583270991131513,0.27680921740852843,0.6562112891025383,0.25111066264272963,0.1930910298393363,-0.2979369737338386,0.00021620655836181963,-0.009565898925020883,0.004426306070664014,-0.3774691747291552,-0.3877607145816835,-0.3381643014668569,-0.3781515417562708,-0.1725005460285366,-0.25967514704386485,0.0017480304684720153,0.18052838860293072,-0.5037814117326872,-0.4238756488912623,0.006398014418295643,-0.21312176130654684,-0.3036547659999828,-0.11319356090778276,0.2109672124341995,0.05563072222246166,-0.2834235411620002,-0.2574180719340574,0.03847981269187607,-0.18832677801031797,-0.03326442933570889,-0.16915373351139293,-0.016945881522207256,-0.3406628307134647,0.09157686440786113,-0.027473342911127026,0.37522369744404754,0.28364173828616324,-0.010478930820432187,0.3111152220017242,0.3883236528293447,0.297519678174473,-0.10838851608446463,0.11333937461955715,0.1309626065586158,0.2268231848354255,-0.0331970088665501,0.18284867863672105,0.27618851737888883,0.5172997222287706,0.243872131228296,0.3907507839370119,-0.24606394841456675,0.1382496262933818,-0.32886950424872463,-0.46776041072511493,0.11054419376844904,0.0665199153971506,-0.12482640375884828,-0.33213504651228326,-0.017109302967787895,0.016895750770063972,0.06579941896425312,0.10507057414259299,0.1480452385627017,0.002050125431159327,0.1031096254744322,-0.04870442802682436,0.23474329550957448,-0.07054436395057738,0.11173067635984192,0.02891352448824522,0.08638111902639743,0.11116987682279068,0.05190270985126288,-0.3057601997989542,-0.1618312000341547,0.20733878775148248,0.0247187035731455,-0.25727390174223264,0.2025907394414205,-0.35950336279438055,-0.06962608577253501,-0.12794207588471815,-0.013216967020801693,-0.18640782383483967,0.39701030182934977,-0.09344976693463997,-0.09288045777519434,-0.18946355424393194,0.07430207853870388,-0.28498894671787306,-0.12204428583424869,-0.3088950583881721,-0.06449214598952459,-0.181608797561191,-0.06898081043561752,0.15058839792650855,-0.30034900953160715,-0.0738557416579333,0.003879842299559353,0.04710498278582657,0.281791666000798,-0.06387805586388623
0.15146571161233327,-0.020276020243170913,-0.11123787161358033,-0.015028519370831874,-0.2349067388343795,0.0007945926145739723,0.33270449475234204,0.01351936568348704,0.16619292965158974,0.046370329129583276,0.5455591983330617,0.4473509693216329,1.0,0.4311692446061501,0.5000538157130128,0.3149425323753995,0.2664481987835438,-0.1509619042559156,-0.05371388140805411,0.12551672284419435,-0.08647139176587681,-0.1776822888357169,-0.146638488247575,-0.08674767612193139,-0.3810557459720188,-0.41412697025675393,-0.121615965356131,-0.3012940967405135,0.14452683015670123,-0.0033683586940625077,-0.41124740688317923,-0.2648076778896194,-0.04043022790454169,0.07359476944727814,-0.1744757132731776,0.004254045909924868,0.21973874118851058,-0.3586686409085855,-0.2030239012928307,-0.1455075751177629,-0.12110986007252608,-0.16153989165746924,-0.1629662409632521,-0.23564189249635098,-0.05553171743784396,-0.3645710387140074,-0.18175670635285185,-0.1604105301654655,0.08741161419961303,0.10066637813042542,0.07543885855940195,-0.07075017374585278,0.11475588800540784,0.004260707398108451,0.14547517997861348,-0.0013394123753224646,-0.07037904173690746,-0.017563220518868022,0.2795838562758993,-0.1704884286027343,0.48494947184027737,0.06539803421199215,0.2917932125791986,0.11942112113703178,0.04175412389138651,-0.06944926376399983,-0.06274655349820472,-0.16557845705154073,0.2169862454523843,0.021681521907231337,-0.23639192502952425,-0.3254488007833608,0.021427943097965963,0.04211772843198525,-0.1426671224318228,0.09274875419007622,-0.1166000703459311,-0.2678604529791197,-0.05288392275718561,-0.14079970030787886,0.06867321946438232,-0.20661876755010514,0.23429053042264997,0.05981949395433121,0.20845615436766285,0.26852259668138995,0.10155887728823502,-0.1843850299546648,0.08042454209440261,0.252732244497038,-0.1473769774640893,0.14491644456981648,0.11580491182166226,0.1211589111182102,-0.08971891227869583,-0.01953473172301827,0.029910589543746407,-0.1236076381426231,0.17538052075232616,0.003970806912648018,-0.32766280937805375,-0.03754624912035754,-0.024306951596246004,-0.0658660094847234,-0.21663630007742948,-0.039333061727335215,0.02045905403204125,0.02225954744124918,0.045904529166009594,0.04037335737917109,-0.2183897773045123,-0.20180021474689394,-0.14107700194231051,-0.0982669540570965,0.18299993249267876,0.13525188747111133
-0.012181892212429034,0.12069663345762903,-0.3513733488938584,-0.16455886642846634,-0.07514851127622987,0.2164352545663319,-0.09760637381227816,0.5002999663955373,0.07032125165023562,0.48514401049721756,0.2654752839261301,0.6583270991131513,0.4311692446061501,1.0,0.12930368478693222,0.7495010560756392,0.1175909229895288,0.035236588342827814,-0.2543918997227643,-0.04649149422091073,-0.0657789282494387,0.11109024542883417,-0.4596122805866869,-0.4137441810435301,-0.14469356036425068,-0.18313719131862174,-0.06139662627529857,-0.1443368915142548,-0.1078178251599809,0.13503560515662824,-0.3229243852084721,-0.12993896078908782,-0.04039693843821771,0.06672560028158706,-0.21820153564158373,0.14285989216571515,0.21570505240757384,-0.018339230511111547,-0.2793319300151289,-0.28688291330706833,0.09600193167524361,-0.19493962391305653,-0.031598209640784934,-0.1609666518708426,-0.09172642222717976,-0.347274361736439,-0.0749093828510732,-0.056272994653449024,0.09565240476702898,0.12525357918977212,-0.20109614422639646,-0.022019170518077932,0.02802173183206762,0.14437066532012055,0.07778586987696767,0.04807572755386005,0.030581014992959035,0.06621972505434055,0.15011534488847147,0.23715226609640894,0.44589306481710683,0.5567469263815259,0.21768885196262866,0.23329528171277433,-0.19178228734413297,0.3129959269895381,-0.1023475496317435,-0.28388677518002137,0.08341386385845395,0.13113898820032938,-0.2602612871592017,-0.3131148241255033,-0.17170771337118038,-0.020519075253810012,-0.26326522709788264,0.03811367760914048,-0.06287144585540333,-0.09714199630878381,-0.2551233412455033,-0.09719433420216826,0.0865410225594821,-0.18461699620888625,-0.023899895352595645,-0.11767790079964148,-0.05611492951259853,0.012170225662877336,0.021643909991370874,-0.29533756884297435,0.022263402498618495,0.26480816919161054,0.04069549673243247,-0.3207033818017643,0.29615929779524597,-0.35483315614365696,0.23166741984444644,-0.09073857694711894,0.08376490604269839,0.06549093585672004,0.12272390268815532,-0.18309703580019873,-0.013133453254912922,-0.16027150795634454,0.1492852116301223,-0.2560996993591814,-0.13277485789255103,-0.2841060586367842,-0.0976744284028581,-0.08796687911098323,0.03508383131390222,0.09652810184456743,-0.28243463888578485,-0.18123390701552142,-0.1184519522069331,0.010310060103027898,0.3460928693457893,0.0035989822951405215
0.11683291562396049,0.2699199598458417,-0.16696981528513677,0.2589781682616236,-0.25455541499111684,-0.030839009065862025,-0.04368136789193477,-0.2960202277347332,0.25941182612396013,-0.0248294930196836,0.48326454600484453,0.27680921740852843,0.5000538157130128,0.12930368478693222,1.0,0.37291642907925804,0.16762686626612153,-0.07683691231158142,-0.15761707147606252,0.1045741468143292,0.14829307247231863,-0.15523341343030966,0.2585420787243936,0.2441062613881584,-0.3294550409583518,-0.34395496988147706,0.0770491806889319,-0.09334019094159321,0.06495438444116289,-0.11934360419297897,-0.47528675672417336,-0.03713608508587408,-0.212830918973026,-0.295937795542863,-0.19430310314020532,-0.1934518702893976,0.12299032400685296,-0.09646796717015671,-0.06451362187376548,-0.04067946066638779,-0.031713873183051126,-0.12737053424245104,-0.24251394576688146,-0.2130190513653971,-0.21363628245417168,-0.2765276352668945,-0.06601785955453748,-0.004502071871340394,0.19631175255947336,-0.03633992532344934,0.2484760416489122,0.20142589760371635,0.2992968737557396,0.22745659468823556,0.21284607061896718,-0.05442092288882753,0.06284857825117127,0.013636148371256833,0.12318081236035106,-0.2011345880699645,0.11591043532855258,0.048368157415168936,-0.009811379117294875,-0.0755770946652296,0.3650078487533656,0.06939079141361844,-0.4505789189327156,-0.23704312364194016,0.1032255088240961,0.1260868637057505,-0.01774980670862589,-0.34928054550430504,-0.1625133451937595,0.0875161699646541,0.19934096058873646,0.21193280815513055,0.18227572290578936,-0.01919381997713015,-0.09600034073243463,-0.1307170142669466,-0.055643370862508,-0.19097957456034828,0.39768350827308724,0.038864276130539235,0.213746225067515,-0.018104506661286972,0.010335752509699224,-0.04716971475540444,0.2520300914930131,0.291829469839214,0.07675707115795924,0.37153931083060937,0.33089272947586296,0.30023956654379114,-0.01310088529507106,0.0774570427329312,-0.14704298926821494,-0.0934920276669056,0.14232468305376425,-0.03293898947451157,-0.047434700271068025,-0.21349866874723192,-0.21359513603544597,-0.1815651922675627,-0.1513544830287116,-0.2644995748846,-0.050319348033686415,-0.027987079492723804,0.3274426261640441,0.14046589118328298,-0.18345381854518805,0.1252103125979073,0.18007748843510896,-0.11434138163841702,0.07483026873607983,0.15416350808819257
0.17208016344905622,0.40306534764217383,-0.3539852172294862,-0.05746545510113172,-0.2655448265919032,0.025798683490585,-0.16869075110913576,0.24703510545792814,0.15305250285883243,0.31937648384285167,0.25369833880657133,0.6562112891025383,0.3149425323753995,0.7495010560756392,0.37291642907925804,1.0,0.24287960267264525,0.14133770609615642,-0.1888909178484966,0.04695945914138533,0.01966792820255416,-0.058153667748465525,-0.32889111619882344,-0.2580241220658204,-0.31236518801579766,-0.3636933092974546,-0.05744270492071137,-0.19184207748075044,-0.06335652013850684,0.13586422594667633,-0.431105513945945,-0.21968384086753,-0.09182587038198986,-0.22198905189254495,-0.30810355998891364,-0.13254741824332777,0.14327252628264717,0.04481533086264592,-0.15848372221134435,-0.224011007782021,0.06550309528269599,-0.27489558260085717,-0.081015213047521,-0.2329941747307524,-0.12648191717214313,-0.3651656080263555,0.02146571211119654,-0.05858590366452961,0.20775042549506975,0.06485760327917589,0.005543731788327692,0.06696154612310526,0.16026211131713006,0.2514750492597133,0.07272323336751974,0.09741522910835691,0.2596761232328229,0.2830813072775703,0.19689766644058207,0.1192009260730952,0.3945555575537847,0.51325412861036,0.22662830257636032,0.2974298926703488,-0.13700183402840946,0.227426510492428,-0.29128856832148026,-0.3479096987321349,0.10772808804020327,0.25182132179373595,-0.20060131809626658,-0.42988926732078736,-0.174984223646522,-0.13531704900042385,-0.12111228653809254,-0.04849173689337659,0.005658330566861061,-0.22563577647467475,-0.17878315521793176,-0.10029787572994578,0.14711205843289216,-0.12663271730512063,0.08201099610048072,-0.0036110917088625293,0.12399688805268544,0.03751305358989563,0.05782709108578214,-0.17488266404306052,0.12664988800725807,0.2812309261206402,0.06110523374686083,-0.17642322040290143,0.2226910660606491,-0.32739556220650556,0.09287998108435636,-0.16021430676041837,-0.010857951871808026,0.06974493172003585,0.21846522851897826,-0.3041799934735944,0.003575892393796194,-0.19114977310149542,-0.07520859684030089,-0.26693065825786444,-0.14479522409716006,-0.3667284609396746,-0.022156111405744097,-0.00032084410323185246,0.12666492982178673,0.12373583254559384,-0.33718415736669277,-0.10484640470864658,0.059249196714397906,-0.11929271118648183,0.0858449306675976,0.014629140693463497
0.34555767526039505,0.3121074252016376,-0.39729310109364563,-0.3135305064267581,-0.20315866565734034,-0.21609567968091328,-0.2352885287138824,-0.2532098166868169,0.08431107187071678,0.15180460982427907,0.16890393145202307,0.25111066264272963,0.2664481987835438,0.1175909229895288,0.16762686626612153,0.24287960267264525,1.0,0.40227744086189626,0.19042564484973998,0.25048672486721996,-0.07963618794733525,-0.2621853104176654,-0.44943565605297936,-0.4187503262550612,-0.5075555168139589,-0.4625741059972677,-0.38905367586843626,-0.4479054743997789,0.26953298340718596,0.31380295572042083,-0.31055684342219825,-0.2347469225394169,0.21339988778955787,-0.05454094733549027,-0.2650411491779029,-0.3805149590102896,0.2545729514792824,-0.31731351735707614,-0.3269017950770905,-0.36349059567410064,-0.03846066455410955,-0.17490424844917815,0.1607639913126696,0.08422001724975929,0.08001499332364806,-0.3039232523847409,0.11259931957251643,0.01964829282579154,0.21857778724248647,0.2602849669637491,-0.005520881852015694,0.07732347847167363,0.17032300044096904,0.09606228395387235,-0.28026066479408007,0.1235013286932887,0.5173922209107412,0.5195309395164049,0.028941944533519146,-0.026324338654834054,0.04719564440927247,-0.013384508192530708,0.5303513784637166,0.4080928218137463,-0.4197692401412713,-0.4394839564298067,-0.02124768990140723,-0.3611626610609651,0.20540069091505972,0.0692540587403064,0.01098744180078878,-0.1358789978527992,0.2777506407109546,0.22537508401082593,0.2989850962274908,0.02747653552739084,0.27290460328543753,-0.20483338206052526,0.2854035235017738,0.3618654594327638,0.6070793826535512,0.4763163294262289,-0.08192525041974123,-0.019957146564150343,-0.009135821685775026,0.00788941868876331,-0.04401348892735072,-0.3933006663702788,-0.23784328180072867,-0.20886996249277592,-0.08662222837368323,-0.06665687292005704,-0.1715984301718728,-0.2437946327723288,-0.12028650063920321,-0.0016934263279849676,-0.07672173938486011,-0.06269053114793084,0.4168808674896694,0.11721902749526186,-0.13691632484509622,-0.07577563213698527,-0.020316177024578726,0.11885790709278003,-0.002060855067712241,0.04504885848225038,-0.012280646891408613,0.21378678480846178,0.14353490536133384,0.24294259126718162,-0.1057337197832881,0.1278201874500989,0.08493385704372991,-0.14188583129766377,0.10487992581520231,0.10371187147784611
