1.0,0.6492244741136233,0.056928950574672704,0.2455236883916123,0.2081648062936344,0.25125145527858633,-0.3274270690722117,-0.08620609732482142,-0.05615938715917842,0.2802060409624162,0.4456254199763889,0.18698310362778692,0.11246731702152402,-0.0006553550732484864,0.15055188418518622,-0.015146096715017997,0.4902444379515026,0.3229444102864419,0.2261819525338783,0.05284328413014339,-0.011790023631176559,-0.011656128579959887,0.06321807743274056,0.04114673183215501,0.20855735043448187,0.08357665588796133,0.4101053429087219,0.3650453597251734,0.23338472847901404,0.02313099173338973,-0.07432958943778938,-0.2768102483274813,-0.21965199916140282,-0.34451439901205655,-0.22137414369836558,-0.06806049834100189,-0.256053046257295,-0.17979491662987324,0.05584014379851232,-0.08693533500945248,-0.06711402294969912,-0.3810541132497428,-0.2950529599246202,-0.28216988001463,-0.22865638069847016,-0.1304150221606824,-0.23029659847877076,-0.25475293654717135,-0.14577873049583712,-0.0178309492429885,-0.133269377607241,-0.07331310339472306,-0.2774951482083052,-0.1798344520714439,0.14121153467788736,-0.04226680622952775,0.6049679349359133,0.4015066746169549,-0.2448569800472658,-0.13579662919057134,0.08155197538002319,0.07694861373168178,-0.0035967351986449943,0.14510401915748597,-0.21844686911607444,-0.08552673470573001,-0.23798245663776066,-0.3303388002891489,0.4046270570732401,-0.10110450161833887,-0.003660367643064663,-0.18237854860373287,-0.09984444882534946,-0.3017600507296395,-0.2650024550674033,-0.21360455128349248,-0.4402803525332659,-0.47151441094439117,0.24924778695545283,-0.06851730399326263,0.18423947427712092,0.2574532662526763,0.04757652325833473,0.2845762028186513,0.3883799806059613,0.44384228168569156,0.1432454573964195,-0.20327629839091113,0.22306560298311873,0.24743233375240478,-0.37235022056751815,-0.30947954493446167,-0.456161570604151,-0.2535051371105054,0.11389046951055129,-0.15321682988471594,-0.13397303529102253,0.032028954442764,-0.2531372146999465,-0.05134597407176186,-0.11645167226962015,-0.12545678068568392,-0.20994775067604876,-0.27355020592238216,-0.21957596940474075,-0.2736207858834202,0.040652194634558325,0.11805513969883856,-0.10360868059709336,0.13669738386906538,-0.05100564882488796,-0.27890988573846304,-0.051095330194584614,-0.23645649527946125,-0.12268303625843466,-0.30996457304631675
0.6492244741136233,1.0,-0.08950301342679122,0.33880273430817326,0.24702205702229055,0.12748831595718807,-0.45796547168555396,-0.32548352617325366,-0.008257194017294812,0.09166682381414194,0.3204672586547394,0.16395513144752136,-0.06392816969226438,-0.02839378314400286,0.1778811956522607,-0.002685646948151554,0.44957186901480356,0.42897252765278787,0.1994383604166995,0.35353856615241563,-0.011755945343861164,0.029039329786085238,0.18252064313815253,0.0658579407977719,0.23459965465615315,0.13538375147034148,0.29591201187191674,0.2348141490743144,0.4259953566027281,0.12556301242900805,-0.016746353107894657,-0.3898319926703616,-0.12953238508562243,-0.16955521399908993,-0.29247871761827776,-0.18374301757129358,-0.2473578440760597,-0.033223821458560475,-0.008621494094368439,-0.057435961261504326,-0.036092379317831526,-0.4225357492271085,-0.2161923669762115,-0.11276605353704018,-0.22293086171404625,-0.0829324402091785,-0.18864456846952338,-0.23940451533143042,-0.22064330870153406,0.12193552948387183,-0.14323025759160649,-0.009170022152398044,-0.2436926097489654,-0.1391378900707082,0.034663307565248616,-0.03977940327602668,0.6651619916502198,0.6692225208034028,-0.32711632373581745,0.029077149257537956,0.04825973243686726,0.2672738119263065,0.11822900087618679,0.36897182462219696,-0.4554908655657386,-0.2267256474568078,-0.4477300239654579,-0.48810177131922444,0.5590050575785278,0.29139801793493736,-0.018500015788975612,-0.23708412472240073,-0.1143914684630485,-0.451433705936347,-0.3866967470262989,-0.3029669030589585,-0.3983735139328266,-0.5105129725072638,0.29534894543144236,0.2481411239635333,0.30609486728802376,0.3915809466531131,0.20562444858430765,0.32644208606821484,0.33918975698929815,0.32725636628107313,-0.023650509140170518,-0.15046344779918233,0.017546770235253632,0.16434426490777534,-0.44184580168617976,-0.4679394303467747,-0.48159972842765386,-0.3176612114113074,0.030225960993079583,-0.16613841529733223,-0.15461417808102346,-0.03853210559528971,-0.25141590765160604,-0.2527326813746247,-0.027867980933044812,-0.3803367990436276,-0.39455924509808127,-0.42173617424780135,-0.3252672819623548,-0.39669674136154975,0.031059371576162637,0.18801982293755967,-0.0523593050441037,-0.053506985155810906,-0.18184143616568568,-0.35917340848374657,-0.17409024123982966,-0.207800222533869,-0.17945527879500967,-0.4991960172041575
0.056928950574672704,-0.08950301342679122,1.0,0.2703748301107558,0.5581636173508553,0.2089490160695185,0.6118241980593526,-0.11051390628002594,0.18873556153940088,0.013567427523240826,0.08956736798571982,0.03231434490107788,0.2259792499241655,-0.26783939349287517,0.06288728173420147,-0.21024624981511744,-0.3564740258857658,-0.37625839362919683,0.3763933157277208,0.09440055151523523,0.10716893077985012,-0.05420957715730175,0.6185130232845119,0.4862301883692242,0.48463489840845575,0.19839775097054582,0.4833160588633993,0.4439545526138716,-0.01994630151253668,-0.5189832658054605,0.5549235495164229,0.13734424702031442,-0.10136971207859231,0.05806229218338898,-0.001678222813193916,0.1427636047888642,-0.17428473225000912,-0.018194757598288785,0.307943035868006,0.03427177030226865,0.10779977999342084,0.09930486379149257,-0.018546998014139025,-0.4045755461392899,-0.2801417721739385,-0.41896726411840923,-0.21619630249372238,-0.17782899274097796,0.014286312955863821,-0.24903686507726377,-0.00010508488345042105,-0.05914335241945186,0.019435331557164388,-0.0653072966904851,0.09158917577286245,-0.15428172374420995,-0.29626063024283067,-0.19137697470890486,-0.0702190878278152,-0.02680811289131586,-0.32435341882661894,-0.39024056593513995,-0.6348625722348629,-0.5246014117769973,0.07302398326139067,-0.17195075063293497,-0.0032732727371369685,-0.02523132364240309,0.007188256540820955,-0.08339059061706089,-0.13016583465192932,-0.039906701891151454,-0.24091118077325846,0.12428404034729694,0.1705117221679107,-0.051499717141002634,-0.18566723628758156,0.060292250239209096,-0.33163034476433867,-0.3335431569384092,-0.4628353796938107,-0.46119117674530563,0.04907353072162542,0.1840601961150026,-0.014259035586021398,-0.023069534312477866,0.054472039034254946,0.018429286037598035,0.1837871204770889,0.058467978799192806,0.1163727564347618,0.26913928608000554,0.03494347085800834,0.35206192480812565,-0.018942627357722147,0.06297350560839259,-0.01322429138260668,0.17295073395216595,-0.14608042800974727,0.0276501712138942,0.24446908171834608,0.2849137030479938,0.06566599123195752,0.13715350855058606,0.08775193763632029,0.2799175830351041,-0.010198156981759002,0.0832655745114415,-0.138542548378154,-0.036543925745033706,0.22363607619336742,0.10832698187368735,-0.04794219620684031,-0.015694421038274467,0.13529054893769146,0.11007992328921347
0.2455236883916123,0.33880273430817326,0.2703748301107558,1.0,0.21908287869453197,0.3197808550906407,-0.07466054552051646,-0.1455874258800793,0.0060080594870246615,0.22875694731988702,0.1254527691929203,0.20545471506094523,-0.1740146177543342,-0.31468339617070024,0.1030090233775425,-0.19730455792065335,-0.1513015654245386,-0.22713883518050007,0.07225049418822914,0.15830532727504434,0.13611363100537924,0.35566713270998657,0.4657383111256448,0.5029581844187804,0.46000064565408644,0.46753019214814173,0.3080403336931684,0.36665620728454684,0.10532229248725576,-0.3938821630127379,0.4047930681572769,0.16942588253440682,-0.0006461776693192868,0.12620679165170207,-0.036517616355317584,0.1350352613202996,-0.24422129301751935,-0.23488937844186134,-0.024293000384697304,-0.12415907282774684,0.00586573162635842,0.010439720387124523,-0.2472982428190463,-0.22759863540015882,-0.22097085037700734,-0.15778782982534514,-0.14757133128935063,-0.206852046662591,-0.0578184000887618,-0.20172923477612026,0.07794560122359634,0.014279807248238697,-0.11036053768486608,-0.09722921111678168,0.01963669639981491,-0.0396367696497432,0.18486200377735543,0.35223684622982726,-0.29772018700825337,-0.12856938763916512,-0.2517683998546453,-0.31775162686985314,-0.22187814476002074,-0.2878925432263913,-0.111881643154898,-0.16164115004456886,-0.11351889755440529,-0.10964990787024113,0.28715900799472577,0.014074190947553617,0.07884505160063017,0.0372351741932688,-0.3422818391090858,-0.00206372850493978,-0.08415309370496515,-0.07907811074044437,-0.13675954263857473,-0.21310421487805,-0.08017016612350451,-0.06803118706953719,-0.11214286671377163,-0.07787207386832738,0.14177919438648662,0.36697470288280326,0.3443410532602553,0.41929414001317955,0.049331407082783746,0.006514809478074551,0.23865193976209617,0.19937641683122126,-0.17471854914699933,-0.36604872877635364,-0.14833832277563344,-0.07425109318402642,-0.07417651186090735,-0.04417139960631776,-0.15855685695157673,-0.10100417920031947,-0.07420594512758387,-0.14053010463252882,-0.13686351006571126,0.07771423582982367,-0.19327797840525024,-0.11416560471531348,-0.13332475262101653,-0.14732838640270654,0.08984921649172681,0.11909306649788004,-0.10944096568273719,-0.2353532677292847,0.003136049089978541,-0.17786404892273416,-0.07141612758027656,-0.3006436805693702,-0.15637769833392315,-0.10923392427864077
0.2081648062936344,0.24702205702229055,0.5581636173508553,0.21908287869453197,1.0,0.3733518595971753,0.09747600157991661,-0.44837667682094207,0.3735362637690304,0.17094048986381447,0.3137621812207317,0.06357217661837572,0.11929442890721137,-0.24306454102783903,0.34092071710375665,-0.20901799553665368,-0.09273321669881701,-0.20762732012759758,0.31715225335442637,0.22722403591603105,0.12105484810244392,0.14469735978492562,0.7034997417296692,0.624418238941317,0.5823250104173956,0.33374254443025525,0.6885171393066977,0.5846692789123096,0.3047846140546693,-0.42687582465275065,0.5185293571929038,0.005178584846498854,-0.16262259602109555,-0.046494158326889905,-0.11886614655952753,0.19947514622205015,-0.2672208279008921,-0.04484273572677005,0.23991494829781435,0.025907005055618725,-0.06198079307453805,-0.16028946983951378,0.042837420711689105,-0.22240804119350502,-0.28777986278457324,-0.25611961540007944,-0.20188999244380365,-0.19136057410884258,-0.06831017108532438,-0.007395062529147595,0.07569791602015245,-0.004180244185048977,0.03680397398872329,0.003264095753154679,0.1952573207310852,-0.13956950526506892,-0.040006612225522646,0.08958610670510958,-0.27373647603730605,-0.007084998758399788,-0.2753817896732525,-0.30809257853697536,-0.39585911073485697,-0.3593802400680487,-0.10511127246306413,-0.30381116286010706,-0.105689160778006,-0.2149705815961896,0.32267640940868336,0.15721947139979175,-0.16207960458827333,-0.1924644815533548,-0.27213865235591594,-0.2229052774895558,-0.21047621203757036,-0.17363309015029083,-0.45578274586387624,-0.20885611152597777,-0.08236642012142772,-0.17069580158246486,-0.16516041070068424,-0.15086524853529684,0.275602068395365,0.3183364991896888,0.2011670979238838,0.07395063760207958,0.17267353325425813,0.0740454686354842,0.15483801835099714,0.17609931203450852,-0.1497248621058412,-0.01769299798475203,-0.14195343634488813,0.20582238475854137,0.18185486624432046,-0.23621867116656836,-0.005062116679611484,0.15062991676363263,-0.24044145417783186,-0.007473624102491878,0.09574655904876131,-0.009242039059462547,-0.271202504125821,-0.13489283272939115,-0.19229120845728537,0.02976268340241376,0.09755491216845968,-0.014290351771808202,-0.08787169869918945,-0.1485005260427973,0.2516205236175707,-0.12411401989263313,0.02347829671311241,-0.028595723732609383,0.09831130528638889,-0.264913382315554
0.25125145527858633,0.12748831595718807,0.2089490160695185,0.3197808550906407,0.3733518595971753,1.0,0.03545905857273968,0.2838708625681241,0.13192424532845717,0.6803962514376108,0.22279944396541276,0.14647585121015688,-0.08323980871916332,0.12729145178689255,0.0053090849228233355,0.08513223914579171,-0.09125894920004211,-0.22543661003072576,-0.015540522527087701,-0.03444514099606276,0.0337990340992608,0.3220979816210453,0.1245855976727209,0.3866356631906916,0.4251961365786382,0.5140854555347111,0.452885985098942,0.5672969033033677,-0.03167984261373121,-0.19295347783421915,0.2840065981215879,0.20204294825532557,-0.2509912868709623,0.01714732941538505,0.054784418720755415,0.2502189794027292,-0.23047092727054522,-0.16765052177217446,-0.13709172806578834,-0.03508841323336521,-0.12547360763920806,-0.16874414346428804,-0.22548607262943324,-0.2006997537723542,-0.3267535675364242,0.07597824021506355,-0.2955979394219767,-0.25841313318535264,-0.12975295151222585,-0.18286242866765268,0.05049805784925921,0.045175577591626805,-0.06968251569179677,-0.058103303313267,0.10994497632770119,-0.08323792199463734,0.018172822343190235,0.02742862807350901,-0.17861307510559665,-0.14443528958607116,0.03792272772617861,-0.042717684077918885,-0.056732174106943874,-0.19703398194848584,-0.014454116436485932,0.2418431412673096,-0.13418140767802836,0.2186260274731878,0.0507619528713373,-0.13950290769469806,-0.19209235350842122,-0.14138928834486103,-0.30354120820929653,-0.3072364898303517,-0.23505598181774096,-0.30529105323347655,-0.2816692172912093,-0.24881899039480834,0.008811728323991342,-0.2990843039000243,-0.06672630145784372,-0.0944030933414866,-0.036160640133661756,0.16984009568744135,0.2312552471942207,0.2221799524042386,-0.04413897262561541,-0.1060966424451164,0.21958060979312627,0.3290731350404601,-0.1040061436187079,-0.1257020440801593,-0.21791742869595826,-0.19563691334588182,0.13140461621989918,-0.14658687933764275,-0.27106530274333596,-0.031517686492886096,-0.24111275404912186,0.012191210683828313,-0.2388646273492186,-0.25394032343208967,-0.31080803584710637,-0.2675603903941737,-0.3328094331665803,-0.12768963220535282,0.09628358220464521,-0.1706913786212433,-0.10280473448230705,-0.09431022684466363,0.08756986344639503,-0.12795295222251593,-0.03737686404201407,-0.1790215584019596,0.03909890552944738,-0.10522171226567843
-0.3274270690722117,-0.45796547168555396,0.6118241980593526,-0.07466054552051646,0.09747600157991661,0.03545905857273968,1.0,0.32825553128339896,0.25039256488587996,-0.040516682552376566,0.10649044629997596,0.098293073431003,0.5161619322160153,0.10954730502204443,0.10600136894470391,0.1833621852425104,-0.30472470927086504,-0.2038544608984629,0.018360837810698638,-0.16513837585991634,-0.22596725270618115,-0.22157122188824946,0.21399355126185224,0.06850681211724487,-0.08409512845842164,-0.2766559131022867,-0.07212070413209931,-0.04298367523683216,-0.01946555131530695,-0.25602104658750174,0.218284479552674,0.1521525390561229,0.12123669354176206,0.29807385850706397,0.12306910648566767,0.08160644325972705,-0.038386573004559846,0.014148588834517984,0.03616481085383783,0.03541277770652929,0.06960268492544243,0.22164073707376172,-0.11795633038025435,-0.3483086631490739,-0.07855122260113938,-0.3246760987327919,-0.08909365582075732,-0.22023347819050784,0.16085295376613132,-0.30216667259721913,-0.004941916106077631,0.04765859358137695,0.016864898291054073,-0.08309995962645404,0.11566869486466556,-0.22657728275339603,-0.5707237564621709,-0.49280657277449474,0.37409526546867666,-0.04867339773839526,0.12561479848992047,-0.13076809837526554,-0.33093419110046046,-0.3148606718119991,0.585944308016237,0.3295276010417713,0.26567606607094885,0.27673793779641737,-0.48534968656796645,-0.2466600383487593,-0.1923972903821187,0.031320777039678255,0.029862948933585695,0.29078811833884904,0.22084619188227386,0.06109897726305353,0.02954735034135145,0.14941238081055666,-0.3399575093830269,-0.20476695156422423,-0.4827385543512783,-0.41313438126332974,-0.21303170062205748,-0.05144301302622257,-0.21989081495048277,-0.28836892897979505,0.0329217939891573,-0.015313865728243985,0.2918888437066459,-0.01193221541935932,0.18897179353343246,0.2454415137696538,0.1920176313849462,0.22805606095206615,0.022090032627176254,0.1746306119363853,-0.16743586138004798,0.054152296862663186,-0.07656507150754668,-0.07514204732057435,0.10829342812269278,0.26420770678808064,0.2179718576718078,0.23142191390965822,0.046494449754909406,0.2577447231499118,-0.02535261892382404,-0.05566806173210427,-0.10426521631198138,-0.010285040269098045,-0.1286953898050889,0.166632449607901,-0.06378387901306294,0.0840499588392121,0.14426010956781515,0.29482286305996036
-0.08620609732482142,-0.32548352617325366,-0.11051390628002594,-0.1455874258800793,-0.44837667682094207,0.2838708625681241,0.32825553128339896,1.0,-0.01471445511032289,0.4124993598407354,0.09295674969541769,0.24669143493645285,0.18342677232997454,0.6056399514212546,-0.14058262223970822,0.5072794539298953,0.013720554389663664,0.09315850658621934,-0.36668960694254177,-0.49942036985475036,-0.2372036006077612,-0.0653416677713186,-0.5059580774997253,-0.26763072770084695,-0.3367216035229978,-0.15327280203570673,-0.36451585154792604,-0.14034834076473765,-0.198842019422829,0.24485347368502516,-0.261850013252622,0.11957485951309707,-0.1294246116353455,0.052186342317008326,0.014609166579297582,0.1345465285991586,0.03887352175387098,-0.060117154037357706,-0.18918953187782067,0.11012929783481933,0.13799439582775458,0.006472554881955627,-0.2512050268409007,-0.15098343514433693,-0.17017335292283564,-0.02698746532710862,-0.08430231289383588,-0.24864772599182217,0.09253786492176955,-0.26248496287803896,0.07005207960222964,0.07080571247201682,-0.013903812097813613,-0.009990226621136222,0.06988360836864624,0.019834931648407068,-0.21267447337713213,-0.33464226203779973,0.25891385786229454,-0.27355201754951697,0.3395458280100065,0.1421980386117902,0.31270987836287795,0.1046564024646859,0.2888652921701789,0.692758088654775,0.003265900871890322,0.4416061289970541,-0.6404554119938255,-0.5045924548968137,-0.23263034687919223,-0.008410500131702386,-0.0203915922137368,-0.00914565182402857,0.031507290453138506,-0.06695250030457191,0.029452281715098002,-0.038843790108837824,0.04887670937729909,-0.09333801137438527,-0.04092540169869933,0.04482813110222821,-0.26453365774909715,-0.08504083438279912,-0.061987530223409026,0.030058983973781726,-0.0410100437203203,-0.13177660312087242,0.2251347819834894,0.016340304196271766,0.20878488474936446,0.026641352473578676,0.07553126764515658,-0.22298834326255282,0.03034905010913775,-0.050940641451490305,-0.19700116677815518,-0.10210839661613307,0.013929369152764473,-0.0033990812369366218,-0.21285327905288973,-0.10437507852721725,0.0969974268655468,-0.09741054261242953,-0.07816639797742131,-0.12193817575652699,-0.011482550502514057,-0.1118231460375921,-0.1301223452869906,-0.013804096703460953,-0.3328375360689425,-0.03127909215422569,0.03546359679626234,-0.029787574971769704,-0.042587949236399116,0.18627461897815326
-0.05615938715917842,-0.008257194017294812,0.18873556153940088,0.0060080594870246615,0.3735362637690304,0.13192424532845717,0.25039256488587996,-0.01471445511032289,1.0,0.2559291173091697,0.20255494602413313,0.1189735046012252,0.25673729809002216,0.06555354929064225,0.483257869132207,0.21291957052689364,0.03746418827541433,-0.06963196342060601,-0.06642613298179834,-0.06630307215588126,-0.09826908649632307,0.07984765653133091,0.30373136598890405,0.15750428308699646,0.08870534611678142,0.037671271532011205,0.038907672347699825,0.0437211518903202,0.19512653493759968,-0.10819347660217278,0.16153404307946378,0.11536157680036734,0.0993717299428739,0.17599517243449517,-0.13564807766024536,0.044274720714064686,-0.29010614673176716,-0.048336987341305634,0.03558624210782832,0.049366963106434555,-0.22895771027903405,-0.09153722166120681,-0.11707308570098286,-0.16070327881209298,-0.12254093388628895,-0.1513834924060012,-0.13828618135655832,-0.22677251484706135,0.0760203525061568,0.08029558041728604,-0.017790268641368834,0.11876558155715718,-0.10736644680509386,0.020097918775665347,0.19158390590314517,-0.0686662298874472,-0.052819315481303065,0.01656026474365186,-0.0015874707538900583,-0.2631631863952893,0.12026544803498944,-0.13128831708933125,-0.024041656300865785,-0.06066456973760572,0.29892290858941045,0.11750670508339535,-0.09266110067323675,-0.000851569895210873,-0.11506916241846046,-0.011936335049984835,-0.1327550606417517,-0.14897650253636052,0.05996212537160306,-0.177775017693735,-0.07447180727065618,-0.1632661524346538,-0.28832185615827133,-0.2590039455689432,0.07401214443450682,0.06534724916827052,0.02818319581894215,0.033100130955793415,0.03753520734674781,0.17373254957140652,0.0654301253750405,-0.0062591148979510075,-0.048061387981253936,0.07168700786497308,0.1515247395958464,0.040845557208180096,-0.23256122765051915,-0.10995254951381696,-0.10453986112919236,-0.05169075468810891,0.04945163860140383,-0.2107928405021574,-0.07584971720827703,-0.0351118123532898,-0.27164658011358284,-0.13967072994537452,-0.08426553325009524,-0.20332446962033604,-0.1613512789475838,0.0016300519946283762,-0.1447679883809977,-0.12236091985962165,0.04627869418095302,-0.1019685752217286,-0.11796939690658675,-0.07710241219745881,-0.16728052198124255,-0.10265529328586961,0.0926103393383839,0.04374373612651189,0.05968388081943845,-0.21913011430853035
0.2802060409624162,0.09166682381414194,0.013567427523240826,0.22875694731988702,0.17094048986381447,0.6803962514376108,-0.040516682552376566,0.4124993598407354,0.2559291173091697,1.0,0.39189012229513637,0.288651028514337,0.07182337628710536,0.3630634268584405,0.12600827541554216,0.2877529104021757,0.02743307108519892,-0.12200906419810528,-0.1404518968118336,-0.20874318750869186,-0.09682286258985291,0.2506482934766882,-0.04856918422271103,0.22871131478912143,0.1990288164385946,0.33056048389046916,0.19448055725794047,0.3160804506277943,0.002014506746433522,-0.10521798269136018,0.09772523846855939,0.12360216657333754,-0.32862640398801757,0.09645371729331584,0.042732409720012944,0.2965647472878333,-0.3164673386738413,-0.22366716969919043,-0.14252017284378862,-0.09503413648684353,-0.24313179436944915,-0.23376691045010398,-0.34498351365031543,-0.2936388692703054,-0.3867233685320972,0.014141693360431353,-0.30230934921191244,-0.4031524806156893,-0.07845540139575415,-0.1897798090674988,0.12633378258088906,0.07111442645933821,-0.04309052160854133,0.06722724656229385,0.17610744913949875,0.006595891221029389,0.19770470958473027,0.14810032552473848,-0.0860598600171795,-0.34280456830185063,0.26674444876643016,-0.0025615874640706393,0.13065756235275303,-0.13597666192620847,0.09010712730169798,0.45380499987229156,-0.15018146622718515,0.2996384192998895,0.01562200959036605,-0.13730662827106402,-0.1765673591528637,-0.23631859169484762,-0.3277371841905334,-0.33687805477298727,-0.21223416004601742,-0.3533826664955445,-0.40909650953452215,-0.40206452419644356,0.09803797641208721,-0.09881040606916414,0.06964872537454796,0.04079600159357099,-0.0022954914370866453,0.15564015224583425,0.40270182640509955,0.3481384497298239,-0.040662840375232476,-0.12331382638956437,0.29532401539664865,0.36539758448169257,-0.22199660813917768,-0.17484569793227564,-0.32263268433210024,-0.3673938632574083,0.12886030068317472,-0.1496978241807689,-0.26708560049076435,-0.1540405852359037,-0.32644052426390885,-0.14732576474635783,-0.49362094726114647,-0.2793768999317898,-0.3587972354034115,-0.3125480117037798,-0.39789037489348345,-0.24053298887707353,0.01779909354366285,-0.2387993491932101,-0.2541845582671564,-0.14635659582312943,-0.1673283135986793,-0.24145513804660157,-0.03030526532335994,-0.3068257909431812,-0.12070769159291389,-0.0709568847696918
0.4456254199763889,0.3204672586547394,0.08956736798571982,0.1254527691929203,0.3137621812207317,0.22279944396541276,0.10649044629997596,0.09295674969541769,0.20255494602413313,0.39189012229513637,1.0,0.5242744926989684,0.5944157037842128,0.31948684103560876,0.5622832578713494,0.36183456794349134,0.313854356398713,0.3078859362295109,-0.01756108512683509,-0.09791312719431257,-0.25424490760578355,-0.08489078482781086,0.1731933529974441,0.19889467030339406,0.00022015454354710253,-0.17335537336966167,0.2171725139244697,0.18430470208635072,0.5119297221810608,0.09439719087728005,0.06731431912887562,-0.11714457130259182,-0.20226992034909363,0.02665172961205203,-0.22071735849155824,0.13166362076377208,-0.17960608059552557,0.013570162045454989,-0.029442278447269293,-0.09072080101841044,0.0054112594746255,-0.1153419978625275,-0.3701524816902746,-0.3651906095995738,-0.3448699409872215,-0.2011058990285496,-0.3608564064053494,-0.4656248308897838,-0.026920072477999647,-0.2791953113201825,-0.03413705067416352,-0.006327894673011659,-0.20987790991152047,-0.18852820395262687,0.15601146393175017,-0.2108284472982293,0.17610580074692211,0.12065109834120175,-0.06640823869538869,-0.2776164207433092,0.35373016612178837,0.04080771190248328,0.11338017476754168,0.0899549545107947,0.09750289873789582,0.2413041309516427,-0.1615857200016884,-0.05352655838531214,-0.06316545681996388,-0.16553718309064147,-0.30232344893594726,-0.20256361989807306,0.04326824849162471,-0.1804971315483683,-0.20081021199596452,-0.1430571930314357,-0.37750164433636785,-0.4666878674248278,0.10158552393797464,0.05936400356279824,0.05334461599891238,0.2236132905750987,0.10629456844952906,0.2503188300740991,0.4370099209251621,0.3443212231039017,0.13953626183720255,-0.04984495076252973,0.42140987814968184,0.15843633944290436,-0.2911031167567369,-0.2668825478874442,-0.2225761077320594,-0.11466358187094954,-0.02306015124873361,-0.15526931810326006,-0.37753069302205045,-0.3000845917085156,-0.38963470537387934,-0.2592659158475551,-0.13726579155760402,-0.14049799935243948,-0.2166786170472337,-0.2784609005242793,-0.31943353394588436,-0.3303063345431895,-0.042478005652572974,-0.11021953089828805,-0.3854005339957986,-0.10043347236170068,-0.23711518556865735,-0.3865964333586737,-0.2309367513911475,-0.1404506614105211,-0.21512235141064165,-0.3347526683905822
0.18698310362778692,0.16395513144752136,0.03231434490107788,0.20545471506094523,0.06357217661837572,0.14647585121015688,0.098293073431003,0.24669143493645285,0.1189735046012252,0.288651028514337,0.5242744926989684,1.0,0.33249307728917615,0.5826262828551038,0.34233895768286476,0.5324246055391533,-0.027118870068566194,0.03573082741890876,-0.2367615224351669,-0.20719411476128996,-0.005289779278478317,-0.02890552557859237,0.061650270982671916,0.3265402509356195,-0.20559948361646335,-0.18677106914700992,-0.0046264725223893865,0.04159550173614217,0.1807300867474949,0.13430565458176147,-0.17611580551077757,-0.09302318245432717,-0.13373780020238257,-0.02559473646052175,-0.2022125544486566,0.024030640728565686,0.062082250169263116,0.04667324295935238,-0.03501434703610831,-0.0887157922598531,0.12131347322972857,0.1987182495208364,-0.4144719770075729,-0.4582157932528892,-0.514043964845088,-0.25284871832067257,-0.35349460631890656,-0.613754753613123,-0.0828183569977935,-0.34745832017930084,0.15092235117437902,0.09981331694504325,0.02522891927129676,0.037294218010114115,0.23898245499342063,-0.16478615754164952,-0.06063039924471207,-0.18466970391920984,0.23322203525554783,-0.33385684381746256,0.44491341600389317,0.3321914819729898,0.01983202472417715,0.08417995599246629,0.07781389238958661,0.41993979924907887,-0.09779498856979817,0.06264190233370494,-0.32557811852432406,-0.19247934659323626,-0.17318990216140245,-0.12795729767107145,-0.062363184057358606,-0.07733728631106582,-0.006171675174653188,0.09714576758846895,-0.14565082485575953,-0.24479171216950285,-0.10828351024873008,-0.19449968358782582,-0.13733452032281238,-0.1057014409527447,-0.06140812012535004,0.1857935778718231,0.1702924877934721,0.25894302876327624,0.0944835417161308,-0.11926698679802038,0.4058893029569245,0.3219105648118904,0.11504166132237202,-0.08546831884337905,0.09952941642147546,-0.03685127748034799,0.017282908870755443,0.05186501540576238,-0.3185225142222482,-0.14870890199062017,-0.22996963478270077,-0.17170263009198405,-0.08286968041381701,-0.15071532179902766,-0.04131910376037223,-0.1297964602303421,-0.013684077333559638,-0.20304342602271824,0.14475070646616803,0.0038466702792661353,0.006713567516090706,0.049260927234473645,-0.2885551734887189,-0.30377114762509144,-0.1949494993889769,-0.12921085942435204,-0.22753727517459646,-0.04135357139212823
0.11246731702152402,-0.06392816969226438,0.2259792499241655,-0.1740146177543342,0.11929442890721137,-0.08323980871916332,0.5161619322160153,0.18342677232997454,0.25673729809002216,0.07182337628710536,0.5944157037842128,0.33249307728917615,1.0,0.475168264089791,0.47893477027155024,0.4193525451324656,0.12063916521419382,0.2177572642883362,-0.10965711047843978,-0.14672796319979692,-0.4616654576736044,-0.4937006287629077,0.052271156848691165,-0.06262927898703022,-0.30036145500823835,-0.5372346624728997,-0.02256999993378151,-0.061354875857092324,0.23809754790072082,0.14012626097234476,-0.11183950582228452,-0.2880909803454083,-0.16036455389061544,0.009624027914551029,-0.1962346238368252,-0.09799263874406734,-0.16169451867478676,-0.0027991491499591557,-0.05113344320540163,-0.1663707813478177,0.033546693992321436,-0.00475506706770017,-0.13206939415925156,-0.2772361631845577,0.01390631657970078,-0.11299416447213015,-0.03140108636890197,-0.200247193175472,0.2053091533252406,-0.09670349464001501,0.05227978930251226,0.09107609232934315,-0.03048892409205585,-0.02584956437847235,0.18506323041322492,-0.2203192186973691,-0.2153108396776193,-0.24571159885670396,0.33058610621908563,-0.08424559880425476,0.3541708270858503,0.11015612754870958,-0.07138512793929082,0.03564433716434328,0.36340315239231014,0.3665292405904121,0.011608795570505636,0.00045527969984021996,-0.3566939270732212,-0.20369936353677154,-0.2864533988290523,0.026031526312790484,0.14798829629590657,0.03149484416822369,-0.08480956871591035,-0.01250833669270074,-0.20292329613963714,-0.12631522782034738,-0.17125898789617963,-0.09004070071617956,-0.3244779463091118,-0.08089340970666319,-0.2207257537316984,-0.17022945655946173,0.10800523806995989,-0.09791822053419103,0.21432223024995636,-0.13154597663546005,0.32535312281061574,0.07899681627340553,-0.06876996956189661,-0.028714383743946338,-0.039327032146082505,0.024169262810776845,-0.12376849755220946,-0.05707540832330588,-0.23447124232848163,-0.0647216490080684,-0.19083723322252585,-0.1844818245866699,0.12103863099607673,0.06528039556523126,0.10723675981948899,0.04825264593805537,-0.0419112785026813,-0.0003196461182575864,-0.016977180236435314,-0.12730163800599661,-0.29324381094000185,-0.0227875401050629,-0.1969305439902569,-0.11718638039916802,-0.249477425761402,0.07136951038629621,-0.04925509443134182,-0.052677315574561664
-0.0006553550732484864,-0.02839378314400286,-0.26783939349287517,-0.31468339617070024,-0.24306454102783903,0.12729145178689255,0.10954730502204443,0.6056399514212546,0.06555354929064225,0.3630634268584405,0.31948684103560876,0.5826262828551038,0.475168264089791,1.0,0.12570559810814977,0.7273388934675518,0.11809427880967961,0.2227016778730176,-0.4125901422400482,-0.3557708117309787,-0.1950213133454236,-0.2306352847849059,-0.3797559981281883,-0.11272285384557873,-0.46715197531494795,-0.3610915515120669,-0.22049221914515432,-0.1360375042612984,0.02797285480326583,0.5158487713477165,-0.4374640476311735,-0.22827935551140205,-0.34621800869821273,-0.18447231772911554,-0.20779150844848834,-0.12391900493997222,0.05039106615538956,0.09155156083584065,-0.0970223495238754,0.02569070315081379,0.044645498014034,0.024371256755856708,-0.24790307194891661,-0.24174759093213785,-0.24296715449706127,0.046735513049531434,-0.12442766781817803,-0.3633987936556088,-0.0053298023857098545,-0.14790326767022616,0.12090850985734827,0.03841153463021871,0.09676937832667118,0.017475329519540023,0.18441398231986872,-0.08485391824659512,-0.06920587373900192,-0.28017013883405945,0.36749278932429913,-0.13927341908792643,0.5757182549760902,0.5939724464320401,0.2943718711177972,0.3117389756250486,0.045137697925189485,0.6694798519643957,-0.17270639869572074,0.16769683715797562,-0.5282957830838523,-0.21042331823666896,-0.28965179939797053,-0.0374225384578242,0.059416419310533174,-0.11555882377968434,-0.10927186154359195,-0.016113743796747796,-0.14388145151017964,-0.20002727267260165,-0.0631341533931104,-0.0702859082048212,-0.06430469262448014,0.025103585112411706,-0.1563156782639857,-0.16765945387513412,0.035735804415299555,-0.003852431890272186,0.1769140128333781,-0.23617344524356682,0.22936727072746338,0.21985247706883418,0.16424257480673055,-0.026438021082470408,0.02424537091879542,-0.2189257237659908,-0.0017222001765707234,-0.08126553025344845,-0.18525711309286833,-0.12767454402354167,-0.10458778015138531,-0.20962286576070363,-0.20872619342784057,-0.2794166466435989,0.004022392819993998,-0.16040597974110707,-0.0037764960593958106,-0.15738236786829843,0.17503561761011197,-0.0405293162238381,-0.07996183854089504,0.07823243613765864,-0.3729025490193408,-0.2680351876823782,-0.1685139859000235,0.05460922908911965,-0.18020680125331678,0.09734164533733712
0.15055188418518622,0.1778811956522607,0.06288728173420147,0.1030090233775425,0.34092071710375665,0.0053090849228233355,0.10600136894470391,-0.14058262223970822,0.483257869132207,0.12600827541554216,0.5622832578713494,0.34233895768286476,0.47893477027155024,0.12570559810814977,1.0,0.3313031733036704,0.1200707606835081,0.10323715452454574,-0.11980078093207587,-0.06700932778442176,-0.11561246342314863,-0.02363490245967293,0.3410955539798174,0.22827269384928964,-0.032089301551936684,-0.13969402443284126,0.18928416048305843,0.14687835556680548,0.41726051276608866,-0.004380957500496922,0.07465328584902808,-0.07884638176924497,0.043930677226047966,0.020862857879970935,-0.3349998545983383,-0.032138802976835155,-0.02352188957192547,0.12799730099002568,0.14397208188736393,0.19691584080816113,0.011203039674438853,0.15138101484498453,0.002975463967845214,-0.11628707205175491,-0.15785543928049367,-0.21018319564950239,-0.008103085412151625,-0.27195455556379217,0.10192706859421757,-0.12035064588908295,0.19286297988789633,0.17003963439186998,0.0945805152407089,0.0026019097587170305,0.1805218014240249,-0.12577696401859867,0.020918366785884282,0.06292277648070844,-0.036526528670881256,-0.3728657242249908,0.13641755341690803,-0.16525468746882607,-0.048312947195730725,-0.1190535259921819,0.15718051114049245,0.0017284502348790388,-0.23078192931128208,-0.28735870508293576,-0.05460366481716025,-0.10186896389487064,-0.08163169179358752,-0.2827151080577462,0.16283260844953126,-0.06490571933885605,-0.022261451344918942,0.16572060962116664,-0.17037436086993232,-0.2526508619724816,0.11954051001266247,0.14774273762586065,0.0674109603168091,0.10742106976712873,0.2645733755696672,0.1998140716973531,0.14339174783354197,0.02862189436460868,0.1134081959380413,-0.002658585404562386,0.2745285332518785,-0.07955900315178495,-0.18823642483264375,-0.17843250888977527,-0.14134035255599953,0.10372374512933412,0.060230507890245186,-0.20513587402161823,-0.08601210210512628,-0.1689116933291602,-0.16338394893607716,-0.17122386697449196,-0.12026080158236355,-0.008345606386552762,-0.20423644904857235,-0.0010559118169741182,-0.1729452647472536,-0.25299970500864727,-0.040196836147027716,-0.14287925016247013,-0.26383620340194686,-0.26862885024372263,-0.17023103503902265,-0.2516458827017844,-0.1095497146073958,-0.08823242618151379,-0.28724428163638593,-0.13184429941971076
-0.015146096715017997,-0.002685646948151554,-0.21024624981511744,-0.19730455792065335,-0.20901799553665368,0.08513223914579171,0.1833621852425104,0.5072794539298953,0.21291957052689364,0.2877529104021757,0.36183456794349134,0.5324246055391533,0.4193525451324656,0.7273388934675518,0.3313031733036704,1.0,0.24012266700824797,0.29967258251514733,-0.3735394415182065,-0.3419283898545389,-0.15013129399002773,-0.054788527768598286,-0.31082203207434594,-0.12386704282057454,-0.4996651060919888,-0.31735120862105604,-0.31274523629973944,-0.16131905516635256,0.21121269467291418,0.5448585488946203,-0.28376571209033596,-0.07025006396880687,-0.04341067744829978,0.0549835678315972,-0.24968084553967762,-0.17700301973502924,0.2573118771855801,0.1429638957410361,-0.07705350802060813,0.07561653008058143,0.24104624146740236,0.2288428074965743,-0.2531880569822939,-0.2783777097014075,-0.24623910282000733,-0.04194510967033577,-0.2431433866306621,-0.5061257585806371,-0.08094347709659472,-0.28135740308489576,0.05525249690621171,-0.057730811586308876,-0.0007027254071644695,-0.13845685755583476,0.08424956212216747,-0.22252422520358772,-0.08052375981110323,-0.25439723496394145,0.19725379863771916,-0.38754799138368073,0.5233589912475146,0.3043924172397385,0.3649484885971637,0.27304826516571495,0.18715573955070033,0.44804246443262946,-0.21407521795506546,0.007001965739544946,-0.39050328404261814,-0.18486622045148987,-0.11810197996345881,-0.20256129169743314,0.3587909348337317,0.09371249678492873,0.08184659872110409,0.0624952292511506,0.03714898750398343,-0.11445091585875085,0.23258506525395325,0.13650163862012835,0.17359600053119,0.20457434159462556,-0.1538404993122199,0.07800354329540123,0.013669149134682349,0.0711124300186755,0.047044043172219906,-0.07596092176210001,0.2548987316807805,0.04881366442072078,0.12901707256567796,-0.046186519288882094,0.11471416719530224,-0.08183156710916277,-0.013802184029830931,-0.03946626728897268,-0.27086930561031425,-0.09795746231342035,-0.1498829042066478,-0.09476107576403422,-0.16704836768598838,-0.273772466300925,-0.013520514042956207,-0.120954750503838,-0.10333010302480738,-0.27841617535153135,-0.03998783935274041,-0.23275650451636032,-0.148505871401672,-0.07547124242155412,-0.4525943222813225,-0.24725535856211417,0.06453779754431606,0.06827466010123497,-0.2494116027485934,-0.00935533674145258
0.4902444379515026,0.44957186901480356,-0.3564740258857658,-0.1513015654245386,-0.09273321669881701,-0.09125894920004211,-0.30472470927086504,0.013720554389663664,0.03746418827541433,0.02743307108519892,0.313854356398713,-0.027118870068566194,0.12063916521419382,0.11809427880967961,0.1200707606835081,0.24012266700824797,1.0,0.7004839668641383,0.19049111907808242,0.030502189882071047,-0.2221094973160161,-0.03205413159805955,-0.20289935012587942,-0.35074483050880906,-0.1691289098893352,-0.1488983739507532,-0.11838499536097116,-0.12886354677933717,0.442339804983073,0.45999787158330413,-0.2697578230934316,-0.24621025520558976,0.15840573908065658,-0.033444952322327054,-0.17147018787970794,-0.23936480330085097,0.026591986503526066,-0.10026018891376234,-0.13233554528454297,-0.05884745239875557,-0.048168130193791736,-0.40070716159960895,-0.30470904434609636,-0.04838454987826138,0.04910848946797283,0.07291928992519987,-0.1334076835180795,-0.10420065657129662,-0.24312937816138067,0.17020864143977163,-0.40369187512509064,-0.2437906029844303,-0.42407350701718305,-0.2748946033029559,-0.22691077966231563,-0.12124633196830482,0.5244698029926698,0.38619174055349853,-0.28067040503819146,-0.058665973750479335,0.2632847672276948,0.14276067766919048,0.5910836729894798,0.5630129184664436,-0.07671205386592372,-0.03533775360551359,-0.09629713791517591,-0.19408363237744375,0.1823389000362677,-0.03945892581190278,-0.0557417010357897,-0.21376030077804345,0.34121765940775567,-0.3377571582413556,-0.3237902070128649,-0.2615732474786981,-0.21808871475204092,-0.4215326382725668,0.5288338477069202,0.4021347353578741,0.6169902543857776,0.6718109665732199,0.01922100282219075,0.23024211238199016,0.34582296332071116,0.28533133362709945,-0.11296024462483506,-0.17390695470000567,0.013262058600493514,-0.11694158447221202,-0.4080812682991906,-0.3562642459370798,-0.27866408405802473,-0.27236726711436154,-0.0968651272288263,-0.3126251420424801,-0.13297130431189136,-0.18394347468880604,-0.21424598497998348,-0.16668910902882708,-0.011883501302619358,-0.3615520836612849,-0.0637408543671382,-0.2757379123064469,-0.2811899543158006,-0.505562577595153,-0.27568260984228626,-0.09237013235437976,-0.14993603997132596,-0.17112004133222672,-0.277938492742026,-0.21874565647179034,0.09148300941349981,-0.00044111169718739055,-0.22524164487583567,-0.3413759011650918
