1.0,0.7392363897641566,-0.02318138552112548,-0.37132666531232283,-0.13763308674988436,-0.29572288801383256,-0.15493193471361028,-0.26692767878347784,-0.2783386419741225,-0.14571070668005098,-0.275414185786341,-0.11299915804144098,-0.14748623581320844,-0.07856110728863586,-0.4251349328512714,-0.4519184992146858,0.1952683681366843,0.21162203821530112,0.5070315025098742,0.6541310421135484,-0.23611262712648926,-0.3474938286398659,-0.2848179534072693,-0.5448322223888119,-0.28720141492003376,-0.34471139691883596,-0.22889634516417715,-0.17668538293452044,-0.23346388872682342,-0.055244128102132986,-0.5122929120855289,-0.5804157562895345,0.3634597612057202,-0.014484764296518331,0.05371269391217351,-0.07409706284225195,-0.23005688322563542,0.06460070729062373,-0.09050872938775177,-0.18947405217956717,0.39048280382617345,-0.23402661960331064,-0.2965667641802944,-0.2860502854440948,-0.041089159022711465,-0.03357617884027483,-0.33505498424160884,-0.1842767600708122,-0.18125600046686163,-0.15189882007872366,4.337792344022265e-05,-0.15886408338055516,0.024424499172783738,0.024869193507091377,-0.11772430414945342,-0.21800296671719582,0.7172892502393101,0.6304702974916592,0.3011842558021835,0.21276866113342338,0.20085522372479092,0.24851136476147204,0.12615532336775503,0.4329811095131694,-0.43265880790779,-0.0878242389707685,0.20278963672185082,-0.189541980586181,0.6143582750316606,0.5494796589368642,-0.08209634797397347,0.028301760878384166,-0.08216496379136737,0.0002021729058807745,-0.032520286436865095,-0.02343112066283052,-0.023246760820702688,0.022338138743185566,0.22849764349605375,0.2835211831626678,0.1857447703403678,0.11887636342443293,-0.3803767516278986,-0.46608206760198834,-0.2282585239725144,-0.3874892538676616,-0.08338876120027629,-0.3937135929850612,0.002519392574233242,0.378454563440529,-0.31496756466986975,-0.21745465544112202,-0.28847991088365144,-0.07199187078120502,-0.07158563148429758,0.16951442203506656,-0.048557661190102686,0.14003832698704277,0.15330977945817917,0.20835774115058595,0.10095209405058894,0.2151047152711653,0.12049734611301048,0.34277394436627084,0.41012489144217296,0.32942407203919716,0.30406511313654316,0.3984932788602481,0.328774208720388,0.03643498812684323,-0.1490589249993943,0.15545759213298888,-0.04899138100720344,-0.2232637097843129,0.16890089345523276,0.3244701331716152
0.7392363897641566,1.0,-0.2627164192731615,-0.11632499438674955,-0.22404690903134597,-0.44965677598097753,-0.31192130781703026,-0.4898222475738712,-0.2531942782386179,-0.37711081959523396,-0.2764371065049287,-0.0570412636201873,-0.16056436616989375,-0.1982006485200876,-0.31430628031294366,-0.40192348943842854,0.3666054297427326,0.5052368396015576,0.4766475698005617,0.7335562976567636,-0.10216350816870905,-0.3700014100181844,-0.28479305750193135,-0.5623212596931778,-0.2747793618019347,-0.3736207337978238,-0.2735361964784194,-0.3257188239701331,-0.04356855955784958,0.15931890839042806,-0.40786814321205767,-0.5550719246282719,0.5438291978528933,-0.10919523721558834,-0.12258660575917053,-0.2652553999445124,-0.07366209088221107,0.11338519702130515,-0.12548710477606692,-0.046702519175905864,0.3510648736565734,-0.10207081887401505,-0.17863607592944944,-0.13064548387398212,0.09652515858239849,-0.04139614436888956,-0.18328470021757942,-0.04390589708976303,-0.23060335399917406,0.01633247853986838,0.08156420629646563,-0.06820093211471742,0.029463019267465796,0.12020156983495958,-0.09802681434935501,-0.08297701722874193,0.7820310295894509,0.8687078747214392,-0.10032870728548579,0.1407318334279589,-0.02780274501291065,0.025500462208644242,0.11204805943376646,0.4888046879640452,-0.40129373566699256,-0.4472687718521208,-0.06595340810637904,-0.4160226139480021,0.7491485207207146,0.6656733019111548,-0.18303595783802645,-0.18582886091436387,0.023712099572553318,-0.09118698468077277,-0.25281498547133674,-0.21383149579165722,-0.054542191300607834,0.07333996599030485,0.4396132702496551,0.36868316678661317,0.3818689933786045,0.2921737681941128,-0.18104822812335106,-0.16426662997428995,-0.13626676950092262,-0.22123304283253642,-0.03540920930380763,-0.24725841757007117,-0.057010624876546574,0.07966520815344266,-0.3826321243951663,-0.4250992025508697,-0.46443679271776905,-0.28280264802229726,-0.030926741364237887,0.07260660567072115,-0.08973012358985627,0.15621096760955316,0.37717228649939843,0.24341718371743384,0.24958585212345027,0.0479233835647265,0.16477818202354225,0.07535223299984108,0.33631973444068586,0.1973341789482195,0.3461210727566853,0.40907145589101146,0.2631626049033308,0.12830746728849154,-0.26042064761523204,0.24619858517615806,-0.020416143629787935,-0.290665549869036,0.11409251010552515,0.3553841132385172
-0.02318138552112548,-0.2627164192731615,1.0,-0.2899482099465865,0.3456363133736139,0.3629857879773969,0.49849538597630444,0.3632596734112066,0.2590531727358198,0.23366179076996885,-0.12132978476807026,-0.16057331842324485,0.17825777238098264,0.1092157252784089,0.20123108718759197,-0.13631554793106168,-0.2993000724644216,-0.482775409159351,-0.13640563555993834,-0.38070427390877903,-7.465042341353274e-05,0.021397853132317856,0.32651405882769086,0.03018244572035088,0.3440365926860032,0.2658290518386087,0.2950772470718269,0.35648318115545663,-0.2943290930108068,-0.26935190040488666,0.042615828654046874,-0.03788324284322297,-0.19466674160950156,0.2032149200713373,0.32730851100824626,0.2608132103154294,-0.19089311706941195,-0.13899287536337718,0.2330987375198939,-0.04727080789185816,-0.09785752136526765,-0.30609733627629915,-0.27938202513939364,-0.3357903493167516,-0.39645054369980737,-0.26907533600820877,-0.40157679524872614,-0.2821575470876283,0.46238933845251246,-0.27900022067689356,-0.22788217051163281,-0.01628709116955328,0.19623981467675064,-0.18405763201964973,0.31346168160696664,-0.3358722293096799,-0.1647364701712479,-0.2521042526137863,0.5378718860495747,0.07233342498561017,0.27888301729587966,0.17832645470657335,-0.08130281722189163,-0.10471968509298447,0.04377240012523681,0.3743867487712178,0.4236276396284952,0.39995114283857996,-0.2429695792516693,-0.19866313788194917,0.03658948851991745,0.15478876095106398,-0.17814050654504654,-0.03377905154640665,0.039424915705422774,0.07832545017947178,-0.013454690497562736,-0.10055496236258644,-0.27792846391038345,-0.2129311476545401,-0.4077357700782354,-0.25652189737142234,-0.18460005549680136,-0.3582815016141775,-0.23075539694124242,-0.2604413093777755,-0.15519181493417167,-0.1394690437550771,0.16345117477384782,0.3976312919606695,-0.07976277031903954,0.3854876436923195,0.12822844910721745,0.4483321018498846,0.052241042845753524,-0.12592548275452894,0.2637331427057381,0.0035615105855888525,-0.41337082604616593,-0.29624114595695833,-0.37622673179770616,0.4135133523531484,-0.10353860729406004,0.3722494936678747,-0.07811958992416886,-0.07821464473387908,0.010139587560746071,-0.14443877886825202,0.06628708873628726,-0.055387420038797146,0.34899020623257465,-0.10878246664881515,-0.1386361757599662,-0.16095595849770408,-0.15799112775197358,-0.0758630532659625
-0.37132666531232283,-0.11632499438674955,-0.2899482099465865,1.0,-0.2672986315194797,-0.02254099204226639,-0.21500927152301813,0.0058308458091326015,-0.018134310036513092,-0.17808048227076462,0.2584518131742491,0.29834489324407626,-0.07466632517067809,-0.08621530194354957,0.23233205829414905,0.33033878046649495,0.10646344212211271,0.16365577177846632,-0.1141715268719256,-0.12720686823250296,-0.01767439613774324,-0.11379963980286074,0.34230015439524303,0.6500594660221108,-0.15548907667089343,-0.13403635600932068,0.04975496330832672,-0.14253052093594812,0.009795165328633384,-0.04028681783467256,0.2716142370049978,0.2437644603376167,-0.08510354268722521,-0.07012464234090125,-0.19484477831677294,-0.03113856028678056,0.005481967612091648,0.024071384774498505,-0.22499796257278748,-0.16312140108584453,0.13734866420916594,0.07183774334286999,-0.016003508982411242,-0.0008275671917806352,0.004710034951528061,-0.14789643594082855,0.05952863479028406,-0.09847196399760283,-0.14126416921631016,0.10640293484466204,0.49006431063480554,0.4079427533058429,-0.12115386240806542,0.3749486408502398,-0.04826287000813382,-0.0632928207873038,-0.17467060857609262,-0.05790496228259085,-0.486012262921957,-0.28903637627768003,-0.22944335346103478,-0.34316318612818164,-0.004730862053950167,-0.10038982205260599,0.6007099079311159,-0.11824155634774854,-0.5506758122078139,-0.23978111414231196,-0.010546831730106235,-0.232084924829038,-0.16413780240156542,-0.17640902919528606,-0.12219031565581331,0.1680591250909011,-0.0006417535602196249,0.09118287760408501,-0.01954006034215568,0.08697233443283173,-0.12352046837729491,0.06692581200780146,-0.038512009737490624,-0.10416655043439595,0.4188188789180926,0.29004188609724696,0.38962183561399594,0.4949599701793704,0.23330449142799162,0.3059529309606007,0.08321948967065643,-0.16150320363917267,0.1584357136240628,-0.10657349654946241,0.17772399404798223,-0.004024789145673854,-0.05627614230525292,0.06449281153415773,-0.36126035965075265,-0.19468673393815192,0.03364173680490734,-0.08033934962823897,-0.08240656076272022,-0.22859190631345797,-0.17482503287251747,-0.3272764931612262,-0.0237867834203465,-0.01609308672038096,-0.014347795807242934,0.06479980976194737,-0.2948150564311194,0.12659473244817984,-0.25524049143331595,0.07639314935040965,-0.2434487990811756,0.3168156135679175,-0.002527110332048133,0.006504899331030619
-0.13763308674988436,-0.22404690903134597,0.3456363133736139,-0.2672986315194797,1.0,0.3706211052340453,0.43587945480714235,0.34123039673261274,0.48231459067695376,0.4546821540349094,0.12105859799762052,-0.10336857620715433,0.20520017721638253,0.2307107063744034,0.45618084481394205,0.21722647058861586,0.04433963696594548,-0.32713675182362084,-0.16399943994654295,-0.17364357777623904,-0.18602899904173484,-0.0008809874614234492,-0.003329749080564032,0.012480239008306524,0.15555839776479294,-0.0008321427841966223,-0.004455377243989474,-0.050590698237005946,0.25937188735794336,0.21101114009431296,0.10058161410636836,0.07663542975252091,-0.24804130813051564,0.1283977087334064,0.056092205572858746,-0.05445822234276728,0.17534992732131946,-0.09833084571169744,0.1436786544720234,0.07810070342238025,-0.12312114187242093,0.1397442618180251,0.0662912162644672,0.04554290442409329,-0.19011230901197787,-0.13377390540308376,-0.019594378681119837,0.09530914854182668,0.01721880271156235,-0.15754462198587924,-0.4178148626605322,-0.31684679839204816,0.15990245536750378,-0.08770274083687224,0.11509012097574006,-0.030248718240944796,-0.27568622521038877,-0.3133015750224282,0.3505795901198073,-0.031519989438753324,0.22209141008095867,0.29128450493255703,-0.05696976241399603,-0.04914823769637622,-0.16938407753991216,0.16307303350364133,0.12207815298124201,-0.05956199404464287,-0.23636426635120253,-0.21263986716404676,0.11183204527196514,0.03814329893919293,0.2961619475326636,0.13653282519620796,0.2524862060173438,0.03063867203029688,0.15271329825673524,0.053334662479018545,-0.1583309193148701,-0.051368578645574606,-0.15430144789701902,-0.1077825254847176,0.17191294019304776,0.15830319070656015,-0.13390382966393932,-0.24834706328953665,-0.21325160009021443,-0.15033067821103757,-0.10531327543511898,0.05062839428644737,0.2707308999978198,0.43383036391031865,0.09069951587306124,0.1342391524098703,-0.16734336988981713,-0.342982042135253,0.03045567631031491,-0.1006002505845274,-0.09881847380797526,-0.017518121147548804,-0.0617922021387414,0.0480482697459098,-0.2223721104061612,-0.24972951093461568,-0.2412203767776757,-0.1701980463933131,-0.24309676304825742,-0.26603413449473723,-0.04875295060721173,-0.22232217600332493,0.05567040729689978,-0.2091252860141803,-0.06118326216487965,-0.12535600131607352,-0.150818457129614,-0.17857238310927592
-0.29572288801383256,-0.44965677598097753,0.3629857879773969,-0.02254099204226639,0.3706211052340453,1.0,0.2190073741353626,0.47815908110548144,0.35205342986150023,0.48736615800273786,0.12952931998342704,0.1430747048357891,0.1366938490450732,0.3107660732450526,0.3724243100837229,0.4195995866905596,-0.18474356723076407,-0.36794549221577094,-0.3972698431763,-0.5364998099686016,0.048199399483787965,0.29799021134461,0.17121770347233475,0.2398894942973086,0.17897274555032694,0.28253118167502395,0.33476522457438324,0.3475087852013196,-0.04992211571373546,-0.06409807441328588,0.03839554641508839,0.11072873742903389,-0.410559330027022,-0.02933729030120625,0.07957408707091325,0.09948581984538048,0.2376765321583942,-0.18490146058588494,0.2178915681946114,0.2605829376719961,-0.14499171903402444,0.02337168573094843,-0.053063697349728,-0.1532321323371038,-0.4356723922756001,-0.2822815483742288,-0.15414483783232324,-0.12781158601456055,0.322596602939491,-0.2828749903022209,-0.09179763570792006,0.07587870873535339,0.13440459553519649,-0.19025101129970787,0.10516195948800981,-0.11408204986756584,-0.3651768641225145,-0.49500484637423964,0.13220817764398332,-0.048158640959809144,0.019293313275985755,0.10303721557826216,-0.04349604927980925,-0.3124942293516438,-0.01594208039677139,0.4216554648795715,0.13447872009471673,0.3445808826910139,-0.3661583722710296,-0.3003982102691701,0.2585593823969774,0.39252084311547636,-0.04104171924122819,0.08660131941403192,0.1571457680330055,0.23237798568454257,0.03970579776254932,-0.05743277205103669,-0.31387945922795485,-0.26312473340120374,-0.16869633137549614,-0.044517644481289934,0.17787804933000467,0.11745819791967761,-0.043171846290923827,0.109934819642937,-0.1771086107296481,0.07100056277512086,-0.10767666975441616,0.05492349328183736,0.24537141569722243,0.24908454167698757,0.3396177072484163,0.09047515488625868,0.026479161762605837,-0.1898549848070582,0.09269264308497142,-0.01041727407882529,-0.3163087218639839,-0.17001253787887557,-0.11325163068955559,-0.02911456292268844,-0.04782494838789022,-0.0704610858638313,-0.2617058422125915,-0.24373444818172013,-0.38369034556870124,-0.15146003891993215,-0.12036590908463078,-0.14079002766230586,0.18311939430228663,-0.21685190047195563,-0.04490512476012335,0.024471510415696174,-0.1349498658832578,-0.3830763492770695
-0.15493193471361028,-0.31192130781703026,0.49849538597630444,-0.21500927152301813,0.43587945480714235,0.2190073741353626,1.0,0.6710275292847296,0.6345572442085989,0.5113207019729903,0.2686924760150312,0.320117325809528,0.6304630967124716,0.5805063182766231,0.3577843865521979,0.1832176042627418,-0.11184630221451422,-0.4518877348865737,-0.2806302150138362,-0.34875378436476506,-0.24334944757476268,-0.09823821435316642,-0.19770176731123923,0.022569284981730692,-0.17903173300773986,-0.14945277806673868,-0.32941866179396423,-0.21309362078648852,0.10683219590855883,0.11792759751322576,-0.07645175079063256,-0.09974564077539107,-0.3923300041397894,0.13607827069918363,-0.0606150691210937,-0.11637958719560255,-0.20624332949006097,-0.18997610842520193,-0.052354556127565816,-0.28241506647925535,0.04858337532461428,-0.11368389849465603,-0.298879834858441,-0.2202746981612904,-0.3557824914797783,-0.3989955330709226,-0.2384326529032244,-0.255447418432662,0.16757137032729244,-0.22120850825830068,-0.2886786632305678,-0.10552919606876814,0.188983743310974,-0.03690137315758779,0.04354555850702164,-0.2489598818176206,-0.36837385651688304,-0.42923338965783236,0.4331497589994368,0.14560520506762076,0.6006142517082362,0.5463630164929544,0.0996035123898228,0.07974779607400707,0.07640386506469699,0.4583709446262713,0.2957727403592399,0.03036546314999628,-0.4602837680951971,-0.378515022750854,0.16236682136993644,0.13302313765940663,0.2713544169010268,0.2864434895880985,0.2761188034072183,0.15050653301265346,0.40696810621464014,0.17422602251121755,-0.14785583582711162,-0.19874711089102343,-0.24017878412693128,-0.19562070515029814,-0.06230784837973967,0.026966622723986162,-0.20630472099321867,-0.23327708268231476,-0.5211984285773117,-0.34556656683206394,-0.012915806208877358,0.1777959956425907,0.46848091176951784,0.3922193818425802,0.4627434633066364,0.34456496408614495,-0.30921448913619126,-0.05980885884161919,-0.2573713589891956,-0.23821296342928758,-0.28441096853452275,-0.2381635404015695,-0.13370574258213072,0.2662446348611011,-0.00527861873583344,0.18138890655983606,-0.02732428260755517,-0.011326310425246485,-0.08277605587507991,-0.06870091158468068,-0.12006710024528126,-0.4928424477858226,-0.19801580301473432,-0.13886712592820097,-0.06152579059440091,-0.17527386110401177,-0.1352784018911524,-0.08558260227173284
-0.26692767878347784,-0.4898222475738712,0.3632596734112066,0.0058308458091326015,0.34123039673261274,0.47815908110548144,0.6710275292847296,1.0,0.5017919004392879,0.7263779338124178,0.16336726232105542,0.28474580265891636,0.3325359578919883,0.6369186807533906,0.27382308464424737,0.32056301669332216,-0.17245606429217952,-0.5481436088512688,-0.3373275598893599,-0.43959005525286476,-0.14594943550929218,0.05459302886752622,-0.2466887327171918,0.14907238050433355,-0.20963172059342888,-0.05068392013592013,-0.24836104137414064,-0.1009087623700698,-0.07980264044913955,-0.07975625184356462,-0.13438079512858875,0.015401460273330869,-0.5909674684324354,-0.01843740772238978,-0.13157003048239987,-0.0034973493131882716,-0.11722359946488563,-0.306848105396778,-0.14777533245690697,-0.11905007184366315,-0.07223558846175791,-0.07134347074358914,-0.25386973605616,-0.2843322756569878,-0.3846932317015414,-0.3275125459955046,-0.2154454886389477,-0.24515421879210245,0.1572678341930123,-0.2073751236705971,-0.2355633285497033,-0.029420696921294943,0.13004174722557027,-0.16105252880541487,-0.007971958062988194,-0.32082683432373216,-0.35689881594819595,-0.5279851156472691,0.35623490786842565,0.13243463939118053,0.5329550501426585,0.6463442611535257,0.12000421715808314,-0.05040851629053571,0.2924762127359528,0.7499924278351391,0.2932352588574639,0.2453616864545928,-0.5788958687493934,-0.43531435618605363,-0.005052658933555105,0.17579831744270163,0.03348498868436068,0.2902315815238253,0.2503914337531008,0.22253504382892295,0.21667578888480352,0.05180807855820624,-0.3043864087294224,-0.3200065695239146,-0.3130447967144944,-0.29913602062445394,-0.09533886355603233,0.11524819689357597,-0.16998965089712528,0.041800678614163096,-0.4019749795531141,-0.19654710439019796,-0.05755412779422947,0.15791436321474792,0.5734136069055225,0.4105959379617971,0.6816971966361242,0.21620333948720993,-0.17269953682227318,0.04969826385911558,-0.23692169141961775,-0.16441659078039736,-0.29561913794421524,-0.20336414805807357,-0.10740132132230994,0.2918189768792842,-0.03577908789086032,0.10634290345941096,-0.08861600444694889,-0.06620185322112009,-0.10370977613031249,-0.10512180499907482,-0.19734253567238932,-0.35209374520080217,-0.12096608151720355,-0.0018991969067062955,-0.004588270297760898,-0.04949547892104645,-0.126415466941029,-0.20915029737026666
-0.2783386419741225,-0.2531942782386179,0.2590531727358198,-0.018134310036513092,0.48231459067695376,0.35205342986150023,0.6345572442085989,0.5017919004392879,1.0,0.5921627742314473,0.2925784094226456,0.20664364954974543,0.46883193510831755,0.41417906400820653,0.4776379082673446,0.3742171142873186,-0.13859032250426076,-0.3873650784222938,-0.4572267190773908,-0.4500605603801863,-0.127522229156971,0.14707853040554372,-0.1471866350712069,0.12010352268132271,-0.07588007743990771,-0.010083105448153879,-0.20432392084462944,-0.05553957662701348,0.14162054204143235,0.1019416385437234,-0.081947380208091,0.003230877498682126,-0.5408573519447504,-0.07536085075788253,-0.15670581832667901,-0.2144299943107721,0.09483872761019495,-0.32044284555386815,-0.058742179318069604,0.057447280978890784,-0.11601496805613994,-0.17505744221332079,0.02081664862928944,0.04128599804844356,-0.27148465987126147,-0.3861602517230102,0.04898927738991314,0.061046805395202866,0.17317375845480215,-0.047467317987331864,-0.19986664101300802,-0.013575291095453313,0.1914939145919856,-0.01178319091006238,-0.027537418934893865,-0.05216994866759981,-0.32575133387752814,-0.336971239596532,0.1772641947778479,0.02746792874125919,0.2744116803067476,0.35566228008817213,-0.05229283159689218,-0.12520340868086108,0.04490437212033623,0.2920583441018798,0.11950747459645908,-0.08978640879230587,-0.24815395183278724,-0.25581149274908094,0.10597550899765118,0.15173563536769077,0.07322994612537861,0.05011381386722808,0.0489977099554272,0.07812543283520616,0.2166585698471203,0.17335739041075846,-0.08889223842688874,-0.12787833648164532,-0.08174118550176045,-0.02443058605647171,0.12871717087581236,0.2594724776993334,-0.09722500928622464,-0.0808790285402596,-0.28666724053676723,-0.0674120699442721,-0.2636315247785741,-0.05381308827495616,0.41710649565449576,0.2776206014056225,0.4298356989868701,0.11240160742283137,-0.1429224148785727,-0.2092161015104506,-0.2000032497763439,-0.09097713143584493,-0.2387465006781233,-0.06481404736666845,0.04682682291036067,0.07257716872200284,0.0016178885292281006,-0.12185772087042318,-0.30224149626769564,-0.3303569183423909,-0.27571685933228524,-0.2718832568624247,-0.11936887720468917,-0.1949424140806653,-0.11447204519319569,0.03773234051398861,-0.07400033583862796,0.060321283677461604,-0.042233090155714616,-0.25534995093926527
-0.14571070668005098,-0.37711081959523396,0.23366179076996885,-0.17808048227076462,0.4546821540349094,0.48736615800273786,0.5113207019729903,0.7263779338124178,0.5921627742314473,1.0,0.10661801480982346,0.08932027410057508,0.36487276324767426,0.5573499571935021,0.33440760805208,0.3168904810393454,-0.18785497739571874,-0.48792159819522324,-0.3961246201030789,-0.3439279111782674,-0.18790204449397535,0.16494800525672845,-0.2425911007867052,0.07622949170916359,-0.19018183951374054,-0.08035193035223688,-0.28724393462502296,-0.059643291400509266,-0.05337660006026123,-0.12923288388821508,-0.35601052833200986,-0.1068250666169897,-0.5252760952857888,-0.07079890156615216,-0.07924980571461214,0.012927065239220012,0.0023169507763311933,-0.26114369050066316,-0.1300809189347415,-0.04383468884811937,-0.1647739243683071,-0.059922317893399635,-0.1832581063392156,-0.17778188438530185,-0.3765660602461251,-0.25611351799346854,-0.16537504900252015,-0.1373627101265007,0.05913798721917201,-0.18565779255526882,-0.3317639560458427,-0.14855495756412207,0.23228992565525317,-0.2035398872444359,0.10934670022432758,-0.26954628660459523,-0.23589721428579957,-0.4280659190748029,0.4897450163763635,0.07095904376071431,0.3576551099810987,0.5456789365377949,-0.01201110891548304,-0.14016524541906933,0.0005430535143523846,0.6964545160338214,0.25318183070248806,0.16736740711950152,-0.3516277107179903,-0.3155242767356097,0.17571894343715908,0.31749997649300243,0.03208036677288908,0.30058749466228135,0.2823836507798555,0.20879739247577672,0.2513288761827025,0.07901515908336762,-0.1599217302016377,-0.2360607240226045,-0.19891553098073975,-0.1612040798943373,-0.08222950787554205,0.01817113661349111,-0.046123203469231176,-0.03358403405905596,-0.227172869265448,-0.232587743194733,-0.10105044782087497,0.14318371513530034,0.49391218663334974,0.47820507458319467,0.6171944867183891,0.25135098930422356,-0.12139504998207001,0.029472890693446364,-0.12369612882975685,-0.02379599726718089,-0.22845967217106808,0.061719656830824664,-0.005849151487962269,0.20634010728049768,-0.03841847641760331,0.12648371155229116,-0.1493623735699105,-0.1162364396770354,-0.22139050852359715,-0.22452670601412034,-0.22518761015156308,-0.29983726394773436,-0.03563503507918767,0.08663622844054264,0.06460830132899574,0.0009293092432512714,-0.061117728412333906,-0.18111860692120121
-0.275414185786341,-0.2764371065049287,-0.12132978476807026,0.2584518131742491,0.12105859799762052,0.12952931998342704,0.2686924760150312,0.16336726232105542,0.2925784094226456,0.10661801480982346,1.0,0.6996481088376849,0.5415863867705708,0.38028576697699445,0.5276850455432432,0.5378586568658081,0.3190580695199518,0.04409080145692279,-0.16056209472844474,-0.16723277750440368,-0.17847265275082078,-0.0989806869294081,0.02491754964544981,0.41399111055124244,-0.33265507039708136,-0.29202296998557903,-0.11079481183608561,-0.32136605907472804,0.518188153596692,0.2989982740661411,0.22305293966434953,0.09655205768768411,-0.2177464743653925,-0.02335354464524953,0.041838938653508205,-0.06376422944739464,0.18250597624614237,-0.09785571000953314,-0.09017113159491957,-0.2528994496504278,0.066107247564584,0.25503056143991676,-0.23648375405660374,-0.17292754187099274,-0.266650234488355,-0.3633801809695606,-0.07487045169527864,-0.3039475917227582,-0.1538797382299935,-0.24522084361639837,0.10018273029206583,0.02012101736679395,0.047651888237974074,0.13959473883371556,-0.12411929375063842,-0.23318993454786902,-0.35473767972612075,-0.3210014285472356,-0.18189181971520077,-0.26878869962541063,0.21714362761959816,0.020832869957998035,0.25835795631620606,0.1024020320343847,0.23173093701762484,-0.012865699971375832,-0.26730632310428015,-0.23095162537006697,-0.27064776654030176,-0.2832618772688387,0.18135473863789567,-0.020048438777403192,0.2415013333330912,0.25935077139605756,0.3930845732685925,0.30927581991319386,0.36552153708062557,0.18345334539887495,-0.05961324583390722,0.15757917511730962,0.15283165343077776,0.1506487143592424,0.5048951098754356,0.4805077790959622,0.2972246880401087,0.32927703496787364,-0.1643448228996089,0.08775044022453957,-0.34819223188854254,-0.25848694536495137,0.3816315782542673,0.24956975722372965,0.3680819341782435,0.29268862589009303,-0.31270012356914323,-0.18184172897456083,-0.521053953548596,-0.35923408844044,-0.09657891169227302,-0.3429409605981221,0.06843261770122878,-0.02031733851112544,0.008085970496339754,-0.18133507239917243,-0.13811414133580546,-0.05992894204804244,-0.26948902185811496,-0.1735762727865913,-0.4090787457176598,-0.45549902368178163,-0.36083440690003094,-0.3405602858954869,-0.1453137683076453,0.018041521188421103,-0.22096754172515068,-0.22065228530444056
-0.11299915804144098,-0.0570412636201873,-0.16057331842324485,0.29834489324407626,-0.10336857620715433,0.1430747048357891,0.320117325809528,0.28474580265891636,0.20664364954974543,0.08932027410057508,0.6996481088376849,1.0,0.44538267043997704,0.6264881024457866,0.2866768657580843,0.6328538891739575,0.3164370441301057,0.15884448567007775,-0.05037342007514599,-0.018367834140271485,-0.24304652913316996,-0.3037961596733795,-0.2136918431600679,0.22449608510980923,-0.5892111125474995,-0.48088553208207424,-0.3649439633648846,-0.5598654788782286,0.3246454395801903,0.3933694644162368,-0.005775253634297949,-0.16954316253418708,-0.12515966034801793,-0.08249619020004975,-0.16604120884975557,-0.27312565136484074,0.05650679375787721,0.03263303418825586,-0.2188949293833801,-0.27474018518287846,0.41631004422935924,0.1590785488495566,-0.36010047404095674,-0.2982777045495782,-0.35055426234188475,-0.5237303064180481,-0.1448825372911828,-0.4651718783315287,-0.14250960832874776,-0.24929631666200988,0.17317282377464266,0.075640113583015,0.01170618874430995,0.1675521516172944,-0.20405129407303219,-0.29365660905054675,-0.22311202054669624,-0.22908792728784258,-0.25293207474181884,-0.1586157697094487,0.3334564570273224,0.19941538854023913,0.4184479417380584,0.327622112731327,0.20394633126605702,0.06825922333465892,-0.24773873278551303,-0.38770211956113143,-0.15493513564698827,-0.259325062610861,0.07443668793408519,0.0076529551263676155,0.3273133681166481,0.3464553722466215,0.3920930120496376,0.3242803020470448,0.4810932563302298,0.24244832931837815,0.13862232944327604,0.2829222542403242,0.3362122690845295,0.2571005829763092,0.32775885695667006,0.48215090830544144,0.08759809368180209,0.312816498800899,-0.29523560681982686,-0.06301737541959684,-0.36496596291601713,-0.19827519384089282,0.41268184262498236,-0.07942148453314064,0.4153654189996982,0.07490962070833772,-0.3506214681918024,0.17291187372327252,-0.6498907387360886,-0.336956655452693,0.0005268377305219875,-0.28634366192028443,0.1442127351632483,-0.0734923599767866,0.05665355469853821,-0.10815646203628448,0.16153940454999524,0.12104670357951904,-0.07980956017773665,0.07120517198623261,-0.2922895322743189,-0.3946369941333248,-0.5521602812519255,-0.19301808670332044,-0.1304037215669232,0.025863366437062125,0.026433510328468055,-0.015941406195132915
-0.14748623581320844,-0.16056436616989375,0.17825777238098264,-0.07466632517067809,0.20520017721638253,0.1366938490450732,0.6304630967124716,0.3325359578919883,0.46883193510831755,0.36487276324767426,0.5415863867705708,0.44538267043997704,1.0,0.5635502824099646,0.4945943288230055,0.2562295291269198,0.11413309061179924,-0.17253036989370255,-0.2546747101162651,-0.20481055341603008,-0.26106926225319177,-0.09874103658618615,-0.18383906816455567,0.004336248116239683,-0.38191620829598155,-0.325500107641666,-0.337346098063788,-0.3508131789321209,0.3655625622233677,0.2513016180215848,-0.14255356783378276,-0.26220403682043053,-0.2000696098227365,0.12677361244141355,0.04161170001537464,0.05597848665516379,0.06321905040831137,-0.16882083846891985,0.03781922060768789,-0.22084405644174993,0.09697168928307437,0.0716647613852706,-0.41101770418280764,-0.2937154755826887,-0.49361177635176384,-0.4957921801228566,-0.2656844395921782,-0.4031205714530278,0.04240169143148173,-0.23177533032959383,-0.2343858050060486,-0.09011228872522652,0.3802075195912835,-0.15053934070354189,0.2023588623640815,-0.4319096532677469,-0.2927748155678944,-0.2071719094812119,0.22882227362901553,0.11710653440947368,0.5381954582750773,0.39189123594159747,0.2175244971903478,0.2317264860643619,-0.04011763207919461,0.22699909322582237,0.1854989052753838,-0.08578142228790059,-0.3207835176978723,-0.295045303741742,0.25413673788834834,0.016492120338909785,0.31982849587591516,0.31566886231636054,0.26237350389044956,0.24400705228591257,0.38633808891685545,0.28216728857288065,-0.053758422690412366,0.01436455019275278,0.0673346344761627,0.03611680711698259,0.15715770019441122,0.16459325488928975,0.04211743196752461,-0.0533224518661753,-0.4071692305663679,-0.16595452081863035,-0.032618063065163086,0.12471316736255454,0.33761870759531387,0.3020531522112055,0.27756893185381665,0.2996394243421847,-0.29630258570328794,-0.0675504233924431,-0.3049447217717484,-0.22290151798156338,-0.09969719184630015,-0.3467102567663518,-0.13849784208722607,0.29400890892340076,0.1474160688145783,0.08381451802026911,-0.1207297405087912,-0.14838230993989443,-0.23219433760180241,-0.1301770770671188,-0.2869704773694144,-0.48872842853322523,-0.3011290149509927,-0.2780713884134827,-0.12825933961572583,-0.24092150144224017,-0.2132149343965233,-0.17567186802119958
-0.07856110728863586,-0.1982006485200876,0.1092157252784089,-0.08621530194354957,0.2307107063744034,0.3107660732450526,0.5805063182766231,0.6369186807533906,0.41417906400820653,0.5573499571935021,0.38028576697699445,0.6264881024457866,0.5635502824099646,1.0,0.3429217436941364,0.5031576830054219,0.16518365982529895,-0.1322225284825064,-0.19891711212426041,-0.22221481693575393,-0.2467263113542641,-0.03462534334576557,-0.37054827177066174,-0.012659595695959482,-0.38760073393249933,-0.26885185884618235,-0.41354831427153654,-0.39081187165455916,0.212229527048479,0.2594784195812305,-0.24737761038421904,-0.24433562908066297,-0.37094820600440753,0.0991430703626845,-0.09169467487198998,-0.13910625142266178,0.07276144138849643,-0.05420668018388314,0.0023971115165339293,-0.06377781340644732,0.17506253881687817,0.2241623109072755,-0.5090502385359674,-0.49424936899765837,-0.5979849612314985,-0.625650505794412,-0.3372334226163469,-0.5162508567129421,-0.07542306381134388,-0.38792509527530594,-0.2976096602168427,-0.1638990606020475,0.09902815256589804,-0.3020032515313403,0.042811741614674124,-0.4573866786536599,-0.22490400757068385,-0.3358420855628133,0.1476752393831256,-0.0005575685201573587,0.587865639632006,0.5727287420767743,0.38802807795350047,0.2896934759564864,0.01601455019800911,0.4512976259981246,0.17456936030091905,-0.0650546783667741,-0.376808385380422,-0.30782862220219215,0.05958483022542234,0.01394315371401213,0.3851594399909619,0.3761269626419981,0.38942196612615676,0.2894418434207846,0.43256227208629605,0.16868052914099768,0.13870548068906802,0.16537609098990674,0.22355475809588551,0.1965731305239033,0.08073385882018287,0.33464530395648295,-0.05885569486116255,0.1240766240381494,-0.3528410287292299,-0.2563768122675641,-0.14945977116543763,0.03872329153346999,0.47234486965230843,0.1796215655429194,0.5667921707115002,0.15464900581502583,-0.1975981482783991,0.1316811811295761,-0.30225653911239925,-0.10079308175760422,-0.2972335596613108,-0.16061366059356738,0.13144423176579625,0.26998085297785623,0.1406452376534288,0.10237617034578028,-0.018289269896414273,-0.07044617889107749,-0.2915884530341465,-0.12487692746971439,-0.20121997075206338,-0.42200260642554915,-0.25703970775490065,-0.21340181578298026,-0.10307394112454295,-0.1652745147048852,-0.055459152706296304,-0.14984755017423007
-0.4251349328512714,-0.31430628031294366,0.20123108718759197,0.23233205829414905,0.45618084481394205,0.3724243100837229,0.3577843865521979,0.27382308464424737,0.4776379082673446,0.33440760805208,0.5276850455432432,0.2866768657580843,0.4945943288230055,0.3429217436941364,1.0,0.5082064314698914,0.08475286999250191,-0.2166332613922243,-0.2916725385840091,-0.3492911945183798,-0.059656373816589475,0.12455360088626034,0.2902473270464261,0.3957720971471966,0.02554033707590379,-0.0951212085169732,0.0887856936295453,-0.0843022447396211,0.3615832329102378,0.16360038167689442,0.15554874658081932,0.0779740982226334,-0.32409233564579304,0.018742684754324786,-0.015964301310977858,0.01662965136448299,0.30422402313858127,-0.07153786070281332,0.15945635139922412,0.03766704473727817,-0.1927731584926612,0.09663767377486905,-0.1438393440029341,-0.12616764671053543,-0.3916468280515418,-0.4691356117038856,-0.034750597118298324,-0.17487552183549526,0.060758119244917225,-0.31962665200393336,-0.11894557687329209,-0.10482224540558142,0.18370999136593946,-0.05492610348634771,0.2745989634825807,-0.19060295425179782,-0.42271806799946726,-0.4414116210937983,-0.007455766822820777,-0.330227873555748,0.09670002586183242,-0.0589372153065339,-0.04387912212258767,-0.16090096974387993,0.23812591942831882,0.10486297363418916,-0.16258287200017035,-0.13854379149233376,-0.32382830545024693,-0.4307541757594961,0.06902707984134543,-0.0025440342614624764,0.1418192242512063,0.27423492933880556,0.15195917442132503,0.15479505056571347,0.2532723459601469,0.05248061675850319,-0.20989142127089697,0.03331168198366009,0.00804360197113699,0.07206112428727397,0.599048083865675,0.4338910741368918,0.3787526845670496,0.276635641319554,-0.040596579026911966,0.2201005469292505,-0.017946934282063384,-0.08858629063713139,0.4101918288381616,0.4312773110937081,0.38297663890329015,0.36647637473759137,-0.04573777778278109,-0.47179258193848916,-0.14263164733103748,-0.06842933171878023,-0.14923411554077468,-0.26921186127582036,0.013673892928210597,0.024415696808240794,-0.27690387671793626,-0.3190316183104536,-0.46595260218606244,-0.3675882105959047,-0.29093618606703375,-0.24857967391708147,-0.2842902437996596,-0.24539986297583619,-0.06459263796835776,-0.24512477036230523,-0.27716261630799066,-0.06594238559791882,-0.23072336241401578,-0.37579755634654893
-0.4519184992146858,-0.40192348943842854,-0.13631554793106168,0.33033878046649495,0.21722647058861586,0.4195995866905596,0.1832176042627418,0.32056301669332216,0.3742171142873186,0.3168904810393454,0.5378586568658081,0.6328538891739575,0.2562295291269198,0.5031576830054219,0.5082064314698914,1.0,0.15414750926319226,-0.000993371836641084,-0.20875328715810254,-0.31697354121663923,-0.11477457389070077,0.04440798277722798,0.029692295979189837,0.45810170688700785,-0.18750733554454818,-0.1674471521774399,-0.06099325698751254,-0.26549959893797903,0.4395082664509703,0.3342795371079384,0.14670787422844997,0.22530955766565805,-0.28523324407825473,-0.05143285692205788,-0.14363735432068106,-0.19115258330496243,0.3224377873855625,0.05838228887947434,0.035024918225411004,0.1463004205080174,0.07376879120949485,0.341166597988878,-0.034677369797232134,-0.08201810134399147,-0.3043699976205634,-0.36963136216276987,0.09082687970663125,-0.17707197363030602,-0.2290188085434538,-0.30404363001845475,0.029034864495451805,0.01721558656483876,-0.21976203691658355,0.07096630530630019,-0.0522570958920778,-0.10406898813546307,-0.37834581354803765,-0.4903366603662556,-0.3332993951649106,-0.44479196376434066,0.15263438921857006,0.0351607465801783,0.28159394439045865,-0.05079122498066528,0.28492198518544737,0.12840046918617504,-0.36258767983306056,-0.23530180704451206,-0.31183640484562547,-0.49796927519717465,0.0425885011648819,-0.03205168542506909,0.24265081225357488,0.16919662800765106,0.3124123563193511,0.23062369990098017,0.2403853572739133,-0.03865470235678407,0.10360164270183973,0.12309074822937364,0.206228483045314,0.20196137729417724,0.5277154073933885,0.6859609242864659,0.3124660772645422,0.5278031150607062,-0.08204480630801905,0.302403750370493,-0.32298568685363055,-0.26422849198357495,0.3805216008351878,0.1309113965406389,0.49038292533918004,0.040557828672621095,-0.11227186117710616,-0.1687405063695921,-0.3861137520913332,-0.21874544116796094,-0.21670682807915276,-0.1959598509825952,0.17220573010635642,-0.23501023751384195,-0.0891158476827988,-0.35088646617109964,-0.27947753833709343,-0.20411541484033557,-0.4369414070897256,-0.2558120494891706,-0.32949647656969594,-0.24676029172710015,-0.2896500476892232,-0.1532586653873795,-0.1677001530537741,0.12316851740014577,-0.024982448444574454,-0.3020282406721364
0.1952683681366843,0.3666054297427326,-0.2993000724644216,0.10646344212211271,0.04433963696594548,-0.18474356723076407,-0.11184630221451422,-0.17245606429217952,-0.13859032250426076,-0.18785497739571874,0.3190580695199518,0.3164370441301057,0.11413309061179924,0.16518365982529895,0.08475286999250191,0.15414750926319226,1.0,0.6139214124157183,0.11788893416954628,0.32715539849571756,-0.04791163858150207,-0.21610111479128447,-0.29335782430878654,-0.12223763965962212,-0.32411483743080305,-0.4639024548354105,-0.17096862412344827,-0.44394982219968243,0.573051929933901,0.6210858937353936,0.02797435281030029,-0.19268245698754452,0.29444875934742953,0.022666295128163455,-0.15355091428584566,-0.36701000038427906,0.2169862474785054,-0.014885876235074407,-0.07915295086922862,-0.06121629999931869,0.24613166995544697,0.41913986519587815,-0.2411866514684422,-0.17063832077258193,-0.18175294185243385,-0.3127946320761266,-0.13588827523087915,-0.2401187020439592,-0.35045036613320174,-0.1608819676914773,0.0900904453531164,-0.030854910051850516,-0.0583611068176815,0.1670719740822013,0.05158327400092734,-0.17732402037380868,0.3355307072079663,0.33711700591692706,-0.3600621434891869,-0.1870902949410796,0.18126901611741306,0.006922911403576394,0.5114746924444337,0.562840082963767,-0.2398834238985254,-0.34605683813703153,-0.20758443602406337,-0.3946000401248375,0.14142237236916905,0.13020243820481386,0.054734682055420016,-0.09338088098208058,0.4568908439917586,0.1599594063130622,0.2147259780710221,0.16246485542442515,0.14805406083646022,0.09927809024322932,0.4857129308635397,0.5516605356567426,0.5423820761087468,0.552216620885131,0.10668560565121833,0.35681646797747507,-0.06564583310752205,0.15141162635426306,-0.2974721297880338,-0.1867635202665011,-0.3410391655832603,-0.06576366383395991,-0.14924368151651388,-0.3012748020814653,-0.05743526391724042,-0.1706917691128176,-0.4225679956169927,-0.03234075840961577,-0.3073333673695387,-0.4009545634267912,0.20059462208982562,-0.23752817710575788,0.21670353642301637,-0.03388768844262679,0.11148406592762726,-0.18536255650272196,0.02358414795892568,0.05304934622215027,-0.004220213389376173,0.03425364468621712,-0.297736894193279,-0.16679800434462555,-0.4662044246966178,-0.14417458974476086,-0.025622174806156087,-0.27079618941740846,-0.3043845180018274,-0.052073171200088496
