1.0,0.36662685710734855,0.046134883409173946,-0.34153831639662696,0.028097415986736925,-0.17266044774920475,0.09196725487170376,0.008060606109771395,0.23712659011813628,0.10985440801893143,0.531058771641386,0.37036133264649745,0.4354251649573246,0.5046413333398109,0.1260408356196715,0.2191457623338821,0.06592742794457619,0.12076558236418654,0.0037198837867232484,-0.11508774071609007,-0.03419201681707538,-0.18012163679609833,-0.3071154310564739,-0.27709290810912196,-0.2612376730881294,-0.37198683284391626,-0.267532022085472,-0.4070696030191097,0.26307706369453926,0.0876168802871289,-0.33042110747169245,-0.3349560938908843,-0.14802190502940432,-0.06055254124007766,-0.2727537212638061,-0.1507126672893049,-0.03701592536237779,-0.2125125990933417,-0.015099479209431306,-0.05039414244190127,-0.13870477963744965,0.057852395979594066,-0.08927048532024551,-0.24665301193970968,-0.3298774743625056,-0.39467461642483354,-0.24553930282368558,-0.26692109094018096,-0.20485636775467875,-0.2933498289191456,-0.09440395451204979,-0.16401276400927342,0.18577654379028646,-0.24165034225163853,0.07432177065422693,-0.12188018771446227,0.3796524277976948,0.09503197333212766,-0.050804361300602285,-0.02358118493742546,0.3827254749471895,0.36920738296654565,0.07775611451724773,0.5018881968238074,-0.003459232434673747,0.3255281411882887,-0.19755897016333554,-0.07749733259560626,-0.053949402841069784,-0.06629007839713608,-0.08812512940306341,-0.17421049680182107,0.2621278642448328,-0.10463708347849125,-0.02119822940308759,0.037840866057941965,0.12639042559723082,-0.09165291539898218,0.12971995767957112,0.1024496610349028,0.08714378825747923,0.13579771420006195,0.2508222147032496,-0.1782109581754671,0.2152612384108393,0.18886432600408115,0.15787975211501398,0.04885445916263827,0.18268948186802902,0.10406372969631723,-0.10452404432678603,0.028445885146195293,0.02730792828766247,0.13963392886278336,-0.046730285932263374,-0.037275552226019804,-0.042154069141149206,-0.18914436267767612,-0.13465833623171877,-0.21833167299146733,0.1609852189805607,0.26679948511401586,-0.05641155474361587,0.13755504475248198,-0.06969269780825346,0.03272733268843711,-0.0390225218735614,0.01120891167947481,-0.2582741939888107,0.028922469469234498,-0.24247573687177698,-0.1609299795103028,-0.006329522784894513,-0.1640200499470758,0.08570229035488222,0.058597360513128936
0.36662685710734855,1.0,-0.1671123819993218,-0.21482354359444303,-0.41329320303698264,-0.4168066435558105,-0.07949654268209327,-0.23488902409020196,-0.24099364363691367,-0.23421269546427792,0.05642041189676106,0.19376870704298313,0.09318667965133638,0.1642441717269223,-0.13590830045639565,0.06828382392687138,0.4374275305323567,0.3464153613091147,0.12133976987943054,0.2583430548747854,-0.08549716915714288,-0.24827524879811494,-0.4298301095397517,-0.27942507569044295,-0.4082196599221308,-0.34093472817043025,-0.31837924632121317,-0.25464247839964677,0.09102089402863175,0.346551289382316,-0.3621731458920944,-0.2968386985131849,0.26600999023633937,0.0043293575050985505,-0.4134191086697339,-0.4226735658397578,0.1516398589009259,0.1713038526417889,0.04923367112753915,0.314689230351993,0.22353315595827042,0.1382540632808638,-0.04379254731654599,0.03327650079856652,-0.012141575689254724,-0.306897529660042,0.008035087691792491,0.1507958459895736,0.20802011793937228,0.12345267194412833,-0.1817174647998592,0.07924841755121496,0.12023634277163502,-0.041518679258468645,-0.011450865457727758,0.26099986876714915,0.6236209088366722,0.6181323601390579,0.021023931344988967,0.01377384526756752,-0.021901929379657827,0.0795281111040165,0.26884593962910147,0.26248729182587477,-0.443232804693206,-0.22756852897318158,-0.20509746992278244,-0.46857117424734956,0.16733556212142897,0.30392437101371284,0.10800525499384582,-0.07789336998564711,0.26148431762926266,0.13701192592851588,0.19304488114435198,0.27643613634076264,0.09595435123652901,0.23132827982877727,0.17157426823891314,0.24236813893240752,0.3386753251854007,0.3267850825071338,0.29757906394291067,0.17695634032787233,-0.16643613648141986,-0.2151634398378577,0.18733305988238855,0.16618675056409712,-0.10552174273529467,-0.15880794775160248,0.04177473758463903,-0.30620106379194906,-0.1600389315443359,-0.1570257696968833,-0.07929159532959731,-0.014984073996100985,-0.031030493406461586,-0.14621654800507944,0.21583355847735522,0.0481581090525539,0.08745222428843188,0.3271940502569108,-0.10823698892582569,0.0028333475293507394,0.21639847869969744,-0.23058231026147624,0.170991928150262,0.17817697931361326,-0.3994478605561377,0.1972282453504796,-0.24518298699364555,0.03912744306555933,0.05023568544651307,-0.11329085566381265,-0.10817240333950068,0.060239633751748574
0.046134883409173946,-0.1671123819993218,1.0,0.06344863077762372,0.1901851468791628,0.34288882701144074,0.544040497043869,0.40694357711545703,0.37476031138810817,0.37001582056659005,0.03448600162583221,0.10904816462112552,0.20688033279351214,0.09144779045563767,0.05979082900012229,-0.05629765478041077,-0.25618806876675765,-0.19372266045498723,0.10382282962582856,-0.10093106601177011,0.23365346528646874,-0.0017520377162094695,0.2909602432918316,0.19450136717871253,0.34287655401607336,0.16021271369979695,0.06689833114062445,0.05988984311591633,-0.3841978203442255,-0.39926043829125735,0.2542274904853376,0.14313857540931618,-0.056591885657213695,0.15321092363708994,0.04009906670172544,0.29546655017800977,-0.5043382221318765,-0.21133111005159108,-0.3199140505728649,-0.2963501299617461,-0.16915091901084028,-0.0849754517245605,-0.10398984818724946,-0.18594226837488695,-0.12352979450616049,-0.053008511452418215,-0.2568549816501886,-0.12134744226797267,-0.10923673474989366,-0.22062963974196356,0.22972062963887233,0.005137003912083118,-0.057052875536316806,-0.10834823070081755,-0.1034308740150876,-0.3807602248479892,-0.2736556443743925,-0.2141953971360766,-0.12018641664592308,-0.038841420176886535,0.3501811647060392,0.24654764113451388,-0.24533686830192422,0.037255758528140136,0.23512380784370643,0.22465309957418397,0.17231979567617195,0.3966531252109477,-0.1799683418428605,-0.19454498609173101,-0.03540239488242106,0.11115564792722217,-0.0640309967568832,0.008033595246056024,-0.046068755013456766,-0.1374664894129967,-0.060109957520202095,-0.04421377164489688,-0.29035430730320994,-0.2593268783497567,-0.506003741099007,-0.40894596906926056,-0.14843166238172797,-0.3890898623854728,-0.2259892081574743,-0.12211314009481516,-0.2599151480913453,-0.031176269318799278,0.06250725459360867,-0.026322140702531048,0.24991819022371356,0.5333338156167339,0.19817297271649878,0.308499119357821,-0.32295156261228664,-0.03384684226007981,-0.2568129651857503,-0.2563009190063877,-0.2610992412948289,-0.36350236344300646,0.07432064850323572,-0.16490386800728854,-0.16628935890818258,-0.24709499534972018,-0.12307090659065033,0.24872011260529772,-0.19926719220932335,-0.07232714764265796,-0.2980680004687469,0.23958367927021895,0.06989378729690077,-0.26851226714873977,-0.04780139707441316,-0.03804061089064755,0.04727935170095269,-0.07732024522776505
-0.34153831639662696,-0.21482354359444303,0.06344863077762372,1.0,-0.09205300894066072,0.011017604420570726,0.03505749008046876,0.21853310643932192,-0.14561235505345413,-0.14858407483550598,-0.05607671252101944,-0.16166532795986177,-0.37334546366355625,-0.3629047127491101,0.2439578341074296,-0.1544450731066164,-0.128996109128315,-0.13740473681510115,0.06142432044182778,0.11098559897867216,0.09374009466147114,0.17394440037526238,0.5651050019378727,0.5792815426482435,0.37501915377612793,0.3153084379516724,0.2236975277881622,0.1596468703532185,-0.037453217042064814,-0.17216455777392878,0.48535946416982145,0.5767917527869623,-0.1831880080870446,0.08323100641774928,0.01017293094074014,0.024275448172279942,-0.11072590894456276,0.035453945565833984,-0.2017750730615078,0.050733931704371835,0.18611913480403777,-0.06936576157762686,-0.06949564290888102,-0.10887342651044278,-0.1758694394177571,-0.04827797759562373,0.0655855521838784,-0.10665059890646808,-0.30560155072191103,-0.089976161463923,-0.07711455675391694,-0.23380607541467335,-0.229734523462271,0.17757298746843878,-0.12274131598786807,-0.09923680360246302,-0.21298813731765728,-0.044188616741215055,-0.3965454728886528,-0.2688854348589173,-0.17112854004056102,-0.2199165389735882,-0.012448107428924925,-0.3571063715219663,0.3108986514481338,-0.08217989772838184,-0.10617769165977883,0.03053527703698213,0.07473003816260061,-0.061959063298154635,0.02487353525212171,0.2695073457397226,-0.1473988354575852,-0.03179649348302012,0.17247525846462752,-0.06947208394413307,-0.05159781508373541,-0.02274683518205518,-0.040643570903148823,-0.1601278162339103,-0.17378018117080823,-0.18095061095172965,0.23229546162813322,0.004148724314224676,0.06774709785038295,0.005651608614870731,-0.05074824368771206,-0.04887341285614922,0.2651349227201746,-0.009339935962761963,0.21591415869444916,0.21344289677036923,0.34250909140439445,0.264557357815092,-0.1585498080293803,-0.058075641624675454,-0.1526826856774056,-0.056366324012279485,-0.17065439691497164,-0.017783996566128554,-0.21560058021055198,-0.13489794140659872,-0.051080476004318615,-0.22395468156634749,0.07134366018219652,-0.0361034484086012,-0.013344228303529033,0.20574080703251044,0.18732634063906062,0.13203377588318446,0.07815349515586685,-0.010733513324648947,-0.01932259564094339,0.13203833930540673,-0.058912745315087785,-0.23239116616242034
0.028097415986736925,-0.41329320303698264,0.1901851468791628,-0.09205300894066072,1.0,0.38747758236430024,0.27651867739357194,0.17432614152563644,0.46208741450979735,0.4480218988689484,0.06040661776847381,-0.058458586857782074,-0.017727116588273025,-0.004609205303097202,0.24382228847343124,-0.029070836304058552,-0.34780499634610357,-0.32772993578265924,-0.31921504219071606,-0.3829140313383318,0.2942305667020503,0.17203477009126614,0.20317714555065003,0.3255762187883859,0.2772793929759286,0.3595859461022885,0.4469290522767507,0.3996655585656518,-0.17676548174593532,-0.34576928213057984,0.03359402871752278,0.06325637300339246,-0.4410953299732994,-0.24812302500232594,0.4121778437548951,0.3692975701856958,-0.07192363227567672,-0.16228875598801226,0.01509220835408841,-0.2579497627090658,-0.18040145601163193,-0.1645675615746914,-0.3193048076721164,-0.20278947955740995,-0.14574588584664097,0.06474910848228448,-0.2854027684275087,-0.3056703660309337,-0.0040470006202105455,-0.17441389232752214,0.2468138622767003,0.021405508311603552,0.04234663396750665,-0.18663783452628607,0.0031303264934417854,-0.1391350709705433,-0.31228587830052507,-0.38507214959645536,0.16228259031966322,0.12006704179675766,0.09515256627986861,-0.004000758571518862,-0.43335435361321784,-0.2235984846779007,0.3595131281589714,0.23700296602160814,0.12919158444572207,0.4926422282688896,-0.3259083120964498,-0.1354681916525125,-0.02370831922623843,-0.11287735798832116,-0.31650107044946846,-0.11679599938998551,-0.10729398822807823,-0.16801365389569672,-0.15715772556231014,-0.19036804125431822,-0.1942934602239497,-0.09850298147982765,-0.18009448077129436,-0.3558790831858738,-0.07746625256612215,-0.2967596886967638,0.33180007647007376,0.3045234301407567,0.19592375256319466,0.32056318329601724,0.3772542536780201,0.18418420312879386,-0.1264867158821516,0.1974077618629105,0.11014399070227623,0.32239377344813663,-0.09094690441927893,-0.03990238358727455,-0.0005978240734266585,-0.055315269793549796,-0.22149266015522645,-0.3377293097147729,-0.1698227080423939,-0.13692138851046695,0.06124058147700308,0.022805157917500506,-0.12095806833917516,0.12956919887074486,-0.132196836841163,0.048198112669603006,-0.0758164733614395,-0.1316014990370814,0.16266758249016508,-0.03643111183855512,-0.11306903201241904,0.014211598081498139,0.024344242261142703,-0.18991197735192075
-0.17266044774920475,-0.4168066435558105,0.34288882701144074,0.011017604420570726,0.38747758236430024,1.0,0.33788430683561477,0.49385815997332266,0.4602220686921016,0.6023489633138507,-0.12078514810742885,-0.019213440340501556,0.019368972353366983,0.08206805674701749,0.1546560341062412,0.2695926545275888,-0.4221606215669647,-0.17454643632872624,-0.37632892441880395,-0.15018898717050555,0.17004274608418368,0.12514235753493075,0.21982805745754824,0.2823302638632793,0.3012578442417117,0.43059829954927864,0.23932966133708672,0.33840259372703113,-0.4132690713763289,-0.3307523346827397,-0.06385838113055892,0.008368002374824528,-0.17358833773017215,0.013373896128170042,0.11765222757390027,0.23572287991878046,-0.4170767896375835,-0.10752198590774466,-0.05548985381757687,-0.05508671772285682,-0.25803345385765014,-0.07725149709935915,-0.354619118517953,-0.17109507785386213,-0.11656021582966246,0.11969595928359447,-0.3016240406392227,-0.3290459548320905,-0.07079986287530182,-0.0354547740976947,0.21198708793675675,-0.048311632971962955,-0.09238126481421695,-0.0818084488987157,-0.19686384731182818,-0.13350500456127481,-0.3091926173304594,-0.29933735190713723,-0.00033704348061295355,0.07392265149481965,0.15986114180507477,0.18865145871534136,-0.32802212775309697,-0.0002837217884815729,0.28240400434351703,0.35768444733696153,-0.026684694277467027,0.374080569278132,-0.21776037923824032,-0.0498122130763877,0.08245158447608807,-0.025836337112696877,-0.3044603941439117,-0.04595249025841651,-0.170080158924649,-0.13541323673113656,-0.29206502940857937,-0.25469303211780425,-0.34699261346026816,-0.17826134041252145,-0.36219328275564644,-0.4070434531240034,-0.018693235713320287,-0.3149653299318218,-0.02726647357142252,0.08590719405065372,-0.05508798717139986,0.24072090463341256,0.17952216028384005,0.30262108200134163,0.049353355410885376,0.25920661317645627,0.3082815595830012,0.2216181271241725,-0.2656787401208208,-0.09225752598102636,-0.18743373385169995,-0.18008322460595377,-0.27524529578866275,-0.1931759820715806,0.044192911520713196,-0.17167473710619782,-0.03602474981024019,0.1166380153671782,-0.02420300065293566,0.2505079847684023,-0.15647680243297823,-0.07918023663486651,-0.07114805209566005,-0.11987008446782704,-0.08368771697842503,-0.05179034275999643,-0.2051508320445711,0.07023439066366263,0.25943210109001197,-0.16693448275175796
0.09196725487170376,-0.07949654268209327,0.544040497043869,0.03505749008046876,0.27651867739357194,0.33788430683561477,1.0,0.42063872885252696,0.5382643366780255,0.4591582568979088,0.06433815561477275,0.15266122250460373,0.2943001864346964,0.20714142104427527,0.2137068239596276,0.01642176311302649,-0.29568392141187844,-0.13589618974061443,0.02723333663954673,-0.0246454959116466,-0.05632614118705474,-0.31413571236760857,0.019537342762341363,0.09540675830558405,0.07048833585899451,-0.09493480321769944,-0.11142187373749342,-0.02290235450441047,-0.31117635733687254,-0.4152495634469085,-0.0235287187757134,-0.14912076583605083,-0.10428002530427034,0.015189746565542199,0.1552121526914806,0.3298742698323116,-0.42492025277238543,-0.24461702167666916,-0.23345301841442903,-0.2912607282236976,-0.24639190076955153,-0.1439336327192467,-0.06574711840597752,-0.2965577253650236,-0.12926059192839173,0.007659145694858502,-0.36965476869572667,-0.25032111089282905,-0.2104661216380317,-0.21978734415441334,0.11904749116168857,-0.07372244864819333,-0.006768733032625879,-0.060991967030403285,-0.24252698969759623,-0.3767279825434933,-0.2612106591599036,-0.34757919323513464,0.015622257575639802,0.013343809881260021,0.4750069627838762,0.33094491303654505,-0.10428089479668999,0.1627245419038327,0.317017593189762,0.3071746176964053,0.1752967204064311,0.405412969557662,-0.24938577254596003,-0.1373134423071802,-0.11670255959490886,0.10870955138842255,0.04610886969314403,-0.15951493615282564,-0.12574067990190518,0.11226825444649824,0.018978201908585884,-0.023702488058074633,-0.41301484716260395,-0.4324521162749573,-0.43380606603401833,-0.3415933446206238,0.030455106523646087,-0.5085654205242305,-0.21318333737490572,-0.18412107636666145,-0.01636138203244611,-0.00893070121810088,0.19015700410873515,0.07733982494552324,0.25904967519293304,0.45555434215973595,0.28836181581120296,0.35491261162505483,-0.3566981629017389,0.020803258653347853,-0.41323792305680224,-0.3795085211851218,-0.2020200215238944,-0.3344806810748175,0.11882074019777732,-0.11665895275192649,-0.2455068701198078,-0.010537286609831453,0.14673491972464503,0.22769369520061447,-0.13136939618054339,-0.10597016263506946,-0.2129648553344429,0.330388934192161,-0.16621836047446953,-0.13837905281917431,-0.1598312037985278,0.025159753070137566,0.048458056801469036,0.06576298721481824
0.008060606109771395,-0.23488902409020196,0.40694357711545703,0.21853310643932192,0.17432614152563644,0.49385815997332266,0.42063872885252696,1.0,0.5243463445243435,0.6034943930216312,0.08463447487887087,0.39229567626062856,-0.006059671855620574,0.2867555131233913,0.20603786942584223,0.42562752164891643,-0.5311439694178872,-0.25013574127281013,-0.30777111795907514,-0.346978682146886,0.20530098207666828,0.13757564441408995,0.275116162505571,0.3739599119882759,0.3631731975578874,0.32397799801106203,0.2177614353036541,0.25438025414833637,-0.24950099855233104,-0.18842870006993678,0.034252650626439445,0.271038103063554,-0.41021634886926384,-0.11099763281002235,0.009763561328118406,0.2116653301516577,-0.3660270162140104,-0.10085238890803762,-0.20096680303401707,-0.1009771645598907,-0.07068899032676579,-0.16426860531363174,-0.41274591762454854,-0.3380627978225507,-0.4271031796056436,-0.2773365587839548,-0.4319010573366634,-0.46657089941696556,-0.19867566776690632,-0.33547660352209463,0.1222409054333415,-0.12353118388310276,0.001092052071529937,0.01757614475887689,-0.09867314808128995,-0.3419767745769292,-0.4199498068562926,-0.43208886666873764,-0.15729138978677143,0.0019300907096791383,0.18479139602878675,0.35476196742632393,-0.39789006028976087,0.10596117187864586,0.4950026028101078,0.6381748611491782,-0.1624875300718092,0.23193040001094373,-0.3329479612498565,-0.3370025560679607,0.09954296910364611,0.17577234792798907,-0.1191934075233256,-0.04977994017096865,-0.06888984322001263,0.04242750822560033,-0.20248188414348897,-0.20209861693653952,-0.370044213240804,-0.3008435581426556,-0.5816369163736987,-0.5694890304377991,0.01827767890696083,-0.37575819174100666,-0.001772511981732578,0.19655031671472378,-0.2120187152648959,0.18304011528419495,0.4000997539828014,0.5859441436709371,0.18493915482039575,0.23704723119239607,0.697302945373117,0.3529827496461335,-0.2789477966249318,0.028726503577694143,-0.26749911661752307,-0.21075552749370222,-0.4725321769402465,-0.4557838655026522,0.3090889755890138,-0.10634948604262694,0.02565220579472678,0.024837878665719123,0.14454831413294236,0.04620166590221357,-0.07136839469104116,0.033154044435993554,-0.23908050273688486,-0.06573568135405829,-0.29720524788704467,-0.3773483496086038,-0.2982975235328259,0.29395866523831204,0.16366215874606174,-0.15681225795287873
0.23712659011813628,-0.24099364363691367,0.37476031138810817,-0.14561235505345413,0.46208741450979735,0.4602220686921016,0.5382643366780255,0.5243463445243435,1.0,0.6301127667043125,0.1693834809320787,0.2627309337818663,0.261214768976675,0.30986778556639955,0.44437246144196696,0.36568284918667043,-0.5154498436268954,-0.3048051564777308,-0.3143612539174764,-0.43152715098071054,0.04751643331952269,-0.12840231183639322,0.26972081034249146,0.26149462682066377,0.19182847285799526,0.20478592877106513,0.048074261187114456,0.1630962416080018,-0.2228062915454247,-0.30383037302697496,-0.08105616056503934,0.004843412999602243,-0.4693975521271512,-0.26204010694707264,0.19374122866413576,0.25845490562231505,-0.33534467161880055,-0.12602179594326263,-0.2085057127073236,-0.2521478560875375,-0.34712727965564905,-0.18130729743014407,-0.1264022211201533,-0.23098039460890082,-0.21073391177715703,-0.10444377795208516,-0.3156753003349772,-0.25037483679270417,-0.13924064459135727,-0.16951316000199051,0.23496027173098546,-0.07425102912490379,0.16265136916486814,-0.12105785380853101,-0.056508123036436556,-0.2467676389361978,-0.3354704281210803,-0.5232817770321113,0.01884522943660304,0.12249571440629105,0.43394837067199915,0.4508229625750138,-0.3146067536439206,0.21705045024664857,0.5239274576677045,0.5597149542673153,-0.1445191102012781,0.3041379829138957,-0.4178190312248761,-0.3928416429294841,-0.007796313203543781,-0.018654369044844184,-0.2354474455262704,-0.21067096248601713,-0.18237722950007534,0.0170000121476335,-0.065545154616426,-0.07387260100704438,-0.4214123970116793,-0.29065991886544557,-0.4862651503517332,-0.4826518130159669,0.16781265886311114,-0.5364281730241885,0.04853014267865827,-0.006876400791406802,0.08541886728255554,0.31730957503121376,0.4740530880016874,0.34728436819714054,0.11610753006850086,0.3106871165139416,0.4160070658356992,0.2995202306672142,-0.275365274845265,-0.1761748923555408,-0.225234256958156,-0.3037279590073983,-0.2929860592172929,-0.5467157359966556,0.17091551785426537,-0.21462741348401498,-0.049567352161046054,0.06908254695220142,0.0759330055921746,0.17807876717396054,-0.2686230218553902,-0.14918515141065639,-0.2673068550718637,0.11442887185493121,-0.20634703655734912,-0.3484879096654865,-0.3767567600795682,0.24553506486403243,0.23331615747456974,0.01809862632599787
0.10985440801893143,-0.23421269546427792,0.37001582056659005,-0.14858407483550598,0.4480218988689484,0.6023489633138507,0.4591582568979088,0.6034943930216312,0.6301127667043125,1.0,0.05071251733943836,0.282364719497689,0.10736821259297295,0.32037182017555405,0.17690068795876634,0.4757912757408453,-0.4310400030783449,-0.332946965594273,-0.31299371553486155,-0.32360261897109655,0.14631283155912422,0.12552073529165983,0.18882232392610987,0.28693483063684816,0.2971935559776739,0.39578676049379075,0.19884405163741106,0.2801870966982812,-0.29066363612164076,-0.2968274713641378,-0.04538678707244,-0.01572720619759393,-0.3843817980416489,-0.12313339832162101,0.16227715781675733,0.3502850502799938,-0.29965969487021216,-0.08854890880807993,-0.12265561014147529,-0.17887766197758523,-0.2592228386501829,-0.12246700388037021,-0.3905295266809721,-0.2741120106289137,-0.22459548985726333,-0.18117649087227786,-0.31562591344997537,-0.3201376001187306,-0.021387913547040983,-0.15201435436943364,0.23139796107058994,0.057407697721359396,-0.021282813119897263,-0.05196536859214468,-0.1144047638845475,-0.0633666746625383,-0.35199548386196344,-0.45375834814288113,0.031161764504256874,-0.005013208435471489,0.15291384245134174,0.2194023984132978,-0.44186753345144136,0.0015027940122040876,0.2768465407919321,0.5068705757452293,-0.13219031622855407,0.2799744540401729,-0.3996830615750042,-0.2355784810177382,0.0500894729049677,0.0014141397364520714,-0.16162781185705172,-0.10082795707938698,-0.12286310598332756,-0.002283691434276628,-0.2716215449427282,-0.23748491126913535,-0.33653791740623823,-0.25723490081411016,-0.41142802994211297,-0.48154962966714343,-0.07827708289683578,-0.3905990820312621,0.009485406950705703,0.25618629430806017,0.024090670079752154,0.27972400538535686,0.25290732139447697,0.43102283501111854,0.05748125785914371,0.27841978281987495,0.39828110677106543,0.38444471584586715,-0.22154990373673836,-0.11053609088472642,-0.10838991120558106,-0.22033375782975723,-0.30285771589158295,-0.39994732682894973,0.21447503921457092,-0.09799931116697821,-0.1095565577125839,0.14933002858641634,0.21939413667222973,0.10676991158322215,-0.26315154693128573,0.024376592910897985,-0.24198312495376978,-0.05075017324186968,-0.17570815384895686,-0.24095709088402675,-0.24746731881791592,0.16993850409199984,0.1079783940975131,0.0041566575354270935
0.531058771641386,0.05642041189676106,0.03448600162583221,-0.05607671252101944,0.06040661776847381,-0.12078514810742885,0.06433815561477275,0.08463447487887087,0.1693834809320787,0.05071251733943836,1.0,0.48449443815220994,0.36084972287018807,0.28650810040160424,0.2625010604587463,-0.02708364349558646,-0.007173901421839267,-0.054461482663818964,-0.001050931563230245,-0.3223626792910226,-0.030195263658911713,-0.06411495234051433,-0.10118958173446911,-0.046779021686056965,-0.0445989466244344,-0.22937643700485924,-0.03501754454098998,-0.20221249584146359,0.22704998962782677,-0.21253884178677312,-0.1622786688382099,-0.08186629327168515,-0.23023756045294036,0.004567582354927364,-0.13139866105263798,0.0471163995084749,-0.1902049328332655,-0.4168593466347883,-0.24426381187458004,-0.2596553469078359,-0.1957983353927534,-0.13471380737455368,0.09103438810023667,-0.15708826405676296,-0.2654893318888049,-0.2085765003307785,-0.09366052713983657,-0.1855168587725408,-0.18432630567973915,-0.3695376028147695,0.21016229437948378,-0.0782295645479488,0.19899034406362087,0.09791636496475503,-0.023808499644053314,-0.2947984712687488,0.18856005805944065,-0.1370160153284885,-0.1189890019208791,-0.02290124991714427,0.29667509440323897,0.21300295923338952,-0.01116228355277609,0.3162829907798319,0.29918076336287924,0.2998859742077282,-0.08924942600770212,0.06591487025821134,-0.15953254754518306,-0.09391326492421202,-0.23239463380555941,-0.11401624063749567,0.14478855433808982,-0.1896472149155419,-0.05692786934189365,0.0803931951965983,0.23914773158425523,-0.17229663894936653,0.11216122322044864,-0.17506059236619295,-0.015066243469810971,-0.0013707943093311803,0.28246928098167806,-0.17921609996038873,0.4879637102671218,0.23552447611632402,0.004806249664493525,-0.04909129593574214,0.24420278428699552,0.02918710213797196,0.024198246480162833,0.04252994037007973,0.026006635331247085,0.12482892521794617,-0.25471655865757803,0.02278165167447557,-0.2500431729402881,-0.3016947538729988,-0.22353571592588048,-0.13331066471906555,0.10537934324839632,-0.01987468780386766,0.033170278840548975,0.09662716277863612,-0.06877703418008002,0.11875916746672853,0.050170170701844985,0.0873627637613108,0.074986862604498,-0.01216656672653146,-0.13551184802355418,-0.15613290267897267,-0.09293288189333389,0.1967823162927221,0.11762270212975816,-0.009677275164856164
0.37036133264649745,0.19376870704298313,0.10904816462112552,-0.16166532795986177,-0.058458586857782074,-0.019213440340501556,0.15266122250460373,0.39229567626062856,0.2627309337818663,0.282364719497689,0.48449443815220994,1.0,0.40515803410850204,0.6781690612896273,0.256904608279676,0.4582404797310931,-0.18189893333978857,-0.11269993754620403,-0.19759434486929284,-0.33716494656287616,0.08656138616556368,0.009711472988069732,-0.2420750203513105,-0.06301198009844039,-0.05973355882971015,-0.13692787168776147,-0.17324591318430113,-0.07409532132700423,-0.054641432039663755,-0.02863517768041874,-0.2468495193610451,-0.08204028682849415,-0.3404878045396511,-0.24184871515579698,-0.2716260233694448,-0.01670967786366267,-0.07799877188940538,-0.06819106031002253,-0.09252326009259682,-0.13605439848252565,-0.05866695577559638,-0.08994271412010763,-0.10724603190189563,-0.2858792196319745,-0.25174223828473535,-0.33227534304765804,-0.19493023179243815,-0.2575788616808153,0.0026196387953684635,-0.30804434985153395,0.17832487180042772,0.11127003022084277,0.26893321232268036,0.15150399450763835,0.17591534054277116,-0.2653130980173142,-0.003534386145162132,-0.16454921331081868,-0.04391187607530202,-0.013655363045180644,0.1509450996332273,0.25022529335561405,-0.05748753211806535,0.3186277989753764,0.05464451056388077,0.3612468249532468,-0.19534190215610167,-0.06622996380976413,-0.26031550676351706,-0.13213282170796453,0.029694694458673218,-0.06206070784253284,0.05025460309714315,0.03674639181336537,-0.10990933946653675,0.1741727024618442,0.12437235990550978,-0.11085477338384683,-0.07585730876673612,-0.2081032239991375,-0.1800931491688941,-0.26174075739347,0.06043044860857806,-0.09297708950583372,0.0913070492981589,0.21500094557518407,0.0003177765044330289,0.04228026736746115,0.10718099310176199,0.17545188090307848,0.3362428433691541,0.1294484542873876,0.43852573067343376,0.2437872518429233,-0.08055537462271008,0.10840094906762233,-0.1968594776544776,-0.20076261794657305,-0.12395906487023442,-0.20525857105764536,0.2831171904558682,-0.0019670161526291613,-0.007144088384934058,0.2504244176723536,0.1570165327467789,-0.14721665570539091,0.08078072434292143,0.13478097547362042,-0.21718064226803632,-0.14208843706767552,-0.3349778822833345,-0.24176389024949713,-0.13781505940044708,0.1786210757479396,-0.07816527757871371,-0.0242391686834221
0.4354251649573246,0.09318667965133638,0.20688033279351214,-0.37334546366355625,-0.017727116588273025,0.019368972353366983,0.2943001864346964,-0.006059671855620574,0.261214768976675,0.10736821259297295,0.36084972287018807,0.40515803410850204,1.0,0.5850382647238597,0.3940798682198431,0.2501283707637857,-0.012993846957022154,0.08101749850533065,0.24945340548681846,-0.14422218921151675,-0.1691726608362959,-0.1897929935713929,-0.3761387816042433,-0.2645985147778918,-0.15680696716129222,-0.2681499521020824,-0.32899807290435656,-0.19092030190698606,0.09884030184228372,-0.14455535042216594,-0.16189128946731624,-0.33023277378999105,0.11766436298214217,0.04915916965143713,-0.18649842025984142,0.03199389143127172,-0.27037535368037474,-0.27104847839602564,-0.07443566608142574,-0.07667873310208663,-0.41322477637717303,0.1583162323604383,0.09886697768084013,-0.2639521961648486,0.07358285955533123,-0.014693887278259215,-0.23173765489282233,-0.15526851718405182,-0.13560999976047908,-0.1906672291273348,-0.034322368735739094,-0.08403443212584616,0.08920533347587649,-0.1612565065292737,0.06963892198507438,-0.1801287999409449,0.08511262971686993,-0.14327052506472057,0.008486984645807936,0.040689538603835444,0.5301026972065813,0.3192115482595474,0.2661396327451854,0.4805966651837563,-0.01209843306177276,0.11941962737735164,0.04029589720418253,0.18365695865527926,-0.0937400068992631,-0.07988364949202163,-0.17264621031473726,0.028228604718185845,0.26919456191250424,0.0462258412690205,-0.11791385725887377,0.19018451685156845,0.1834530574171263,0.09186572881219537,-0.02385446324695528,-0.24288845259634836,0.018613225158082582,0.041434845671890555,0.3309363111167916,-0.10267246571425671,0.037423201707623026,-0.07884745395871215,0.06381437859090035,0.06922647655329046,-0.14704175387217347,-0.20382139759149331,-0.015893983345059367,0.11121184594044244,-0.07536096435202165,0.019777168798123194,-0.24455551047892213,-0.1056943244555628,-0.20822752134592068,-0.33971218697259015,-0.11148311761857224,-0.1315758026532758,0.3654359095605929,0.15941664391732732,-0.07585017008351959,0.28185704109519993,-0.06882164163217414,0.08622761747755114,0.21755149475273014,-0.22706920273661008,-0.04226782968176192,0.07197391509740103,-0.17615599366099466,-0.10649368636131747,-0.09092418684537175,-0.09979794873531446,0.15695237438777246,0.1708976693049174
0.5046413333398109,0.1642441717269223,0.09144779045563767,-0.3629047127491101,-0.004609205303097202,0.08206805674701749,0.20714142104427527,0.2867555131233913,0.30986778556639955,0.32037182017555405,0.28650810040160424,0.6781690612896273,0.5850382647238597,1.0,0.22616157693281863,0.4997052254431382,-0.3234816733014425,-0.10425319038663161,-0.1771554956430442,-0.35889498679250864,0.005927452691795319,-0.05254360091381456,-0.3653083351293469,-0.276684008057283,-0.05015169482498879,-0.1545862139255366,-0.2175910911292527,-0.08347505551739477,-0.12847462694654133,0.0027618529853662165,-0.32295401480985675,-0.33163536707121877,-0.1558436486078268,-0.24935383564334893,-0.320145078139659,-0.03130167332861802,-0.06675331164842883,-0.15582841610636422,0.07357538230351292,-0.10914859654407842,-0.287988290486907,-0.03739186047298341,-0.029387326624120812,-0.2329822285461625,-0.23370916458064958,-0.26930347109908226,-0.30821174264915796,-0.2231017168289931,-0.007085095694636071,-0.22675420615810224,0.27277371976042164,0.11899439321416361,0.35223651185299115,0.06616448147773006,0.23477670360127503,-0.11588621448379839,0.03174147816265169,-0.1943303402354912,0.12854451253780283,0.0650244885117723,0.38631318248758933,0.4784285280497823,-0.05006301490146605,0.5174265210659406,-0.15467571685305642,0.3665324750321927,-0.056517128037574145,-0.015990629599812498,-0.22448214967780952,-0.1846410081995747,0.1387517653725879,-0.028574354156774884,0.17374783369942814,-0.06220940789454189,-0.10385205617031247,0.14745492729690182,0.1176623834232371,-0.06023591320920934,-0.13494829540550923,-0.26847906414176936,-0.2037792746892953,-0.2393093390610156,0.11018559698042898,-0.0890369741300419,-0.12987073139270733,0.10171354962319656,0.07035256171905875,0.00442381434486734,-0.012878366082404181,0.1730603084952532,0.12477907219341122,0.07705259431698977,0.24488147826764428,0.15977128917370106,-0.11202357634821156,-0.0013092118152656044,-0.06545207837656483,-0.22652567769534554,-0.06814470139600212,-0.12619645123514264,0.29109472408595644,0.32189829954199234,0.05038916121359016,0.4295077431189851,0.1441789693356701,-0.007082762788282444,0.038663335488645305,-0.10503508698822975,-0.14609247986471138,-0.0666579666322493,-0.35091151467970927,-0.07422453998786734,-0.08284820309872257,0.0801807464559147,0.13822769629669332,0.21887306967309697
0.1260408356196715,-0.13590830045639565,0.05979082900012229,0.2439578341074296,0.24382228847343124,0.1546560341062412,0.2137068239596276,0.20603786942584223,0.44437246144196696,0.17690068795876634,0.2625010604587463,0.256904608279676,0.3940798682198431,0.22616157693281863,1.0,0.3576272043847735,-0.2677147242137617,-0.23102899157266293,-0.22770198998474367,-0.387533962100959,0.01806887848693956,-0.11315936080862053,0.2699922709682433,0.3584930060357432,0.3163545171629554,0.2666832527370998,0.2038268837570834,0.16660601330751787,-0.03871491595754655,-0.25924815355085756,0.1425382030206509,0.15089194500852363,-0.4469659253291228,-0.10820510119491342,0.10034234877296544,0.12655697320597967,-0.2610583404094924,-0.23205312664704195,-0.1818484377343391,-0.01342609796292403,-0.11593359872076707,0.09864764086531282,-0.006345503986518666,-0.30005665726351183,-0.14368232998830083,-0.13438966180548662,-0.16984799269145287,-0.22404657290212218,-0.24058894734756575,-0.18026334864304977,0.0984979892894944,-0.13864258010510414,0.18473683171879512,0.08320896890119722,0.16032874449568052,-0.0412317894257925,-0.15064753450243254,-0.32856146590951774,-0.23649186886196066,-0.11771298468269055,0.20119142489925756,0.07149401569466877,-0.0441313959932786,0.05687358968286707,0.4331607555518229,0.2215933378508739,-0.3270485076317412,0.13461771757339125,-0.2940562774726977,-0.25955128608571604,-0.005572966689627687,0.09716118213122903,-0.17402742754582573,-0.13561769632132126,-0.10764107903624553,-0.025359165532801507,0.08421828642050923,0.05924221037070241,-0.22878127216382846,-0.35520178681589776,-0.2334969158991769,-0.24898337828171027,0.46242938563082986,-0.11880313358964631,0.3015204326335375,0.11212197287252992,0.07681387390792646,0.2888135892133564,0.34496991886290057,-0.03027882849237126,0.10526726755717504,0.16973699283895957,0.3336581453447222,0.3083467323322296,-0.24970602257454652,-0.26794945681962656,-0.23679345208573654,-0.40248203993854914,-0.2206472045864511,-0.2243130696037874,0.10111159380436016,-0.06156568790530624,0.07235560791555963,0.18195163030322908,0.14996762258547008,0.045109549558533565,0.052557778089466455,0.1430847577384947,0.14274753637458606,0.11363615234732327,-0.08861282544892736,-0.030618211771557314,-0.26072665118888394,0.25019590299086236,0.19811688053100515,-0.08490409702635543
0.2191457623338821,0.06828382392687138,-0.05629765478041077,-0.1544450731066164,-0.029070836304058552,0.2695926545275888,0.01642176311302649,0.42562752164891643,0.36568284918667043,0.4757912757408453,-0.02708364349558646,0.4582404797310931,0.2501283707637857,0.4997052254431382,0.3576272043847735,1.0,-0.1936715791004408,-0.006066342713946058,-0.3743509814125477,-0.21549399941107336,0.11467839354292275,0.12081816244418163,0.004796497161401296,0.1676703486692835,0.0580022729717566,0.19574358064802572,0.03626627000146166,0.09326846419426185,-0.029080116980786202,0.1925827878220326,-0.14651104355535252,0.01247158595432057,-0.3169266851851764,-0.25740611084830817,-0.2833967756446839,-0.16295277687638465,0.10783665537733342,0.0578438403093354,0.13827642579892122,0.13050880259280542,-0.07740954533830922,0.1958732380375881,-0.35911438684137115,-0.31075738383011947,-0.2759572018122703,-0.4017308788064958,-0.18543161700663638,-0.27710484405177804,-0.1719977373633667,-0.13087594261813024,-0.014743559621391662,-0.06430970387938091,0.05863194962899605,-0.007309834079515153,0.07343360128670316,0.0030929704595503756,-0.044218288509497466,-0.13535666115314657,-0.22412019254232873,-0.15055846524447025,-0.06554233167085408,0.1397419678056226,-0.0028877689348575006,0.27408573527760505,0.08562106240416009,0.3110637603003498,-0.39914918229862467,-0.18345745343574665,-0.23343703035709504,-0.18949107306366905,0.31653733358113795,0.15522788293472822,-0.014021808364165316,0.12024622038233866,-0.009116170294272674,0.2145968915667858,-0.05611702703316705,0.0038271677628117155,-0.11818222275219092,-0.08430300181454299,-0.12730455090395548,-0.14195208992602046,0.1502351449717225,0.18380693673930357,0.016207568149804973,0.25194021794357646,0.01195732087085102,0.32856354258688714,0.12980430437902343,0.3929660347446343,0.13707003287943786,-0.011695945579163043,0.4741706537788352,0.02261691399942581,-0.002517022088175389,-0.12635515522394444,-0.003403592717699274,-0.030523096170510723,-0.16534581442727025,-0.24152147150883438,0.2827612115377589,0.10112454643438128,0.03091323162970316,0.2598396911662402,0.20197999360569505,-0.15077400240927286,-0.1576076120114074,0.06041873555466337,-0.10579635251320685,-0.19066062842078255,-0.25888333084500487,-0.1541395967972572,-0.20142079827588505,0.04073060228903776,0.25896295135830766,0.03253011902199152
0.06592742794457619,0.4374275305323567,-0.25618806876675765,-0.128996109128315,-0.34780499634610357,-0.4221606215669647,-0.29568392141187844,-0.5311439694178872,-0.5154498436268954,-0.4310400030783449,-0.007173901421839267,-0.18189893333978857,-0.012993846957022154,-0.3234816733014425,-0.2677147242137617,-0.1936715791004408,1.0,0.6691779773601009,0.27081260644064997,0.5717238785478629,-0.23165722758595567,-0.13271283880961834,-0.2878892078199054,-0.2947463463943382,-0.40622417472377825,-0.45005402648728104,-0.29421422415273113,-0.37668561011452134,0.3922052592586442,0.2718386591875774,-0.11445302977517864,-0.24556559482147708,0.4941073163061365,0.29287104216222576,-0.1508916995626652,-0.38666248345182913,0.19447904695716764,0.1685246882643643,-0.09574516837773168,0.3011698046346062,0.1605784310879178,0.19855380627962138,0.017751735667909663,0.09759781053335823,0.33279737241974666,0.00294861343880534,0.1623324811783307,0.13441426208514204,0.2087751193702451,0.35187648755405937,-0.3948584677967377,-0.05626791491108671,-0.05427678173227252,-0.052243772364559474,-0.09682022334901348,0.16334601811101201,0.6309575507729439,0.6794312686265545,-0.1209494682239218,-0.08944013976332522,-0.2680410642505154,-0.327403256254869,0.48231736902535344,0.01403352911031538,-0.349742996657843,-0.5646512388476437,-0.06334947270100623,-0.4623712692812238,0.31319626060589606,0.3544989407418596,-0.17604183455147965,-0.2064895908406074,0.3596708223655317,0.14495478805442544,0.1657305308209474,0.0988082982042867,0.031159098148392777,0.08687285288724995,0.5597883599833423,0.5636865950897294,0.7429238376965106,0.7468681670510636,0.07919386022542912,0.35320167679584075,0.13245123441273848,-0.23444185360035635,0.22190998976834858,-0.06261132720011311,-0.26213575638217235,-0.39641174001834967,-0.18691646795962746,-0.2625037984511419,-0.4623503507913497,-0.30789444703573765,0.05460188478304076,0.17074542843374865,-0.007667072882108363,0.010598715519621455,0.2615115798732773,0.3203086284894877,0.061474925189638645,0.08950814199249123,-0.17760659000325163,-0.034968420370772524,-0.24170111589656082,0.03481408231714897,-0.019890295512525396,0.04668354309665226,0.04271168941126358,0.024795675851631595,-0.08912779472769775,0.27549541121498244,0.13560141202663933,-0.24024729103994472,-0.0018394279207337506,-0.04955179503845737
