1.0,0.7478571046140221,-0.3078761186128667,0.03036086724735235,-0.012331791293027304,-0.06937027030462915,-0.3248228386526928,-0.3449408682166521,-0.2969792586905114,-0.287329737255868,0.05022093334097428,-0.15507781014513494,-0.06421428487360055,-0.31005769093999874,-0.35002973287683836,-0.23535652979890115,0.31121935528666494,0.28336009230948944,0.17668000597874356,0.4243691874651425,0.010324515165731551,0.07515514129498359,-0.13323482780296905,-0.09723684372432105,-0.15467854064981706,-0.037138823724102016,0.10413985174376483,0.06419987097727929,-0.41226237246417097,-0.18800254273098024,-0.22891784790011102,-0.3410606732997259,0.03903493814623294,-0.12080593974794539,-0.010578655975378702,-0.5354503602403698,-0.4150724931834182,-0.025221942403222126,-0.23293782345394043,-0.033983016805471056,-0.3048488448188287,-0.2650448915326542,-0.2818808533569931,-0.2509332045630854,0.01846233204817052,-0.07627769457610316,0.2145735306802577,-0.01022726030459817,0.2995516830477933,0.3454988584655141,0.1490363796229855,0.2375902462057859,0.22909373690165236,0.18066871506080362,-0.130526802289293,0.07223422892142363,0.8308624750538519,0.7688069820381255,0.272767678969576,-0.24377910702207914,0.1004289229892949,0.13187480774934507,-0.09466855038063443,0.15052240518476714,-0.14242124246842033,-0.1980230660566262,-0.258328806592433,-0.40846648083548975,0.5653339556723525,0.2916533687888297,-0.22295401223664008,-0.2256332115211456,-0.3974548779677423,-0.13803125638245303,-0.08313700278371013,-0.0386360331135999,-0.29581043508866783,-0.16324970821454868,0.08994992124553723,0.05991650051780713,-0.07001647479266238,-0.22533564879877177,-0.22324847740545445,-0.253395972898866,-0.18447743606321296,-0.2793251966134142,0.03314844730509064,-0.028132921967053814,-0.16053134923845241,-0.2807922759514038,-0.08062410963689129,-0.10050512763197872,-0.018912472686953688,-0.27278322056295645,-0.09448079518786595,-0.16644766422638807,0.038392792329657116,-0.15528965540529652,0.17546584491794875,0.29919569155068976,-0.00372081334749765,-0.08548887379995565,0.08963568999276755,-0.0059561331334888135,0.11489899735387407,0.23670939150556092,0.07645615076327208,-0.221385745904489,-0.20373259876502822,-0.4561843087430488,-0.1922123912874324,0.23423379554191348,0.03397623092105302,0.12584828951009996,0.2494112452521164,0.1321436470598863
0.7478571046140221,1.0,-0.4381651194553376,0.1768079795054524,0.12714472538587723,0.06266681336146948,-0.5179442549583638,-0.4426057886132972,-0.44363630113647584,-0.3165029958410551,-0.1803117264160883,-0.2925860821545194,-0.30959609371342484,-0.4655499121117825,-0.38770636155039173,-0.24109338923693588,0.43784820717476314,0.4320574617635754,0.21314232159123472,0.614600749644315,0.08243225771461193,0.05404790474578584,-0.34098849191552977,-0.22120501460275477,-0.24208273777094416,-0.16969325348246334,0.05668360925016025,0.09866873236294853,-0.3877205146853294,-0.04379665477742102,-0.22030028567526347,-0.28601448299941207,0.1304855591311856,-0.13679150063190787,-0.277143102023407,-0.6163847824300073,-0.4587929268628809,-0.04453826857938634,-0.16885167089187803,-0.09482756653675779,-0.41394784631193915,-0.4277043161407099,-0.42017587813443585,-0.32358129167033367,0.045602366778713065,-0.0723307322092128,0.07839939020611046,-0.08844033910803072,0.021067191440697547,0.24487819682198247,-0.036996928629400995,0.13548006294881984,0.22622434877802236,0.13714803587681149,-0.1902946358097082,0.03413462403330096,0.8013094702544321,0.8749660761810402,0.13284057500665175,-0.04161707595452851,0.10139826597843055,0.2619324869579111,0.07025876088774494,0.37277727094720253,-0.23130720686077574,-0.3042954688623308,-0.06497226460417006,-0.39082054068976657,0.5543934801619657,0.3391901264512529,-0.13131769171091423,0.007228704364707371,-0.30393001509369366,-0.23192125618667525,-0.16526543376631764,0.02065555509378931,-0.33416367951781,-0.23590835871306856,0.3194495609690826,0.1744297463332034,0.10140024761391522,-0.07496148007348456,-0.21524949292688259,-0.17835073683647595,-0.1745253462992329,-0.4410291683778349,0.1188119471435159,0.008962060898346122,0.07865351670990553,0.08505808697732542,-0.11605317911411495,-0.061387281120469955,-0.1780740834122339,-0.2587244273817018,0.007012093228760425,-0.09702756888173569,-0.01402909481791042,-0.12529501767469883,0.18022119086260494,0.28533299420316227,0.10623221066658492,-0.01516782508950866,0.2545231060868519,0.19526284723210374,0.21347476503444932,0.3006237993859318,0.1440461559703838,-0.1392041645820075,-0.13819851694345356,-0.43140008240513716,-0.28044818364927887,0.2618920173325173,0.06341224717965595,0.08876151283996754,0.1691644754360372,0.20941934393272363
-0.3078761186128667,-0.4381651194553376,1.0,-0.05624461545526152,0.19408344018790252,-0.04504403299641023,0.6725489734431006,0.32647101186841054,0.5149372894570715,0.24102520458688648,0.1781587296636058,0.13019415807962548,0.21077504717416767,0.2552050749681777,0.27255532827066775,0.24519826209848317,-0.38787130852400326,-0.26162918014655345,-0.002472207677917021,-0.11515996766725735,0.02441982407891973,-0.024317389462301737,0.35756968825943397,0.22539300430114864,-0.03151960889825847,-0.1281901866599028,-0.09719027619435529,-0.19522889489307238,0.14935295253456496,-0.07121851374473255,0.3499201655471483,0.019459150813871864,-0.15984813645966095,0.06915517249577662,0.21831953053102374,0.183795980452731,0.12203280476769263,-0.1119180495128348,-0.057454063012618205,0.08322243929592946,0.10349618199720381,0.39099613099948566,-0.005676408830418336,-0.22088946676038873,-0.20350287832303657,-0.22936447438131596,-0.4269343754275947,-0.1982379098942256,-0.05944307886438676,-0.34017479276236917,0.07782152449800972,-0.23124556807721988,-0.09736088312505553,-0.08862657690350623,-0.00594380100131881,-0.2543483907822599,-0.5483508837977866,-0.39379590677248805,0.018669390906599862,0.023830007738510624,0.13808640473744033,-0.17278554308348387,-0.19861987153741179,-0.2633916093946554,0.16041686876275332,0.1295263790350021,0.1182628100500819,0.15246616168212088,-0.340436792596582,-0.20589965687689785,0.015555570553994532,-0.1940450525135008,0.16747805441210137,0.03422681567925711,-0.022886832893262037,0.01617315501667612,0.1364263889519419,0.12655396281910192,-0.340715947158848,-0.1853315358304098,-0.3244715330059033,-0.16928507624819206,0.2179003409309742,0.12891640433810958,-0.13882148219166807,0.07986634439247693,-0.29292329784682986,-0.005363848317037885,0.07482429320201048,-0.12453574949745817,0.33212523403928335,0.45677508989893545,0.2876639945763262,0.5105425516600441,0.08672642744091302,0.2631834839940929,-0.07190798941430332,0.06849954404613656,-0.1597859851174195,-0.15451794403534708,0.12344737470660815,0.21470799864387732,-0.029702821629018515,0.04716699421816091,0.0932089732733825,0.014122914700540263,0.004675236631343032,-0.14259205885160797,0.27456584275256607,0.1890500542008619,0.09910352991449436,-0.059180154153414995,0.1341278961491885,-0.04492133351208734,-0.12569744397886304,-0.14816246377580514
0.03036086724735235,0.1768079795054524,-0.05624461545526152,1.0,0.07879230939511363,0.1692844197976809,-0.10139809984956707,0.17572944136489085,-0.06960366037820906,-0.05469823091108004,-0.231790088480896,0.010051276087311302,-0.2690872841557713,0.03483195650593674,0.049421917857080805,0.11114892978020795,0.019616056542532786,0.05938572259457384,0.013138111342537976,0.197763437231861,0.17923514005099778,0.14120660821498135,0.017303615943312103,0.06640914832360134,-0.07829776863261416,0.10078788776555299,0.17992146299636522,0.17266948884402994,-0.04858219430320198,-0.22196732732297075,-0.008719889223284507,0.21469194495091,0.04644962550712788,0.18925799922562106,-0.334512910396185,-0.12261545055736274,-0.05488290176242598,0.0010775446907104634,-0.16450150755783075,-0.13124271419229838,0.07933459819045298,-0.1582219502184578,-0.32142301585675215,-0.15099961255174293,-0.07079127230018423,0.00119828110698573,-0.1910576905661517,-0.13893127409991984,-0.23029288166898787,-0.10826219115314176,-0.20940634359198418,-0.04669529387140223,0.08649299221670101,0.059238237914022,-0.23840872102567381,-0.04322897586578115,0.0021985859788571627,0.11107259038887556,-0.11567923232673194,0.12185871686489529,0.03136208097573065,-0.00019388599663476452,-0.06665477014780133,0.08516460382967668,0.08219453430717255,0.010670935537536112,-0.1281221801198304,-0.05241990445818184,0.09199788398728738,0.1569648403381632,-0.18938695508523395,0.05774332706936798,-0.2672252425224379,-0.2233345113078903,-0.29066910883928065,-0.16739302046138904,-0.19319351541545965,-0.11108551664478772,0.26850077649435866,-0.059901868911817834,0.23950280226190773,0.24285920078313722,0.2019529745645797,0.25356359545290075,-0.11097468833361336,0.16402110221561297,0.10780302293833163,0.11908675839680255,0.1019198794498556,0.1918069239184686,0.17782291292295047,0.005579093870778714,0.18172795676570444,0.05703179777042587,-0.02446898408718266,0.07849542644395324,-0.2896559049676461,0.17057259047026033,0.18401832561088,0.11281813893492532,0.07909877672553853,-0.1584928842830473,0.17811888830956804,0.05069293957180987,0.11007703735837912,-0.12484735871680454,0.05947679068854945,-0.10246294251076977,0.03109242702421066,-0.07740511048734809,-0.21404109264987684,0.0422767743597872,-0.06490478306658982,-0.18709118327396743,-0.17139547570588826,-0.16310952135636378
-0.012331791293027304,0.12714472538587723,0.19408344018790252,0.07879230939511363,1.0,0.31220640553687706,0.19863836463227777,-0.05420210311679877,0.31367634911564646,0.2878658087463379,-0.22422658057304948,-0.085309438070116,0.03533890029827694,-0.05440280683942394,0.33567149056126194,0.20639412276637747,-0.34466896042602546,-0.2016921485669492,0.03029996753815779,0.13453020844131158,0.16272014502598686,0.16466248109898252,-0.02325963982084663,-0.12281734529840374,-0.11040550983089223,-0.18859823393760206,0.12754337665064752,0.169037135093488,-0.13162068757459544,-0.142567066657698,0.07455578971318726,-0.08980258344282677,-0.05988425530837396,-0.11439997245175795,-0.29206961242412605,-0.07199378609197712,-0.036810621127126575,-0.36070828779750164,0.038215511214915655,-0.014244472694413863,-0.12762360909296253,-0.10408974254186813,-0.30438378315880077,-0.24837369517192792,0.11705493839573738,0.036514548005641995,-0.19228627539179313,-0.09020251734971978,-0.12634027889611316,0.03173241965344066,-0.17743027037402212,-0.05168493929382001,-0.008142567722518873,0.017623731067401137,-0.16216560493336465,0.005287147005817271,0.0009826992477088223,0.08139891068225258,0.1287749466035156,0.22305961579604744,0.11553365030206345,0.054532459872175434,-0.2073953115857822,-0.042497938077926435,-0.1439615656310178,-0.31252122693710327,0.2330515748499399,0.07244935705477384,-0.023886526922596074,0.28392816793528985,0.11406161348463525,0.011364135919488079,-0.2782869869522448,-0.23504466378038366,-0.3482737093239052,-0.22903667496241634,-0.28523544224160313,-0.14293969923770253,-0.1712136885665052,-0.2125663894077068,-0.1105330322422862,-0.19288041246539264,0.25493551173400303,0.10011821076354108,-0.02760548547812251,-0.03936821067904101,-0.15154712256315828,0.06141497349258576,0.24077413353408855,0.20161114813125433,-0.13131667650513085,0.15050334048424857,-0.07756241721423023,0.13321944922110884,0.15040140245180336,0.14250516574565708,-0.08195481397661611,0.1390185897754473,-0.2536598548895128,-0.03524928979086405,0.01871200577311384,-0.005287694697943871,0.1582506319166405,0.14545731184143043,0.23621257095673467,0.264637469375332,0.07803942863192043,-0.2256170211702209,0.1526004930087684,-0.0847424559839473,-0.017174712077064485,-0.08473893871170236,-0.007193711312247558,0.09363909260041134,0.17482842709575155,-0.0524495511649147
-0.06937027030462915,0.06266681336146948,-0.04504403299641023,0.1692844197976809,0.31220640553687706,1.0,0.03283301911603775,0.05896533617359036,-0.09282897808182053,0.4843079433734151,-0.03227613077015845,0.05142198071770555,0.07012315025110127,0.08080076673196657,-0.0133062515873734,0.24687805557881395,-0.02079828161530939,-0.010335217669103895,0.175665564050357,0.18177100538919902,0.13750281260824918,0.1883416724047666,-0.12310634866763769,-0.18857290452446498,-0.24716208090954123,-0.014353661290499422,-0.06826880190690032,0.009129326032049714,0.09167579660258403,-0.08967045106047901,-0.11850445304122663,0.03350350071895407,0.15469761026817097,0.0577725537518504,-0.048402332828894695,0.0015635407008604456,-0.0015426834987140366,-0.13437840695157108,-0.09944648589645853,-0.03335932775906548,-0.12456270541560859,-0.04899612275456396,-0.14291359188411396,-0.11811583238063127,0.09107089963925227,-0.13002659205633701,-0.08362137288602758,-0.14810298214083256,-0.0063088722781559576,-0.04988994956691736,-0.0562048831641557,-0.14000879289363694,0.021003889518911797,0.01164362872442802,-0.12513319131874737,-0.11615505408529218,-0.09112071988950056,-0.05658865169183344,0.22445276541006404,-0.020085898920113875,0.20426090934105492,-0.0773704557413478,0.04581813068766233,-0.12380557521553019,-0.021970032418561564,-0.31317609984682515,0.08481123826376998,-0.13542242370123497,-0.01872004074919823,-0.030809407481201895,0.26820231275567225,0.24273282305780036,0.1686206199972874,0.1105262719848067,0.06376786068540383,0.08051790029251686,0.1448954201505867,0.07962323218443,0.0664974340455504,-0.26676428774386074,0.0348672013754338,-0.09467906085575926,0.06601709993722503,0.24474046024750487,-0.0728357065099695,-0.016629153428753204,-0.3008586641289558,-0.19916731772859383,0.13502079343283316,0.06874783825141699,-0.06696150256509967,0.004312621186677293,0.015573788989955512,0.0743064228960803,0.17601515870291617,-0.055786896497936174,-0.0336954132703301,0.06025263134847274,-0.03872791171760684,0.15262690715532554,0.15017240324170747,0.010106627497687756,0.03440734871212073,-0.0318544282866485,-0.014955047133010954,0.0704330368506619,0.15122726504466624,0.0055802189979496175,0.0108841091670074,-0.1561037394707469,-0.04915293462975698,0.13102514874276933,0.0020731819609420736,0.17602809417681065,0.03525040658347347,-0.10387979388130102
-0.3248228386526928,-0.5179442549583638,0.6725489734431006,-0.10139809984956707,0.19863836463227777,0.03283301911603775,1.0,0.30020435409829727,0.6076296501388412,0.4585510858902829,0.2904015193180117,0.21112636395232576,0.4691225616650951,0.3117113367289736,0.5633307166915349,0.4224548541148705,-0.4845019344319239,-0.3965068907771629,-0.3188524352599586,-0.23357785760748456,0.007819827896302282,0.04550530220125058,0.4697793382438216,0.282710167587536,0.12595825331187746,0.11113481381276856,0.030201196275637283,-0.2450320231490458,0.1500841153460488,-0.10368844582378259,0.41989683823487856,0.14420769305113773,-0.07019777253777287,0.26906830535815607,0.1313574498849427,0.2776236878259482,0.25823302515145297,0.005720490193416348,-0.09786454047909911,-0.025161800018146104,0.17092383843341033,0.26036157645414837,0.13065952782981916,-0.07073948112098728,0.007589617093523184,-0.16208760731526553,-0.2241317322926889,-0.22346406973573504,0.0566671796557193,-0.21717747394609974,0.17692250647560728,-0.1677298403542036,-0.06208945590298066,-0.015495507526122321,0.06896335270684538,-0.24807850652495117,-0.5458866536136228,-0.46103338233526486,0.012083450663110631,-0.15766098422461314,0.1609750306532388,-0.22674889728135825,-0.2025163454431433,-0.2294147193287253,0.42292326929982055,0.11748139554494606,-0.07390455912828367,0.09068729005131794,-0.4616304016943441,-0.28064787114355944,0.01587240557556953,-0.1891026717136957,0.13446280618817325,0.1871682209002629,0.0905002000673969,0.1802427057801099,0.27129708471418973,0.14298831576077248,-0.30747112917886227,-0.263628275217748,-0.369629533769284,-0.2250783924668504,0.1532057725619184,0.1517686088500824,-0.09592294912942521,0.13544388386257955,-0.30894545942811125,-0.24341318131874048,-0.06039714534041575,-0.047830982261209826,0.03397808084116624,0.04931202063224164,0.10905433992992711,0.2467146499683467,0.25935324776006563,0.11921105801883333,-0.10465933669894599,-0.12923085606064885,-0.2115293942114876,-0.19076275676220752,-0.019112456595602602,0.003923912388188052,-0.17341214630123888,-0.2497906230044049,-0.10558555883393075,0.03405044921574519,0.028741826501535717,-0.04112995530709573,-0.06652102673235918,0.05738519719743652,-0.09541164060004069,0.018424304906263688,0.14653037072729458,-0.11144107151601344,0.049775809629651314,-0.0743920029194754
-0.3449408682166521,-0.4426057886132972,0.32647101186841054,0.17572944136489085,-0.05420210311679877,0.05896533617359036,0.30020435409829727,1.0,0.23840810244276522,0.39848120721326735,0.27198752229343476,0.5756912486994393,0.3212435468863149,0.6549309288446716,0.13918969890470143,0.37460418595588374,-0.2283027844906318,-0.2557894818702968,-0.39271998153260945,-0.364586212007867,0.17058706213809488,0.14877597640052292,-0.011362214122505048,-0.002582808399862398,-0.14816124532951536,0.14926314865601628,-0.2694002928004681,-0.026605281981756834,0.25642536095197044,-0.03573331687010402,0.06887704560488737,0.15109188992318504,-0.026276266069516625,0.33534657847112637,-0.08000917787793849,0.31960544845564676,0.39120284494004826,0.3218695456840227,-0.11854336710175215,-0.005107879748038766,0.22135221672895683,0.17198902570480198,0.0007952098266386559,-0.11749706301914403,-0.10114556515790885,-0.1952618872270655,-0.32397607769933484,-0.3004293551301233,-0.0779435289538055,-0.31187078732581575,0.05649467322964602,-0.11938994054798857,0.10279919564810461,0.10088040913908977,-0.036983889767165185,-0.4121653898492721,-0.4419646552364087,-0.4830015718249779,-0.07845798014515867,0.10337256673660236,0.296292759454846,0.2177786025937351,0.10581906753806711,0.04578006128834314,0.02750485721247515,0.4805347633094442,0.04193490185186986,0.11704847254522882,-0.52889581157348,-0.4350281520404369,0.10463579317325233,0.1426942076442945,0.27064502020264436,0.1964059675772644,0.09857334776516273,0.21289635504547988,0.31110259442967797,0.2918979609462266,-0.336786717611052,-0.3464312915816925,-0.21466798867819278,-0.13834480087411133,0.14713190100421758,0.15352397984147834,-0.3002592890944794,0.08277527064958591,-0.14998302630924076,-0.14900034504440898,-0.2777665111131065,0.05941052123469649,0.25457175973920326,-0.062188963578885294,0.48473532520757895,0.09296143258364205,-0.03290131688130251,0.12188842530874239,-0.18883027843050648,-0.13730486152997992,-0.09619367808116246,-0.30967579186334876,0.1465753962726059,-0.005251628873178346,0.07341473263082901,-0.012082512850315775,0.17168401826297966,-0.1845430799081178,0.0183414015182543,0.41195345161738656,-0.07909194862566489,0.08119135354242177,-0.1256182410315816,0.05800679690919165,-0.10150351121981634,-0.22566430522067887,-0.17758393981356532,-0.06745847818743897
-0.2969792586905114,-0.44363630113647584,0.5149372894570715,-0.06960366037820906,0.31367634911564646,-0.09282897808182053,0.6076296501388412,0.23840810244276522,1.0,0.12636519766589416,0.057513074198884066,0.15764926150318884,0.2389494331068165,0.27509039939850316,0.6295752928840008,0.17770290332154745,-0.4001066119530245,-0.47854671815451183,-0.20654728767988995,-0.18194818017427025,-0.014566952928465715,0.043419412382470296,0.5052871968442062,0.28755281758116663,0.14783826145957107,0.014419713546856368,0.06393187886600887,0.05352165555951164,0.10108120137235205,-0.13632372502745443,0.15672500475251777,-0.05457876437071173,-0.18689059274979344,0.20106191415603725,0.3197250515051765,0.4138179990249701,0.23997604996182556,-0.12004445331385448,0.18561057011113133,0.09845166370375355,0.1585289485827812,0.36770640777738545,0.19450096100750927,0.08086003133751804,-0.11595656222115054,0.09858176100199442,-0.2268316111181021,0.1655310158270243,-0.23312327820102072,-0.25624152953364426,-0.09093885468287109,-0.3701509732696437,-0.2545915466292574,-0.18036198579919657,-0.19436033509754416,-0.14784671644017502,-0.4469960917084528,-0.45673715654351676,-0.037206949142992836,-0.22058208228980183,-0.021889768397848515,-0.2519555390839357,-0.40643473368095206,-0.39316001716811816,0.4008217288771491,0.19065522406734195,-0.1577506938469448,0.27082086509086695,-0.24506921050698985,-0.11091152588104923,0.0815391053600036,-0.1721452852590598,-0.11123221287563358,-0.04771097430609316,-0.07554753202700328,-0.14654747954064476,0.09953908588314812,0.23307926131322873,-0.11939987248422858,0.010226600653117814,-0.17508143278520677,-0.016483392343807465,0.30853798486784484,0.27624802749979566,-0.0264791295599899,0.2318465787370585,-0.19590916225560448,0.019533477568866166,-0.10543292294165206,-0.19776027117527106,0.14668615445709793,0.16470604377560033,0.1572815434912412,0.28033393596977213,0.11930053113536729,0.25179231053852535,0.03295171179194256,0.12220481326234728,-0.30907842298220284,-0.20125168942517171,-0.17069202391207725,0.02127135257830181,-0.2566244309856748,-0.14866005625432827,-0.15954944199122004,-0.04232894494048496,0.01312988115757881,-0.14272038812583757,0.1842984488819848,0.25359202275927145,0.32956067191750593,-0.1950272027534009,-0.08084545011938297,-0.21344854576346278,-0.07186947870446066,-0.10427191049103901
-0.287329737255868,-0.3165029958410551,0.24102520458688648,-0.05469823091108004,0.2878658087463379,0.4843079433734151,0.4585510858902829,0.39848120721326735,0.12636519766589416,1.0,0.2145583874208433,0.3005564595428868,0.47569030516849004,0.3930452486289741,0.30470784205489665,0.6501726718417932,-0.14385106394223487,-0.2157037694722463,-0.22863698130621332,-0.1669954406233211,0.12828004269666315,0.1800480413076888,0.03675863517240085,-0.11884861215447398,0.03314822621025232,0.24724278214755221,-0.11008846789701134,-0.1587646970675169,0.3732423516312991,0.08799404573606823,0.1701733271308355,0.19417658329235526,0.053675450330506524,0.29119709994366544,-0.044137123548166374,0.15692746224555218,0.25760113104709514,0.2336320657746641,-0.17675453153986556,-0.07025320208145938,0.25174320436909847,0.03317092048697279,-0.04187539142714358,-0.16084373934551438,0.037542522652995534,-0.3016579965332856,-0.23553666881333024,-0.3612341159007702,0.11157745083151817,-0.14414235072606385,0.06926847406087856,-0.05175904157294699,0.0707081511214127,0.2118213604762741,0.11240313714935028,-0.2951584606344837,-0.31978571639939174,-0.3224365654984247,0.07201868225640519,-0.04718919268790574,0.2698431299248819,-0.14529075577222203,0.2468824929664989,-0.06642722535868435,0.06347342717994452,-0.1491513427296091,0.0527790031150413,-0.15994422336821287,-0.4439432862963205,-0.3437701963388358,0.16412083231305274,0.17198101922988598,0.336736937283096,0.3032471724822468,0.11824398816272078,0.2708723690932079,0.17840496426729296,0.12423706680689525,-0.23863332738405033,-0.45950157935677194,-0.06490496849424915,-0.18937394518000902,0.01973403702336426,0.25104836230700067,-0.10352166064218722,0.09850006014511681,-0.3988284168735571,-0.43154171637169275,-0.3019425105675767,0.01170558439564055,-0.0031167272340569697,-0.03442873172229242,0.28079698857924634,0.013780611381835258,0.3871674581672959,0.003670297580123774,-0.1389239045539153,-0.08926859850309019,-0.14376553250251273,0.034842490252329675,0.23149802599263344,0.11931568861036186,-0.01751983749760915,-0.2001029265302417,0.016594136943888244,0.05408794572019447,0.10811176827243665,0.27141714816093343,-0.05199790935791438,-0.06933323755234261,-0.2607594650089214,0.05458082707500135,0.10371326122887274,-0.006247661477062365,0.16805627447044844,0.00018315584379961707
0.05022093334097428,-0.1803117264160883,0.1781587296636058,-0.231790088480896,-0.22422658057304948,-0.03227613077015845,0.2904015193180117,0.27198752229343476,0.057513074198884066,0.2145583874208433,1.0,0.5735461315469083,0.677920423592908,0.4410612191796748,0.004492713004905531,0.05427418039661803,0.09101498334364791,0.08328243343416974,-0.22373468114071912,-0.0854996904987902,-0.016590609318701176,-0.13890982309416977,0.040675673118760955,-0.068788242030357,-0.18502846211556373,-0.09397347490048001,-0.18794478127088338,-0.43757024674780987,0.26558198093356744,-0.05317750942449312,-0.19646001170800018,-0.25954763639899314,-0.07558587370609042,0.19946972020650885,0.1065496927462696,-0.010207096904824527,0.19293943084026113,0.2452730099419524,-0.41669580290135155,-0.06793955814098447,0.1426527146413214,0.07801937398474439,0.1665885222920778,-0.032244537348212664,-0.0538055487785651,-0.2794291378339151,-0.009480331803928528,-0.34107937540623007,0.2806326607172251,-0.04905825461037246,0.2688541282051271,0.03980633705090287,0.09706750392737906,0.1002119650148277,0.13434824708687512,-0.25536691103231524,-0.1382383921197891,-0.21687264583683252,0.32361116609396007,-0.14976075738907685,0.5331903980362704,0.25172024117407155,0.31803310035747495,0.21696230388337207,0.18012525674012028,0.2921558396242371,0.029055336460699473,-0.23076435894133812,-0.21114744351287582,-0.30016630413989,0.059248113627245975,-0.15234990095323458,0.4347008763904892,0.3177150809834956,0.46432183636842167,0.19816702681605228,0.3565106352475625,0.25917974200786903,-0.08737943278541735,-0.13407272382838178,-0.12283741941684928,-0.16650045734456714,-0.20514224924417573,-0.28288049740963295,-0.20061252673232582,-0.10879752633157304,-0.1566398727299271,-0.386562177385873,-0.22141577115349603,-0.1321840060376006,-0.13365786634327695,-0.21134018525835485,0.06976957431239855,-0.07940851758708455,-0.0790660647714256,-0.08782297146455899,0.09984262006978782,-0.2983816117104007,-0.12318784924162514,-0.012082381125792416,0.04062504526605867,0.21250490586668858,-0.28038966694107975,-0.32345225906659747,-0.17053272409589926,-0.10681339234833827,0.04478416285576008,0.35311698127501456,-0.42531669751291484,-0.13391094697632355,-0.17261551614478393,0.13614473555247422,0.1789013306603072,-0.007579134495590203,0.024775447153063544,0.20372680622787107
-0.15507781014513494,-0.2925860821545194,0.13019415807962548,0.010051276087311302,-0.085309438070116,0.05142198071770555,0.21112636395232576,0.5756912486994393,0.15764926150318884,0.3005564595428868,0.5735461315469083,1.0,0.5061150502044596,0.8174831519234783,0.04000563560979953,0.3581492605972258,-0.06883541124186274,-0.2485785452382425,-0.4059376442298471,-0.41451082470269834,-0.02481246622997505,0.09807544895411928,-0.09849258549186028,-0.2507170550143613,-0.23400252956472994,-0.03612602045605017,-0.30695065789050324,-0.08847868022981023,0.27833055354602915,-0.0916971608114414,-0.19134695672844354,-0.15238325961011073,-0.13837681042734354,0.19758850716993578,-0.04851197172125126,0.25977166364481574,0.3625948802959833,0.43198388135295646,-0.18331043457564022,0.009858729595561137,0.28141806114808254,0.17954651198366123,0.0169243425968575,-0.05437001418260038,0.009434321061181502,-0.19868339307378632,-0.25366927373941056,-0.39087095568203756,0.0823930183603303,-0.12284296710301676,0.014966046894515453,0.047825373022789344,0.0863385052581627,0.0283550235992984,0.1754716165235917,-0.3279560151163418,-0.2591552896405376,-0.32816421451374733,0.398088452077924,0.04494558099886611,0.6779021527808041,0.344874298482617,0.31862273414424463,0.2692284266763137,0.005711451320048094,0.2804550837974485,0.15435092783893856,-0.09247582415679803,-0.5593482732292642,-0.3089608687968633,0.20878359612764327,0.030423182795190348,0.3112133779919863,0.40446146754220647,0.3832693757627216,0.22244125235099776,0.39388917739769247,0.3382972984259759,-0.2430185145123432,-0.3107208927281944,-0.20698335650218383,-0.17905781989419228,0.034104937600591974,0.046408639873376685,-0.24922266456319112,0.07096302124347702,-0.2665713529643772,-0.3211286550998469,-0.32995072679591486,0.08036777165464692,-0.041345160433454445,-0.22592533554500005,0.2829019282526738,-0.015303922493793226,-0.1518832573541675,0.0046464172520747065,-0.1459845634720727,-0.2748723978944782,-0.17013371420307186,-0.33590897276524473,0.10316027367444368,0.020250390550974183,-0.057443016268350834,-0.16094385508704842,0.013135280096422893,-0.20945149539093622,-0.021203886917986112,0.23245007963368366,-0.2537837648281849,-0.08265380301055453,-0.22577770599817681,0.058252497569781285,0.03564911677863807,-0.09754394688326899,-0.005748907834002044,-0.06587415221423676
-0.06421428487360055,-0.30959609371342484,0.21077504717416767,-0.2690872841557713,0.03533890029827694,0.07012315025110127,0.4691225616650951,0.3212435468863149,0.2389494331068165,0.47569030516849004,0.677920423592908,0.5061150502044596,1.0,0.5017304790587549,0.3528699432422567,0.45123139964776604,-0.25997985477351426,-0.10569885942589627,-0.2627416440958928,-0.31228826953080924,0.033319487133895105,0.18191151383748058,0.14531307289068585,-0.07048495706533273,0.07239167642897537,0.17585024353333767,-0.05577615426830812,-0.15738840938308735,0.3590579503809375,0.0677074947565506,0.0027447119243616735,-0.09212382694246657,-0.1563784775298811,0.23224991853920554,0.09397410235084044,0.16052168771329378,0.3363346968458558,0.2685504378700375,-0.11921892604761195,0.10272315274306053,0.27033842529726054,0.21878627369512454,0.00972080713716332,-0.19403077462199417,-0.1476227150477607,-0.4247353374773895,-0.11028624919610967,-0.27240975933935724,0.1656379395256963,-0.176286677445903,0.198098524157058,-0.06635005474481023,0.02027828716271872,0.15273694178248645,0.1969216243095021,-0.26262786603835236,-0.20951232539819034,-0.3182490958121571,0.22220117713437704,-0.16600867665531097,0.5364079797757614,0.07889944976010552,0.1372543910340608,0.08675391371744018,0.12089092804442982,0.1211359555663212,-0.09484681256420942,-0.3095217573920451,-0.31317421089870523,-0.3076082443770917,0.158012607382536,-0.00866130861986699,0.3849355781946407,0.30944312496147114,0.3891819134894544,0.16434905031986918,0.29794949198580284,0.2438782297058059,-0.27730877136151183,-0.2475538058551503,-0.2341301623072726,-0.1427170672709389,-0.030983479577363235,-0.08250662120035519,-0.13142055661674562,0.11591304090111773,-0.3180328422809628,-0.4283752571839496,-0.2610414146597452,-0.047048977565719165,-0.1517328392421982,-0.165020682408977,0.2071781569830851,0.06149653234162482,0.01060689308776895,0.06317882514355205,0.044178236351684316,-0.20326256129652404,-0.14259351390883068,-0.08826599001784763,0.046928235674695375,0.11241249627420569,-0.281559058079088,-0.32420488547770226,-0.24802069133342872,-0.06785633886095004,-0.021813633924124873,0.20881213459410142,-0.182827313411094,0.07994643833304733,-0.11156760846059707,0.024540084866909,0.14051638993049304,-0.063020398744782,0.08618216062263563,0.18346501081459918
-0.31005769093999874,-0.4655499121117825,0.2552050749681777,0.03483195650593674,-0.05440280683942394,0.08080076673196657,0.3117113367289736,0.6549309288446716,0.27509039939850316,0.3930452486289741,0.4410612191796748,0.8174831519234783,0.5017304790587549,1.0,0.1924793942405633,0.5066525525001181,-0.1379229135371817,-0.21142192502163812,-0.4362245118497925,-0.4903416904162721,-0.06098878290539927,0.10876884098167187,-0.026424931251462662,-0.2318777395330292,-0.18390490225474854,0.015022688710336877,-0.32258790617022903,-0.11779866760549004,0.35218152883840226,-0.037497835468921104,-0.11968704555786074,-0.09391073247819476,-0.13409320535227207,0.1762630423774896,0.031553640771478784,0.4094831491070537,0.4168302097311174,0.37113700966410273,-0.07006911631888721,0.1547036074784985,0.4118799613488456,0.377711146008892,0.12408849968245736,-0.03446033183017574,-0.10031448118575305,-0.2425944385072959,-0.2967369258852606,-0.3032295904680274,-0.01725187373531828,-0.22384477684408471,-0.030085354456943773,-0.11439663106092689,-0.00594818885405644,0.004371501250936664,0.02811631356463524,-0.30522354233213683,-0.42655819755610014,-0.5033685993812059,0.1348181571861154,-0.0005603746012711007,0.5157931906795608,0.2198595883340376,0.17758776460464562,0.10186240717989442,-0.05305813275367628,0.2940473171012903,0.07871026665183217,0.013317321030552325,-0.551431740045086,-0.27991737495780383,0.1804608806519177,0.07096483764735133,0.33038724986339274,0.46654947726247586,0.33035095843690176,0.19300905995807172,0.4525629724005754,0.42298025236140535,-0.2707843529376955,-0.2849049879395955,-0.14905133306122242,-0.13304253774494101,0.23655892859264713,0.2110239391429105,-0.1905752842324837,0.24810363920062758,-0.2907865737681201,-0.24574253026026174,-0.36374045766052565,-0.056386024417766245,0.11788935748008218,-0.12982992269061,0.3454616291920532,0.06598578382235849,-0.07329435277140753,0.12395703108593975,-0.18045037390667792,-0.13024709569646153,-0.21609099322805583,-0.2784847867443749,0.09056523182389047,0.018633914313233094,-0.05608456111410661,-0.2526974073107128,-0.01760069553344724,-0.20032558529294203,-0.052110407830404167,0.2181466878254832,-0.09899126611279015,0.1439546015007211,-0.12081956560299416,-0.10488992584866938,-0.03829322571262144,-0.1861674043156425,-0.08502492892033241,0.0017664819630343626
-0.35002973287683836,-0.38770636155039173,0.27255532827066775,0.049421917857080805,0.33567149056126194,-0.0133062515873734,0.5633307166915349,0.13918969890470143,0.6295752928840008,0.30470784205489665,0.004492713004905531,0.04000563560979953,0.3528699432422567,0.1924793942405633,1.0,0.4875579089656837,-0.41050480995015565,-0.37184488505250884,-0.26285516931405556,-0.1161672374771484,0.1251707835207936,0.23359197521718092,0.38627755066134,0.2617611646993709,0.3413095068152617,0.26624926677398497,0.23539860639688132,0.2023060757075917,0.20975613543835078,-0.0033065696361822003,0.23289285853818817,0.24721874786566556,-0.1551570761224169,0.19158945504195246,0.10772564525628262,0.16814673023748294,0.31181363511060484,-0.08161010924116954,0.2492640412807642,0.10282698621170851,0.16990815987195323,0.20056454801236884,-0.04144777665401474,-0.17372673117404505,-0.17279013187744158,-0.10975026678267621,-0.21479881180742633,-0.03194858029444685,-0.24730075527366746,-0.28389639167972563,-0.09789117975214227,-0.3205429860349051,-0.11730989813018047,-0.08175178432840348,-0.04431805505706154,0.030035606897611665,-0.37736441048996466,-0.3407274922202059,-0.19143227965097928,-0.14123687373404023,-0.0013911966036541587,-0.2445733791242789,-0.3103596670587779,-0.18563021117730652,0.2919492371438849,-0.02858104477926256,-0.2851845107088243,0.06065666297829624,-0.25765553378993855,-0.07453546453786875,0.011058989390842367,0.024354697261523048,-0.0023314156408220364,-0.013804113626543078,-0.20787235474683569,-0.03805218307068858,-0.05997106238050308,0.01472207532491774,-0.07483424936891686,-0.22151126301387092,-0.05376466089020062,0.034165982185178315,0.2700936122004246,0.28299545712930096,0.1339924950033118,0.32960483118060585,-0.27800870873113437,0.036229816556599036,0.02536345992230159,0.06606295285654555,-0.00996902048807398,0.027403874192183115,0.08452949705601615,0.29868056210803506,0.28010842112916756,0.2787778008170078,-0.03191499266066119,0.20021286064336352,-0.18755970619296158,-0.14652009922064668,-0.06541242666161362,-0.10153051711592724,-0.12571508025559427,-0.1273768860409504,-0.12804636971487907,0.02314673665054353,0.07552883964388823,0.0416494948464793,0.11262716413333593,0.22405349425248114,0.02109864967968427,-0.11407011249805636,-0.06278628199231033,-0.2228886755555538,0.08174237333920734,0.0880681610778847
-0.23535652979890115,-0.24109338923693588,0.24519826209848317,0.11114892978020795,0.20639412276637747,0.24687805557881395,0.4224548541148705,0.37460418595588374,0.17770290332154745,0.6501726718417932,0.05427418039661803,0.3581492605972258,0.45123139964776604,0.5066525525001181,0.4875579089656837,1.0,-0.28282203907690145,-0.28295819230072783,-0.3105091010277366,-0.2040409893494134,0.18771229882817317,0.3459112447790891,0.02086328091837452,-0.06497588623557568,0.12135048526703482,0.290686444378779,0.00010844378618556992,0.10394170838375082,0.22473518654569202,0.09109682810871686,0.25020622994450303,0.178322232326598,-0.069961480602424,0.17359924238937893,-0.13620809252724864,0.056321710058958946,0.26972065047897803,0.28642831223002413,0.08113916878354384,0.24133447160455776,0.24654542954970662,0.26467763143466966,-0.2082606445874662,-0.3033467783665535,-0.10826960827507255,-0.41794432341567656,-0.34084041687058036,-0.2769119978272679,-0.008510992128705737,-0.1491320200196858,-0.13676439140662627,-0.19885731193600376,-0.03166502576114498,0.038934346288681636,-0.0035748936512913754,-0.14012640946414645,-0.2635077129013625,-0.2849753751002813,-0.0424596923994882,-0.09122544418217704,0.3417122862656808,-0.1590530301105414,0.09838176386010421,0.036387689530971684,-0.17465980056883995,-0.24183078692239307,-0.10352424580498443,-0.2585499275058555,-0.4734431361351081,-0.2372611653013732,0.1545191752056315,0.20985661679461892,0.14776524390486437,0.27946571318612956,0.03553156567628713,0.26172258883613947,0.1013658158588588,0.16202937415970325,-0.28600462756624856,-0.4244599482686192,-0.14239716247048953,-0.09528592664391129,0.2673700008868802,0.43893239748424345,-0.1408208870135603,0.24396101708957965,-0.30730843859628104,-0.2555456675207885,-0.2415154218368257,0.07624841495044785,0.046046372317985466,-0.016063976896498414,0.3087559538434131,0.1602602912322455,0.31607948482986004,0.2765164263333049,-0.11817216497111142,0.09187419766440422,-0.07648249240411752,-0.1266365929679872,0.32225140960799453,0.02566241732096069,0.1230861000647113,-0.07281591977897708,0.09621158454138237,0.09422222708747406,0.001644021623200169,-0.04482594031797823,0.04007133435642928,0.15047493474005993,-0.3118905593720303,-0.02758013639638795,-0.014080324961674074,-0.056988714982951605,0.0804266131590308,0.012275426980547384
0.31121935528666494,0.43784820717476314,-0.38787130852400326,0.019616056542532786,-0.34466896042602546,-0.02079828161530939,-0.4845019344319239,-0.2283027844906318,-0.4001066119530245,-0.14385106394223487,0.09101498334364791,-0.06883541124186274,-0.25997985477351426,-0.1379229135371817,-0.41050480995015565,-0.28282203907690145,1.0,0.5851162123401356,0.10707745711819903,0.371980319166855,-0.18436106369939428,-0.2579038656489128,-0.26663015241999444,-0.10902599344002344,-0.13878890107990868,-0.08572133769593539,-0.10650613076647822,-0.23833866029459364,0.008325276974752615,0.08641528456019017,-0.214259815034084,-0.11831855546441646,0.19404363213548395,-0.0240678068831145,0.040504662692288786,-0.27357047266328904,-0.27199933229238527,0.004730686288217279,-0.21157791373031853,-0.171720359704094,-0.035312612362652804,-0.2367148539155882,0.034223055121409954,0.11238266704634726,-0.04235139545779578,-0.016402524160770315,0.15286923803767344,-0.03182825988400999,0.07242264394924644,0.11833580360835148,0.06448003724817776,0.14277546569104532,0.11074907082207545,0.08118987926116615,-0.057451930304881736,0.027905606939208173,0.43857853319511403,0.42224821522945155,-0.015293886537463268,-0.13975530159648758,-0.005373413471610969,0.11735222997070018,0.4034979589980985,0.12443012902230262,-0.011054366581349468,-0.028633653983071623,-0.10224722868659904,-0.16919385348436192,0.2576214041157045,0.09928394267851103,-0.08962476991280179,0.022496537310190724,0.1244583127283506,0.15375676151352585,0.15741308551313235,0.06241289188307576,0.07883892519371306,0.07560016163400626,0.5056527026310644,0.28912126255890247,0.3267819198631951,0.11834008840001568,-0.2441103510873533,-0.11198264372667467,-0.06707096709518674,-0.2156908985148758,0.21958345431589332,-0.0314875684056684,-0.1466831830138981,-0.11894340837127396,0.007396530254856841,-0.09761696080628263,-0.05397854453724962,-0.3142363987412829,-0.052208583777670216,-0.1164875509720752,-0.06033215554083834,-0.1886883194640979,0.047513496742804286,0.3741258644888351,-0.11236290627662061,0.10204955312525231,-0.21839791224992977,-0.22672075011658294,-0.03264219638353883,-0.16974710038515523,0.1521263682378135,0.10778023614104477,-0.2328347066892481,-0.24322114287777377,-0.1490073534260164,0.18242182226061482,0.07498131282976805,-0.07033977769335303,-0.18446771416905322,0.05221883330689507
