1.0,0.05890801367500131,0.07337835172550809,-0.33553257007917875,-0.03300027040250756,-0.036565832602316516,0.05647107272211861,-0.48412342751215676,-0.035908815642464266,-0.045845931302177935,0.5380639223931206,-0.056921859216213136,0.14579527166406395,-0.11563579104710404,0.17341995575046773,-0.010762939677542441,0.2314422830015195,0.18594225179335075,0.16810694246705796,0.03238840066668282,0.2559443518421438,-0.20967905569181874,-0.03137540614596444,-0.22966744618483828,-0.17630840249901122,-0.18143357035768568,-0.04958638763303139,-0.17684286443287928,0.25013268825158025,-0.01697644971654274,-0.04153011994447608,-0.14819644241862925,0.02982686355153201,0.19703044686056523,-0.17443908451091647,-0.1427424599526615,0.1556581880478789,0.07973605988586686,0.167004579774641,-0.03304051868720478,0.10527532818675996,0.174306339031325,0.14120600293984775,0.035185450685651355,0.1954490889499326,0.04515035188848228,-0.20661341733588834,-0.10331282864945185,0.05946289150469396,0.08505173031761241,0.1462161100467951,-0.07308199632006487,0.09375991399278792,0.05172684334942008,-0.04349056206123954,0.05252527669833586,0.054160883329220755,0.1869976904164584,0.246791896336818,-0.10150204590125152,-0.05331353218187432,-0.1395625423872581,0.07510563558484865,-0.0690493362499554,0.030098127253911654,-0.11707631752768415,-0.14999868239659386,-0.21029092639932775,-0.3140030251683741,-0.16740973790691746,-0.08098747279930424,-0.1206879811565176,0.34937578519812923,0.21895325856638573,0.2970427176590784,0.2375132110402523,0.3018759568254612,0.08093176481929952,0.07171999753464814,0.23320302666015155,0.2386432917337666,0.13049598454979464,0.10089974025859709,-0.09756991239101039,0.2677587764995321,-0.10734794522761025,0.25409791583036956,-0.0995236659890707,-0.00274044178899204,0.08045716058064312,-0.09540075205170864,0.23093487378217564,-0.30678494187799993,-0.11015857866046255,-0.20990884767737916,0.2861901241467048,-0.15506684315114896,-0.22465881070892518,0.18735859372684724,0.03857650356221171,-0.07676815331764462,0.0039470207389768076,-0.11933368802160381,-0.07124286669561673,0.1787705141221681,-0.09484502334070666,0.10609727473646659,0.10101884014767908,0.14470095743592362,-0.05046365315211413,-0.20262001220576176,0.033818249325007155,-0.04162725443930072,-0.08882326473302488,0.01781402832392939,0.007381866901579944
0.05890801367500131,1.0,-0.24122091536163942,0.06343462398349653,-0.310627544491766,0.19825654028188905,-0.3689344753364729,0.1942415161605483,-0.12555443551323195,0.1630959932154926,0.19083012708962468,0.4130443696053986,0.22241794104622034,0.39246354958427976,0.0779930165093855,0.38963365075134127,0.32745565959266854,0.2355610811933872,-0.056933553204603596,-0.08339172517098639,-0.07304367906826396,-0.2971484346019836,-0.4204799995425307,-0.4431355632066086,-0.3412160132919593,-0.39443931692227663,-0.17677995785235248,-0.10448402173329997,0.35473896108865444,0.22210330472455533,-0.3830625612561564,-0.13614925745090484,-0.11556874888492454,0.19638001286945891,-0.23869564010646585,-0.009448481692110959,0.22953233949109006,-0.024184277864497214,-0.026596239694648523,-0.25264142104277904,-0.2138728362355516,-0.12462485881538299,-0.037362926323667896,-0.07724742510525251,0.08495517945260463,0.14345640637352097,0.07806945748694251,0.12747184346333118,-0.04445602163080723,0.07708114561744801,-0.2551956394542479,-0.13943409363022385,0.07551261237051679,0.10329124299669949,-0.29461286613687643,-0.2287631835165026,0.3684356745221618,0.0963189550391649,0.08802896383971029,0.04281601666604409,0.3305854836489351,0.46804500686404893,0.40909018471693204,0.2650986139947182,-0.0703158756994011,0.19892224560758656,0.009216861559292867,-0.1523988421401349,0.1814645798970776,-0.09692594793363213,0.05073709687897718,0.10968197267656515,0.01631376850619308,0.04875195678273507,-0.1275287492538353,0.264385926821251,0.10284509156498929,0.20967266083017091,0.09659778655269786,-0.09799177614625885,0.29746047910560786,0.3420648981485926,-0.08109843225014217,0.28733788606844185,-0.06829943188471276,0.09772016713200415,-0.2672036288690787,-0.1558340286973489,-0.05070403094187939,0.2871519940708013,-0.017942216885144417,-0.15665123975476358,0.00013627483713202722,-0.1477989163250149,-0.34223582741458103,-0.003515384562483463,-0.1685897157653647,-0.1253570546628737,0.10632771516898283,-0.26214293089083746,0.06603668448488134,-0.02051790299840647,0.10605253129155215,-0.3287602293828468,-0.0930472775449065,-0.3945228343050092,-0.009838582743865606,-0.058187224276965904,-0.11343836998239548,-0.29379927443032666,-0.21040182931044313,0.18743837417801135,0.058340330239894794,-0.07470683251791281,-0.25486442137192494,0.04889094425014712
0.07337835172550809,-0.24122091536163942,1.0,-0.1697974411643918,0.27380359114897423,-0.02961617081535151,0.7262765623958938,-0.14423253905161162,0.5075454893072238,-0.27228609576884827,0.23846136526342526,-0.3892282803436357,0.27548815106407853,-0.2310085819828144,0.21088636588463014,-0.2281541984170501,-0.1255514604456479,-0.19352005946809483,0.19057592873086415,0.11307583026807165,-0.1195355288508943,0.23822460569909268,0.4871783260459051,0.23512475125316384,0.3036837148967656,0.24810728040065944,0.2930194262043838,0.19732913167508304,-0.02553233367978636,-0.4008460370175795,0.3780266533408939,-0.02178278494084341,-0.18349347483316142,-0.17087315697183952,0.057663048465715135,0.2009486671147238,-0.10952591780069602,-0.001424370426320647,0.04696188889943325,0.31236124985442726,0.07899495614859639,0.192253036576216,-0.2651790789353973,-0.32032459895679827,-0.3034105155289287,-0.5732365920888052,-0.360150884310078,-0.4328352774459313,0.23384947684934215,-0.5667329701297413,0.2741272930146732,-0.3109547009226244,-0.1482016672463866,-0.3840100477529395,0.29029458252544943,-0.04572280322663641,-0.30237284459456354,-0.11880565686853542,0.4025679248560705,-0.29667103640059456,0.32075969262983733,-0.280786714626174,-0.36062402114043807,-0.30740231524950984,0.5929201059983364,-0.1088913847680753,0.004115982833371342,0.11273806910609153,-0.23369366946655531,0.1607331913627801,0.16223193757244023,-0.08049676982582464,0.0028428378776086958,-0.050755013730753785,0.03891098324179742,-0.21410589253648557,-0.1395092553829204,-0.17526506736660605,-0.3309213085114516,0.07166595688825653,-0.42699215547234665,-0.3875679351358839,0.10444845072080192,-0.42352301534995856,0.07083184530510905,-0.1499695336029574,0.14802642065018676,0.06057973931059097,0.30111154410263663,-0.48941374930539605,-0.14819939706040708,0.06984410113137945,-0.08372373728880711,0.4837783248442335,0.2585038922007806,-0.1262177314917072,0.3500250370573262,-0.0583335518157327,-0.2645409630013613,-0.16011833594057498,-0.05972394506104916,0.2197230373581368,-0.30952475861505224,0.07979142441612168,-0.01061930113421736,0.22895202892465613,0.22462159172673798,0.39128691866112514,-0.04292119581121681,0.442357433234867,0.37051116969981757,-0.1919202682561545,0.09308880790745909,0.09071152225590136,0.1478649731557097,0.025370664495374774
-0.33553257007917875,0.06343462398349653,-0.1697974411643918,1.0,0.21929172666167812,0.09658772315955262,-0.08408225712353729,0.6510969892380973,0.13137018273321582,0.2550513604182461,-0.17285875315281685,0.04828989512679951,-0.013566173447182679,0.14126884512872154,-0.16651368622123047,-0.06080572324216603,-0.16416652885449834,-0.08929577295800582,-0.07282363668074036,0.17299164390885316,-0.016755679354223632,-0.05474216305558456,0.24128795073863718,0.49078513600820556,0.20020520008969084,0.2865338254600356,0.21367303143070268,0.28686135536240503,-0.32767606504113783,-0.33538546047305345,0.11872714007043517,0.3680320075319972,0.002344252721324235,0.04712925913428487,0.2260890522006092,0.18610768774590336,-0.4102385327401965,-0.330510356151118,-0.3438606125178709,-0.27461076179332194,-0.35558716302767773,-0.41265112493856104,-0.39319396961778735,-0.2831882617825664,-0.4299766153907596,-0.07439433116454147,-0.17691261274398806,-0.026308169309563378,-0.277990622916588,-0.23109442781475312,-0.33758779677582945,-0.09558099939555652,-0.16093540573013435,0.01672485316871063,-0.3579659966977573,-0.22109721831025506,-0.25263441142620524,0.2247748608257543,-0.26450529896992764,0.11797553620595767,-0.04267594296306678,0.24515803464454836,-0.07414665851090403,-0.023542108592545238,0.2136721822598164,0.21352847012855275,0.013647578670382621,0.036743759521317934,-0.08806109574911825,-0.1403171399359084,-0.04099402700100513,0.08652814687201184,-0.36445935407365676,-0.18184645438868094,-0.2645026365647664,-0.12637103708855618,-0.2456004711187695,-0.07473004550826821,-0.03466881108678442,0.018488365918824818,-0.37920862799941807,-0.1256307254178549,0.1210391853291689,0.37623591707409565,0.082794242431965,0.2640000622851905,-0.04087047316849427,0.2504660369399838,0.1404331958700795,0.223226392677849,0.10088819042880715,-0.0926247902139146,0.4958556092015019,-0.03752585163861484,0.08870744598720634,-0.25668823986080747,0.10389433921063532,-0.056631306210045876,-0.27306775201118927,-0.16676913291389622,0.10154648558549823,-0.15566516171521175,0.21304790797900475,-0.2045151548025159,-0.10994802688029057,-0.26265789191357825,-0.2508691290744039,-0.22589753671356633,-0.2785549935418627,-0.15529505595580792,0.07989971791759294,0.047786250363218256,0.12854188679779613,-0.2460339132667614,0.004121911441223491,0.13386920832390328
-0.03300027040250756,-0.310627544491766,0.27380359114897423,0.21929172666167812,1.0,-0.10797246244978698,0.25137992428124023,0.06847538807912851,0.4439691053018424,0.01594745386699287,0.11873662256924886,-0.2438791235375249,-0.1967403264915016,-0.15972806016014499,0.302233567497606,-0.10877235374149852,-0.1066314804991329,-0.04015247180389118,-0.17814569082930945,0.08400206378800182,0.08246253149871387,0.35189306817353977,0.5840418458659015,0.40861973895286746,0.3149417761829543,0.39798747458988215,0.4505386359617034,0.3396315759873704,-0.3126650425715359,-0.2454188811648378,0.1376936137659707,0.17546765881749452,-0.1619306443860487,-0.2253517187244267,0.0012271097511042113,0.11386259654189716,-0.2800336900065137,-0.22822373900487494,-0.022212457280493196,-0.09072727249952456,-0.02143164274598428,0.024005347890722305,-0.17241817394431366,-0.17354729351968573,-0.33179865189735064,-0.3804249417230979,-0.13224129171783186,-0.22193760878983063,-0.1263089326032138,-0.22427546556840142,0.26996022170725964,0.15003611347758808,0.08222059817998321,0.10369266546403566,0.21083259641148483,0.26078481878578336,-0.1801156241896417,0.0653142561665036,0.02265129935922771,0.09516553577645742,-0.021845732414429348,-0.16783704797134555,-0.260513522986104,-0.26337411915802383,0.2507192798043526,-0.026944209377191605,-0.18604862477043066,-0.012766898575737881,-0.3822927662304924,0.12670633239911722,-0.02411930191967826,-0.06606692244479255,-0.14455752648547038,-0.18941401950312617,-0.06473578256860482,-0.19043024511820378,-0.2647211797675733,-0.11815833680783626,-0.08040184070860662,0.180811466312595,-0.34280693747896146,-0.1488028646888214,0.1364657572792741,-0.07945743826228877,-0.06778705437420621,0.025759869157632096,-0.06244926804361788,0.09979441657711109,0.17978365940685215,0.005339536299727128,0.0034110387362775462,-0.04206568155889869,0.10546789469019428,0.08868456301576955,0.253214604622374,-0.263033822156611,0.1615781994406083,-0.14998598466396806,-0.16288530117537872,-0.1685921594501929,-0.027657035599785905,-0.14687357824254318,-0.06362173746296895,-0.15338101633782564,-0.036123298127824194,0.08442529797068796,-0.21734798625980611,0.08970745801101573,-0.1850258564537639,0.1224880725979392,0.08091034167968818,-0.15668491856921096,-0.05547431249469355,-0.12012513587827196,-0.00033725683266976926,-0.16581008348464574
-0.036565832602316516,0.19825654028188905,-0.02961617081535151,0.09658772315955262,-0.10797246244978698,1.0,-0.04079851205781352,0.11523159281728934,-0.05477846745909443,0.28746854344343803,0.024133125129275353,-0.06305146688264422,-0.1167505358838024,0.15646414225925132,-0.27718962328817737,-0.059847214715555194,-0.20751581315826884,0.07309828298828089,-0.3175126535432775,0.1647704850387357,0.09684544728305808,0.16055097922427328,0.03717064252289316,0.2646349894695156,0.13124604226661726,0.2039128960730483,0.17529428506371073,0.2598487676316568,-0.22441298440968324,-0.0880394187033519,-0.020459047953465266,0.07080698681784837,-0.2170477274636864,-0.1839665032311915,0.1139955080119249,-0.13342353597179582,-0.1747365451629411,-0.2526950959854106,0.08573653955161821,-0.24426763650371272,-0.22203075156082352,-0.2349588896661675,-0.29733958746090766,-0.29023187019950514,-0.1599568125169399,-0.12441318698774974,-0.06933137076457,-0.2224765945836475,-0.2254298142294618,-0.02126662396546478,-0.2506387214076074,-0.1885804935506172,-0.2618277759711581,-0.03452905228734693,-0.2351126065611693,-0.07027432130764806,-0.1406177431972924,0.09948606101486351,-0.1295560470083225,0.10957589635946707,-0.11875071702427976,-0.07050665644433779,-0.20367170739928264,-0.3025706233731574,-0.01228888164477058,0.11088275960318139,-0.019971292705328755,0.07342332344557688,-0.07465012958575706,0.08830050225422152,0.018440582525508953,0.28136490854069235,-0.221630294258407,0.0027480461532155987,-0.2975434910990135,-0.22174388043934404,-0.1998392242394597,-0.0644743366537044,0.006530159969896134,-0.03712027135541563,-0.1615607358735844,-0.13242077594490795,0.03135397923390291,0.09897833024665925,0.11948355063294797,0.1477182245289444,-0.2423303969606552,-0.07987317445932768,-0.13140591760877296,0.04730716923553377,0.28227196801250193,0.1352301498395915,0.33961982254760453,0.23306251003627207,0.1365642630099145,-0.17463883775153152,-0.009016596579850943,0.2974599908312957,-0.20277808329750008,-0.11121086124001436,0.1096436190628089,0.21039998570343282,0.2734445931451815,0.19844680404417145,0.031298716820130225,0.057443539316581874,0.08734147638548903,-0.15107443830825049,-0.019169420298167993,0.08039984798935229,-0.02594927025780097,0.2922593000401743,0.34023028734340116,-0.02362383549941571,0.11118965907418696,-0.03427641478916573
0.05647107272211861,-0.3689344753364729,0.7262765623958938,-0.08408225712353729,0.25137992428124023,-0.04079851205781352,1.0,-0.1417945119905438,0.3451514225521922,-0.14631694717042232,-0.011342270207194508,-0.3371330144726091,0.20459882165241536,-0.2671842508128013,0.1282672611704011,-0.19969284554286715,-0.2618657922642061,-0.055020631628679734,0.24125586218052164,0.3225771980705699,-0.06540048164616599,0.24950024309082316,0.5586194200355871,0.39256585072817907,0.25027836741526005,0.19980416862675013,0.15201873564303603,0.056165560372974425,-0.09011970770807906,-0.296593476687324,0.37645034061754895,0.14842744290545623,-0.03317163148997629,-0.11868950562483133,0.09186777898725698,0.02325779273970891,-0.19806866149698768,0.0009554028270477804,-0.05883480829602963,0.1133791723449538,-0.06536784619969979,-0.023204339002284472,-0.32220901179921607,-0.31474426562482,-0.3214460013824848,-0.5173728105454435,-0.4380352557740967,-0.4779904198763546,-0.05362727023332724,-0.5808305233025127,0.1087088926872762,-0.32426448273907676,-0.2111081550788104,-0.2974963029192251,0.14056467786433494,-0.1265319364075208,-0.3399751242072564,-0.0499752370935556,0.25541192373563776,-0.24755982889746295,0.11077618247400992,-0.27502033744611576,-0.3623559031160282,-0.31607171719081806,0.41477697934480157,-0.1764341101189896,0.0588684116879023,0.19764857861991192,-0.22614635406341924,0.2753371326345095,-0.002669331155005209,-0.05549895008181885,-0.16434350831068176,-0.17724490803564552,-0.034353686476823506,-0.215518107436819,-0.24898044349219645,-0.23222853996594245,-0.22769860628532004,0.06660600902922609,-0.46717518176357126,-0.3792595667188169,0.36385933668342485,-0.19946662469041818,0.21867446234774418,-0.09211566012062684,0.3185801895748464,0.1573463646201945,0.3355839139486971,-0.4569636596814014,-0.08629301677625886,0.10037934531238132,0.13361153347918484,0.5981733101494139,0.24949666341702842,-0.0903666494024295,0.1453989345790982,-0.12456816245390853,-0.4098882061845714,-0.15030509753256086,0.033918699418906274,0.27422007327083864,-0.23295011253329836,0.25023202898292923,0.1213039803666869,0.2857998518513004,0.1190768588192683,0.3068690612962983,0.024657247759086606,0.27198395265007075,0.16570195481716465,-0.1803800554611432,0.16136976043506665,0.04598771039450613,0.16917642319343784,0.03278230556776769
-0.48412342751215676,0.1942415161605483,-0.14423253905161162,0.6510969892380973,0.06847538807912851,0.11523159281728934,-0.1417945119905438,1.0,0.23336802139712728,0.3923648193977443,-0.1171022437210285,0.353648288483976,0.10563904652421241,0.4842074839279549,0.005353046423876114,0.21865597157586905,-0.03144675392939946,-0.0695741354043574,-0.22277122654954717,-0.1579624111936946,-0.17596836551610623,-0.04148318269184904,-0.04206376231819084,0.16053049031069883,0.15262567466607155,0.21431679935280437,0.06511489262581552,0.20914069204913766,-0.19799089730903063,-0.27940571842804574,0.020838368499510936,0.34390856265794634,-0.11842903845777318,-0.16700938091740353,0.1379607068532359,0.31921719018611644,-0.23519890708130345,-0.3290385840870936,-0.460145629708181,-0.1261365212598183,-0.3467336836972252,-0.3029670674372997,-0.2922507260289155,-0.12763077483618848,-0.19866474871484222,0.01190184029320012,-0.03769175540974542,0.08775398757458122,-0.15010727895637652,-0.23310280499873062,-0.2367373735830883,-0.018517311563392813,-0.13789407531748446,-0.06552842018314912,-0.24452700404227343,-0.20628388735173048,-0.2926719872799097,-0.12296413760033259,-0.10809249463935867,-0.05001473717580374,0.14431360944945917,0.41353513503649125,0.10960533764264836,0.04440460345861658,0.20301654761789495,0.49376698951578657,0.18574223342162416,0.17969619179078877,-0.09713043030437364,-0.17905464300793547,-0.07759690698677343,-0.04047789150867337,-0.35076756635611284,-0.30564805656064664,-0.3827906182867269,-0.12214946389659709,-0.15318044861055496,-0.053950355242825015,-0.04244080068986264,0.09823178302434717,-0.3391145795152745,-0.04776724536236143,-0.03761449435636736,0.3713356076787396,-0.022319087695891603,0.37275555683232575,-0.16003146422880574,0.1698609997684739,0.08763043717426476,0.12585748838236077,-0.12084089965506413,-0.39845836651417343,0.34424545319599875,-0.10311837006042057,-0.13631779563072138,-0.14340256803750687,0.20006809468863196,-0.03894459857157918,-0.29770073173222544,-0.2910564709226746,0.22657253923141057,-0.08330267160336284,0.052076822376480154,-0.34845452758604245,-0.28317351695248794,-0.12831523906488887,-0.19345199645298577,-0.057828719420661,-0.23373378270469444,-0.29980852835286165,0.00988955246355717,-0.11949387899160843,-0.0856764061037078,0.01735213116844954,-0.10437802121195819,-0.13632642458453204
-0.035908815642464266,-0.12555443551323195,0.5075454893072238,0.13137018273321582,0.4439691053018424,-0.05477846745909443,0.3451514225521922,0.23336802139712728,1.0,0.1877186236335584,0.33142556246399146,0.004723355938789917,0.209998188244219,0.1910093664911296,0.45497779577024305,0.1429566946796589,-0.15084655878299408,-0.26777865349746743,0.008956460563504052,-0.11119703110198222,-0.02095342136452187,0.18555485017480963,0.266610936568711,0.1723487342200723,0.24092218180633862,0.3123453391513322,0.27578145460306047,0.2815290772731303,-0.14074659698998143,-0.4441580761828906,0.150625725422546,0.009891404897305587,-0.31772151179863783,-0.3509141813072537,-0.03840088130500082,0.20626468073530738,-0.3284843659398824,-0.21296673282876627,0.09981632058141568,0.1207727741484718,-0.0885218526643058,0.09396446740182608,-0.10305032155897377,-0.16683675522044308,-0.35175633406944806,-0.45903485333927063,-0.2823154924771453,-0.1970390163590365,0.10985678732217712,-0.4291079778647445,0.2184147595485679,0.02759914045928867,-0.00747198960261682,-0.170590562991712,0.21409228698026153,0.04423367181336688,-0.3062659586046282,-0.20434463644866993,0.37635566375093604,-0.20788895865035023,0.2788617966525801,0.04443059979579736,-0.2717380597146387,-0.2030714905590511,0.5384345476408097,0.3958803438829006,-0.15760856014002503,-0.04221542194532356,-0.2967392902489141,0.15881398584291287,0.032341825586732924,-0.11586851039215058,-0.14733784626699678,-0.19943727062081246,-0.15630133730130513,-0.15859766516374713,-0.25220749840795165,-0.20393867503015597,-0.2514184330904832,0.01779812111819819,-0.49582723519302563,-0.45126206293860316,0.0639209230272652,-0.13524949970541492,0.03704224049523749,0.19526409460690733,-0.04666676517027119,0.050176742327109156,0.351374555373812,-0.08769245046116064,-0.10509108094618975,-0.07243344382883728,0.03359193419928952,0.19184784260185322,0.09561085171649074,-0.08212514151619642,0.19365708247283994,-0.22619082287278833,-0.1885374302923983,-0.2136876328072698,-0.055125691253108636,0.11050151834501326,-0.2704428293883499,-0.11836449629832586,-0.10037454790904868,0.10366138663786452,-0.16019433196699043,0.19572363631222894,-0.23232231681163226,0.01003508912409583,0.10635432213827432,-0.33659358972197423,-0.1784025320876975,0.17397583758761076,0.09534416393157201,-0.20338958576057722
-0.045845931302177935,0.1630959932154926,-0.27228609576884827,0.2550513604182461,0.01594745386699287,0.28746854344343803,-0.14631694717042232,0.3923648193977443,0.1877186236335584,1.0,0.21096633695417738,0.5080180621386328,0.17185938617387755,0.6224849308957033,0.2438909409101563,0.6300083368737471,-0.050082098759507726,0.017177529789415374,-0.21120968990908734,-0.10858787341886679,-0.12088573648342199,-0.1913221328476199,-0.16220123441507975,-0.02245210037922671,-0.13069820102239302,-0.13015404534763012,-0.2461186327515165,-0.1652582041965928,-0.0038232804737742226,-0.0011257771605085467,-0.16407249676644836,0.2648671022323391,-0.144976274942354,-0.37011262327270383,-0.07376046701007538,-0.1274884312000348,-0.17769846158973476,-0.26004350835895856,-0.021729544746741925,-0.19679134148501998,-0.07079236700159237,0.017311258115076514,-0.17604058687664276,-0.22665057223213744,-0.04366739241558203,0.040702088376059015,-0.063183775220608,-0.05506430601485046,-0.24455177581179924,0.18110708025857655,-0.35276937565382865,0.1759832632260747,0.23617388704796352,0.32679029658697484,-0.18842786409553997,-0.286406327147985,-0.22250829988406065,-0.15359523761394162,-0.04906836656966635,0.24799581986911212,-0.050683436232205996,0.46671046672003025,0.033569665659014404,0.08666082506803845,-0.02978043313676792,0.49481264550904996,-0.2556400072704298,-0.4041065821710709,-0.22108831705402762,-0.0676646681964804,-0.11196845835431764,0.05995920607639838,-0.09138214668928608,-0.16231045809456962,-0.17757712934142786,-0.0019635689172670485,-0.02532914997823171,-0.0071210985464653116,-0.13155771709963587,-0.0576427771666755,-0.1906006123773418,-0.2584929135560145,0.3875373581466993,0.5379334136620307,0.11638759432123622,-0.02408670137182619,-0.09701236995696502,0.10655785538872478,-0.09593940751729815,0.18012045804420782,0.30957066348671947,0.12656021384165628,0.36470902546500594,0.04211063986421444,-0.21537690152470618,-0.14066235389491852,-0.4065615179974161,-0.28390614889758226,0.04420913477134891,-0.01866084534565845,0.12196989882030373,0.1489980081636465,0.2004557109228818,-0.20445895749295342,-0.1703549194547818,-0.20603902065338922,-0.3484872697677392,-0.23957980750382807,-0.17093479516893942,-0.31096168379245115,-0.3962154175383053,-0.030859175608090966,0.030736342843603416,0.07850705973114536,0.1655087477374418,-0.13259131607787797
0.5380639223931206,0.19083012708962468,0.23846136526342526,-0.17285875315281685,0.11873662256924886,0.024133125129275353,-0.011342270207194508,-0.1171022437210285,0.33142556246399146,0.21096633695417738,1.0,0.1864851413268819,0.57110196968625,0.19059221627707293,0.4378747129248753,0.2801716898222315,0.39708839084573666,0.029951406990460457,-0.015173158380040155,-0.2594644691227022,0.049329694520713646,-0.17920032862298907,0.050644415070222,-0.28620408059035607,-0.0007722203273074131,-0.10124674509963852,0.05874775955449005,-0.041925559762090926,0.35625955385890723,-0.22272559527438993,-0.13686982780089116,-0.15293695858714026,-0.17688427295775885,-0.22973433202374235,-0.2549552766919307,0.1080299218369421,0.06835664473176632,-0.15232669101097132,0.12044395823401481,0.07263063548515464,0.21851949728582132,0.3064673654310698,0.08523241992350208,-0.13048222075523444,-0.031803152891396555,-0.23972557854119336,-0.20133358537226223,-0.1782801293958655,0.2790649726685134,-0.18550260049257758,0.2600062713658469,-0.016032459168160193,0.14048335548463006,0.02144007913611458,0.14301652350219282,-0.016104736011926413,-0.2046727247142718,-0.10752207919059842,0.37029069804373665,-0.22565200408274522,0.20844343798296,0.05970533638152092,0.029792765188220053,-0.13913866752526588,0.40967724374883435,0.260724956359274,-0.34642144354457893,-0.35694441836851787,-0.31513987592811904,0.0592222832010069,-0.021711416929619188,-0.1939184312008507,0.20206668650210596,0.028808626054615524,0.15138901812538338,0.13140850122832545,0.1243313934333542,0.10679823983261648,-0.17960393846082523,0.09574989529391653,-0.008644937857478071,-0.14741947600445834,0.23211655290230188,-0.09566429391297285,0.20425867324383148,-0.01618846683010067,0.08731234676859648,0.020087971209423336,0.23650825917927762,0.04694826906243012,-0.050356183773805366,0.18425205778701706,-0.15331123001259508,0.045461459293398974,-0.14639704230838246,0.1184039053845146,-0.10284036742167839,-0.24542888942140323,0.12968707333785084,-0.16131403399851538,-0.168301308103374,-0.009221618170870928,-0.14344443322855271,-0.3128332637611069,-0.008044064399803536,-0.047187629576675855,-0.013468800296146275,0.05648608537460724,0.07235767286257526,0.07198591546986427,-0.1272889122265568,-0.1729295914861858,-0.09526202152766315,0.06740329987823553,0.046075311577044406,-0.19298950869643153
-0.056921859216213136,0.4130443696053986,-0.3892282803436357,0.04828989512679951,-0.2438791235375249,-0.06305146688264422,-0.3371330144726091,0.353648288483976,0.004723355938789917,0.5080180621386328,0.1864851413268819,1.0,0.3206516078806793,0.7174359971885295,0.33796827987751216,0.7560472361546647,0.0246894625878819,-0.04632218013581281,-0.1393180485699397,-0.448925032249199,-0.15133035238921863,-0.3781590188371901,-0.5565106964954748,-0.48156169121361936,-0.47593024287653085,-0.5285245223952468,-0.5014473520779074,-0.32345772273609247,0.39519771993577824,0.24743538461605574,-0.3669188429405703,-0.04421921652625511,0.08878400788866336,-0.08366533176738448,-0.2953939449297025,-0.11397982242211319,0.010303483994859001,-0.2842687099147362,-0.05525038241156042,-0.05299299334888342,0.019083868450751523,-0.0925796342589855,0.16878868227697905,0.1307414461861314,0.295209793628015,0.28626926502603955,0.1719177805846394,0.1955963252306945,0.14887735466645613,0.24336115046737947,-0.06723797793821597,0.3563914288757378,0.30435868809512473,0.1948479372061683,-0.19495896300803692,-0.20619494007888808,-0.004871732335942614,-0.4355222871190896,0.11430946697648262,-0.0013107137678055783,0.18039680529030222,0.6245474663643326,0.4270400789025755,0.3808969799006258,-0.24207290093231557,0.4117187960313332,0.0060006278071225,-0.18116043371566398,-0.06439525404410842,-0.15690383746070963,-0.06895432578539253,-0.10267361870789357,0.036342606561469426,-0.2697638871081982,-0.12805336689402946,0.3122824190495025,0.1470005121021476,0.17279965152864935,-0.11920639329504328,-0.1870239436374398,0.10614599066783965,0.04693389155879943,-0.044451887958819415,0.4192019969147038,-0.09822070144224554,0.19965930277742888,-0.21292870155787777,0.1944078750642474,-0.09770767134690286,0.13324214047017327,-0.06364702064094706,-0.14632022005096323,0.1529960813274644,-0.2380748761174164,-0.5374637528682109,0.14595339791295797,-0.26119104680110217,-0.3111014132282879,0.2800962859548387,-0.0531212311102364,0.21001628318447618,0.025923444389380913,-0.09613482258236543,-0.212225356856783,-0.12598641488250595,-0.29014417245017154,-0.1369073909766167,-0.12622595892797134,-0.08867790726785768,-0.5772825522341947,-0.45493729266723604,-0.08592674087080686,-0.31355443380589104,0.00930153089410846,-0.048787025866504685,-0.23653279056632895
0.14579527166406395,0.22241794104622034,0.27548815106407853,-0.013566173447182679,-0.1967403264915016,-0.1167505358838024,0.20459882165241536,0.10563904652421241,0.209998188244219,0.17185938617387755,0.57110196968625,0.3206516078806793,1.0,0.35768663238445,0.3633643094651354,0.29402577206020736,0.26940576669142835,-0.011816265461013912,0.06992284930443435,-0.26122833827903047,-0.39576109419278926,-0.2931894532626623,-0.15517035199762244,-0.2755149388528122,-0.18772013668191298,-0.3348779520772722,-0.2704650376328254,-0.12979389283953902,0.4630387545069687,-0.16708256816476824,-0.2826197684009839,-0.21183031070960415,-0.013244787576285912,-0.08820301011995753,-0.25813386137552435,0.18523873924674306,0.10535612135247038,-0.10491297311706801,-0.1081886879525186,0.12057342300687167,0.12017710964510775,0.14430334625400096,-0.04949194646713765,-0.20936742414259518,0.02138656818327325,-0.04398170865542788,-0.1979389145785388,-0.2811485279451527,0.32764686569884716,-0.27202844101560253,0.13443653392334226,-0.2024682883902726,-0.016382701217387156,-0.3013715680779668,0.06240790025140744,-0.33709798429807075,-0.05565570718794983,-0.2318679602154006,0.5279090201413597,-0.3544752468921224,0.49427003766950783,0.260544455310574,0.06485143484632873,0.01746978291636163,0.49486033356226267,0.3308117493455437,-0.04932023895555429,-0.11371337735108297,-0.047259999929929915,0.05517339955883038,-0.17202063390990985,-0.26142438160884846,-0.014650032895005716,-0.23167463764599447,-0.03391581740970385,-0.018350315845514217,0.047926143087549715,-0.004604452132829834,-0.23984197372254337,-0.1119906292885022,-0.11274431806619141,-0.18627630054808256,0.293393828500286,-0.022858618626459676,0.17616604467159805,0.10362046239270538,0.23500490343980426,0.16796819369211669,0.320764576031452,0.02044319422507271,-0.1941367520584589,0.07272740669746412,-0.12358617477616325,0.2938695591314274,-0.22979185217214707,0.026557395649676217,0.07444952749580883,-0.2558143035242082,-0.05722338927850452,-0.193906545860099,-0.0893978935989668,0.11114547025628002,-0.2598886220523527,-0.1779771522528415,-0.10495715428756966,-0.06824109444957217,0.07432276699658857,0.08630622538701156,-0.046048613104283126,-0.06758536421828873,-0.14845938841061848,-0.1688018285162328,-0.06315562066888138,0.20587237421892796,0.15667430825541281,-0.061427867044348085
-0.11563579104710404,0.39246354958427976,-0.2310085819828144,0.14126884512872154,-0.15972806016014499,0.15646414225925132,-0.2671842508128013,0.4842074839279549,0.1910093664911296,0.6224849308957033,0.19059221627707293,0.7174359971885295,0.35768663238445,1.0,0.3226624880633761,0.6528393353948718,-0.026072491344866635,-0.0009186496642435685,-0.19162692753915161,-0.40170101136894065,-0.2222158489555665,-0.20314331726537524,-0.4383903303231035,-0.31372012951820066,-0.2784704384456631,-0.3099470052909144,-0.3920513370423615,-0.1623191498716667,0.18278987610384634,0.08541235880040984,-0.35322561063101504,0.011160327077463734,-0.06109682944953249,-0.24065754353079571,-0.2790086395483155,-0.06645950834579863,-0.027585647773914382,-0.34419674573516973,-0.07776402684116429,-0.20159049047749616,-0.0602045802094797,-0.11393994636707136,0.0315426508624063,0.0011185090308946967,0.20357119112017158,0.21594836828267547,0.06954037389400292,0.06157191703653222,0.13730227298667688,0.20281553232407976,-0.10630729890379077,0.27435336574061103,0.29237861829757583,0.1297626677748543,-0.1366927469934102,-0.2967910623239646,-0.013037477313017907,-0.43095078861827923,0.11740782447167376,0.041514354895844104,0.2737548903013873,0.5999842217711733,0.2431932671642237,0.25264771913875556,0.00962268270954781,0.5948430086491078,0.009743542313507922,-0.2375834870986375,-0.06128152852405623,-0.12199476488869852,-0.04635998227991977,-0.057316794246481284,-0.019057568409383347,-0.31136766294499296,-0.2582777646635446,0.0849842409551537,-0.030385227890800337,-0.055002784202845385,-0.2906714526715397,-0.10269092946543468,-0.04962410897065836,-0.10525318469009537,0.007831804975082991,0.3411810359880768,-0.17568056588614755,0.1112462360552424,-0.2777050359294865,-0.0029380473094702216,-0.08183133101557233,0.1155892396016866,0.10327973541476324,-0.04657565133407332,0.21713275511320482,0.019820507451471462,-0.4335230535037028,-0.044726689403852264,-0.22508838871924267,-0.34929273269881816,0.17196909112627304,-0.19720632949698336,0.1222706437556278,0.18193545348429294,-0.022695120483121452,-0.34484689348070546,-0.3309025841507665,-0.25870598317042215,-0.24279501678516283,-0.1087939052770388,-0.16530087767378446,-0.4371703942659117,-0.4355692998806162,-0.016261947731450496,-0.20816754644936888,0.1569007927070471,-0.047391581239576,-0.20408685142902208
0.17341995575046773,0.0779930165093855,0.21088636588463014,-0.16651368622123047,0.302233567497606,-0.27718962328817737,0.1282672611704011,0.005353046423876114,0.45497779577024305,0.2438909409101563,0.4378747129248753,0.33796827987751216,0.3633643094651354,0.3226624880633761,1.0,0.4935420605908618,0.17604723625918794,-0.023854692244281956,0.06551277440711857,-0.17876975895234842,-0.23974096051487562,-0.16937677650854296,-0.045735402672207395,-0.3259400144992359,-0.16331195245990968,-0.2360726016945514,-0.16934787731239004,-0.2242086437780395,0.33797407110825006,0.005617220739411954,-0.19232554290203996,-0.06818607415568835,-0.08782002895443743,-0.09068836348865,-0.44153594844353045,-0.08601148337719143,0.11337754529966373,-0.10641815798593061,-0.010062326031291279,-0.0313562050987173,0.18087717836381537,0.2007251032227628,0.09728216157781323,-0.1232664985111944,0.040928257354456925,-0.23392670332929935,0.10779350482673405,-0.07213842393725714,0.2214363869166004,-0.038437093629630666,0.1525394077791303,0.16262793262891137,0.32859536495859476,0.08551979426263162,0.12182759370972222,-0.04491167813770069,-0.017047348571996756,-0.25725897310569057,0.33114845469994153,-0.0409783097811053,0.36743800772492397,0.244488435224313,0.22313114651349258,0.13503811816003303,0.1802460552153274,0.20673863770159642,-0.20248855083976344,-0.3390319673171046,-0.22218443734568818,0.0756832215297281,-0.10110513913568221,-0.21741618190169315,0.05710314488376218,-0.2203470222332584,0.03717547068485025,0.23007812714069376,0.14317418197817958,0.12368855999681806,-0.1352056122526437,-0.2403858809931441,-0.07984230193793199,-0.1772485780304947,0.2176327211618069,0.22511064632242392,-0.22103244234021246,-0.12040809350442445,0.0303938918036167,0.024294829176745747,0.13914070166457365,-0.042613077675784976,-0.13234747578296044,0.016435236752153,-0.11751974005532921,0.035034844452153664,-0.32716803036112885,0.15737016393690859,0.047978420279175725,-0.3521114498755535,0.1224134797024296,-0.18215908891356059,-0.046236497061794724,0.11636044917067204,-0.26425187939590483,-0.18193515890401388,0.029209115286279144,0.08194215839429142,-0.1556653071982137,0.1405266947835752,-0.07916481368052042,-0.15165030737472526,-0.12195708982523248,-0.2530211729182798,-0.21120155233888468,0.3024154757299984,0.19374594010899132,-0.13657379882673437
-0.010762939677542441,0.38963365075134127,-0.2281541984170501,-0.06080572324216603,-0.10877235374149852,-0.059847214715555194,-0.19969284554286715,0.21865597157586905,0.1429566946796589,0.6300083368737471,0.2801716898222315,0.7560472361546647,0.29402577206020736,0.6528393353948718,0.4935420605908618,1.0,0.05865628231274035,0.03383725577482375,-0.10127131914135701,-0.4095799460905077,-0.22877006148637877,-0.2888599517343055,-0.3690106089213032,-0.43291594977045833,-0.370657167171612,-0.47085713375432453,-0.4369040195697392,-0.3249737473111361,0.37738223093546547,0.22639716602201457,-0.38158765852852244,-0.048742927999312256,-0.1079104132479188,-0.2530930489271796,-0.3766196629146022,-0.28177404216972607,0.12323448171733573,-0.047841430343662145,-0.0535096011214582,-0.07300802809598678,0.07875130817574408,0.12291116848728066,0.19699023236484198,0.013646617937754475,0.23097714558202254,0.008379299791043474,0.16104258592788165,0.0991581151390612,0.18581792082374693,0.21091191337858411,-0.08109003045229782,0.33472119740351824,0.4696630702805231,0.3612455648123478,0.0019303870502188714,-0.2001534759445521,-0.010341549077545786,-0.24826429218706206,0.045373631606595494,0.07644366453578895,0.153130411788242,0.5240225767671423,0.39274703587233184,0.3084328605893658,-0.17666584512339578,0.2569803713058664,-0.26647833203098054,-0.4851401711249187,-0.0661090263698978,-0.16319165887732162,-0.12683974380300844,-0.13949001129254138,0.14024085927321409,-0.05914945151797933,-0.005615458343470294,0.26640010060751357,0.18200472475465043,0.06908413668463395,-0.12513197191048855,-0.1904009100234008,0.10263285805812405,-0.0133175450742136,0.12124610719322064,0.45774935151745955,-0.1922831099672853,-0.040685122955252964,-0.17309609889342148,0.10027463752663467,-0.12059237651677356,0.09649505896393319,0.1292138628650472,0.07155881443433133,0.11043690435613573,-0.07247242693077917,-0.47650586017756286,0.06510567298380836,-0.4127551599759014,-0.4442636082339364,0.34149601921601014,0.05841779475179982,0.24889913486283274,0.17534111428365418,0.0045158352262883615,-0.28670560982467036,-0.12443851201793535,-0.26144132356501587,-0.24069267959235136,-0.10042200134617543,-0.026500107135185764,-0.3980812162764223,-0.4879997169927126,-0.035014649507224466,-0.16336306312618745,0.05787752168968059,-0.10126114209799653,-0.24690812905650542
0.2314422830015195,0.32745565959266854,-0.1255514604456479,-0.16416652885449834,-0.1066314804991329,-0.20751581315826884,-0.2618657922642061,-0.03144675392939946,-0.15084655878299408,-0.050082098759507726,0.39708839084573666,0.0246894625878819,0.26940576669142835,-0.026072491344866635,0.17604723625918794,0.05865628231274035,1.0,0.10355100172256892,0.20913848543742816,0.005717655281057027,-0.09865373706825827,-0.2541883667128217,-0.261826039870852,-0.48184439430516385,-0.18639335861997983,-0.2343165603566064,-0.14546803034742864,-0.26954894930976736,0.3764526633471352,0.15023304945968616,-0.3068721301960397,-0.22353612676113832,0.06229271217880574,0.14341117989031055,-0.12134179196247963,0.1431255068048082,0.3388321116366128,0.09017884123036014,-0.018559919289164974,0.043375447343196115,0.10678654672785222,0.1880555131095264,-0.023393520433026057,-0.1163983201785806,0.1542035314454357,0.10006089281521703,-0.04293791634666766,0.052727213539898635,-0.03642935680470883,0.034857565056505654,-0.09224517105675742,-0.08012575271686918,0.09610405144979892,0.01041230185671159,0.10548958301030131,0.013292045614905417,0.2043774950322251,0.004408469155102365,0.11162960244646347,0.05241743420913573,0.3760698860107556,0.1821131323797643,0.3989875302565777,0.28917678693479076,0.03626510980186827,0.019074872242696675,0.10680423849175529,-0.18611811907447778,0.2195988472920142,0.02061840226166997,-0.013203417943599947,-0.18292420704860926,0.25205587166299764,0.08525749776978071,0.2061969565408008,0.11494874877105192,0.22542021544812926,0.19292515599887583,0.21106340619518132,0.026317287010427473,0.42239877971312306,0.32632057256085656,-0.06132938871682176,-0.0410258090123499,0.013082298736400738,-0.1999215741735302,0.08956340557488361,-0.3519389769806238,-0.009968577876000265,0.34858590513433435,-0.03149972468557738,-0.02362519608118427,-0.38871753419514693,-0.21247155373408044,-0.09402423615064337,0.13909433425700055,0.05451945245629316,0.1128563891123897,0.09441456013622862,-0.07277441184688671,-0.23808213688512103,-0.15980919138380076,0.06784184099231726,-0.11961534849322805,-0.09458603908661901,0.02809866476763309,0.04867894510188244,0.1363700408933365,0.13730818479960977,-0.1446020650454906,-0.0215552840490445,-0.12499188292736996,-0.024568241985411715,0.06841614817263862,-0.10303250130745085,0.011159461106177103
