1.0,0.4980808997458964,-0.18315897460076677,-0.2767849065915895,-0.37124535784085666,-0.12005544724887217,-0.12699651147717664,-0.3262631403268231,-0.030649615071556637,-0.0038128652041267137,0.34481880904068923,0.28672835829657173,0.40000566694653594,0.28099728170110777,0.18066787867716613,0.1459154517276307,0.24834327839769912,0.24929933219708364,0.4765255262745017,0.19820907900481322,-0.011949067692261332,0.08829721338306487,-0.4311629034874761,-0.3662801195898982,-0.39481374248933343,-0.33161729381283583,-0.1299414601036335,-0.15926406207237015,0.32706827741776995,0.121683215925289,-0.3111497957368234,-0.29434648063924257,0.06320003870621672,-0.07196777446314108,-0.37258797874730015,-0.2886488306338199,0.036019079410989224,-0.09738732935739533,-0.24762457754888834,-0.041937502127305064,0.04900661940169691,-0.01051789441315819,-0.34479358573867963,-0.30687854147316046,-0.5333614164135742,-0.5258675576413349,-0.07804485031947034,-0.145412991806207,-0.017684480420306174,-0.25843301410340835,-0.09491424488105879,0.1317407223237439,0.4794819029935811,0.3028429222745425,0.4604656689503159,-0.07955493567273818,0.5551720369301629,0.3263253912979223,0.31760372388992913,0.28231148106756254,0.37674439825894235,0.3279960146043478,0.2743483005433865,0.24691621556810292,-0.4318444318124754,-0.3490670515667517,-0.1315519026627302,-0.6158554988755083,0.3926185558756615,0.1303342359656026,-0.03465257986498739,0.05586450018537508,0.05767727477556631,0.03212585886541102,-0.08911730005327224,-0.0614409421642409,0.10335960451821696,-0.11505021745066661,0.03955204449355415,0.15904476995692068,0.16005067340866616,0.2514814922971773,-0.011267186667375032,-0.11576804368571156,-0.0672727951117938,-0.16166671494377868,0.0779671001680089,0.12372875002018854,-0.009202421400571257,0.17832031687556837,-0.14283271883830914,0.1354752835912952,-0.1832075134948422,-0.1361314123449109,-0.06786745917708273,-0.15448867614210404,-0.055059076144755525,-0.11804294604430339,0.2713775912523175,0.22318377656464333,-0.05822061607376646,0.37139549842039893,0.00790927083590835,0.13053329488823134,-0.12038814136000064,-0.015141293018143038,-0.08346982643601317,-0.24338328501075318,-0.05051678552049361,0.2997612965110125,-0.10348874957919256,0.29743730123902007,0.05768767749462888,0.16097433371840403,-0.0717733208528654,-0.057723141880555814
0.4980808997458964,1.0,-0.23611216368934748,-0.3705781237691796,-0.31374283663835323,-0.0899797465108856,-0.1408509771325793,-0.5573653024478469,-0.030972176457169872,-0.027960678180499115,0.1864505076111887,0.3655645527857465,0.6093830653349162,0.6403427933507283,0.10104208269349295,0.1695581110751001,0.16289589157256526,0.2858764767629513,0.21136432769888763,0.25008658418671487,0.057455062393244986,0.14433628230486698,-0.3746809075880043,-0.3631403376775052,-0.2931185842216555,-0.4834754049658327,-0.12913086909210272,-0.14528348016943868,0.25487097408547194,0.10191120641884181,-0.19867198882001294,-0.3625417876943216,0.07115581679274137,-0.008175245012732653,-0.14366833544095128,-0.24719410951636006,-0.09461674231709423,-0.052743003264934335,-0.18075979879244053,0.20272230318814902,-0.0038046773165799335,-0.08149599408112723,-0.2418245821287553,-0.26238288624941275,-0.3705938177737831,-0.36057400039603277,-0.25637954028090437,-0.2098731746007038,-0.06858995317029845,-0.23497045691479643,-0.11999632928415459,0.008544199763901146,0.42754549290068344,0.021866965671751823,0.34184013949258774,-0.13463652833844725,0.46440574841625515,0.46487559183313604,0.13964968205779013,0.49842400898854883,0.5928050091772294,0.6557237989757382,0.42093562659220657,0.5388768829610613,-0.4707678180048056,-0.4948174316894056,-0.03941204714378727,-0.5689858675429632,0.40718758230015656,0.2725443697592625,-0.03826881011048904,-0.024468660326304948,-0.011912340306966758,0.017047908469191332,0.06243874960927207,-0.04661226891875682,-0.10394708480834852,-0.23737715413468305,-0.14439621033927408,0.08147306891211352,0.00229875200849927,0.07053910705383172,-0.1149252793220184,-0.31679739590615486,-0.18372835562042458,-0.2940240838451301,-0.017877174759254155,0.13534088787782902,0.15863343348243086,0.5730802076900616,-0.09534750504478416,-0.06668509140296236,-0.21304223573019715,-0.061955839876741574,-0.02078598134881369,-0.2739496101936462,-0.0331399589498295,-0.21608919097288384,0.14036549659166173,0.14671146272066674,0.2777269986756419,0.47742280746529264,0.26139045906651953,0.12219121220566051,0.23623677618072492,0.15204819307910641,0.08446678597325565,-0.21649987495029305,-0.1800948712537252,0.27256664108832485,-0.09508928540243301,0.2349343093154674,-0.1052381336044576,-0.1062100057099434,-0.24639472408960655,-0.11192581900238768
-0.18315897460076677,-0.23611216368934748,1.0,0.013922423374357906,0.19278138571630413,0.25241582283756386,0.31603830976531294,0.412356822030201,0.17570783875082546,0.09701576049168754,-0.3427460946069737,-0.07175387611962342,-0.09363910026423702,-0.17312507869757013,-0.2124770029385294,-0.28045764752338587,-0.2897297028117147,-0.39941234138652476,-0.1529254613228341,-0.39624431668409676,0.3609852936400212,0.07145929522399838,0.3415087353942843,0.1542443841988895,0.4465773041654823,0.38329388793811586,0.08574727800983284,0.2575034791442062,-0.30125309088682867,-0.24986477974598997,0.22788361601905718,0.30998468050633937,-0.14376540883301345,-0.03718344891495624,0.19965225962012703,0.3953151766217754,-0.22707695213179635,-0.17556658339734185,0.01351955991745058,-0.01614672442951897,-0.0524847997289662,-0.13934307952758268,0.006164601640905357,0.12244188521131306,0.08726940931013506,0.31648366239017445,-0.18255788393997557,-0.020084454585593946,0.15627483719881144,-0.0006386462909732034,-0.08437839621690682,0.008527092498086008,-0.13807572043716626,-0.17651280289953525,-0.10960620936399695,0.05747953525374903,-0.18396113015231577,-0.35637526223128835,0.009419179179984739,-0.06379718594047322,-0.0017363346344067003,-0.07738280242837134,-0.25679604738647416,-0.2667048570415294,0.08151551201851576,0.3071437772250284,0.2318007661997563,0.4658506828365374,-0.4365056766276331,0.012178965387423833,0.062803386130534,-0.06516553473090801,-0.12150660213016076,-0.04736825073153343,-0.1331679982668847,0.04242038207293138,-0.07817390021752114,0.17498314846498667,-0.14489360149085093,-0.1683244754041742,-0.2137652447105227,-0.2842055564354332,-0.24280897112119834,-0.36034955283519443,-0.29547105805299506,-0.19484981717292174,-0.0818885654311262,-0.3068490815012404,0.05713919494555753,-0.046701617013468935,0.0006465439140935032,0.07722147054578202,0.18531361409520103,0.12275584666404939,0.1296616085396185,-0.0882778814267098,0.26435772095433585,0.04179196529860507,-0.2391476077898872,-0.33022785375663255,0.18760653028099566,-0.1443888108333124,-0.18235724452361501,-0.07423401654296477,0.01358930137239588,0.1256274159130991,-0.06278409662584883,0.037472624064354323,0.2982414699952771,0.08869198384536618,0.10738398393059818,-0.19686947040077446,-0.11976345683056182,-0.026518042279288518,0.23496837541861504,-0.15904410486490025
-0.2767849065915895,-0.3705781237691796,0.013922423374357906,1.0,0.3152446834674763,0.42743342888260094,0.16013814903438486,0.3684923927366535,0.09865859545128078,0.3708990296161763,0.14080673619409773,-0.06428319756474682,-0.4820845158726128,-0.36098730370571336,0.23154038941227875,0.40352156348711754,-0.33434142498828934,-0.38181357049873194,-0.19202801071259318,-0.10622970282350973,-0.18268061931655052,0.1182437958899828,0.35688604204565516,0.5793904385305468,0.12923457501067803,0.4852301882355021,0.3703318357633653,0.3871148418612204,-0.3562438463868019,-0.35817799721899984,-0.05864488538326557,0.24636941198194048,-0.2812891496551211,-0.1752229143117658,0.030644819837494057,-0.03733962003544789,-0.3252647633935624,0.05594394247309272,-0.057166312432686155,-0.036277466472481826,-0.03734464635306663,-0.21189686399746946,0.21337015290226616,0.12896549004999133,0.04699900666389955,0.036436949132921746,0.2832633668746554,0.13365477781124796,0.04809612296115544,0.05751464243756083,0.5680539036554133,0.2538923746131223,-0.015042017547643975,0.3905383038789945,-0.15305670350343642,0.26135506760215593,-0.4627101516375325,-0.44595873224902083,0.004074301648053447,-0.269612569158381,-0.38146492758442385,-0.17804632890565578,-0.4952348098357586,-0.3677289632339851,0.2870220557845059,0.534029278608737,-0.2317882158804934,0.08817017380326521,-0.2619891891693916,-0.3079409749184795,-0.2330935090191592,-0.017110107228502626,-0.37368289821292194,-0.2710089016022149,-0.04284248244341785,-0.21739914759703466,-0.20380105074408772,-0.09473058419815333,-0.15729944797999632,-0.13943186845974198,-0.38025222492367694,-0.43427160872059606,0.06937592213175718,0.2520372731870175,0.11575441803278436,0.06094606419704959,-0.19289737518965241,-0.02669902861587317,-0.018122424933408456,-0.040075395783651185,0.20008999110932216,0.10354958587180482,0.30531099743916507,0.1580863247987343,-0.0152605342536371,-0.1731239510907938,-0.09771692561101247,-0.08303389532035206,-0.02993086247542627,0.0032635415937525797,0.0017065357596411342,-0.15369870821500906,-0.2051658699976019,-0.027553627890608286,-0.08562153126906957,-0.31508409778848373,0.017597505855544968,-0.042946767615474044,-0.0716521501106351,-0.08961801685345364,-0.08526028420059964,-0.2870945769227332,0.0741632365371354,0.26858634935682413,0.010313809277068412,-0.11264133877140586
-0.37124535784085666,-0.31374283663835323,0.19278138571630413,0.3152446834674763,1.0,0.5421501353576496,0.5528106630255235,0.44990530100242276,0.56307113765087,0.44367613921598675,0.28005854473329655,0.17902768467887822,0.03471825593697503,0.005159316436134014,0.37607789205204367,0.23419457722978324,-0.16111404901304438,-0.20715906892762087,-0.34226218245912854,-0.023182904624284056,-0.011533698858816421,-0.02928454613535152,0.2647894555725846,0.14614663944445058,-0.05383019900468292,0.09066619905560026,0.1140329488072673,0.02735614534871383,-0.18026311819156135,-0.15858177567890158,-0.14908280653137818,-0.13675478429070992,-0.18431644630121302,-0.15774138954438305,0.3645347282496061,0.06982788475590916,-0.18123172931409723,-0.1307816103215868,-0.24835182049084667,-0.15372555040788538,-0.13475437184824002,-0.36883728963320483,-0.15390222717968552,-0.1552944309974824,-0.028225848154581196,0.03312734567409322,-0.009576780859982233,-0.16743359333095625,-0.023158736760911288,-0.003559327486183965,0.10708630561817555,-0.01240053191041148,0.008552691312746746,-0.03288549847226156,-0.06557932463207905,-0.01655142488079781,-0.4974983228961022,-0.3499594728785276,0.18184778131870685,-0.12218063341841308,-0.0405729817249416,0.027325636924947595,-0.25163325297401484,-0.23515987675921438,0.36465403337432145,0.37137242367485457,-0.04659288412466916,0.16799852289249692,-0.3890445485537425,0.020403373364986974,0.02809699400413796,0.01905098994691376,-0.07086783585735623,-0.19275871329107228,-0.04795096929775194,-0.10126480281891792,-0.18109273681329124,-0.016314690612730838,-0.24128893352296132,-0.20809610239051665,-0.14685775187297717,-0.20098265695174064,0.28024908888113964,0.1559206179235894,0.17590602932535654,0.08616380226706949,-0.23373760681514769,-0.19730815577222846,0.27234475396105695,0.05457770378389637,-0.0025868548137895878,0.13952798482474071,0.3336176075234254,0.4384465381891931,-0.1271051565126051,-0.03458695154481134,-0.2485871255055252,-0.1846712748609156,-0.4263005444796813,-0.25664254137634923,0.01731007724851489,-0.28292310345335525,-0.16147322576662385,-0.14024030847005695,-0.051417575574400666,-0.027552452533307167,0.0805141747319429,-0.34432298338438205,-0.13049453348007983,-0.1546443051522264,-0.21591534052923667,-0.32397463071442895,-0.1847025403515039,0.029008049833638992,-0.003374286953549219,0.013330555978173711
-0.12005544724887217,-0.0899797465108856,0.25241582283756386,0.42743342888260094,0.5421501353576496,1.0,0.2792849844907681,0.5814126323073163,0.37133470013591713,0.6767119881533907,0.1555822295162017,0.3348881200360394,-0.09341420739986046,0.06851943379170332,0.11643909406687629,0.15837168332612403,-0.3251946435959358,-0.4671101432021576,-0.4191797477223404,-0.028042066757277023,0.026039591834447387,0.2507444623487965,0.05568693417985947,0.28354037878249577,-0.04548461646448197,0.40303591952512896,-0.008939221571956509,0.18296398853398047,-0.23105413476692446,-0.3151220775904954,-0.11822044788663498,0.06475920509709314,-0.3247981636279838,-0.28032708068381823,0.003548299915116311,-0.1350992281534729,-0.4153442349521689,-0.25426781015893124,-0.2524072138617022,-0.2428710364958131,-0.09097377877682516,-0.35025007243294193,-0.0008222979927102259,-0.026903911989717904,-0.12539410772073714,-0.06034049119375262,0.17511587026579742,0.07780164640336582,0.2804715097486308,0.17359064505917982,0.2740241545015284,0.38954834824651907,0.25564402374693185,0.39625194562414784,0.01190678772117336,0.1908266954767525,-0.43202761616803986,-0.5706896076664163,0.2779314341767084,-0.00935194616417379,-0.11618408640242539,0.2137737732025922,-0.4441945932875477,-0.31949496668893884,0.014324871188491038,0.4478812067996996,-0.21509827107246257,0.028681825404154798,-0.4483374287362013,0.07452260614822093,-0.15001207852216145,0.06518702100321454,-0.3648672412015192,-0.3317134510332943,-0.31163898306444215,-0.31508665443208883,-0.40243919621941904,-0.23132014631077355,-0.28662624659800623,-0.3929162060801031,-0.34703879025714884,-0.397821247538755,0.23029256997459738,-0.02684662820571093,0.05347156248278804,-0.15527941225245898,-0.10005641056745884,-0.08696601889643628,0.020418682077798973,0.10282480076514841,0.2996966066354221,0.1595691919532882,0.37268287781103066,0.19579199219088483,0.026107991803652433,-0.15229226744006727,-0.15355698701029072,-0.1272971150205473,-0.15332924630213166,-0.014156860603905296,0.21782702572861867,-0.06512251364956112,-0.25656185176476454,0.055709389044208406,0.09957471232712362,0.0552130261945199,0.09772622825850655,-0.40299026354421247,0.22507205688856102,0.2552199147483146,-0.22740329864059708,-0.1792108480760851,-0.10027467233798668,0.1609112994898993,0.042158333849978726,-0.20603628711854477
-0.12699651147717664,-0.1408509771325793,0.31603830976531294,0.16013814903438486,0.5528106630255235,0.2792849844907681,1.0,0.35405809661011517,0.7028476609262277,0.4339303701985158,0.3697621259921142,0.15934478759760648,0.14244947151725745,-0.0028341187500019126,0.4499659333642573,0.19370243784886662,0.16348704336730763,-0.01089365590345319,-0.1101691413296161,-0.15474949810128674,-0.05947576644750957,-0.22847913884188856,0.19511682902417368,-0.16764491915021884,-0.1133271935716815,-0.0676370819095816,-0.10932919667427875,-0.22648450787892638,-0.0958829353287211,0.10762646209731126,-0.13004346854446408,-0.15886443040434706,0.04061610599031383,-0.029041205089782012,0.20766941440686368,0.14877438386072328,-0.1300714894146402,-0.16944698922535234,-0.3767412522608864,-0.2826632562470239,0.016042467064955462,-0.49576044876937125,-0.21291738009765757,-0.1722486815337035,-0.04655064674692697,-0.06879049813100456,-0.07792204300146836,-0.3201798602601105,-0.134685453553837,-0.04188923671508375,0.10080298005049809,-0.058354718066954955,0.05538993125287476,-0.040508558589198454,-0.10081130365588817,-0.28942891034368723,-0.3434322294566194,-0.11545877623164635,0.26020388902627195,-0.22290470811332336,0.23776974019421698,0.13117860316818392,-0.0788527542099612,0.10256871144452996,0.420357297733467,0.20128368403695893,-0.00545203955386959,-0.06766930357402036,-0.3141821277390315,-0.1988561216964153,-0.1604226405514304,-0.1469723870928837,0.20494460243498902,-0.023844225931889812,0.13205078425596703,-0.03315503973197382,0.12895310947808378,-0.10385941148480955,-0.1091347362358215,0.03494921463346271,-0.08464645228715773,-0.009780854376036657,0.25477435591468967,-0.042150722411226,0.30176955774659314,0.09166008953003543,-0.3366705975586866,-0.24628368854297195,0.25469195892780605,0.011538450650916302,-0.1949373746948234,0.07345063622623704,0.2159656133164104,0.33729405444169536,-0.25485708355371034,-0.27951611047620334,-0.39760707310959886,-0.31928290294677086,-0.2447692866842585,-0.14869492550450752,0.050392507733998185,-0.07192084493736528,0.005053912959900828,-0.19310027745780928,-0.22750385488358768,-0.1684420773712121,-0.12801961663556596,-0.3430693570947248,-0.03493691817376788,-0.22185814474312066,-0.31663056187006233,-0.25943247945201026,-0.18574985782965436,0.13209061470829653,0.0034294601101450945,-0.22424433167839838
-0.3262631403268231,-0.5573653024478469,0.412356822030201,0.3684923927366535,0.44990530100242276,0.5814126323073163,0.35405809661011517,1.0,0.35922419173695114,0.5832843585507634,0.008868800869554739,0.11293034947683597,-0.33059547624504193,-0.23277118701739977,-0.030306980673697786,-0.046860967709286105,-0.24642676828035515,-0.5433627630353175,-0.44402170330392216,-0.395413233721327,-0.13424070064952068,-0.0034024881218041904,0.07508233517057261,0.19664727197837478,0.17197325495431,0.5024016916480091,-0.04589056262905198,0.14678085725613954,-0.3285803051822552,-0.22421133637601176,-0.042912618869655125,0.21995133332598066,-0.09823453282193687,-0.1389395246863998,0.09256054292344372,0.16667913841355467,-0.14052108002572078,-0.2677701641434215,-0.10259086480605646,-0.16928412558337122,-0.02518939667819001,-0.25966050914566446,0.16495563447872486,0.18876676601043632,0.16381292657106333,0.2513847296130059,0.2226043328559998,0.19926200770875951,0.22471736100325074,0.2228883625105307,0.2159907728531692,0.21289322952550602,-0.1339996844443547,0.13449488113231078,-0.2072057764999099,0.23588846609167344,-0.3741513791137307,-0.6882788578821549,0.05424024439331449,-0.3350254087956994,-0.36591331261099663,-0.14420681445140368,-0.565871565500549,-0.49748274448169266,0.18625470757033075,0.7151652761891563,-0.035511545763577124,0.4031059812875387,-0.6112114866759831,-0.2098717302244915,-0.2563391592037166,-0.11887141352240875,-0.1425939782126563,-0.26405585242628365,-0.2941528774289356,-0.24846070604483536,-0.07524305063812334,-0.04833600994751971,0.02431165886916796,-0.31214206324193067,-0.21941756599163226,-0.2849913658288453,0.09320702560778821,-0.016616225034830474,0.11789116032212574,0.007537040342653534,-0.15895689355630657,-0.2245492867821382,-0.15392770559329155,-0.21550182186549818,0.23254109902857542,0.15813021696254095,0.38055601036367753,0.06490873235608047,0.02591932810217023,-0.07164202720668487,0.025063905457034075,-0.01702888156113983,-0.07456732888424125,0.03629650800514533,0.017072052173304302,-0.283384568580656,-0.2562355697539758,-0.056685417129962536,-0.06841081638116081,-0.13930885186110534,-0.09141412094458057,-0.03058569024096625,0.20711327521981376,0.030732889301984857,-0.07947983795848591,-0.21892027516399462,0.1343560836776431,0.2773928468416907,0.26424323281568046,-0.17674848842203525
-0.030649615071556637,-0.030972176457169872,0.17570783875082546,0.09865859545128078,0.56307113765087,0.37133470013591713,0.7028476609262277,0.35922419173695114,1.0,0.6236192722312286,0.44381785055498707,0.27447878209368387,0.3240855628694775,0.2250452148209643,0.345890159628629,0.11505587148655019,0.12198830060997891,-0.07797806494203778,-0.24868355843348403,-0.11252843790342035,-0.29034147202317806,-0.22817541379520484,-0.01788388985144659,-0.26893342666381465,-0.17378475573213512,-0.18297674743828526,-0.29871763868531254,-0.27694635824884084,-0.12378785145306988,0.0815053464155267,-0.32168950743035096,-0.36234443654946685,-0.015000697437418928,-0.15819137326091962,0.19865548748452494,0.18032251080435954,-0.12009223854721332,-0.36865359420569327,-0.4415811776263948,-0.3276739034605775,-0.15075122298198898,-0.592778694358011,-0.13761503734858657,-0.1635021627762834,-0.007841551424875845,-0.055307278621001016,0.005075456319072986,-0.15399080294289597,0.06083071988020016,0.03333821403867958,0.12638132460365645,0.10914742470020916,0.23984147390249627,0.10877983460264354,0.037879900729203005,-0.29310125509479257,-0.28555087599986284,-0.11628357698620119,0.46545621790674896,-0.17099419336529942,0.3318432364085758,0.30604030442511254,-0.10589850342710347,0.08535769981556009,0.03341090426287868,0.136414027509477,0.014382917073358878,-0.24130938080388198,-0.3140817750764289,-0.02661474375478763,-0.1555509632910797,-0.06579908744083572,0.12212906867006965,-0.1256557518239227,-0.08426974272827151,-0.13888301977292503,0.06487361116050548,-0.12945432794139994,-0.09552277142758168,-0.08652769735900158,-0.018915400890946416,-0.056721142494566064,0.12981900727250925,-0.10069105534154452,0.11027645838456865,-0.15722407011940676,-0.2694544713780885,-0.3982758882053589,0.2362443827123782,0.11196076673046343,-0.049799874502397444,0.1451023906658298,0.17043487061530302,0.3055134217173731,-0.3430205471245516,-0.2626161410299191,-0.39885558809388644,-0.20941754254144068,-0.1508909228032564,-0.1625679419366645,0.11708658844669943,-0.01968509418319212,-0.11455036962684273,-0.04316205443937493,-0.02044537873820414,-0.12947866868146837,-0.019613526812981973,-0.3912515296776742,0.09906134871933658,-0.17111568096167049,-0.2311654889394408,-0.1662605437608401,-0.07762176002481695,0.18634684419851597,-0.02899644346134157,0.018946719373744272
-0.0038128652041267137,-0.027960678180499115,0.09701576049168754,0.3708990296161763,0.44367613921598675,0.6767119881533907,0.4339303701985158,0.5832843585507634,0.6236192722312286,1.0,0.3441096444995837,0.380963754190749,0.07272418577878406,0.19069053472501643,0.26608858180332084,0.26499876391828986,-0.07342820211612262,-0.42027654012361754,-0.38435446472170554,-0.2314559572835301,-0.28720889817149964,0.00554451252847461,-0.14192231349413925,0.016359629270128948,-0.08634750415235125,0.17469066617758838,-0.15186158781389428,0.04439842796388151,-0.24593766050621488,-0.13052478290410216,-0.3990348530275273,-0.10088035524961247,-0.2236367732813124,-0.31241484248811946,0.006074642519743919,-0.07387279458359412,-0.27714671225236753,-0.14743701265557485,-0.22717835839007036,-0.14598516154624303,-0.13996590894819885,-0.4461705585139622,0.07681934739436376,-0.007265091527736693,-0.19703579840014046,-0.1267553840314785,0.33495713459748183,0.06506437678376441,0.2520587469400594,0.07765114365288621,0.436317997742415,0.4592183221863615,0.35901325554892977,0.46430652044473086,-0.02729556186441695,0.1060680539275546,-0.2697298485930344,-0.4564151168718176,0.40147375013690667,-0.15813057841980052,-0.026780748324406023,0.3362973946620667,-0.3954458561002168,-0.2526705422400242,-0.18516346949576862,0.41326046820340573,-0.20803620086767527,-0.1673996870318764,-0.4117373901866439,-0.10226743642466896,-0.39780925679106693,-0.13285870713994233,-0.21026695344100224,-0.30831776043707926,-0.1664204432318689,-0.21114726437129508,-0.0899866075030818,-0.2555584705387257,-0.13639380377356544,-0.25775347975410035,-0.27826692910054546,-0.28068267372242245,0.16600706596105433,-0.2140645419080463,0.06456504061502873,-0.25510466510441293,-0.17187738056421273,-0.2906474632197505,-0.012145495465758674,0.044797976918018165,0.24003863296212674,0.20157802679367331,0.35407288571963635,0.20148713993790887,-0.08763674312131553,-0.28500767714299,-0.15712346776547803,-0.15975795527369577,0.0785326196494663,0.13468613259237863,0.16272627183178523,0.039536469278633225,-0.12175456762647816,0.04877825521217165,-0.0989441061985207,-0.11660173850573205,-0.009050131617263087,-0.36399186075011447,0.06129424703516697,0.07837794576304084,-0.20377150607231273,-0.06794128594572854,-0.004636039816364767,0.3344709129836877,-0.014237233585722311,-0.19587904254706007
0.34481880904068923,0.1864505076111887,-0.3427460946069737,0.14080673619409773,0.28005854473329655,0.1555822295162017,0.3697621259921142,0.008868800869554739,0.44381785055498707,0.3441096444995837,1.0,0.5675485123172498,0.31411173955239313,0.37421567454260607,0.6853978629098113,0.5622986658785538,0.17399338535091305,0.28437265298124126,0.18299854728247864,0.23986172370745576,-0.33916736225430394,-0.20200284801570487,-0.30696293544820125,-0.14746521181811945,-0.6472822972446387,-0.45668583853709166,-0.18678339002754074,-0.342166337293093,0.18447106830402238,0.08755238955709074,-0.6068443133383628,-0.43361983899776274,-0.011667831804687402,-0.21553213543365457,-0.15283874134736025,-0.43853304025709144,0.09343426290933157,-0.21267087351899114,-0.49113047537238025,-0.32820441707124975,0.008057149271224306,-0.310975341661109,-0.2597610596889878,-0.3198312007416381,-0.3584826236543254,-0.4740652407466683,0.10441543753489485,-0.21216490557245998,-0.018530151215913126,0.04635476748624184,0.1480592077343322,0.1815600094883846,0.38257502908369917,0.3086263960814649,0.21134081485189365,-0.2093970745294229,-0.05460096339990854,0.06077408417129329,0.36780461195414776,-0.0026611950281719837,0.24239919649423547,0.2514598710326324,0.22373700913034608,0.21678438895637425,0.09095708272515543,0.026725673726727947,-0.34996832073254375,-0.5243422125750995,0.06966652593230073,-0.11437682431564232,-0.2267215349371115,-0.10982438127885187,0.11992027461556508,-0.10411678000855097,0.10401166774678346,-0.2228008193924379,0.15760341854553375,-0.2548795172643989,-0.12315562814302553,0.10212003817767772,0.06638389390178283,0.1051117112141509,0.28721328027878024,0.2764262929038588,0.4083367513815491,0.17026835700776882,-0.20403906482982812,0.10603453570266626,0.20174803773666528,0.1860283869774949,-0.1319655995129834,0.17578317951400818,-0.050079899798755566,0.06924204638914748,-0.41307248619521564,-0.2938286329242011,-0.5273345256981589,-0.509702457078887,-0.010733050009595846,0.28804545807613985,-0.10645271916151328,0.19065306247223351,0.02615386186134822,-0.05870373552888817,-0.13711315371776253,-0.3634259516121098,0.047029325652954763,-0.312853105276075,-0.1161970169364158,-0.12119927812004576,-0.49696888666547073,0.02432311394604688,0.1678872502323861,0.30605177233815306,-0.05218462184433465,-0.05583574236175771
0.28672835829657173,0.3655645527857465,-0.07175387611962342,-0.06428319756474682,0.17902768467887822,0.3348881200360394,0.15934478759760648,0.11293034947683597,0.27447878209368387,0.380963754190749,0.5675485123172498,1.0,0.4186589636725025,0.7082548651168864,0.3484622522337118,0.3955546339024728,-0.06280925983360572,0.06951167469812512,-0.027750761884010197,-0.0339648246611595,-0.16588251716184715,-0.08007473052843303,-0.38256829231815465,-0.20931338766092117,-0.5155582607595875,-0.2907173215696452,-0.22176323178595378,-0.24179871698640262,0.02185363200708271,0.011347424552977776,-0.5917243542137067,-0.3705414607291506,-0.12971117456958922,-0.3170710296936145,-0.16469257641974966,-0.38944148293559033,-0.0853597997267968,-0.178967737043002,-0.39572347391324564,-0.1119880279511125,0.07709777424851141,-0.3071749319077834,-0.107457459835523,-0.21364243884667405,-0.23192341370102712,-0.25322108698422674,0.16356898359457633,-0.11810110492061833,0.2307425606905138,0.04815968129143215,0.16635984658173106,0.36714107080654984,0.5785189559879359,0.31435913547097083,0.31293523917067734,0.026163051515160535,-0.017745409555308175,-0.16721910054422057,0.43819454035692845,0.20932324414375145,0.29929290670493175,0.5858522903255768,0.06519202999371254,0.1212043990622877,-0.24749454471338247,0.12546917217321493,-0.1970664342728448,-0.35804960490321824,0.02794375263323224,-0.05540117400010553,-0.21012236261200426,-0.059435719019579246,-0.05045287643329207,-0.05167782659854079,0.0404482154063932,-0.08904152837072826,0.023536073327479486,-0.11082273768073182,-0.18231050953371705,-0.09050863218320708,-0.1705336167223629,-0.15930052246682763,0.01573153747657042,-0.0932153387494089,0.007121565870648106,-0.052118689130589806,-0.1121480792700691,0.1735714828627021,0.15230018251485797,0.33148919982701536,0.03512149297133348,0.19540478496272884,-0.10340180364649722,-0.029720512302724638,-0.3682818730925322,-0.2972105446826914,-0.10831479867325539,-0.4124667696167661,0.18173057602998763,0.20734138632530674,0.12571962316059798,0.23115139474005572,-0.010754530527029642,0.10243355283115345,-0.03290644968606274,-0.25896942097653464,0.10078698557221895,-0.251914284817439,-0.00284488116650082,0.08065274696959705,-0.4270741478179409,-0.036121835513586005,0.14632128980733156,0.16954994090393116,-0.24231332060073843,-0.21401608458440996
0.40000566694653594,0.6093830653349162,-0.09363910026423702,-0.4820845158726128,0.03471825593697503,-0.09341420739986046,0.14244947151725745,-0.33059547624504193,0.3240855628694775,0.07272418577878406,0.31411173955239313,0.4186589636725025,1.0,0.7230483433706045,0.17119856019640453,-0.0021815859928972898,0.2996855282649591,0.34596898692286043,0.10095549279823107,0.02739245106537654,-0.09241820963368753,-0.31800720840047936,-0.4781852037021235,-0.6371067079924754,-0.44012763198311344,-0.658957522782041,-0.3439871193795491,-0.40208572363216116,0.2358745914990262,0.20100910923297194,-0.3724498833618968,-0.5862295481585509,0.09742164429510876,-0.07272345508174088,0.01683272953807883,-0.05062287158414538,0.003135730047543872,-0.18054504445301198,-0.36455002526678165,0.025178516961247226,0.06308279812527642,-0.2573579912046278,-0.243987472711411,-0.2448478548919596,-0.26977002468985417,-0.230894741251992,-0.20912327276525003,-0.19783729666621142,0.006814176608327905,-0.15322298383172375,-0.13249186412007902,-0.09692686397148195,0.44085970566111243,-0.16313501343988632,0.40309117844934883,-0.2736003408320469,0.35336684863527057,0.41274309865328157,0.32832716233733367,0.29502947547348335,0.7932465155839239,0.5852945766109143,0.4903870215669333,0.5646667483077028,-0.34989793993516655,-0.35441030042018495,0.10218927547115852,-0.44160678412000437,0.21080633502499677,0.21351231088431694,-0.023747679343365042,-0.10403073775746587,0.27746952388882873,-0.09142043492557936,-0.015337465918900253,0.03569285449032832,0.07817550230526867,-0.03969709254472307,-0.1521340683639451,0.18340133101150274,0.14891773198002928,0.18357239267673495,-0.12582372134163675,-0.32236550123900726,-0.2303015431437941,-0.23911659117935447,-0.16854654504710437,-0.07494362591050308,0.1577593940951547,0.3709997074674701,-0.18113631563159377,0.0675005967091977,-0.26333600817250374,0.07773142919813435,-0.24251106262076977,-0.1413997234957188,-0.10085973311970363,-0.2233392192109906,0.030888606500458927,0.0070371388444454555,0.05548302575519833,0.32220391893355294,0.2983153437245018,0.17886653349898868,0.21070535346764585,0.1456593960230768,0.14219195859141576,-0.29920777170894874,-0.170741715828385,0.09780226011460495,-0.16215153057430592,0.1555130167264713,-0.051254640460641744,-0.020508690895041284,-0.2995426585054946,0.050258040279545495
0.28099728170110777,0.6403427933507283,-0.17312507869757013,-0.36098730370571336,0.005159316436134014,0.06851943379170332,-0.0028341187500019126,-0.23277118701739977,0.2250452148209643,0.19069053472501643,0.37421567454260607,0.7082548651168864,0.7230483433706045,1.0,0.098334827408943,0.1631390027320271,0.04074731199484677,0.1858029168799402,-0.0796612564135882,-0.0497462711036427,-0.1743619845355715,-0.13914458325183754,-0.5106277047447615,-0.4759485710464305,-0.426849439366573,-0.5336819480301414,-0.2933864196663062,-0.30455364539423274,0.17484666358336134,0.14269595324387624,-0.4411362641792016,-0.5212937568130718,-0.09122679503923219,-0.17641732886267478,-0.10560470773571953,-0.28954978339119986,0.08029121256043531,-0.09528918091240307,-0.3427416538103305,0.09031432196418077,0.0802052095605054,-0.17622150742876613,-0.14066580774052817,-0.24500218941106175,-0.27458729619330746,-0.28996486690435164,-0.10776588332745529,-0.23360822899590322,0.1735657288694876,-0.0331648883334063,-0.07699878911212384,0.12416774232319255,0.5289813741162974,0.01536052655980542,0.3422829403891046,-0.11630557654051193,0.23739211723302994,0.23901371806499558,0.31518300010218797,0.41682586406176586,0.5533301417337518,0.6907390720973233,0.38366188823044267,0.46745758022885586,-0.4602115511774736,-0.26035677685512104,0.06898424422985877,-0.39602228443809084,0.19070918186065872,0.08114212970529157,-0.09493002389975738,-0.08678099407344586,0.06517460853119561,0.036280954865443596,0.026172554759016736,0.06325104983005676,0.0590849856463232,-0.04166754529894739,-0.163242627316347,0.07504117778480965,-0.008009065222414699,-0.04359123354856627,-0.11035938358291106,-0.24924360894242317,-0.20803261979576584,-0.24292045617864813,0.01891774548737789,0.10868428305620687,0.09914114084657967,0.4472692717660446,0.031709752599010654,0.10221930066232349,-0.15966034624981207,0.010788156354486536,-0.26558518418441845,-0.08960176642300796,-0.0803518045109746,-0.23537349989505166,0.12693165103457696,0.11525215213099518,0.16304928840224944,0.41542711463540544,0.21342259133536623,0.18953963207937388,0.2076040691801959,-0.017715129899763708,0.10813615226513083,-0.22122160583879283,-0.056760974685565256,0.07943397769139282,-0.3208181761288148,0.15270972457725213,0.025956497469829788,0.023448246333688298,-0.30009624358417986,-0.1105003696244635
0.18066787867716613,0.10104208269349295,-0.2124770029385294,0.23154038941227875,0.37607789205204367,0.11643909406687629,0.4499659333642573,-0.030306980673697786,0.345890159628629,0.26608858180332084,0.6853978629098113,0.3484622522337118,0.17119856019640453,0.098334827408943,1.0,0.5689938527009607,0.2416694361091093,0.11910460452680081,0.2565867877273346,0.1940182771425302,-0.17471882903119892,-0.15251852158318677,-0.020932141732766887,0.016390882527726164,-0.4902063087554233,-0.3538244996974088,0.045386004231979644,-0.2612778483146551,0.11532604474124072,-0.029516456526651472,-0.46452321723498546,-0.3685309607610307,-0.019253602331369576,-0.16375594932791943,0.058112649458045854,-0.3739925985945333,-0.0921364161903749,-0.006886234508119729,-0.23569326009727307,-0.12956764107041172,-0.04099797132273264,-0.23774376384710233,-0.28066566870150567,-0.3415522976772021,-0.35825125970953864,-0.44674879639414555,-0.010243651716741742,-0.29376014134071027,-0.09598760063108473,-0.20252398102767316,0.2704718073463469,0.2225454262426646,0.3804483058136136,0.2669157287247516,0.1902064921453795,-0.12749286395047818,-0.1695337619125844,0.04084110755541192,0.3125699370782345,0.0507047065738239,0.19217315023593587,0.22922262499478271,0.08298091544702152,0.10927549189624813,0.21030473319618787,0.0785800753068826,-0.30433426107185185,-0.418939238091044,0.0694701497595056,-0.18804125955523504,-0.1386297107015333,-0.0663120041988133,0.0604862648769266,0.02130295832018993,0.19789032281965266,-0.06051744922357384,-0.03804163877270584,-0.2828324716995561,-0.19748993898380793,0.010801702651938394,-0.10677721604458416,0.035570832823361584,0.2866994841479758,0.23187394057969654,0.34661136909013485,0.09889148079728641,-0.26359488016212856,0.1363770663281412,0.4313506737825449,0.2657161363238631,-0.1935079622039278,0.1314859555559643,0.03674336566008999,0.14125674158472548,-0.23697955713037697,-0.31405909427231776,-0.3821200833825608,-0.4601260111224421,-0.047112738103419226,0.08404328656487892,-0.0996945419643365,0.07202035328544637,0.08977894452122426,-0.1797514739363851,-0.1426815007325483,-0.27313621044276837,0.005121619213648935,-0.36970769319795305,-0.2098817894613112,-0.15143658211667604,-0.4555172141346736,-0.08651564292724817,0.12597554503056968,0.18358370212607178,-0.1455239240710192,-0.051806004627353915
0.1459154517276307,0.1695581110751001,-0.28045764752338587,0.40352156348711754,0.23419457722978324,0.15837168332612403,0.19370243784886662,-0.046860967709286105,0.11505587148655019,0.26499876391828986,0.5622986658785538,0.3955546339024728,-0.0021815859928972898,0.1631390027320271,0.5689938527009607,1.0,-0.09784954438004614,0.14536713604631174,0.14496979267044935,0.17103637397965538,-0.06781051449268642,0.12838197334676432,-0.04090616008119425,0.21908364949684914,-0.3862079996026498,-0.15831218094323787,0.1998831100092046,0.15724116432930005,0.052156194423424285,-0.07296119833592783,-0.4410998897005207,-0.09374258117178325,-0.09156313939000092,-0.2040624156203051,0.10422710581190739,-0.353178690003385,-0.03574785599142163,0.04343507432265314,-0.2895114102210226,0.10625684235534665,0.07214752834003364,-0.1913761978019166,-0.053810840672370235,-0.11903006025644537,-0.21273337724586966,-0.1628537575637018,0.07509880846797962,-0.05912668991046112,-0.22387231980859637,-0.13540389048571852,0.18581974412251875,0.062193610135622406,0.1493515155644127,0.19799581748120676,0.001529114916111425,0.054441493847285374,-0.07288442837293219,0.012573678255203719,0.030861074539392738,-0.07350324377992161,0.03918032754320018,0.14806979994559455,0.010954180121606514,0.06567303515091648,0.14232785886692206,0.106914455277907,-0.3806575008919397,-0.2525630996930252,0.10800207848154779,-0.054170514774484764,-0.3064931762750373,-0.05539002335777992,-0.1872827655903791,-0.09287096166746144,0.11272767253968861,-0.21950005307220968,-0.12040545286448397,-0.2924446409375697,-0.27047357331654226,-0.08506582726136452,-0.23622197869342848,-0.253729288867856,0.2889492775241262,0.33703882650788536,0.28773004147473624,0.13656922536385163,-0.19431308038199038,0.2690488475270422,0.29383128644687406,0.25158863348235677,-0.01703819979709359,0.0023120385855000037,-0.03331418767861134,0.05356834858198859,-0.1923170227466801,-0.24592845508853506,-0.32321168725379323,-0.3424954616152981,-0.14719838803495838,0.057445388019910296,-0.13134085631124526,0.12687680878186247,-0.12783614699297122,-0.12242909199580439,-0.16215843049037718,-0.2673294801698624,0.06408721128257759,-0.27220339364187207,-0.1710768411870279,-0.006039268533326965,-0.26431908018298544,-0.08364150453219718,0.017339911694817998,0.12714583147047778,-0.20837026615702978,-0.06845247761532124
0.24834327839769912,0.16289589157256526,-0.2897297028117147,-0.33434142498828934,-0.16111404901304438,-0.3251946435959358,0.16348704336730763,-0.24642676828035515,0.12198830060997891,-0.07342820211612262,0.17399338535091305,-0.06280925983360572,0.2996855282649591,0.04074731199484677,0.2416694361091093,-0.09784954438004614,1.0,0.5853275916954763,0.3914852517649519,0.3181628518507759,-0.22493112802799195,-0.4052027637350001,-0.39344363434442764,-0.49908571389566564,-0.3530315108344903,-0.5173831688200198,-0.34501441215079975,-0.5038833367901924,0.553988051815048,0.5401204722875365,-0.027241905947807177,-0.3647444402861909,0.4430400011963728,0.29923414408636795,-0.026104988787420194,-0.12613413568599915,0.3209467782795077,-0.06079485246605354,-0.006639437563286098,-0.1918749762296113,0.15363509360533026,0.06572216738346216,-0.449968059049234,-0.4421792099475479,-0.32584890086545587,-0.387034111720478,-0.2504139307259266,-0.36788320652689427,-0.3662922388993231,-0.307810080779428,-0.16907642023234867,-0.21110828165219228,0.1434575035932338,-0.1224980293070146,0.05146227335103752,-0.4441914752332126,0.29770980732377006,0.5171612131367884,0.054055358039545046,-0.031993526006199674,0.2886748826376579,-0.04175731362705644,0.4394601768769428,0.5084050622235231,-0.017238364634966013,-0.380431321216711,0.016182003227395114,-0.43591862311625856,0.4028517513554609,0.08224435065098137,0.0586216460909892,-0.06417121301202498,0.5551001734655965,0.39572085121959566,0.2894796589769256,0.07382126787720615,0.3107270571248759,-0.17090543690818902,0.26221897464597244,0.36744334568872794,0.5094214514749257,0.6716276537348065,0.17213405220212138,0.05168586586413943,0.19286965276819193,0.2726768086711885,-0.16350678460970836,-0.021604110289689744,0.11633787456217583,0.11603012756848043,-0.4044234551541815,-0.2058232405685226,-0.1671043640841246,-0.07268876058540873,-0.0891923956794309,0.062399053763717134,-0.3334026452171697,-0.053162319711403005,0.03914032430926649,-0.05568689327059291,-0.13560294283282723,0.2877261050119784,0.17755449159199277,0.07629391350579019,-0.13399342060414263,0.027689084267249336,-0.08819743661418843,-0.176009067233137,-0.23466768457013978,-0.043132507662281404,-0.1749843214237193,0.14151372006293034,0.120246321620175,0.0744869613255985,-0.14689351714921642,0.08664191966349932
