1.0,0.15748015919495614,0.350216641605025,-0.37849994664165826,0.33854294822299613,-0.1520447385706703,0.3319608901697721,-0.1741519090101281,0.18934323995421629,0.07732183609155766,0.6217311356577321,0.14249650518977788,0.34219345606209084,0.10965960657625928,0.29127314872885085,-0.12123535001004962,0.23757942482976555,0.08221193006675472,0.5649771950852348,0.5202201191788806,-0.10538545965239021,-0.35443657279068097,0.042284084053017014,-0.20156781441823535,-0.5189722991481501,-0.6240341840333117,0.03310710540900421,-0.2712493429648149,0.07692270949249581,-0.23985281324624796,-0.35158017305496747,-0.4997491197202245,-0.0637623135069858,-0.09214416716216998,0.11884088332491417,-0.2807618918017399,-0.29332130953370933,-0.37315198875617117,-0.16805471341207745,-0.07249799980655929,-0.23559567646738336,-0.1836740261282337,-0.17724488813731415,-0.18123437662357927,-0.13756758903066119,-0.31755521566476735,-0.1905925573524109,-0.19378610184026737,0.008963300455769109,-0.03227009043687825,-0.03083047046196771,-0.15108579572278075,0.09933895229205068,-0.05893039296782726,-0.11665142306949321,-0.20155920535527527,0.3486469286316298,0.17153337554042974,0.22322368530083836,-0.009977960071488498,0.3163026680484922,-0.04406584281015104,0.008698623624262243,-0.04050199635449413,0.2699012697087928,-0.27764079168585115,-0.10300831398303532,-0.32803844273410004,0.3096457316998174,0.38858874739138916,0.2639584288158306,0.33380719487923166,-0.0743317339907527,-0.023456350189345148,0.02644624083696841,0.23225588396053892,0.09323859703462198,-0.077770276837228,-0.09747703062362985,-0.14448966853355594,-0.35637650326578346,-0.20773298461527578,0.4102122262262378,-0.0704086440001987,0.10652057857132262,-0.1625598495893254,0.14128609711052184,-0.022855483565399133,0.23130278448893765,0.035815661901682734,-0.07565964276097166,0.44630885543199916,-0.21610674572093652,0.2923314844913582,-0.21342861865360288,-0.21926552510452182,-0.19939107304926182,-0.025998565610150164,-0.26347606775533056,-0.015012323999681363,-0.022583185493928726,0.24213174800548443,0.007451122043425393,0.16496904034408977,-0.023034712756983187,-0.00264293392091247,-0.07217823617008318,0.21789428963275556,0.12101328871491192,-0.05346888752735007,-0.19503099988574954,-0.12587505152238493,0.06051179929836673,-0.20363610537949425,-0.15798376518579454,-0.009415274146874396
0.15748015919495614,1.0,-0.16188121766161345,0.17053356926094923,0.20115064311851683,-0.22350822709728746,-0.24701135607680036,-0.11486114046870553,-0.39426494124272393,-0.22686813868745173,-0.09580818357868172,0.13432323121734044,-0.4669484670924229,-0.15750673109372015,-0.3520403677879029,0.048365397902342025,0.08499344400994485,0.01428258571603716,0.28485014998512037,0.24078239709876897,0.133407645821604,-0.2802566579656659,0.108959125412569,0.13165295895968904,-0.17322474009528163,-0.09126650209696092,-0.20261604722326354,-0.0981595851798366,-0.20498719400193638,-0.31944638490306543,0.094111619314017,-0.04040771864785264,-0.008173821601261615,0.026039608360053052,-0.04643513181005073,-0.09733019887174421,-0.030461065071948717,-0.12893881844888586,0.0019184550198789389,-0.24911733502601216,0.06102985007276526,0.22086826390628125,-0.22062943042679842,-0.28115278374121283,-0.19884887935952544,-0.08520977491598841,-0.18910072090543514,-0.06881447692578826,-0.189806929242951,0.02295141949823698,-0.1401482124206586,0.1589794387908471,-0.10744097431527358,-0.009940543761116508,0.05971575151799143,-0.11106349705214213,0.301294500218048,0.40003430307028637,0.02686749185342037,0.06208489607067477,-0.1542763817374788,-0.05637775310058882,0.20966574338871632,0.20676413734178364,-0.15537493832398822,0.054283486025534566,0.2555117034270529,-0.05276359631441975,0.23753256575769888,0.07433531946167997,-0.14211587782461252,-0.10968464552019198,-0.030025053761681755,-0.15605846774743135,0.13359158126716347,0.10824270468496522,0.17231609423552155,0.10105408712260511,-0.16087081604673725,-0.25583475872840006,-0.1486146312908274,-0.24686048026098908,0.07892666578259226,0.14273669380649226,0.040620132147097025,0.05043714102924692,-0.09854903866302073,-0.003762809572285114,-0.2022996651243613,0.17267718299624896,0.1654069854976452,0.021568234264754176,0.1406660544482345,0.03642470818119089,-0.19355576914934086,0.19411453039334306,-0.06207717228394339,-0.2842631644127067,0.24284028846463473,0.16377518408493671,0.201523981642825,0.11712120679303743,0.07013437918905333,0.16151574883323708,0.01464019504202597,-0.17460947990651085,-0.2408110873131763,-0.0678203615852408,0.026921780036294356,0.19058096519764575,0.04180350952001187,0.1426877918023975,0.13576863522725902,0.29522694542856426,-0.10735044993297069,-0.0416524322100173
0.350216641605025,-0.16188121766161345,1.0,-0.2222465257030259,0.07163340484718154,-0.31591215241412324,0.5776948870471794,0.10839270381416546,0.21280455174093765,0.04643986699732205,0.2906471043841776,-0.09151050846468618,0.41306464898306994,-0.03717882243577333,0.23850131165853133,-0.2577834839584534,-0.012165093562263458,-0.1794634725450323,0.37115132389170286,-0.045226470351279247,-0.047392241251629566,-0.18292355105961539,0.14242021385929426,-0.16100472907245783,-0.13583450766757552,-0.23903564142729286,0.07169578562001196,-0.18450369226822422,-0.12384043072798587,-0.24388039974277137,-0.2464187487647012,-0.42271546478449623,-0.13710261327234718,-0.23501099199529438,-0.0523867810152852,-0.23368486227947002,-0.19888222658858498,-0.29519828561807016,-0.11470361676906059,-0.11007135690643136,-0.024444078724557367,-0.17129150866043774,-0.16969065892422644,-0.02541126433355942,-0.20068905082289296,-0.25608868223275394,-0.21135912124291223,-0.08569080818788302,0.1546702926945592,-0.17462176175824604,0.21930831025080194,-0.053600323903901445,-0.009157484260905971,-0.1706564103104086,-0.03992423385885762,-0.21145931246326305,-0.10442934393192106,-0.21873368069479132,0.11640660855981769,0.0789627613630394,0.3925203802268267,0.008654050598982362,0.02511406115776213,0.03966546784762029,0.2754310194532551,-0.17230356029346766,0.13603688201451394,0.14270189090325014,0.024806999847099154,0.3174005476716839,0.1114107700853392,0.3420667074867514,-0.002000250445887242,0.0578405413672221,0.04954948934429131,0.11248097997448499,-0.03752459876723888,-0.018259324447437813,-0.3544934629144728,-0.24463722581503244,-0.26595083852542395,-0.2216445959854761,0.2652601084146916,-0.2994552185559748,-0.015155243099734077,-0.1640112889263699,0.2517881359784532,0.029646872824409486,0.34122371706777327,0.10973545657060753,-0.04729389014191705,0.2822443280433897,-0.06869075217904576,0.3331229841311348,-0.08874015738123278,-0.20599753270497242,-0.03620003912793427,-0.18958572687499647,-0.2283875520374597,-0.14312688868975362,0.04134679783146752,0.12595585101470863,0.2858772202456321,0.2994810937543961,0.01871536327320002,0.020472211887072777,-0.04138206372331524,0.22491614318381403,0.07229274657189008,-0.04893645663758146,-0.15806182071551123,-0.03188022591000487,-0.0905548148719144,-0.16649406764172506,-0.06866314893794424,0.04503345775006459
-0.37849994664165826,0.17053356926094923,-0.2222465257030259,1.0,0.10369455629015104,0.2568495752378237,-0.5477971422144672,0.3614070327349516,-0.3115565527905671,0.15272866341000624,-0.2614721229806092,0.44015179673947324,-0.49796546278027504,0.029747661061940517,-0.22547547551465053,0.3342714046128548,-0.20440168238660597,-0.4118553522895677,-0.1863490581972729,-0.1040296107641364,0.022910810601188564,-0.07437387828715034,0.5626516662756281,0.5837357390343605,0.18027541713661813,0.28843758314104784,0.19260663214872664,0.424874163565434,-0.4366147698043536,-0.3111804511151794,0.07268256119184058,0.29253613030471837,-0.4035167685257584,0.04105645337114808,0.17249647853252065,0.6319014363644352,-0.21256151048751284,0.25459155176380077,0.0011897113455944465,-0.1394245810486154,0.15945644130957848,0.2691969469076012,0.04025819890070316,0.014962203308654111,-0.19731797142739546,0.22109055327608365,-0.1372439741381446,0.015472329889213788,-0.34435785102459193,-0.17505822436158525,0.2761023791030533,0.030149068691549295,-0.20981837528084815,0.23279299719773608,-0.05821481412628553,-0.005947797177008043,-0.2506144188576875,-0.22822542999633144,-0.5041705895300177,-0.32421429218691944,-0.5007264151655042,-0.0710973258306622,-0.29988959560442907,-0.2775905388543263,-0.020385689427117624,0.6680683923321324,-0.15876086431296005,0.29215852551002924,-0.25099195240808836,-0.16411497019516583,-0.2990021441278755,-0.15357423574023946,-0.42757241151240327,0.07573528447210096,0.16566917244854096,0.008376239007615098,0.07550109428022242,0.05786370055118269,-0.052671366291425256,-0.24855541333642206,-0.16360467236867487,-0.3733716281344173,-0.17625660814261976,0.04045142468934727,0.15398516944757162,0.2554275480505881,-0.02415011536269525,0.003671195480537008,0.3058748067713662,0.33811043033926635,0.21411235478982646,-0.12737022026308628,0.5190180984960375,-0.12389558229117795,-0.11955807636926608,0.1472115246709701,-0.010102738367561611,-0.1353723917599789,-0.03715297288745123,0.1422898579954861,-0.024366170764659755,-0.24902874754323637,-0.2171278225282585,-0.226247938628424,-0.010038462383462515,-0.004478929774327334,-0.1509870309356523,-0.22126627713392988,-0.1874784810544473,-0.02407925848678567,0.34050538977656203,0.10958428601149917,-0.10577288169967992,0.4292784804733154,0.13624607451783646,0.14821139155829519
0.33854294822299613,0.20115064311851683,0.07163340484718154,0.10369455629015104,1.0,0.10019393489128152,0.05424822054143557,0.06865719077842182,-0.025522332926118173,-0.01833115201263128,0.19683937522260783,0.24805982418263034,-0.10524108961100744,-0.05103925961797114,-0.04153680798136622,0.031498520784248286,0.030801031645533525,-0.16920942054591026,0.3800650287268698,0.4150444799084795,0.21223685096753164,-0.1316486951864201,0.5694398397756989,0.3916096009580505,-0.17450953326562346,-0.26122111343596854,0.09016422829519141,0.04648199394382612,-0.19770266183175542,-0.3405645178674182,-0.02554766249287316,0.08970862980754771,-0.29242159499472703,-0.0012280589501743877,0.2709909435308559,0.16297072851820074,-0.24582333614741878,-0.20877867056750096,-0.0996077456176106,-0.20127922605903162,-0.07104106006922091,0.17588810162482696,-0.41595894752836854,-0.3948342504662869,-0.4007686719874658,-0.17443201203701536,-0.5540013049500231,-0.393545674923462,-0.3640957212621563,-0.3352582244050264,0.1466394227763906,-0.2020752450911664,-0.20291415605369045,0.20741381932556924,-0.19657368846324563,-0.45322553073040067,-0.05888079542063434,0.016747413228955035,-0.3903950858787881,-0.3710122615089527,-0.19211131379331367,-0.2293544301977744,-0.17391613598429057,-0.21002585066706195,0.3259763217960463,0.1776287969885958,-0.10772105695511948,0.05104198160924716,-0.048546955054930674,0.181083020268729,0.1324456294138714,0.24467012243310352,-0.3505338715064337,0.22299139443435964,0.2119636752069125,0.27326082236098764,0.020944111820514522,-0.01332827286503734,-0.2743533070626505,-0.34452064236124547,-0.4706669735519469,-0.2921292867864508,0.13507858075795462,0.2148470346650758,0.20279306823700263,0.3141950203695442,-0.11630225769568653,-0.02650783490018315,0.2555868432147479,0.29211957787037,0.3221300916996347,0.20528745406240326,0.32797964105979194,0.20564781223173567,-0.21549807682815103,-0.06005257713702918,-0.46543442595304857,-0.20422011482632252,-0.25260841052597244,-0.22406919308655343,0.18264512122494786,0.10569697677008258,0.019973944354875792,0.06464243656941417,0.0188288883278771,0.12631203131198962,-0.05967579700468585,-0.14042561736742518,-0.18104009098472867,-0.005215203950363434,0.08075316035339017,-0.18107514414752782,0.005834516446038575,0.13075763239626945,-0.009318853294699858,0.18367602919379722
-0.1520447385706703,-0.22350822709728746,-0.31591215241412324,0.2568495752378237,0.10019393489128152,1.0,-0.3107972304739204,-0.030927476875592132,-0.09056938647877084,0.40650992493151006,-0.06413481096433027,0.26738018861382806,-0.03392739697693841,0.3079817297613135,0.1560337261912966,0.34826947143005066,-0.06197127784959487,-0.10130662187565798,-0.3685848883808214,-0.029051188686029395,0.08161528269389642,0.13418164599916096,-0.046652726566968415,0.13204685908267216,0.22307067621024007,0.2284118413495055,0.33614176859180467,0.48328049759807484,-0.10794585627845726,0.2459741689907029,0.07094698588852255,0.10818033985490076,-0.022095658929457137,0.13764737836272703,-0.03292278762704631,0.3640242174044541,0.2675377877148843,0.22715545434265016,0.21459443596830569,0.03324316519590261,0.08163926875057075,0.1931203577365407,0.1315838024017116,0.24915119097256025,0.1333625564646838,0.07072508907072832,-0.06506330505899341,0.061799668186974854,-0.047239993094,-0.06538001550896354,-0.08411889021659243,-0.15200845650925912,-0.052324261459108616,0.19158071269503887,0.02744935531836183,0.0797195410023344,0.04684104933715947,0.007060528696593674,-0.1565328514720869,-0.24194667259702501,-0.156025924869561,0.08061126087882554,-0.13788139551902132,-0.12300360313034414,-0.14896717749843097,0.3663446813018462,-0.20674176285092916,0.02002211001592178,-0.18036658893102037,-0.1882793268847481,-0.11023779846687624,0.07594956622510549,0.06545131359617394,0.12537989638044308,0.14413689549056022,0.19132670396747758,0.010189224253398787,0.08855536747949137,0.11706580156772836,0.16746769551055274,0.06936611051695193,0.0007431307354825323,-0.2699135280457657,-0.0100735578397203,-0.2602264688715094,-0.07395780507234144,-0.24591160776101684,-0.164816984036227,-0.10397472739708469,-0.09734204718027427,-0.020810784568391152,-0.31509455814922893,0.099417686738969,-0.3032270982777028,0.10829288642178281,0.058101787560801116,0.04199385225494498,0.15442048643389722,-0.19273982928933334,0.017650275697982103,-0.26439231359601345,-0.33569858461972885,-0.28038620409365117,-0.4172866734117795,0.17531161981533736,0.03398415694589439,-0.013522953871088535,-0.12753059874823147,-0.055201973284977696,0.011801732993887946,0.1461976309694136,0.11699464342416153,0.012540456550102275,0.035129918134363995,0.13868864712930679,0.012938720136948613
0.3319608901697721,-0.24701135607680036,0.5776948870471794,-0.5477971422144672,0.05424822054143557,-0.3107972304739204,1.0,0.25219799840706825,0.3932571561230238,0.04204971987193905,0.2167577089291356,-0.4252522470417454,0.459140598278544,-0.11031744550484814,0.19652028047854486,-0.34534559516144697,-0.050820975560936454,0.020406122502921013,0.4184165935817145,0.22590324073859114,-0.18623151392040277,-0.06096411953524089,-0.13831930229179068,-0.23413972756628643,-0.29451600719024357,-0.3380309939902246,-0.15732201281934702,-0.35526946246654584,0.09263379259971792,-0.1440563180078338,-0.1901667742616062,-0.2261996985574694,0.07325915316332379,-0.1177058516332838,-0.1299681765363854,-0.5741047161569799,-0.12329382950947627,-0.4741364323235905,-0.30145844607969197,-0.14676256630646725,-0.09865864878679985,-0.14320047247874654,-0.2292949844886565,-0.15949554693224835,-0.05141276911338618,-0.18598564087743188,-0.0956001500099036,-0.16309643722142347,0.1354133513515888,0.023018314624419882,0.050549306220248835,-0.07863620480955559,-0.03181991277884142,-0.20407552652680783,-0.23445207821337485,-0.3755598271413594,-0.043563977004868984,-0.21403451687465186,0.06425965951117503,0.11499491418175324,0.41382629262879245,0.0007878487053284075,0.19960628562341542,0.12839352872270046,0.408471478283998,-0.43472552956215665,0.0632801508648199,0.003327652532306652,0.09945734345108491,0.4187040864365179,0.20601363101152592,0.2118129310416856,0.09431585320488757,0.06612214336274377,0.0574096397213523,0.05921305766314122,-0.19370944634686282,-0.13010856133525145,-0.2550361650876533,-0.17113930695701587,-0.18434399657986678,-0.024058898432101905,0.378635973963871,0.04983478985699572,0.030321391654488206,0.05214665437097945,0.0921074162969931,0.14297385279746072,0.09954071305511085,-0.18229672095259325,0.0367660735624465,0.3609855040712771,-0.1084929379019225,0.38955706169765425,-0.1496144688447957,-0.12476047401868126,-0.325829379811711,-0.13174628160693982,-0.107165271335446,-0.30879107843997866,0.22345562849373105,0.45790646338236435,0.4132444476823046,0.4044053406664069,-0.10403130819214648,-0.02782112020583161,0.004388997940782091,0.2777232162978193,0.10863146686961013,-0.1202702471672761,-0.4047209214717899,-0.14058929742770312,0.1448563713155205,-0.32407800227314126,-0.18525543842083758,-0.056312648809596265
-0.1741519090101281,-0.11486114046870553,0.10839270381416546,0.3614070327349516,0.06865719077842182,-0.030927476875592132,0.25219799840706825,1.0,0.1754884497731233,0.2957937865841767,-0.23065091118357833,0.0015374086667303629,-0.1447908149978224,-0.03376143227267396,0.016635374770729898,0.08595071745810373,-0.43642762964880544,-0.38296459123688464,0.05733378646385418,-0.06729820532541386,-0.18547633845835354,-0.17166235336302574,0.2554850587769317,0.32719921414207287,-0.050634447545247895,0.02292940089046678,-0.06697528471458163,-0.03795709595276738,-0.4001363495780393,-0.4334511631335581,0.014121681731818055,0.12996153984713704,-0.32721042152541996,-0.1606435761576613,0.13472584845727703,0.04541909036478813,-0.389641075142619,-0.07543693379089368,-0.2427619776654671,-0.2687410944647022,0.008282156064486257,0.13706973449745005,-0.26416036409319243,-0.298441051025549,-0.27158920027683076,0.02536107487209881,-0.33165685067425515,-0.19906559856946052,-0.17336089186112083,-0.11131490818417414,0.24139600942513773,0.17215111501611405,-0.02616227775921447,0.10872407437143004,-0.27001192049149636,-0.5232493455299363,-0.35921579206196563,-0.30173074657414634,-0.2194888329319059,0.12345755355737359,-0.01764022656602397,0.27240944636060804,-0.058115126990984964,0.0717900194811967,0.4397885242954304,0.3088372161271836,-0.06589357137380171,0.21792279381379384,-0.17288608754176255,0.12070687494251628,0.017454647349547554,-0.12481885461440774,-0.3664129274952485,-0.0035042148038427847,-0.04183844241913008,-0.16242669941617363,-0.1449928196441329,-0.1675855097782602,-0.3433261775515485,-0.4408270249572238,-0.24288178652500741,-0.4400955568395267,0.13465576232964305,0.0533270442024785,0.20589139635025225,0.28607574200748725,0.07244474688179942,0.23150603139811324,0.3890425857312126,0.09200334088300095,0.2187040463561105,0.17024387955226078,0.3474030594908439,0.15505556911926513,-0.1706485433637995,-0.05722791037665269,-0.33891016718847927,-0.24947303148681435,-0.0336308987529575,-0.09810973567167236,0.17253622091343074,0.15016700140034522,0.18281792238541758,0.2274055879796651,-0.038955694789237466,-0.020781081618169266,0.01715279622224788,0.13037726143288345,-0.14898870205011513,-0.26818113736541,-0.0992277079418765,-0.08187351871432022,0.04961072230535912,0.02651922699337894,-0.013261835504089957,0.0710109467173904
0.18934323995421629,-0.39426494124272393,0.21280455174093765,-0.3115565527905671,-0.025522332926118173,-0.09056938647877084,0.3932571561230238,0.1754884497731233,1.0,0.3176130590017805,0.2300163597503453,0.14983641512868037,0.5697873009090535,0.43635841293361377,0.6307134136556236,0.29841133600777914,0.10403295670000298,0.23342582534966788,0.0565655242002454,-0.05923204036144551,-0.461532476522779,-0.2703438692206515,-0.28493482285037613,-0.4309851415089568,-0.4005434072322126,-0.4563657305344038,-0.1352947303207595,-0.4516939146041748,0.2846287078897926,0.243168877276044,-0.21274031206353286,-0.29087652620018684,0.08770200720624251,-0.005343214659028673,-0.09185421535823206,-0.16256974444308658,0.023002291403818983,-0.07425062356944245,0.08669494518664801,0.11603359334227642,0.0860896388540619,-0.06821496623853149,-0.3009548657722654,-0.3458975786732164,-0.22261753724255157,-0.4567722095798443,-0.13090164291179565,-0.2759624896642591,0.07306553530493877,-0.22518848490890214,-0.09673167665814648,-0.2286005203637708,0.3382616147624162,-0.15554897160070877,-0.06585596583473603,-0.16657511851163156,-0.13524041506623877,-0.09090168288049563,0.2961342484759358,0.10259835094381216,0.4710295573144847,0.38808311387467154,0.2248900914685381,0.212257416352687,0.382101962012539,-0.02466622537194027,-0.18589845544836703,-0.3388296775727703,0.18827155393364609,0.06799322121183234,0.2301471256312234,-0.10378660172288308,0.3161157472802942,0.1596720112669341,0.027356000686899883,0.18432584313438968,0.16153294407995022,0.16057886176946826,-0.02719455220037079,-0.0058527424754640555,0.09520937434555024,0.05244094189085177,0.27007145477780936,-0.046089569563500465,-0.022526229210122838,-0.2262705518195823,0.04251075566696026,0.02570985676281981,0.24003136874545417,-0.19791388669854112,-0.28703005504707646,0.1363597739395602,-0.26712846330357665,0.10575216153920682,-0.15559061162119586,-0.06498981828384712,-0.16587753489874602,0.10421545106847258,-0.31980426997316436,-0.12641896862804053,-0.1180443281318178,0.05098402820533503,-0.11110093793336612,-0.04492759699158594,-0.16133655993856993,-0.08051264126200182,0.0909021751613222,-0.10534808080898493,-0.008983865216102657,0.04434969437272143,-0.2546819455845399,-0.25135077579394577,-0.04561111232538963,-0.1494902771138133,-0.16183669346214058,-0.2051624630780311
0.07732183609155766,-0.22686813868745173,0.04643986699732205,0.15272866341000624,-0.01833115201263128,0.40650992493151006,0.04204971987193905,0.2957937865841767,0.3176130590017805,1.0,0.17650952731370192,0.30663571260598177,0.2525317811214664,0.2706543198314641,0.39545043200482005,0.16689352477098965,-0.25427312998093066,-0.1201263592802507,-0.2655823169667424,0.08295173865674701,-0.08693037187059353,-0.05071644809770398,-0.13746233437204386,0.12648419702177915,0.075061889178645,-0.04731582480674373,0.12086179457600463,-0.010562073825362542,-0.08910078193125572,0.025612016255481096,-0.07697478983845066,-0.12603864237507642,-0.40878569484579036,-0.024445147385514,-0.060941088484036406,0.2073804167536201,0.06097619134112909,0.07126765279223234,0.04251646337729489,-0.06927313796553934,-0.1496541419711205,0.018113885749980515,-0.15029446519526343,-0.054339827747678995,0.010910184734877329,0.08388468744509747,-0.15628238274198894,-0.11064579785090693,-0.037960332711481075,-0.05984500977702534,0.11711656635176429,0.08241157685016211,0.02961190637781712,0.1342568588349289,-0.15617348039810958,-0.20701048447404743,-0.19635028541713762,-0.31696185240254027,-0.0634504366133788,-0.21759490847094393,-0.09425295196960867,0.05333229764652754,-0.20806415699464761,-0.21109155543011301,0.2206974386053151,0.17659515727099573,-0.3041116577123203,0.04549727972835584,-0.10808219787959603,0.06253144521768345,0.05602216814337233,-0.03480989618589839,0.014103559418896797,-0.06371821323412154,-0.00726347814226741,0.23706436376892615,0.11141693458779992,0.09300341220864415,-0.03121300757182084,-0.008823839642206198,0.07478580337128614,-0.008644796013758876,0.10408864112090417,-0.03536761012253272,0.06800407352131208,0.0386758914613599,0.07543631672350178,0.00013380976042029136,0.2302355246998066,-0.1013971918979385,0.045833960562115326,0.2254396740297622,0.19386018630278845,0.17047274377900595,-0.15656022252453056,-0.0584784917838965,-0.06311787459263789,0.025916661319992106,-0.24415426574043622,-0.10780272683393013,-0.037232869706603396,-0.1797137919922586,-0.22831182926304464,-0.06310158859464374,0.18414936273936397,0.033385826231417996,-0.03591222648032416,0.012454155723340573,0.0015083394205635326,-0.1362774995648514,0.09775120195740257,-0.11274593300419597,0.08494228777898429,0.0050073751823120054,-0.05078285526369172,-0.10511615885682127
0.6217311356577321,-0.09580818357868172,0.2906471043841776,-0.2614721229806092,0.19683937522260783,-0.06413481096433027,0.2167577089291356,-0.23065091118357833,0.2300163597503453,0.17650952731370192,1.0,0.3910169140539898,0.5175356045352252,0.1958801995445581,0.386109724987736,0.06524572991383014,0.3184259127038783,0.2226392567947333,0.3488464553809167,0.32490718955610687,-0.14204492826939144,-0.2048102458220618,0.1514211864081272,-0.09922140972358336,-0.3247562781818685,-0.5422025513926684,-0.06899045179735804,-0.292680295800844,0.41606418540082923,0.12864599092955037,-0.1736723029065745,-0.21308051753714094,0.0652776872275361,0.18117516800401215,0.09079265971290801,-0.06191521164839009,-0.09564332117190374,-0.07999188892653256,-0.21419333234849042,0.03926064375518271,-0.1348665991761516,-0.3239937908727236,-0.14715894327979173,-0.18716790214113632,-0.22941146516369848,-0.33958073833901603,-0.15581718681444762,-0.2933218785105911,-0.15776957311237455,-0.16128319914323697,-0.09201384964208102,-0.21977752242666704,-0.009949725012576708,-0.03360420047383621,-0.1996240929986224,-0.07773178250655778,0.05796891564140573,-0.18605017143275165,0.08092015704936663,-0.2063426963959199,0.13848832875204162,-0.07450263356220928,-0.0023850220807364415,-0.22793300188301563,0.32539633117732686,-0.13378304781479808,-0.2313702918651123,-0.2460829639427746,0.04505428277606948,0.21360150106902026,0.0733705107265236,0.26264002067500297,0.18588974832023644,-0.042991061402708676,-0.04014602099024974,0.1307196213399995,-0.007743425692186029,-0.05571656871455693,0.062233174403596755,0.12601680929114842,-0.0997773903624223,0.0557233127613989,0.5175183515630902,0.20705997336844115,0.25046937269411285,0.03891283728634514,0.34842453659113204,-0.029396989722521062,0.19939006216698654,0.02154368487854915,-0.25240301837109375,0.18057173678124203,-0.2071019420172192,0.015592239904071693,-0.01299918289608327,-0.1587447511619437,-0.1884474840803092,0.009986746297516442,-0.37769624741918756,-0.2721562614106337,-0.13615964182585788,0.0007864936591853533,-0.18051202800439622,-0.11278278800485515,-0.12620417969462105,-0.07657504552650786,0.022932774485631753,0.0330738038008131,0.018615756203393903,-0.047592495362487816,-0.09125323546324612,-0.15032952582042822,-0.14052926848008593,-0.06906396675070567,-0.08287420292136063,0.02403115967468481
0.14249650518977788,0.13432323121734044,-0.09151050846468618,0.44015179673947324,0.24805982418263034,0.26738018861382806,-0.4252522470417454,0.0015374086667303629,0.14983641512868037,0.30663571260598177,0.3910169140539898,1.0,0.06000475490315611,0.5046662873488907,0.2804835164305515,0.5673415539487956,0.19046261585846905,0.10259060326409107,-0.09450935464249592,0.003722339617400279,-0.18735893169987344,-0.36307494794506084,0.27796100397754764,0.15508677377293492,-0.17966868135839206,-0.2813336540897757,0.005565526359590421,-0.04653240030845212,0.02189620263477322,0.0776410658058261,-0.16165126115816109,-0.06623910391766369,-0.2379315653809379,0.2536032821067169,0.15874910589872188,0.43811511701447736,-0.02811917870189419,0.17184628181337092,-0.07197576071434021,-0.07877998755529399,0.13418087482899077,0.10445465021057634,-0.20060245243450117,-0.2490054873019865,-0.377605322093333,-0.22321748573417716,-0.22460652402861284,-0.25491741015596797,-0.3334790868382585,-0.37320532475526685,-0.05372733164457632,-0.17427582969577243,0.041452864538759925,0.2243107874264839,-0.042265352017884235,-0.06575228991354051,-0.10363674280576445,0.011714617767569376,-0.13269306472085798,-0.2599314101351659,-0.12933294944139995,0.1770195201961664,-0.011023542572242908,-0.11882235576250372,0.1656584264342446,0.5968310193876415,-0.2679054230719345,-0.1302527386509619,-0.02942662413443181,-0.09423742521368397,-0.05427998261044908,-0.05394387201821293,0.030120725193805705,0.06084580467024018,0.10914303531531896,0.15136773948885074,0.3842414974599893,0.15859608757297558,0.12153249604172425,0.026287353624616688,-0.0353382601991251,-0.1748679316558629,0.08246162768664071,0.06381343734830805,0.12062154560369019,-0.040982350691197454,0.0852982086052365,-0.19092120408393945,0.22416788824929976,0.1767280502742445,-0.07188493873341098,-0.13726159341492766,0.08372623355321464,-0.3269560337958662,-0.170334360616824,0.039933580808927414,-0.060128221028219304,-0.019509449042442194,-0.3209049702520097,0.027841169653548527,-0.32896768774345525,-0.31258733456051774,-0.4032242733536639,-0.38779224777775617,-0.01433003718516982,-0.07637729684051553,0.009507802610307847,-0.2589740331682595,-0.14803089692418536,0.11859513081452414,0.15535649309316654,0.031052160787978452,-0.10876249308676487,0.31532280762559384,0.11746747312605778,-0.010255802862914842
0.34219345606209084,-0.4669484670924229,0.41306464898306994,-0.49796546278027504,-0.10524108961100744,-0.03392739697693841,0.459140598278544,-0.1447908149978224,0.5697873009090535,0.2525317811214664,0.5175356045352252,0.06000475490315611,1.0,0.4794921542977138,0.6951268042927146,0.10424392448422683,0.24089509473675202,0.3393102499650751,-0.042915628134165745,-0.03494862861876025,-0.325821719057196,-0.11667370353684375,-0.3049586953420511,-0.5251963057536813,-0.2641334824435399,-0.3871537257087907,-0.12154791782927005,-0.3804040615918105,0.2525058159915745,0.40206533291511976,-0.3452837678368856,-0.37815554043857474,0.17896763351721362,0.02423514525803172,-0.28246513623557806,-0.2893120174448138,0.06206698205673136,-0.006985269421193711,-0.03636559078480227,0.027563332924285578,-0.01985081782652062,-0.11764928715802099,-0.07641353679652506,-0.07582577784037794,-0.15127284420782372,-0.5104527080752447,-0.011686040302710653,-0.20543393413010685,0.2613581008229075,-0.17212747712508786,-0.06749183182638618,-0.23646364894236446,0.3191764749440394,-0.333839900679791,0.00020235626861672042,-0.0640678035925318,0.10467597915255976,-0.09395082845080725,0.35940425064468356,0.11165086424697068,0.6334848711865911,0.3298024408132467,0.26892335167295467,0.19157187323557467,0.19149624638003143,-0.16415386334668153,-0.1902244181904561,-0.2789644537564095,0.09539627059280863,0.18150871592817647,0.20258508148569046,0.2429180728078114,0.4488816308909146,0.1138078580260678,-0.11905796396326561,0.14201637687916188,0.07127231188834204,0.06575297843531669,0.08712635077606748,0.2899150879227964,0.14312462131642947,0.23053333922839253,0.22006390150774147,-0.22037616215559744,-0.1470736348307769,-0.3408853932733537,0.1687335899511785,-0.2059696679380584,0.042406053811062494,-0.21600058728006205,-0.3465313138959299,0.027962618092569648,-0.3594309196188032,0.05443194571464357,-0.08914000267369293,-0.19266200355759464,-0.12000819407344074,0.07152822097800651,-0.34182299758276735,-0.20997058818258132,-0.05778378943704374,0.06752996924815632,0.04873193642045269,0.05841277585673936,-0.0006058978530970219,-0.01787026955922879,0.09365187254603291,0.040783481954508795,-0.03952346203413352,0.02111739626893029,-0.2645979745020354,-0.20793533233948577,-0.10600556742767119,-0.26249275833735225,-0.16066693415675534,-0.03197798019098755
0.10965960657625928,-0.15750673109372015,-0.03717882243577333,0.029747661061940517,-0.05103925961797114,0.3079817297613135,-0.11031744550484814,-0.03376143227267396,0.43635841293361377,0.2706543198314641,0.1958801995445581,0.5046662873488907,0.4794921542977138,1.0,0.5922034104904785,0.709184859542836,0.3907318707955251,0.32800239018195154,-0.23309450737538528,-0.08769439760499304,-0.5092276655040702,-0.4029936181673913,-0.19733485569473028,-0.4062668095369512,-0.33437460968513766,-0.3584204672795872,-0.12245822698181223,-0.16995464303191612,-0.05201959338966541,0.30887900185805556,-0.30520651777326774,-0.28761234359628646,0.07358152723947023,0.30366407303436116,-0.11373094177734501,0.10151673629968974,-0.030728243341259582,0.09945158165065414,0.09729281083680165,-0.12426626538865942,0.08046303349771629,0.17332590556326635,-0.04302150641737256,-0.1307487883884708,-0.25121135679240086,-0.48738819620991747,-0.02947725892554099,-0.15254515001468053,-0.04747394411842524,-0.32842896535370936,-0.23426546408231788,-0.3037733637798092,0.31103158949417326,-0.17823408979431352,0.0806914409634258,-0.02837540345699899,0.13433019621587533,0.1099906482316832,0.12342227676290393,0.08394962326685067,0.4681383146801479,0.629282295527816,0.38065135513058135,0.3694914976667467,0.0690351402972844,0.3702719622908198,-0.3830322514797672,-0.47484094250803927,0.2039799304846343,-0.025780124216022222,0.15527724338911925,0.13795374877733219,0.3754859628363632,0.06730254048673258,0.01232103024653037,0.19476139230762832,0.3973889304615892,0.2915168750482142,0.18565263617243946,0.21910577333149386,0.14596736617567668,0.03684025373521368,-0.05884938050016022,-0.354326585164726,-0.1463650548901743,-0.5046957811093441,-0.18377309364550556,-0.37539739455538507,0.11785091738862548,-0.12073165298722768,-0.22364300456149774,-0.24269634538085447,-0.15631484625889344,-0.23034494494767968,-0.11395636478296578,0.06444823182345175,-0.12308108037804022,0.07128270948188269,-0.3023806468152202,0.20085740511643133,-0.2960890520882704,-0.1418213712536966,-0.16527463641059562,-0.2932590338333603,0.2080866476970838,0.05541047685837977,0.2101329868576943,-0.0567144730143953,-0.3253464169052029,0.2360270048595909,0.00667049728750861,-0.06438414332354572,0.0708162276312828,-0.019933872474484676,-0.0009585499546323768,-0.01630850445946685
0.29127314872885085,-0.3520403677879029,0.23850131165853133,-0.22547547551465053,-0.04153680798136622,0.1560337261912966,0.19652028047854486,0.016635374770729898,0.6307134136556236,0.39545043200482005,0.386109724987736,0.2804835164305515,0.6951268042927146,0.5922034104904785,1.0,0.5168951197185189,0.18603853594248188,0.10259710567657603,-0.032424414020129036,-0.08283871301465698,-0.43413181430830217,-0.19269049483205286,-0.2686271699242387,-0.49184944100954586,-0.36304365450254855,-0.3130998644665132,0.08147843067236536,-0.22799441328600345,0.24537710032736157,0.2553657902206182,-0.3510785215950082,-0.4314422165409372,-0.005534709829179767,-0.022128710753983823,-0.31412926997138585,-0.17010691290411067,0.15987101799233613,0.08417445844016348,0.23385613059688704,0.19422823848334256,-0.002033380740858008,-0.21132384896502066,-0.06419948985330962,-0.17332161732008527,-0.26855419908860173,-0.606377928229024,-0.10203911105417288,-0.20614634906773865,0.1907976881453022,-0.2161566958712622,-0.0855488970784414,-0.21787411789267222,0.43075361212203167,-0.21546580168749405,0.2534319276038692,0.06385559481260694,0.056494101994261185,-0.0036296726614929446,0.3255211230492287,0.07501504798568824,0.5601747449923797,0.5348742039148774,0.24281718666389457,0.11730624932548764,0.23016029589248538,0.1713890151835185,-0.47388547812249127,-0.48102277834198703,0.03990546421375756,0.13934069156339104,-0.017020083789166012,-0.11458714176783083,0.3561270444471227,-0.006668983013339039,-0.15644577682306368,0.03573051844196832,0.06667203806478517,-0.07944276344366086,0.05729167080663163,0.15515879826782122,0.18054581985499982,0.08953844799657634,0.2947028131808226,-0.10775844651602151,-0.08453487737851209,-0.36331182747347657,0.13099102779086258,-0.09408386145360632,0.3681672519242623,0.006560280200398561,-0.2838789506622752,0.06084924242819772,-0.3015553555538605,-0.04566514906762592,0.04345649969688647,-0.21409716289904182,0.017833831671178926,0.31334462133675944,-0.3274974492761555,0.000872942794216279,-0.2008698747796946,-0.06163288141203402,-0.13752670329076438,-0.21054732330017423,-0.07481194185458158,-0.03197862557715409,0.18637906898153334,0.0960559224702406,0.016173311228190334,-0.05583742211142965,-0.25557205312740067,-0.1751883052652683,-0.030629966388000827,-0.17626270771124986,-0.030567625762977196,0.005227265837154236
-0.12123535001004962,0.048365397902342025,-0.2577834839584534,0.3342714046128548,0.031498520784248286,0.34826947143005066,-0.34534559516144697,0.08595071745810373,0.29841133600777914,0.16689352477098965,0.06524572991383014,0.5673415539487956,0.10424392448422683,0.709184859542836,0.5168951197185189,1.0,0.22163640854508837,0.1192612999912945,-0.24171274291998063,-0.15094888253640149,-0.43378845286395795,-0.25417148425858577,0.03440459780438115,-0.1678397134044569,-0.31017539804205363,-0.1905899274085835,-0.1350816150965974,-0.08166730592278972,-0.032565268432244276,0.22598243987858105,-0.16957178480298116,-0.0914407038488283,0.019835170190300618,0.31350679473234544,-0.03982724186185858,0.2565425220244661,0.18713198719552,0.24315416063765485,0.18191009890718013,0.011571685621251849,0.23407686083335244,0.154275142439739,-0.1572657644915824,-0.3233298243412364,-0.3500429859556425,-0.4070908416494425,-0.1668246724063546,-0.2762846999630248,-0.1772059547985316,-0.30936018279518346,-0.18482973918464105,-0.19540929049152803,0.23688486253627247,-0.05569846480702014,0.19758119270985403,0.08312207133603411,-0.017233120304927848,0.10121044139930066,-0.051087084777083513,0.029856517525474566,0.18955136109644638,0.5988404768393916,0.36271903309026765,0.2843133545123225,0.14931914985853006,0.6123888086362177,-0.3872001592839721,-0.40446169619695144,-0.08949151745359867,-0.08970161101677572,-0.22870905118999713,-0.24169003130608788,0.28176796528652087,-0.033352960232983904,-0.027568356941425648,0.023387077285303932,0.2257868754940134,0.09049705172567993,0.10614739875764702,0.07099054788303835,0.15677840973065577,-0.07485781219094578,0.09803347306559558,0.04873177495191961,-0.043652974998903,-0.16834014447476298,-0.07534016490048168,-0.1295529352981156,0.15948426487002962,0.19382215929924265,-0.10937123335332796,-0.35776966071316024,0.011785458086970471,-0.4088750850080901,-0.06920003916218895,0.04783785942302967,-0.12208472294404281,0.12805506976041006,-0.27404958994691897,0.1887002903040504,-0.23625011942085927,-0.2538545277581089,-0.27947059248406064,-0.4415012718413518,-0.10310166090394697,-0.1515711459084235,0.17347466141986076,-0.27104640530995144,-0.10047956446476311,0.11507526329793366,-0.07099497242563473,-0.005890670184001457,-0.0306804777065119,0.16123803865040126,-0.01851676978602582,0.0924284003090719
0.23757942482976555,0.08499344400994485,-0.012165093562263458,-0.20440168238660597,0.030801031645533525,-0.06197127784959487,-0.050820975560936454,-0.43642762964880544,0.10403295670000298,-0.25427312998093066,0.3184259127038783,0.19046261585846905,0.24089509473675202,0.3907318707955251,0.18603853594248188,0.22163640854508837,1.0,0.4886232576192475,0.23686443260552198,0.07510391557903741,-0.11466748726184665,-0.2650978156670898,-0.12901008596123312,-0.5108342206460234,-0.31916928699578234,-0.4387647676313056,-0.20776013049180914,-0.22160934616551833,0.29291686819139895,0.2808075790564921,-0.1894907729713314,-0.2655826676417406,0.4117209090938813,0.4560208758883109,-0.05405730789408178,-0.1426079432385516,0.12026947777535477,-0.0004031518951498457,0.04512375248099007,-0.12541136126034208,0.1032932461835895,0.07342964272901507,0.10957162189557784,0.04862018347725511,-0.04185732225282199,-0.31177428419798503,0.11947955828137831,0.12495591577057413,-0.06242663945545267,0.03127572225527031,-0.19592579302459978,-0.263694245798018,0.01718616452652083,-0.24604204484307737,0.0017969755618945594,0.18968519943040899,0.5176134967687611,0.42744926916084075,0.2125833593282778,0.0070578991417728585,0.33979687280748194,0.12070258190884493,0.4536295551384699,0.15600361222562673,-0.02108745810701985,0.046912332293774485,-0.041823136675910505,-0.46673008140610506,0.18266138389263978,0.03572825039504099,0.0036492916421520844,0.051270577704365,0.341747716203091,-0.021073863662338335,0.11150521554913072,0.057938375435934907,0.18391659349009204,0.13696620309168225,0.33282948361472325,0.3479905873470466,0.3010556190870372,0.27559316178926363,-0.12357507202211344,-0.11767149209168515,0.03438481237961335,-0.43155182554912924,-0.21998159723357708,-0.5195157307042266,-0.1563007654888345,-0.2134253796472781,-0.520615516479222,-0.32256402358244707,-0.543832532121598,-0.3099374914441454,0.18470443118463617,0.33946086404191395,-0.1393345822636582,0.16028767737064528,-0.2509633421589998,0.05260162647642288,-0.5026648430358325,0.023869188519030343,-0.08956357484128868,-0.2425709327914,0.05654051252914828,0.1086148065762263,0.15020684279716912,-0.0638040790180647,-0.19906562314594198,0.4244210000861125,-0.21862377779898054,0.006188781255727004,0.01501395155693039,-0.17388542246263122,0.025650847840870624,-0.12163588940049955
