1.0,0.346469973858369,-0.11337626632455235,-0.06034470037645771,0.0037672835692263177,-0.12730708923033027,0.002962520506015813,-0.27721161876252165,0.04006842633917835,-0.3262752279418641,0.09129917041747,-0.23947223814714938,-0.13719442679976215,-0.35866414156328835,0.10662837080382676,-0.2539424963459997,-0.10458713244404921,-0.027814335509122958,0.35549650522724324,0.2730120429455437,0.06758460565529155,-0.056703527921966035,-0.0027092823214374256,-0.07067135421437123,0.08472401801618186,-0.12874784216562504,0.27632509765042185,0.17102254931944663,-0.07195906853574954,0.020398738661689033,0.04857384733623644,-0.17588090563508452,0.11660570788984691,-0.06120228210238442,-0.2051796177633388,-0.26926069350966997,0.19110337487731438,0.13630444797247196,0.24635471078441357,0.28252014078244225,0.06875035111247155,0.21286500357409063,-0.023977096894947862,0.08824410998999274,-0.0652255350736704,-0.22440157597241178,-0.03619331903557207,0.11019063152569537,-0.05124222737305236,-0.06717635167024397,0.09111011106066526,0.038141710255602555,-0.04483572492635025,0.18694766156988032,0.10997446882335488,0.11358941575107977,0.22280722506179398,0.3214848690730554,0.008244670274896506,-0.21829653246742325,0.01576831381204992,-0.46666463409419434,-0.11121384979544358,-0.4024238401219719,-0.06920666387034552,-0.3715247640477159,0.04038565736352989,-0.2151493811251815,0.260540490437821,0.11135263462847825,-0.014662275342694098,-0.0011435502635151632,0.12734863461141985,0.1677662534836127,0.1872399772975994,0.2361002665107285,0.1573882492647431,0.09555673487867108,-0.0017217352499913823,0.08215086111955407,-0.10986796964402806,-0.09495961345539242,-0.09027225575198898,-0.13752984556421224,-0.11686559237004146,-0.17555316586265082,0.14281820515354715,0.0810143230088483,-0.005925830545292202,0.004388932615681461,-0.18581637209252014,0.03635148847507845,-0.15145399412846539,-0.010506660718443295,-0.043999820813904404,0.07151743544255311,0.06773759645273233,-0.018732030718592762,0.1029817654972316,0.24616207472117219,0.03908724578181631,-0.029477024930580853,0.16043527447240302,-0.0074850225793472065,-0.08324903868279347,0.13601434151785086,0.06870786600140853,-0.007281526663693012,0.2600557409634922,-0.20971935780196188,0.13982737714725016,0.003077184804487687,-0.19474380637945907,-0.015390154116480731,-0.10963680566782111,0.07742381395825981
0.346469973858369,1.0,-0.4712490744032197,0.29948537839997985,-0.4320810818565627,-0.12991261583618005,-0.19853546653082144,-0.20598935793579704,-0.33847542310718015,-0.24779172424279902,-0.4256879857453647,-0.06972179650184523,-0.44734860853550196,-0.4076998861190317,-0.19075240147286202,0.15214105282285018,-0.10387206256863928,0.1881699935093434,0.10824252334210997,0.21821613360696526,0.09696983763490334,0.023815805195894754,-0.2448968169851036,-0.32713969526438175,0.057902144514885664,-0.01186770569117986,-0.07597545290078671,-0.004478376274291969,0.03268390428428905,0.4729385771691618,0.14147293771504296,0.05086482054638334,0.5185132157677184,0.1427657145577071,-0.14422024469052647,-0.29031583518075543,0.3481766321102501,0.4899582432070157,0.1433226539471939,0.1346743121931104,0.28515773509514986,0.27145093516503993,0.0673887795311323,0.13268333979411207,0.32673246159642405,-0.014951940783413048,0.3482407373512399,0.15554622422225511,-0.2123571703047662,0.09506356402125966,-0.06695209923758796,-0.05188623084339814,0.02432807692390807,0.2319560213671368,0.08738454204502147,0.2644790650089867,0.1927594505712882,0.5314333046060656,-0.47764520275412786,-0.08255231259993137,-0.528107080143749,-0.11926559094292959,0.015664792725887822,0.04653980207596508,-0.29834659694274196,-0.458763252384537,-0.10871047194464388,-0.3526959496314587,0.37795371189899296,0.2163519406017299,-0.39919373101995914,-0.14878383561764624,0.38724854909611806,0.3195111671042467,0.14774368755542494,0.16999208593914264,0.11883390809774444,0.16111843294707107,0.051734261753949747,0.05074507790547264,0.08825201136422406,0.21999669865835147,-0.03745517461057612,0.2715754727174534,0.05916508245328963,0.11716430393717756,0.046198195728800066,-0.05556089368865731,0.0394025169720685,0.022086647246279612,-0.14489062594373214,-0.25741794691726716,-0.23158895473292548,-0.31011744919455897,-0.03647866924078079,-0.297139500342529,0.017596154416581,-0.05753263576181413,0.4354640163452848,0.30255688594011326,-0.11047088464214695,-0.19423117915700955,0.08602363495655563,-0.24120777854461067,-0.16826454638766825,-0.13515691640560556,-0.11281264166702577,-0.24911041490344488,-0.004038239896148051,-0.02866672102667096,-0.1644492506918899,0.2276768248140411,-0.02856115162749425,0.07381896123465784,0.08277927961436644,0.19727156408859636
-0.11337626632455235,-0.4712490744032197,1.0,-0.21227710123979515,0.5897536560984212,0.18004669915639723,0.5064223024221385,0.22614371592923924,0.3342404842141355,-0.1946204768238221,0.17176158597699248,-0.3324959627318568,0.24581134572370383,-0.0720505751073359,0.08393144754297656,-0.48360873614485855,-0.10807670005912084,-0.24995028323112536,0.1719861666358527,0.06824839004598524,-0.17112966711241523,-0.09356665625474053,0.506881446706471,0.4165744802632053,0.2541967411417331,-0.02037038794051645,0.3500333146677272,0.22881041621189843,-0.32646167532776493,-0.4326225460950771,0.17472129862559158,-0.0562436631638881,-0.2610379191693126,-0.10742465633897426,0.20208889323713514,0.14304875500750203,-0.403804333319443,-0.390389479015498,-0.1556824555136362,-0.1565559316579824,-0.21258385229682847,-0.3742511748021052,-0.2744790254516725,-0.1441561607669823,-0.4874960839117615,-0.09503550867985643,-0.46623656113114803,-0.16547455441662318,0.08730322983266138,-0.1748934304321196,0.18421181154201738,0.0661015704499138,-0.06306680726042799,0.009603385502780695,0.25193890667519536,-0.26204723980049627,-0.021733185963301274,-0.25275684855155767,0.43666500098019245,-0.19759742621335086,0.40825509668909205,-0.21124267880830672,-0.33921067580450537,-0.3788250516210272,0.3938646603904993,0.17005995149404263,0.22029880605541025,0.4453394329710984,-0.12484332261574133,-0.02535602100060839,0.25494976425595733,-0.08321008092706261,-0.23317303854236152,-0.3769118508684985,-0.28165560378194426,-0.24756264918779275,-0.08223305358397061,-0.10527211218230507,-0.17595673920163687,-0.052596829815237195,-0.3562528334885259,-0.32293546104615756,-0.1973282895298689,-0.4821422717654333,-0.5061710731717475,-0.32047736456009707,0.045210748211329164,-0.04977315974281097,-0.12105347301767108,0.11586235422049876,0.19440168874742625,0.6092484095233168,0.37714507147342247,0.6060626345537564,-0.07175595265247775,0.18138827818316627,-0.0348331751180678,-0.07627839687189032,-0.3886099164356942,-0.19458725054985346,-0.009300629546265324,0.17449188270347615,-0.16047846518275877,0.3473414768316753,0.2657536246670794,0.38492003206444186,0.21270875606883552,0.28297501637441763,-0.09445141217504595,0.07863501593718221,0.28004992255166045,0.018009593069208782,0.09539551835971244,-0.20457455742800196,0.09625688008546465,-0.15644809196583825
-0.06034470037645771,0.29948537839997985,-0.21227710123979515,1.0,-0.21430249505191565,-0.14234593493507083,-0.22696619512792232,0.11216768018139937,-0.1765135006436022,0.04881440358819103,-0.4208791274455927,0.0036560456008585987,-0.36865443786442137,-0.25515621249474296,-0.18757401444400182,-0.09921271230823761,0.04503553928988508,-0.0939748128593286,0.24617047734676534,0.39421738333143264,0.005610477112847694,-0.013444854860580866,0.11508616645231375,0.19089370187779592,0.04274583984020427,0.1803742042545518,-0.09230509871193153,0.06684281371757643,0.0816000717033118,-0.0286268029774808,0.34635148652048536,0.35773827572678146,0.11708596259586991,0.057349441811946004,0.1101140112237718,0.008193500211122435,0.005850735796894555,0.16731113428566083,0.031592180107189345,-0.11554936454066976,-0.003938797253295645,-0.05763408910928393,-0.0993527857664352,-0.0869667270955186,0.14937256588039738,0.3075306828503788,-0.007241546006619225,-0.2028342315560106,-0.28179751548291154,-0.006724935831541968,-0.12963369830182941,-0.10348317970033445,-0.11575685472185664,0.01512499947753027,-0.1702541475456999,-0.24605743949560527,-0.11933816153583203,0.007230944192079027,-0.5819500935625389,-0.16257878614252555,-0.3834245005951729,0.004775843622237894,0.136342600598992,0.14294603840593234,0.12889034118018405,-0.017841103940423982,-0.22319197801959031,0.08501720271467945,0.012126074747654508,0.1499821281116285,-0.019850839325795646,-0.13599749092841576,-0.030102754826584987,0.15088508894632627,0.1386015456398625,0.013805588283754172,0.041413104346453435,0.06250055893451373,0.10025240132184292,0.02925291137577902,0.12719275966912413,0.07396858021470856,0.12513474644357808,0.19389885042610563,0.13568051192129627,0.12698866910618783,-0.14165589101934106,-0.03931941048602459,0.15671299238197695,-0.000508958564285519,0.04375504348026805,-0.03904737763839506,-0.008732607712012636,-0.2735383438123981,-0.04782242997645094,0.08189810210698105,-0.2468224890034017,-0.13650022333149775,-0.002536314029900495,-0.11329616967116621,-0.05786872575794476,-0.2534666394712074,-0.06973740817311748,-0.12692406042958054,-0.074445615119549,-0.10462368994430646,-0.30835153136675425,-0.16498581548282698,-0.06637401997155053,0.14252433294873496,-0.2566007983311652,0.048117971242553195,0.008837975129766019,-0.07175352838698708,0.1086683874086613,0.10646808373910484
0.0037672835692263177,-0.4320810818565627,0.5897536560984212,-0.21430249505191565,1.0,0.18447538582594336,0.4494314607567415,0.08877001798037251,0.6189431546843496,0.0026234773311996054,0.07708082787201377,-0.2745005430595027,0.30254461296884144,-0.02709711539499495,0.19860728975758016,-0.3670246850941809,-0.3152648799572491,-0.27325741662236847,0.07578043026816972,0.06714412884138318,-0.1542269964203303,-0.32374560327259105,0.48382117952467724,0.49020700917698773,0.139267907389158,-0.07692932042822727,0.3385056795142334,0.15383066093953635,-0.24422519688619826,-0.23910178649651942,-0.015201657929954128,-0.09035152535201206,-0.2921871688824855,-0.1130482396687005,0.0016763547724754808,0.041782534565401847,-0.3212092513078901,-0.40087812133781775,0.02295913731691815,0.022328323779791465,-0.1664498840631893,-0.2734617930564728,-0.13196754968326352,0.09019633241039174,-0.23303791512452482,0.031660372458133024,-0.3140168552835301,-0.07546218776983565,0.07716136262764668,0.11715210751408163,0.20230473007363248,0.20309124770362472,0.08693628443032735,0.14244293233703195,0.1560402180371544,-0.1253115331289049,-0.12038768975428228,-0.3685682140983788,0.33211200904715693,-0.2309915918175517,0.305211288733399,-0.26152570253111596,-0.33076022335480953,-0.4070472609127078,0.3638479403948376,-0.012730438206732638,0.11356744007857489,0.2359938684810131,-0.24116042222347145,-0.18859156526138737,0.2521068606005562,-0.05394524326128286,-0.29852554859524216,-0.35294886676458087,-0.296546058626064,-0.33516391228199627,-0.2372568153724428,-0.2344780818116648,-0.07633616129702918,-0.01286275919464191,-0.2649039393474232,-0.14140390065897296,-0.18797896635280031,-0.3707609911449471,-0.4544716293798886,-0.1861579140941454,-0.16876110332128294,-0.10491102831181008,-0.1901095911149862,0.03707131729991758,0.2148035924502646,0.4475504227251701,0.22547068637144066,0.494872565618379,-0.036641105512970965,0.10677940526280287,0.03791562628829758,0.06360730527166975,-0.3090384284103847,-0.10277084447141668,-0.1613496867755261,0.06771314222625723,-0.20662249122735823,0.2459073700969242,0.026330052193183007,0.2077808064865177,0.1419402882021094,0.17966461112838608,-0.06666925803293879,0.001417803807020863,0.2010898103051175,-0.13185460836399152,0.1259336389931815,-0.26318974447964133,-0.12314763595455236,-0.1473351605767368
-0.12730708923033027,-0.12991261583618005,0.18004669915639723,-0.14234593493507083,0.18447538582594336,1.0,-0.11772207182915802,0.31528894049817147,0.03445580662325241,0.4248922170938567,-0.06764626437358605,0.1626122083917423,0.17347326105272481,0.3862158884326435,0.0836842731606165,0.19021421071024494,-0.2528021880552655,-0.3435655807728705,-0.1782851237766192,0.10195948967286167,0.11293715042534516,0.13431962868134847,-0.04919568895500562,0.19605837372238863,0.24501859741732246,0.2106755226619055,0.3068512520350417,0.3651980593515098,-0.25333562403075927,-0.14580717106290716,0.12181386184189504,0.06451052980140257,-0.09068231001879844,-0.16809993449864669,-0.07083260356987216,-0.044703020282193404,-0.016835193524986414,-0.1748289470057299,-0.26068052973875894,-0.11707124406357726,-0.04959261026474705,-0.17849706107218424,-0.029075985008097462,0.060023046361672674,-0.20674838986449967,-0.020707385101388847,-0.32234406758356643,-0.004905206065048378,-0.039518905765586206,-0.15734826212102268,0.04204657274980961,0.08338991099105289,0.18125978969803871,0.1456100806907031,-0.11587436156505009,-0.06779405153669531,-0.12914501841791068,-0.23230281906299804,0.039951674349103315,0.11892622687107256,0.035759504420259665,-0.05119032323885082,-0.2873769426847977,-0.10135796370279833,0.09015364239885207,0.1467783719223927,-0.02423758276943499,0.18738923256505358,-0.18261894532825373,0.0035690970508606605,0.1914537560532977,0.10239525756163106,-0.1274912690484733,-0.06587805273145456,0.05443641328377518,0.12130998356807568,-0.003916507007299913,0.10061491850067673,-0.18299119791782914,-0.15298796151516322,-0.35934017401786966,-0.4419684572810703,-0.32778204140197853,-0.25427133173237443,-0.3979484033309797,-0.4110459012140549,0.03596565606324984,-0.27562996957320457,-0.3462416531098153,0.09256765873533782,0.38366535851580924,0.20089633687085806,0.41444948607992865,0.3767866097102242,-0.04551004631503385,0.13211113312021716,-0.12748905843008007,-0.037017678047292266,-0.0923799619488709,0.21143337749600277,0.2345242106217053,0.0869545545995719,0.10719931074193188,0.28019143356958737,0.44645030643668865,0.4099101562234668,0.011749849074776228,0.3810912591897883,-0.3729772083081104,0.1525013559465652,0.2352740506958296,0.013492513060647669,0.1472795526277567,0.17906435256783665,0.2728903102656092,0.1025248737755467
0.002962520506015813,-0.19853546653082144,0.5064223024221385,-0.22696619512792232,0.4494314607567415,-0.11772207182915802,1.0,0.3914157862943323,0.2655289713129475,-0.19112618684381705,0.08333363237007907,-0.214910068828836,0.3366062268444886,-0.13074735290915956,0.048676989327482954,-0.2692733027889485,-0.04219425268113978,0.06510290860141917,0.3082090202143692,0.23538012219389953,-0.3501010438801346,-0.2571693854232794,0.24037581022989407,-0.01371523011119741,-0.31951375881483685,-0.40979781209448024,-0.22842845482944119,-0.17811821238732062,-0.18592690586466068,-0.0060486812760999955,-0.21002191619836413,-0.29017942507589295,0.043207954533592774,0.04861574807817714,-0.09577069527179648,-0.006722642727042931,-0.19225172548279493,-0.37073684486902836,-0.24476128295046287,-0.32366652030643217,0.13597378961838175,-0.2255429917751318,-0.3530368956214875,-0.1986468079768391,-0.18767176207948735,-0.27643883204432335,-0.2610565675951869,-0.024273939678387483,0.0020545995276383114,-0.03384164648386666,-0.055744707701247585,-0.05755765579206702,-0.04234531998033184,-0.02215881427884268,0.030599330071556637,-0.2120399818644462,0.07944097962967692,0.03172865376016965,0.2724201145053442,-0.21718191304203374,0.4069290329142661,0.031333023193276126,-0.052045440263601715,-0.005297283682653616,-0.02147755327701167,-0.04868299927224548,0.08927038932037049,0.01477093768440519,0.028604922496166828,0.11894767668722521,0.24261979500610237,0.0925174437861146,0.24874355682296173,-0.020919732463892268,-0.03692761324295349,0.013110645965066657,0.10329436677826256,0.08555823061764085,-0.29746136102515375,-0.1643865470790158,-0.1723519562227522,-0.1200793587253425,-0.07772901775264693,-0.03114377663869448,-0.3584657929156379,-0.24999182330764969,0.041069054287176436,-0.10186847501852257,0.0124227085394198,-0.052147250484495686,0.20070262779398584,0.447306024714552,0.20250323213129653,0.397874174793383,-0.18064848610158007,0.180909104008135,-0.193670403680443,-0.05173402228359217,-0.15892909182011192,-0.14564579874276343,-0.08613928613315706,0.2287394824658777,-0.01662923453393582,0.20241377684202833,0.1941025622956384,0.10316562184343898,0.10260317322879413,0.04863485133812252,-0.17553778764168762,0.04128829472938984,-0.08301543442107892,0.10512315869102068,0.10880821696832119,-0.11724685567290755,0.09174757590423364,-0.0892353700897145
-0.27721161876252165,-0.20598935793579704,0.22614371592923924,0.11216768018139937,0.08877001798037251,0.31528894049817147,0.3914157862943323,1.0,-0.21751937651149045,0.28773893927953664,-0.12372867913878689,0.1504478974418859,0.19696478299175116,0.26095839192955633,-0.34423210489015993,0.11851486599024373,-0.019410564098419382,-0.12742790312215038,0.11866583264552874,0.24871025572429414,-0.06341567830799419,0.01623007255500014,-0.20411046942944067,-0.10359630282541424,-0.3451944497777983,-0.07829070307605336,-0.31696657560245467,-0.11671099134495323,-0.28436206060089264,0.05010883846357492,-0.21094373908131273,-0.23678518062533965,-0.14690676748863743,-0.10620310081454944,-0.1225494450417831,0.06466396025766527,-0.10623418192231929,-0.15711658842014173,-0.3981743387491682,-0.3515754007292393,0.2714335968287965,-0.04831035609695311,-0.20962494412759589,-0.26668855615257564,-0.07125224463453043,0.010676854672403525,-0.21533970974541417,-0.037181196227147335,-0.10705345138101555,-0.04057602916469201,-0.17026703799171397,-0.10700038667860491,0.03130941086519732,-0.14232081356203144,-0.17785426422197337,-0.21280460297388423,-0.18511888464091636,-0.19326205040590916,-0.1472581881937348,0.14470243888644707,0.04452645492755626,0.35256764273144414,0.06266327836940401,0.36492336410312515,-0.14744302535182313,0.11428371860163293,-0.10516043976088658,0.18945886069711634,-0.31606395646240615,0.14565410891858416,0.33578222816653547,0.16293889357657224,0.2227978567639955,0.26065165196051354,0.24674866013102023,0.20614856941256532,0.19565837291242574,0.22589917120416345,-0.3428072534954502,-0.3390654251860018,-0.2333492620985943,-0.3000499971995447,-0.11940959785617096,0.18692711441015997,-0.272841167667139,-0.17887938600640294,-0.10939089311018563,-0.11349386404583878,-0.11144969184941558,-0.1726692128102629,0.5140600892153494,0.28039984975472176,0.45611271620021904,0.33019867813840337,-0.30830071063479403,0.3282766677250373,-0.36426452677330584,-0.018204791709607312,-0.012641406223729217,0.0488645763670003,0.18683523188069828,0.041911943808613746,0.05571728843635196,0.2537765149168856,0.2833247299763209,0.14271533127262057,0.04579610213546542,0.13906292684792876,-0.43392536059634584,0.15561458325056152,-0.08485062340078127,0.07556839985504797,0.2273949354003494,-0.03470432668368245,0.3237725100683487,-0.05839816454252245
0.04006842633917835,-0.33847542310718015,0.3342404842141355,-0.1765135006436022,0.6189431546843496,0.03445580662325241,0.2655289713129475,-0.21751937651149045,1.0,0.2513138428772692,0.29876699504988863,-0.18540686636731482,0.21776331788371384,0.1290712761061707,0.5166457109908515,-0.36345550633586104,-0.1896177646134574,-0.20928786662496604,0.01761162457989155,0.11110204162926392,-0.18995707005948256,-0.354480873985249,0.3699442293373196,0.5594532523395904,-0.12703124509875474,-0.24234826227504125,0.13838203118378142,0.11238505578589482,-0.09759410126261638,-0.35626334008198696,-0.23192757102326664,-0.08316329535380747,-0.2345332086413195,-0.14676304325612005,-0.043119949407246956,-0.053378558178933784,-0.1933495000972747,-0.3275073169375564,0.11845980068675199,-0.012041972840888029,-0.33582629605666153,-0.12061478125181956,-0.2736305499112244,-0.027031828662924567,-0.3713266995022578,-0.11098235282267309,-0.33967963119254535,-0.09913989141757415,-0.10551552029475289,-0.17687087048714306,-0.11930807691293398,-0.027154797923451317,-0.0712137864436154,0.13662895848232226,0.09964782164038885,-0.12492323336128422,-0.23134266796263986,-0.334389407235284,0.35911380889831795,-0.2864890293801309,0.5574457856061291,-0.09417656619701759,-0.12345078649983969,-0.2821499357274012,0.5330929800372959,0.2013984009055174,0.08670760849601651,0.03994963468516481,0.008865376254828623,-0.04643834976863894,0.10924617147054959,0.08221878359151645,-0.37395978363469073,-0.19480488781462116,-0.18033795539335717,-0.20147259251418118,-0.007302265911998826,-0.009840298736997372,-0.02300409047502063,-0.04042758422189094,-0.10376774973822256,-0.030546812217058187,0.08189771596757259,-0.3601597534209768,-0.12463433724643304,-0.188559366281561,0.030595798656566517,0.04785722422252483,0.20068756651756944,0.0714552598155183,0.11559997586630714,0.3924018583822954,0.18885623177230929,0.26495576320048164,-0.055272066851589224,0.06642310819205612,-0.01977127762307404,0.09114372610201868,-0.38796085294698845,-0.1874525641113441,-0.20575764418879458,0.017132002884917535,-0.16985824156725712,-0.01405359596622595,-0.03406829077267455,0.0976574556525501,0.13325151686561873,-0.07658917341684589,0.16578571360126154,-0.17299991600864764,0.031942497300691326,-0.271967284330548,0.031163896319090632,-0.3119847930656262,-0.1102490594527172,-0.1624753595536079
-0.3262752279418641,-0.24779172424279902,-0.1946204768238221,0.04881440358819103,0.0026234773311996054,0.4248922170938567,-0.19112618684381705,0.28773893927953664,0.2513138428772692,1.0,0.1105827101608797,0.48133415306472604,0.18826456580954976,0.6916479595358078,0.14954047146869964,0.3413176260570491,-0.0015739325022043726,-0.17572005028929852,-0.355079017090431,0.006674626080861075,-0.004316124583027554,-0.03115465720848541,-0.2275935269513688,0.23400648969812013,-0.3371865897081475,-0.0450412088940297,-0.22251787189233252,-0.062454086044728026,-0.00025195186938556483,-0.13915202920423672,-0.2624002321086874,-0.01191731450152544,-0.2490954286687105,-0.11289484068553779,-0.23426247651347595,-0.006418105713875432,0.0937086245838059,-0.14903521965110822,-0.1662948852466283,-0.24660244122422958,-0.1073402837646464,-0.030534938975102423,-0.21959004453651185,-0.16592088868122493,-0.07359289976343338,0.018753548909889867,-0.2613005083709324,-0.12864325614329727,-0.07980399646844831,-0.17631366773154689,-0.23796555766716904,-0.16523373633480865,0.020606053220315414,-0.205553893198449,-0.3003489686778103,-0.12350134188687209,-0.24471683367298383,-0.3198670730801676,0.034211750580165345,0.3587970775714037,0.23870874225821057,0.4783997998433543,0.19938785186705837,0.4012471903794336,0.20532582323207282,0.47787874861099,-0.061599461992124266,0.017441965097428375,-0.2767067952449323,-0.14207676589311746,0.10997905121375245,0.22197629976395006,-0.30132310103857324,0.007257447400060958,0.10037616063709162,0.06481061002477555,-0.0005736922515565564,0.10738120204104845,-0.1437334978710608,-0.16785350439517377,-0.032907603480818344,-0.13494496248607185,0.005040933145863265,0.06050473290333787,0.08313483551307738,-0.1142222302422155,-0.06982801454541902,-0.12741744975028932,0.07625173912826426,0.06945793222484622,0.38058776533415467,-0.028595363426687732,0.4512703018934304,0.10495739806050718,-0.24479171595784932,-0.034024298173396035,-0.2632920127496582,0.08636170730154707,-0.118253761154466,-0.07353794455227475,0.13683820265508315,-0.09545722022166159,0.22174654084026443,0.031343569116109665,0.040773272204753595,-0.028724421627740564,-0.05214976945676798,0.061831175940887,-0.2524281159691537,-0.021433737589415993,-0.225749637782698,-0.1930383104192992,0.1726815488334957,0.11064383445407333,0.18537010511747382,-0.07112145138682988
0.09129917041747,-0.4256879857453647,0.17176158597699248,-0.4208791274455927,0.07708082787201377,-0.06764626437358605,0.08333363237007907,-0.12372867913878689,0.29876699504988863,0.1105827101608797,1.0,0.24972531096508718,0.7071550578367439,0.35226922724828846,0.7156615131782432,-0.09793443893744212,0.4635171330465759,0.15831726148286618,-0.2271351490116443,-0.22066710450173424,-0.22591333583922485,-0.21723987376208329,0.07888087214650166,0.14087661554916397,-0.07494642302961992,-0.18191465682689323,0.043297611208621314,-0.05424579599911259,0.29005811635824025,-0.4149159335186115,-0.2380346143372162,-0.20141982210353623,-0.2207822209159651,-0.017517884313647078,-0.0870191530777472,-0.13640444088848544,-0.2023677182011441,-0.2646320045620068,-0.15155060441902315,-0.11559453199964274,-0.28414684013154023,-0.1473054799879015,-0.13232722315956497,-0.0036350576955802836,-0.4222449480926377,-0.2629956580716927,-0.33269610830836577,-0.08162824399041652,0.15546898102175283,-0.29483993053214724,0.0042726622615334746,0.0040190633268570725,-0.1700112855586838,-0.17636829765701087,-0.046103312225042,-0.09005645997789238,-0.022813432719257818,-0.11697775605265334,0.3848714154327314,0.007518678151280135,0.5529863011857834,0.04551982293707396,0.35287016013830863,0.0006411877841158918,0.28588583480494245,0.2630620823958119,0.07041581865139944,-0.13966424571277702,-0.006134907391562926,-0.17414238089978412,0.04814672180194385,-0.003880248277569397,-0.23938036456865533,-0.2395605389605948,0.06661677077574556,-0.03364115864489938,0.05594033792992077,0.032689830725365306,-0.03642978685513742,0.029649386250155646,0.11681338119157156,0.08798771357690659,0.42731910906821535,-0.08761879452536143,0.28594854599995256,-0.20724224653017345,0.28842972578126186,-0.010463141588278385,0.29847146904429167,-0.047577726488805774,-0.19927438482557785,0.09735556166215634,-0.04628324361138776,0.01651734541316426,-0.016709110609141178,0.18411472200690832,0.07788076878180913,0.0805989596352558,-0.34936599417487235,-0.3652103511781085,-0.01936914065253792,0.01831213360898601,-0.06364331094583515,-0.12581131354420394,-0.01860453459567201,-0.028373033844470583,0.10517501988831805,0.1591872140238392,0.18079560520097,0.013443987238744749,0.020969582414737942,-0.2924033820027308,-0.1664431262975479,0.15145940110348793,-0.06359418842080078,-0.0607075572085524
-0.23947223814714938,-0.06972179650184523,-0.3324959627318568,0.0036560456008585987,-0.2745005430595027,0.1626122083917423,-0.214910068828836,0.1504478974418859,-0.18540686636731482,0.48133415306472604,0.24972531096508718,1.0,0.2167198411573656,0.6847617006275467,0.12328554573712117,0.5159204079474635,0.07089919448790016,-0.05549624880361923,-0.26841238909862586,-0.14610908910509582,-0.174138289991548,0.006326636807558518,-0.3424717203642662,-0.17914339613059313,-0.29131498233624703,-0.051977601577226334,-0.40749212159759085,-0.25429302579923957,0.20427000659867517,-0.020993135672397273,-0.08950556570588203,-0.022419839382505028,-0.05328024877732517,0.01775357137196497,-0.19443386148821398,-0.17762330609998728,-0.042505493914454046,-0.09733237523724517,-0.25027067127008573,-0.2789790833086123,-0.05810067222893388,-0.15103470214629713,0.10893117177842954,0.2067778676797114,0.1928295354877113,0.16775860172752874,0.06274227771011952,0.1719334881404541,0.2576601016937449,0.1008593415235008,-0.09135564726414322,0.09497616178565942,-0.04963648177223674,-0.07904666959657906,-0.11402118858641967,0.052261377821733034,-0.2265004865188801,-0.16270076320100804,-0.010257773325495795,0.38415038950049246,0.15609064269917722,0.4668233247650707,0.3901474234350278,0.41286837706047963,-0.07142744482980515,0.2157828015509718,-0.14023226859712754,-0.09743188570973688,-0.3012175426063182,-0.31346882829188844,-0.02118932616699572,0.10636250499359919,-0.058969759864830204,-0.009438228777746232,0.06263618464362576,0.08201382662303841,-0.09422394651291852,0.05986929983099002,-0.17961651707845563,-0.08695697512356221,-0.06693256074707257,-0.13345937301141803,0.040858321290157706,0.13926745586613956,0.28593277406625683,-0.035985459226075676,-0.08906822309450325,-0.2209688688431023,0.0389522924782242,0.058319783768943395,0.06431192537106685,-0.2992934087877143,0.005873569655293498,-0.2762367315300807,-0.265838516064952,-0.03440264330475029,-0.14173329289313658,-0.06822707199114912,-0.0578439635542492,-0.21996839916378674,0.03256780259035618,-0.03906856256914011,0.04360438013289811,-0.21920286826605048,0.04438348993398496,-0.10636303125411806,-0.0788368298183372,0.05600270115478191,-0.1168040208840675,0.13160024941830947,-0.2825514926985848,0.016633421442230418,0.01272905710514214,0.28035861456542416,0.15836586032028638,0.15080965276683017
-0.13719442679976215,-0.44734860853550196,0.24581134572370383,-0.36865443786442137,0.30254461296884144,0.17347326105272481,0.3366062268444886,0.19696478299175116,0.21776331788371384,0.18826456580954976,0.7071550578367439,0.2167198411573656,1.0,0.4642584669735552,0.555312342894416,0.04198708942752411,0.3903550446442749,0.26994464801090545,-0.2973775229056002,-0.21347696558610973,-0.31273445697840363,-0.30785229147171994,0.05025023805609561,0.1306988101658343,-0.14698758746614163,-0.1401387805954503,-0.06970159794422885,-0.15888388069754883,0.25587459453366773,-0.22151514208520068,-0.13167861807590783,-0.03670192570756985,-0.11199735844604312,0.14062416665997773,-0.12349371929096849,-0.05555487299222874,-0.2368206383539806,-0.4335069174060355,-0.3006733140766701,-0.2352894100838,-0.054717751872265234,-0.2694548591616443,-0.21627542700220231,-0.07853755308952422,-0.40995684792859477,-0.24854752895784085,-0.36740611905707393,-0.20492283583797563,0.020371582859391155,-0.22111539372386965,0.010565953642653867,-0.021806349995747817,-0.15268018166570854,-0.21538407943922122,-0.1603413437077492,-0.23447715265839753,0.0252110430977773,-0.19452652046518215,0.28353635360191504,-0.06277092063513616,0.42621237811150975,0.08191466095841064,0.161824642129705,0.13327208742500624,0.18699960437982155,0.29146425688624755,-0.03460617767222235,-0.1081707333818701,-0.0928434444066657,-0.23301782507614724,0.11923992181526596,-0.127215691054243,-0.10251911464318886,-0.20934856604380722,0.09543826209261189,-0.13816091928349925,-0.0005571529742043179,-0.04276725552853816,0.004890094246205419,0.08271688428353498,0.15250281357037793,0.0669480953490815,0.21649354216529246,-0.047821033320661614,0.0396111650689481,-0.13907457162028783,0.1456668161307901,-0.13262756554808855,0.04237981883477208,-0.19671102035592328,-0.09887357385778764,0.08925917188967582,0.08692278269554303,0.13971169034817923,-0.08720080989423332,0.23325390620375447,0.011229627609200694,0.09433516151858444,-0.3619681090569352,-0.29031930616739055,0.005403159979673169,0.019354251853391027,-0.11197729846382748,-0.040604831967654784,0.0332041098685363,-0.10486208484114651,0.028033520074632688,0.23753816797639413,-0.08283747859397787,0.1457813994628961,-0.00442966660455159,-0.2849618801914295,-0.0009680775209318073,0.15709911485602054,0.07467343767563973,0.050474733113656245
-0.35866414156328835,-0.4076998861190317,-0.0720505751073359,-0.25515621249474296,-0.02709711539499495,0.3862158884326435,-0.13074735290915956,0.26095839192955633,0.1290712761061707,0.6916479595358078,0.35226922724828846,0.6847617006275467,0.4642584669735552,1.0,0.14826510872533594,0.4161673625833313,0.11075292739725298,-0.05850467486607195,-0.4489880290428992,-0.32337121419646314,-0.07586827302988636,-0.004255391747018841,-0.29175775985828317,0.04844845690196033,-0.25187139512770823,0.013605500242214737,-0.23961864382809622,-0.1374591013658783,0.0983259309803516,-0.23994850902666276,-0.19220066749466697,0.013299215376612054,-0.2160582643162293,-0.0672088316722294,-0.17191057671127782,0.05553530698380728,-0.0680419978768383,-0.34707786632955223,-0.3261589366498373,-0.23855684825691323,-0.14634776537086883,-0.1733814733404101,-0.02401444880040314,-0.012253869415293231,-0.12318924931636936,0.07049418971582491,-0.19655831120049194,-0.03407266066386663,0.1615011623923046,-0.11965103028358826,0.02312245146760715,0.047912399028331346,0.007234789456466902,-0.17697802288196332,-0.24284736222597214,-0.02357222479506897,-0.21153435267041223,-0.3723499778500485,0.22468943198832764,0.3641383155553707,0.35288505653392244,0.5089860342417005,0.1650296103599306,0.31632963244636847,0.16179364372387087,0.5150843310247809,0.030285211678907062,0.10007503232381895,-0.43164494524646346,-0.3760620485133252,0.10384105640571502,0.09447120655673143,-0.30826634127346636,-0.14794516013250303,0.028667692550307287,0.007428900858419972,-0.09339040090875592,-0.055562725965324126,-0.08675192951042694,-0.07860068179601125,-0.056121981314173584,-0.18350084430181715,-0.024346651485522012,-0.09570598773810508,0.14510069842448198,-0.08582390838800963,0.0036379592568524643,-0.16651710259505131,-0.002404256885214072,-0.03395401838682075,0.1123321951765839,-0.17733046741948283,0.2357599159998498,-0.012245510502408583,-0.17528700817388393,0.07675909357362894,-0.12055549049203476,0.10550813287106062,-0.2887718306139149,-0.13652647998808323,0.18125349763921653,0.0017705099681417653,0.028994921662262595,0.020737086917154254,0.09934931033640836,-0.014147822207495542,-0.03696122742586496,0.17368733584826584,-0.13426941557656508,0.04684745624006441,-0.10177446894026125,-0.22156693497386235,0.06027677594712448,0.19666897150751922,0.19451127878224508,0.03378088717885108
0.10662837080382676,-0.19075240147286202,0.08393144754297656,-0.18757401444400182,0.19860728975758016,0.0836842731606165,0.048676989327482954,-0.34423210489015993,0.5166457109908515,0.14954047146869964,0.7156615131782432,0.12328554573712117,0.555312342894416,0.14826510872533594,1.0,-0.06732435823932743,0.1862563174894678,0.10850743244925007,-0.13791614707979075,-0.07472929862209769,-0.14410222458775737,-0.2989336243012692,0.26147212879794657,0.34822735224021034,0.019220663426178883,-0.08046172412139574,0.1508233190667297,0.11275906883467067,0.3048900798027394,-0.2636619580895241,-0.04120755666841898,0.049888495154027004,-0.12678662251367515,-0.016150496902436716,-0.0937590604619258,-0.3025165755617604,-0.10945094723617556,-0.1499135614467855,-0.003435491341294491,-0.0606932189326636,-0.2441863833649503,-0.12138589582125663,-0.20320936897369773,0.09275593352070031,-0.3723110296189911,-0.24833375269846722,-0.2797247576837387,-0.15477852899191094,-0.034583709660169396,-0.23200449004399845,-0.06992095622484032,0.018875283061107088,-0.12547066925192776,0.010234608160627112,-0.011201267681397288,-0.18996502256844072,-0.11110823053595197,-0.07255705287880652,0.19141785891015173,-0.17664751283168864,0.4869412455254276,-0.16691545354854623,0.17139540182739313,-0.05470300004317652,0.42232463691610056,0.12540300543003532,-0.1714513694182202,-0.32111334583935447,0.08224613779504998,-0.10397829636221378,-0.14491545744100437,-0.09297211736777916,-0.28735556316225036,-0.2593153249889707,-0.021891203743118322,-0.11416071640207417,-0.04805149184243834,-0.03857067058175607,0.10823093673564678,0.15834253530424733,0.11676872417155106,0.18773525622562173,0.4829718547239204,-0.012187318065619733,0.23950641772227788,-0.1546484433176343,0.27215515926675066,0.0341448106715814,0.3583983163800977,0.06380305935670112,-0.20526991688112478,0.1209405722947562,-0.0822054994842927,-0.0749622726277963,0.04863819921875019,0.15258715192595623,0.1417524309320389,0.07793405297983183,-0.29468948825315316,-0.36834415304678464,-0.1911763188587093,-0.12426072437321234,-0.11608052214040847,-0.27141817275337743,-0.03185518783988753,-0.07436734168647675,-0.021599036565051362,0.07055736390992214,0.19686642843585714,0.03836818531190959,-0.09366037979805279,-0.3200107760807367,-0.008171390435232137,0.09889989032826878,-0.11701555505822335,0.12367909307225242
-0.2539424963459997,0.15214105282285018,-0.48360873614485855,-0.09921271230823761,-0.3670246850941809,0.19021421071024494,-0.2692733027889485,0.11851486599024373,-0.36345550633586104,0.3413176260570491,-0.09793443893744212,0.5159204079474635,0.04198708942752411,0.4161673625833313,-0.06732435823932743,1.0,-0.06912709967148047,0.1670706645665966,-0.37025811364531586,-0.387643583204914,0.04975422677622988,0.08232544566390446,-0.4296702323201054,-0.3377854848842331,-0.08927876004245983,0.25513841571428575,-0.33421224206743166,-0.19322168299309259,0.2048601484001984,0.5060108817940511,-0.06642951034466289,0.21453925437044252,0.060179025105606694,0.15069511219662768,-0.09058978980971931,-0.009145502038598766,0.35022178369486695,0.10674958816354814,-0.017521924434936925,0.024361050762646396,0.19215918047376726,0.15981511579721874,0.19368027737261378,0.039833631609500174,0.387838490427074,0.06312437782491745,0.3424872997812601,0.0943026463038604,0.04371492280980972,0.19586642035442828,-0.05351191390421061,-0.045906957896715714,0.17088872686447307,-0.1048714316493123,-0.2571314147540988,0.22786394254004722,-0.07487557280856469,-0.05956366528766044,-0.13983654019466218,0.30838315621135265,-0.20103009105539243,0.3621548160633548,0.23259865103848001,0.3756598577614198,-0.3882511514375582,-0.06013744324044795,-0.21378227638905287,-0.34683001526134494,-0.275357207788335,-0.30660495021402595,-0.19489337300207277,0.1293741650285913,0.14142325568126965,0.07023505466394481,-0.012834375477961698,0.12336938587558603,-0.13561025128372128,-0.03140897092822675,0.04330286665034732,0.030058274811191135,0.09418589713613675,0.06818881005850849,0.003945613057247696,0.4637666920381122,0.30826724269667666,0.24897370054253254,-0.13876292878637325,-0.0632712619959475,-0.13319415654589203,-0.040728303334092074,-0.029145626971668004,-0.4309549805396334,-0.10350199400762568,-0.4102570037087128,-0.02101322218831929,-0.1150250029283312,0.1461494618939044,0.04801941570448769,0.1835414981197398,0.09633469948124317,0.10023657721279267,-0.12796027587439657,0.06365277944695934,-0.27189663954915216,-0.2281541036229825,-0.19330362712763186,-0.11639268123190845,-0.133255282108445,-0.2410234308676489,0.06802880758486798,-0.26601492522698716,-0.013295222546579168,0.05776175988320736,0.15745349689429894,-0.017474256422661157,0.1118672708759648
-0.10458713244404921,-0.10387206256863928,-0.10807670005912084,0.04503553928988508,-0.3152648799572491,-0.2528021880552655,-0.04219425268113978,-0.019410564098419382,-0.1896177646134574,-0.0015739325022043726,0.4635171330465759,0.07089919448790016,0.3903550446442749,0.11075292739725298,0.1862563174894678,-0.06912709967148047,1.0,0.5676055214659221,-0.25032433244771696,-0.22071885809692038,-0.014915501943070383,0.10049233042055523,-0.0030369144585762377,0.021305803286417752,-0.11202909812255014,0.06814652492155004,-0.17635568733177018,-0.2960783460370234,0.5523017112011339,-0.0876845464399392,-0.04019371577358644,0.17868736167358973,-0.04673567102860392,0.2045793378094986,-0.08724156585682032,0.003550848552990524,-0.14088268630951684,-0.0768208115373479,-0.19972034419873028,-0.16633336055048217,-0.04485188498898073,-0.10254944414575545,-0.17426991445363113,-0.2089672318857269,-0.2686870317451901,-0.16221975762207574,-0.12724005360074045,-0.25923960006734154,-0.1792707902329443,-0.3632975706205425,-0.1428046919728011,-0.18855061130412665,-0.35669519251611037,-0.42910347565989465,-0.4244120379578384,-0.15933177320997352,0.1621010393165791,0.00912130551228944,-0.04397240822800121,-0.011923458910047167,-0.044422184059461085,0.17788469296146997,0.40965580990868933,0.3164857824635534,0.09935985838767283,0.3748100131726832,-0.1668589932390311,-0.19730433021282134,0.10856638077016927,-0.1145218038975157,-0.08385842604607698,-0.19392977405547016,0.06669053524953646,-0.08601996757884321,0.20878202536664062,-0.14898491616930745,0.07835036149372425,-0.11430291870089516,0.2926923987793676,0.08343189098937662,0.6725685457363301,0.41432647225061353,0.5544905063431292,0.22174857267315717,0.47263127348258993,0.1028231993325839,0.1739308672627434,0.14505797745028587,0.281352111644571,-0.25034901560005984,-0.23304175646663963,-0.2013482430786335,-0.15820696933728137,-0.16610320962312267,0.07927178834199147,0.1326983168203982,0.010373486310858146,0.18216775033451318,-0.14501917932377129,-0.34260149164225456,-0.07109512233822493,-0.07877903716126096,-0.08561855433322997,-0.10970673506962011,-0.16411806531745735,-0.3616577796856973,-0.14027670138622203,0.0650549775991597,0.2135161695662457,0.03220407392316007,-0.05039232172432603,-0.30231684501433775,-0.23234760851464537,0.17321938884198573,0.06306604030593084,0.16079012267247111
