1.0,0.6213921490409001,-0.21113558404508098,-0.591370674771006,0.0825379677192057,-0.13034387047017976,-0.2386022610464137,-0.5998974971075136,-0.09526835410467545,-0.16534161748157822,0.08101420636062817,-0.05740580276890327,-0.016806909580727496,-0.2270448585519611,-0.0602645216443083,-0.49284010931781885,0.124959469365569,0.1877499278055156,0.11140844868911846,0.22051312800443165,-0.1533414818255763,-0.2399879496145969,-0.41218400516739856,-0.5108366515108324,-0.36189069681313685,-0.4462667753314255,-0.017558481036832326,-0.0687018479805787,-0.037002417926396275,-0.1738375317659435,-0.2583987372757381,-0.45130988848402154,0.23537023575060342,-0.10783458080167242,0.316323787558532,-0.058751853632000944,0.06861472123549588,0.10053009753683038,0.03146149426324134,0.2646897086463423,0.1863240096177025,0.11315325319012363,0.06087499245172628,0.13925548837018598,0.2623079150051548,0.21344431984597928,0.17601888862036416,0.20848674387956467,0.11703163875176507,0.16159398529388105,0.01988879676059961,-0.07559675155174411,0.1875176483997456,-0.035143643138282867,0.2363931484544987,0.1795814203386477,0.6261714887072376,0.5746591136284933,0.3142823503042038,0.3791235869337924,-0.012640775001037056,0.02802991286594784,-0.2791613323127641,-0.07950486872463064,-0.38413653250275115,-0.0718695592747254,0.4141371816347407,0.057363690076072796,0.42832456511259487,0.20450370800137183,-0.08243375960033286,-0.194331857912934,-0.07812082692922914,-0.20387685717201637,-0.06678520048782736,-0.08608046665381747,0.1285128742303432,0.05608913281566794,-0.09104240924988104,0.1804489856366197,0.023921593174166898,0.035088890830487274,-0.09735811624674107,-0.2718683609710534,-0.26544075686145696,0.01086388080389038,-0.052976179825388554,-0.14871022156392188,-0.18662846164453614,0.02386031388627422,-0.3090531007868111,0.07600337569369667,-0.35874981937951994,0.01684763100052766,0.06715739680293496,-0.05312373785029805,0.196632712595063,0.04131023591985053,0.14893689753485564,0.1541891706245333,0.02427691736982487,0.1484344175526773,-0.11333161575181729,0.029580374805345665,0.15016623914895694,0.02286469661291818,0.2304887534230435,0.14425872470017456,-0.05105260033216459,-0.017340619194501722,0.1502512479167952,0.2321078186519659,0.16994450230038202,-0.15727081386746308,0.037238686208686964,0.17143969016776475
0.6213921490409001,1.0,-0.35671625163315895,-0.39244332600446413,-0.2455957887755452,-0.2252626320626178,-0.3174682902470242,-0.49660312375914917,-0.3237667261154227,-0.2728508147754667,-0.2561327683391287,-0.18198750807066483,-0.3817989700805103,-0.28253051841014926,-0.2767054241756537,-0.4961387252785459,0.18981416402327841,0.2722544420058573,0.4022852633413796,0.1969647860270847,-0.3270286487874649,-0.20819912329101445,-0.3957867725965803,-0.5258260649523568,-0.38501659152861495,-0.40397015633172606,-0.23888624895177205,-0.2796248790127681,0.1316868104516039,-0.022573448161798453,-0.10247000085629356,-0.3117675402455179,0.2549129943725873,-0.12606905334991025,0.20255710211077116,-0.2053298906513872,0.09843034640661588,0.2386258256628978,-0.18594047023404947,0.14504615329446036,0.14328458216112505,-0.008304794917850368,0.3395132599287063,0.3437675357812697,0.35595712702340593,0.25144077461604686,0.41703654618983865,0.3826598190683981,0.2146731658500891,0.36167991946146405,0.15995915801451333,0.21013553473823027,0.25930292582356357,0.25139084285673735,0.13451161291145158,0.25675664111039825,0.5087767773781825,0.6256427412570528,-0.10108199158028423,0.2955320957789979,-0.40011613121052614,-0.09876611350908414,-0.16014676579617926,-0.18162936267804405,-0.4950029461741833,-0.29360653055158725,0.24712528855127147,-0.15845105804662,0.492961775474892,0.25349284049849524,0.10161858707868276,0.004958246885552766,0.1398900742544723,-0.12450515647025341,-0.04856491511317364,-0.09411460262519664,0.21904667210293363,0.2791190245097696,-0.053846930660724664,0.29687991921723156,0.213678749555474,0.1783248899638504,-0.08762895777855688,-0.26984433477910724,-0.06779391198267054,0.09827754981224376,-0.11484973540666867,-0.1916048947276899,-0.29698965979813957,-0.14537506054826857,-0.05486544539531184,-0.15991174927829502,-0.3556799176053334,-0.16802047277699328,-0.03304714649358513,-0.01454091464991635,0.10308929185707529,-0.05633887515461511,0.37462475870208123,0.32297746436271346,0.1253532038923488,0.20221986606711564,0.07554839084521241,0.18977776578537842,0.08898333120144399,-0.11150099539896226,0.19036590581391394,0.1773039906278232,-0.2570794308246143,0.10679618640890476,0.09134542801322672,0.4065752147557569,0.3007668096567144,0.013175197591195183,0.053927275841761275,0.026523140921804984
-0.21113558404508098,-0.35671625163315895,1.0,0.31719091468765825,0.23736277973730735,0.1338066989949368,0.4381820301831122,0.3504059409949688,0.5284010592846925,0.3108604823330395,0.18084959551585317,0.0866947743010248,0.36219501039225577,0.13512785654657947,0.3325702691924589,0.14353468348773601,-0.33956039804544175,-0.3294884255153514,-0.13842827951015668,-0.050001072231982795,0.1149076325948949,0.16976311869555208,0.6691238134681675,0.37742750700987054,0.31453518862132707,0.1454858902256919,0.2070858800064398,0.34788408177017693,-0.12962593500191472,-0.12240658913631369,0.13153274705847717,0.019003454162526474,-0.30805708505300805,-0.1835616617205883,-0.11376742560926612,0.03218710160675985,0.15225475168342026,-0.29399957566708623,0.22346894373563056,-0.06902154269888798,0.048914150353009736,-0.06540100597684124,-0.2337056685704795,-0.3247476801691511,-0.41602996276306226,-0.3453904618484317,-0.29479009973808495,-0.236731393748154,-0.2007909562532819,-0.2087876839671005,-0.1575411423450677,-0.016983683049264252,-0.09317198160274823,-0.21078018649415858,-0.20662911434615924,0.06762137172021664,-0.38518684042464174,-0.19177672943647167,0.10082664154855449,-0.2774616270004379,0.2555228304391742,-0.022884153111725106,0.07526419631998976,-0.044759249500708184,0.5696609271967478,0.18586225110555205,-0.3135649452210212,-0.10987800367868487,-0.2367217045502564,-0.030275362095812487,-0.046240297345275586,-0.2737563119164644,-0.16709282065757725,0.09243534815575913,0.12920177137106287,0.034818834763424344,-0.3129260320445737,-0.4157102339562232,-0.21229183987000635,-0.43104811855426917,-0.42074537232369713,-0.19799966795984986,0.1766215163210096,0.2005415784615708,-0.08810983370769325,0.10106161428897097,0.06980083239461456,0.3359236950462277,0.3048253630871987,0.24253060772740917,0.02869743448398591,0.17699868417895523,0.21150083308329876,0.23556597493838027,-0.2099112272591034,-0.32049253068937295,-0.06883052305338205,0.12752455742290877,-0.254487040838198,-0.4045181529559414,-0.20840205124475583,-0.15012623289116273,-0.2548006545142041,-0.2405963696534622,-0.20493762931604995,-0.12760570600818272,0.07490670489265379,0.1782388957800982,0.10091003006197476,-0.23916089269558863,-0.3356524986644527,-0.30451481002778963,-0.24387846475241262,-0.21786812512404155,-0.2815330583317533,-0.292010360173841
-0.591370674771006,-0.39244332600446413,0.31719091468765825,1.0,0.1163084157416479,0.17992855368036106,0.3138664216515922,0.7117288814328492,0.18335651516506882,0.1992345149610923,-0.1133922247795494,0.060871415023530516,0.12117273540983058,0.2540680076277351,0.08489525425539667,0.42468590076989604,-0.18134155258712897,-0.23743328122465926,0.06849277137135037,0.12607638826428236,0.07118909836974172,0.10899149237513847,0.3482092648977547,0.5805386974728035,0.21778159099174904,0.41869197948651105,-0.05800771779874743,0.10487425662053197,-0.04997846769821354,0.0577595280001896,0.3118398656501451,0.40100142910843545,-0.08015037956393836,0.16607848894614563,-0.12798739153045113,0.015550980172470096,-0.1797056432197208,-0.06663448788905073,-0.2110198611027338,-0.2535267985322297,-0.16512977049020994,-0.23879046162697043,-0.33401791938200515,-0.3822370310477094,-0.48077346669561283,-0.2488111240769739,-0.3610692391434859,-0.2674293310428658,-0.2628694488261395,-0.2168975404889539,-0.11556628894865606,-0.0007232873810379666,-0.1411399815569338,0.17615511904500608,-0.346596385066625,-0.38132268092200533,-0.5385212725056363,-0.47318425878716036,-0.2896504398793995,-0.3420756559369702,0.02119849193388137,-0.009931128218631919,0.35085563175956747,0.2668689777155851,0.4621768053508705,0.02343774041773212,-0.3699327926269375,0.06390695375749994,-0.3836926366862042,-0.11944570927746857,0.04034965943552082,0.30718655440158066,-0.1332422867095427,0.08920750144810777,0.03535583875608639,0.05818897303386144,-0.23496180279820533,0.0222504832877481,-0.26083011209641416,-0.2376863642967785,-0.1441044177696591,-0.14794535155019792,0.017453732471616863,0.29306646652148427,0.06404825507508638,0.004864155254483899,0.044040508542298795,0.10302068350944654,0.10566274985669097,-0.0868637379131794,0.31300316632551045,-0.13079397560539138,0.3753166035035001,0.0012044831041359743,-0.0003822201147988036,0.08581761966491372,-0.3679307493141888,-0.11345936784384549,-0.30206554005744474,-0.20317938585979572,0.0688069399074389,-0.1279737011769014,0.17930913775545393,-0.03166008268745468,-0.03948530934100757,-0.011545429850934024,-0.17768525004909136,-0.175333781657394,-0.10875471857840674,0.03964104964860455,-0.23397164708012097,-0.023764204092614327,-0.13518944416550197,0.06697910687174345,0.10635354831660533,-0.034662270884988994
0.0825379677192057,-0.2455957887755452,0.23736277973730735,0.1163084157416479,1.0,0.4108251629902868,-0.10522478312039937,0.12457456208056113,0.5503299754202086,0.22058463192700808,0.38625153150799213,0.22849811602862144,0.2704127019347437,0.23957481671518444,0.25981769155657275,-0.04858801587327207,-0.41241708584668496,-0.1291567778094938,-0.19238998653399958,0.12445338808691507,0.3335358514399841,0.34008876922909437,0.20929509242433011,0.2540745575355946,0.16516861501173422,0.10597634759482306,0.7542890542685844,0.6648390999916743,-0.24338704812627776,-0.1363892111335107,-0.034063690751983726,0.04543441902721301,-0.2620551805467415,-0.07673099048309519,0.34927319710407756,0.26240128479758196,0.07190813509937884,-0.08335199036366314,0.31591557589160346,0.24667440561181805,0.0028433169850715025,0.0200315210456215,-0.2932058186074533,-0.21442302285250275,-0.3006046129465792,-0.01487308848304373,-0.35061131380397365,-0.1450768071306013,-0.3327087386700952,-0.40637824923528293,-0.36735454161583414,-0.40115763694525286,-0.31524800366537836,0.03846447522810012,-0.11023953200764584,-0.2631500426961192,-0.09111278269653647,-0.10491291266283453,0.4555872477399989,-0.37051958571268767,0.12026319615713599,0.07363952835635715,-0.40522492277907296,-0.10890908422237418,0.056986271210705444,0.3465102816649632,-0.13071366219315111,0.19801553371189332,-0.07022807951911979,0.003960174522179373,-0.06585284335765056,-0.03140526204165605,-0.3237346399982746,0.196297976566641,0.08637811453383475,0.09571255239059244,-0.06979272197334149,-0.09959938300610084,-0.07344404890626138,-0.16675466723221466,-0.31272015348235,-0.30831319452134665,-0.02807311863147332,-0.19367261371243585,-0.15702430862977118,-0.1600173511054047,-0.04799620742942168,0.06079557907491054,0.04714051665130632,0.03434847951681621,-0.12333215586247358,0.3256759970381744,0.18966485781998763,0.41020034992868654,0.0603359500160424,0.09764416023493248,0.09976629776110481,0.0999494658698325,-0.3529921408190148,-0.1768358993950448,-0.024931246473310242,-0.20427306352607683,-0.2047529722181574,-0.23084012835636236,-0.02022147664933944,0.09007036205208427,0.35468258417789694,0.012141906178374153,0.100780689436116,-0.1338154032200053,0.19293490163101573,-0.09553553773438299,-0.2524520135065651,0.18132118317683815,0.11371120821355533,0.09767268372759097
-0.13034387047017976,-0.2252626320626178,0.1338066989949368,0.17992855368036106,0.4108251629902868,1.0,0.18597570861272372,0.3571671425247505,0.034046823134126394,0.2742977590911269,0.330070938941065,0.19685387789538403,0.2336635354647862,0.24196216178877147,-0.10148815098451891,-0.1368555911529597,-0.4113128765156582,-0.48109402074240426,-0.2940764820231367,-0.05078874456195341,0.547311678129401,0.2446480994810603,0.09070637151289104,0.3543230305324191,0.2712399165384737,0.37477492847778665,0.40970551475704337,0.4191483870889078,-0.44505208386912976,-0.35909836663077827,-0.056422345200237825,0.2810974334679256,-0.14502894749504547,-0.056421130899927056,0.44165810950467765,0.39731351676464605,-0.30035117715512655,0.2651603618071833,0.15829980427678308,0.3234557599644583,-0.20521763233344809,-0.12254622929509604,-0.15057828485543834,-0.03675782200291791,-0.04251347144891839,0.2155229756876007,-0.27555196676773885,-0.061158310464318265,0.025820812638755523,-0.3070650803817089,0.0007786687757587735,-0.22965720938546333,-0.1986118454765381,0.061756985164285405,-0.10536324646010396,-0.42600718859576064,-0.15224354633009093,-0.21207877214746648,0.19509251095424135,-0.22621054215665895,0.028837095467715727,0.02890356720474351,-0.315114980654464,-0.2697252363355949,0.1194133055036106,0.45290560897077886,0.19383849670206554,0.5423830858288474,-0.17629891397407002,0.0030954477884074304,0.21112966908653139,0.29067476416462723,-0.394291938492515,-0.06603675713673386,-0.050422829547815275,-0.10367667531411541,-0.07520355555069837,0.24488750622436992,-0.26432925570901783,-0.29293435470702717,-0.3899836853331111,-0.42505826817133974,-0.3409965129696491,-0.3986757090390721,-0.37866789574231374,-0.3745196104212777,-0.19182338613128194,-0.37096696953475233,-0.10555158675195563,-0.03443936324074423,-0.0033882703055472213,0.14352514426770913,0.20514044514446658,0.028360099639933353,0.3350885908453784,0.137706044336187,-0.14789643874236003,-0.1403134579987338,-0.2960637665929093,-0.16233849182838764,-0.1571020763600319,-0.2628792580170131,-0.0026369977601602562,-0.11890366881710054,0.18713934510972235,0.3062672905030435,-0.16350583128833035,-0.05833328257645063,-0.2843370434513553,-0.09414528208606479,0.391032097808934,0.027821576391782052,-0.02624650778926936,0.186236600089594,0.32933519251992877,0.20976444517186885
-0.2386022610464137,-0.3174682902470242,0.4381820301831122,0.3138664216515922,-0.10522478312039937,0.18597570861272372,1.0,0.4037746362092652,-0.057263315361762886,-0.15851255397236427,-0.24619835784960842,-0.36792220227325173,0.2702340447473342,-0.2634051742181999,-0.20024954015141272,-0.094311094161532,-0.08372113629705212,-0.14999676341507812,0.0026107141451387015,0.004722638205068631,0.24609053542814102,0.006835545755656131,0.32279261612580934,0.24365670693796465,0.5059083953155828,0.47771417434688274,-0.017871241219267073,0.11849259423797989,-0.13856437049485448,0.010413512606535584,0.3713026977457258,0.3337541233617068,0.21508998109629723,0.3242611737498541,-0.2927579227898612,0.16315107355126182,-0.1318863824153144,-0.14086069085734199,-0.11682000573655413,-0.17269164475040322,-0.1007192207674322,-0.08491936639133627,-0.15046479572734528,-0.2220565378549496,-0.21974758362000024,-0.16550338368565748,-0.22923614196689482,-0.24728007359893336,-0.04572638837577238,-0.06777536528308363,0.19545813764443032,0.1927151071406955,0.08701648369354706,0.03439876993031436,-0.18975628028422992,-0.15851305014861514,-0.2416890266716081,-0.13195996901126938,-0.35990405532407793,-0.20991035442364195,-0.05431173385125099,-0.4278482712803432,0.2761043462633657,-0.12188599040160039,0.44705200778059806,-0.23175089444535524,-0.0986810886860521,0.1546825891588405,-0.22542274813085492,-0.04373976373621677,-0.07756132774328393,-0.06366116883073542,-0.037183107558018465,0.0054381918666550596,-0.0465921781202294,-0.053143354901727634,-0.23267651829104094,-0.21822438363241678,-0.12715671066516326,-0.17788445901095723,-0.08331169066276359,0.11305353382877628,-0.17607747904108315,0.08353986584808067,-0.15372279316513937,0.11987823471011048,-0.19383637726289923,-0.09544468260365273,0.04195837199559851,-0.1643266177202086,0.11982959994288223,-0.046221859868540584,0.07409486066348446,0.048632826597470924,-0.05829201717020573,-0.2909914128724049,-0.29625423250154415,-0.18451347753928815,0.03985821681314947,-0.13224965058642202,-0.04079441032400215,-0.043731031080252676,0.1365772770927952,0.13937630953149466,-0.011022104061340406,0.07321761108924388,-0.22730521356871958,-0.10163529178023377,-0.2528081934512357,-0.21285344308711587,-0.22240893753886948,0.10160159452578407,0.18163263257952883,-0.2068859047100797,-0.04766899592678953,-0.10851622605844727
-0.5998974971075136,-0.49660312375914917,0.3504059409949688,0.7117288814328492,0.12457456208056113,0.3571671425247505,0.4037746362092652,1.0,0.2164342445479096,0.35468033782087566,0.08847117252760389,0.2642214612736225,0.2891737071385046,0.49457306998945644,0.05880168709667134,0.45187493079859675,-0.3601175456833156,-0.49408200526118584,-0.1407233330891645,-0.2584610396470884,0.21891053399139213,0.10149736052976326,0.383305916636658,0.5577716242703212,0.36348527715285983,0.5237846999980684,0.009643181532702917,0.11990389194500234,-0.24036573107448092,-0.11306958221220174,0.28307509066992703,0.46500898388004314,-0.23148243082645026,0.05568653813856895,0.014904001863433944,0.23558792351771968,-0.3311857458280023,0.05365575959928386,-0.11161593375791948,0.023431945089474236,-0.23475407948532928,-0.09974416392348111,-0.31945990391957624,-0.26394382244351017,-0.41046209574206916,-0.11808089997971367,-0.3737649474953626,-0.3442869825455266,-0.09343765163640527,-0.22521040955002697,0.0827932189851944,0.18445571953925038,-0.039492214776120915,0.205151165711625,-0.1767983852315953,-0.31925877857151275,-0.7192376882780649,-0.645926903457763,-0.08746360549755273,-0.23472336797326948,0.1867449455690413,0.16580896159245018,0.1714380669924031,0.12124481248296051,0.43887838973231824,0.35904672488554823,-0.17703617768668883,0.2646845980550804,-0.6447042708698908,-0.38690884273858195,0.08293925663440255,0.2029100284646911,-0.1629110293896239,0.16505699093488643,-0.009525384782210015,0.1157722758965549,-0.14074402950634493,0.010119897451063046,-0.3388395863999655,-0.44024346463342334,-0.38142141374194855,-0.474881698364947,-0.08661781815444712,0.13792540859259103,-0.12360941033504237,-0.21944996162138805,0.005838588594112308,0.023232296960338805,0.11234456476040729,0.032018482340156376,0.3694909303856769,-0.10175199056118428,0.476645609621855,0.004638884133603901,-0.014865264329419018,0.11232181661798435,-0.28483401660413116,-0.2300670450713922,-0.28462799622909757,-0.303323626259812,0.07362965824491585,-0.2181712404438939,0.07102707392796236,-0.06522418880333201,-0.04841190007854288,-0.1147609924534636,-0.2842463712736975,-0.24247362011900636,-0.19075123108779682,-0.2255860321177672,-0.07088768185983295,-0.12225203581955027,-0.07016956219221035,0.12706200203557003,0.09056196591548556,-0.16295619067913422
-0.09526835410467545,-0.3237667261154227,0.5284010592846925,0.18335651516506882,0.5503299754202086,0.034046823134126394,-0.057263315361762886,0.2164342445479096,1.0,0.5649916968699419,0.28767812281308774,0.3348785641494271,0.2888610664804504,0.30433072906686875,0.6108726397813649,0.2798858954246164,-0.31796105508081346,-0.1768242107122185,-0.19228741594841547,-0.07136533730185429,-0.02760309055874366,0.1532831253479179,0.5339572698309388,0.40170396732701286,0.11165780396424112,-0.06917357374541917,0.3393970564545048,0.3502126401474463,-0.04231730247577697,-0.06572632747085208,-0.009037365114452954,-0.13241537818159324,-0.5391487612983219,-0.3831070304126068,0.055953391712794454,-0.013885616051835912,0.22728133567500045,-0.24697257943231496,0.32328612931498263,-0.05278994839044128,0.055710114169299406,0.1340366917529114,-0.4158108743822944,-0.46058326145339956,-0.5949269848817131,-0.44331379408509436,-0.3553776194370318,-0.2881809646016521,-0.36313036098149576,-0.32526654032935093,-0.3164909585031947,-0.23103534097632472,-0.038179397606037634,-0.18169847510239343,-0.047651732191158376,0.0023545155134946727,-0.249505277709811,-0.17233391690748806,0.4207598883735472,-0.260162345782759,0.3942793014458699,0.2590360952774131,0.03791948610251133,0.15875332186360866,0.4335931838063222,0.3496696848594778,-0.25352478251962135,-0.20302254696682498,-0.14240244441276806,0.0026842963452435786,-0.05675976845900682,-0.38510253585871385,-0.2330204772926387,0.24593482359732188,0.14421645521874768,0.0531528484395377,-0.1909911961036555,-0.4014144110401572,-0.11529569407427097,-0.2783071511920696,-0.3282433895167654,-0.2910341776632863,0.4268206309096256,0.36839212336631827,0.20863647298579546,0.11511488399576339,0.29827302626510815,0.505553411916688,0.4946597706154572,0.3801541263533361,-0.01580806463314792,0.2588822868506391,0.27252125609186273,0.40283365489084777,-0.2514754168298607,-0.14339084172011016,-0.03728752270639012,0.23323882081818584,-0.4303708318146989,-0.36753084038648715,-0.18809650537488073,0.03419375526266689,-0.42628859829734594,-0.3592636901931429,-0.3130138653361474,-0.2051142201898317,0.1994077441075509,0.10507144596426764,0.14426667985136477,-0.13180660883183673,-0.3437805666843304,-0.3421748503510415,-0.4152284421043926,0.03418777135925951,-0.19364701771488374,-0.3107087949526919
-0.16534161748157822,-0.2728508147754667,0.3108604823330395,0.1992345149610923,0.22058463192700808,0.2742977590911269,-0.15851255397236427,0.35468033782087566,0.5649916968699419,1.0,0.34019261369303,0.6641671265851078,0.26695815542270385,0.6438258088281807,0.46885778618967583,0.42190547933269196,-0.3536914576353599,-0.4277454860918298,-0.24171363030507156,-0.20501713657640738,0.006797151488487341,0.10943476372299626,0.32210367695887965,0.4217255707055802,-0.009146048588523668,-0.02981814216320712,0.11482256040795619,0.22648305076535044,-0.1719121870612282,-0.28514618954224513,-0.23804524142666492,-0.1472868136165526,-0.5855454173993009,-0.5837870365479789,0.08061590892747776,-0.07675199743435475,-0.10182765204819479,0.05167232275913272,0.12387947945382491,0.16008004289496242,-0.14711503336143011,0.08296486334378364,-0.32601409851712176,-0.27673846361862386,-0.48963206785611685,-0.4081716593935953,-0.35015185704054874,-0.18183395934357302,-0.08203170872736802,-0.3272911934867201,-0.06662986768315417,-0.08122264160914129,0.10155159603911836,-0.15583480492455595,0.12033430593063718,-0.10904633131989913,-0.3929119844031914,-0.39688297176415877,0.3907297770672657,0.00996266933595232,0.4313948619820468,0.5372744270402423,0.0014085740533413022,0.16180416055751978,0.29663396770960676,0.598857298450853,-0.0014719629206166806,-0.02147007467304531,-0.24206996249196944,-0.07490282747915299,0.010090399052230643,-0.0318186146658692,-0.2455654862635831,0.004464019957369543,-0.0433212169591923,0.0018355714099994901,-0.2009580334283488,-0.17290663297659428,-0.20025153219234046,-0.42962893784824974,-0.42850599712105936,-0.5248316093186327,0.27904844634146647,0.21052629834292277,0.011170768144145226,-0.0981105601612287,0.2136859551663181,0.3009604938242415,0.39343714819079734,0.5319047010610998,0.16087105509337057,0.21651594148252315,0.43500255208360866,0.1135343407022737,-0.013261214547048816,0.07877684862075904,-0.06917663308317291,0.2298887100846688,-0.41200764372221244,-0.26874847504769184,-0.04201775193748757,-0.18466962080847762,-0.1702596836856653,-0.2972633246047336,-0.04293071552920451,-0.015972891803369006,-0.14029250444196653,-0.028719264445187354,-0.0018765221786324726,-0.17064857486809445,-0.15203135122064593,-0.2465462080595148,-0.28749111473129935,0.13239203092310786,0.018768976695167635,-0.10511705748352065
0.08101420636062817,-0.2561327683391287,0.18084959551585317,-0.1133922247795494,0.38625153150799213,0.330070938941065,-0.24619835784960842,0.08847117252760389,0.28767812281308774,0.34019261369303,1.0,0.605164355977819,0.6606888957532275,0.57352005368117,0.45381807595580276,0.23330789828231885,-0.20928456339672025,-0.24091660877800777,-0.5072051369296986,-0.30197190124095047,0.1957666403158392,0.18498720030951377,0.010959399001817123,0.14019394152680525,-0.051125806142264855,-0.08002559712864611,0.41510456892588987,0.3725481774104224,-0.29361700794201223,-0.2343742484363742,-0.39511944490613055,-0.0802362670149985,-0.46721902436699464,-0.17429797924170332,0.3919389291767068,0.21481680629806446,-0.04149077435776887,0.21248961794766125,0.39303788832470427,0.3563181023441811,-0.12530242536487243,0.1278222012163319,-0.15813490941216218,0.0857382006143657,-0.12431195803166231,0.048402309062010214,-0.2017828922146576,-0.10873588528234346,-0.07487103863040001,-0.3281011729723627,-0.2995808225743745,-0.34914827087467304,-0.19632915695318687,-0.20575907043461927,-0.011412113521453519,-0.01969502338886153,-0.05354261219131155,-0.2735998149933178,0.63631651353122,-0.07614811901411886,0.5709752576686241,0.5253514893084494,-0.32269811739783894,0.025967516999473885,0.021783194108113902,0.6031178301000745,0.010981255219131267,0.1498049829719039,-0.27405775553618766,-0.1557547767487412,0.01896661858687242,-0.005865343029973833,-0.2510834218411376,0.038104790339474434,-0.09448868043995225,0.11879678155312154,-0.1417815910430374,-0.002665777797877338,0.017399374574420437,-0.20756417675026745,-0.47492546890069237,-0.3899778712044988,-0.08370742732091864,-0.20040718081869763,-0.3421134043445073,-0.287720018515332,0.11784114781950088,0.16881680931434176,0.0552170813290734,0.2688087752899989,-0.20663552779941605,0.1960014592794956,0.24944600565288236,0.19486950040418452,0.1749544425484636,0.17255300912609897,0.23113989864373788,0.19413922331517974,-0.4402865065480353,-0.35062575958012626,-0.24583862081485447,-0.20798736798731596,-0.29561823144842353,-0.4617260624109281,0.03503011461073196,0.05988371971549837,-0.06380646431462453,0.0650772304240201,0.17639119025017266,-0.23699847420151213,0.2584293400543547,-0.3859175805904397,-0.26012996246519554,-0.052248405525028505,0.08434170573385037,0.08581847367428368
-0.05740580276890327,-0.18198750807066483,0.0866947743010248,0.060871415023530516,0.22849811602862144,0.19685387789538403,-0.36792220227325173,0.2642214612736225,0.3348785641494271,0.6641671265851078,0.605164355977819,1.0,0.4307547020158958,0.8742705291076699,0.4508637978994453,0.4610395050056079,-0.20114962772697076,-0.2659012279391802,-0.3979044632636991,-0.32645477856794586,-0.006130574755056605,0.024768667720173727,0.011488811348467805,0.2903834260916052,-0.20571295021484357,-0.15567547857756722,0.12351748150846265,0.1663260995065736,-0.11766613842764508,-0.22423184660298381,-0.32435104874253673,-0.0314812153485362,-0.5274507562306924,-0.34053827397054703,0.19036215412644905,-0.13298991886884584,-0.1910389312700248,0.15746204032721817,0.08870054152377387,0.16598225859747326,-0.1577490476547982,0.1893309778859845,-0.2159769767447901,-0.0032921456437296345,-0.33707604257096807,-0.2414159521314178,-0.20906963338196552,-0.21948526317952916,0.08205469054802758,-0.23334822297347976,-0.05845077864637379,-0.06421429041950626,0.09164989719409769,-0.11170333520346072,0.08092101796267484,-0.04474724002259705,-0.33627683160235167,-0.4919090068739436,0.5084563466346919,-0.005023108888546374,0.5366823915030942,0.8038914612950467,-0.07690414555115604,0.2561729708749383,-0.008973552657238808,0.678195261960023,-0.07965131934067078,-0.050957986702791586,-0.35177998744607597,-0.3746698708463378,0.007489573868875371,-0.008823236016666505,-0.07346731482861968,0.1516579900784914,0.02040441435393971,0.26403863314428244,-0.025101374916936876,0.004125932558154494,-0.13345003969723584,-0.39988346037771116,-0.3889797146120748,-0.49734757256206796,0.13494513573445882,0.09582013968694192,-0.08693036222354893,-0.2731545076922031,0.1853766429238269,0.1550156846783663,0.1850372250619285,0.3498049549060842,0.17868594748390354,0.09252199167643815,0.4653212333897534,0.11428626242051981,0.13118268582158105,0.2881241551019678,-0.028374492990267255,0.1263410170538465,-0.33595159611563413,-0.3907866862298912,0.05939432752631031,-0.2732408374206509,-0.17332271693065704,-0.4062895890369786,-0.02324831167040615,-0.02378855435749696,-0.04245889643429007,0.05030768121187125,0.09928767149197464,-0.09569700212238512,0.038445999795163124,-0.3740580508857716,-0.356569679772481,0.13013081984129357,0.1615864695612669,-0.05367234009600858
-0.016806909580727496,-0.3817989700805103,0.36219501039225577,0.12117273540983058,0.2704127019347437,0.2336635354647862,0.2702340447473342,0.2891737071385046,0.2888610664804504,0.26695815542270385,0.6606888957532275,0.4307547020158958,1.0,0.4390444684691815,0.46506162950842367,0.3083683048638925,-0.11137162609068571,-0.16482374122302387,-0.4939568646691217,-0.16919259120448943,0.26832397332221836,0.19951923479787542,0.13416068214335097,0.3140891899133236,0.2142669924393659,0.11509482475916462,0.30054999589060816,0.32336210617546957,-0.25441185446909753,-0.0871877875517664,-0.1693802215873076,0.14152458858017736,-0.2560181755211376,0.07515009990010926,0.12586624566117874,0.11935435189551216,-0.16751606233370706,0.15867735547038786,0.28198066617683204,0.04598914399850679,-0.115106223419431,0.21053727395672261,-0.24606627269454948,-0.08433701843170452,-0.3033151229707278,-0.1870695543327621,-0.34606096034521855,-0.3157888483065526,-0.18218502154565686,-0.28032394938433297,-0.2049035320800191,-0.22547190262267092,-0.07307598105434207,-0.20922638814841804,-0.1071755752063289,-0.16289206853916827,-0.17029990497458966,-0.30844999760355474,0.3724219838771201,-0.18454868413285008,0.6078575629183126,0.32462704934830316,0.021780431426672072,0.1515225599698509,0.2210614311445114,0.30943818167875475,-0.15620719214309417,0.049838435311239,-0.42475864441981226,-0.2791628725369241,-0.00019973145175218427,-0.060438394617226075,-0.14329880417147828,0.1110080005218937,-0.014020117395889624,0.1564965770981764,-0.19843748897457683,-0.2340253087358208,-0.0007878447751116907,-0.1838431286472985,-0.3767383614426232,-0.18276700633291318,-0.11249858830841789,0.03491149469708331,-0.3130973787373434,-0.2176447019049149,-0.012351065831138137,0.13726245849576535,0.19935811818414156,0.11796336240266099,-0.022571694570571746,0.10169087384686867,0.2772138046747307,0.19177278722821833,0.0682152356489862,-0.03223322797993914,-0.06259472370531538,0.040735064306506114,-0.3605409578787715,-0.5033560394665804,-0.20083659025872805,-0.2643479281139029,-0.13426233609699265,-0.4258129894703237,-0.05047178438471088,-0.01722047775149826,-0.2581516450279789,-0.13069204615857732,0.014940318758603233,-0.3290525923776335,0.008923280381346311,-0.22228843964314265,-0.22738021883359824,-0.057696635912148755,0.07721049306683873,-0.069971574688318
-0.2270448585519611,-0.28253051841014926,0.13512785654657947,0.2540680076277351,0.23957481671518444,0.24196216178877147,-0.2634051742181999,0.49457306998945644,0.30433072906686875,0.6438258088281807,0.57352005368117,0.8742705291076699,0.4390444684691815,1.0,0.4095761494444641,0.5971506358039487,-0.2280477585462434,-0.2780691602702643,-0.3581260186080613,-0.3071916367584604,0.167635475888135,0.1066752327622868,0.029881606458242657,0.34766511902447184,-0.13700193569871028,-0.05443397704760736,0.11343326329649962,0.16444543312030596,-0.2294064258801895,-0.3078172655273797,-0.29169976765381955,-0.013258491082360884,-0.5075343519497951,-0.2810750593936312,0.16361715354130926,-0.014934743354048641,-0.34494520108596427,0.12090606489628558,0.007091847343370234,0.12988811498942665,-0.19383820750528574,0.037427328028330396,-0.19791696841446804,0.0032655840734146673,-0.30797471185961267,-0.13392646134522798,-0.2508797864371642,-0.16198132965823606,0.06486016539531676,-0.20286324975095132,-0.02860786183288033,-0.03450864849783514,-0.020237929268680926,-0.029591962757046824,-0.06932726282446033,-0.17811001971461124,-0.43787620257729826,-0.6021394070311183,0.4534610902733938,-0.028335236893296124,0.5747510522884026,0.76160654913211,-0.0456165905449693,0.30141820303670064,0.05957239468420837,0.6466645104592362,-0.06200576154003759,0.06839231193932115,-0.4790431138816797,-0.34348593425981105,0.1376816654552391,0.2047567711225298,-0.11818742733297835,0.18174931647934645,0.0189390733511517,0.18805899648379826,-0.022692460378610283,0.05288044009933886,-0.2377855049281771,-0.38166226611091436,-0.4061676862728945,-0.5713586157937344,0.026076836576957724,-0.011705927027388808,-0.16245879324919843,-0.44019735650601116,0.18893150993053506,0.10331871553441098,0.20578732706826894,0.24340114814108055,0.1590126228308587,-0.008818570150282947,0.48562429882729186,0.01736531255613752,0.0960901723468833,0.308140636941736,-0.057392860256701275,-0.03353610166042121,-0.407828458960425,-0.4315509033885215,0.007521001996193929,-0.343727451175012,-0.13365133411611765,-0.3669493623870575,0.008835094896900405,-0.006367700853142098,-0.1455036572177396,-0.01761235184525246,-0.015364209682886418,-0.13306849926511483,0.17711498594343608,-0.25079238296858686,-0.2889762701763055,0.14501585813489212,0.20046032674393546,-0.025308590560988196
-0.0602645216443083,-0.2767054241756537,0.3325702691924589,0.08489525425539667,0.25981769155657275,-0.10148815098451891,-0.20024954015141272,0.05880168709667134,0.6108726397813649,0.46885778618967583,0.45381807595580276,0.4508637978994453,0.46506162950842367,0.4095761494444641,1.0,0.46398585066887366,-0.07631974752133502,-0.05091132256190036,-0.2800526006643686,-0.2128575192566134,-0.12869505162381942,-0.034023734005421725,0.3759318478234417,0.27343392706264164,0.1107048866732684,-0.11995058218892019,0.24890052498476312,0.1764945760808229,0.14415062192552697,-0.00839993594162767,-0.009017645501682698,-0.16283006695880076,-0.4436276809797469,-0.1828158133893983,0.007319787938385967,-0.0017437643909403696,0.12990260973270354,-0.04765494520641971,0.23038952358821058,-0.09386010877020601,0.09107781834211628,0.12087222535177436,-0.38900692546213517,-0.3645299198994124,-0.46112719120100354,-0.38425804452034773,-0.31052706633340627,-0.3562454693810751,-0.41409072054720764,-0.3208067822549658,-0.4165926661877697,-0.2905092034784444,-0.14475082905061826,-0.2980893513147093,-0.05932623846558496,-0.04085798656003819,-0.14175314452947602,-0.17668191221750876,0.38690218348675026,-0.1606176318084622,0.6510672937511317,0.40148007940485114,0.21437848421416522,0.35176774846738346,0.31691988412651084,0.2684655506809244,-0.22455902154099372,-0.2247318983454074,-0.16888135665620863,-0.09862384879482657,-0.2024744095242718,-0.20302092282143344,-0.009947984362702646,0.10266695302941295,0.06833067915448454,0.20670578106915002,-0.1317194596758505,-0.24622027236974833,0.007253942761516919,-0.2287537102014603,-0.2754125364204674,-0.1788494545667141,0.4788573839445148,0.4477738533979414,0.10488177593688351,0.0206989046182592,0.2626963930765535,0.5295620735194767,0.4679254239030225,0.386342831774153,-0.15264421768974978,0.05861222396628934,0.21359903631668214,0.30407736887249764,-0.21465635915549597,-0.20621923625594166,-0.045444660661641954,0.18483034255095218,-0.466780840341954,-0.4278113089648312,-0.1618159487101322,-0.05640338207116027,-0.3299397287358662,-0.38737596408401725,-0.3137881194651559,-0.1801740560877545,-0.03043194765491036,-0.0034843266793558947,0.2934759583634981,-0.0826087716753682,-0.18798459220745448,-0.35849639037239245,-0.3970453701749847,-0.07545047858253479,-0.1306633727618458,-0.23584850195505194
-0.49284010931781885,-0.4961387252785459,0.14353468348773601,0.42468590076989604,-0.04858801587327207,-0.1368555911529597,-0.094311094161532,0.45187493079859675,0.2798858954246164,0.42190547933269196,0.23330789828231885,0.4610395050056079,0.3083683048638925,0.5971506358039487,0.46398585066887366,1.0,0.09368477260635127,-0.06522078587456676,-0.13799434039114483,-0.2010276561544152,-0.11759925683373929,0.014030680648495482,0.20422399649817816,0.371040717521517,0.07100761492842075,0.025943945278218156,-0.1459313140534398,-0.15918130110909753,0.23165369912512662,0.2389061685642656,0.029649540612129106,0.12848783590612892,-0.28259803639425873,-0.013359837854938076,-0.3039865780625715,-0.08515845835589718,-0.07435679333698368,-0.03347253987207181,-0.018618813056457288,-0.31473767735530284,-0.1856576433208441,0.11863289391520697,-0.21498314919257813,-0.20423166786656202,-0.403491012754223,-0.36417591106480673,-0.2589487917696426,-0.309775121597554,-0.21895596102616557,-0.2692498804021564,-0.1006677642911108,-0.10367660506488065,-0.10988993839330422,-0.11448932590243421,-0.20241566324694635,-0.21041160669112424,-0.49376908059176333,-0.5763660117910863,0.012360157049908577,-0.13903290370173854,0.45701581716239764,0.4668330498897043,0.412053323433051,0.5633546710298939,0.2671593956071919,0.20318238006374173,-0.32138007515324035,-0.2468084091126831,-0.522831629448245,-0.33760581963750347,0.09278600803836756,0.06355663140725824,0.23188566104947794,0.2819830435089579,0.17798251809062232,0.3661153790533348,0.008334663557520926,0.0074252332732368765,0.1385932088673626,-0.07901189310083968,0.08576606978528416,-0.0658389798547744,0.317544390842405,0.5042394367724433,0.291897778561369,-0.1436272163414946,0.30152758734310536,0.3142194810202691,0.2716638865019137,0.17793157271367335,0.1535927765502741,-0.13609167827664365,0.39635232744240256,-0.07604926076781038,-0.19062821796802337,0.13213800993507574,-0.24923332221201072,-0.08347319305066117,-0.4249350081905558,-0.40237105026931924,0.044155820265840556,-0.2068062535347279,-0.1460485341095574,-0.3389490056296096,-0.27954743557175693,-0.22701271494626965,-0.24583552832522243,-0.2980924993978564,0.13267145195342603,-0.1259876413735109,-0.24363681943405543,-0.29458648119405567,-0.4118289430330333,0.11561379133199635,-0.01881764762827181,-0.17083911602219756
0.124959469365569,0.18981416402327841,-0.33956039804544175,-0.18134155258712897,-0.41241708584668496,-0.4113128765156582,-0.08372113629705212,-0.3601175456833156,-0.31796105508081346,-0.3536914576353599,-0.20928456339672025,-0.20114962772697076,-0.11137162609068571,-0.2280477585462434,-0.07631974752133502,0.09368477260635127,1.0,0.61941802366182,0.09673571378228182,0.04985947143800527,-0.2238100686291504,-0.03076905220561852,-0.42882285056310676,-0.35031210546688096,-0.13342692249902272,-0.18314150768105555,-0.32797821992207293,-0.4758762643751252,0.49066822690734174,0.5075470676048088,0.024440083239809514,0.06050177820534369,0.4205447559594028,0.32026092121295385,-0.36249983821894605,-0.10056581996799993,0.2472490140012136,0.04222884721944847,-0.09210090630730747,-0.3321544649838879,0.06461960201602282,0.0745146530223591,0.0960755036374491,0.0671261431146881,0.16593477324937367,-0.01558388444247692,0.038257240052246524,-0.14987196103102848,-0.17378211329523088,-0.061108288425279864,-0.08801735465749369,-0.17572952470382494,-0.004717976644518394,-0.13822202474868717,-0.07727476134708036,0.07793169857452328,0.3376511265834194,0.25716511897673,-0.2111218993906331,0.09252766863656942,0.011924229856093909,-0.060148187255000006,0.2644076806746028,0.2757502250160846,-0.19143120699600674,-0.4662807172182875,-0.035417539959989,-0.38576143023281145,0.11545282564543707,-0.050777301570848636,-0.01685265532356588,-0.050853074041887256,0.5248332523043344,0.0870582458181082,-0.003256356927938409,0.15667187422771034,0.20787288049202757,0.05359759452496086,0.5265310673866463,0.6203617479405812,0.7159972541570774,0.7253610470101709,0.054128000400513104,0.17129919543225122,0.4023370245355377,0.24257848764993759,0.05007843550786057,0.0381280350426207,0.04411287058335167,-0.21943985754771153,-0.25293325337638767,-0.11552042177929425,-0.07926566756328658,-0.13845187394676484,-0.1714541903459205,-0.1231949455797742,-0.11565718110739175,-0.20172236579317082,0.08520677154597421,0.06932961989946736,-0.03231757877078322,0.1648150541841262,0.0017660524768522191,0.06012259353377406,-0.10663728351935119,-0.03892018677392425,0.03418356693463336,-0.04637259669205824,0.15817504517772923,0.06069437862757873,-0.15042007762120965,0.06257692421223879,0.060669790102419165,-0.13934200629906576,0.08248681086451307,-0.04762201333692413
