1.0,0.43235142741080596,0.1118673764448642,-0.3513175802572504,-0.13583763884181282,-0.023306722289424545,0.05520253025334315,0.1270236797135009,0.029214024481671885,0.101196403886545,0.46243234497917285,0.2541653164204001,0.4632763347645387,0.21081097551543787,0.14509544613932995,0.05957900269282746,0.0646919408128917,-0.06528853688094446,0.46021129870150457,0.023332726256859303,0.012272915845663297,-0.18855168774940806,-0.28318986798431184,-0.4873836694361723,-0.28094681080258094,-0.5197097702276793,-0.2752571651711638,-0.2499258672874266,-0.04059217318846601,0.14724164080880167,-0.41306063564135986,-0.4613483119860261,0.08152763081472612,0.09510642949020778,-0.06636591155727574,-0.15648107345371204,-0.41845213437506185,-0.1664378241017251,-0.16224713703472454,-0.2121069681441184,0.005786131604357731,-0.12272743835720348,0.07181424175030422,0.06048760180311053,-0.15100888854745123,-0.30079866209473577,-0.05044898707264186,0.02071957516548088,0.21194018298290723,0.10919817545156815,-0.242162337080995,0.21982290630798404,-0.04224739766177676,-0.11568429665149951,0.008793373531934056,-0.026917447369313636,-0.006519292546158803,0.10365712082800893,0.43994144818016573,0.27162652840970497,0.3883937285359145,0.3261072729493976,-0.09727981918494394,0.17876306145982887,0.05501316904407548,0.021564460758961918,0.0015675039093186501,-0.22776038680062055,0.008238720330866726,-2.3084215972001518e-05,-0.04984233673280484,-0.22620380757334396,-0.10844495604890397,-0.0003154778472117356,-0.031154111495792388,0.24546242893515308,0.06017720287145557,-0.19165176362132783,-0.11714670799050908,0.09765710467576831,-0.1650237190614076,-0.10743978892766762,-0.12878352496560985,-0.3300598575572165,0.01170267232460577,-0.27589918353824394,-0.1310475876253282,-0.21396829840244647,0.34697890190119274,-0.014827127603895209,-0.07457512753359345,0.008176101949836104,-0.13337557918123005,0.1864304610448268,0.09839727873833366,-0.2600885039158552,-0.028407642472137052,-0.20163534632396896,-0.2123822625336845,-0.1602132230776834,0.10389882819621168,0.30474833395481365,-0.017533939122248494,0.32593212217313117,0.3417351373979256,0.17071467671881177,0.08360240089054652,0.360935428573089,-0.23382791413824378,-0.2642973804385329,-0.26754316554475216,0.13613692057691743,0.31697444055545054,-0.016378950011282794,0.33670070736473007,0.04172721097191078
0.43235142741080596,1.0,-0.28671156829346,-0.22442679223364426,-0.23432188951519714,0.0061690901697377485,-0.29597932443362296,-0.12029960117185058,-0.24040759747027166,-0.09505284200630561,-0.07448907029166776,0.042588467814919546,0.2437869514428871,0.06324161460316642,-0.14799008211966067,-0.07667857208090065,0.3519572699948594,0.1653598740537057,0.038369975674287154,0.18253037849825948,0.08845755984109266,-0.13890074960108614,-0.06405422273991461,-0.308920892268302,-0.11943676876415756,-0.2594047862680667,-0.08161584523478378,-0.0856162513977629,-0.055521792268487066,0.028825908921134416,-0.3510448581971133,-0.2756657561323976,0.09346699910986861,0.28196198592475696,-0.11520589243710701,-0.11137101829096693,-0.33625392906302803,-0.14669065891795116,-0.03533907216466664,-0.047721350787581066,0.11477174828341832,-0.4567826780806791,0.2054643772402245,0.17221380334295874,0.010221399308566031,-0.19557801742481623,0.28280591200650623,0.17904944840514656,0.07459864679727787,0.014744767865999302,0.03521898212612402,0.21649181821116206,0.08597575183167469,0.015609669536422522,0.10276147816591265,0.09234136321372202,0.33902855137502513,0.5825322709961798,0.21326343298122674,0.18332033430038897,0.25124990803763,0.2638406371319947,0.183159695687853,0.366538739968678,-0.29646448031259015,-3.529928233831591e-05,-0.03958776492567845,-0.3147460220117149,0.50815423197237,0.26856778465160835,-0.18203498663955694,-0.3086294988861076,-0.1002672156975265,-0.08166588000658244,-0.09161353521858989,0.009310527666424226,-0.08628011772794265,-0.04870834319855154,0.11189368747603004,0.3115382376580895,0.207409261683923,0.09028136647827543,-0.21301529405971573,-0.5160591630094755,-0.20195904296627692,-0.490702495968533,-0.16303279637969975,-0.39478786656111575,0.18387805804889015,0.1998396021490466,-0.20153525785116108,-0.29950994903121714,-0.29918807090680954,-0.2218466861052985,0.2972437083026311,-0.41121590982290956,0.14340318251169754,0.12628799409375005,-0.040479021954441086,-0.10360198483802009,-0.0859736335829488,0.03185119122961978,-0.07752470053115533,0.2221538637436237,0.32021638608009584,0.37416026535043156,0.06687166756534202,0.40740191718630336,-0.5459820517060795,-0.18666843050037493,-0.1120245333039376,0.17052289067976054,0.05652738942696976,-0.12283263974332051,0.45016760676370254,0.23585220696323805
0.1118673764448642,-0.28671156829346,1.0,0.17829150104380745,0.3435176069778721,0.011096119224676593,0.0794230236839415,-0.013853913623576544,-0.009462539666349455,-0.015676735643573008,0.21971163172330316,-0.32056948989578204,-0.13769803948648535,-0.35984750912346286,-0.07787158060325816,-0.24261506465091837,-0.5195060911581983,-0.5258426231269395,0.4328797862010553,-0.0375980285237229,0.24304230576082378,0.3480579098028874,0.28055210579400414,0.18020514505469667,0.42059117505353033,0.337788809579038,0.35992547716169937,0.32867763299634695,-0.408044925513887,-0.3853648420686976,0.24908635372890625,0.15722129393887566,-0.04139667041178369,-0.22791220952410318,0.3575661688388382,0.09833918385152109,-0.2542758171231559,-0.2996378411674122,0.03443803607356009,-0.15948708513736784,-0.21704966469791165,0.06561445970115937,-0.02410667902136082,0.0252068166763637,-0.3158049085118351,0.09994502500662968,-0.23114067806520822,-0.03663017234274164,0.28137555385795393,-0.4318029358772722,0.10894413341565845,-0.14315451526308087,-0.34593867605194834,0.07873928045154045,-0.2666710542865384,-0.18400737613167267,-0.23660118905179037,-0.2886243105092431,0.0449914592423647,-0.18890235838574193,-0.06696765249400934,-0.27050373671128547,-0.417875737004735,-0.36905734529757744,0.1366691795021853,0.19374515807448017,0.28324113025174075,0.5830914459014137,-0.33694214656793914,-0.10271787115007558,0.1388552735574764,0.10086426118811215,-0.4094472399789445,-0.26239006879565596,-0.25659679979189326,-0.03885184146795959,-0.2395249088578383,-0.042470728534342486,-0.28554994723100086,-0.326326950664334,-0.3890252300510763,-0.29808568097982396,-0.11238843510244664,-0.22512194883980294,0.1774096221483446,0.16405332858908372,-0.048572437241119655,-0.06313599306039783,0.18900482101948893,-0.2414555011985913,0.08227794476516452,0.26040087713816484,0.1507628936684442,0.1873795667763119,0.17340974250275124,0.18235282982011156,-0.0612422159529307,0.0533039004385317,-0.032105916303199276,-0.0073697258629808506,-0.12799254530125326,-0.09965501708788728,0.011213656680920926,0.33641365118157607,0.01665790466582174,0.16438072812362475,-0.0769405926995462,0.06310476982297962,-0.1328649588217967,-0.12355329540039074,0.11262768119898667,-0.04624659258501353,0.09064319581154179,-0.018728358398466403,0.016192196218997635,0.1043763173255861
-0.3513175802572504,-0.22442679223364426,0.17829150104380745,1.0,-0.020949399886189424,0.02734237459501142,-0.11648882591297427,-0.033727770550259904,-0.0690942237418617,-0.15970523888507232,-0.24024461857292753,-0.2351730069344344,-0.5718960641225828,-0.4415683782750923,0.018389320804443738,-0.0695862422424173,-0.19831917340666924,-0.28130870069321995,0.24041801331572374,0.28484035170128374,0.28035805714204626,0.2854188278414306,0.5231329175191268,0.7812307111274215,0.41418364610314196,0.41248053912944876,0.46900433975071126,0.5652219855522131,-0.31074470066007537,-0.6223527111064816,0.3127652980666055,0.42791000851639716,-0.3156806057841748,-0.2364707749352842,0.15211657664000547,0.10969981705240411,-0.21171495197540588,-0.2386022352363652,-0.010875186860612403,-0.1960165268466559,-0.2787637462436613,-0.08181651072446279,-0.025228464293862416,0.1263372394037035,-0.22094575783081863,0.11137984949215722,-0.014126977510480252,0.24578818828022378,-0.15008708549373706,-0.3849506546007541,0.2894283479334852,-0.08819429421419368,-0.1701470252476954,0.12821351154765723,-0.2338984076068716,-0.11739012141298773,-0.18054406298636919,-0.23149349081941867,-0.4864552814879825,-0.13143181135090515,-0.46939647474505447,-0.4611996332512031,-0.27340400232254286,-0.4454813294892369,0.20473932921568005,0.11228429711245426,-0.041530271733331,0.35413548212478474,-0.3081311304852555,-0.06906091403614921,0.08374448747416452,-0.04867842307965331,-0.43303307928782664,-0.19051100166917123,-0.2651589116709645,-0.23229977487100995,-0.3338446562218395,-0.17993622320574293,-0.26551048972197144,-0.17592588866067624,-0.37366918577308594,-0.4381400741127502,0.37037929354102994,0.132145133595712,0.2668366284124661,0.3125454228966588,0.11700843983861546,0.28225509370544966,0.03030986276990902,0.10560244822599799,0.40002369191588666,0.3171568083099946,0.5469618054802813,0.08436276494855063,0.06654769954989989,0.0597736618072355,-0.07994672168477682,0.09075964624508215,0.3242992274754424,0.06531615734705416,-0.28072091776284513,-0.28973058604916563,-0.19880435530339727,0.008945132870303992,-0.1360247201755721,0.16397011445077095,-0.15432044968574032,-0.18450560492814075,-0.018716162678632103,0.046185189438943,0.3129748017968498,0.16226897345340235,-0.2151971882809208,-0.04400082966736725,0.03775577769693761,0.019259707356731267
-0.13583763884181282,-0.23432188951519714,0.3435176069778721,-0.020949399886189424,1.0,0.32466132894391936,0.3953054110837822,0.40169936030317555,0.37269051136236153,0.4685684921679997,0.1555228459127524,-0.00548293494042402,0.2070910934289311,0.20649085822448243,0.18973818800329817,0.09404931030295421,-0.2263306212499009,-0.07884793326006678,0.013530043469714691,-0.03957958971488186,-0.07554785314700674,0.05924687560188442,-0.07915857195282434,-0.06778432595853784,0.044922181156488,0.20499580739548492,-0.03215009181954917,0.04312068934102719,-0.019503410435539114,-0.05107113326353772,0.016822406824054312,0.06734772844957253,0.10571986771783388,0.1371177384088444,0.197501397033313,0.09059939042500917,-0.08432996876078554,-0.2557145802981233,-0.35448285678699615,-0.2659714640673512,-0.1582311673845792,-0.10646262334709433,-0.017802890302148665,-0.16525159441876683,0.12349674019390698,0.2332534013076463,-0.14759282734421972,-0.058892153948936043,0.08359289274763636,-0.13372233564735767,-0.07356568911018527,-0.2793797671258929,-0.11377098513294893,-0.011315810273067526,-0.31017380727433685,-0.34299625569108005,-0.34492860173103645,-0.30807827296170254,0.2547020333916341,-0.17210157363537842,0.19274594420298696,0.14623995797179312,-0.1571211246368786,-0.06849091839177934,0.15222878338738755,0.252426686800577,-0.007280906237773585,0.14619757702310357,-0.25949305706482634,-0.2582948915124714,0.10333045804056827,0.0469231846576968,-0.06190725626307468,-0.012176768767546666,0.009897188477806813,0.06593742429043337,0.12723048658219185,-0.02769624132239179,-0.13912484481274157,-0.23498744549566283,-0.21529048233390377,-0.20879765095393274,-0.2232760194182403,-0.10632891197734472,-0.17200443904095492,-0.2544104322064324,-0.27846892107435156,-0.22282245691466945,0.003865218856330202,-0.30790646426834556,-0.07327984547512356,0.05774371724371691,0.22102086024705547,0.19261509758922457,-0.28565693515742846,0.15930222814905318,-0.4216773909557619,-0.155650999548551,-0.09265786355271668,-0.10933823756845688,0.07198627038628325,0.16554661307034324,0.06581978493012748,-0.15056649155435764,-0.21672923219530366,-0.1797232937773408,0.16805320064838655,-0.15644461035032406,0.008686818066638532,-0.08718411018139414,-0.1170596152462636,-0.10078478445823824,0.032933223561551095,-0.19957595209243398,-0.08602952444998645,-0.1023230128088058
-0.023306722289424545,0.0061690901697377485,0.011096119224676593,0.02734237459501142,0.32466132894391936,1.0,0.07545406144266388,0.42572945682575625,0.3248530181855396,0.48166517223064803,-0.07444120828075113,-0.024455917762884145,0.1079214179921849,0.2730737604757024,0.13577365676517106,0.16116356916161798,-0.022692733620344758,0.15731106786854276,-0.15979010238336325,-0.13105832995880287,-0.0394375719576389,-0.21406205769554656,0.13587244332465864,-0.18412535480938488,-0.057361982791376075,0.12985961042413005,0.021573657468531324,0.2353245606978458,-0.28623823212348926,-0.01752370411763958,-0.2816690529017527,-0.17881825431076956,-0.15297605627257255,0.06539083702608223,0.08042432781487145,-0.020371944266326485,-0.30077784198711555,-0.2319593045823816,-0.2817765503908822,-0.23387669683959883,-0.2197475303335819,-0.34225485346689466,0.04709644079665935,0.07052349127882736,-0.10588756458866554,-0.030935698833099805,0.12205861256910468,0.04226572945651897,-0.04754703007801382,-0.2868974314076882,-0.041039482452015615,-0.260528146063262,0.070049108440366,-0.022402448817736887,-0.18698204637731436,-0.24282697615023144,0.018596482773409903,-0.0058786088915271095,0.2550233544923915,-0.013970622823001863,0.12427285073474405,0.2541637388081877,-0.11673407835333409,-0.060594431220506735,0.01960865025552124,0.5153617721018348,-0.1945457656955772,-0.09329518304551364,-0.1947683488605218,-0.20455088079768835,-0.14835223916603305,-0.006867507992402282,-0.1168660678374124,-0.19150418033321073,-0.15365221533878914,0.020340673607125673,0.0484801213182904,-0.07761856594793072,0.13832448569907205,0.1118154022948141,-0.10603129411095104,-0.07429235923912937,-0.40084819109045167,-0.3563897800149341,-0.31831650024285313,-0.32351121222751833,-0.4197442303361199,-0.24554965072085613,0.4124369824242969,0.017293464679639,0.16081773224611898,-0.016229682869756814,0.35125929308369186,0.3238134838235639,-0.02835323065512608,-0.07972133151055236,-0.027554301282440533,-0.01220955738875172,-0.1330079716978133,-0.11282628996957235,0.1571180768269633,0.040947875602171994,0.02692579885334158,-0.06018554914015623,-0.021837649465316182,0.04096170006722382,0.11689510296309473,0.11341497323106135,-0.11117587741654307,-0.1536690994552703,0.11522608414226149,-0.04209319143605556,0.09444466791500042,-0.05183139932816472,0.11279439938450216,0.2613030034034114
0.05520253025334315,-0.29597932443362296,0.0794230236839415,-0.11648882591297427,0.3953054110837822,0.07545406144266388,1.0,0.6425460518649876,0.49205122773525994,0.5937378048259674,0.33347602237031493,0.1263124581595219,0.46261502058715087,0.49527362639920725,0.5216033580488652,0.49934061100443544,-0.11379378608509216,-0.07347999214768125,0.017589597171904316,-0.025110691758624928,-0.2102974791178132,-0.3408464750754593,-0.4602266078037252,-0.2486264624140009,-0.4899269420587139,-0.2764725604221396,-0.549944816165927,-0.3867863965711109,0.46474474942694166,0.24813897808976326,-0.09997482796838446,-0.2781298352193651,0.2728872082219232,0.070700826121704,-0.2671067267227207,-0.42919945557426625,-0.1260511844488885,-0.2925584244992709,-0.5280385298195717,-0.45274897675820863,-0.07602892033140453,-0.16389519941238698,-0.29871124014828465,-0.461849331793128,0.23036429134293596,-0.10779068791249159,-0.11761870415721169,-0.1583171806320722,-0.22212838244922706,0.2168638650624652,-0.2645013116543434,-0.24236821446676843,0.12134784882839068,0.22993304441115056,-0.1193066228533947,-0.25550667791283777,-0.3870203455769795,-0.4180524915553061,0.279618644095536,0.0876839496790617,0.5066479443677737,0.39775490580349776,0.11982611065063399,0.26918057404783585,0.534175916589607,-0.09347850699923427,-0.24683055836812803,-0.30107232966810515,-0.4016536954416263,-0.13587555057784564,0.05289619195438981,-0.16731832620033155,0.27798323343786213,0.10054318405502159,0.19536879799138118,0.12203230505033164,0.21447776180636036,-0.1080956510173097,-0.20473534351477096,-0.3167278352195902,-0.1502040773131925,-0.09762134271063386,-0.019336113161885146,0.24637215811977478,-0.01643562964501931,-0.15598287696685517,-0.12813123684711197,-0.09043512327980611,-0.05107895458159892,-0.03191098016508152,-0.015726101768066367,0.029388970402118384,0.09337313332958722,0.3078445011625877,-0.3416199833160358,-0.16368130283647442,-0.6253803627203457,-0.43452859906977354,-0.10913144330049362,-0.3185653601077627,0.16302847143171365,0.29024163502595957,0.030876660379942605,0.021905445787202372,-0.11602761386624957,-0.3006704718652352,0.12710256551411736,-0.17567745186397107,0.03376833537874772,-0.25377015704019684,-0.5120355433008885,-0.17495847584390628,0.2458608733651697,-0.10722646454032418,-0.04926474620500848,-0.2904506950675596
0.1270236797135009,-0.12029960117185058,-0.013853913623576544,-0.033727770550259904,0.40169936030317555,0.42572945682575625,0.6425460518649876,1.0,0.6827571904035621,0.8302798807017623,0.11437215396760274,0.07547114098073078,0.3183791710832882,0.5400827568672169,0.5015431380696819,0.4004325200563459,-0.14887393985002972,0.03869629812995511,-0.22671868558791386,-0.27620253120319754,-0.34236114710481497,-0.5014131351115517,-0.40234443701928935,-0.3625472254386247,-0.413817819636926,-0.13925745766688008,-0.5447022392591349,-0.1827872338646472,0.075381996116753,0.2349260179542686,-0.21353669218030139,-0.3536437611531318,-0.02039032360758134,0.2193420283272164,-0.17395171061822626,-0.1619862511356101,-0.38394083469490586,-0.42543840312987513,-0.6980986128047675,-0.4908197921152919,-0.10707563300373908,-0.292063967698656,-0.12613105585097018,-0.19891289345369872,0.19616625427430923,0.00025534971739940614,0.11252753733805503,0.14909032511768036,-0.21380820603130052,-0.027915039359705435,-0.21190034383921166,-0.21721337625474244,0.13303700100787402,0.2791965015923684,-0.2033323888359897,-0.2785152740386703,-0.21566534608540144,-0.2568740673005818,0.30310485059829156,0.07755886411634007,0.37783936164392223,0.5568694987445154,-0.04236184480222297,0.10697271828302854,0.487742322307876,0.4263460283301226,-0.47435346227845476,-0.2326905204081111,-0.39474777134924094,-0.17587345810678112,-0.23401731663085065,-0.2659540087175527,0.12854260617046073,0.03570601484056277,0.06093902786323268,0.008689989253243897,0.06523252323044619,-0.08430620090754738,-0.12440947007873057,-0.09920820991818027,-0.05040554099650227,-0.06417066037448843,-0.3232352361056017,-0.144870595159129,-0.1214469532582597,-0.2366321358415993,-0.3921251294526746,-0.33572115603886477,0.2184026410331206,-0.1267257876202174,0.02079466570243407,-0.13698503134513623,0.3814770866652536,0.22566414031662727,-0.28169074945001027,-0.1427666050850763,-0.3428590427473492,-0.25801172216363555,-0.23258176101162967,-0.3328476325249175,0.26181613697076267,0.198127955010998,-0.06794868791780949,-0.2174109961833971,-0.1450750815134639,-0.2576275012359356,0.12793960480808045,-0.1971372207911032,-0.09322249316055788,-0.28330863404068657,-0.25106118526218985,-0.09328966225130399,0.19337365070759632,-0.006219166950018426,0.09706714612471057,-0.2299436968023251
0.029214024481671885,-0.24040759747027166,-0.009462539666349455,-0.0690942237418617,0.37269051136236153,0.3248530181855396,0.49205122773525994,0.6827571904035621,1.0,0.8144249398195934,0.09894454951823625,0.1565684161030038,0.25248718659379105,0.5261755614198662,0.6988990891834823,0.5937416576253688,-0.2167136292668292,-0.08159478389956107,-0.2771089203088363,-0.38538146915080457,-0.3570592550199766,-0.42380735128157254,-0.24626159291310085,-0.30907914979295836,-0.4748527081481958,-0.12269279843762722,-0.5510468091711409,-0.3737558725682979,0.20160596958803906,0.30301745959973025,-0.17172318737907152,-0.32607710844745,0.07864419379398188,0.10394126629478934,0.004388942237483283,-0.19526789593539207,-0.023646246003944445,-0.12390829539354375,-0.3699765693276561,-0.2377623669188795,-0.01272383369306197,-0.09704067006483745,-0.2994134915046407,-0.3794871917910219,0.004315419627734994,-0.23338531106228416,-0.05458418053509541,-0.1802334738435799,-0.13806366834443318,0.0007880373492671604,-0.16575711324315334,-0.0559410133221685,0.19423853463038077,0.1674500739210774,-0.11657782606508914,-0.24286867457835834,-0.34548393177968434,-0.27923403071405495,0.23218286300093283,0.15165818575958936,0.40538883611488385,0.48913894821228954,0.015766576644098893,0.12865611052722223,0.5034602088843058,0.2756014446552409,-0.18223417048680315,-0.24194174191879342,-0.32459930497368483,-0.20142547976596997,-0.04197142147668861,0.01404798962271062,0.28231886415998514,0.23066880396544354,0.14964837859531085,0.21312322887074872,0.3578927278386913,0.14998407772107952,-0.0014739702587664777,-0.024262929924133165,-0.08045150900354701,-0.0227491029715658,-0.2520159841949915,0.014005373720180892,-0.15884402055139699,-0.15187398754278322,-0.28371236583504894,-0.03869256513506063,0.22508120019939534,-0.04394112409980043,-0.10217178857908084,-0.12585859517372697,0.24443006276077686,0.22883856295809643,-0.2711288243145088,0.08582497564246758,-0.292258759182122,-0.26882705117659517,-0.27522961043039385,-0.25260258812208547,0.29373941952051996,0.29395398901507835,0.10265235752249836,-0.22938194475693963,-0.24566925402633275,-0.4264032812203063,0.0088957656857286,-0.30740132331446,-0.008937142480293694,-0.20545446593948546,-0.17922195460068,-0.2684280827388988,0.11162635028863516,0.20171494463486314,-0.17700741193708344,-0.32678099977023756
0.101196403886545,-0.09505284200630561,-0.015676735643573008,-0.15970523888507232,0.4685684921679997,0.48166517223064803,0.5937378048259674,0.8302798807017623,0.8144249398195934,1.0,0.0980252009849904,0.15134038565321192,0.38504882294992016,0.5888298065717589,0.6215758503196357,0.5124641013012018,-0.0649645462759372,-0.013933771281457142,-0.23307743601083333,-0.3012038831377064,-0.3770531321759848,-0.49456477940559435,-0.32922607770022905,-0.40958098083658423,-0.4684803138187671,-0.1540387111713591,-0.5385986592004969,-0.2518075085256536,0.13057456213806234,0.26641318546161,-0.2887347270662652,-0.3973052102637753,-0.0709820027173007,0.11088091125625049,-0.15246394224712595,-0.25040860464470915,-0.1944853154524793,-0.2642868113727531,-0.5557934321538482,-0.3456291582605748,-0.09983714360963888,-0.2555354091564362,-0.22817107931636896,-0.3356265984582774,0.10780358564508458,-0.15300738170455075,0.04960798225485374,-0.07379976462285456,-0.18679171145586992,0.04781284096356256,-0.23189389605845692,-0.12511146357038955,0.17661647392239205,0.1725491929913614,-0.15625402235666871,-0.18859481899409034,-0.259589273757719,-0.22367836268743232,0.34443327268453,0.1548158986435386,0.4690507197999153,0.62413612815614,0.006448039039890325,0.21718309409190942,0.4012745383917525,0.3316302255990652,-0.33265650881927983,-0.3440395248095046,-0.2563180164229302,-0.1511741197662361,-0.12009786073052642,-0.1464933803171535,0.17849249722670935,0.19867836174500197,0.1358951275288554,0.20446108263004567,0.24107172353693349,0.025620367869787677,0.030685028659138414,-0.05621979427754782,-0.06259573704211888,-0.04315244716973034,-0.40291712650496614,-0.1882639687571551,-0.23212658084606183,-0.36558215949970974,-0.36948458765562303,-0.33648182943994037,0.21629941075625608,-0.04121264859365451,-0.0018855976254976464,-0.04668783918407803,0.294628450726644,0.29281475625733167,-0.2617175114632364,-0.06703586305627751,-0.3542337279693396,-0.2025240692089541,-0.15052749557918826,-0.17151110321017643,0.2655307740466869,0.27534217647855547,0.03734622597236532,-0.16253752713574057,-0.15274630416416363,-0.2858850329973933,0.10941940631267215,-0.2571342424182015,-0.09640519476527008,-0.2875088302031815,-0.2989116183015499,-0.2309138048539434,0.23524865542848658,0.0323527597259804,0.01025705734634663,-0.2556956151698477
0.46243234497917285,-0.07448907029166776,0.21971163172330316,-0.24024461857292753,0.1555228459127524,-0.07444120828075113,0.33347602237031493,0.11437215396760274,0.09894454951823625,0.0980252009849904,1.0,0.4064252725061398,0.6543170299130362,0.35607713550986536,0.37267972037422603,0.27820417916594753,-0.04008120317209176,-0.11295126498616502,0.2581348995169574,0.15935548693580515,0.13988355545432749,-0.22390604762203778,-0.18488108800394257,-0.14807653708430912,-0.29398548047116735,-0.37763471780125907,-0.27218420318253067,-0.2342019889575589,0.3705365507739021,0.13610186186644596,-0.02533341493594035,-0.07584014215360052,0.30831158601508774,0.2550906459557792,0.10349840656320652,-0.12073475353787073,-0.1459055239694112,-0.26365017345367625,-0.16537393877543985,-0.33860699853917975,-0.07112559944527776,-0.10032264665411326,-0.028374345314870795,-0.018883896985659763,0.05683149633166481,-0.09143656529877615,-0.2208347619229978,-0.06969604295368688,0.0861367087697502,0.1730171539533679,-0.38042925463149146,-0.2883157169400609,-0.2832550936306998,-0.3508258056855844,0.028888043070831256,-0.22707140440701615,-0.3692644941801424,-0.34053499070516435,0.2247369509485058,-0.10345483170055446,0.35395837826658033,0.10841122901843554,0.017659921558647495,0.03964425453022002,0.30329527474135953,-0.13095955670859563,-0.04249898944133486,-0.008628552758282436,-0.31736559590895114,-0.26100327500866016,0.00010694195185992755,-0.1859926112528619,0.0783224534265414,-0.07456834720900034,0.0002868579756543027,-0.006143247587632407,-0.015410833409773962,-0.15134802152864674,-0.1676370659874559,-0.05201442320114382,-0.24916498173780027,-0.1800225406673314,0.30761980413727913,0.2053711928007094,0.2604051479818756,-0.07594276761765659,0.22832586209199573,-0.1164525388020811,0.2063921564784116,-0.28150320031918113,-0.032459497649809606,0.11955368551168989,-0.16873921686506926,0.2959590002142719,-0.1471093753555823,-0.0684651017932262,-0.2941561098809911,-0.39020859698834964,-0.3456289810413934,-0.24894948431912065,0.00573122895912376,0.31441723190020276,0.08743510337801212,0.18903997821171947,-0.002386841984184465,0.011605434102427105,-0.22198938137291288,0.07094235138788853,-0.09014268874562759,-0.019339609569806543,-0.20002014956009936,-0.04986209584523733,-0.045189997083507384,-0.014050747099210868,0.031115230404142973,-0.08898127068360862
0.2541653164204001,0.042588467814919546,-0.32056948989578204,-0.2351730069344344,-0.00548293494042402,-0.024455917762884145,0.1263124581595219,0.07547114098073078,0.1565684161030038,0.15134038565321192,0.4064252725061398,1.0,0.4693829007149752,0.654052641376053,0.3254073234115081,0.4813777074286056,0.2025528564996164,0.19330208681914599,-0.06950417971924719,-0.03870609571380393,0.04834364917602465,-0.15473045705917784,-0.3795119039807591,-0.21871135217303542,-0.506422274292256,-0.47478974933670326,-0.38223877543949264,-0.311911028209665,0.33709825856088965,0.26555469167989,-0.35092111444736773,-0.2687177161066432,0.0032623718050910472,0.12091496717030482,-0.05393848849475972,-0.2385558116171949,0.12226983032917481,0.2243249434587659,-0.021506356296061208,0.02089735306600481,0.03771079820447014,0.0321735555434678,-0.19030506826661167,-0.17322041605761787,-0.08212827986268034,-0.2728377512932853,-0.17940926230983084,-0.24142851166824025,0.15672630329393647,0.24800231328124914,-0.32501826961038616,0.2037702418253461,0.31990501258760135,-0.2646088275803044,0.2530701477422256,0.0692035921968789,-0.10223184432311554,-0.007242324674448822,0.23784177240380264,0.3036653213079853,0.22986458915482258,0.30059403501060206,0.1378906817156272,0.2902847873122299,0.04310290761773546,-0.2618556688202644,-0.028901847969439693,-0.3092231567688699,0.05014804212822898,-0.18241131075111275,0.16778322806420282,-0.09280291574962131,0.20487474700104094,0.18858535852875719,0.3278805125518943,0.10217119586236584,0.2023760978807655,0.09040165030762193,0.022616354383600094,0.16903280142109903,0.010019677027335102,0.022438059780088532,0.15670823154664976,0.18911693126663218,-0.08884353039029942,-0.08883160845791942,0.08935160570303753,-0.06834671849816149,-0.11056213463870575,0.06462201978502055,-0.09819642192190318,-0.04995074276120556,-0.04589690788607551,0.04121454619140433,-0.24790768990666637,-0.09669996557201706,-0.12367549705871875,-0.2252092737268804,-0.3231418488354569,-0.18517585775785794,0.1056392659576525,0.36693285675897147,0.07549968026671355,-0.07940811799733069,-0.08201160788887643,-0.18424187138596115,-0.06465147067803094,0.05777306531582508,0.13665947915539386,0.24440960643124238,-0.2764016937355865,-0.10259311460752349,-0.12691973384779456,0.04216191720714527,-0.020693294398649677,-0.16221688522709782
0.4632763347645387,0.2437869514428871,-0.13769803948648535,-0.5718960641225828,0.2070910934289311,0.1079214179921849,0.46261502058715087,0.3183791710832882,0.25248718659379105,0.38504882294992016,0.6543170299130362,0.4693829007149752,1.0,0.6978321195217403,0.48725184521002757,0.5682111673310475,0.08851687730443895,0.08403049744630742,-0.043950319039840494,-0.06449964106535906,-0.1762213872683983,-0.43746710040237646,-0.5181608240047924,-0.5762225925013043,-0.6163368256349258,-0.5900922744775842,-0.5965715774931174,-0.47345700072322194,0.45218761758695986,0.3980662590691798,-0.45608387994413185,-0.4691138628002539,0.3237750019562934,0.26805274164437104,-0.17902970297622195,-0.3906872555437949,-0.06681249100796215,-0.2210852808872493,-0.35604828319002674,-0.2760919133623992,0.10438069092669319,-0.3055130442298634,-0.12196740214798901,-0.26630038987460297,0.09410561242004137,-0.32175748826169165,-0.0737348341140873,-0.24206860099942668,0.12797517050090929,0.2800146157337012,-0.4222406416649598,-0.09170954832223398,0.08460569127758524,-0.2888871963668589,0.22072966861808796,-0.15042812168371866,-0.2586110228370987,-0.09895268615804101,0.5977893792412948,0.21661123415963227,0.7544069696078488,0.6212299973359595,0.2417368453348239,0.5119547249619275,0.1524058822416745,-0.08436279353403699,-0.06420829661725759,-0.3791574732594434,0.02712220750812987,-0.007014818965484472,-0.12238188661777531,-0.27975052885254914,0.2857320020221724,-0.027665283875927312,0.06405547583783205,0.08751623352371751,0.09220115773316899,-0.14467067676203316,-0.04315509672093723,0.064515425530133,-0.005385769447185326,0.03094430733665029,-0.07681383327683239,-0.006652752429504329,-0.1842650501383894,-0.4215535656949829,-0.1425658788522228,-0.35383021776464846,0.22317767643091024,0.0007965548860342095,-0.15395722533128897,-0.12086978538948859,-0.2658919563960138,0.23654952175664457,-0.18497767900009446,-0.3061125031927711,-0.3271207971537008,-0.2704045476803487,-0.40179250799942184,-0.3356103318239863,0.24527332827493478,0.4500220306905294,0.23017036584772232,0.15447252053767915,0.07126115938675973,-0.06326574750248809,0.010952473973000471,0.12016202163912121,-0.17052025606137042,-0.2456080395126944,-0.5573687280109495,-0.2627807100799305,0.1723238694738393,0.042586461419607285,0.08802614640461101,-0.032706880314687804
0.21081097551543787,0.06324161460316642,-0.35984750912346286,-0.4415683782750923,0.20649085822448243,0.2730737604757024,0.49527362639920725,0.5400827568672169,0.5261755614198662,0.5888298065717589,0.35607713550986536,0.654052641376053,0.6978321195217403,1.0,0.5533861126907383,0.6922701340450098,0.07999106834042086,0.32895619203375376,-0.30858601830421833,-0.2432045094927571,-0.302927811322231,-0.483949687057478,-0.6169459385243765,-0.5639988945596813,-0.7351018054830398,-0.461528908842295,-0.7018077004424426,-0.500084625572713,0.4636375993011544,0.5486292612542638,-0.49670670799293887,-0.47666270049980985,0.2247070701986231,0.32657019104645935,-0.25754086208555654,-0.39410564077742727,0.03134374129392211,-0.0294272156991441,-0.40761944168800324,-0.1918425024615872,0.10233685538617467,-0.22692382949404818,-0.16719421176545798,-0.25770924486824215,0.10239887089041268,-0.25228786426682953,-0.02279981915262435,-0.14919772549742447,-0.07438195628688114,0.2382728411925643,-0.3480678787106861,-0.06237454032581093,0.36016103346232814,-0.10937836460053688,0.23331130140306708,-0.062300659453775505,-0.15554766667107972,-0.03855104246631859,0.3708659084031651,0.227685440551312,0.585695463425826,0.6425714952357765,0.3741619787736109,0.5363435261884302,0.1546905008830862,-0.05160102143678422,-0.2013184152294272,-0.43593228211539353,-0.027689353595183236,-0.1612946750286999,-0.1110611303589326,-0.1820787756270122,0.45056702097815254,0.27999284553302395,0.29848793894210507,0.18406259921574175,0.3287303680415893,0.06639152411257895,0.1536540644048731,0.22102535297173942,0.2124337196421376,0.22018881881981747,-0.23143453785340018,0.0226771397387442,-0.3103355182187817,-0.38412151827276997,-0.1729220916053621,-0.3135817471384119,0.029939520742215054,-0.005309852673576675,-0.22743172546353374,-0.31758771713920797,-0.11608611504146957,0.019166038940062764,-0.40407413986796437,-0.20738633274774831,-0.19221333542667968,-0.3231887557644576,-0.38534528477207336,-0.32856236644419723,0.15198543597893138,0.3244754835542242,0.17120499542884837,-0.16662214266775494,-0.0666692730844286,-0.31085568489839055,0.032528537570928724,-0.12785487642182214,-0.023712943105511294,-0.12344660040909265,-0.36793554221754765,-0.24193381695792945,0.06662594955302512,0.08748384946764992,-0.040814117859690434,-0.22972813111255527
0.14509544613932995,-0.14799008211966067,-0.07787158060325816,0.018389320804443738,0.18973818800329817,0.13577365676517106,0.5216033580488652,0.5015431380696819,0.6988990891834823,0.6215758503196357,0.37267972037422603,0.3254073234115081,0.48725184521002757,0.5533861126907383,1.0,0.7811732368191504,-0.0951167730352609,-0.07017437378803985,-0.029932235028629798,0.011798912444184288,-0.30824067970910046,-0.4867225380833048,-0.20744128756289662,-0.16094595926388772,-0.580782303722948,-0.4238934253421096,-0.5071806299486346,-0.35088414226789594,0.3638780357666649,0.24301815594498427,-0.29502548827140884,-0.40368033659573443,-0.029416454320565767,-0.07382838807149066,-0.17221604493424164,-0.49298306651336,-0.01871660041484831,-0.1832592015079202,-0.384722173129616,-0.31758378287258476,-0.2054680663171887,-0.12284525087293635,-0.35572105870459764,-0.4354061024337904,-0.09949850114254727,-0.4658084553394381,-0.0907899833179621,-0.16815178751901097,-0.1971281422019105,0.1640138466151208,-0.3707771787637753,-0.053866073354042476,0.19467130312085418,-0.048105127990700595,-0.16139617255867794,-0.15513904205711448,-0.435825516463559,-0.28522842977740775,0.17983071065104153,0.22299728592705617,0.49577136509219394,0.40980127851574943,0.03216339141104854,0.23222170767753145,0.5355998225383778,-0.08077750516774446,-0.17931609688414518,-0.3863211923914168,-0.22054607111167268,0.014615180324716972,-0.014120857530239455,-0.10970202852914678,0.19624028596008372,0.18729118752361001,0.03953029028372532,0.16504429305166346,0.206403812869326,-0.03951153756789669,-0.059830413349544226,-0.020313943565521773,-0.15978932651937236,-0.08170085775279201,0.07719092700860511,0.24921290035559202,-0.03482732573618531,-0.2273119538052593,-0.03080704535565211,0.05787136013371997,0.3037776491407299,0.17464804083304844,0.17470739368358837,0.15830612457221133,0.17915794181978917,0.35637087922405963,-0.39758704103964615,-0.0620420850989676,-0.43539366114140565,-0.3195085097377822,-0.2595112365679468,-0.23357905348994487,0.23921912146113442,0.34538305565154165,0.12490574341911988,-0.03902004263076089,-0.13173874141620553,-0.33660097379727494,-0.07174734780207954,-0.32480093635895035,0.06221136399076667,-0.11256398831631245,-0.3632189164718054,-0.21027613105959397,0.11512720334387665,0.1542908292276558,-0.23774586032114814,-0.30493412565978256
0.05957900269282746,-0.07667857208090065,-0.24261506465091837,-0.0695862422424173,0.09404931030295421,0.16116356916161798,0.49934061100443544,0.4004325200563459,0.5937416576253688,0.5124641013012018,0.27820417916594753,0.4813777074286056,0.5682111673310475,0.6922701340450098,0.7811732368191504,1.0,-0.01580602853126141,0.002034829024511487,-0.22905992163081115,-0.23006108663579514,-0.2549945447487911,-0.37809527099271417,-0.32196752674539325,-0.24295293027633622,-0.6795685642830834,-0.48011928740583093,-0.5443027896289768,-0.3645432867956871,0.41764477501831254,0.31652116342554876,-0.392158595968525,-0.42062617721433604,0.08915065392432156,-0.013518174210501466,-0.16633580725590724,-0.6006782564767111,0.02654983868598312,-0.015521608296540347,-0.3052724465416532,-0.14751840867229743,-0.016612031487656016,-0.16689177047742762,-0.4596840622597246,-0.5596467532087561,-0.13746486833200589,-0.5826220760357549,-0.12340634133151501,-0.36803101766415713,0.014467610662086254,0.11230773674568731,-0.22451202908281798,0.04822602535504112,0.3020498244309172,-0.14592907850222547,0.16280278096732487,-0.06312293274358204,-0.38074390331726604,-0.1894594121916207,0.3387541129760883,0.36889682234140714,0.6048958123251683,0.554644321734829,0.30812892392005026,0.4809699399045423,0.39649712259588943,-0.09997187701211271,-0.000978587702847349,-0.3976049048149282,-0.13851850113967784,-0.06684756580541718,0.008367485631994053,-0.15167174045192083,0.3005134936110665,0.24057952592091567,0.18867002183792236,0.24106293199943257,0.25917543781018815,0.03452231455617037,-0.08041861622669155,0.08971115023829175,-0.038103264179109364,0.007038829931790807,0.0005353030111494337,0.2176009258450514,-0.1789939676623945,-0.23594821434323265,-0.09100347818604564,-0.028656561261800193,0.21995254361622987,0.35721506291748667,-0.0822944511251733,-0.13124093931737368,0.04909296437348404,0.2171427301875512,-0.240841507620312,-0.12164711331055063,-0.34734281913707865,-0.2195665871838351,-0.3369785743968294,-0.3663993876127313,0.24942485102336817,0.3522895833902386,0.1805783512582469,0.001293877007722576,-0.13028929011833565,-0.3170476915290973,-0.02024459094799798,-0.17188052660729494,0.023354326119368843,-0.1479747446667634,-0.47159934894361066,-0.4209796505445958,0.04659899291802534,0.24094931992055588,-0.07635460392780208,-0.2629387623074608
0.0646919408128917,0.3519572699948594,-0.5195060911581983,-0.19831917340666924,-0.2263306212499009,-0.022692733620344758,-0.11379378608509216,-0.14887393985002972,-0.2167136292668292,-0.0649645462759372,-0.04008120317209176,0.2025528564996164,0.08851687730443895,0.07999106834042086,-0.0951167730352609,-0.01580602853126141,1.0,0.5762820657301936,0.016920379984145716,0.1240913520382619,0.13281273020371853,-0.16083193108342506,-0.037807558787574747,-0.16410530749735153,-0.05252063910791729,-0.16768674141105425,-0.06251434981193973,-0.08553902171221482,0.12145894462486011,0.22099084544903083,-0.23082205589846372,-0.14246360343626907,-0.17133764168823937,0.05013956461526888,-0.23520566626119946,-0.08022122921272187,0.1108572603908543,0.1519975650840524,-0.06809923956169986,0.11701510476908498,0.12471551083048907,-0.1505184218910627,0.1794223943422553,0.16308413072437214,0.216088043033134,-0.007563485057634761,0.16222271273356828,-0.007454800388812169,-0.22680597837929248,0.23395226625243554,-0.09666340013903348,0.02814729235888486,0.15189007044707775,-0.10742737355686936,0.1254870605432364,0.19215132605538257,0.4499687556912145,0.3811329593757309,-0.09434670094898537,0.09649829156774915,0.04849679594009683,0.08322662336740312,0.36885710337803157,0.29173208690574765,-0.22663452609386459,-0.20809020649890578,-0.1637010979359361,-0.3136226690641202,0.21575265119868725,-0.12971067601930336,-0.2838086353237909,-0.2069599750956274,0.110384133506442,0.13279746790384275,0.17621707091131875,0.018988954370810864,0.022512034346770956,-0.19954936478578336,0.49424477652397636,0.45461560008936347,0.39335207926390436,0.3373803444560673,0.00044918525552371433,-0.08148997526365494,0.048011765398755665,-0.154032326297748,0.2106264649117301,-0.07478149534531019,0.0075384084494236,0.13890225210901022,-0.10302565686416097,-0.11026218871327785,-0.14523866366322263,-0.109882822758812,-0.017801444754411904,-0.2521827017456177,0.15338948288840223,-0.050090018162245904,0.040635648627986506,-0.04376556341348018,-0.02007366588859635,0.10909253554926378,-0.05493898367317161,-0.021887917072154747,0.04434844344133185,0.0028527225018352446,-0.07225101017231884,0.14006234183471997,0.11924210483144605,-0.05057678680811909,-0.06786845855382172,0.14279676795281074,0.04248695061993886,-0.05493475230730382,-0.052324812368528456,0.13873806139430772
