1.0,0.55925352154167,0.0873222660005244,-0.3686694749501277,-0.07890452641572754,-0.043055421588921235,-0.1323223564136657,-0.29173868435238487,-0.15234552014579714,-0.2888124735704498,0.5504175223735049,0.2165883592821024,0.1162618900610112,0.09251348695922296,-0.026536103998382483,-0.12107058330647515,0.22258704151878916,0.11535024404406402,0.5000514297099277,0.26399307582431664,-0.05554073724350568,-0.031708730097706195,-0.23114578285703619,-0.38624113493833584,-0.20763071569049946,-0.38351985030851243,-0.16618481013388756,-0.3533489972749464,0.33083771884117535,0.06135415847917208,-0.12275551451916099,-0.43517020729218214,0.21084237181608895,-0.12412122521555119,-0.17725221930377086,-0.29968904979093,-0.1515663030997034,-0.18939030378410152,-0.03096254198519153,-0.20069322058804467,-0.05917544741722035,-0.219209862082421,0.029584706858703028,-0.11894454502568234,0.03562197471345436,-0.11247785526098775,0.07054860955248936,-0.03967446014111344,0.08797469607410717,-0.003629430417946243,-0.09024071688208717,-0.21917905251232928,0.03494883350737385,-0.0671316947095023,-0.23500939066617882,-0.0795050352625501,0.4324911579238098,0.3495902039354093,0.08763776711576171,-0.2591862568474304,0.16706659620817987,0.02401681994504601,0.16707233147909076,0.18935356582124008,-0.19888027718603316,-0.21386154346738348,-0.05166445853029798,-0.34144892939678556,0.38073823206021606,0.09966717806828404,-0.04039774055929115,-0.07856923696409283,0.21657746739481268,-0.007177805202727883,0.07916388480905706,-0.17851115812890453,-0.014699048570658704,0.013527103243400377,-0.009633349237686587,-0.17480897644022197,0.01279514988373041,0.01753087260068773,0.2897283023790224,0.12322928113422156,0.3301662185955678,0.15929057064610783,-0.10145961118163188,-0.1589326533283864,-0.0993738796582044,-0.03557850307760443,-0.097351756114828,0.26462123200593735,-0.2928906647208761,0.12747899633537685,-0.09464100436117664,-0.006636467302251975,-0.14417248585785242,-0.06002540014800248,-0.007686083916011286,0.1631434556769685,-0.122409208054263,0.27112637815057644,0.011239348976950742,0.19791792241359896,-0.025880849441773754,-0.03692164588727961,-0.01202447994398011,-0.12536237359229602,0.005631260986881204,-0.11734509517941562,-0.24738904599364525,0.20786921016014584,-0.036421840458614387,0.1382726118338851,0.09367911198843325,0.027420678603400982
0.55925352154167,1.0,-0.17135728262410427,-0.2625519843233808,-0.3279352086384106,0.024511459590863757,-0.39504859621817345,-0.17890176496124582,-0.28709817622552364,-0.07563860519982452,0.3049199306253751,0.3026546448613103,-0.2388521464036772,0.10782506971347083,-0.04721143228707362,-0.10098175828264157,0.19847394416460365,0.4140986199282369,0.35122161633418497,0.4688383943777854,-0.1164477353009522,-0.04017061923930668,-0.28639611932995973,-0.37910657319841623,-0.1930002260989025,-0.2968134500731155,-0.23562706445987974,-0.34726436774697583,0.18818666036879494,0.2484050656748583,-0.05719140239510261,-0.32422406012311406,0.258762857020368,0.04629591726270088,-0.28671578831364575,-0.33085805084562475,-0.14355599648141143,-0.1809853475627869,-0.13571523682329223,-0.24754243669061377,-0.1562394499106173,-0.04795268477621159,0.16416577685380482,0.15010145652054185,0.19048831906643887,0.035154738911781315,0.24426490084554428,0.23385324138322958,-0.015671773802464307,0.23949755866712882,-0.06753795705798184,0.006962411874312593,-0.051230262740536985,0.2615570504167017,-0.26490060858424663,0.18730408285154282,0.42107858162427225,0.6529230646373949,-0.29341186344926484,-0.19741135052355677,-0.2125828148338156,-0.018209620495420995,-0.056009593022508665,0.299283300054831,-0.26772203885429224,-0.21045205992538285,-0.3051375769511386,-0.5133948288763827,0.3357762612599206,0.07261804527922364,-0.18515141351403072,-0.24649764470256622,0.16570197752075458,0.23077025640347132,0.21483712166314345,0.03367396457112397,-0.03481788291805838,0.020151772484683736,0.012689969208434949,-0.010275850253620674,0.018225559034705536,0.01003191463957331,0.22725535062035107,0.26082395876136716,0.04160831829701398,-0.03015220857802605,-0.10350226075922576,0.03234409350705876,-0.22017062590965666,-0.007649400620759381,0.10388588708766269,0.12027188372149236,-0.14786984770234174,-0.17008603202501613,0.03489919799158557,-0.14345471667485893,-0.12497010645188095,0.16464733647586513,0.2722095553021281,0.3038114643715068,-0.07958891452396645,0.1313577005708686,0.2213254320716859,0.16314692769183892,-0.06947260660140475,-0.09185314081238957,-0.23558105194056503,-0.01891553822690167,-0.07357281173073625,-0.15562111763654643,-0.22360468943081316,0.23143733013513443,0.2882925226396122,0.35111613307902517,0.13062964277986808,0.025761132819249178
0.0873222660005244,-0.17135728262410427,1.0,-0.1230510258880929,0.09679520762924654,-0.17443763263669973,0.5107133803434772,-0.002294975634417126,0.31454785654316814,-0.34150408507067953,0.14294856158165703,-0.2715511765412807,0.23169359096355452,-0.0830996302447537,0.0678452846647895,-0.12800030754130973,-0.06600023016336169,-0.06352353091867982,0.04718040310491883,-0.18464049155523593,0.2370488035811045,-0.00625420721744067,0.2280552694731253,-0.06295001806230702,0.24983023472260177,0.001034750897372631,0.22755019179406616,0.13379419293092643,0.02507895850989865,-0.2005786806335725,-0.058985148498081307,-0.15869861804093854,-0.07636601130591701,-0.25639204120218895,0.2691193249034375,-0.0473196134231418,-0.1497322252009744,-0.17474159682681095,0.06226962233826666,-0.06576085121299256,-0.09838379666944462,-0.10920325349922683,-0.12884991440988997,-0.23299773626521533,-0.20513528465681105,-0.28370394884333844,-0.2175976047515371,-0.3154996892724501,0.21009374044071816,-0.2224853103967181,-0.0015276521063686543,0.06422137260239054,0.19021104102116995,-0.07345046580232098,0.1295241591575671,-0.17852298174842554,-0.24664131892551985,-0.1433914471617053,0.4225515684261075,0.12369327378011223,0.29988710326929385,0.10600081001396894,0.10336816197762141,0.04241931904154435,0.04218011926610179,-0.08749594885819967,0.3506473406780025,0.04586986493540009,0.0098149338116105,-0.017416582214486546,0.02060151306868349,-0.07955546666116173,-0.08407843109112367,-0.20768685751783145,-0.12046165870098248,-0.20674649690952168,-0.2699013769178829,-0.2811326019861976,0.022617128531987916,-0.18380470655997536,-0.01599799811643436,0.02475818905984977,0.11374350056989592,-0.012489940980798022,0.046927422492596155,0.02615275840084108,-0.1319796845447204,-0.053053056559454394,0.17207499668405235,0.09265372397670442,-0.08380229809933736,0.1960532828877582,-0.13999636550854422,0.2828800016477241,-0.18608608012201572,0.1382781856042159,-0.03706709519678209,-0.04883493832278523,-0.16650916362834683,-0.15391639566333132,0.16148212963905342,0.09231707839421938,-0.15824231515104026,0.1279230970719826,-0.09711106002550303,-0.11908993773842955,0.193264155959627,-0.11461993616967327,0.0633366391303177,-0.081627171203484,-0.12399998162153908,-0.19816289827224923,-0.11117511022797825,-0.18186473480002843,-0.14715634688888532,0.09320904840854427
-0.3686694749501277,-0.2625519843233808,-0.1230510258880929,1.0,0.22022173703613843,-0.13401971890882936,-0.32078138197129596,-0.24264454268450245,0.05274489322076176,-0.164615537396066,-0.3483458617057568,-0.3770711256838172,-0.4445876695506301,-0.5015236319819614,-0.03055437563878991,0.05546581852509316,-0.152877973333173,-0.09511750745643177,-0.3871214371379888,-0.11498712559158952,-0.07155889905530524,-0.22756198630351007,0.7236473141267672,0.8286288377162704,0.5760454394906981,0.6209460824778513,0.5748796699788704,0.5611770359070993,-0.6278636438192992,-0.39629440505847946,0.3261499925253694,0.33908036336453373,-0.3552779455424855,-0.15796291529996886,0.37483690447029505,0.13083821197737358,-0.005341734061100157,0.08916677151916819,0.3347341912536018,0.3062306077289436,-0.07397469040706345,-0.12918658854256346,0.058395661187289706,0.04694310464878564,-0.2314159047780081,-0.050878062498518895,-0.14609339448329184,-0.14335430080701414,-0.03170288477893761,-0.2085012286895333,0.5771960536441583,0.4065394731316289,-0.10335708321105316,0.18858202648848965,0.2277716944984234,-0.026856165494298,-0.16686570212598295,-0.0946290334324487,-0.2752545201129473,-0.3754722520873647,-0.5183641295800646,-0.4613761760950014,-0.3343548497268972,-0.4822118178204101,0.4533947621141785,0.294133465313478,-0.34560647686362495,0.31627263374892556,-0.2538772047838326,0.04448739229278228,-0.2012923981899034,-0.03783609113410263,-0.532580287234194,-0.1468904695398682,-0.11001996993329373,0.08272909996491153,0.13107540215678143,0.15620859140200485,-0.1361183818883801,0.25652589565158723,-0.15838832745235615,-0.23121345802536675,-0.33802268152218373,-0.33265755337194586,0.18717116665386727,0.34868764548466813,0.3298769937655501,0.5331761832934625,0.3688392012165829,0.2564695934103101,-0.12137567260220501,-0.20802944229217188,0.38424853084955213,0.024558766641200373,0.13424691934626942,0.028826805324042824,0.2617443009724255,-0.06114746928150067,-0.03169005318786036,-0.1999800633564045,-0.029288247529697827,-0.5663584719624218,-0.26137895653140436,-0.4619279715763576,-0.05399821970886178,0.22862759045777367,0.03581605885997441,-0.10582662804720791,-0.27301969438636525,-0.10163182298886414,0.26161825762335994,0.14459494261378233,-0.14534137716760326,0.12946975827153032,-0.07272165210699559,-0.3287584101145514
-0.07890452641572754,-0.3279352086384106,0.09679520762924654,0.22022173703613843,1.0,0.23152113827542692,-0.007498410607876335,-0.1419197550778176,0.06031262992336945,-0.28964966969771805,-0.2211407572163802,-0.20363042985148586,0.09496827344023359,-0.14395008949094606,0.13977778767365504,-0.13421207233608562,-0.0362147870385899,-0.26520266307789353,-0.2548435168349873,-0.13244506944743695,-0.2720721151650443,-0.22247841638816318,0.4057119505086558,0.4271738524518165,0.4587294090002861,0.2909470068387997,0.5162481348814031,0.41768512772259647,-0.44300003243220626,-0.4759704220809788,-0.1764382354278156,-0.2029945933336282,-0.18389035536072154,-0.154571180206587,0.37717155030136784,0.05890627133896556,0.06655954908338299,0.09405822351017586,0.42483106724652886,0.33784723548475415,0.005492596644040308,-0.3328444171769769,-0.23960981317180566,-0.23983927336313746,-0.4993460449261721,-0.3698794145100307,-0.3476643766162365,-0.2849210790560419,-0.09807478160596075,-0.524855443018287,0.4672114518696672,0.1038511185184914,0.12890138347846156,-0.08143052437579923,0.35204166806895054,-0.32282029474969187,-0.16832656474168026,-0.0941782586873595,0.26458579494608375,-0.15435848849041187,0.08625286650756044,-0.16937186900888784,-0.1284814706189637,-0.24125147351612863,0.34613671929128326,0.1905110907603426,0.06452558389748643,0.3934163792535634,0.04016048933237279,0.10690982847405868,0.13736261351272583,0.014551698387047386,-0.19822556269452513,-0.23424742562744869,-0.24637685212461818,0.04463785879957102,0.11002302060839789,0.2652065438705934,-0.09486217397524968,0.1244169893914189,-0.1307784670195765,-0.04527695438119458,-0.22299654180887774,-0.338761524289977,0.2289860629482878,0.3868006593538041,0.20039890089328602,0.09786652654587967,0.4566452226762709,0.18795403065773808,-0.188763824612587,-0.1543874668402809,0.054435015715052326,0.3325433270453885,0.1188261772688701,-0.034989768897278464,0.09232722505601688,-0.1999901712056051,-0.48335967393810475,-0.4769093405546066,-0.055955405186979286,-0.15102685116879647,-0.046072292159467905,0.240082136043854,0.18792519461258728,0.49782866886628474,0.06652948528887032,-0.031937569572804435,-0.12724324136199985,0.16397322118956342,0.18579596140988308,-0.10752552097093733,-0.29963487864519317,0.12427043931249825,-0.11390655484679238,-0.21750499559573744
-0.043055421588921235,0.024511459590863757,-0.17443763263669973,-0.13401971890882936,0.23152113827542692,1.0,-0.06096110307813909,0.15286517964330323,0.18775449118499818,0.27128513121603853,-0.11106420988633418,0.16121352510322412,0.03512904413689056,0.1645091243896929,0.1652863139350409,0.11539359685286547,0.05586142515758071,0.1496365258081536,-0.023382965463875808,0.22233057299144726,-0.2697911401889998,-0.18947738732772937,-0.12341707300671885,-0.10017688783632023,-0.2401732625510295,-0.19712338036593297,-0.1920638266748824,-0.2042125713354048,-0.015464671071468367,0.23130334476249043,-0.2919229948622587,-0.18851382107149717,0.07764660343728856,-0.07356728444714526,-0.1192863174060781,-0.118999147028629,0.1015822083566527,0.17358904757721022,-0.007827271277037091,-0.057783923237497085,-0.026649776402889524,0.027569677172558277,-0.18722957514064562,-0.11289677940908668,-0.18467502871145963,-0.18277405232227692,-0.2705895640252551,-0.055682705084507296,-0.0466598918623763,0.02126492467387642,0.10239191456051851,0.08332423388788834,0.3351539352281716,0.25576376889834535,0.11920165632912585,-0.05335302894707435,-0.022492655268184805,0.10637794550586449,-0.0009092342314924735,0.1086973093169137,0.05791982765160131,0.08490786073428919,-0.12668528352130562,0.10791296290051522,0.11122554456844656,0.1482903539727928,-0.1537093542810369,-0.15435529989970073,0.11675423143079894,0.12267367705899035,0.05864695689673611,-0.14583221064614701,-0.020188640841603288,0.02302255794069535,-0.12478336597429975,0.0977355238982897,0.020835766472088284,0.2232364357473812,-0.05265955835568154,0.0638278959838116,0.00196187913532203,0.05027860166509698,-0.10517143835657553,0.12745494971762245,-0.11055408414132005,-0.11412492984951172,-0.20150205210302014,-0.10223116379412012,-0.05230494645194858,0.04446927002163657,0.16060211280763326,0.06451694996319492,0.19189419885763007,0.12232654643471326,0.005535846883564355,-0.19624245953406322,-0.2220342972875893,-0.07097329659988204,-0.15456911919287533,0.012518721010117464,0.24501228477840367,0.08304312086978095,0.1299237248579383,0.1496591577096156,-0.04477685643144768,0.0930426167953404,-0.335353791667183,-0.04617763785908624,-0.09810338938920687,0.20597445472149378,-0.1873273452840602,-0.12025924180115045,0.13058786511082227,-0.0668286221583132,-0.0675662136036004,-0.023716524589360317
-0.1323223564136657,-0.39504859621817345,0.5107133803434772,-0.32078138197129596,-0.007498410607876335,-0.06096110307813909,1.0,0.40934927829349427,0.3862964895261953,0.05521305899507549,-0.008379312207288636,-0.1626509061339378,0.3637717326144179,0.12476181081424231,-0.00819561663587457,-0.04126501021147055,0.010462283204007156,-0.08091571116291572,0.024897188225383803,-0.21379724619860768,0.278257920336389,0.15806777881872747,-0.151127575474002,-0.21211260534185752,-0.13249257673422818,-0.17084187820013755,-0.13270873189778976,-0.11330098389077693,0.25918804137083507,0.07203665697090583,0.014846407298960291,0.16092281621293247,-0.07634932512203707,-0.022114934078764473,-0.01987991123148616,0.12026470097137075,-0.0230716172929875,-0.021043217865276045,-0.2632807460357087,-0.06610913467934183,0.04865435286739493,0.1559460357073285,-0.2995688503238217,-0.2984606471922141,0.0399843305251303,-0.020359180137006397,-0.2003134328696624,-0.2941248885183755,-0.04284379500212923,-0.11746316866003713,-0.3337826701457443,-0.31440912637135354,0.12277129925312057,-0.2839672376816028,-0.08823352381930906,-0.2810495298240324,-0.3670227402386996,-0.4369026406344627,0.281819098278683,0.2723954883326133,0.4069403334952453,0.34107153499689385,0.30504712399873807,0.3661891163971798,0.07208794229364698,-0.16203290685692975,0.3833792317064635,0.12973276373883627,-0.21787280073886775,-0.1648694478102809,0.07978975660121314,0.15507519659957208,0.13473993658072675,0.014521657097869425,-0.2552857765964535,-0.10229425701695097,-0.1576148556036146,-0.185948888666985,-0.009638933510271083,-0.13402073691979116,0.16486803948191153,0.18364493729173026,0.24594215623327725,0.2240914949105752,-0.07472332332589428,-0.09093851874351874,-0.2648555196856329,-0.25845578526061613,-0.00025500404793916823,-0.019529332839729345,-0.04357140860450478,0.042391346975795684,-0.06537106946619302,0.056508264315104195,-0.3002821591225467,0.11210711018898877,-0.2802995034895469,-0.021770125575524775,-0.26859517631732405,-0.12369610845387287,0.06669409519363864,0.22850953815785083,0.11666297778084186,0.2204179928174826,0.028754122488667655,-0.25129600881127545,0.19940627557379584,0.025352027493937387,0.200726531511693,0.18165716517640465,-0.11441646652952947,-0.3450811752671924,0.02035096661352065,-0.16387809664963524,0.027924641364743485,0.2898713778742926
-0.29173868435238487,-0.17890176496124582,-0.002294975634417126,-0.24264454268450245,-0.1419197550778176,0.15286517964330323,0.40934927829349427,1.0,0.24635643376834251,0.6343921552520086,-0.09802069678716586,0.45028864480453823,0.40353487955518,0.599217857018083,0.36661411248807496,0.46665127465287504,-0.166198494224819,-0.09556498468745207,-0.21379023671704767,-0.08258186941530665,0.2832925630132937,0.26655276937600253,-0.4550678388083646,-0.18346456250226909,-0.40650617173150566,-0.28820870904290335,-0.38923433619221465,-0.3050177453933744,0.20759064846597433,0.34398690768723417,-0.2114395417129275,0.11771880426394848,-0.11631684534491163,0.22952703497059676,-0.15860427487834092,0.31396250978563034,-0.250365323509688,-0.27356608624864037,-0.3473259492870732,-0.2584382083692489,-0.03226867587049541,0.08929539471594468,-0.34740722105172467,-0.3515904130263177,-0.03521799472468402,-0.03051260519208765,-0.23637438669865,-0.26087923245019057,-0.10037489703007128,0.05890772885792783,-0.33797320943860204,-0.004409865578732469,0.1543658861430553,0.06764439509368303,0.034999566247710764,-0.22096125241035003,-0.28993323379998054,-0.30228908690371836,0.21685199938822378,0.42079865601846356,0.3948047614264327,0.7084829538381229,0.04059086041793513,0.34672448629358515,0.0754924250673482,0.31878812134129975,-0.005774489069572801,-0.11677548766667205,-0.3955096277304126,-0.387077451111718,-0.052817428469966905,0.022303535647282716,0.0023491692994556147,-0.17954967127379348,-0.32137159789926784,-0.0003312349115338225,-0.22200177842731705,-0.16958122790290603,-0.22349726460106908,-0.34715003530066196,-0.027372619848777598,-0.06527330865953652,0.20200621296972554,0.4600407533562038,-0.24095999117442182,-0.24016097661593588,-0.36034633998934695,-0.21489270483526682,-0.25351157710105593,-0.025727001569229104,0.4616637401016844,0.13702186753464754,0.4618615823383932,0.03825413427562354,-0.27511727304161293,-0.021471829156212454,-0.40878664424737166,0.057589584212039135,-0.025885305677700286,0.08007135288083568,0.34443476232647213,0.25189446530221615,0.1874889503054824,-0.013717281897830605,-0.17881154407223274,-0.3862533394333505,-0.17052278419992983,0.1493798742398985,0.14806174634067729,-0.05146112003025057,-0.35978220346134837,-0.2646069930393004,-0.08104138325562486,-0.29769112749962007,0.12089508202483329,0.02603950715768917
-0.15234552014579714,-0.28709817622552364,0.31454785654316814,0.05274489322076176,0.06031262992336945,0.18775449118499818,0.3862964895261953,0.24635643376834251,1.0,0.01438845519607566,-0.06544097657547222,-0.10775143048432041,0.30427256635881406,0.11523127257306459,0.18771187512848547,0.1277799001461562,-0.23831264328488833,-0.010452049341213273,-0.3089411859694444,-0.24175309290845334,0.02653372183968721,-0.13843438701933175,0.1769455139676829,0.10785152809787825,0.21891182442986878,0.015866959086416655,0.1025514361303059,0.015900391882076245,-0.09559693773498025,-0.10260243201616354,-0.07972095744591899,0.10526910587617075,-0.21887842742766658,-0.17892789631667116,0.23128276098234143,0.30311464158820933,0.004154744164908811,-0.02780171583888949,0.0974389849185189,0.11488707072872432,0.09805260850951399,-0.025453852672745688,-0.271887554219121,-0.24402567315220464,-0.21399070982971347,-0.13210527475334313,-0.32846366255879195,-0.24472850443830269,0.035358861292882,-0.1556680914413415,0.09774732805942038,-0.043503572479274,0.004924753104304736,-0.1887773287786871,0.08905794835730779,-0.2071215588496928,-0.3275363779591008,-0.15721451817806034,0.2677429880671003,0.12557335716948473,0.19148998297799907,0.34938332655427684,-0.24824724371462997,-0.11225085518866666,0.29277411024341965,0.3577856426411002,-0.004375477644824247,0.0952247736069084,-0.1820815421342452,-0.06718638254445496,0.05156768544258352,0.12661790762142558,-0.22863418791196266,-0.09106874366276944,-0.10479894252297811,-0.02534251062815134,-0.10740655244214231,-0.013341053073389049,-0.24418721606545618,-0.1170378209482934,-0.08420222113568736,-0.06393879729424368,-0.02081567432805209,0.009739023010708836,0.11860348203060316,-0.04865717737779045,-0.12185643708934978,-0.1416190502432737,0.10770332755362487,0.050401984294190696,-0.03159974110291114,-0.0005347496488105404,0.0661589586484719,0.2530281365541169,-0.2111981338029889,-0.07687989982831026,-0.16825513158526326,-0.29388323196297933,-0.2244708201168101,-0.04355645067848305,-0.05402794795041574,0.05047892299370573,-0.15279448492336156,-0.07940800041060994,-0.05475109343985647,-0.14475403602406428,-0.003885589953409394,0.023376075059094874,0.03823641206558742,0.07775178554375964,-0.14597815195668137,-0.09051395610217652,-0.026233043622266517,-0.24260225391093476,-0.03235792460975073,0.015608608312891216
-0.2888124735704498,-0.07563860519982452,-0.34150408507067953,-0.164615537396066,-0.28964966969771805,0.27128513121603853,0.05521305899507549,0.6343921552520086,0.01438845519607566,1.0,0.009748276899083775,0.3990529353303144,0.11537290063540924,0.39895340929162315,0.3422877286170474,0.5350536784998927,-0.11150473235639954,-0.056881721039826125,-0.04060674951596513,0.007495498733603544,0.0890197469552363,0.13261064387698526,-0.4715399923554072,-0.18875807090905333,-0.6319635657669448,-0.40558838784957285,-0.5656173071918317,-0.5034129154322945,0.3042228118910431,0.4021756160906878,0.05509952599914117,0.22600398670531022,-0.09010277497905834,0.2565861021761748,-0.3570827677787556,0.07832432362636713,0.015432095150511516,-0.06325260208896559,-0.2820212988753952,-0.3340989767100532,0.12964019476175684,0.25012425659180665,-0.09296258046465042,-0.13486631770323823,0.13097566161065324,0.06383906142785549,-0.03716109314087524,0.011429568567514925,-0.12095347671048455,0.2612680466294939,-0.29632389197634085,-0.03264526046707023,0.08640800316611381,0.22344920277355784,-0.04164322945203467,-0.07643973977631151,-0.14079750697850577,-0.09609527599845856,-0.09442703111049973,0.37705104016381863,0.10758635602475333,0.5280289082998162,-0.055236442062702514,0.14770941530363568,0.05224150544753548,0.25786236864295947,-0.13370709223956634,-0.271862039909743,-0.23517923484673425,-0.22098401876956508,-0.010390080282092672,0.06942434258626098,0.1118347937830755,0.11896739086976918,-0.015157616548478609,0.149704548244081,0.0014979095481706874,-0.007673885882099638,-0.11951123358230117,-0.21781584657097156,-0.12191590901421442,-0.17533795088886459,0.10104274830981427,0.3775952451882574,-0.34750138658027035,-0.35172848878227725,-0.17750620828465877,-0.293489951333322,-0.4490584256560021,-0.14025545861111824,0.479555932903837,0.26243009308083926,0.4058391156136261,0.07509866982129439,-0.18918996813000993,-0.10451033030817239,-0.2899773542718457,0.009264225192376694,0.12276008884470672,0.24702689369754496,0.2403148782721463,0.16705333418708151,0.2735237515511449,0.008538819681101586,-0.023107869964695563,-0.2853382745039461,-0.30763595513631836,0.15674090498009566,-0.04017724415023513,-0.22955204792509554,-0.2954647968834133,-0.041799978369182055,0.132069311960993,-0.14853716059984887,-0.05626243013349863,-0.1773455571441125
0.5504175223735049,0.3049199306253751,0.14294856158165703,-0.3483458617057568,-0.2211407572163802,-0.11106420988633418,-0.008379312207288636,-0.09802069678716586,-0.06544097657547222,0.009748276899083775,1.0,0.38500141093854207,0.2992028685023036,0.2639534475194567,0.38288673217803704,0.2904821148709555,0.008410681436950045,-0.1718107304859788,0.5605720115683707,0.26347973465673924,0.11951180401588583,-0.04083650850014649,-0.18752366155084077,-0.31165367825018137,-0.30725565388228376,-0.5462165600435365,-0.37125304706477535,-0.45708356044161125,0.5200504662748364,0.06959640387253126,-0.0723684968778945,-0.25785673731015496,-0.013024814128800168,-0.09455704431602774,-0.24152848422078177,-0.2435269041750986,-0.11769507055425309,-0.17643177077825045,-0.18801288217659737,-0.3304302728210704,-0.08692063342554168,-0.054214511638047615,-0.15282730190009639,-0.2872183644716226,-0.0010955764865505928,-0.21859874748838332,-0.05972058946393829,-0.14737393872807994,0.00597606645671858,-0.07599218715004558,-0.2566189530713277,-0.21657379714415156,0.051696397904702755,-0.06895347410389532,-0.22818490991398058,-0.16698532980903844,0.06849678041235199,0.025096889547222556,0.16778452619985335,-0.1637632386963083,0.2525871614951494,0.13761152523424294,0.16873347707849712,0.04416111308916245,-0.034577908098548285,-0.03634162247637761,-0.007623054337644802,-0.4008460298781627,0.1271969071838941,0.1872402926068662,0.1543151565887676,0.10382083380361093,0.2944344650977143,0.09203044609683957,0.2645374197393846,0.09323596219856721,0.07834585411884747,-0.027418854124566436,0.039622386259509174,-0.27383754793380766,-0.026858771910452932,-0.09020441545534144,0.429227037276396,0.27914615544669885,0.3126038979846131,0.039679285248772185,-0.02949291737285763,-0.24503604302372722,-0.05000237017486716,-0.08799616422020096,-0.03246827409723258,0.5291726241456417,-0.1920627054066478,0.12054551479232044,0.02214444552723002,0.15663413013521582,-0.20129482226620446,0.135536858221111,-0.002220161233963158,-0.0003726598361813963,-0.00839394735914684,0.31954516045610115,-0.10588620434560285,0.1525615772687053,-0.20945161726468647,-0.15081577076455133,0.0057077260336040525,-0.03361324860358596,0.26818225320629785,0.12162000792176775,-0.3493835914526218,-0.08336588163354505,-0.05565566427008185,0.14994264367692403,0.16100168211876112,0.0792055512202833
0.2165883592821024,0.3026546448613103,-0.2715511765412807,-0.3770711256838172,-0.20363042985148586,0.16121352510322412,-0.1626509061339378,0.45028864480453823,-0.10775143048432041,0.3990529353303144,0.38500141093854207,1.0,0.36856586848215095,0.6588527823227901,0.5263852522727117,0.5704133239604188,-0.26793491596984714,0.019712477399969546,0.04872748559777943,0.04249537117066932,0.09764819860493472,0.2546595258563886,-0.4800308325647173,-0.3242558897549637,-0.4871762089526438,-0.47445989726408144,-0.5378231779185476,-0.5544803087153009,0.3591690605837711,0.3817422263151152,-0.2898182904428389,-0.22075201611695644,-0.0486225172925672,0.08779994883884934,-0.29505333181663496,-0.052969140300860924,-0.09353060881871636,-0.09976306013430092,-0.25634574365023227,-0.28008204106936646,-0.06705172284455402,0.08402335470143903,-0.28850813637993306,-0.2788411192242636,-0.20445605910610035,-0.17706667325678452,-0.14140124374580293,-0.20732652698318949,-0.20004132418653967,-0.06547116940766597,-0.35353601603138884,-0.057863352014940694,0.20994819317104305,0.1779327277200941,-0.06409507439283046,-0.10730488441993016,0.03894039451638137,-0.12279706499524336,0.19642373112494477,0.10139968620035941,0.35037217693035905,0.53494821904096,-0.06911463077506426,0.2226237174032125,0.03652909532235489,0.3748949774964925,-0.2251645624714221,-0.41028506045318935,-0.11241727986203233,-0.19471622475103384,-0.004417284010702436,0.00463745122018938,0.08891974699563285,0.15211875692463855,0.16076429103878725,0.14072052415590394,0.08902863653627857,0.09708290496142896,-0.19780080400243408,-0.3526601242500129,0.015694319325371166,0.03364337277942854,0.1797104123063637,0.3427630376561463,0.10564638519417913,-0.11543037038368602,-0.17379546784046865,-0.17738632724362186,-0.1622750187662633,0.03505079721646021,0.2774065326919301,0.31411723848313783,0.20028396407811236,0.08290309341286868,-0.13589923684931143,-0.007831555565590873,-0.2685600878965012,0.19689818463506167,0.05481900281980112,0.05290489189094313,0.15742600014074154,0.3013076958535505,0.007872883307570312,0.0068689870680652965,-0.0873807907859934,-0.33677441681465853,-0.15986916937384746,0.1724087203256532,0.2739793567908144,0.03919432245805136,-0.37870291132884887,-0.15944453489215143,-0.13327132882786388,0.010313043099981194,0.24645505583278882,0.15954748613219297
0.1162618900610112,-0.2388521464036772,0.23169359096355452,-0.4445876695506301,0.09496827344023359,0.03512904413689056,0.3637717326144179,0.40353487955518,0.30427256635881406,0.11537290063540924,0.2992028685023036,0.36856586848215095,1.0,0.5462739891501837,0.4502645285703631,0.31864559257804653,0.027662449431327243,-0.1534734989431288,-0.10644145833029177,-0.30526128037657474,0.30058213023901115,0.15330086853959315,-0.36355195142823166,-0.35702503138041514,-0.19253041974646665,-0.3463097853271326,-0.24978875652670826,-0.2827743575991745,0.34459836428914575,-0.00560548799140667,-0.5219283915584215,-0.36831243447978557,-0.08474691550312473,-0.06463169081042394,0.022334556496070267,0.24322587251621036,-0.018536867684882406,-0.040317770569728045,0.012065803754845993,-0.058719758359463595,0.14827261941091027,0.0792916630352484,-0.2302117767247048,-0.3126832977951912,-0.13476903106181073,-0.18648967555031315,-0.12937870945897847,-0.23171969299135625,0.024668406019859212,-0.18099771324088482,-0.3172975160990898,-0.3662545641365659,0.2953547169933105,-0.24784997263645808,0.24469228769467008,-0.2451954304790586,-0.0660405289326173,-0.24856325171006605,0.7403235178935151,0.10216931947424153,0.8063991929091021,0.44230125681676563,0.14295361679218793,0.02907947210243294,-0.06565315237817342,0.22909200138163738,0.2094179093999094,-0.13820701841832614,-0.07089158371583641,-0.15281335294147602,0.04785945893671963,-0.026412501065217548,0.10878623404736038,-0.15824650883440255,-0.10827178910160394,-0.14916970380051495,-0.14184803682093203,-0.2129310610254465,0.0011182068182000572,-0.1920709611030888,0.038205546703377426,0.07609772098245195,0.09599955370585578,0.15490884695949517,-0.0329099530920492,-0.16766042059928926,-0.17593499645909458,-0.3671852664836439,-0.15895661480301432,-0.1397018946130142,0.007322230405491953,0.32255496266360534,-0.018241894816594627,0.39525598723287675,-0.1815987489934261,0.028080162133406368,-0.08643144486636442,-0.05046436652958402,-0.20477782759760652,0.000954824719722452,0.12031819367258728,0.48259712516146985,-0.04357976778377804,0.05048670554902175,-0.1562358427833994,-0.31613085695285587,0.08512989304791886,0.07608336572027911,0.3022954930062263,-0.038728878990838926,-0.31497526394674036,-0.39041361970677085,-0.26701925272820565,-0.31364496998777747,0.03738941626523796,0.1585556876843218
0.09251348695922296,0.10782506971347083,-0.0830996302447537,-0.5015236319819614,-0.14395008949094606,0.1645091243896929,0.12476181081424231,0.599217857018083,0.11523127257306459,0.39895340929162315,0.2639534475194567,0.6588527823227901,0.5462739891501837,1.0,0.49900241470162815,0.46128113653688396,-0.0921353302502692,0.18057102554615723,0.15044444906956514,0.0869210250234464,0.1943566122424287,0.21413248685607236,-0.5751574044040878,-0.47101016894589653,-0.5001844766305495,-0.5532433731781708,-0.5354448166795358,-0.5619513590314545,0.5086946195432822,0.4327989294302942,-0.4018351724599034,-0.27074852404724997,0.10165311234361415,0.23782725822239265,-0.3561337941215178,0.002034809825581061,-0.03183322037676406,-0.15857401620123682,-0.2195762598479953,-0.16996637306567008,0.05504144734658026,0.15376175864735792,-0.3462190311852454,-0.339781980347558,-0.10925721687974664,-0.2579343373724528,-0.14675534217769975,-0.1499211973565237,-0.15292046769998632,-0.11869547166673204,-0.5380741579529548,-0.22981113963710426,0.1541825106993847,-0.05846582881192864,0.03220259380775407,-0.1691688179850489,-0.04085564347805949,-0.09365986912841098,0.3744682186970485,0.2833250880019635,0.6098085855603315,0.7351002851788834,0.1156410755089964,0.3531956621403123,-0.04130749806432054,0.20796053289420846,0.037172310931986724,-0.4251834167986393,-0.026441966619273748,-0.1684971375320263,-0.1368740619590457,-0.11881671163155638,0.279305970076967,-0.018304076173800025,0.04323475244169646,0.009254535542427778,-0.017995826659840123,-0.1001584429589789,-0.1214488852444321,-0.30536917180159034,-0.10967519093113456,-0.028868331065621446,0.34868536517868837,0.5805477803981524,-0.13292231711146466,-0.24824223425617056,-0.2542018799963262,-0.33963751922193036,-0.2468305277746849,-0.08788119596678269,0.3269805669315409,0.3445905057224769,0.2798029229464517,0.09972041923382409,-0.2768648569425629,0.044141360784612366,-0.3760598444873279,0.13375400037212448,-0.06023345103185284,0.0995586596401066,0.22531563151424963,0.41892303802592756,0.16623730446285126,0.1520419953253095,-0.14171754232862716,-0.26873400041186307,-0.21323733851394405,0.17955880252183673,0.18601184035530488,0.0526348938836671,-0.5406822974142352,-0.2284100985236003,-0.1558034348342105,-0.21768700237806193,0.21230852642717682,0.274017661004571
-0.026536103998382483,-0.04721143228707362,0.0678452846647895,-0.03055437563878991,0.13977778767365504,0.1652863139350409,-0.00819561663587457,0.36661411248807496,0.18771187512848547,0.3422877286170474,0.38288673217803704,0.5263852522727117,0.4502645285703631,0.49900241470162815,1.0,0.7154328292196092,-0.31936760428418204,-0.18506493914455716,-0.028594931184022353,-0.04352077086033224,0.04578041174244522,0.008086078459026114,-0.08262065630541922,0.03210817012407923,-0.172055068397948,-0.354549091894111,-0.18737896063410023,-0.33044304431341304,0.0749001400955223,0.019678922801528605,-0.1838236913719697,-0.1370347723041876,-0.21559441935090573,-0.08297055672230422,-0.035501513433325256,0.09911647733382765,-0.11990221152240865,-0.1519317220821047,0.03902764958565804,-0.05912709931229244,-0.027969827691990797,-0.0193395527776113,-0.3639904342993892,-0.43923117264605166,-0.38452512984029197,-0.4321728633610253,-0.32317930417670543,-0.37189255988525527,-0.13434736773524036,-0.3221110231623697,-0.0660222585823881,0.1260213075909815,0.2632089481608178,0.07122377483083248,0.26924877747243253,-0.2710654931302551,-0.3390092777597642,-0.19300411843504625,0.4393720326704796,0.012695889121613346,0.39823614334934093,0.3949937773307884,-0.19751739152718795,-0.07585730233015875,0.3978132229724063,0.42674268411782135,-0.1587658911815166,-0.2583979478325659,-0.23322555121965188,-0.1247555829685985,0.04745847073726806,-0.04153330796998784,-0.13012171857978122,-0.12736373260708958,0.06602653816824193,0.20312077768244027,0.06114492190227018,0.0493082294938841,-0.37661007944237923,-0.31372486467952576,-0.36487790260095454,-0.29945025458678354,0.21748963629234486,0.3890434123920092,0.10967640355420608,-0.09500911340551925,-0.029824064497652444,-0.16694931565182872,0.029498687024773665,0.13044570437658837,0.307208200032951,0.4810445820971058,0.27872323018146494,0.47422955473019796,-0.1211684713854878,0.015603923547824044,-0.18419724539179355,0.007547076167519671,-0.13837497926799858,-0.040071536208797234,0.2924754996562153,0.30384557421837655,-0.1001480951175109,-0.06948236449468045,-0.3260237416597347,-0.12578863730492715,-0.1513869519708886,-0.04105548700571994,0.12001534627386487,0.04914200696480537,-0.4047588831404767,-0.2587037385280379,-0.1446195086560847,-0.12902892638512584,0.050366422909362434,-0.07105645966365215
-0.12107058330647515,-0.10098175828264157,-0.12800030754130973,0.05546581852509316,-0.13421207233608562,0.11539359685286547,-0.04126501021147055,0.46665127465287504,0.1277799001461562,0.5350536784998927,0.2904821148709555,0.5704133239604188,0.31864559257804653,0.46128113653688396,0.7154328292196092,1.0,-0.30045700466017267,-0.0972068909532414,-0.038175183569733546,-0.0750245024985275,0.25835191090836424,0.1581364105247962,-0.1972301488955286,0.031994659292843786,-0.33133641370256167,-0.32876760742711675,-0.37667949313920557,-0.3320738789975717,0.22202942664725908,0.22139215650438474,-0.07760541442798194,0.13530738825847785,-0.27096965682895074,0.01859482678302949,-0.22783444439500805,0.10922481848500915,-0.06079590645552691,-0.06159018229049875,-0.1616750501562723,-0.17587787894410248,-0.0987485834048509,0.1295619180843758,-0.285578882607642,-0.35038409391727054,-0.2319174653450032,-0.23865091715516576,-0.24441084565496102,-0.3157850560162927,-0.13901138085825887,-0.10010680655511826,-0.2110681247645865,0.07187851703704,0.15661014372293125,0.1779761430544092,0.1024398679186258,-0.22569401630260882,-0.27795867260906476,-0.266700332819032,0.1555784868557876,0.08947644585323022,0.2595419207438268,0.4650670206543653,-0.19010667919892446,-0.061555383675215354,0.2190626446398707,0.39562166532847415,-0.25636929851160484,-0.3098024820931647,-0.23691981191595002,-0.20440983416489558,-0.0727500737479596,0.1346642546210094,-0.06816587153182077,0.018631612732959477,0.11367123912287726,0.19645530976360148,0.07597388890886247,0.028552311622636748,-0.21098573899728873,-0.23779593421605455,-0.2144353559616897,-0.28150723054660187,0.1384119640595416,0.351048555730761,-0.01311333186627128,-0.15101214429449417,-0.07573903795607059,-0.19926137263936664,-0.08377081845835296,0.042156927560498804,0.3841416550603506,0.43991311998128946,0.4509919896841818,0.2141459030524335,-0.0680934668568934,0.13199742435782788,-0.22641284874892745,0.1925279205499621,0.011151872567876609,0.04062522800778158,0.18870034987600326,0.22806165808186918,-0.1024253131403394,-0.12516169379899625,-0.23322265360030578,-0.269607044104358,-0.14106467068053102,0.10353517951506286,0.08335688003651,0.019131969723593507,-0.43878278454280606,-0.25444114423661357,-0.17221246068941168,-0.09243354457925244,0.15185018275945075,-0.04629211430199935
0.22258704151878916,0.19847394416460365,-0.06600023016336169,-0.152877973333173,-0.0362147870385899,0.05586142515758071,0.010462283204007156,-0.166198494224819,-0.23831264328488833,-0.11150473235639954,0.008410681436950045,-0.26793491596984714,0.027662449431327243,-0.0921353302502692,-0.31936760428418204,-0.30045700466017267,1.0,0.17433170182461594,0.15666423793480194,0.23491954574823556,-0.15952662057303105,0.043667070633347634,-0.24245191195819363,-0.2315874964752677,-0.018670801452790934,-0.029083327471613296,-0.013558712932063429,0.007155345620074769,0.11455755874453372,0.02404051548014628,-0.17851494029377504,-0.26023919725512884,0.17639792670315033,-0.030026248798169966,-0.12894175992565626,-0.08218137820148126,0.12472423928814151,0.13069878331753762,0.08521884164163583,0.18834932966702017,-0.13133098517407576,0.13634295005246758,0.10493687871529359,0.13724411201600606,0.22920604747758708,-0.011600880675600144,0.2524913765424447,0.2840099251500637,0.051767849020396675,0.10200853044896291,-0.08328334909672437,-0.37181571678955055,-0.006688212097465664,-0.09640794196733637,-0.04232774602174589,0.0924044341469653,0.5063348335526694,0.36117135888317076,-0.1872586067721032,-0.14398391423423335,0.08622892844614165,-0.2591986979282222,0.376850591070332,0.1503363327647151,-0.3676924366185607,-0.43481557721341946,0.07806133172003017,-0.11321253909465305,0.43304321645652005,0.28019115320994703,-0.08966362333388027,-0.20559548466956792,0.28324372610899695,-0.06628067724772058,-0.1976150647589957,-0.2198560416647666,-0.245070649643097,-0.277507913426715,0.4757745810254682,0.42825349694653125,0.36561618662356754,0.3516276274162988,-0.06697481943526554,-0.040906852863580846,-0.06679706915203794,-0.04792128238352666,-0.08664014900056324,-0.10369658579945458,-0.16200447544668514,-0.18544165157093198,-0.36213020320462835,-0.12286667971412961,-0.17747927079041065,-0.11835486307918942,0.29624180101715164,0.14475984377143358,0.1592109898338259,0.10557426973619934,-0.15167872569982346,0.10881509510631951,-0.15178469510686451,0.19036431351947336,0.24523893095937616,0.13508884038113197,0.0380369025247168,0.05130115905747566,-0.02936962953712899,0.19758352359097145,-0.02337899786676966,-0.08413288096692002,0.09205762307274329,0.02776403329643659,0.30780637544980977,0.06121971578798522,-0.060570390546220106,-0.03138785784500527
