1.0,0.48980039051247326,0.005883890799992605,-0.14088225594711834,-0.14312910682839983,-0.0969198364255174,-0.28624099639176986,-0.2780591016386055,-0.09736198699287302,-0.21820455189513444,0.18482186623317898,0.15082244851035317,0.012857433782571174,-0.0455055526498252,0.17913263681029726,0.036559096917975056,0.12465593121547189,0.5091299108287185,0.12490329840275005,-0.03187039926597083,-0.344425318163573,-0.2592793616164862,-0.10295662972865119,-0.3835652090888185,-0.1732595654013963,-0.583427552580936,0.08981926761364058,-0.16979009573694118,0.12023320389203622,-0.031086820855977984,-0.48738542326901796,-0.6104863474850175,0.08538173212875193,-0.060377668480154675,-0.4608370667975578,-0.5001869138660553,0.0642015488792086,-0.1471058890127439,-0.06926627785982924,-0.11457794884876066,0.06592325968487714,-0.10752205288557215,-0.1278794346132736,-0.07965894925086545,-0.3069528650898266,-0.3450038758780042,0.001375830429837603,-0.14448900227936975,0.04266997625994809,-0.019631510041702008,0.10219309288651521,0.24757186364783565,0.37357859281330213,0.2276975981704834,0.4241257014691147,0.3046180325044039,0.511539925444277,0.33216378420955295,0.26739808087951195,0.2958874265537321,0.21603881182937015,0.08087566886196848,0.19341954267014852,0.28706666818275894,-0.3810841870727533,-0.3180637102286872,-0.005487196844904599,-0.4360955102291811,0.3405035945746668,0.0168841948965175,-0.3786508000980018,-0.2822145844896935,0.3067495436939323,0.021358274324940224,0.046325833750634295,-0.24385136477028296,0.203120446668948,0.1368829303903299,0.23642058361730983,0.3345070369968251,0.3811941272620986,0.5136523536281503,-0.07654308067547456,-0.1534858595021582,-0.13608676501619704,-0.08122080707829828,-0.11133011444398525,-0.28472971084158016,-0.2106714008283615,0.07384414893223785,0.13155654775640388,0.15931170269711634,-0.13550785858970965,0.24830695384543444,0.1297534393035941,0.20747390959033907,0.034795881604326714,0.08634024230441172,0.2618887105478396,0.3876160115665989,-0.1404039153543367,-0.045119521314076115,-0.10437211692799081,0.16185210668739505,0.1275153894105382,0.12109947553651532,0.03994430662239098,0.023726571672764138,-0.14720292446932498,0.10326060980326753,-0.1982331416501413,0.18179537992335987,0.12755870758166762,0.18300120596487052,0.05812154756396299,0.05990046785571934
0.48980039051247326,1.0,-0.14768212854204157,0.04087711391257688,-0.13530891778127097,0.08098530487921242,-0.18608180028254942,-0.32699469919034596,-0.08110843052042922,-0.18174728240854335,0.28224105466960314,0.29893401975158657,0.007171220981578131,-0.034420748391762006,0.3167062490398325,0.11574063565133327,0.12384667802820155,0.3097883697918158,0.1641449331880649,0.01589400774270593,-0.14637988076848463,-0.07387852299924898,-0.020026752995819415,-0.05272029344954119,-0.18075746519806218,-0.24761862694686734,0.182578198408404,0.10541054826451902,-0.018866264419886,0.08696605344474324,-0.22598674072607164,-0.33259352660874897,-0.05700323104492259,-0.1016836456853254,-0.5129302509409159,-0.5739903613277666,0.17684999044401778,-0.0748779391455859,-0.14784749905918532,-0.21052202156582142,-0.04590494147389327,-0.026096238926145845,-0.14630442536018773,0.045024295455457324,-0.10302695092120931,-0.1943223999699644,0.25178452675616203,-0.16371056505603343,0.4185637951177782,0.24368241199329188,0.2182305656970189,0.5033329696940633,0.4346023720323317,0.49682529011304966,0.31109979129475573,0.2938721195771724,0.2601054169918345,0.3840107503740532,0.18163508871725606,0.2651652418006748,0.013194669471198335,0.00233238467588025,0.014875863770248425,0.08623805450749907,-0.1800364698651098,-0.07263331724309854,-0.45925506828570484,-0.694628202627242,0.2998079482475705,0.11117761254005365,-0.10922380130251244,-0.2762640233927599,0.17890846481510378,0.13658663749886582,-0.007771010964587822,-0.1492359595217486,0.17564123471317888,-0.17565786080759682,0.13416946027384705,0.21538012379632976,0.17691955089813377,0.3542858611846135,0.029290407496282814,0.07364930995713007,-0.045578399081910366,-0.01600709765943317,0.033705389023812656,-0.1824617868506718,-0.1475005546887777,0.21910777844090915,0.19037208318478466,-0.1594112194620443,-0.1117894657523216,-0.15579024400956634,-0.07332493600911896,-0.07352893587850912,-0.21141028693067937,-0.2890294756840889,0.2278969801756192,0.08680997397365336,-0.0594392724521217,-0.10333042194261748,-0.25171885625992046,-0.09908473921829479,-0.061954327918344765,0.34207198529705823,0.03596062790134474,-0.04325599660685714,-0.30405988626494723,0.009964488773720801,-0.470736879145393,-0.0023232861149732136,-0.023954101557867365,0.013133820303195579,0.2043284991148956,-0.08542082983351862
0.005883890799992605,-0.14768212854204157,1.0,0.04229590386047041,0.6428147470291486,0.30702436380760123,0.292980495676759,0.07292059099061489,0.5876022879796178,0.38273089523117554,0.03860765410468967,-0.09471605647887907,-0.012905982835375102,0.01712163039710542,0.364319789927739,0.26584609382806784,-0.3082344245069784,-0.3446761200113915,0.083680782214948,-0.10926364649448518,0.22140849927237247,0.23275772641889209,0.4854442578371743,0.18968292722951807,0.3041201515567233,0.305668685036506,0.24453112650694458,0.243119298494128,-0.3740102108735783,-0.4403297689064958,0.21598468608003513,0.2180031069383715,-0.34027158740381297,0.2346205710226352,0.23537764975466602,0.1831953236972631,-0.31670675331028014,-0.2363554295890224,0.12985290400702512,0.08001501776546098,-0.20980861290034983,-0.2635640192656223,-0.2519462096125376,-0.24810922194176285,-0.3764652572519029,-0.2800837781931007,-0.2981395132737161,-0.247879012648421,-0.5522222194791454,-0.49572854556923485,-0.20918922103088816,-0.36833259497257614,-0.004275972988394224,-0.13373674577180567,-0.1301508183821961,-0.2634734673277318,-0.09962849861326041,-0.05139628352133591,0.3862798412265626,-0.3960366116541462,0.18406054934937172,0.11254203852635856,-0.5120576055856635,-0.5295540591831296,0.5046181907069791,0.2811863732062438,0.18277954069360589,0.17077756812700226,-0.08561028310602779,0.2545303831330808,-0.1074521732815588,-0.05465563025297767,-0.3090030843139137,-0.382719848302831,-0.22884590547719894,-0.10528063521578596,-0.2696786195173517,-0.016315850454598994,-0.41617527615358696,-0.16410519688064973,-0.07223022473784912,-0.21541795574004918,0.1865674730380536,-0.1607674869966759,0.148368037592941,-0.05509420514753565,0.28666817009985407,0.2568434239687736,0.4996446343164558,0.12271820652090859,-0.10141367561501165,0.27957347534116417,0.04599712979345696,0.2801496191741828,0.06597497545806486,-0.07786253004754182,0.09569422049473347,0.016927059388719926,-0.3471836296193502,-0.15009264930740346,-0.08946026540113367,-0.2071746213655639,0.10206634813061516,0.02065513278394723,-0.034510179383214136,-0.1170158066470803,0.020915705809136535,-0.09877308465876726,-0.12860782936609386,-0.2798482757825773,0.09225902400748716,-0.18027279470169988,0.044626114064137044,0.20272179603122678,-0.044554568977684963,-0.1594178935068065
-0.14088225594711834,0.04087711391257688,0.04229590386047041,1.0,-0.012517255565103148,0.3566774229339255,0.21123143339347936,0.1625667013371161,0.0893293998978401,0.15184790460278827,0.005558332848168921,0.17839975889996965,0.018214558190906102,0.16037469696864196,0.2269337125289423,0.3180201474205802,-0.21709383481116742,-0.24108698998852326,-0.24446166733873678,-0.18858155612972952,-0.11769289422019945,0.37480280684115147,0.2832651438483178,0.44796442972587164,0.049544075838906396,0.31918531746272183,0.1557532286318814,0.300492373479231,-0.16240131119547538,-0.20384416068124833,0.09946437360073913,0.23574620816235206,-0.19861524813493167,0.02002533997903594,-0.015227505524108554,0.13172501886704274,-0.23697148973112805,-0.37462416543894955,-0.33619972821085115,-0.21418402947307755,-0.20399691801973546,-0.24288564068811544,-0.04865874904464641,0.019740456540188772,0.0918509104333929,0.1605313804290276,-0.03809326866622931,-0.09156677673957997,0.1992321936201908,0.09018107419916235,-0.17304896807940076,0.05089046126929211,0.026143468319703957,0.1235865400120217,-0.24377303041633247,-0.2342213898691502,-0.05168511748447369,-0.4237180202929364,0.07264722744460898,-0.17087897062730784,-0.00791129409549816,0.11596885507832547,-0.15032707608156287,-0.2671257796322799,0.49363672149432625,0.4664166046944254,-0.21473796726778743,0.028926001738735038,-0.3122717637732297,0.08618536671349024,-0.2672776034018968,-0.2705224308087076,-0.38456015346081535,-0.09589711220287561,0.003782891760056944,-0.11176911329800654,-0.30521836187113766,-0.33553522899749627,-0.19775724160380206,-0.18059990430822642,-0.42212178062756706,-0.44900828975460744,0.14769372115635335,0.27519786071878904,0.2163275142590217,0.35212236241071293,0.253841524284905,0.11473678923878702,0.1374067795296781,0.05916178438649653,0.009758977493927673,-0.27655827948535416,0.2906162694482739,0.015545034370017287,-0.01134988874988706,-0.1807878662888835,-0.38863756513723874,-0.22609190247780467,-0.18975225885180627,-0.1884737491064642,0.07200863004228827,-0.01559878982439435,-0.03344157045839045,-0.10744165004614245,0.09803901597713571,0.3759330102189496,0.23727393092290933,-0.020134493509194485,-0.3018941319166804,0.044147006664552874,-0.2611178168100029,-0.18440274425249348,-0.33828828809338485,0.06421714579404564,0.4321354204768383,-0.10759668548358153
-0.14312910682839983,-0.13530891778127097,0.6428147470291486,-0.012517255565103148,1.0,0.35118473874620487,0.37738788165916815,0.3372336229951609,0.5721965502718566,0.5496178768206995,-0.10613979294147614,0.0096645866130637,0.03760256777099744,0.141882411915067,0.2620362029961981,0.4342615699868688,-0.18433167778617685,-0.35902357892279985,0.0016769918566811699,-0.07606278281710543,0.2545299286848049,0.07049837910007568,0.09925740180385559,0.07087217406077725,0.07147485340071986,0.23280471652800602,0.2391494676016706,0.06085108764288194,-0.23973702765401006,-0.2032625860864033,0.21591924932379633,0.2932010015290386,-0.258944891640257,0.31117750533324734,0.2344123527719588,0.28648423568592474,-0.29071837626128677,-0.306101635187258,0.0426416458643477,-0.13402418371055885,-0.06787356866690707,-0.21502512076020877,-0.17237396447554254,-0.27534076589588474,-0.2203948394920176,-0.15889688847459285,-0.20313833274181717,-0.21222188183680912,-0.33883435013081004,-0.3718873149919213,-0.2840347686023038,-0.3725479129041022,-0.03379883307259733,-0.17277624535207478,-0.21141359379460073,-0.4677847045942937,-0.22728885294663637,-0.24244398036441167,0.30843978850038034,-0.4564376406633986,0.15080321120303491,0.3052900658096767,-0.3046704143548433,-0.4360108952251907,0.34473002930471314,0.351102158600516,0.08138513416883776,0.20407228555946771,-0.29959135577143353,0.25948355551267493,-0.06374571354945455,0.09155808214991304,-0.3092043413231978,-0.18524389308889994,-0.08719234056526706,0.05565795407952264,-0.06809578876377322,0.031303005092780944,-0.42078081430796876,-0.018743220333905953,-0.13779354520637163,-0.269701207843115,0.10925682595144116,0.10236331845475656,-0.17967727865144908,-0.19514784351025202,0.04622132847650715,-0.05744610228870947,0.21612889333312035,-0.011927369519571818,-0.028987623397202553,0.22038805176511964,0.2813975120818024,0.21283080026940362,-0.11162837617795328,-0.0891622767503645,-0.0507747545427991,-0.041326362115865344,-0.3181298647012203,-0.3522974040629988,0.0634335572042302,-0.10748821409119201,0.23131956788054225,0.14936348298495816,0.0664494634382821,-0.09726958525111762,0.38114655293659855,0.2051808448135249,-0.1808715611150657,-0.22229556773768044,0.06546991136035257,-0.20081677213397264,-0.039695031653742816,0.23161169333000187,-0.24428439512664246,-0.33196895687394395
-0.0969198364255174,0.08098530487921242,0.30702436380760123,0.3566774229339255,0.35118473874620487,1.0,-0.0014204674602555166,0.020608406561379616,0.14372449931062362,0.1814189245528479,0.23576905015454697,0.09268509637793221,-0.06393141466071643,0.1110862859963894,0.3197615466157247,0.4271363439270318,-0.3816478061491085,-0.252410292527314,-0.07257126931388874,-0.18010233466389258,0.33432402127857785,0.23118827453715976,0.31739142814109356,0.3735780004059589,0.21025447196533928,0.4340855610006036,0.47967757374234726,0.560717560473552,-0.15368307105385823,-0.2445094837449735,-0.012518320092516235,0.10617099407948336,-0.21285702128637504,0.01927979305149875,-0.008633684957555779,0.051765257853842804,0.007820300948671541,-0.12645760558728703,0.1300298860127174,-0.10292536665375733,0.03219082103556745,-0.008350625531838891,-0.25561067180315955,-0.1652089512099224,-0.2148776697945281,-0.218589071746909,-0.3000844688734645,-0.3023254084228968,-0.19692003875095584,-0.29552501355278765,-0.36736775922553916,-0.3054570362943948,0.04055884430021242,-0.06876751666475177,-0.009955146451681536,-0.07479064404994235,-0.13255933611500756,-0.15592338535533004,0.12485266506017503,-0.277840448872469,0.002439077998031167,-0.03299529777915005,-0.33800999279699,-0.41079653853196596,0.22603020076120872,0.25650761126229005,0.06786515791023007,0.022329044096282367,-0.1635573453747687,0.17179603610274868,0.032080512102307536,0.030019411859492473,-0.25583280791841373,-0.03714063952527837,0.024088025868891968,0.2562830269857455,0.034545756472219524,0.05693480379944018,-0.1483982568673023,0.028108263206113673,-0.03884483269635307,-0.16252174058597446,0.22644950974999747,0.23792751668342432,0.15280373644917805,0.10665994052245917,0.24375643547353015,0.13922367809252764,0.3481494250359578,0.11587857750028135,-0.2013083977164882,-0.08570129539489672,0.1544625463658228,-0.018085397206312696,0.04942927952383817,-0.07443901870265138,-0.12794678068729878,-0.07666278677959844,-0.30433328218282046,-0.1397796496193079,-0.11405092247659482,-0.11799735879188886,0.010003388148642583,0.11834166345437835,0.18929019175589126,0.2990359032922016,0.28075365286938814,0.1211098685234252,-0.2583319090921004,0.025545882829041022,-0.09040942896475514,-0.30056086981761676,-0.35863964901010414,0.17351258575952602,0.13602276818464223,-0.09703316829038917
-0.28624099639176986,-0.18608180028254942,0.292980495676759,0.21123143339347936,0.37738788165916815,-0.0014204674602555166,1.0,0.5028427478082332,0.36575921391497207,0.28447560149918333,0.1068273117522007,0.24931428240915765,0.4670525860435727,0.3319549828771593,0.12592871062306582,0.21567157558848493,0.06531248974184739,-0.3381892903148027,0.17160867045730285,-0.16398835472293613,-0.19915977929877782,0.04016155219111581,-0.006859123083642763,-0.10473193518139985,-0.33257693777652836,-0.04085142791551251,-0.07625516871553112,-0.21710741140157686,0.008381609943518489,-0.09534644481543017,0.3834811863412743,0.28833609692650986,-0.059195674120239405,0.11802288600921869,0.1226750621482338,0.06355386047691493,-0.26659001789824494,-0.507912528394154,-0.4089214598958539,-0.38286618907546804,0.07013568010666829,-0.2682086197818792,0.042523120547313525,0.10685211314399785,0.25033416845458434,0.25509301980510124,-0.015612433594483924,-0.09125860587018528,0.06146023141585006,0.2066440795812419,-0.028214388778699653,-0.009978726249558029,-0.26022991817866337,-0.015315982356972872,-0.4541772069996738,-0.43665031506196667,-0.4535622664598222,-0.44965234278482413,0.10152459942625423,-0.2296396804581022,0.18290632557583755,0.31828490154757716,-0.06334183985082516,-0.28433680696510605,0.41314875583209687,0.3359821463180213,-0.20025058245268904,0.10388067482346403,-0.4114696459985023,-0.15658169347618872,-0.04679871589701434,-0.1755890985791169,-0.37684524567320044,-0.030432930418737243,0.015799143804089075,0.06127314019256185,-0.13351482517508492,-0.25931559871248555,-0.23566521138027793,-0.20838508533919123,-0.45506242880246794,-0.40764098545703376,0.17328029338105236,0.2823934772482572,0.1411430038990717,0.19060060285178895,-0.11134203674509448,-0.19335451985536806,0.09462143431277152,-0.04428331894881951,0.10633353987038703,0.09323272889869748,0.22241548973663006,-0.21574000391091963,-0.4186827577478435,-0.26701428313185227,-0.48404999011825334,-0.3917422323892825,-0.2577435672256394,-0.43435290440879115,0.1753029667844432,-0.11297481415676137,0.10936681684334722,-0.253946385554984,0.040181975229602,-0.051631988157294695,0.007569742503460541,0.016336936137323326,-0.3253600000625717,-0.29583632375523045,-0.3010357323125447,-0.09662341779056227,-0.006733690952901046,-0.1077932263182512,-0.15550062079672428,-0.4033384749420486
-0.2780591016386055,-0.32699469919034596,0.07292059099061489,0.1625667013371161,0.3372336229951609,0.020608406561379616,0.5028427478082332,1.0,0.37800182117110825,0.603733789299258,-0.24704878476648115,0.24104905171190572,0.33305883839888545,0.6094959632735882,0.02673459770292405,0.4879962124305659,0.0924164807889998,-0.28532993594243317,-0.27431018251625794,-0.1470949315496997,-0.11749604509089956,-0.07401101587840427,-0.41251808246745625,-0.214981617677244,-0.34887595048893016,-0.10902268274494101,-0.24811151135857948,-0.3583626205940644,0.17654304864080408,0.25623682946824894,0.022240935002597443,0.18715356061771532,0.04745719763613207,0.23985263266599463,0.14737145749579256,0.2743196614850311,-0.24744641590198949,-0.4304103199112352,-0.32681962323894503,-0.24960372049938914,0.19067786847515925,-0.08806525584739339,-0.14503157240493308,-0.13678789715813372,0.18067393907131987,0.15122992719859615,-0.3086605722340475,-0.11842136902251393,-0.05554374115088811,-0.08495977407970001,-0.1757180089456776,-0.2571710731193091,-0.27736899333084203,-0.36078948556830637,-0.35905916382649355,-0.5745768725211605,-0.43957742852254605,-0.5844907842048536,0.09635456304436273,-0.1537701938581999,0.3281831714204772,0.6878474470262839,0.21098280715977488,-0.17459532314481552,0.1420377291363276,0.39115606069993086,0.06095624429261653,0.2914293706933872,-0.4751835727315086,-0.10438016959573264,-0.25695585088056694,-0.15921154633138665,-0.15145606799701047,-0.009292699168614742,0.08766276313719318,0.2637811086574351,-0.19701596256871737,-0.14384633758016083,-0.06658364534213539,-0.12538977575132662,-0.171097967907515,-0.3560196045239168,-0.07357983368305261,0.412922931758265,-0.2229593230885125,-0.12322477580294618,-0.3172315456693079,-0.31870846910869843,0.07221758239959533,-0.186134457339287,-0.026379881249125454,0.16299322791247514,0.5559761178397392,-0.18303657808041812,-0.26897997852056593,-0.017035921618779034,-0.28916764638533315,-0.0934472292632592,-0.04557129587999239,-0.33881918946605083,0.27814497440348424,-0.01653115680366866,0.3897083582845641,0.07711941019488867,0.17294922798190665,-0.014627989990404709,0.2855562390366136,0.2158599313643795,-0.07075910871986005,0.017090446138803794,-0.10182675077979275,0.03891587118829962,0.01986233799865981,0.13023136122675297,-0.026766561872230418,-0.24164893584515468
-0.09736198699287302,-0.08110843052042922,0.5876022879796178,0.0893293998978401,0.5721965502718566,0.14372449931062362,0.36575921391497207,0.37800182117110825,1.0,0.6356804418186225,0.02377312092490108,0.1868446751857304,0.38278694361488236,0.3694347934403799,0.4911126110203731,0.45842299290239985,-0.06750581569549997,-0.2958505586461634,-0.07263729973301078,-0.25835759603727715,0.07205024982864026,0.050550559950928386,0.18893238041152316,0.06233795663397721,-0.009191150449048138,0.10935959609392201,-0.06219974366823812,-0.06596309383636617,-0.24013240888124415,-0.316462114009112,0.17478763833515376,0.24023081641566973,-0.2957601464872879,0.36514459444105635,0.19224322670619245,0.28212019803117266,-0.29713489705002954,-0.3166602042844488,-0.13566883746392605,-0.20094073705925894,0.06300148242734781,-0.0732575501836951,-0.31058535414236954,-0.33794614723384026,-0.2751989202137991,-0.13276496221509046,-0.2569559645314405,-0.22079002243815804,-0.36958722045339193,-0.28183168380787843,-0.30055879014663794,-0.4494131054096621,-0.1107724115459498,-0.21095477869592777,-0.3074884567016076,-0.49851209236454036,-0.25168404940533795,-0.31047377786465713,0.520018815173641,-0.4063666282656481,0.44464724060031485,0.523112528112818,-0.2388703009278283,-0.4141191678431051,0.5399308760463264,0.4498542788945382,-0.08703331721581296,0.1144511461530052,-0.39034822680185566,0.008804332156169768,-0.06552660496855928,-0.03587785873062097,-0.23978966674859417,-0.1047426429990797,0.09443916953298095,0.14440997501644082,-0.12791211596023297,-0.02138142149766483,-0.25577423640779123,-0.08996414064267946,-0.14526187948276467,-0.25215906701871127,0.1524161734670456,0.016073200437555175,0.00783394445815056,-0.23768054474620498,0.17845687068451793,-0.01584979836672471,0.4642820526509805,0.04399715247145771,-0.04571153892754372,0.30710357895054646,0.2539575005847335,0.1947222436177801,-0.18564148100124853,-0.18402487683233693,-0.3271913550962404,-0.08901920643009989,-0.30383473006101824,-0.2836123756905218,0.0805779907097624,-0.16381354253664202,0.024810563984776504,0.0037812899863831134,-0.010625536253557825,-0.02424291056850021,0.18764321060498032,0.02876493864994046,-0.12542624563513768,-0.28800355163557684,-0.2097108728967544,-0.04270702077280728,0.15792669630060052,0.2104499478238538,0.01839378537921539,-0.1777094459389229
-0.21820455189513444,-0.18174728240854335,0.38273089523117554,0.15184790460278827,0.5496178768206995,0.1814189245528479,0.28447560149918333,0.603733789299258,0.6356804418186225,1.0,-0.2181390274906768,0.21450046566997447,0.19887724180473448,0.562837431247821,0.17083560776483867,0.536919872003001,-0.046454157041821334,-0.38075282454784953,-0.24560223879108714,-0.1306334173329473,0.006894933667802061,-0.02570726080005287,-0.19926838015565024,-0.04113905877479227,-0.15697142473879727,0.03919957879473363,-0.19985046250436064,-0.2263464709889081,-0.16189551041237035,-0.027242613270479506,0.15239405658206168,0.2519825551334309,-0.04062733982257338,0.393019415481923,0.1022491333995454,0.2534082193753325,-0.38781684912102343,-0.3237779711159948,-0.1418828449090432,-0.11483616721158657,-0.053425472428370355,-0.2066190664400351,-0.2463688447545087,-0.3086463590439985,-0.13281644902187645,-0.04265116120046039,-0.30908963584304744,-0.17369624034721115,-0.31675038953778323,-0.34243819623729715,-0.3753213534629513,-0.46536528892232515,-0.3123496004174862,-0.4306672109453442,-0.26173591011559805,-0.589445760627087,-0.3261476136855136,-0.4049677813429726,0.2855447667811396,-0.29555382533576674,0.36478198063162864,0.6575707143076536,-0.027755342229575233,-0.20678120157143767,0.3176140387855857,0.5061370179482034,0.07967682207700373,0.28553767508219335,-0.41777557303408025,0.006951183432375894,-0.2008519690572386,-0.014246027614424778,-0.24392658953776336,-0.18435410293226911,-0.01734410140931435,0.16398467766960403,-0.28283349191530477,-0.013174387562697162,-0.24755506762461943,-0.10511919630663522,-0.05418753251275691,-0.241755205306737,-0.12249146324473194,0.18919983448114075,-0.17994804052725025,-0.14948744686029056,-0.06401808149079759,-0.07205341053436588,0.38044146770426196,-0.06194261091595635,-0.16212138004341412,0.2907010686485557,0.47100721938297385,-0.021928359188523486,-0.13706685868183432,-0.10923380668792444,-0.10109352910423233,-0.014636875135972985,-0.12442061670078797,-0.19674953972105505,0.004975276447018525,-0.13311517185865226,0.2241148487048619,0.047771605247716585,0.0538761526974036,-0.01376303034757876,0.20945095064243255,0.07580384491541792,-0.15688106185902387,-0.21697100061890667,-0.06771094513487277,0.13081398150196594,0.1843168115974283,0.23159197090755732,0.02573882885228822,-0.22503587648647155
0.18482186623317898,0.28224105466960314,0.03860765410468967,0.005558332848168921,-0.10613979294147614,0.23576905015454697,0.1068273117522007,-0.24704878476648115,0.02377312092490108,-0.2181390274906768,1.0,0.4444334947578003,0.4086117749656666,0.16983119672899188,0.6345028111252945,0.30575194006114403,0.2874193996120472,0.02532150469878451,0.499207451550427,0.08061053414285477,-0.03207187106252831,0.15096821669652888,0.3294478385279211,0.17200512799856957,-0.2358123590036307,-0.14543132984945975,0.36148356285494243,0.2576796474837461,0.20709615140607485,-0.09400303695589034,0.06840041428120407,0.07797117962217219,-0.2567921197068491,-0.02629959232910825,-0.20151987876061184,-0.22775063732073286,0.1399508178109096,0.01461100002811356,-0.061399599980971525,-0.19499499349300375,0.052127039058305215,-0.12933761912645667,-0.266054470816359,-0.19307638240565475,-0.24326765208787185,-0.3451808567314047,0.07060134843334143,-0.44303069708783716,0.1400841907883995,0.014161353993946708,-0.15373006204276285,0.09129329632188352,0.2154766977661836,0.181639732551707,0.029078694573246515,0.09874443378276863,-0.18599681177066898,-0.07967317589926334,0.21072355034080154,-0.19643487997606357,0.3282888480194546,-0.13067235031129026,-0.1307051885533689,-0.2819475803914231,0.0615522952941922,0.050925115866658176,-0.3398053981168875,-0.422822265323235,0.03295420669648109,-0.014906963891017838,0.10623066847154332,-0.10814022695041088,-0.09508415199374,-0.0554460153915796,-0.02562474878685922,-0.09468425842466589,0.06792031405640948,-0.06538299721951234,0.04347886733097661,-0.19003145497130364,-0.13646657137211846,-0.01697822987583219,0.5115176513659709,0.2700618999069831,0.47194917008260795,0.32524838578777976,0.27343747610991803,0.0786142792698213,0.2680003551424128,0.35455395435385667,0.08564443595399114,0.025433748529111913,-0.08577895916064554,0.03317872933274781,-0.10000680439675048,-0.3126537690102949,-0.3237113125798963,-0.26885940433655603,-0.23462006050054368,-0.07326860061788222,-0.2765188519423882,-0.20683532855473855,-0.31675994562764004,-0.19896316422270957,-0.051682559718951505,0.10968951044472881,-0.05464091348350252,-0.07001547709971843,-0.2290301210549129,-0.17570059129698612,-0.49566101901914467,-0.08485301814725549,-0.08629585136946143,0.016985220391629197,0.07042336312886738,-0.09409717572836852
0.15082244851035317,0.29893401975158657,-0.09471605647887907,0.17839975889996965,0.0096645866130637,0.09268509637793221,0.24931428240915765,0.24104905171190572,0.1868446751857304,0.21450046566997447,0.4444334947578003,1.0,0.4337475899786621,0.6769312386491272,0.286940899771203,0.5213058428862045,0.1460816606681516,0.016264536232845676,-0.01501352480218715,-0.17909569734984165,-0.25357886198755697,-0.009398961221080417,-0.2163147762022346,-0.07992719833442873,-0.5967316970006186,-0.35882785551136737,-0.04524378758962348,-0.22944460764425942,0.10243292024957601,0.064928985378713,-0.059928438074545586,0.02172356259132885,-0.1207736384885129,0.05369873525486844,-0.23367448418689674,-0.2833571635035121,-0.05466004952721914,-0.272608096726656,-0.4725878389524665,-0.5021980272808845,-0.0008860189726473853,-0.27928290657106103,-0.22698947966044436,-0.13084415398076576,0.025765127102188798,-0.08004874303687269,0.10458719915853915,-0.24692137732846814,0.3445190889136962,0.19254909375844453,-0.1897759935278956,0.11291194134902038,0.01685765865645405,0.06367316759596917,-0.011581557102391768,-0.03317020799994192,-0.0707248247453731,-0.34553319592171217,0.3019572646718381,-0.10909118757503686,0.406137240945546,0.5010734927797624,0.026613722361300437,-0.23646575943924267,0.007353384259238699,0.469904385410124,-0.35581729712719373,-0.2660911684008584,-0.25745835530117317,-0.12552511610850914,-0.11597789103949004,-0.25040593035674863,-0.14088952856316675,-0.05979062459968384,0.03925313796545949,-0.12970979910959482,0.08880455528762607,-0.21539831667395343,0.051750875445374836,0.08362851263050897,-0.1481942832765388,-0.18103500618652618,0.033518132351861914,0.40580106175257935,-0.07935139370468934,0.2507734753762426,-0.12049627566971881,-0.2213847030404037,-0.012027003177447005,0.24467123231608012,0.15673482314316894,-0.09724382109392982,0.35302009543850194,-0.16272391391582328,-0.3250031558246359,-0.3360763389556749,-0.4273983036166159,-0.20764414919531604,0.009404237618395069,-0.13760458549604773,-0.05993528053644541,-0.18691803039426777,-0.06100740342444858,-0.17832924789680255,0.02755163310589804,0.1459966985057576,0.1676400966124048,0.02882359830182813,-0.26799502844998346,0.06757267047845548,-0.618730646787276,0.057754146649757886,0.18118762627793278,0.2623954994404435,0.2300866590571643,-0.17625726305629907
0.012857433782571174,0.007171220981578131,-0.012905982835375102,0.018214558190906102,0.03760256777099744,-0.06393141466071643,0.4670525860435727,0.33305883839888545,0.38278694361488236,0.19887724180473448,0.4086117749656666,0.4337475899786621,1.0,0.6041311429107866,0.41219913025317556,0.3349854336937794,0.31575654972803324,-0.05842791974967003,0.3509343303044535,-0.07790257723040693,-0.37400580662742233,-0.201437352720966,-0.06890814480491572,-0.2314704565175303,-0.4949799859296127,-0.39702061288964646,-0.1543429191629087,-0.33724519722789836,0.33092983911944784,0.08916831693561203,-0.08605412733207077,-0.04893301753954467,-0.053253017209717764,0.15820444907936887,-0.13491976418345272,-0.08260056889022231,0.10689689262019816,-0.31776859031723026,-0.23054384218467266,-0.30958677385402855,0.3562676068755337,0.003668509771506272,-0.2717131332298998,-0.2112068643711607,-0.05583590778965073,-0.14596451300837915,-0.07140939877839854,-0.29738338525313984,0.08503300992459221,0.07405454599860056,-0.11098347378044149,-0.02672017799242181,0.024136211348100456,-0.13612086523684208,-0.06710674195880258,-0.19635250605750165,-0.40123209677561505,-0.3606670657127237,0.21780223172942628,-0.09780739484876444,0.564110685054939,0.3907246581540825,0.15324711022531212,0.007686049531426483,-0.04615494653072439,0.05599356942420688,-0.26540554668723937,-0.2179345436734513,-0.38039517855913174,-0.26513795048543454,-0.08575787113537153,-0.23689202556374445,0.029207185841522255,0.10799364131220708,0.22762541969130506,0.07613713766251125,0.06760768369378226,-0.0732587665243354,-0.0402046139014135,-0.08659051774383861,-0.15684280735582262,-0.02514694813065796,0.20274963983427047,0.3986377831128477,0.016708889005621147,0.048247989461921575,-0.12561567044144664,-0.28995235860804314,0.1913669053747528,0.1298808689340875,0.21184986154133012,0.18120555115173545,0.1977912104882135,-0.1320982997762488,-0.10856770905910271,-0.049486917598550284,-0.48160278644818594,-0.12094963337667194,-0.011686964891788651,-0.1580733433389596,-0.05636256192677222,-0.11636845133645339,-0.0639818026020947,-0.12213638334383212,0.104124646882983,0.11009960903906844,0.07762567115623377,0.025209002663002904,-0.06572325160607129,-0.09269424356458447,-0.4214986701299194,0.27537158838087383,0.0873165800971169,-0.1823789179345997,0.09275383162581768,0.06583043618737566
-0.0455055526498252,-0.034420748391762006,0.01712163039710542,0.16037469696864196,0.141882411915067,0.1110862859963894,0.3319549828771593,0.6094959632735882,0.3694347934403799,0.562837431247821,0.16983119672899188,0.6769312386491272,0.6041311429107866,1.0,0.22882159453379716,0.6263547967276677,0.10122256679402893,-0.05680787337209965,-0.1541389770688499,-0.31296019438066947,-0.2979839556464018,-0.09194824367076353,-0.40106468953624075,-0.2970757711691993,-0.49472393820228083,-0.32605002355331575,-0.15936183851149843,-0.3293042269182902,0.22367225595489743,0.2417631101186749,-0.16061417723253224,0.020429429859807675,0.03677125073566729,0.278024099803623,-0.1118904760161821,0.06172653860076444,-0.09341221830243993,-0.38568420634035216,-0.3943376989529205,-0.36964234082798425,0.11361399137864567,-0.22134273692812284,-0.4474734743691945,-0.375611520027865,-0.06750102982308501,-0.14004036419616758,-0.3100749487166964,-0.4215373400806295,0.06590272038226445,-0.10791541444004975,-0.2405582964224567,-0.18867202976281042,-0.1342960557238001,-0.3802604810036841,-0.06115620293120227,-0.30361593554104205,-0.3927906529575488,-0.5401439863554479,0.32190274802491387,-0.09553152721172078,0.6792473567366839,0.740966215900469,0.27227567095325445,-0.05497312826373261,0.0014366460973371058,0.4342946603605982,-0.03206598919685844,0.06002969526938098,-0.48498050458672076,-0.16385982029032714,-0.2696511114199363,-0.2926742930329298,-0.1052965964462175,-0.012658340551324242,0.07292176510700665,0.04167980538465006,0.04562990941640268,-0.13859043743510172,0.0856892761945151,0.03813272743634836,0.004649986010010244,-0.1306723817813972,-0.13994089287292064,0.4214612627420726,-0.2662956380731015,0.07518881740849687,-0.2969404076439331,-0.2778064472496942,0.14880018515858962,0.08007185894240247,-0.04228039394825277,0.09491304712919217,0.4999135246545123,-0.21654190170675744,-0.25406851509165157,-0.14719433036802068,-0.3055565066104707,-0.008949137778218336,0.09812126612001731,-0.1812653851397603,0.10041020741537567,-0.14641903708915344,0.1666630369171043,-0.06736585491918283,0.09978497727172111,0.12144165804934612,0.25564788565386415,0.1451977429045344,-0.26566514478687764,0.0249323716019529,-0.3984698154490964,0.3045240022368405,0.043690876508721145,0.17388207511044987,0.2501974091173636,-0.12579014713345735
0.17913263681029726,0.3167062490398325,0.364319789927739,0.2269337125289423,0.2620362029961981,0.3197615466157247,0.12592871062306582,0.02673459770292405,0.4911126110203731,0.17083560776483867,0.6345028111252945,0.286940899771203,0.41219913025317556,0.22882159453379716,1.0,0.5833466589829548,0.15788959744001674,-0.1710426435737836,0.2935185908320165,-0.14419435549848963,-0.0319041783541499,0.2773338626837883,0.4572193751406549,0.28571555390526204,-0.057032517888129415,0.008815277888792227,0.36510370351382165,0.3066199177624118,0.061986338086167186,-0.22359999360423055,0.06953624918219485,0.17210351437136928,-0.5056200339953136,0.13386690837872278,-0.2171124813787264,-0.12717501567911452,-0.050120619790962516,-0.24258926201644737,-0.08329061078433328,-0.2615453064172656,-0.006930321439991391,-0.1302820952106437,-0.43156117424689855,-0.381828522606867,-0.4842884991072987,-0.44913210888624333,-0.1086587905706116,-0.49716174277706554,-0.076876042346804,-0.1932986017663154,-0.1881519966311127,-0.07551580109583747,0.2775652489274428,0.10210962200353108,-0.011809759229337352,-0.16404997206276034,-0.2708877379300548,-0.15614249702780889,0.4045799900263164,-0.3272623457987307,0.4225706882867032,0.13405771501045283,-0.2590136843680204,-0.5115102904965094,0.34417059134735195,0.153300019997468,-0.4294401077254793,-0.42251309566098544,-0.135077227584938,0.10049913857596844,-0.11460196464823558,-0.2066594111104119,-0.23197217698978617,-0.09184870718836863,-0.0393177712984076,-0.025935341043141363,-0.11430800053947869,-0.08720393299349054,-0.16083426101763887,-0.15717111849604418,-0.12407504391672274,-0.09004219478622462,0.5128613293972577,0.23904144976199246,0.37081620871429216,0.019040348475379058,0.3813547867425405,-0.044350837880841515,0.4718276530727543,0.35535649094321464,0.07139723680276358,0.2047452656178805,0.12319258060784948,0.2243968727380469,-0.014214770650343265,-0.1662444195768321,-0.36057199386890065,-0.16147102373076033,-0.2667559484342414,-0.0834482771439794,-0.06354580900618452,-0.09966128120771893,-0.20503997648272212,0.059250606711783435,0.08652002828856953,0.2182080617353242,0.26229645093790016,0.13730027376299114,-0.2904016670279486,-0.08241130074123038,-0.45122344537719467,-0.08521831408003347,-0.11740694123021275,0.18232388878257533,0.10848418556977539,-0.14176581373299452
0.036559096917975056,0.11574063565133327,0.26584609382806784,0.3180201474205802,0.4342615699868688,0.4271363439270318,0.21567157558848493,0.4879962124305659,0.45842299290239985,0.536919872003001,0.30575194006114403,0.5213058428862045,0.3349854336937794,0.6263547967276677,0.5833466589829548,1.0,0.0048579707394423586,-0.20024986769035596,-0.09095379590474212,-0.12467341543624166,-0.12261607591369915,0.0612714349102618,-0.05403908148327542,0.08924962657364609,-0.34187278910426105,-0.029047536683760016,0.14879617166803588,0.04736335314995838,0.11618097411863282,0.006856615178523061,-0.09825187289193345,0.17909279427285774,-0.2753266166568529,0.2777257569374038,-0.1312656703850462,0.09680384411371135,-0.186791984338529,-0.40605783513963095,-0.22090143716605679,-0.2724874343990868,0.06385690470644395,-0.33144941329938427,-0.5273629493442141,-0.5079824103803765,-0.33389200743963277,-0.356163020251782,-0.274422889714337,-0.49747235196986406,-0.04447035484373151,-0.27523448890610597,-0.3681621269108329,-0.28450686069661746,0.09928242899635843,-0.1904040781091352,-0.14823638342662557,-0.3389538054644305,-0.43527151452608714,-0.47770672842683143,0.43269537831255,-0.32936004254181944,0.5280832835831291,0.5600664307920389,-0.0645118988046883,-0.4185193738757341,0.19759395400972354,0.4798171932075031,-0.2056844842618415,-0.029377400467293497,-0.4379962648277901,0.25034360064033023,-0.3300363543376,-0.2438370889907061,-0.3354361869902965,-0.14383748474495822,-0.022034897308972564,0.08924435426440104,-0.19170713261370195,-0.0881418408698886,-0.13930731738062818,-0.12228621102705138,-0.09814405072958936,-0.21274036807082197,0.2900859141358878,0.5758515513371957,-0.0857781641902488,0.11368316838542575,0.1863741855917729,-0.10445091442505439,0.34848493296868266,0.24223788353152603,0.0971120257046011,0.20375077341851824,0.5820308302867409,0.04347398955353803,-0.13587743449307094,-0.1081366332287298,-0.34185370807360616,-0.07997805382918032,-0.17169775203868326,-0.2669595343063833,0.06783201866715982,-0.056346602691390836,0.09932332995722307,0.10888320580239816,0.1798832615508184,0.24067234025533182,0.4720986763358412,0.25371287597703196,-0.42221744451733295,-0.07635549223279706,-0.4382145104163363,-0.006806798702097828,-0.18317771049476494,0.32187002555057936,0.16998249938484764,-0.3227053180467915
0.12465593121547189,0.12384667802820155,-0.3082344245069784,-0.21709383481116742,-0.18433167778617685,-0.3816478061491085,0.06531248974184739,0.0924164807889998,-0.06750581569549997,-0.046454157041821334,0.2874193996120472,0.1460816606681516,0.31575654972803324,0.10122256679402893,0.15788959744001674,0.0048579707394423586,1.0,0.22184455596081265,0.324889975463747,0.15043468783482858,-0.19436539577709094,-0.14945284440805412,-0.24949576842596238,-0.26951079153936297,-0.32677217344871046,-0.3543467057070945,-0.2672549424743798,-0.32024100327668015,0.507780933671452,0.4164345930229749,0.13850846557591975,0.1808111171366044,0.1708262310309516,0.22850581945356563,-0.2516216006283883,-0.17577330257566437,0.03918091039759443,0.03432368947925717,-0.27168695030775664,-0.25232383460307495,0.29949843237122303,0.11543832051023262,0.0751870708022089,0.09220039139674055,0.11222662721706698,0.05138801665683744,0.042419715284849134,-0.04435025154572969,0.053827559025428344,0.20231022763751572,-0.11609201120927234,0.011384871078962891,-0.1616023609453664,-0.11444744470302368,-0.10805627813454367,-0.1252632280483137,0.026493786189834324,-0.06403688055465746,-0.2574916073058704,-0.16545676178689858,0.1371831236874394,0.012088572766147391,0.48666155729554145,0.23467073305602007,-0.18863734724215891,-0.23535859990055796,-0.38213765635899266,-0.37361450414870956,0.2883873903219797,-0.3257713719948469,-0.18322213569023615,0.08037164072964814,0.3067699658866202,0.19782840776677232,0.1649476904613344,0.2579716180325957,0.22237515791846674,0.18373669316587893,0.3374857160386739,0.011902232269694106,0.15639687852143375,0.24484489853126143,0.2125629512242124,0.22927240196988888,0.23840400885941787,0.15822609960992767,-0.02207562566930283,-0.2748256501753525,-0.12811780481720442,-0.09861990933988596,0.0114566774503934,-0.0019752795474590966,0.043522759916392845,-0.10416217441572734,-0.15292691244746395,-0.21482270503169784,-0.24807915925806898,-0.12994675569425487,0.04735046405234294,0.1348046376146366,-0.10247964410661659,0.05324356832211845,-0.09758969203793018,-0.18278773869688894,-0.04784758978561537,0.06379123648158327,-0.020086936278507727,0.0006611777427276705,0.0036043535502764982,-0.09521852820946969,-0.15041527056876652,0.2197624431088821,0.2890143427157381,-0.09761607645934406,0.04335128311284553,-0.003813662671049871
