1.0,0.5201065777775146,-0.33644631817446674,-0.09320156770727843,-0.2770818101321613,-0.19576185159970994,-0.2657798408186535,-0.3640365788076609,-0.07808164593438548,-0.1923942558271417,0.2264615000420932,0.16809636713014106,-0.1460150185826729,-0.04347033201588686,-0.2925134507896517,-0.18158738127895813,0.22182653358038848,0.13326256692178098,0.23136576391576624,0.05782292982851797,-0.19173141239990996,-0.3803840801182515,-0.14845547929548927,-0.3152044494036676,-0.4375685512109603,-0.32704521487105587,-0.1954439174177735,-0.23820853838517414,-0.07315123127558273,-0.1267878734300025,-0.26862027094805435,-0.35973374352583376,0.019622961438540077,-0.12512716113264563,-0.10832019061066707,-0.017350473844608666,0.1018380618906237,-0.09187506537546004,-0.24531221627447816,-0.08584790775979927,-0.03905404261523387,-0.013857700629560094,-0.05996056375421779,-0.06057134452390581,-0.19319102390849863,-0.20491852166018573,-0.11257978835248895,-0.11843358932810404,-0.17909445450889339,-0.18608582146421912,-0.13027081923869538,-0.14848532188317565,-0.3448999113204009,-0.28415442953597275,0.05814186681189233,-0.07121566022361678,0.7503908088403661,0.49493661117331683,0.25800944368344086,0.13573569000633542,0.27930472610511725,0.016737292985331463,0.358510485668311,0.19626240948516505,-0.1355837888460162,-0.049691899871092966,-0.18391886424744053,-0.30965542911149374,0.1377952187156049,-0.372187014050991,0.15407738336162966,-0.2234046849121904,0.1903510602398748,0.31337940452619706,0.3749921872645274,0.1500165973212829,0.26258723890164115,-0.03626191153515695,0.15256481844183645,0.3466147748189536,0.2051315464715096,0.218150682310381,-0.2097282264118339,-0.23314434090982927,0.20055167629432413,0.055061840993820915,-0.08119955653023433,-0.09686897802028883,0.08209876494406292,0.11661846837936084,-0.10868563945704245,-0.05038219174946299,0.0034281701469745835,-0.01758827512160413,-0.3745408984517332,-0.13463065641870997,-0.3257804083222467,-0.07715881396482396,0.20576953969612688,0.5034650156390164,0.01163811929578914,0.0764524060056803,-0.00883572205276697,0.1605710839832728,-0.02597907505631645,-0.20062423350144543,-0.1612120732375068,-0.24299330718630544,-0.16656962785930032,0.09659087814049601,-0.27062409369685864,0.23494062866573986,0.4244338616205361,0.06719041785035398,-0.18424771159781997,-0.09123266734085822
0.5201065777775146,1.0,-0.07433507015904027,-0.4602808314254164,-0.11175779662716794,-0.3372911869432567,-0.12494881374349026,-0.4932556115395973,0.09405299316939487,-0.07123457827114216,0.3464960332901925,0.4019213445249626,0.27315956650378276,0.2529084389197404,-0.003163311457475172,-0.07023113141277054,0.4453854925264705,0.5070442310764117,0.2397287976030757,0.1171747703326331,-0.10527473150385466,-0.3899996094007113,-0.3538233783720453,-0.6874967944294057,-0.4994402783893759,-0.5006084928684282,-0.2880537837702641,-0.38204850006727287,0.1427251543893656,0.03219840839661589,-0.5016136513340856,-0.6567733257817211,0.27261456825759656,0.018115658102940975,-0.36285864940181844,-0.38898386530832163,0.2822839970528617,-0.024599919056187483,-0.2542275896873946,-0.02884398418698366,8.28167980627672e-05,0.09306475395037733,-0.3789101292561642,-0.4218064342562638,-0.07592942039056011,-0.41676396250528736,-0.32749123953583725,-0.405647838088358,0.05339560485371584,-0.010533787044782267,0.18212551343095892,0.012003397681190785,0.06993888552381365,0.01880729324190989,0.16403931536347818,0.041419939913792884,0.4628131061086355,0.772661282902051,0.21963957407821025,0.3246349195677195,0.3915218626852964,0.299605986225777,0.5383331172621092,0.5306707865443194,-0.334192433133922,-0.31164411583796836,0.035396266167669624,-0.45971127526978717,0.26226450631217996,0.08054503280997241,-0.07109964567656342,-0.21973714772163536,0.2926383796001883,0.228394584306964,0.40569632147377105,-0.0477343387787625,0.15302222916938307,-0.29468252997111627,0.18839902969497058,0.4938823732493847,0.3195503004190428,0.4149302109543369,-0.31770501631603104,-0.41447269968938233,0.2215681231162109,-0.1147872628792921,0.04524216960526956,-0.12535034174457946,-0.29646102225840765,-0.15456383908930804,0.06623972485481248,-0.016771073974467372,-0.26228448961142675,-0.03873125717303615,-0.1546191598316468,-0.029863613491934657,-0.3093076608317084,0.018740428111327718,0.16737142720025433,0.09406475609187705,-0.23073356669965828,0.012813855498659604,0.09142308223455392,-0.016551752513172226,-0.009123937810827832,-0.33853298480150695,0.1253510665301453,-0.07131319372726838,-0.3407558183928264,0.02719321956998717,-0.31828074342399437,0.11767577725657388,0.04825948842603975,-0.02385315862983458,-0.07239258194036907,0.00045756784691942145
-0.33644631817446674,-0.07433507015904027,1.0,0.1933648215941822,0.30992902726985444,-0.11386274809309713,0.6309736430931728,0.5131412905437915,0.2641792860634515,0.34872219650828534,0.08671062920625576,0.051890672174839135,0.5104978824978067,0.23043267274632837,0.3087672833747723,0.1987776259510365,-0.036477027284268895,-0.0067357389982360865,0.10254056395516543,-0.009777506771988994,0.13573737598225685,-0.08482144132361824,0.0765688058225357,0.07750090447906521,0.07310178854580521,-0.1922561185058189,-0.17845175947645678,-0.2020066486963933,-0.10655344902988916,-0.0258567407780727,0.055094335538322034,-0.018581523465805078,-0.0767167881231975,0.006650682810930919,0.05418852974044392,-0.08448840679831492,-0.3852701281812969,-0.19018355048323132,-0.20029670570535235,-0.295442995932082,-0.2458405728490395,-0.10295964230932943,-0.18359843290566227,-0.26662358906720107,-0.19645910239716047,-0.213233298647415,-0.2723169502418646,-0.15709164022441136,0.005983371177501,-0.1445907759893533,0.1539824337960881,0.10930906232147174,0.10073530957522103,0.023590809180876707,-0.17159660525001968,-0.30590725370956917,-0.5410301668062273,-0.28217475225388355,0.32578163259009024,0.07550202213249381,0.24709376275525308,0.33528708101316207,-0.062183322833527024,0.0800430646946991,0.11575108167582299,0.17308529721542765,0.43870170267615016,0.1598583237875888,-0.13147075901065108,0.09653540080742945,-0.2753309469166415,-0.12084233482670675,-0.1561499192525744,-0.1385579622111358,-0.07850123150986794,0.058354369831186276,-0.08692599889359644,0.03586228018163729,-0.5278177109957377,-0.41339095545362725,-0.3661904337453106,-0.3031228957811209,0.1720796377335208,0.24844751246291297,-0.015845284655310207,-0.16247382921421363,0.034558775200405664,0.30411951046158514,0.011947331829407206,-0.13914349089953937,0.04335477180780427,0.2313808766765041,0.29714941532573946,0.36009197464848475,-0.10214479908283088,0.14639751933712272,-0.08769249877921113,-0.15555447592634736,-0.21885061235772205,-0.3715787240419178,0.07462590381067993,0.16354807009257247,0.045940333073697,-0.06615159720757155,0.18572251886122768,0.19338353981151882,0.008322946282467627,0.3140365649235614,-0.14685332040512536,-0.16783449240907228,-0.007838044617568308,-0.05827435243834104,-0.056557963847579516,0.1585948186432367,0.13622511745237414,0.11574386275506017
-0.09320156770727843,-0.4602808314254164,0.1933648215941822,1.0,0.07165378596725205,0.5534173382224241,0.29632566032953084,0.5186470255373119,-0.08295950634815596,0.18764658633905468,-0.42538545218629076,-0.49618743589902164,-0.4487603418451705,-0.25682883629667363,-0.17594396821028158,0.14340349185212017,-0.6830939885656648,-0.6096744922303902,0.08935898489333503,-0.1198444626038333,-0.0073448687773401775,0.16479628616571548,0.5408786454261606,0.673934520094718,0.2035431069821974,0.478420429121228,0.30397814307249826,0.5523671482145264,-0.4313047431088583,-0.31151332831722106,0.5008961843397827,0.612436622291835,-0.357414038630199,-0.0008082394040507549,0.5647147159196313,0.3868506492849109,-0.48939928718644105,-0.12253387267662577,0.0021309607269033655,-0.0421267581586029,-0.18534840709442268,-0.21580613279198335,0.2064891064679004,0.2659931197347374,-0.098323641931847,0.33450707832427073,-0.027016966566159085,0.055808392801431767,-0.267965788079569,-0.3234979334532121,-0.24179796443843474,-0.13161028381200288,-0.4346935786768497,-0.0889667406587064,-0.35362129749246296,-0.2225041722576923,-0.30704164807120227,-0.45669137800829795,-0.07940040779091315,-0.22085006533962045,-0.23494811176566377,-0.04110264627829611,-0.6834414593422182,-0.41668915409983576,0.5210308505855349,0.6038809378390838,-0.04394948901013499,0.5473222966883207,-0.09599730656346714,-0.26758799552021184,-0.15500578960050018,-0.07862950039531098,-0.4950606923391098,-0.2158617032931325,-0.213423725028045,-0.040545397001807024,-0.006515786373241856,0.14277001367827474,-0.2567290730955916,-0.28978089685645214,-0.5899756370647029,-0.5110520773990254,0.027267484060932476,0.3817546601715139,-0.2001442224145852,0.09244287866134464,-0.20314401298221443,-0.07336616886954456,0.5034076712101077,0.3054838846418794,-0.23129112908639027,-0.3062400866366842,0.3246445486485033,-0.12400830429336895,-0.18972898048518036,0.13533792982490894,-0.0335334236908528,-0.12214358890452166,-0.15510151649353845,-0.10781097415060757,0.23437039438814353,-0.3096501315675713,-0.10879286722190686,-0.15175400704759698,0.07646014673133605,0.29055310164084963,-0.15264866495620757,0.00905647439584128,0.1506387127369483,0.04116018665903493,0.16023846823783924,-0.13647228359574481,-0.029054192600835006,0.07195078684009955,-0.03810347566798212,0.03295653526804401
-0.2770818101321613,-0.11175779662716794,0.30992902726985444,0.07165378596725205,1.0,0.21416617159160584,0.27902475714086983,0.3494027379317304,0.4319698457205346,0.30392890831835784,0.03189757182231971,-0.012235242260868154,0.05651729228363082,-0.026057284451677067,0.3341527222536062,0.11829661641511315,-0.276410062449817,-0.19374348368897978,-0.24299827421905998,0.1020099794329352,0.3935286928223163,0.29073894121072086,-0.01422016667048032,0.18849089056822457,0.4180112370639913,-0.10373414400552147,0.3213352838465278,-0.00039128026360856193,-0.1822335042368212,-0.09047543482914082,-0.02111642402551118,-0.0233956767807285,-0.48523998553497044,-0.29195438892669556,-0.0348389182044806,0.05550786191943306,-0.11652812210902641,0.15182645105163442,0.10608319901894035,0.022313865677528254,-0.10904722064843242,0.10666697052650836,0.05922515525319471,-0.11691677598974919,-0.03175954888593417,0.10845849431273248,-0.09387162879971939,0.1916396157403904,-0.15618716387844922,-0.002150854249654995,-0.23112533269591307,-0.20423305488385976,-0.1081576276586393,-0.21149501317733876,-0.22661233808429884,-0.2600633430877092,-0.36437964978049253,-0.20972371896790654,-0.0017485687672210868,0.21734476719786905,-0.16891177578776023,-0.013142893526317917,-0.19804998301732174,-0.12443353224377937,-0.0174337217732561,0.08943960454358289,0.14686335314561597,0.26471868193167597,-0.13328033412568044,0.16335223207662475,0.10032481682543344,-0.0018001528303576656,-0.1646039676974189,-0.10106190595454351,-0.0698655994104341,0.23237513702028423,-0.11354601325719137,0.2180277576560846,-0.2916340489900765,-0.3968963274566198,-0.21765890418559175,-0.2625589262966592,0.3017977490328521,0.35083463463649167,-0.08530455634813998,-0.3991138031344495,0.01723225844555972,0.08361383184677855,0.04771382887562789,-0.01983717410052979,0.26149365902297306,0.2704104209040641,0.47358248826437443,0.34916472647439334,0.22441139496865675,0.050086285825515324,-0.0418664678920967,-0.26309206590932993,-0.19146817974815078,-0.19200375726766541,0.1898061312987489,0.1884966270054032,0.12503564770744682,0.14377967190426177,0.20221296828991547,0.04551532463819901,0.29493520916772226,0.5022755647168353,0.19345197044081475,-0.03085058774605633,0.22850750909729597,0.05166964795128758,0.04424991405481356,0.26682127518029275,0.3560778362084274,-0.10727176106154068
-0.19576185159970994,-0.3372911869432567,-0.11386274809309713,0.5534173382224241,0.21416617159160584,1.0,0.15033978268584633,0.26371572857330805,-0.019168854661797328,0.19876687300666232,-0.5446151837459273,-0.44403726433121005,-0.4969920028408968,-0.40096411339886184,-0.2317133583437568,0.03527106258968336,-0.7052155502360605,-0.5555082687907184,-0.18395480795981076,-0.002407920825301676,0.14160519163967464,0.2678843431928578,0.27222445411484925,0.5019289494753654,0.4154893934492318,0.6127896690121826,0.49411269068369146,0.7657077901388228,-0.4386788811434498,-0.24885542649061076,0.3268231426393254,0.45187101873781665,-0.42763101576078033,-0.1399407873225731,0.4015522821429829,0.29570695667118074,-0.22590879004802708,0.10245618734309665,0.24046658904282725,0.30702035333513356,-0.04032732297690358,0.12566403273607646,0.22618847090866953,0.28357297464769676,-0.03309802976065815,0.35193381577932986,0.04679088499332713,0.21047024474234954,-0.2157060516815381,-0.18755140705945164,-0.4106942226997638,-0.2628481639656611,-0.4182917442701798,-0.14033684259387433,-0.2651475792981595,0.008156834518824305,-0.14689719485143615,-0.2096196342977799,-0.3227808413975847,-0.17615657662889947,-0.290806193790182,-0.13754578944795542,-0.5413545571129618,-0.35332577721632213,0.2630598290767868,0.34697439348830433,-0.15218784703050825,0.4891028522986781,-0.023165667439448458,0.02370217232208792,0.051935407866451254,-0.1141525442541435,-0.2604964484548241,-0.2845527943007949,-0.19562384321677673,0.08665229158763264,-0.28153118155914203,0.11681145919768711,-0.13580981096814929,-0.05245351101640454,-0.41811401535264753,-0.30101444164520186,-0.16763924982289377,0.27080076343951465,-0.5229821813131303,-0.004362417606515151,-0.365748872463687,-0.23505003218966436,0.1578283476804621,0.3588423143173804,-0.06639552277001463,-0.30202919069252265,0.18676029137645403,-0.2625382393045063,0.11318802025618636,-0.028228777431354875,-0.0020488324637365964,-0.11192019202804691,-0.1509602519459165,-0.19029279750767628,0.17536987412125032,-0.3612857912640283,-0.07867412198218239,-0.12644943029236386,0.17468522212298235,0.12758029669982365,0.017053547969194584,-0.04277612769865575,0.322515939838768,0.16098056049376014,0.23419411955893876,-0.20059850394576811,-0.21240438981571938,-0.002760962425405558,0.13888406738096917,-0.09651708864209403
-0.2657798408186535,-0.12494881374349026,0.6309736430931728,0.29632566032953084,0.27902475714086983,0.15033978268584633,1.0,0.5774008460736805,0.5151387761908552,0.6264928109590473,0.028748928034160938,-0.1865967383787142,0.41387007314457247,0.07509579752352019,0.35615031642836864,0.49920120170225607,-0.2637792113292363,-0.25041282862663905,0.08170637295185132,-0.09784301035646382,0.09029673202918855,-0.291288784512241,0.25737460370544046,0.21522641493313255,0.13723770663597118,0.0605417829547457,0.09691093577553875,0.09074849465856898,-0.2729978064081385,-0.27228649357558193,0.22913639256308616,0.015322874033531277,-0.2998608784512885,0.09064138390603939,0.06237936025666686,0.0811787776408292,-0.5656978233897183,-0.4510606793970351,-0.25955981885881363,-0.32064375890032126,-0.26148158110121,-0.09841333373874159,-0.1881430087177976,-0.24342231233963244,-0.27684010586867097,-0.11964949162390809,-0.31155870303465677,-0.1913224031565903,-0.11902816901970274,-0.3024454933410147,0.2254702202815917,-0.08157144443044291,-0.14233258588019587,-0.03108032235297764,-0.2769447385341651,-0.5316472873769271,-0.42409872880186095,-0.23581505656850402,0.3786829591763572,0.1254197738665054,0.3985449655182611,0.35303999735386504,-0.18700915448091315,-0.1016923716648109,0.4755939822091626,0.4587271066444311,0.44478499500934926,0.3339079931060259,0.11770964049683111,0.15280178778268363,-0.27881035175030355,-0.24624149522247465,-0.3321873002039959,-0.14188249072849218,-0.0005095190304606935,0.05392572798949643,-0.019990911612446986,0.004422368527880842,-0.4808091996240711,-0.2986604979646683,-0.437833831138354,-0.4410907775901077,0.16811017496915817,0.2129101706129086,-0.03588817279258915,-0.13526049175365265,0.13644427280823973,0.15076188633940651,0.2538451488001114,-0.022216945327569754,-0.11980439467350726,0.07787965937007822,0.32288600634681147,0.24789535073383182,-0.22895349133463888,-0.08236400706385488,-0.24859318224722635,-0.19728533858449065,-0.44058502565157237,-0.4959270307954356,-0.09565157349640381,0.06192757403285276,-0.1830016399828167,-0.2859379759846036,0.07855381632140182,0.1502444519321828,-0.06661274494443245,0.13220604605610806,-0.036422761840813576,-0.18024605902367302,-0.055954954396686504,-0.2746314922835193,-0.2928697103236514,-3.426714343153841e-05,-0.017649633623765502,-0.06566978004652216
-0.3640365788076609,-0.4932556115395973,0.5131412905437915,0.5186470255373119,0.3494027379317304,0.26371572857330805,0.5774008460736805,1.0,0.3190694588480423,0.6065499177157139,-0.11034286321892164,-0.07840547033734999,0.13490216063585278,0.24771067897908947,0.18963487902737813,0.5143213271541699,-0.49989020670414835,-0.37623820218983245,-0.15592531187675965,-0.33308425168796457,-0.06002272293028591,0.012338693309374685,0.1140576849521317,0.4365914744437653,0.3220675213606232,0.13286487442371606,-0.0047113190422045665,0.040370465894172,-0.4100825044589411,-0.2140261418637689,0.39629930514065204,0.3160909160571165,-0.3333716320591981,0.10386258446634768,0.3335746402089134,0.4064512786107609,-0.5407373564149871,-0.28606352216699743,-0.1834085148596486,-0.27778617739545125,-0.36555612104923,-0.10051877567761634,0.058878437683223366,-0.06277307500633977,-0.07967982191823253,0.20086286603861456,-0.15249445163906405,-0.058551902144086294,-0.03546677072697113,-0.1501015214303371,0.17670864214636695,0.04720954735080184,-0.15673421499869067,-0.18872814631479665,-0.3038951282647694,-0.4062570568599111,-0.513611113711415,-0.6127623616529744,0.24126826812704025,0.14747019621127702,0.06398117411222691,0.399233266807087,-0.48030853670721135,-0.23735152574957247,0.3585667092839659,0.6642906848320841,0.37514546522866754,0.5604326488716552,-0.05896352540841494,-0.0032912679735734866,-0.10517607001927172,-0.17581331681458218,-0.4838151688332518,-0.03600669839099274,-0.1496287894911,0.1211238833638664,-0.05034499816366988,0.08637936306851568,-0.4790784497299454,-0.5527637191164595,-0.4633857713962957,-0.6462397034292473,0.15111009209161275,0.37597276256047213,-0.021603320822942237,-0.15498235150576162,-0.03914707141784298,0.1641626797272268,0.28443250446652035,0.0972151229544008,-0.17851578471817756,-0.12330297237287495,0.4067440024490766,0.15046631320701448,-0.22541126159625216,0.04152198391216764,0.010236802167988992,-0.3064599324351922,-0.2998488136771355,-0.33097088293818466,0.3887164549566664,-0.0647472583804848,-0.008880369548284032,-0.16628603056715707,-0.03091426237961448,0.27161212286852293,-0.028187529615855026,0.1833473361107295,0.054430648829956976,-0.12643144461546466,0.14021498321008782,-0.20717608415909483,-0.13374485753723134,0.10883526412738849,-0.05791666745805304,-0.08369342887127709
-0.07808164593438548,0.09405299316939487,0.2641792860634515,-0.08295950634815596,0.4319698457205346,-0.019168854661797328,0.5151387761908552,0.3190694588480423,1.0,0.6806362704618288,0.30568361961872303,0.018224447621059753,0.36151348507473474,0.12462930172551034,0.49136085859391043,0.48820369294547455,-0.017189483748148614,-0.0910621966890519,0.07304763164676614,0.0015785067122020316,-0.06154525384874061,-0.2731983314690725,0.09564544380778196,0.09799962798694992,0.15817832966973597,-0.23946909142253323,0.10491631571919921,-0.13879217503238908,-0.32359318474070276,-0.33405255260578803,-0.19964010746761332,-0.30018483072720153,-0.3658921236864347,-0.12499222793559218,-0.09416464692057365,0.07910615082534746,-0.3047109461278718,-0.2752949039699863,-0.2955317536391523,-0.2671189757049458,-0.3041142241505031,0.004567993203167291,-0.2062372625881012,-0.35974982325873595,-0.21913061591749244,-0.1402303176467308,-0.32560148089955404,-0.15748281940744008,-0.21177106438607066,-0.22381967799477165,0.1988526968670144,-0.26734554418126283,-0.21334106922360788,-0.21970457439450125,-0.3020707807328761,-0.5034441352746044,-0.15597042558095126,0.03614571018523099,0.3325692380709982,0.05877305723959221,0.43118431678059477,0.3164466910831266,-0.013122804762002598,-0.17822492379302068,0.39492793495142675,0.40677728404738756,0.12178034270877341,0.055022610359206116,0.3735603043866644,0.3207382318113753,-0.054652004432392064,-0.1012194243324224,-0.3631264088924771,-0.03829409203217999,0.0594711938252209,0.1751896384617048,0.07825643163864568,0.07390221365335659,-0.35870757142987,-0.32599825156032936,-0.08977636502856685,-0.22661932852574232,0.2618508529062918,0.13232378798435354,0.32017362932016963,-0.19844823005550954,0.21585077556462573,0.03592126393806188,0.37415307463597675,-0.1191438411493482,0.06530664699245436,0.11912605569305006,0.394950227687434,0.48092219635873074,-0.17949201347332813,-0.23534158175950148,-0.4366673658594553,-0.33496271331244537,-0.5225411351190671,-0.3196900342632571,0.07242904922008057,0.2631779149109574,-0.1387104204814811,-0.0765461277477296,-0.003937547638656624,0.12221566653506749,0.24546499733535157,0.14295908816193517,0.07865774334787186,-0.07079944426034428,-0.21871223095215592,-0.21716847613673732,-0.0930802104644743,0.12315122808117109,0.15647904997482867,-0.15231841213483552
-0.1923942558271417,-0.07123457827114216,0.34872219650828534,0.18764658633905468,0.30392890831835784,0.19876687300666232,0.6264928109590473,0.6065499177157139,0.6806362704618288,1.0,0.1680040479291421,-0.07075973561283092,0.3376769605124395,0.2323977348413335,0.30278348304280656,0.6308585147879663,-0.2947570980775378,-0.26342831619034285,-0.012048980533755816,-0.23919807661234496,-0.1654797367110389,-0.36107897753741536,0.15570897711658238,0.2686977582958253,0.37589613268997896,0.04554286847231196,0.1613882144437662,0.019891058403411058,-0.4617026389459919,-0.41342838300889523,0.18098828649683632,-0.03592474355455422,-0.2719742810084849,0.08253875708198455,0.12277796653081563,0.312093309547381,-0.5376367342903977,-0.46019720327178226,-0.35665401855808165,-0.3178173727325503,-0.38962024370639536,0.04372648946842067,-0.15671983441447132,-0.16847425448730322,-0.17498877814991082,0.06346450272197296,-0.2650667462102798,-0.13910238995757077,-0.10505359676089997,-0.18316403504091458,0.27165010220194286,-0.1593702686212053,-0.29274436119989683,-0.1852917997129272,-0.3881986524244176,-0.5077005757491542,-0.356327174594588,-0.20451376301258556,0.3597089770531946,0.03529231430409977,0.33116094319925693,0.4018225518869729,-0.2757526531398258,-0.34381406256172087,0.5248407746313546,0.6264790168455228,0.2758758688409092,0.3318246507956605,0.3158336685267469,0.2128065044303689,-0.09338099810232876,-0.30476566323839155,-0.5062819247119137,-0.04336396329311017,0.049676987163916164,0.14077129795533994,0.04733534970844582,0.03616501954436579,-0.41471462995610126,-0.36875667905787785,-0.39989745232038626,-0.550035708586677,0.06573116137104697,0.08538328028394357,0.13953561597439187,-0.2254105912649552,0.223790709950943,0.04823392600559178,0.4506632751728035,-0.14393176696079543,-0.08674927750481673,-0.14650423841058888,0.21335559909163213,0.23945492904929358,-0.18159201242006912,-0.20923587540391717,-0.27598206617185556,-0.19411650067773192,-0.3858943897207175,-0.3740928271917688,0.08525256655213213,-0.06418510073476469,-0.19085079152222242,-0.22294306336488234,-0.022306546355795234,0.26692449586420874,0.15180731118087615,0.12445853380334913,-0.0696747835815033,-0.020158072382852804,0.06698114686618008,-0.20490553890629865,-0.2584444019652939,0.06342664911849898,0.12968271415382235,-0.04534320181840907
0.2264615000420932,0.3464960332901925,0.08671062920625576,-0.42538545218629076,0.03189757182231971,-0.5446151837459273,0.028748928034160938,-0.11034286321892164,0.30568361961872303,0.1680040479291421,1.0,0.5993829734019983,0.6042065058509153,0.5185447182093005,0.30211975902446464,0.2821301677363713,0.5222136368922118,0.5271992628367876,0.12148820335810391,-0.028881424887267384,-0.05602764320241247,-0.3284324636234472,-0.2388015992328509,-0.46902881623723175,-0.25138708466476634,-0.4579839686399103,-0.2302672706834557,-0.49481950125820007,0.3235454051287282,0.20036371108482737,-0.08447393324392895,-0.3665912939057578,0.2802436939185818,0.3437981113462632,-0.09893078901598062,-0.0781542056453209,0.06829798862460987,-0.26297625495506105,-0.4845112817883214,-0.5182170377261534,0.06016720334661125,0.026526691045244872,-0.1950207202099889,-0.15454287866795222,-0.04274800028272265,-0.2032392815926855,-0.041998247986057294,-0.24553290816998308,0.2720161097272658,0.08880726640664002,0.3613749291122314,0.16117319058797894,0.045809137935895985,0.01999932642398922,-0.08987891264095135,-0.2717535973293018,-0.03133172696293547,0.08987778205457096,0.21438185746953517,0.02790195472965735,0.32250533864762054,0.2753014457569325,0.36556278051393626,0.22707021489221613,-0.018539143226259724,-0.04151945704134267,0.09536385806820225,-0.30747586097528723,0.08571899542316598,-0.026369212325738967,-0.178024203527163,-0.25178508813891715,0.17890512043923995,0.2529112789717604,0.41663280697405597,0.24527941658859054,0.5200042406374171,0.026339133200145335,-0.041892140733586866,0.04769675102283646,0.3500254235546636,0.18868875449973502,0.29659426484883966,-0.0047470286211612235,0.7676845682863254,-0.058610912088192586,0.5448198405260819,0.276832743546391,0.018250770189053904,-0.5072521979740303,-0.20842580812060146,0.008460515371783944,-0.14957949421173894,0.29278294905604396,-0.3220723167735348,-0.22491523896896895,-0.16848611583807963,-0.021911670088474073,-0.021720076640423247,-0.09390412999646701,-0.04879069982483877,0.29429641239933985,-0.2076002443131989,-0.24379868450677813,-0.05456655086190258,-0.16949301441828873,-0.17149635806009694,-0.2361301369189866,-0.27147560902670115,-0.14608592400063633,-0.32032830588142336,-0.09229258388523885,0.027707523000739986,0.10224249904661872,-0.17900817517894765,-0.07747224431546222
0.16809636713014106,0.4019213445249626,0.051890672174839135,-0.49618743589902164,-0.012235242260868154,-0.44403726433121005,-0.1865967383787142,-0.07840547033734999,0.018224447621059753,-0.07075973561283092,0.5993829734019983,1.0,0.42964044451453787,0.7969111672544527,0.07931407979618428,0.2919750491624031,0.36926405429566495,0.6677386204300766,-0.034105047107155076,-0.2222842891889608,-0.19545609181809223,-0.22345029401515734,-0.5234579572780025,-0.6172046175076172,-0.3560042067983167,-0.5135993323449335,-0.41924527136958334,-0.4624905346878419,0.3819520533994133,0.3176456280881088,-0.23212464109503786,-0.4433564961184265,0.2743284986173246,0.14017023881468244,-0.08162057563897598,-0.1532978538720988,0.3160735804394603,0.09580924772196826,-0.2318333046109826,-0.17738222018253275,0.1644016141037881,0.11877057160652454,-0.24070341636185666,-0.24202429940106765,-0.03970916878234176,-0.29257293166338527,-0.10462878627329897,-0.41271360417649317,0.416903732979182,0.21977841023527764,0.3655998928090445,0.46177932859107973,0.28176608970859035,-0.025645556484735408,0.3804477996213311,0.216037482618991,0.07134166248324007,0.038290364817934026,0.09127683259258305,0.4069130182115654,0.20736877936041156,0.5433411027707291,0.2971166830804256,0.5554314114002282,-0.34010211388296374,-0.1084153146982226,0.09350650734184317,-0.4062600319325093,-0.07900550963485795,-0.16165204980905007,-0.22019601486091442,-0.25997030835496465,0.4379771540359141,0.20490455522892886,0.3775721732633,0.10745518728659151,0.26336856643858714,-0.24809449271478973,0.08488076958707336,0.17973750302526256,0.4024872974592485,0.28480018532720436,-0.0022293891550590364,-0.06327746778153788,0.44053166168563734,0.1690164230535709,0.1751351745390505,0.2675295228613691,-0.3803889017513709,-0.15892099300869877,-0.19441994277884705,-0.07345823440310557,-0.1866754788423793,-0.023666555957301386,-0.13961554990624353,-0.10549145244895683,0.02381866599483025,0.12219450472630825,0.16521735313294308,-0.07551567821114934,-0.011189268293755267,0.1246133507898287,-0.06216181774185613,-0.25727685029220126,-0.1272790787029295,-0.20716927302658492,-0.056193881563437374,-0.12372646605930424,-0.20034888751811217,-0.03288363908867982,-0.34226319260680443,-0.2610873813140168,-0.1109430034686742,0.012848086563884503,-0.08121589849920935,-0.003955421802020058
-0.1460150185826729,0.27315956650378276,0.5104978824978067,-0.4487603418451705,0.05651729228363082,-0.4969920028408968,0.41387007314457247,0.13490216063585278,0.36151348507473474,0.3376769605124395,0.6042065058509153,0.42964044451453787,1.0,0.5417921279353006,0.5052626141703426,0.4208662102053432,0.5058570172841689,0.40892528452383936,0.10835221461677544,-0.12152376022177702,0.03290913742097935,-0.387028103746607,-0.18337984795571188,-0.4234985360159413,-0.20432945743243164,-0.44758670083384067,-0.4022532247845269,-0.5390113316699998,0.21022537995594934,0.10375010994098209,-0.1452904467700511,-0.4538440570658734,0.2670921842128668,0.31169253085039333,-0.18973883319212775,-0.15236470740574776,-0.11223577744608189,-0.4167249430727457,-0.422014006456578,-0.424644503218356,-0.1670478247267768,-0.07761579551832143,-0.35193228189577774,-0.2847561824536463,-0.22451064214102473,-0.36818016897128425,-0.3034370403983053,-0.2845381721936766,0.10443322699150888,-0.03155478309270877,0.5562739049404462,0.14033333531027728,0.26308093686640704,0.0730979479210279,0.031404360884845564,-0.28502480990401324,-0.29477434068724917,0.017701102748626858,0.47204669115159303,0.14425387856613264,0.5905412953465644,0.39754444220155855,0.3873371313531248,0.2546074445203105,-0.022598729797135567,-0.05975847487736681,0.5049721145826986,-0.12032746712559007,0.08576270539041936,0.1776008382767393,-0.304030033515805,-0.26707584394236833,0.11811193584616998,0.07543602340245525,0.19901591815041517,0.045296908003946805,0.14744860660063874,-0.16843316680536377,-0.19481927251213996,-0.042445024098243155,0.12255469740814065,0.06214786640321974,0.1972004828604685,-0.10439558431982528,0.41980481587484325,-0.14559718116636833,0.38812905225918654,0.2903567708938245,-0.12158968608186291,-0.41832272313028845,-0.05692794556607224,0.18930481242622413,-0.11548957382300622,0.339087043676366,-0.23844869421761758,-0.2028486919972882,-0.1351787633790145,-0.06102289872845213,-0.2258761344990757,-0.3423207248132026,-0.18863153672482885,0.37733858426084643,-0.06371957555749036,-0.11556145895930055,0.011366331723617836,-0.04221761916370558,-0.036516290825379966,-0.08060504312348925,-0.35034321169389804,-0.35972582239540873,-0.16960342586600757,-0.143442327659083,-0.19573260728174358,-0.04005562658771004,-0.039517560747493734,-0.05206379180834985
-0.04347033201588686,0.2529084389197404,0.23043267274632837,-0.25682883629667363,-0.026057284451677067,-0.40096411339886184,0.07509579752352019,0.24771067897908947,0.12462930172551034,0.2323977348413335,0.5185447182093005,0.7969111672544527,0.5417921279353006,1.0,0.14790899164767007,0.5779223205920696,0.1431345729477425,0.4258057020785432,-0.03940889339681228,-0.4958350589372779,-0.2891380318747662,-0.35467416751069475,-0.29403318197191675,-0.45601331410226786,-0.17410165421184046,-0.3123411555179941,-0.3853764523566829,-0.3835459793026498,0.2260874588479753,0.12466252199396154,-0.01834022512300707,-0.29786371490557967,0.251669892769829,0.3206492130350078,0.14081567293143601,0.12470070169037432,0.013082053216866906,-0.19476955141690405,-0.3010663291444427,-0.26640711568315606,0.07455985597597692,-0.02263132261080145,-0.2355777875061721,-0.19603888026122798,-0.06193063677015281,-0.13468909052037817,-0.19221397254853545,-0.43617407026944244,0.3584201484382616,0.1847161325659738,0.5444291203073484,0.4979580512377542,0.22354296890250078,-0.06397729994040148,0.3132663765578873,0.03025265168128314,-0.2381175654815904,-0.13359574029771726,0.25513812737156927,0.40217421984052976,0.3026931057745161,0.7809578570531027,0.013470174141944263,0.4360773417120545,-0.052676696385119154,0.23294750469453834,0.3087877139038712,-0.07590626995781184,0.022613602241932332,-0.09787037831169873,-0.34925497996016713,-0.409264708497528,0.12190992382289237,0.15806538524021452,0.2280232412853913,0.005582212314928936,0.2638446253763301,-0.25184785152169026,-0.08013430854382833,-0.007271027102514317,0.11557586452913504,-0.09245475359033997,0.004639726200215181,-0.076603180500053,0.3900304530638974,0.00502847880886486,0.19741310314126917,0.1306610658517073,-0.1976394198617538,-0.23422801760828807,-0.29567208200435036,-0.22520428881995194,-0.23301197090474615,-0.10465805719609476,-0.20718301367673173,-0.09979716088123378,0.12389413382233751,0.0032022381184743515,-0.00041069401959891415,-0.28672687108963096,0.02907261490372628,-0.01871124642218173,-0.08884655274935577,-0.3747874575401708,-0.17668683526680734,-0.03168868193948048,-0.03475992943225824,-0.1540471569154277,-0.2789479057659849,-0.18125198810318674,-0.17988849080828676,-0.33706641787076824,-0.22965090560638657,-0.07684813379651927,-0.17925965478778277,-0.09724440597159544
-0.2925134507896517,-0.003163311457475172,0.3087672833747723,-0.17594396821028158,0.3341527222536062,-0.2317133583437568,0.35615031642836864,0.18963487902737813,0.49136085859391043,0.30278348304280656,0.30211975902446464,0.07931407979618428,0.5052626141703426,0.14790899164767007,1.0,0.4040719171919963,0.1274717917020864,0.18564798273162636,-0.12751246301981223,0.08299757139711948,0.31738471497077353,0.08294415872863306,0.2056687560730426,0.043576689862062395,0.1557769936823373,-0.16264298858295598,0.11673627119378452,-0.13260742287147284,0.21151353138688794,0.16062687407539444,0.08566059441483319,-0.009011665362052957,-0.020096529301869042,0.1583897159443926,-0.17315139083589953,0.05294923446886369,-0.07202617914802664,-0.11726390175006211,-0.3196829546803077,-0.2834959246590381,-0.175462591638575,0.055321257604619097,-0.2945458541155316,-0.403824534564221,-0.2936611595119307,-0.3247867520276606,-0.3703683087532975,-0.20440702130691984,-0.18444854547080025,-0.04514661117067457,0.21844014810713583,-0.12888444971884075,0.0640754597106922,0.09995042274252867,-0.19170336299095325,-0.4613162525210062,-0.3510054793419602,-0.1388219264438544,0.22039738392246763,0.037244105767749225,0.24191010999508822,0.056094856069606236,0.06882452101251288,0.04895889568858,0.20219120278203134,-0.019129095196083575,0.10087480283286655,-0.17338090268119616,-0.046622217092216166,0.09547135507044911,-0.16477385201895298,0.08775207754181415,-0.21634289325963676,0.054437514754534476,0.12414877586574663,0.1440984370839866,0.018231460148614088,-0.0028337179979607686,-0.20953812264366128,-0.07925408403024412,-0.0515577886481368,-0.03876806085126712,0.5979591048879876,0.29709992550488223,0.3917168950616228,-0.14499469519053046,0.37928769116104794,0.17791151241893105,0.22818902627330853,-0.2903774478624395,0.09182299721146323,0.25362454864630785,0.24130234621195804,0.4009685151952481,-0.13803173554254006,-0.06512145486391864,-0.33098560484546263,-0.4992909794793451,-0.32075574887367275,-0.21964865280522244,-0.029857699425373342,0.2927822513497384,0.13472936699425866,-0.014546267297234686,0.018141329008044646,-0.05082884658390978,0.1686607803444637,0.09649333634831667,-0.071016310309997,-0.4211698461958609,-0.17940830751566897,-0.1950980032377361,-0.08927302061995739,0.18259807089415403,-0.006080329789706137,-0.15188593629297514
-0.18158738127895813,-0.07023113141277054,0.1987776259510365,0.14340349185212017,0.11829661641511315,0.03527106258968336,0.49920120170225607,0.5143213271541699,0.48820369294547455,0.6308585147879663,0.2821301677363713,0.2919750491624031,0.4208662102053432,0.5779223205920696,0.4040719171919963,1.0,-0.21543404802588226,-0.05461062907549847,-0.004755884618570665,-0.5307731523854452,-0.2164135174100065,-0.3515042631530285,0.1991957716940079,0.07985984438532151,0.06281582903274782,0.05804236988703999,-0.024245241384888365,0.032561440986005476,-0.028433823272432542,-0.1699250308705987,0.3072182408605535,0.004700110895492109,-0.01982115053084779,0.3662595283682077,0.3397991650104512,0.3589782988784448,-0.24459870398964798,-0.4156977295555003,-0.27751558778471797,-0.26114414150316145,-0.0244014138999029,-0.023752366630187437,-0.3315257343193976,-0.22991517263440103,-0.3418420295149637,-0.11574514460391723,-0.31795890947619787,-0.42427143746174906,-0.02168246176531938,-0.23721967133103472,0.45194253856674493,0.05465236473041755,-0.08270309470265126,-0.2151775739695125,0.07138957217038218,-0.3274841131704206,-0.3980359164028254,-0.2578415997219774,0.26240075980394284,0.16251512639190477,0.3709003785433662,0.5459141942299581,-0.27851758398790266,0.01363062420030209,0.5343571707265332,0.6160427265240317,0.3011771404179089,0.21014903503575053,0.23208971283023216,0.013873304499212962,-0.33857659211227037,-0.37916287182704966,-0.19850065839413142,-0.013920782362523662,0.16587729730749262,0.07852015906558879,0.2117232027145671,-0.23283671885221138,-0.19850444329770267,-0.14573851337468702,-0.18494970542300954,-0.3542770206587065,0.2276682671925136,0.2310133618659078,0.34474887988066144,0.10160024165111116,0.25406760743656304,0.08458711256547993,0.43739520896550377,0.022819624392831687,-0.48747010707802507,-0.400735335470348,0.009219398467651928,0.014591347124829745,-0.33739033130987933,-0.2657271035945087,-0.11891784653334346,-0.16416239539884542,-0.4348324867160765,-0.5379121622700762,0.03224315906405282,-0.034875513829656375,-0.39663361678972586,-0.4962030889284083,-0.24715353151528152,0.0038997528579267668,-0.12377283263192017,-0.27736967847693794,-0.12918229769588513,-0.1707673192598941,-0.1590926243347162,-0.6175269767775553,-0.3888494240947962,-0.1121322337363139,-0.20094360011000845,-0.18937605484194894
0.22182653358038848,0.4453854925264705,-0.036477027284268895,-0.6830939885656648,-0.276410062449817,-0.7052155502360605,-0.2637792113292363,-0.49989020670414835,-0.017189483748148614,-0.2947570980775378,0.5222136368922118,0.36926405429566495,0.5058570172841689,0.1431345729477425,0.1274717917020864,-0.21543404802588226,1.0,0.685029518053079,0.17685891494988268,0.2667333554934548,-0.06379787075339213,-0.2663658518277684,-0.3472984203544867,-0.5710051552706129,-0.5184738694182791,-0.5913291678580843,-0.4869469240410347,-0.612649574238156,0.4611250066423951,0.36013981071648926,-0.47522667652866313,-0.5547334735950608,0.49617317266341615,0.12120380758594392,-0.462062853991187,-0.5421890278591681,0.3460654757300638,-0.086230344229767,-0.18867623879025702,-0.1366945671477886,0.14951824802107128,-0.015471212700239292,-0.2897545014998336,-0.2335925617936084,0.006684699199364033,-0.3982838873238473,-0.07802872514397785,-0.13200173170651014,0.1369531210136404,0.13803439675334384,0.2564012652931163,0.058607325200872105,0.28406808711589343,0.15881414494592533,0.09255752786430195,0.045761413090647074,0.3279352031770845,0.4393136992088895,0.1706416117433721,-0.011975698669031,0.3438530713471687,-0.06120643522298107,0.7926216981894358,0.3674069200164892,-0.42777862470205036,-0.5759110885032301,0.022569992495621676,-0.5833667046507169,0.04723600568688938,0.130735743800261,-0.044123698380309606,0.10619981496046521,0.5280762495595583,0.20261711327322762,0.26767465690878856,-0.05477876700842946,0.20993887006040035,-0.11905037621372949,0.3051706903188831,0.25492442958953615,0.6883655101446854,0.6627837229557907,0.09884133793316682,-0.3182093104711679,0.4797992877153429,0.03967295073799577,0.296458842830422,0.23828428465397036,-0.3114998134757031,-0.30926256014747033,0.030188246211768556,0.28783480618123314,-0.258186885115813,0.2611953632707367,-0.16187456627298963,-0.07532440309555237,-0.08775525654043731,0.27228285299698324,0.06955682581636059,0.12692890977546897,-0.22558310169365667,0.4310295414606076,0.019003001299801762,0.13772690249430078,-0.019473718357606844,-0.26090895690397425,-0.1034725133725338,-0.14617771074898542,-0.2694665664416202,-0.008467003370114703,-0.3153235708889889,0.14937714991490375,0.1946071179397951,-0.11397328895941991,-0.07306451940552118,0.04461053062269847
