1.0,0.1568045857369851,0.18391978940005607,-0.22233274842372092,0.43934325596247703,0.2861132695543166,0.5043423627429051,0.023328797746670925,0.1925181862167003,0.40676074874153156,0.21183381826469,0.3033539829218563,0.4338308138956316,0.47143240762063604,0.025887112898602245,0.10776969493869716,0.1790828111943226,0.23591688658529647,0.3109886624002762,0.40976284459230206,-0.019856231401863392,-0.034254136110732816,-0.2626036114320285,-0.3347939961356045,-0.14648462358507283,-0.454915062436002,0.15329474311178548,-0.37364027133792455,-0.13888931436873703,0.020587780048215563,-0.3322665858090796,-0.34722902434409986,0.2147010162614459,0.2042728230362986,-0.18519005723245818,-0.14910705514753705,0.20170249902413093,-0.381058317653581,-0.35517041016034206,-0.551510486128369,-0.623476667271608,-0.5457155015419463,-0.3059198352053882,-0.3011071537176155,-0.20353905742675157,-0.26466957112990463,-0.3879035844826486,-0.6914509977315442,0.13752877720882487,-0.005631265507011641,0.055092335800009176,0.20805058404097132,-0.18671942645669848,-0.093737019812615,0.08427894822383124,-0.4194744136011117,0.5729939916180774,0.13293078467189723,0.60885915442776,0.1449778437974029,0.5589118005921302,0.3219722603699382,0.353867136677287,0.3378281516678244,0.277875386580965,0.0005370037720526291,0.11373393836388204,-0.07964317509109616,0.40137414888226525,0.24500951797722673,-0.06355063154730073,-0.28879296423202266,-0.02752977145341832,-0.05615848567999801,0.2711848743250839,0.21773004806783902,-0.06425188244344536,-0.5875108660221411,0.25983656534942956,-0.061472285529110215,0.26350498775610737,0.0862113343075762,-0.41773941442170875,-0.18530722246212195,-0.3115675477948989,-0.009446240880457509,-0.3344349293313177,-0.28907844742296845,0.03065973689543639,0.08226502014407686,-0.023333238113274403,0.08399154678425749,-0.030768983552102443,0.22059586315121316,-0.2192893311224309,-0.5676925599825069,-0.6956689327095807,-0.5235189155384555,-0.05993778709890473,0.19507660284619957,-0.10044254888744174,0.23804286614124043,0.38168251930650693,0.15691971801821228,0.270880271048184,0.040651842534492735,0.15315916665839918,0.3169479876757201,0.2308097444442455,-0.47094264717118994,-0.6552042693519669,-0.04384792346208922,0.009698237015011258,0.3120794041750065,0.28021626218449647,0.5011454742751649
0.1568045857369851,1.0,-0.2535086367005611,-0.42606040913516957,0.06819426992909093,0.11699709046142938,0.07234554193600655,0.2681754861294294,-0.1175712234836901,0.2622079068273972,-0.04500606563822573,-0.06213241642275231,-0.03301790518217365,0.4677039329007534,-0.33604462995613293,-0.15267828379733567,0.40040157876532434,0.015779129473859607,0.0583558333405526,0.23870884985522295,-0.26455294506054056,-0.30275143594598936,-0.5957068198954423,-0.5849009219219243,-0.36689380371975283,-0.5158372901342604,-0.2644783302987772,-0.44947545775876235,-0.21493616353528658,0.20240117404771002,-0.35035730269657295,-0.6331814328582512,0.28983381767346855,0.12559341801948037,-0.2681378583898138,-0.030355310625649515,0.3808224285906962,-0.17992252474191137,-0.1960310259220899,-0.19750394276979352,-0.1766226143198258,-0.32550900159172197,-0.474351962256179,-0.4343348830796855,-0.06799881394930973,-0.17229012685821096,-0.28141058579905726,-0.2298767830570943,0.06500453928915131,-0.012356836881362817,-0.23662607910243894,0.4302098074348409,-0.1117944175623202,-0.38046665925190676,-0.03914570235575823,-0.10709271081492719,0.3156982705232416,0.3437386592003027,0.22193962583931462,0.4722394350220727,0.41235440718441224,0.6900695455310127,0.3687317041782602,0.5142897784741461,-0.20065726200599235,0.2272958259047031,0.2987613043101951,0.131337603983166,0.2629774503374417,0.10541757363241787,-0.20035604095043022,-0.2574826937015658,0.2637580178669994,0.004964474947591648,0.012434049721097188,0.04534860328977999,0.07064096261227147,-0.29955851364041075,-0.0713970517989501,0.021777406253054684,0.463627664280845,0.34031244145649026,-0.36261360366689394,-0.21511584791003652,-0.4324687982007622,-0.0003257356207972334,-0.34099534647645785,-0.19142635504298683,-0.222478304376361,-0.03376626638726348,0.15719347050118598,0.12012819009241121,0.32992097547754184,0.10749168490362229,-0.18368938615162123,-0.0903195383162583,-0.10146665803834189,-0.21348359027537853,0.21147762923305938,0.24190091020826043,-0.01514274768131819,-0.1304963972349764,0.16120272219974055,0.1613541398118618,-0.06970549249832193,-0.07557879145690014,0.3278192864422416,0.21708413151670164,0.16884115086956006,-0.09289963698231855,-0.3423093765998056,0.4486988674376024,0.37627496305836655,0.1831747642711873,0.07774967256580072,0.07823276961165261
0.18391978940005607,-0.2535086367005611,1.0,0.08785553799627861,0.4478777381696239,0.12811928770521577,0.6688725342866164,0.28452504106408855,0.41144592128279833,0.25623599551806625,-0.023371667169039257,-0.00029848123053029176,0.2810213021691477,-0.14022388353020418,0.04499693298231638,-0.23280648682864236,-0.43492238656690163,-0.11092368827295575,0.1468850620084966,-0.0004502024101951797,0.11791452595126443,-0.06972025058912205,0.269969201490869,0.1660720447507088,0.27288452798032076,0.13993385520981427,0.29184629429451997,-0.08607286748884754,-0.3151139165484367,-0.4854760560837992,0.10226280341353745,0.05156840563601343,-0.26379743241065434,-0.0770511441101381,0.11614689188413678,-0.049831762848260984,-0.5940729858615552,-0.27511927575637696,-0.18859307444064105,-0.08632281966002538,-0.2488358520115615,-0.18017200942420356,0.1299875754562907,0.17637879371611298,0.08191283007891394,0.18091681003355464,-0.1420540729359273,0.07066685206452514,0.36172207446920357,0.26488609142328295,0.1825458534098534,-0.0018993147985561564,0.06479605013512209,0.30187920947624064,-0.16167444269571377,-0.2668423050936313,-0.3119189204362076,-0.21574673327962124,0.009026890262911603,-0.09921057620981497,-0.061828859302832134,-0.2244572477720409,-0.22971607531307844,-0.3518152236573299,0.2479880314568981,-0.03379830070079764,0.04889197197391767,0.17279590193502944,0.09711907001097303,0.15069015577856487,0.046721421496833504,0.03560915148272445,-0.3716176778085364,-0.3301532619061391,-0.27640043180912927,-0.12992332551219732,-0.2544222987867043,-0.17126259019639706,-0.29808155935499486,-0.11737038802746949,-0.4005372156888848,-0.3635016874913232,-0.12081524635793522,-0.18215251583493086,-0.20639501198401797,-0.4509182574358312,-0.02152697986061917,-0.2946254374781935,0.07668670772864933,0.03766637633199377,0.31143550404658205,0.4173928967744362,-0.043814785987755706,0.2377369122305061,0.016693998548209524,0.013492487339085733,-0.16660389163893047,0.1368865719850965,0.040802990431499826,-0.1997889614117396,0.003373078397620851,0.10273268737210925,-0.13629190140830963,0.12402413148274133,0.012387979077660915,0.06709587381185003,0.30469878016397417,0.1166576817340113,0.1288651689109239,0.020250813588664235,0.11324302997182095,-0.35467213240759443,-0.17096354931929406,-0.1001025920249464,-0.06276065825474456,0.01310730532561882
-0.22233274842372092,-0.42606040913516957,0.08785553799627861,1.0,-0.24972065496322376,0.1200124821818361,-0.22066458373063255,0.022073686463382917,0.4546364424324542,-0.0853723658575079,0.03175478733758243,0.33689340279959534,-0.23435140351929057,-0.40194615922932203,0.4042002906951614,0.11066404958728651,-0.1579797104663488,-0.04678109603073144,0.3111139380494014,0.09533258521831776,0.350062355080076,0.22006599087412781,0.636515071640505,0.7150138574267818,0.2023772750650288,0.6547466051614913,0.25762017216532707,0.6298085584455174,-0.16492875668283802,-0.3853239878797714,0.2059125889703474,0.39651903423531926,-0.17421551263595483,-0.25147218124672166,0.19078957053339357,-0.21672421730468314,-0.3067745507997075,-0.059770575589900135,-0.2341033725626063,0.011628090278983587,0.13804543554703944,0.1450356017452182,0.05669476982600388,0.146295467671283,0.07681936053605179,0.15916983702545368,-0.05169924148163047,0.33100587729481545,-0.2763908871854061,0.06565409994626134,-0.03429323900601602,-0.3877460968631737,0.40007594407265334,0.32077572922313546,-0.22713356979705823,-0.04587226527593009,-0.148814252517875,-0.3774220015287046,-0.481440180385631,-0.3926315542156436,-0.625186491331931,-0.49186384150507806,-0.19281405391592377,-0.34743087858655414,0.2985115337541919,-0.03423798704665196,-0.31412749243371624,-0.012652614530955945,-0.06948759762782378,0.21368159253251928,-0.1290372249660146,0.06688379322484246,-0.5010427903595198,-0.005425409844747531,0.048340373758620284,-0.1847295885136029,-0.12486331113259551,0.08576598239186506,-0.1414290700837083,-0.1878042428093908,-0.41089169210744825,-0.4775636002615022,0.2627636251788561,-0.09193543115427417,0.34493670712584545,0.11704578357884582,0.45449339825113555,0.19559682610733606,0.38630657027515697,0.26600138873872675,0.2060796531402952,0.1441997327768613,0.10340333808545309,0.010867366676302264,0.04718581920474214,0.12712959874543445,-0.06558312820596293,0.22677535638680554,0.15604650773010778,0.1527952793267326,0.11560650367654082,0.27001920696960996,-0.11424196133968383,-0.10017424038831266,0.11409052310977927,0.22810917814767975,-0.23729604622858133,0.020910305585258315,-0.14756970008070536,0.22652472752296052,0.2165881535333866,-0.007866849545976181,-0.16720704149659102,0.05753320864746652,0.04081947704636086,-0.00907495627993424
0.43934325596247703,0.06819426992909093,0.4478777381696239,-0.24972065496322376,1.0,0.583665403447674,0.6215179815187064,0.28548712676414634,0.513078399473124,0.6792106513569836,0.013938648987756866,-0.08412849403636892,0.3550719136000613,0.20898627083604926,0.038289427880461184,0.058444004764759805,-0.030236519582826762,0.07433765871529434,-0.04396205431741819,0.1165849425012527,0.09001009710237827,-0.11267766290717782,-0.1742905523549792,-0.1914690788130779,0.28486197859120693,-0.12799859374359798,0.4654422520874512,-0.22346961196900447,-0.04078411027970578,-0.2371468224385006,-0.4076375377749462,-0.4008217027253157,-0.22169952358712697,-0.12112892162581991,-0.18078769384753576,0.08893603126396442,-0.26575602061020814,-0.29968594442619517,-0.15828786854341795,-0.0022407837690961788,-0.27088153038379037,-0.1311833790579784,-0.18466945595491668,-0.21162610014269576,0.06880141963466364,0.17005177359955181,-0.3571104176025415,-0.22535409184532385,0.42364231902501265,0.42435189492388314,0.14819527205435815,0.14978200750992443,0.07932973209902931,0.02223996681685151,-0.05146669873757822,-0.2765989441308971,0.062352949095326134,-0.11412567690295604,0.258939763573331,-0.0221900311328853,0.2677546968276853,0.09659694368901416,-0.10330297046689145,-0.04605202498912172,-0.025899723175238972,0.06850560584614934,-0.050728983328546064,0.018642403242769657,0.1623601451196867,0.13751204358193894,-0.2186373753220137,-0.5048315429953766,-0.20449431413093183,-0.5126158568405862,-0.29160523442151604,-0.23962374024492228,-0.3800810966800674,-0.3019394638461514,-0.04861896118996353,-0.00877633554910558,-0.03342371935280329,-0.050866993709052004,-0.11218320664624039,0.028801716741139967,-0.3990611525786789,-0.3064207698237775,-0.2644415540115914,-0.20054576982368388,0.20424497424446908,0.1892161673398228,0.2768800324415363,0.3681793824539949,-0.017962924197395203,0.40695360049273666,0.11042845041341678,-0.13335969818467322,-0.32821742194711645,-0.011197023810419909,0.07146185978886435,0.003964008866482181,-0.06090031539176262,0.10577189396768596,0.10659131764612922,0.18371023996977312,0.017268538418493972,0.047902250770082255,0.2709343314975984,0.1608530162130961,0.31104836827137183,-0.1095754761817851,-0.06176922636182766,-0.21475332866421118,-0.061941301404634906,-0.11973066032947545,0.03475111860296136,0.1372011767814854
0.2861132695543166,0.11699709046142938,0.12811928770521577,0.1200124821818361,0.583665403447674,1.0,0.26331992921539893,0.17759108664726048,0.5220087317604362,0.46111258105418595,-0.021447948571887865,-0.037157861333610064,0.16946127203942024,0.11152595386916889,0.12060602974589502,0.2464828550503438,0.2293384701871226,0.18036214272296572,-0.045226974777325596,0.15518348264941217,0.20511215006057898,0.08629362881767681,-0.05320500186904563,-0.044310175638004184,0.29638825119598555,0.13891091101061712,0.6188744155800374,0.14273717736783412,-0.09363057857228396,-0.2743165854365106,-0.5894478944052262,-0.4540616883859719,-0.2100081879049821,-0.27149044383744764,-0.20583891632601467,-0.19841117978716294,-0.09711524768739749,-0.3793966619771578,-0.3557880630956043,-0.10560980319299089,-0.18581390435921497,-0.17993040335907737,-0.27091825255842067,-0.3195333285147721,-0.07444980597300431,0.06893601551936542,-0.23671272031528437,-0.1061783397597337,-0.004811777040431255,0.3469464840979836,0.15513902170942775,0.06240761806486702,0.2562183623137927,0.13064658275315186,-0.11538584302144304,-0.18595772936435215,0.2691134632280724,0.05668006742055875,0.20825567388034927,0.03935792705267956,0.1694443693701691,0.12194143428501597,-0.005576596201800796,0.001945864929907367,0.05606407817814448,0.18661336668470263,-0.1821424064119693,-0.20322721746702316,0.19306231466076365,0.3120301526927695,-0.4180740826798021,-0.5187612700524891,-0.32759093245931886,-0.4249298117394579,-0.06637074421716298,-0.31090430248399636,-0.25176796220646386,-0.25884221936254653,0.13102553673194248,0.17228486682718935,0.14458914533013764,0.10510263013351746,-0.10586961386698585,-0.09120036857198113,-0.08375241559924766,0.01772554140774304,0.04213599266299582,0.01560675325658915,0.25610598462519796,0.3250542094424629,0.1482984606440209,0.27034873078019256,0.11223233629745033,0.2706883378135822,0.09431757044369155,-0.21921875670388521,-0.32600868440064834,-0.12355902316848093,0.10270984104524532,0.2257305839318174,0.2016863577574242,0.17423985700081607,0.27066200167101917,0.20154659261063793,0.212370455969624,-0.00811136981941574,0.1479030216018997,0.10527445718113587,0.2817724644512317,-0.07844794815027581,-0.235478556536612,0.022151603443454366,0.06622039184203762,0.028091846845004986,0.19873086843072033,0.06401227747336116
0.5043423627429051,0.07234554193600655,0.6688725342866164,-0.22066458373063255,0.6215179815187064,0.26331992921539893,1.0,0.5512800076196358,0.26074147436405043,0.5321555328744845,0.04959177532300018,0.12032925248760518,0.5089014135148113,0.381327324900828,0.03546003322608178,0.09781984812600904,-0.1363799846750514,0.04418786901887768,-0.12867142404082849,0.013152817193818523,0.05195470616196378,-0.14266142187905362,-0.18367924252971404,-0.26301544693508155,-0.021727729304008125,-0.27112384606914286,0.1464134580690775,-0.46864746216303566,-0.38674434835432425,-0.2863544003874366,-0.32272453499966647,-0.3702962601148391,-0.13053965603687046,0.06281332084289944,0.03266383355288536,0.15624856614170785,-0.2960018200402417,-0.25618966217405065,-0.23586815766699337,-0.2227029313435922,-0.3405661901018437,-0.24212141897193912,-0.17798821195703357,-0.19245944551024763,0.05976610332496588,0.09446908323485824,-0.26809518465359633,-0.2569450388920649,0.42524780466874457,0.2627078200623358,0.1537551014414952,0.15438200136381008,0.03787586569790366,0.1948224328144183,-0.18830998356117667,-0.32618641260101133,0.09416536610203417,-0.03162666470864584,0.35227724290040613,-0.1111452150773993,0.4339917062900879,0.35452607580966156,0.013529304626221685,-0.009604998316983597,0.32921935465365854,0.32289376362477307,-0.04504043839404063,0.005508636636101209,0.07242485124787156,-0.10106569005265378,0.002805683052722536,-0.17215179933637434,-0.2043665714979616,-0.34229883762337815,-0.17568575297249198,0.033793378413785186,-0.16542048602653733,-0.4048021396460879,-0.19857919490088002,-0.1545014604563401,-0.06030872092547765,-0.1999381751693877,-0.22240297083651397,-0.024594919651199094,-0.447106160355009,-0.45064618993258254,-0.32593959136168676,-0.38262094796579565,0.10178866403269471,0.11886386164207367,0.2272616067639182,0.31181903859286625,0.018645876086376606,0.306866919876785,-0.2614943449892972,-0.21389648875198106,-0.28995526051584025,-0.10931097954917769,0.06667214873075897,0.021641316859164258,-0.20736663748549736,0.06714413194798162,0.15140614691468596,0.12873400798751772,0.062324524562315985,-0.08321697511546587,0.15505031247219914,0.15587189135671564,0.1696892241408918,-0.22120653120031736,-0.19770981462796441,-0.10478329229508117,0.013546983474165967,0.09623243885692927,-0.01076120290798014,0.06780137783311634
0.023328797746670925,0.2681754861294294,0.28452504106408855,0.022073686463382917,0.28548712676414634,0.17759108664726048,0.5512800076196358,1.0,-0.028293333290298185,0.4189291083210007,-0.18576748845530813,0.06523327795624231,0.16675564129123407,0.40276318599380334,-0.21486340358733674,0.10602865753387022,-0.019615550417720274,-0.15755275801212396,-0.3803566344508552,-0.18988289087489107,-0.03262374339431417,-0.18331523208951778,-0.25946228265107196,-0.16759046182317697,-0.16832425095517214,-0.04647443999214346,-0.16621904129621334,-0.328990129069717,-0.4032435308544197,-0.21082197625538926,-0.282198348721929,-0.29089616354513065,-0.22422993305183977,-0.09853538291976859,-0.044707000695796986,0.115882110385929,-0.2430772625112523,-0.1070833730582905,-0.17875260606760976,0.1037958581627541,0.08945520754765612,0.006200368847561952,-0.15685796189688114,-0.1351618596130417,0.08410651592442808,0.17195095782105982,-0.005058557712963434,0.12157526722965346,0.21856834172083633,0.2991300754964051,-0.02168034330393375,0.3240451998067172,0.27002528789730895,0.043899183939326444,-0.15123786133767655,-0.043629240449679765,0.008579665063487793,-0.13246608946202118,-0.061427297507781066,-0.002056079226632062,0.1807759920938924,0.4187947953361073,0.12706256321322537,-0.007925591545031037,-0.08436208850536296,0.5369243768957515,-0.07272160562014529,0.0885642853241172,-0.01597734985200349,-0.07379809894904737,-0.14432591817286292,-0.114282037424043,-0.13899541929372225,-0.3126874852752274,-0.27886739393016174,-0.14447483935547892,-0.015096444464822913,-0.11339054082140132,-0.2468480486277419,-0.21639800632882727,0.008793092199534617,-0.1997633042199804,-0.10670571928701135,-0.04633719807720302,-0.4827610122460434,-0.33755570173014465,-0.1852064841683502,-0.2954766759165934,-0.048700146162614234,0.16441924531839303,0.40671754038056346,0.18747733209719153,0.1122795061471899,0.11998331679628574,-0.16853630864363245,0.13033419187305234,0.09726434176010837,0.2325349575651899,0.16658287126499244,0.06498465069213027,-0.2047585740223426,-0.030553313578508653,0.014365355850930246,-0.11985816591255526,-0.07792320693477413,-0.020056376721327575,0.15265830230606683,-0.05951189912517964,-0.02880587929290304,0.03843315522295864,0.07741583453846719,0.0076097219598688535,0.12990809248195545,-0.2020189641553672,-0.050075100046043035,-0.1633875316786379
0.1925181862167003,-0.1175712234836901,0.41144592128279833,0.4546364424324542,0.513078399473124,0.5220087317604362,0.26074147436405043,-0.028293333290298185,1.0,0.462691466728652,0.23906289703508965,0.20426491968345886,0.14663133209000687,-0.21398924231531835,0.5139185806977957,0.06001167310201974,-0.0867571189876412,0.13110637695999453,0.4228467524723794,0.22201048035427068,0.2626179475156392,0.05235623562409806,0.35338822131041503,0.3459715046696192,0.4016573130419432,0.3700889219834924,0.5317090363587351,0.2841718343157546,-0.07075522301897308,-0.414957299088638,-0.13364148817598942,-0.0406953588098036,-0.21456691438477218,-0.2861291137549112,0.01643534614281089,-0.10774031181725353,-0.4500406513725662,-0.26329954751726503,-0.40808866250563286,-0.16964005230829257,-0.297496782414609,-0.10486339213574622,-0.05237778273974145,0.0007096718059057541,0.12820073516838704,0.20866824613079904,-0.39841608921514793,-0.0008026374114614024,0.1362861418363188,0.33240820651041664,0.11476425181997035,-0.158112241715021,0.18320088164410123,0.1579075222393222,-0.16605059937402614,-0.2780282910668787,-0.15154368550124095,-0.33426625462332926,-0.18267203896853992,-0.21560876259962425,-0.2935642104320466,-0.31809112849080784,-0.29413337554144625,-0.30294812802372384,0.291024595312233,-0.10340531266172683,-0.2166656540610588,0.05068743910396915,-0.0049174298990229855,0.17370176396374334,-0.24546013103137282,-0.4203614298206625,-0.478389429406906,-0.23133191433187658,-0.09024252931094567,-0.26358771280398413,-0.393485925144292,-0.18660914218055813,-0.15141726071297507,-0.042243402972132034,-0.31571044696342354,-0.37288229173146625,0.030889135807778235,-0.17643317898123853,0.08661600977668406,-0.11225018684174001,0.14584888596223172,-0.12401129323699704,0.48192227998937825,0.2480045563825879,0.37199573149130216,0.4577797732448363,0.19390511698676482,0.4231225225024323,0.06484284635211504,-0.1246935696858894,-0.29029651322780414,-0.04985157613619731,0.2042408822491727,0.12973651193215993,0.06362775162947236,0.31811522026776684,0.0108789105797195,0.1679192291226155,0.13484227831051554,0.17913550399045022,0.09046129953776047,0.1846789676337103,0.16034510464257787,0.009871185049273168,0.011543128262761224,-0.09254491526230589,-0.1288733263840714,0.046758253880470765,0.11624314015697722,0.20304277811213847
0.40676074874153156,0.2622079068273972,0.25623599551806625,-0.0853723658575079,0.6792106513569836,0.46111258105418595,0.5321555328744845,0.4189291083210007,0.462691466728652,1.0,0.012202366651570516,0.24087739169784614,0.31159971404898096,0.3889696267740971,0.13400339306282677,0.2042796829686505,0.009569440601912086,0.08599835667007164,0.03417327521190759,0.1849127044098977,-0.18500059065593294,-0.27471631766322263,-0.2719489677132013,-0.22642479219943937,-0.009370004964444957,-0.14246866908799846,0.09511701102701511,-0.30243528000278147,-0.12769768334288512,-0.1194474070755652,-0.3725154809346791,-0.41697619468386365,0.013289704766910366,0.05291048498967847,-0.13641607248118381,0.11926719868599323,-0.18950189923557031,-0.22548249722058092,-0.280161093454686,-0.05822499781812871,-0.30375319421631175,-0.13785128310736453,-0.32339652230413085,-0.3068045566078599,0.14193331874277193,0.14022440680629095,-0.3540191800790755,-0.13859922351171897,0.2991020030651419,0.33500977366052104,-0.08118733741349743,0.04012411481181233,0.07024598466444805,0.025894303982835154,-0.10869770322062117,-0.17433183092983956,0.09908144982416911,-0.14637648566963143,0.14250985962493837,0.049126102221621185,0.24215060129919644,0.27557545759220947,0.07893643786805035,0.10643831832152346,0.175772697119794,0.27587931115997116,-0.141610459066557,0.05589518477631408,0.08399226404201479,0.09214663546181334,-0.24938787357965048,-0.5452265002335696,-0.14276734042808684,-0.28170614945899425,-0.08772222900245907,-0.12888631183719848,-0.2118630453417678,-0.31260752109133744,-0.10501819520398921,-0.11017227047895407,0.0724335519924347,-0.10538865903392029,-0.18713888424267963,-0.0043723724904520325,-0.3511276428325278,-0.24471641228736626,-0.46758128561732404,-0.37668658064289096,0.2450008048397042,0.14742644221332943,0.17419780665120094,0.2693167497482979,-0.00492456882300624,0.3539915946419934,-0.17470208348767902,-0.2152039422759138,-0.30016149778532286,-0.07787529275715044,0.0638113530330902,0.04717493294445519,-0.14729519284067055,-0.03432758466495943,0.09460070592980294,-0.0168285287613674,0.01406631032609269,-0.06469653969293737,0.09225258602591968,0.1689196395636024,0.2778456290539381,-0.14850065885299352,-0.07408845987044572,0.02535116572471375,-0.03178039822825972,-0.08270379101952555,-0.11085354211426554,0.14485135586274453
0.21183381826469,-0.04500606563822573,-0.023371667169039257,0.03175478733758243,0.013938648987756866,-0.021447948571887865,0.04959177532300018,-0.18576748845530813,0.23906289703508965,0.012202366651570516,1.0,0.47568867013116695,0.3796498081845482,0.14052802602211378,0.43382661762722685,-0.07557683953125324,0.014212365056457593,0.11481151122340948,0.15995968598915525,0.12416772331047325,0.03349752802331803,0.14534687092811543,0.28573133466383205,0.26457162815881863,0.18524688871460934,0.16731830619333132,0.1568118989609495,0.0914783584713285,-0.050000459295011616,-0.09953132063749857,0.23119764065197587,0.22341069541179492,-0.06043934694144575,0.23624371537354286,0.38759740178167756,0.2943501783703074,-0.053361204962923806,0.07244546401654209,-0.13205338050754575,-0.4067977515675637,-0.41354059975079654,-0.2899263462706943,0.2036718700046171,0.30748260686489787,0.1177936824655994,0.0907816696851646,-0.09415002806102972,-0.2686163575735445,0.127480662903544,-0.30973694409137753,0.13000508339801845,-0.11537143446680762,-0.37035481977193185,-0.3048820400146437,0.03930011861480487,-0.16665792296395351,-0.053644630171623804,-0.2848983771698385,-0.09364277884539858,-0.2637095215316877,-0.011929987677008171,0.012652589051051598,-0.10910181992132904,-0.04569658811514589,0.4416499224078006,0.10628227150769899,-0.08846896508227187,0.26380704562474827,-0.2682175610547527,-0.1286003470413837,0.11071555228639565,-0.023904562038737198,-0.12076653506390143,0.04934090152974841,0.043192807291295904,0.1716422430849094,-0.003917773531641561,-0.11185077482577407,0.027802869624018702,-0.010375499310840693,-0.17523431436880968,-0.2739111250920862,-0.09029269776527776,-0.18248359497909986,0.13220764597000528,0.002159075871068044,-0.049301977385905166,-0.25869137237399203,0.19851632767293007,-0.25822537941010726,-0.1844341445772136,-0.23076662456647284,-0.12823182909762162,0.02757521587526019,-0.19219370587886447,-0.390766226568902,-0.2176697569581084,-0.5272439947242864,-0.331993321928949,-0.25178266671269595,-0.017789631873346853,0.01983770648980074,0.26534879775819575,-0.058543670953401655,-0.005661191901190423,-0.023394290243160393,-0.10571896229220347,0.12446060689142163,0.010092852170655822,-0.44132121780796235,-0.25623111372145624,-0.09611498832681614,-0.19114249264554467,0.2390212399025212,0.04530288366124258,0.3038845648278538
0.3033539829218563,-0.06213241642275231,-0.00029848123053029176,0.33689340279959534,-0.08412849403636892,-0.037157861333610064,0.12032925248760518,0.06523327795624231,0.20426491968345886,0.24087739169784614,0.47568867013116695,1.0,0.17513437054721073,0.3862262910772393,0.3148910970741833,0.24018886552060836,-0.16585420467632825,0.09453399370770435,0.261352527599907,0.16907820032040244,-0.003938971108916904,0.0077329530971108435,0.2318939786316341,0.2398633108957157,-0.18774942874909925,0.08574879016205807,0.031556396854250005,0.1282296145097671,-0.3010701414643235,0.009068956051726734,0.11020383635817971,0.253537217111352,-0.04892944116511791,0.28872254084956356,0.25095599522176215,0.16376117257697476,-0.1522793360086517,-0.11138993444040142,-0.24967596893222022,-0.30967513157501697,-0.372523452522742,-0.2837037212964999,-0.1139153508415853,0.0331319150565746,0.011419577053568577,0.005080864564108485,-0.31656839021351085,-0.32158684611843424,0.021750229643254414,-0.23969611115452627,-0.09197708178454159,-0.22535672853076782,0.005968464782968122,-0.04582455298980689,0.00727046515821992,-0.15923925147272378,0.024435382668953443,-0.3248924986881182,-0.021688685551871454,-0.2384266784718054,0.021139736457132532,0.10846162866481378,0.03237538720687252,0.11108793592985158,0.5543810919802348,0.39399324282223136,-0.4068650523105326,-0.05085785307071012,-0.12366773789351247,-0.06801922804252168,0.16946880780664075,0.12998305571445176,-0.2211989519008602,0.15740071586085994,0.1240001133333738,0.3171894950352792,0.08233545795767556,-0.32712868839785214,-0.030599964319613863,-0.2931301103832157,-0.2253191240507059,-0.39913917697712914,-0.11991607213750032,-0.011596737509479519,0.09431118408731658,-0.06889270187776939,-0.1527518137938155,-0.17955538547888977,0.2895709224241654,0.1352834270899157,-0.10362449679463609,-0.13866621137787652,0.17672911786879833,0.0342403568788762,-0.29006760515195623,-0.2251276078904499,-0.29052738732322736,-0.36879815167277236,-0.14959822174637066,0.10569588774977062,-0.16541532087477995,0.23066067203084187,0.2557785696837367,-0.27909377489998316,0.020185460336929067,0.12414405567534605,-0.20061975388063127,0.0662434828349424,0.07240145594183682,-0.3214187381721136,-0.30954015047709343,0.028514706391980366,-0.029933430795000566,0.24467500724692146,-0.015978417494624086,0.3659526774514553
0.4338308138956316,-0.03301790518217365,0.2810213021691477,-0.23435140351929057,0.3550719136000613,0.16946127203942024,0.5089014135148113,0.16675564129123407,0.14663133209000687,0.31159971404898096,0.3796498081845482,0.17513437054721073,1.0,0.419470376496062,0.36857177602785096,0.4218946512105251,-0.03640726029268315,0.18533273721569835,-0.18098122329968172,-0.09980407540076867,0.14922177600817316,0.31160709855633717,-0.1473754218004638,-0.1870103921067251,0.11571053956080521,-0.12891104680087004,0.17058956903176048,-0.18907379300670749,0.11608266461423165,-0.08030934847977622,-0.36207211378133464,-0.1523688852697979,-0.06420153253902365,0.15825294702125464,-0.05144862228865557,0.20176951995111686,-0.1405793148262498,-0.09899016334203942,-0.15347020736702166,-0.15928523140682346,-0.16981674541607414,-0.03937858856843241,-0.03781325243714122,-0.07941253007881724,-0.25450891043566304,-0.09298671059933812,-0.07725394411940507,-0.3770305056344124,0.2385518530946037,0.10979623271314591,0.38432401965537505,0.15065756592605808,-0.10826230790206046,0.1559568292234694,0.06729126199669255,-0.25400887520977034,0.10765281377809262,-0.043492276954068515,0.20827725667885927,-0.16601722739367977,0.35304476105425237,0.1581657932719696,-0.0011330822403238085,-0.04918955091846485,0.16982944056055696,0.11443836737646085,-0.1709976875349983,-0.20812222085237897,0.04578678097156779,-0.16559432222672232,-0.1436144590950198,-0.2638639514271504,-0.1419609178382486,-0.4070193296955527,-0.19439816787466502,-0.07871666403702705,-0.2470867218986612,-0.15506824628602164,0.19052369998119956,0.10389655085141411,0.09271646562844597,0.02155662127101547,0.05433908190076083,0.2881680507979186,-0.10866861425662358,-0.014327624643758427,-0.05466572765446256,-0.15369101592898976,0.2394808669620842,0.08883317336507342,-0.19096411973946897,-0.13854153197607633,-0.1737340274152212,-0.12061199077752512,-0.18314584782897725,-0.3173286119170256,-0.18409621865386006,-0.30606389108470494,-0.2806957643777117,-0.3561590577885568,-0.11821315290862798,-0.08779012805925773,0.24832435042536596,-0.030503079890658216,0.23375298229882255,-0.1556112673768145,-0.02131439262703169,-0.01814293919578291,-0.2013224944673545,-0.3242926368409271,-0.2640689936930273,-0.4343255206639513,-0.19438350678809502,-0.0338933728550464,-0.08981878231847966,0.032581034588830285
0.47143240762063604,0.4677039329007534,-0.14022388353020418,-0.40194615922932203,0.20898627083604926,0.11152595386916889,0.381327324900828,0.40276318599380334,-0.21398924231531835,0.3889696267740971,0.14052802602211378,0.3862262910772393,0.419470376496062,1.0,-0.17014078604495006,0.28927418956607936,0.2902502288006246,0.1389884421805353,-0.09516611832089096,0.1391375917458751,-0.16356981012305863,-0.14281122778762542,-0.5707976496380786,-0.5466827903712191,-0.4141231245792877,-0.5668345906017154,-0.13551067157947924,-0.5163756043751407,-0.1784758957342668,0.2495199341223261,-0.41829224604348564,-0.42629938466119405,0.2516776656789091,0.45885496595927805,-0.08161304826574808,0.11169749365822335,0.25490673857385326,-0.23034220158503568,-0.2107762902327814,-0.25347947944336474,-0.2974325857376654,-0.3582199531371398,-0.4776961853776901,-0.4247904438287577,-0.14484146927647734,-0.1542355836542999,-0.2500672884427661,-0.4886491758435145,0.07003310897440242,0.08668625802737724,-0.20267815590305405,0.2676621292171638,-0.076540744298147,-0.20658941930133573,0.08500030609371863,-0.18004708684913007,0.42015734315881,0.09353129874050801,0.33797725596524736,0.19654180392155052,0.5821087166567558,0.6907200424524947,0.44187525141149203,0.5191549638750902,-0.006773817667230936,0.4475297596567994,0.0660864231465342,-0.07554734831593284,0.1431901689858118,-0.1028043330611346,-0.0416756895836806,-0.1685721501529256,0.20554504442636198,-0.07399091365525594,0.03167897552044961,0.21132405835309326,0.11237859587686846,-0.3620012082550564,0.10270444754685473,-0.04855479320624244,0.36469274667330587,0.18132474807187032,-0.31984503869691844,0.04967495337609597,-0.43332155398896954,-0.048001616301537375,-0.547919624840353,-0.25940352434878433,-0.16374501221038326,0.06918242445001543,-0.077928559003116,-0.08747585432224268,0.12543361871626657,-0.020306455923889948,-0.31974606163622565,-0.3581407053840063,-0.2447125611145354,-0.4002548699730658,-0.12966695093534594,0.09884930971017664,-0.3025901218264546,-0.03845626585916432,0.29003161185892895,-0.06823895254402822,0.042842629879356844,0.009291052478542904,0.07600720249756086,-0.05144741891259974,0.1091051420561565,-0.38612898785930216,-0.4691829609402653,0.09417263077389375,0.17000064906602388,0.14681820540630824,0.05010163449205001,0.17826870400138942
0.025887112898602245,-0.33604462995613293,0.04499693298231638,0.4042002906951614,0.038289427880461184,0.12060602974589502,0.03546003322608178,-0.21486340358733674,0.5139185806977957,0.13400339306282677,0.43382661762722685,0.3148910970741833,0.36857177602785096,-0.17014078604495006,1.0,0.48337258885335677,-0.18180454238612095,0.007896671577829934,0.11590580913844098,0.05215470394636001,0.28238425578140797,0.3506389949046704,0.3009055960797087,0.46294626567939595,0.11910660345527391,0.3104076530798764,0.26691718834729417,0.426264088174509,0.12301595872920269,-0.3112362484434919,-0.04863184690601881,0.21517055490236658,0.04004717662395404,-0.0011236685767889382,0.10778512748993577,0.18003455110690325,-0.3610645436299999,0.01974840787964491,-0.12347200751287458,0.05077610109771338,0.04738741533496445,0.269786018063878,0.13238442911392648,0.10967415804440571,-0.04317114363108384,0.05699032427582821,-0.07489677999928014,-0.03779575549165076,-0.05792347236172332,0.008345002375963454,0.20056854009771286,-0.3011975054748139,0.0658764994023442,0.2553842538503489,-0.10289832627844964,0.015273786135833587,-0.07282075185782011,-0.31162659849016183,-0.14050520040075673,-0.47552392686901596,-0.17041753197251933,-0.22705278368112944,-0.2873677431257932,-0.3556745698276731,0.4353019557416132,0.045396502752471,-0.39420228898728654,-0.07482799559816085,-0.23138837460698747,-0.14359115008592185,-0.07530902099200196,-0.11604250211007673,-0.35966881704220643,-0.1955580028112142,-0.1415392630750843,-0.09966345330548124,-0.23853954060401922,0.10702680590484893,-0.14513029181436168,-0.20550759618913877,-0.31737814983035784,-0.4268036250890902,0.45569563428685067,0.3167378712748126,0.292422395954998,0.020157744568021052,0.28008548967306146,0.1366555751506592,0.48114092093282224,0.12617744106434312,-0.1182490481713972,-0.06906738862387192,-0.0658899821871576,-0.16193230783077628,-0.17595030460933742,-0.014194298613552894,-0.0646486028758043,-0.05838411782819939,-0.11116264922654652,-0.08192270462043141,-0.038308941647152456,-0.07173216238972141,0.012109773653627427,-0.2412795635565779,0.1069717483898974,-0.2455204598410629,-0.31296234575613324,-0.030790746236031896,-0.2298745606629885,0.0026248264830196016,0.1036779538848437,-0.2548150774424622,-0.18119431374533443,-0.05584279629723061,-0.21881052332451884,-0.0028922887476687657
0.10776969493869716,-0.15267828379733567,-0.23280648682864236,0.11066404958728651,0.058444004764759805,0.2464828550503438,0.09781984812600904,0.10602865753387022,0.06001167310201974,0.2042796829686505,-0.07557683953125324,0.24018886552060836,0.4218946512105251,0.28927418956607936,0.48337258885335677,1.0,0.016684632178752577,0.15298487582573198,-0.3280478268856504,-0.1767415483840184,0.24804340927480747,0.2552365151043702,-0.17198234790527453,0.01975900134413288,-0.17633055396605543,-0.005381556013232356,0.14415308896442483,0.17842979372148995,0.17615066633953974,0.0401462597009973,-0.5205530584182323,-0.07646557142141094,-0.06886867872080296,-0.10881548257714789,-0.22543740079850402,0.08338121628005442,-0.01385309249424935,0.018599856426538802,-0.08203398629731527,0.1818135968143895,0.17678208704367393,0.2889237445782944,-0.14835628396785458,-0.2600995629850649,-0.21862277930870105,-0.08584479906986556,-0.0009750378414260061,-0.16171100684890932,-0.1300031202852286,0.1596205358887678,0.21995259380468105,-0.04238672053684384,0.2528478525415492,0.3849200766832395,-0.04271173913328803,0.03947596048829048,0.2429889750344017,0.014113153378799773,0.1589788737358519,-0.26933804956188423,0.2656705219900252,0.20732275980457385,0.09769195483319756,-0.008201343556589934,0.10113906863556467,0.3524344926578678,-0.5457229900221152,-0.5540450002461687,-0.08819271265658876,-0.3033886293707991,-0.20810610337739854,-0.20549349067689546,-0.1114062004946882,-0.22639924520929114,-0.07357760411104501,-0.08808058741737938,-0.13262786224801051,0.008826873641976396,0.1939849563202076,-0.0069903735786808405,0.15472364049075174,0.01708931997649523,0.2533739372053238,0.6343535331083923,0.09994142732403195,0.16568358622736634,-0.01310616737428078,0.2789584257472805,0.26128410684309855,0.31548625698797167,-0.25336867500111476,-0.23465842788221256,0.028508520316555045,-0.21654491833422776,-0.0894425581807446,-0.03300239189384499,-0.052002838746752086,-0.08231109574344853,-0.12968318057194853,0.10482349537680483,-0.09766036183830916,-0.023733942400803693,0.21377779153116755,-0.21018381143685805,0.23452571266652603,-0.19560120486231813,-0.3799367173183941,-0.21155056051128365,-0.1363961186347756,0.036276347003073244,-0.0998653841719425,-0.1596282243449396,0.01677671855531923,-0.06041829957916351,-0.06281761730447977,-0.18203939092123658
0.1790828111943226,0.40040157876532434,-0.43492238656690163,-0.1579797104663488,-0.030236519582826762,0.2293384701871226,-0.1363799846750514,-0.019615550417720274,-0.0867571189876412,0.009569440601912086,0.014212365056457593,-0.16585420467632825,-0.03640726029268315,0.2902502288006246,-0.18180454238612095,0.016684632178752577,1.0,0.5633298065777336,0.06687858607295707,0.26535934694016533,0.027383136481160333,0.0734325974300925,-0.5647787030656846,-0.512298030580467,-0.28272944214635676,-0.3905790118948389,-0.17036732890477096,-0.37304976925889316,0.34198395876432086,0.4895605984149707,-0.34394846810833746,-0.3877565362141777,0.35277213637438853,0.1178283219635033,-0.08004941418343309,-0.22393791702484175,0.5477904645500709,-0.15458597518035166,-0.15268248017579003,-0.14635094634017498,0.033382498256708935,-0.10442837495531876,-0.4167292548509473,-0.4980528289340008,-0.26401103425504174,-0.4178640108540334,-0.13397422512912352,-0.39960175537554843,-0.48269778764242927,-0.081627950007354,-0.1835396545992729,0.08122670119106137,-0.0123795012869991,-0.2607687192074942,0.049748978518597525,-0.13770317026695347,0.60745682976173,0.5128220427605417,0.17702512269222542,0.20032337735098665,0.1970933568746405,0.32196682828268247,0.5674776570164478,0.5337742035346321,-0.24301387815277803,-0.16922140896001436,0.23760738661299385,-0.2690822913919362,0.3255083407309372,0.06567143251766253,-0.37056407246994894,-0.40028065073282887,0.4419225921114903,0.038023656401766893,0.18637247568964152,0.0290399543586118,0.14765449549790874,-0.009124684838202638,0.5665430790740972,0.44039407587235063,0.6711867813493809,0.6551627608022962,-0.15678958479120023,-0.03607979862837651,-0.14131218788506,0.45306754494432633,0.09889567052317826,0.008014957208601936,-0.3342465395519387,0.1235648241865112,-0.12612484914329486,-0.14407586507065875,0.04169499559974946,-0.14207942853478792,-0.03585309738286273,-0.24593470297025805,-0.19496153191605056,-0.16326138087997677,0.06863625690523319,0.23656182874536458,0.009902122145245615,-0.022140848425885713,0.16052239416666236,0.1475528805915214,0.07460033043013244,-0.07536029762950655,-0.04346056803516998,-0.25403008322527115,0.09659992737830143,-0.10052211165418162,-0.3792230419006883,0.2602441075215641,0.39425052320368803,0.057895146556488516,0.1488295401110759,-0.031144417571475676
