1.0,0.5308257875681375,0.3228594230652752,-0.2170718708346303,-0.011107778306311942,-0.25962535246918156,0.40576771765658237,-0.09476751418310594,0.3720356119173185,-0.30028124676060025,0.7068023449838928,0.1276607436363741,0.3910971589001176,0.37876824563348854,0.332692155608274,0.01436786842288727,0.10636030648364758,0.14937196728560376,0.5055617196048832,0.013342460456470945,-0.11450327131967407,0.17531658288858568,0.03274324633405942,-0.28669891526205155,-0.2963551932325217,-0.5120787166140546,-0.12534486398408648,-0.31744877481999906,0.22883250545923253,-0.07560657659837944,-0.16668815133909579,-0.5163358635805115,0.06640940635982341,-0.06784256420363768,-0.4002881752670934,-0.2758443414960499,-0.14458547448216502,-0.26971478233395707,-0.07239406219218655,-0.3606966880213433,-0.22635151321256586,-0.19438090713974535,0.06725676845170259,0.013952874083128453,-0.16769662609739036,-0.3698326326960947,0.06581941287535735,-0.09512347372610949,0.2237073125789868,-0.12084035425598537,0.3249641115418394,0.19408914928163937,0.38669514091228424,0.25505745245490596,0.02236133891154816,-0.09341487651457722,0.3459075844162213,0.253105629670513,0.46730699485150573,0.012748666150007493,0.6137018817636426,0.20930661823735588,0.08414181373399487,0.17584893080244282,0.22722629545777334,-0.039921968807709735,-0.11661968760013185,-0.3940182093987075,0.04092408175021754,-0.012831800926602873,-0.09510638937174763,-0.40009753445885227,-0.030955924148360247,-0.1884954655010374,-0.03589994313046018,0.037447617511296986,-0.12874648459906973,-0.31267199800800594,0.02475123247195974,-0.07894929635873608,-0.02167548985322467,-0.005258269061607151,0.020387451507852067,-0.14311210480027917,0.12724728194560117,0.0637943400667666,-0.09779097213881537,-0.16799089122770378,0.07144103699284354,0.01394514005050061,-0.13307704608094442,-0.009345224916141471,-0.1885604483558431,0.28407041892524226,-0.052706148308553497,-0.2661898211279524,-0.06753769925645915,-0.488850592712682,0.02946946807804575,0.031658762057437353,0.0716555322279306,0.19132415831977292,-0.1292408630438749,-0.0757351061927774,-0.2940991986873878,-0.2092332470287055,-0.07138699249033444,0.0260036433288162,-0.021912029664585782,-0.4402684785658343,-0.48783346974644454,-0.05898552424697766,0.11796795623527549,0.09307822593522945,0.11448040301047359,0.06083540803928702
0.5308257875681375,1.0,0.005712589274956087,-0.08220766869898505,-0.12025238967295783,0.011656606296316721,0.19690415265032224,0.15980972138537022,0.16917538272915827,-0.09110414725121603,0.2313164627739799,0.2534270811257999,0.18345377494310938,0.3491685922386612,-0.11453655992901617,0.1098025580356789,0.1409841436697123,0.1950075800730331,0.17777979623710236,0.007489821411766375,-0.11171434688209901,-0.08243307685334772,-0.24000155455114866,-0.3068396256016559,-0.09995073916549382,-0.1519981419270359,-0.08449841533847424,-0.16541913116651766,-0.018743155308130484,0.03223377223936091,-0.2284195404924959,-0.3761267394118816,0.027843882897849677,0.014176592089242622,-0.09473584908681047,-0.16023990951420297,-0.0835301387874349,-0.16000012193595026,-0.07004283463148735,-0.20483354785257746,-0.2027476785765446,-0.1202498542490229,0.03532974348907062,0.025701464037448395,-0.054612146244750595,-0.09717705055189362,-0.08432330449572924,-0.01952159164171901,0.26686353897933596,0.09611723231121408,0.12709993054946692,0.14861213635387588,0.10139577563142307,0.0687899110806601,-0.325120786059846,-0.2750227314745539,0.24387459948977094,0.2893399600606108,0.17998860149426474,0.12314003354984288,0.2928720480970289,0.36385243732475425,-0.12122521516950749,0.11266945626632617,0.03989662249358425,0.3386569000620548,-0.07102603760698314,-0.2186652280613915,-0.023456626322690226,-0.18302409499660338,-0.017262735913041057,-0.16544433978837203,-0.17586718245207067,-0.09366717129223552,-0.0552995107809114,0.05613171172251663,-0.08391911775832532,-0.13169787447955725,-0.048677936161801015,-0.06426549707200238,-0.1538717846670083,-0.17046234915406983,-0.17671791987232127,-0.15553009984058597,-0.14896055280254253,-0.03490380036486891,0.004656449964916555,-0.10059724153050609,-0.0947228796104577,-0.14950636219901356,-0.04729668547035096,0.023453754965937264,0.07328020698939162,0.22226271100431844,0.18312518207487016,-0.2634758871395151,-0.22072430105173518,-0.3498026584950935,-0.034947176686021285,0.15713078746284787,0.05089015075784823,0.2344289833883055,-0.1055554168707848,0.0436919369593357,-0.20600762213594354,-0.10450504232997956,0.1150870323741537,0.040964150244514046,0.02139178762275756,-0.3649810027660444,-0.47227273918633195,0.009578487250688786,0.24217282027737683,-0.040652059761607615,-0.06014197557453283,0.010396036675394784
0.3228594230652752,0.005712589274956087,1.0,0.1997248002546334,0.08278404274825533,-0.23469098259363225,0.5950191704846922,0.17868562186058876,0.48752417393365516,-0.10475151520859902,0.35370551202239575,-0.01709805699768624,0.08215658735704029,0.10589529724533531,0.2490646695596942,-0.15698228218460158,-0.24958392988411565,-0.11488436372566936,0.22511194565674925,0.41912678623515437,-0.1995866540056436,-0.09259419179237774,0.3452192769212201,0.3271355421280709,-0.07749340735476677,-0.06407627152917772,-0.1898877585369778,-0.06368020466714883,0.022902506095849127,-0.19311045960387518,0.035700891085237677,-0.16053162220674108,-0.20534776647479602,-0.03854380091758366,-0.02420744451012459,0.02527974972165788,-0.05190432802483247,-0.18473847978946614,-0.10222954977365709,-0.24241727553058204,-0.1882477109546996,-0.2091695834419656,-0.2522004674113529,-0.3657172228408329,-0.28573056838182537,-0.25457086298402,-0.3231106669550753,-0.42058184969102835,-0.026338957154045134,-0.12431653307176589,0.2530812862837255,0.09595188954497867,0.31863650498976376,0.017661978868469142,0.07162719563961892,-0.28302309327001335,-0.15271268252647066,-0.22179262445148282,0.13432637521786284,-0.10614001361794308,0.06959302009870143,-0.1360697465881062,-0.21792934919265114,-0.20778145516201757,0.34000664600382563,0.0025847816747686238,-0.057768526647459316,-0.013421675732701184,-0.09273527093954537,0.10982002023223475,0.09595622431671733,-0.12778009324179118,-0.10085652292378615,-0.0016101204971104425,-0.01437264986469004,-0.06307271592668084,-0.010697122407704396,-0.04305096397818994,-0.094928944913052,-0.05866571092601007,-0.15371780583507988,-0.04381433730782091,-0.11607387025391824,-0.11776016810501155,0.017008541211811376,0.0858907413620585,-0.1153716581411102,-0.16360060637080673,0.39737154139829844,0.03052139152190031,0.14947398439215873,0.30020532636917924,-0.0018307123609071323,0.27089742901698494,-0.059032730138238544,-0.23977867537663464,-0.19045870254389657,-0.25389355716476425,-0.13386332366243084,-0.0676158153419811,-0.12843396222130035,-0.05409980223406442,-0.0950914488020705,-0.13874638790426633,-0.03130592554502982,0.03881053306825237,-0.04493596952738821,-0.048266079285030544,0.011432316944673181,-0.11873078168257578,-0.17984325941734147,-0.07369920709347239,-0.01038755556374225,0.01205199617780289,0.08568404000930466,-0.15347564807757766
-0.2170718708346303,-0.08220766869898505,0.1997248002546334,1.0,-0.08725647279214195,0.22960779909446216,0.03836217765545356,0.7370315458780713,-0.08590491004523082,0.35028582127621566,-0.09381483769675304,0.42068469579918416,-0.22508777596099722,0.1824868087066487,-0.01858850624936031,0.21899147087131243,-0.31650345747651293,-0.13058410019740577,0.033400352484278605,-0.12170196720256493,0.09061095433859429,-0.1547444311177832,0.2555754822847269,0.3835518150249262,0.4048629337844446,0.4527249255215556,0.04618828832791997,0.4146569872602354,-0.21017909934746523,-0.005450216609352753,0.2513260125994217,0.3485040211927579,-0.14722982624008096,-0.17465712906301734,0.14620560725090914,0.19802596318052237,-0.02231391031195425,0.19300899910744684,0.0854115144019905,0.11833281439914578,0.08754331117239612,-0.05999307467069754,-0.2142477576101208,-0.23744292148959859,-0.18894506408921485,-0.15117460945093122,-0.1882952160259863,-0.11295878256962358,-0.1339272437843351,-0.15982080089269024,0.10385581304112473,0.09995792155365935,-0.1458145262703566,-0.1142345906654607,-0.019000383599989793,0.015983233157054404,-0.21838916617404375,-0.3958407080812032,-0.2397497115084185,-0.2511428490674124,-0.4652473357707197,-0.22396084997497973,-0.27617468251200894,-0.40055385823110884,0.2949853567180251,0.5017506802253004,-0.3039681883540996,0.04682355131956591,-0.2703279033682007,-0.40996180186201336,0.01026418876595958,0.0517577674527568,-0.2084586527125872,0.088065266744365,-0.002135339240715197,0.061272201444305216,-0.04450145402945898,0.09699817920500377,-0.23273210983852285,-0.06787953920142022,-0.3811889501991221,-0.2947836413270092,-0.11488523491317552,0.05270251532274279,-0.03419789783198252,0.08233859211824866,0.22529535493344005,0.06363683184607952,0.14408270117781738,0.04848727310599212,0.11092771888673317,0.10259161619147242,0.4081182960035038,0.13030934270674283,-0.24086859581333595,-0.006364043110728372,-0.22617058033178924,0.04033530460441447,-0.208072361105304,-0.07102495736575287,0.016639129522040014,-0.28398715426345733,0.006519884814703203,-0.022113272689536223,0.18566657529842046,0.35769732987471686,-0.044026152647756896,-0.08861543133995986,-0.26871395124260716,-0.014020305073839983,-0.005694131763161176,-0.3737513990195508,-0.22205021739287006,-0.03579215101985499,0.04550802727277911,0.019743259979037173
-0.011107778306311942,-0.12025238967295783,0.08278404274825533,-0.08725647279214195,1.0,0.517629982147227,0.004751281876434544,-0.1724811276447589,0.2633638969091141,0.3007710590917004,-0.05361728878360714,-0.2764685449457483,-0.00913364438675578,-0.37705668515718943,0.39781895121389454,0.3716316132733448,-0.18398474126779077,-0.2397400967720568,-0.03285327012917218,0.2782717441485093,0.3155121695622675,0.4792475389537688,-0.13949063545568885,0.14037639033205956,0.014494198939111544,0.05167380508759063,0.7383766553531617,0.14720011757641374,-0.17028915968038472,-0.1809732344322188,-0.20441811829747042,-0.16518487054752665,-0.026758690187121268,0.036575653813702924,-0.03263763108110832,0.32163051911773044,-0.03196440783690323,-0.09074065173051601,-0.01705394428681683,0.07759982822921611,0.0022725406615716113,0.23092185163980997,-0.1506278829343178,-0.22826256653108568,0.036990278575935565,0.0761231517609865,-0.12668152186812864,-0.18278890936426948,0.07672106793621139,0.08092944465281612,-0.3129608372762177,0.07772373611789345,-0.10740260748307971,0.17508010426692142,-0.03358327874990652,-0.010535679712668273,0.058854984217853956,0.06377868615420988,0.22241703491714868,0.02100634434726725,-0.1332604137610608,-0.2784824165769236,-0.3460951331981144,-0.219333654938495,-0.33809953086464767,-0.2213489300484322,0.12954447973099137,0.10386842956284931,0.03629649248336832,0.2779992643943251,-0.11953668854065225,-0.03167948717512013,-0.1188068171896935,0.1102440636484073,-0.035442994870691774,-0.17207442514926502,-0.015803525588668193,-0.020537243263897054,-0.2634181822721843,-0.1938162148593836,-0.043382378719316286,-0.03441026133685211,0.24355741305851336,0.4697033093204944,-0.29433645155129623,-0.17451916880767948,-0.07581593138314838,-0.3034568820375195,-0.4003235822887332,0.03458852236044458,0.25148651956939894,0.1779167534583577,-0.004523449834866097,-0.014765810147348627,0.26529880093689934,0.25699559227915014,0.09367491627555419,0.27535416023154735,0.20825700626821356,0.19817567551207604,-0.06971618500184341,0.01147261511749056,-0.06811380297258836,0.2569457390582182,0.11898656276110686,0.06978612639786513,0.16548881071940644,0.09284524132481611,0.36586367123188795,0.1960917733849301,0.10267713301345217,0.34063242511493985,-0.15204797760467373,0.072083713661479,0.07567487061156082,0.17535501192192057
-0.25962535246918156,0.011656606296316721,-0.23469098259363225,0.22960779909446216,0.517629982147227,1.0,-0.3268958109176695,0.17624675022619313,-0.14963558514583453,0.5235199563680341,-0.41778534851228444,0.10153268237799472,-0.4054684927466415,-0.2620925262588151,-0.0007232059329652699,0.42169520771566293,-0.2809020641947099,-0.28144289756160257,-0.09979624122004434,-0.04342967434295561,0.35599032441204975,0.2624223234488484,-0.13981435979582918,0.1855189840741726,0.37243335780483006,0.5220211951172784,0.6601725626306156,0.501966722810123,-0.41977529001003744,-0.21313227810988708,-0.2002116915093716,0.17139842681233455,-0.07593930532326632,-0.017433472210326744,0.33510061852821826,0.5674734249445594,-0.03559136196799211,0.07837764152053309,-0.07234199320548566,0.08821472664818497,-0.015284575566589702,0.12439279680544417,-0.11323247927884422,-0.1267125109323397,0.10749795780437717,0.3186810023151492,-0.1198370124637405,-0.06911874740727185,0.14592160685654487,0.18499883200940806,-0.2747372213268843,0.25832065448234437,-0.22026953844384983,0.08983861678547471,-0.16281437542282387,-0.007981365704395869,-0.040110402811401186,-0.09329122830900226,0.017471158315751897,-0.014585653123259013,-0.46907150909034834,-0.2949190820484368,-0.5384892733765783,-0.46822877506535593,-0.24916674480083625,0.3134873156228623,0.09457656083101733,0.3036091416847427,-0.10455162599358911,-0.09446685271327422,-0.05616538146503319,0.0018686713801814008,-0.2854464875944628,0.10567904652772125,-0.08003222413157463,-0.08174948835092069,-0.07175179588262133,0.03737044969694719,-0.3597317709718723,-0.2734309583346037,-0.3262052318243207,-0.3045745250738125,0.009353718681186647,0.15142667330745202,-0.25388384017266075,-0.16589398115013027,0.1231873741155717,-0.3230999682424043,-0.42498009461271746,-0.1146049815676541,0.251023578690187,0.13863651375392574,0.39360460269766767,0.06372888641231363,0.22036588648006883,0.15002021205335278,-0.057016175873177526,0.3261776517306517,0.10149927440979252,0.33241044602503533,0.05154707050586448,-0.20414800794279148,-0.025862592722152723,0.23296919116322903,0.15224650663726536,0.2830982496518208,0.18994230988119382,-0.04187108934093493,0.17989191835211252,0.17120588153152813,0.17142279301116084,0.15144208920277422,-0.0500742184801889,-0.10098237126253318,0.009327001460989068,0.24413407201340556
0.40576771765658237,0.19690415265032224,0.5950191704846922,0.03836217765545356,0.004751281876434544,-0.3268958109176695,1.0,0.23588062688255115,0.4969260083959215,-0.06365237474504969,0.4957178023300712,0.19710145924180947,0.269551201333911,0.22592053064572876,0.06309146214456585,-0.06774752879787473,-0.316837772534908,-0.2721082121032817,-0.0927731779067533,0.22733205789379482,-0.2971321273408418,-0.12407277627891812,0.034676452923370765,0.08654855868610382,-0.2673293127858239,-0.46436604992953534,-0.28801221067648786,-0.4733189180766169,-0.1859848176790431,-0.22426103084127555,-0.0885519126876289,-0.3758159611369296,-0.3605158446858152,-0.22598166528648153,-0.042905302421350267,-0.12986531308366314,-0.267916718514997,-0.36808339884922897,-0.21304890231580523,-0.3695503362202686,-0.3032528203891566,-0.305662770990295,-0.21196598076789144,-0.25502436513799476,-0.09377504229439498,-0.12070957033837572,-0.2267178751144548,-0.2698005512917399,0.18128738584806667,0.019654832526887985,0.3959237913623839,0.19432761391658485,0.443357720537713,0.13193183831727082,-0.0692863286488477,-0.1804004363942404,-0.0840720122143083,-0.22309191496356154,0.31706651870506536,0.028005805056008158,0.21227367023287097,0.15749555705869314,-0.1499992434828892,-0.11706984225788684,0.505949820168299,0.12592077641927626,0.044229429631128594,0.06321864058683847,-0.30300983718355307,0.06488544775956219,-0.04245388468583247,-0.13395152825058548,-0.23232082508306864,-0.1731883538661848,-0.17025516639357388,-0.19487434102370396,-0.14122577150295562,-0.1815374729466145,-0.19246484327294636,-0.3277307168666294,-0.31980557049854946,-0.24726730248117484,-0.2415949596185642,-0.1841503563299533,0.038656873094133036,0.060795976197076655,-0.2062796452094861,-0.07995020366837283,0.1904907325189603,0.24931675659327857,0.23663403771150446,0.3665666420133187,-0.0046640403445343415,0.4266878671192034,-0.14635299819791378,-0.34671010657722806,-0.2425102269092433,-0.4488430707660659,0.09944405625477194,0.12524821699455124,0.03210933465781384,0.2565970061058876,0.05190689353544439,0.045973439422956265,-0.07302919296410343,-0.04346335852750142,0.07036876510813259,-0.0975605506647547,-0.15766814174794752,-0.3488262043871757,-0.41689443708223395,0.06233276345441864,0.10271860920512008,0.01973441323589492,0.017785350866627206,-0.031240552340367423
-0.09476751418310594,0.15980972138537022,0.17868562186058876,0.7370315458780713,-0.1724811276447589,0.17624675022619313,0.23588062688255115,1.0,0.09793637263361633,0.5040741396452625,-0.005142927478031068,0.5929113418868993,-0.1100368883521473,0.495169475559828,-0.17215056345707233,0.16877171973037836,-0.35033661177615505,-0.06826312195893539,-0.08741578541233706,-0.06842169402967477,-0.07607406358045853,-0.283790386359834,0.11112516210345047,0.25019365885531863,0.3979181470590561,0.380542374118893,-0.06782073668680506,0.16735760155403503,-0.23005856155453505,0.04629527302214559,0.09423551088960413,0.25910884867271866,-0.3405461695974499,-0.16904044991498157,0.1713616140171442,0.18071296413571952,-0.14290124489064007,0.07346145960502898,0.05113181929902862,0.07046537214347823,-0.04911583496879812,-0.022855763905565884,-0.396681188348298,-0.43297219224937367,-0.22234131872293936,-0.05224974469844291,-0.3295762855849836,-0.23157005782036733,-0.18026706479086482,-0.16569279129131267,0.009733570145590337,0.029997322617339717,-0.12374480925563419,-0.20695240160437806,-0.2011843162805313,-0.15493410391951892,-0.3256792767951386,-0.5121135244936558,-0.16264252359454628,-0.18944479335931416,-0.37906544593100366,0.12384534381016112,-0.3740462839564647,-0.3957423089471733,0.3994919041556837,0.6087102793419014,-0.4453805752148735,0.10270269295353351,-0.518085348979321,-0.5324777373544806,-0.007864234936152003,0.15142892036856936,-0.3025993484067148,0.1405667225847277,-0.005650349163163095,0.043641140796390615,-0.09102818119581559,0.13132413862169645,-0.26878739394630247,-0.14197055071119022,-0.4383423012526238,-0.39361653397836643,-0.298880691631248,-0.023784436272876318,-0.03319769708522506,-0.032032438269651284,0.18956767148785184,0.001924225431761031,0.21799574227054436,-0.05094461203008941,0.2671544254339352,0.3336868471025511,0.5992682260340413,0.3671318530594597,-0.23509683317852947,-0.08761989722700843,-0.4324278437541253,-0.06257124476249364,-0.1284248791294336,0.1486536004441396,0.01541112775060804,-0.06356173494688236,0.16604339834988377,-0.10611084017302555,0.07197695579283682,0.33749827332387156,0.026206665703701927,-0.11817261239264013,-0.1682471885758823,-0.049032598691447354,-0.2030639678469419,-0.24235843962337483,0.03720505160438989,-0.15490949942928015,0.013747304238428123,-0.058075663379510395
0.3720356119173185,0.16917538272915827,0.48752417393365516,-0.08590491004523082,0.2633638969091141,-0.14963558514583453,0.4969260083959215,0.09793637263361633,1.0,-0.06465530753805276,0.3856028288430436,0.053780040763034956,0.08452266324637617,0.09910645445597176,0.14140962415414043,0.08707310566780248,-0.2871787300228994,-0.18764037419913804,0.009782249096591936,0.1510847535487713,-0.17787327301247882,-0.27103013597639386,0.2303706785378507,0.18450414115195762,-0.17797534086960298,-0.24200081885483224,0.03161052533172446,-0.3550779386550543,-0.26362820525231606,-0.17940128452790527,-0.37575809351205214,-0.39773918383630136,-0.3954195436215901,-0.29688666301224986,-0.1262000053861206,-0.13025393008899463,-0.23308321049559594,-0.32186073760544925,0.019565985616352397,-0.17891389613860478,-0.2581228696862165,-0.021638205274456822,-0.21643051172141947,-0.3372987715421849,-0.13175835576399014,0.005977403473534715,-0.39461546678820364,-0.30317338014962364,0.04966893258262598,0.009790906171170115,0.09135497623825754,-0.03390657682451419,0.3714296609634794,0.07407257996322168,-0.10958775301195237,-0.34943000872975977,-0.21763646886741653,-0.2250595866851425,0.3490698493985673,0.2622295444197928,0.24416977356311498,0.22614803478716172,-0.11838059858210072,-0.03386297528360883,0.28594944233628394,0.01877509767493553,0.05634626566905737,0.15703916720717895,-0.4012275961177042,0.012512302313370586,-0.22943965408790062,-0.16449605877013698,-0.3206552601221824,-0.19675799705474628,-0.29796236215525246,-0.2609631106331534,-0.20533406091888146,-0.05342603594822393,-0.3149097173990397,-0.4620676353250927,-0.35827759792048647,-0.34309502796437613,0.09503015745250076,0.12570718245428952,-0.07149752587128196,-0.025373350322856796,-0.008411898716665507,-0.066828721525675,0.16698335437533632,0.14797204012787174,0.3164636738369216,0.43182512011736035,0.0718448884343219,0.3307573354407385,-0.11777869058696275,-0.187392375874131,-0.40668601022064665,-0.36958703603602194,-0.08621550345701681,-0.11012545026866592,-0.11290430869866527,0.3198740206244985,0.0505494867733563,0.023845401977105378,0.06537378830940337,0.10892982939135183,0.1256466893914272,-0.07918613657453587,-0.06432159554962359,-0.003259193149392215,-0.44395133363334766,0.03902195408046411,0.0724766814419557,-0.04021695163849303,-0.009193218009828556,-0.09321106708981859
-0.30028124676060025,-0.09110414725121603,-0.10475151520859902,0.35028582127621566,0.3007710590917004,0.5235199563680341,-0.06365237474504969,0.5040741396452625,-0.06465530753805276,1.0,-0.39411016224792644,0.21967433082310492,-0.12351129670804945,0.11074945366943245,-0.12473314928230424,0.4119054088336969,-0.4242421794363392,-0.3637605004107862,-0.3526228083665845,0.07071263173258151,0.2736199215803707,0.1094454188594575,-0.1468177557647496,0.3306222134129033,0.4134918774723591,0.383198079474565,0.40168366613179657,0.2823813981914941,-0.3097861413786976,-0.034183396759604925,-0.10183409678803383,0.21981415942376248,-0.31256555720904033,0.011664876258857905,0.2806978430352072,0.4996899230562963,-0.06162554120870002,0.10769326547622277,-0.09116718074808645,0.2311656673328945,-0.06426500383671893,0.18220433952692838,-0.3037080997687054,-0.37688692211799074,-0.02067885977744633,0.2966582209706736,-0.32538594391017434,-0.2030222009783294,-0.0467174842342867,0.07148133475215293,-0.2372324047836578,0.11380438673703101,-0.3138608319299363,-0.1135482945716756,-0.3664467047854297,-0.1722598409119104,-0.40707987738552576,-0.4710653054679621,-0.12283818670235767,-0.07698386906845742,-0.5321074286075955,0.008649611133074367,-0.4547424691387751,-0.48053760102651816,0.006706477303835966,0.36683361886944327,-0.15025784850291732,0.334210394422991,-0.41918991308198617,-0.18762557886879724,0.03462136089392818,0.326474414247788,-0.25700767445294015,0.23517686866453846,-0.008892284767322655,-0.07891876114273363,0.009943140774032872,0.226039179063113,-0.4112480180413457,-0.1256161886050538,-0.33161087154916363,-0.31518786987849967,-0.08475910884369094,0.13891016306893314,-0.27302331105775623,-0.29161129689272886,0.05088189184573781,-0.2541351103805144,-0.2539274062803458,-0.2728955567422014,0.36624553454746983,0.31773851501417166,0.49790688734807553,0.16013797505469118,-0.015570581108548986,0.17549913211092735,-0.2919012883980762,0.2725908528808415,-0.05351319148111105,0.29340414489794475,0.07648653709538454,-0.05330118173957249,0.2215365159745054,0.1779750519098512,0.1528485750224834,0.32215246414383525,0.1879342134579239,0.04948804863521512,0.16925590098732574,0.26841367096206875,0.10777424265586542,0.15014885816392368,0.052494055166556385,-0.10565710264276038,0.2759016243872535,0.16616290628319533
0.7068023449838928,0.2313164627739799,0.35370551202239575,-0.09381483769675304,-0.05361728878360714,-0.41778534851228444,0.4957178023300712,-0.005142927478031068,0.3856028288430436,-0.39411016224792644,1.0,0.2906373270580489,0.572150994943677,0.4333730917332776,0.48211904686039025,-0.00697329624294627,0.08194252520005667,0.3208004771841639,0.4394173144304394,-0.08537384251517373,-0.432042748051777,-0.0519874437905218,0.20639689007462633,-0.15142778574380933,-0.43590639067528064,-0.5731154241360658,-0.29886172077677653,-0.4045661894252535,0.3392119757912365,0.051915798456115186,0.12180981832559246,-0.2607972937771938,0.08598566669109547,-0.1299784182335495,-0.4514200007454746,-0.3845766091832291,0.0009641210637306328,-0.14870347701119166,0.05342698590737603,-0.3701053189136327,-0.03602038032056927,-0.20698369674548142,0.06392865252890745,0.0077844039590172515,-0.12041344489574216,-0.48841063276679414,0.12325095320067196,-0.10517636377621699,0.15460814233486916,-0.22015289870472374,0.49399221426977963,0.11734893266443407,0.3884448314975316,0.2019826249227461,0.301734244178746,0.20952281023912347,0.1037068940028673,0.06231850278390665,0.3194068584889746,-0.24007690062183878,0.6073742755143854,0.041752386292461086,0.18857180051209338,0.20471398120988937,0.44115738777632363,-0.025856996655614237,-0.27695629020471013,-0.48673189401397005,-0.08291103652196784,-0.19490332010661013,-0.38274810128551195,-0.47417340477395875,0.07632693113016663,-0.29576956968416207,-0.057710017016023546,-0.04399339952352128,-0.1483596178124352,-0.37082949901379275,0.11660606914788989,-0.013982297961654736,-0.0172257178791772,0.09961509685324407,0.14789076338703272,0.05041265701252268,0.3674857302180272,0.3063661500454502,0.04127410738382767,-0.0009373037029476817,0.1909613945989432,0.2600604648994675,-0.18990398637828135,-0.1405212296467905,-0.2208762389054287,0.19972215046615543,-0.1273451367687874,-0.23856356235933773,0.1293021153968321,-0.5108619184130685,0.1050168905885353,0.02885530166588147,0.13585102998132018,0.1145218222407446,-0.15180836814827975,-0.2578543766577001,-0.21313277276669854,-0.2832039443967509,-0.25357550074966917,-0.00027205545595527863,-0.1919997099901843,-0.40923905106728486,-0.47650902990020333,-0.13974470959743235,-0.04523734605463005,0.21139427889906384,0.035269156422705186,0.0829549138947678
0.1276607436363741,0.2534270811257999,-0.01709805699768624,0.42068469579918416,-0.2764685449457483,0.10153268237799472,0.19710145924180947,0.5929113418868993,0.053780040763034956,0.21967433082310492,0.2906373270580489,1.0,0.11369220888779576,0.6564984646868599,0.13838493875757313,0.30897600023868227,-0.22064600786582278,0.1537691461836035,-0.031493936624851754,-0.32967874674181197,-0.043198117535843704,-0.11277789894956836,0.1590146397686324,0.15175184358845695,0.2012373644262856,0.18676561816972181,-0.08994418668538993,0.09812248538023201,-0.0010682734142421545,0.17933007760072647,0.27212276151462106,0.3613516623129613,-0.2865538460482173,-0.2357472822060483,0.05936149321506288,0.18885002822873317,-0.1846666520243804,0.03423123333850389,0.02504381517005268,-0.11666731497312918,-0.0912590999422985,-0.21717474960379138,0.04252736681891595,0.014674904440643396,0.027858752154509874,-0.017766926115557226,0.09704640945936427,0.13610633490223104,0.21450021297521518,0.0034203161286586762,0.3684078024412265,0.26579658346367446,0.12275978505461263,0.12763064852227257,0.033417082421253734,0.25572223014834106,-0.1537133628863049,-0.4015522348431777,-0.029509805459569487,-0.3666086689899448,-0.0034891104014279045,0.0010276369994633155,-0.13030104686219768,-0.2977482171371894,0.5044795622011861,0.6133126704973436,-0.5436228192207705,-0.2057857691526549,-0.5677168159848388,-0.6961618694452544,-0.16406303496311295,-0.06913703314917315,-0.16594626279056163,-0.25107235122746113,-0.28349673867889685,-0.06968772603229337,-0.21745207278760392,-0.16454081043496474,-0.1483392205140674,-0.0815531130567386,-0.46546494248792575,-0.378463562478914,-0.06585647046002839,-0.0364959943777989,0.12032679997084578,0.099409664962532,0.049281131450323055,0.0554655904011073,0.11011661466175537,0.013732017552795532,-0.06342618608864924,-0.028736232686692197,0.23552888127928454,0.09068801927622998,-0.18122828325959045,-0.28730778307242427,-0.1582713320846598,-0.41770860633761847,0.09621222914821587,0.10127859133837686,0.11966756895151101,-0.19828095874026563,-0.0812135184837399,-0.27463081361722347,-0.21953138973762212,-0.04746840438567219,-0.1731595964614569,-0.06939891392193405,-0.2789608343694088,-0.2858001689363972,-0.5099564360814078,-0.27787610614239827,-0.13827300350726413,-0.21038096546278692,-0.04308428660650547,-0.03583500296322491
0.3910971589001176,0.18345377494310938,0.08215658735704029,-0.22508777596099722,-0.00913364438675578,-0.4054684927466415,0.269551201333911,-0.1100368883521473,0.08452266324637617,-0.12351129670804945,0.572150994943677,0.11369220888779576,1.0,0.521424737904524,0.4422636465775377,0.1772627539814071,0.3178833044041244,0.3342533477071467,0.22235904971368098,0.08779374676021925,-0.21913646434479828,0.1587916398085877,-0.09183137604757306,-0.16135341514365725,-0.30231165730636245,-0.47496287347784333,-0.1805207630021111,-0.304525797604639,0.5565631048064269,0.16641037736319964,0.21002821805220173,-0.14197057051121076,0.32065771069075744,0.14651118648665024,-0.5263730851204769,-0.35991333720163704,0.17028622179945746,-0.23789274800300414,0.07695449172955114,-0.2244494965190604,0.10246689938382054,-0.15215628107127493,0.24408954452692178,0.18927598069054757,-0.05276630267235488,-0.4376834949536219,0.3026945459958607,0.1278949872709682,0.08627140669466335,-0.19420939803593582,0.33343112065807706,-0.0100176027511978,-0.05507566057688353,-0.01554088813194283,0.15863265139595126,0.23391271432969074,0.2168981820474274,0.2136018882428995,0.1458497420423871,-0.20696237201560289,0.6775488691290592,0.25990929975329563,0.3840310019489185,0.3120482823838923,0.02327696424806999,-0.10386167541585839,-0.2832380760890133,-0.5907239079289047,0.0313672899880038,-0.04082543624652358,-0.17407948448433874,-0.2503374886771536,0.2332402787822862,-0.1358797827645278,0.09865283836265623,0.002921552976493788,-0.004688269637170902,-0.2919694533279736,0.15904226228062607,0.2965704981331538,0.31984780503433446,0.26659732607386016,0.25530218432303536,0.16869846223788498,0.12165810698503617,0.0735665885903732,-0.14451020495224867,-0.03612886281834437,-0.04362968528236642,0.07520733714851678,-0.2702388652412996,-0.3764235666373018,-0.24375288627537972,-0.12070537380042684,-0.17383756176357132,-0.32006066623081436,0.2871139739264163,-0.30334192475155225,0.22074347418609874,0.03173841806258251,0.31009327389118013,0.18097495139433484,-0.03229226056374128,-0.28325657017902395,-0.36191090982786356,-0.46986212110966946,-0.14972807648171782,0.10533546200039143,-0.14972770074852845,-0.433281974857407,-0.2736561869845278,0.14394446123164656,-0.03557596552283324,0.21985912318209233,0.005321939895212553,-0.12614527368636966
0.37876824563348854,0.3491685922386612,0.10589529724533531,0.1824868087066487,-0.37705668515718943,-0.2620925262588151,0.22592053064572876,0.495169475559828,0.09910645445597176,0.11074945366943245,0.4333730917332776,0.6564984646868599,0.521424737904524,1.0,0.25851324962543515,0.186539552807039,0.18381579704236148,0.43934964690981165,0.20119697737295955,-0.18572976265627444,-0.160145674510057,-0.11225417909693446,0.015598352573102305,-0.09214174544234367,0.05703463534744689,-0.05454898869013361,-0.36470398325009634,-0.1559922909158796,0.42092908445610655,0.37534534046581264,0.23601485448743276,0.13914830017459331,-0.0044373632304408345,0.04206974043449362,-0.2070379570789024,-0.01223652187303499,0.00720487856193745,-0.027725999925737436,0.09940334539432666,-0.19189374038719453,0.0708822375673117,-0.20320919601471008,0.06126352419882032,0.026914864559539002,-0.17755054086386599,-0.3280169801355279,0.1156448125475313,0.04850860496081655,-0.01136823083842358,-0.2892869799814279,0.2501407460156144,0.040302401260814864,0.04162960796163005,-0.10960619372250807,0.11605680344409312,0.08392057020211074,-0.012638113538880552,-0.1879829774340981,-0.07153783906137577,-0.3390251179361973,0.3145452272722439,0.2921718628440289,0.1627549455677452,0.028544431251296035,0.3690307776246655,0.41183439696378377,-0.6274753228817984,-0.49998540902359984,-0.3070118301163438,-0.5448917349346787,-0.08871413878841075,-0.09566349146668288,0.13486377030400323,-0.06277451561565382,0.07463718315992482,0.1681668591975466,-0.05268521861552506,-0.1738169358339893,0.11779845940291334,0.29612959226277263,-0.01634108205976979,0.018146749693817254,-0.07896190798256777,-0.003501861576865761,0.1662539791105871,0.02033145203528425,-0.06403282754114614,0.05250759390743591,0.21557546010202758,-0.10445170555836704,-0.2269767036453228,-0.1823899042220502,0.1849154252631384,0.1272927657606103,-0.3272929689019182,-0.34225374328006936,-0.03062079823231493,-0.3936755490485619,-0.010812027655732805,0.07700157507791817,0.2098777769226786,-0.005935597892987539,0.0859713417247268,-0.35779862193223544,-0.30432596627533154,-0.22112523234905462,-0.2883062264096602,-0.03125020139766948,-0.2663161603821499,-0.4643352862185295,-0.39307903147170803,-0.1364603402770895,0.04850999470393713,0.09157456078237573,-0.004838208227289326,-0.2008395453197918
0.332692155608274,-0.11453655992901617,0.2490646695596942,-0.01858850624936031,0.39781895121389454,-0.0007232059329652699,0.06309146214456585,-0.17215056345707233,0.14140962415414043,-0.12473314928230424,0.48211904686039025,0.13838493875757313,0.4422636465775377,0.25851324962543515,1.0,0.4513403105726283,0.12084190394261729,0.26852764950084534,0.41630064836877917,-0.03175568190761609,0.09250808665340476,0.3523849170253127,0.14824260053616595,0.040487460382835586,-0.14570928590337628,-0.09239679111457316,0.26864088494468913,0.1134596629290786,0.5016233690902964,0.3107391921072088,0.3230747608024343,0.11233088130644883,0.18703806928496844,0.028829551369961775,-0.3911973535646858,0.0306480220135275,0.3405251250118109,0.17004186403717736,0.3672196980409355,0.0222843985483408,0.3482477850352141,0.1445401647344908,0.11764880387369905,0.0632802371118223,-0.18316627674440272,-0.5317905645056006,0.20037520386209715,-0.0633517150325419,-0.05153038686286447,-0.3582367124257283,0.117262602538028,0.07177039658399258,0.005279562935421077,0.0009410196696792441,0.4752859766129119,0.4010174157524577,0.16126744147821212,0.05653435559504832,-0.03874578261514524,-0.5566677747671948,0.26723005869622024,-0.3748554901812462,0.07073196937228976,-0.07896256854879376,0.05471098790282826,-0.1673396468553315,-0.4129734143959451,-0.6352822803815225,0.06229988319946052,-0.17460010148213292,-0.032233090674808444,-0.2771926030278155,0.35881199994905905,0.08561776729234839,0.24416431219170556,0.23891118623262972,0.20373408551757288,-0.09310707616546017,0.10546635276306095,0.22570908263778694,0.2500375485886732,0.33004670588883017,0.43998601376558316,0.57038538100066,0.2301084336838415,0.2037929264249319,0.038732848418413526,-0.04033478199199174,0.12066292256876229,0.17068580070760106,-0.37776115605659283,-0.40576091520738333,-0.11663937308355339,-0.12082024194944736,-0.15632515026906063,0.055432223196176564,0.48596855832538155,-0.04127216046781845,0.0799334984889143,-0.04687886000585073,0.3161725672631775,-0.10400524481275164,0.02006398174406986,-0.1687131613152098,-0.09501832936113166,-0.34853270513593476,-0.5056247459581452,-0.12772900871943538,-0.02953414235571846,-0.23524659749616755,-0.08617871132210242,0.07105452871160856,-0.30467859349160814,0.36522135247644133,0.2339087268456035,-0.056772540773615675
0.01436786842288727,0.1098025580356789,-0.15698228218460158,0.21899147087131243,0.3716316132733448,0.42169520771566293,-0.06774752879787473,0.16877171973037836,0.08707310566780248,0.4119054088336969,-0.00697329624294627,0.30897600023868227,0.1772627539814071,0.186539552807039,0.4513403105726283,1.0,-0.09588093092854079,-0.08420689581477306,-0.015276066849713494,-0.12206666374840222,0.406025358101835,0.2937665339839534,-0.0037071204704405406,-0.012642486624583624,0.12811900773370183,0.2207302063790188,0.5600933368440082,0.36719672126846237,-0.0019607836334824403,0.2721895060977834,0.04995148598098166,0.12563742259458316,0.01427403212364853,0.11167304767011173,-0.2011809478171525,0.1471635903238265,0.28995852887256524,0.1882505703303754,0.20734934698109686,0.25907061534707243,0.30235513959942817,0.26741899565492283,0.04877971365221106,-0.0011728462665349093,-0.148524429151987,-0.1366075622776322,-0.06433792019959349,0.009380631967734324,0.01781647752309563,-0.14380866694062397,-0.040130596918685583,0.14643175017366988,-0.3565111853605711,-0.1828921962432391,-0.08709704259661594,0.12994897229300592,-0.007824114082052998,-0.10538498500264139,-0.23033596216423335,-0.3612649303398173,-0.1280821335567205,-0.10394961732074375,-0.15238189802946586,-0.2046552142169491,-0.1422767918258762,0.2810733382677527,-0.3267721864452458,-0.18418632334254706,-0.2683491778157416,-0.2610588930565232,0.05428431392620218,0.02749066602998103,0.09075434628232501,0.2489794872184356,0.21545546114963238,0.16983529725043514,0.2620381597204232,0.1373019486013469,-0.19967367431634456,-0.131515081641985,-0.07919827850808074,-0.019921065321231994,0.37602111617787304,0.49986964363554864,-0.11666062036795977,-0.10324365205269682,0.032236507978837495,-0.09215428248316866,-0.22067433290711022,-0.08581480568327843,-0.15730958147696134,-0.20352836218208173,0.20247310478480884,-0.01398816301671274,-0.2127227441239246,0.056112426754623995,-0.009896126416020829,0.16531530493036048,0.006544813969850402,0.06683014455337657,0.37274982887134883,0.05488438916958218,0.07779858875326118,0.11597170361225959,0.032465091127640844,-0.05484966502972584,-0.01509044095600627,-0.22286239940294847,-0.010157220768872294,-0.04222655036911495,-0.023215138065015344,0.12722820159896062,-0.2861584102787289,0.23714081442335092,0.23803674000891223,0.08892150400036748
0.10636030648364758,0.1409841436697123,-0.24958392988411565,-0.31650345747651293,-0.18398474126779077,-0.2809020641947099,-0.316837772534908,-0.35033661177615505,-0.2871787300228994,-0.4242421794363392,0.08194252520005667,-0.22064600786582278,0.3178833044041244,0.18381579704236148,0.12084190394261729,-0.09588093092854079,1.0,0.7554143495795931,0.2993730298548608,-0.11420438372580123,0.005450594687139473,0.12189250836032915,-0.042090310175817124,-0.4840326633354483,-0.13196043082677125,-0.1239257007755972,-0.24694046992265817,0.000304705085012521,0.6908237216690399,0.41636929640052933,0.33196461251196063,-0.10424736240590303,0.4015895785746151,0.2500609648888332,-0.284288649141507,-0.27623796734592976,0.2066181279408635,0.012132348585415407,0.18169814206621682,-0.059280323527754156,0.4098154335026706,-0.01860640796762201,0.25559271025211866,0.28263442731842014,-0.15336696264027952,-0.44398476190838815,0.412131937868628,0.1430127429618257,-0.21073882354792306,-0.3238000497611531,-0.06992584417377987,-0.20358764616828773,-0.21546409597502358,-0.1278582899366122,0.27463147391378495,0.1556464597542528,0.5712611595104745,0.6312006987225979,-0.28740440972887177,-0.18915993156631816,0.3703686731352506,0.1451065807803506,0.5569496988958976,0.6931801133410096,-0.217856970978864,-0.16433758859744957,-0.2508316745629899,-0.5230728500662222,0.4578696252936962,0.04385837861342746,0.011348230545154016,-0.14979445305658728,0.5842609186683524,0.04410395380628825,0.34182157100497595,0.2601854273234068,0.07649724941657111,-0.19339382386191814,0.6811080092398443,0.616505162059419,0.7645171934760533,0.7276149497060304,0.10906497830353533,0.06754343902032328,0.31421318593753084,0.1756738784585379,0.06493673980981399,0.3581344910999121,0.16401827958432166,0.07262202040128583,-0.5166579465159489,-0.5307160728924603,-0.3153562439010497,-0.33837291539455244,-0.03996056062055913,-0.08498955315160327,0.32478456718689425,0.04063728702485025,-0.0051487365434361885,-0.18945570631674596,0.13217737344712252,0.013534187516327486,-0.21878795462428924,-0.24704614385864135,-0.28950947248121545,-0.35693573547331753,-0.33002644343885523,0.16141049338972413,0.04720693228783949,-0.2561532119677224,0.10557330272274569,-0.1268134216704892,-0.187250751592255,0.07913567657134335,-0.2404426164180772,-0.19009749873024775
