1.0,0.17738867252510304,0.022943221523446612,-0.1865966784531245,-0.16510257727137653,-0.022478112386660486,-0.09320502874243862,-0.02528641310766188,0.02232210804454767,0.1033141221257486,0.4582068467854114,0.15410792600950365,0.1947335717922194,0.06814448202366871,0.19964346990070594,0.24225859917438364,0.035274865877674394,0.0315392091335731,0.02191430285554204,0.017963427116259333,-0.12892405210649927,-0.05530121039115555,-0.17055159908308679,-0.22448125172510988,-0.2760512561552849,-0.142384522661555,0.04187871662016662,0.04513841195389053,0.03365251282267943,0.04371476227609925,-0.2825228380036148,-0.32973401059273055,-0.035169616710543715,-0.047783017114888617,-0.08649007682291729,-0.016838696665371373,0.12654214808110248,-0.24826919667155162,0.0234419347398727,-0.12097795478251254,0.04425521850971231,-0.022463518256351636,-0.13695509701373287,-0.08144847707909632,-0.261847947413381,-0.2070607371779398,-0.09220937894850385,-0.08444215622233647,0.018987064864385447,-0.2099745534792376,-0.0813992197106321,-0.15520410938497262,-0.333055149421209,-0.15396455368066653,-0.004015835219877307,-0.20268521991657756,0.451820944217048,0.0376854857757862,0.22793116670597957,-0.16334097983546272,0.5474936779600114,0.17547300551014178,0.09024488631580489,0.1334768510443426,0.20088647216332725,0.14555434929592476,-0.15256244579112863,-0.2826860456534828,0.0073656544175577906,0.264868294752232,-0.058083357005513765,-0.15533379654221005,0.0880980162616921,0.06261414774293025,0.14985002949571827,0.24121315075517769,0.10627508579630743,0.03742035956508598,-0.0117113627504271,0.03644019587283807,0.02757976770457077,-0.1001339302299765,0.07000263497725015,-0.23332661684405956,0.00012844451903915236,-0.253938298862658,-0.1862852603406581,-0.06780660154168305,0.09588820902576788,0.12812747728862217,-0.13053100472039444,-0.105900624131707,-0.024636914612042725,-0.004974687738476641,0.006504060894473901,-0.029577916026835044,-0.004791086246340903,-0.01964570450455016,-0.26193216666757474,0.009563025107439203,-0.019654550357378436,-0.10013745108883335,0.05297714761356208,0.34663085753012113,0.04408419631158431,-0.09551511680568289,-0.007099364767257335,0.33732131986578207,-0.15353842671803156,-0.14210101360014288,-0.029015164779669363,0.00021219436280142437,-0.13631780880811975,0.011238641905046032,-0.04278987819907805,0.26045082994758867
0.17738867252510304,1.0,-0.5936079297350986,-0.5623025655764364,0.09480080104266815,-0.26457496746598896,-0.315378578865814,0.1486413238349919,-0.2496729565477754,0.2675728229382879,-0.07894828152353084,0.41271184317946885,0.15754816078919814,0.4956727327647646,-0.29408551812206635,0.2169189936229424,0.5133770786315631,0.597126125098129,-0.1835744948546678,0.3565036046123292,-0.3062335190605655,-0.5881924024002809,-0.6978425312152938,-0.6871380668155062,-0.34989455798855335,-0.7699838979908524,-0.41807921185250035,-0.5808778249133505,0.42294469893774206,0.592729779073528,-0.39313333530629524,-0.45319372851741085,0.4275167566127686,0.45547010225790124,-0.41116338189440005,-0.14481458639176514,0.1750020852148596,-0.08991759799067943,-0.34341569272002,-0.18750064646479006,0.21770597748884818,-0.0490471919699846,-0.43776556288004287,-0.5968561804240077,-0.16653317694511097,-0.2620289463887944,-0.29555732725445116,-0.5063358000749869,-0.13555980361807654,0.4319622537736932,-0.6404300879681153,-0.30523234720675385,0.20821734173009787,-0.32769766937264844,-0.18127063857635325,-0.24045600281517737,-0.060857331382730286,0.046644802957813744,0.3562267988577636,0.6108227347681345,0.36713324250087165,0.6733623280953455,0.5706379261986233,0.7272053797463456,-0.4379752070041888,-0.08643755322796189,0.19451608072276844,-0.5088177855973852,0.20128500971807162,0.32823165893050504,-0.3215000953492311,-0.24343622456016092,0.43032260232219965,-0.09566969416439752,-0.10113124209296571,-0.12895732760572537,0.10500209466595334,0.08844698836136897,-0.08049010079887885,0.07124430278456034,0.5190707319263079,0.5443319577141348,-0.08843547901700088,0.4869594323687485,-0.3602201978335824,-0.08677367047115951,-0.3292030441415853,-0.37694302268884616,-0.07247728447053997,-0.029295252523104498,0.2529243300784898,-0.283266417287483,-0.2915941201627035,-0.3618881303536051,-0.35131567829434823,0.23045801599304336,-0.20248991896732088,-0.2596233664341169,0.3177080008333114,0.2542190125720798,-0.12715137584939348,0.31780633523893187,0.5528572702156223,0.32701595296632174,0.21413667187893357,0.09424749178967111,0.3996373034629172,0.2188883831485793,0.050271113444492296,-0.43697065456233414,-0.4652849548477337,0.17893052554508448,0.5748619427761578,0.23005159223077667,0.06309434974236072,0.18133394997546673
0.022943221523446612,-0.5936079297350986,1.0,0.39380500975365124,-0.28375768371262977,0.03171322655822949,0.42716645545224224,-0.18564291131499058,0.03048673080718738,-0.4662538300314546,0.3076553486040727,-0.2640424293930358,-0.011188404826619577,-0.3502017579037288,0.19809410289733984,-0.1411949222220292,-0.443997818881792,-0.5523719217888612,0.476496471552917,-0.2918144446532546,0.1405070188910254,0.5200672082033737,0.6333436834987889,0.300863251334438,0.3851968930659377,0.6847923682846873,0.5536346467014276,0.4909339983767958,-0.3690691778682251,-0.6607590334034167,0.3487963907436372,0.2709278528702183,-0.28633971369069566,-0.45026721242482304,0.2384212164561954,-0.2097792151037826,-0.30949273421450574,-0.3514130468553394,0.138070387699571,-0.003504528452896701,-0.3486858202588345,-0.022002412187907487,0.5804306183161199,0.7047112983148829,-0.01931151011592031,-0.05432519503604954,0.41035753160551597,0.5665877268100837,0.3733258576575608,-0.4406152818650434,0.7492488190523752,0.4646729747900324,-0.2512205782734567,0.2474214412638964,0.10234463647727604,0.03883352157957992,-0.017137217568090283,0.20779935990859866,-0.40322144034568885,-0.435229141033423,-0.20373337728195892,-0.5161937639942298,-0.4302208877412626,-0.5870519050657037,0.3202021485457611,-0.10908469805884205,-0.06220204619010053,0.46023859184309324,-0.24418023839451997,-0.08439155989493909,0.15199061348950718,0.09104351069262819,-0.36657806375258795,0.043694355785003455,0.13208418491696589,0.16318229853513244,-0.057146491357197904,-0.10110439240585607,0.04117969571880079,-0.1728811808755667,-0.6384552243447507,-0.6083872244555796,0.11528438364850764,-0.36883596883930764,0.1294311349924959,0.0744357889249833,0.09358493916199784,0.1412672356161075,-0.03333331116422497,-0.223279361864569,-0.06488129125850312,0.28150689842178567,0.1013763190021011,0.32957596231095027,0.2588563722262738,-0.2266934318605747,0.37505733866921886,0.2542136857131879,-0.2582503926992707,-0.2799316018919589,0.2400405565825696,-0.28175880460870995,-0.2163727089428643,-0.11380839103950757,-0.3182753101461803,-0.2559227335350276,-0.24514056279877236,0.04493279692757948,-0.011107786831487271,0.27695781902056776,0.4950980982438209,-0.1572282628970234,-0.4112234450884058,0.01328924784169525,-0.2190650040521608,-0.14609277206997906
-0.1865966784531245,-0.5623025655764364,0.39380500975365124,1.0,-0.329899303681329,0.11306370795274842,0.15551112859088154,0.08258359113849896,-0.0979401299954245,-0.18762255615526843,0.12705904131701193,-0.11466102851375182,-0.1427485790912721,-0.32910664746919543,0.39622114463247077,0.15640990356321952,-0.3679130845520791,-0.4864486168854363,0.3064168600950985,-0.11964488457700917,0.209464451863686,0.3382877997217721,0.6631818400185646,0.602643710563239,0.20540815493647957,0.6616669748701752,0.29985460788927076,0.5896382544010303,-0.3248296080665853,-0.4790720975775543,0.33545666327098805,0.4171460365134772,-0.15765769107265268,-0.3605488487972087,0.2748457177407758,0.044037356169053375,-0.04487048444472433,0.0452228278076988,0.22002983028989792,0.11778805986838656,-0.16796584362126,0.1726364737655776,0.24029357099501045,0.4331447118630218,-0.2665588580961337,-0.002364172925977297,0.12586700673894155,0.3445650567101761,-0.2923264438741862,-0.47719570420056756,0.3960031724888521,0.2429766422566255,-0.09991642080012667,0.14258327041884652,0.15445497856771526,0.18806969276676777,0.04570096756493503,0.004291427839010243,-0.6121743806272283,-0.5112638796759422,-0.55114720821488,-0.5192320807023031,-0.5033928010977999,-0.6096400598773711,0.188714874390158,0.15960587521230776,-0.3973163041471214,0.07642635813116475,-0.0771912500707426,-0.3963454856899078,0.1210515255451411,0.11341263602800136,-0.3009414344184365,0.17085164617853196,0.18320409096147894,0.2156454199042912,0.1235886080398426,-0.06371373805321268,0.19457425004570997,0.10418545144526822,-0.4482380498813679,-0.39041913050608756,0.31037131581079486,-0.11635470403307079,0.49591346555726307,0.43382486479827737,0.36607149293822644,0.5162649624360159,0.05860088980906134,0.24507241312352118,-0.1367046705068201,-0.040363193844054554,0.32687073725670845,0.21671875691301287,0.08363434719650091,-0.2908639688184818,-0.06365680915321573,0.11229083668286984,-0.25265938295010987,-0.23464041693182666,0.08376451864482062,-0.20988624823169905,-0.419218245822031,-0.1351898993963522,0.08174024916700807,-0.0799681367609405,-0.2957415573444595,-0.23382108851439865,-0.07351776861892946,0.05327330128547269,0.31877990884436225,0.10656575073553158,-0.22228545746867648,-0.04126421904934134,0.11401039051692638,-0.052445488286165264
-0.16510257727137653,0.09480080104266815,-0.28375768371262977,-0.329899303681329,1.0,0.4066674372612977,0.24268414497274682,0.4148898273878381,0.2987327455975522,0.48718668616060784,-0.0656264330691735,0.1853704315068073,0.08976319299938029,0.3724165943183089,-0.2030499897161256,-0.06595229423626339,-0.20186538541462548,0.002646201961034051,-0.36836806843008085,-0.3029801679264328,0.016918561820428075,-0.0015373441891077182,-0.4075211387879461,0.06365929360411879,-0.2325459884096374,-0.3171276428872411,-0.23647240017612955,-0.1517639605889063,0.0220828812976355,0.17811468504035582,-0.29477639072079564,0.058735708836141355,-0.22010873626991642,0.08176698499201099,-0.06589257461378137,0.46062683920473535,-0.17693899931771673,0.077585058642571,-0.021796045157027964,0.16123735569342504,-0.12482039015672015,-0.14526712626218546,-0.3267368952848734,-0.502083471619137,0.44801747833037286,0.43334662732756185,-0.3116259454260062,-0.42974016603177706,0.18754851216805596,0.5068961019128416,-0.26700793667623796,-0.07102872805021046,0.060106534186784015,-0.13264893237725353,-0.33907334546361867,-0.2837249450647195,-0.24763038183151737,-0.4499985594217735,0.38549048344806114,0.2572752150668931,0.26218057324179994,0.4839768564687907,0.16975167352725543,0.21998675091208694,0.1844043125297383,0.26078392410137197,0.01420237997401108,0.21758282676117963,-0.2746282833557221,-0.08543235457881566,-0.0907877345205253,-0.04223980232771864,-0.15590342964984152,-0.5665579243225386,-0.4766654441869154,-0.4931733308481702,-0.48752514075381914,-0.2727265868746576,-0.3094268196555482,-0.22824102875447824,-0.02365311439005536,0.001162633798276665,0.04658632889204096,0.03602619197679823,-0.05261012980653355,-0.12565506261864548,0.09077023335700046,-0.15452467890668792,0.3614529256437203,0.049050638786161345,0.2482027182870637,0.1384609425522799,0.026048858044435724,-0.07709249247421496,0.008403871710903654,0.26944231031867716,-0.2832274617880371,-0.2807852346808951,-0.07958921334284126,-0.011896985832825639,-0.18378612141433992,-0.02318179104526281,0.17949802424649888,-0.21790610337032312,-0.06378704581173181,0.13997685054618828,0.27208334137669227,0.09166529031355221,0.20427251085217757,-0.04454991030244907,-0.3249918910884493,-0.36078383879381076,0.08802120615819387,-0.22033848915105486,-0.15336501879603226,-0.1659479022475464
-0.022478112386660486,-0.26457496746598896,0.03171322655822949,0.11306370795274842,0.4066674372612977,1.0,0.2471242382319335,0.4174600120684222,0.28654931866462824,0.43879753152536144,0.19369334040891745,0.1266004745015402,0.2752186014410985,0.2622887501913847,0.11467856859974283,0.03371032687112988,-0.517733020922177,-0.3465492129270048,-0.4346815329305177,-0.5213015301298595,0.14843671917858195,0.35536023167554,-0.020836346886558846,0.2832266397263816,-0.21040713622430265,0.2126234737499048,0.17168863606311868,0.4561762332106365,-0.36978763709123935,-0.29913842073286234,-0.24664276218259992,-0.0823400974186059,-0.33888163246448244,-0.42979975230920403,0.06920778866009933,0.5073222123927957,-0.4113039571867924,-0.027167309034852545,0.17242753237489347,0.24428141323263233,-0.4429530279643306,-0.06483017330123345,-0.1567743855822342,-0.1345269381521363,0.33677967293603145,0.4467420963122444,-0.12925714327123644,-0.20690707411117656,0.22753752138362046,0.15408727660003427,0.08919544456125923,0.27071247702952445,-0.22678394156490933,-0.034130069599974534,-0.16250175845779727,-0.18385506160412388,-0.3343873654068265,-0.3759384348345624,0.17211078814098502,-0.12785792543782495,0.23000444172087128,0.24637326409331015,-0.20361378692032284,-0.1558709840280603,0.4799584460819442,0.5562705696702289,-0.14091879618223502,0.3189892915069844,-0.3620852282113713,0.04426714530470019,-0.06276306916771017,0.06120826496952879,-0.47197063610971335,-0.4010229594060839,-0.30315576560960705,-0.33168348153583876,-0.42727753065368806,-0.28212921547883374,-0.38790158943292263,-0.3066646286968843,-0.4695596102998129,-0.4940265803526806,0.16023333104335913,-0.3718146543047389,0.06323182610934007,-0.1313182698311997,0.41363264517563963,0.12398395211422365,0.5028971777436155,0.19704296185899156,0.26884486200203034,0.21882263425562032,0.43064929013241804,0.33945609133248456,0.22045060539275596,0.12055811187255926,-0.2992825431239873,-0.11921689198795966,-0.33133236986762776,-0.2861256214545555,-0.0453662381672776,-0.28069972204193133,-0.23450172300055222,-0.07991423699299395,-0.044833822511158146,0.051629762978874165,-0.10851067976169254,0.1965404337228342,0.11817613311810783,0.02278014919976057,-0.06987870128877852,-0.42741600932217344,-0.1847905966099976,-0.2164173369778653,-0.03911474054982612,-0.11536095183009323
-0.09320502874243862,-0.315378578865814,0.42716645545224224,0.15551112859088154,0.24268414497274682,0.2471242382319335,1.0,0.21491485474225194,0.18080810175510437,0.0021863829967816812,0.060348784700856445,-0.09135412816668999,0.11109159160581342,-0.14274786289095187,0.16576609661548203,-0.16505478294998632,-0.45164033877692694,-0.5224932168643825,0.38358592658731705,-0.23337864017832843,0.057717102118660664,0.1533286965767722,0.23164875345084776,0.3791215827858788,-0.01656558963946546,0.19416273719907004,0.1936354295695758,0.3824533641900771,-0.23113238034677688,-0.4213901736117316,0.15838412295034754,0.23709687813175725,-0.23821078505758775,-0.17383657794533539,-0.030853061774635517,0.060862073790425554,-0.3243116968063162,-0.35077675874350084,-0.13080957854814165,0.025138048365041223,-0.44248681374015586,-0.2833819711142972,-0.11856783797457711,-0.0708996977031668,0.07713053891691164,0.23684595445985976,-0.1984174678296859,-0.1998202110540378,0.08339786647082931,-0.11802656174199945,0.13251546397068678,0.03454363780681184,-0.3736708949853093,-0.19927427864166244,-0.36462071973847143,-0.23254288040832818,-0.24581808127149657,-0.3074641901395671,0.06706855063430472,-0.12547512416280435,0.0782780544429891,-0.0602171364383645,-0.14880986937506624,-0.19730068303433057,0.6382530747387254,0.21951577570685618,-0.0700564107050128,0.4681335378750456,-0.2984946511672499,-0.2849224718582521,-0.0002741801731409983,-0.16948664747818876,-0.26268487004942237,-0.19489858015618938,-0.21966697259114148,-0.3298778232130466,-0.31201962802020755,-0.30058693635834194,-0.4134040890716273,-0.41242253148078667,-0.4820077615948651,-0.4838439590955484,0.4244046737846922,-0.10192156504372003,0.15763378141146028,0.15661742821509547,0.11923531691320689,0.1283176569602118,0.31461767912169347,0.03741783079929245,-0.06340085754953957,0.27086900466522124,0.24995665723623425,0.48660354755284585,0.04460856352706249,-0.12100497833699038,-0.13256709987034646,-0.22682781152491124,-0.2638051348581446,-0.3267096210157467,0.3979451244292739,-0.042301580849746175,-0.17795414485197425,-0.20896003613584066,-0.19941915298335341,-0.2166674596851607,0.004993263616965507,0.09943290117692005,0.0447200959311296,0.01787735501274366,-0.08884549434761653,-0.3166858491432714,-0.20336170414208804,-0.30311326046383064,-0.2077399910472319,-0.13384549866928397
-0.02528641310766188,0.1486413238349919,-0.18564291131499058,0.08258359113849896,0.4148898273878381,0.4174600120684222,0.21491485474225194,1.0,0.14772141984262563,0.6931934365846234,0.1656462811712581,0.46308544492009873,0.1269903606371848,0.5563911618865635,-0.02377382306439997,0.25336447365535836,-0.22349531538626746,-0.20509368245334636,-0.30829265416408136,-0.3768652538019876,-0.1468617941290344,-0.005328267408161164,-0.3826429341647685,0.054082469058859876,-0.3266957291825824,-0.20782286410285244,-0.1378097236280573,0.08301547501253256,-0.13516835816381992,0.07931391837964036,-0.24075483259742783,-0.02673776981699582,-0.15479154444363796,-0.15649562430944203,0.011393238604236588,0.43897810989276465,-0.25418043998640305,-0.03668904052888967,-0.22938362334640858,0.07077630350369433,-0.38577760231421604,-0.31928285453126526,-0.4027049703142777,-0.3893383410171578,0.08174916623514433,0.34921068301447333,-0.2797713997817643,-0.3843871187209428,-0.09271320414616029,0.24015393824223985,-0.19597323593175228,0.11102227860496297,-0.12376305958160076,-0.380901123341765,-0.21147912519496045,-0.3065994214785125,-0.38841813652612595,-0.5520865759947448,0.1899758227964838,0.14090382650119282,0.2921890199595302,0.6158742344229026,-0.0010714418468830017,0.2084564035807294,0.3288359666549998,0.6884919620316321,-0.28452394051766994,0.07245466026033373,-0.3502998334578664,-0.01142101667120185,-0.20954276678372052,-0.10675831521629951,-0.2126322150928423,-0.4956139620146544,-0.4225081813118848,-0.4190605716867238,-0.32424067392996153,-0.4414796677752041,-0.1867676355795607,-0.17280976184668875,-0.25884654841760657,-0.29986792022080927,0.237097348211936,-0.13175611455050168,-0.10445600852363988,-0.2371084389279092,-0.06358853610980501,-0.10885777057789413,0.3914017416428087,0.2919874191236949,0.2866363876006,-0.011940457632985946,0.3820893508430506,0.14307300941947926,0.028693941005628023,0.1417474702150542,-0.45518589765773737,-0.26575096035338724,-0.21414535524266423,-0.21256499350856967,0.06527011296175363,-0.12860696017533896,-0.03733036122875832,-0.034642582752228535,0.1294946716179415,0.2762220468874806,0.35900167966008506,0.29791219854756634,-0.03823975105374619,-0.2801735359316841,-0.3263338572039092,-0.10889999083703412,0.05917299021724458,0.10948166065760415,-0.023525997667454182,0.34799456110727844
0.02232210804454767,-0.2496729565477754,0.03048673080718738,-0.0979401299954245,0.2987327455975522,0.28654931866462824,0.18080810175510437,0.14772141984262563,1.0,0.2545090738938362,0.3421064071495219,0.12392358177939947,0.4430264048950935,0.20910133507081782,0.4682541058118031,0.24623552275557642,-0.062263164234835106,-0.020842549607348715,-0.22875554571802467,-0.41057802484809847,-0.1341200613994683,0.0763808407220458,0.10194925685630826,0.04291540705725386,-0.0014776964539677966,0.06567268902763891,0.17438429341912745,0.15680654970437968,0.21100293639517914,0.06290565133122804,0.000729795419051147,0.0579657982785364,-0.20444519037000056,-0.060132881214943895,0.08970181331725308,0.2876821174837863,0.07621051830422514,0.07597994503601202,-0.01701941261182704,0.02533294305092578,-0.07106882350910032,-0.0749181895418941,-0.1267017306511218,-0.15394494490026361,0.12236561874455129,0.11922092295450182,0.00371365009756752,-0.12928754071612658,-0.03622124951405828,-0.08938929393581169,0.15973203232655622,0.09681682550367368,-0.1406656826842013,0.08015192122887393,-0.06473351769945768,0.11185758325497973,0.006599601363182696,-0.07926933976362423,0.024920498662223487,-0.22371558133851946,0.22732850978609365,0.09788004654433409,0.012303635460983954,0.005082689191019507,0.5118833901392704,0.3274493406586191,-0.2782129474414335,-0.08008615926630619,-0.27477715106485123,-0.275200239995,0.16170926233821328,0.16014649207167647,-0.08082961643280645,-0.13605422609183415,-0.1369546376054276,-0.013542606471770722,-0.03949058216287329,-0.06849513471973623,-0.04493355958305578,0.019108522652018737,-0.1432033824673626,-0.08058720350429069,0.04182347054410825,-0.2237762404520172,0.08216120691730884,-0.20102179585581942,0.05542525190688988,-0.08249491583893147,0.3251720153892326,-0.08989411841555595,-0.10304904294342206,-0.07009679586011071,0.03420083203029064,-0.047170616072433086,-0.11649764525940215,-0.06557165270397601,0.07809918310825571,-0.2008908293997755,-0.046569810409006145,-0.23078947476056288,-0.11269297330381169,-0.420328735979094,-0.10549608560440979,-0.19566203144394206,-0.11697810939180332,-0.04889415729176021,-0.27731868743374305,-0.08765555178843915,-0.23128598406755663,0.002461094776224698,-0.0922991343312935,-0.18472615930326233,-0.18130407056105874,-0.19096784800385178,-0.005660183805107563,-0.12349617829547409
0.1033141221257486,0.2675728229382879,-0.4662538300314546,-0.18762255615526843,0.48718668616060784,0.43879753152536144,0.0021863829967816812,0.6931934365846234,0.2545090738938362,1.0,0.08007498964861569,0.4525363558318799,0.16735491428373347,0.5768623553602636,0.09546061793155225,0.29502416164141787,-0.1274523073816256,-0.03443116076942219,-0.4953015410698114,-0.25482487975969076,-0.148501431837253,-0.10090943682341426,-0.5032386060533766,0.033336249739515336,-0.4615802591600177,-0.4361976744740365,-0.167425189473317,-0.019989432024564647,0.02632800760308204,0.1958189521918205,-0.5007965800177427,-0.24173293318228256,-0.1557329563014134,-0.05533580819636024,-0.04789398012282304,0.43320318094585597,-0.0979322054554696,0.07164196275485625,-0.12925739386260107,0.20348877924292885,-0.22879166109435523,-0.1291803811271557,-0.4586204537755797,-0.5774528878014585,0.13752862230909524,0.3419336323097503,-0.3083494866489867,-0.5493770924796157,-0.1449068823914759,0.30730787807088406,-0.47439461171262265,-0.13313747219056107,-0.032839476132173716,-0.390329618137358,-0.13559284368059019,-0.15496701347460132,-0.10389087024204395,-0.4228745100781686,0.3109505010258127,0.1743721198105058,0.37325194633711556,0.6275171508770956,0.019528286317302246,0.2846182356316036,0.22333315052389144,0.6074092418913922,-0.33428527176365636,-0.1490253087161146,-0.33352731520454726,0.08491970301143816,-0.22740450698284084,0.03859998165368265,-0.21232397231192185,-0.4609430262817635,-0.44191725104350327,-0.2820514835078593,-0.3383485997380695,-0.3787234815636466,-0.22928501856243536,-0.06742220223182696,-0.03496122244412147,-0.1368450756367552,0.21454189037630275,-0.060154625455503895,-0.05449160757179636,-0.25630270695279483,-0.10965797078403332,-0.20468790574214957,0.4258973804848084,0.3701353431249884,0.2677912986532688,0.03637313361582614,0.36728991805467853,0.05412481425598868,-0.11353254379868112,0.1751636217323921,-0.3894347087412892,-0.19509576351257102,-0.11106475079803461,-0.00894160839155221,-0.10387128171528914,-0.029868118790335376,0.03326744077648079,-0.014807687358877528,0.17236263109919828,0.4426689432657154,0.2709685348032347,0.2813007132960211,-0.0772399714300129,-0.36710532704496585,-0.3299182701546509,-0.08452629971092389,0.12559947254769574,0.03176561661356241,0.166990363044469,0.21535921185926588
0.4582068467854114,-0.07894828152353084,0.3076553486040727,0.12705904131701193,-0.0656264330691735,0.19369334040891745,0.060348784700856445,0.1656462811712581,0.3421064071495219,0.08007498964861569,1.0,0.4514469227215469,0.6451346366704249,0.40815585688805767,0.5666195041709048,0.5247916015369527,-0.09226323807245439,-0.12998395794843065,-0.05191070960202955,-0.3060387891329499,-0.14314591360041537,0.18210165174846715,0.16236701301345882,-0.030881064645286345,-0.048768256268499635,0.17486678147734852,0.37410206307769633,0.4012704410101521,0.07411787451213372,-0.07720650762640593,-0.2320795705521061,-0.2033790971348296,-0.21224619416128354,-0.29375676867177675,0.1518783194421946,0.06605753930218383,0.013766755070127763,-0.16843754950703074,-0.06091685939871579,-0.21225939236344984,-0.15986566554367587,-0.11729418805071033,0.0681359075242693,0.17108625773396233,-0.27650107873308727,-0.22167559738666995,-0.04338779139003542,0.02973201459355331,0.12446894749875514,-0.4139992619282582,0.39239231415889714,0.3677184721259315,-0.4903843275133199,-0.06755290097684613,-0.1957406937910073,-0.2995464920013693,0.00950529474450253,0.035960229143192836,-0.13291876980673847,-0.4217784454924686,0.36778804181100216,0.07671307725193136,-0.02787398835563598,-0.09685093353105502,0.440032409577611,0.39275606411323244,-0.40415577364877625,-0.09631079920229119,-0.25226300725275475,0.20603029754531935,-0.1060328084021537,0.02846866018641616,-0.1633488503886894,-0.04863663137759075,0.07355341111734516,0.21391175389641326,0.11750422429575003,0.020009310282809632,0.06453558827739288,0.06996941226039084,-0.29293925197556103,-0.35093148875273067,0.30242866373910504,-0.3958449176169171,0.19169160680849207,0.009986382882376693,0.029346095178941833,0.12139749465947898,0.031182507740663442,-0.03345090187556835,-0.1012861478309824,-0.17197402140060322,-0.05401116956426801,-0.06929099345020612,-0.1000682204053212,-0.1482354861851771,-0.15452710657855123,-0.14993603680314482,-0.5044606557965945,-0.5489486033163354,0.029589194309691463,-0.3898710989218645,-0.2419966245366174,-0.004651471140796659,-0.22243156162500394,-0.055213365865153435,-0.13570489808499842,0.2054033722609044,-0.2796056614103989,0.047150386208920224,0.01238429179299382,-0.1356814455126652,-0.18462120382394515,-0.12992116889585006,0.004841617730349171,0.18450968825744837
0.15410792600950365,0.41271184317946885,-0.2640424293930358,-0.11466102851375182,0.1853704315068073,0.1266004745015402,-0.09135412816668999,0.46308544492009873,0.12392358177939947,0.4525363558318799,0.4514469227215469,1.0,0.39266842469432184,0.7388443651191088,0.16834254089857412,0.5483747704467554,0.0533550217514784,0.14990401490244723,-0.4273172154935393,-0.28786107453894566,-0.023555479160731183,-0.03872865720016905,-0.4363142578368062,-0.24700725070255083,-0.3694255531879973,-0.28409490649966523,-0.09606858668425339,0.0001619628681928088,0.17299522685617114,0.46048220408544405,-0.3397322834320382,-0.17527521086862677,0.14925732138979092,0.08103391381456262,0.10930565374036988,0.2012630768182443,0.09825953638975982,0.0467556994350561,-0.2618163840301028,-0.009526128278663804,-0.022197943951141587,-0.17430910831646163,-0.3861945511779814,-0.28376327751899216,-0.08007502315555219,0.03736025668611246,-0.3827659621365719,-0.40685298681131526,-0.009927697318068335,0.0709584172487962,-0.15386906916601067,0.1969906872587466,-0.23441736672594024,-0.45393921751557986,-0.2904492832634682,-0.2965442789131684,-0.24915047306071986,-0.1941539518168852,0.07360034787095956,-0.12478913316582042,0.3940980018813981,0.5165129223482091,0.16670024551859616,0.24960931483057933,0.25326344816822344,0.6360183228990247,-0.3097509061016607,-0.16950395230886997,-0.35224486190211685,-0.028529882910771385,-0.04760459221265949,0.1703428592647017,0.0320286321319933,-0.08773044254618365,-0.040760113219857744,0.06358461589623308,0.2141991785048641,-0.024192380094547394,0.11589940640233715,0.05439618793705191,-0.10449649967489263,-0.10183222819155095,0.13331713169246218,-0.06319526953250447,-0.15405204205619574,0.13911758851258205,-0.12913080527671875,-0.09430024890213222,0.016662942028087064,0.15703773735792942,-0.054710947175839804,-0.325686425267075,0.03824248571706052,-0.1837348802115151,-0.3553990111261259,0.06975915141746274,-0.4570080418641675,-0.4009310670669607,-0.37446766192130354,-0.31441876002711655,-0.2582524350914685,-0.12339310871643532,-0.10258608433287261,-0.01051308702204929,0.08060326306638892,0.10477641628356614,0.11136295419460461,0.18690141395255738,-0.22367033228317101,-0.3268257766367206,-0.32653806709130495,-0.23393881177208223,0.2550992283692802,-0.053006311278978424,0.006039625053384463,0.25660573331367253
0.1947335717922194,0.15754816078919814,-0.011188404826619577,-0.1427485790912721,0.08976319299938029,0.2752186014410985,0.11109159160581342,0.1269903606371848,0.4430264048950935,0.16735491428373347,0.6451346366704249,0.39266842469432184,1.0,0.5046935806473514,0.46876567441187095,0.4137327182604974,0.09299934696402597,-0.012809704083625072,-0.1931848096707425,-0.22596394144494206,-0.19524237397903738,-0.04182900218204771,-0.023413469704165964,-0.22968612994580442,-0.037472889852472165,-0.12932013215428798,0.21955085208069877,0.17387716672490058,0.26022864470402535,0.1401451342734852,-0.3347684097059513,-0.31802260662882786,-0.1167447758052213,-0.13753976171986954,0.014063121448324108,0.23323881348073525,-0.057006693570654514,-0.051519618244612854,-0.017130321064347774,-0.21308224614711646,-0.07727079704913963,-0.11583608986977977,-0.23567120516816092,-0.19018392167694917,-0.129154339967168,-0.0777210402254459,-0.1627326578453962,-0.2929113667793617,0.007933224175655042,-0.11831025501902882,0.0782648356265186,0.12497864495388088,-0.28401198064343836,-0.09022163197921572,-0.1391524831137671,-0.17826518580619827,-0.11827725054851297,0.08964762565811268,0.12301564742913298,-0.06678610210146996,0.4281348358499139,0.28060233972136567,0.18565014988072587,0.17441850355111924,0.42127421756960165,0.311146178180357,-0.21955094939282804,-0.21030175872781431,-0.07067392232094724,0.12479970761171702,-0.08159871410906386,0.021050698053983297,0.07904768250563309,-0.1380583670743952,0.025525987231549446,-0.03143618453968393,0.0673749099531087,0.10458964892604375,-0.06069168858754793,-0.1113490764379713,-0.07956718383134447,-0.06534288070862125,0.11471708635429394,-0.18162278712934918,0.06012833909828162,-0.12040968033031264,0.015844824115783137,-0.10152227277276286,0.09052175659836033,0.03441534663129463,-0.027292308509286333,-0.28704386647299046,-0.16999877615143366,-0.23248579193415864,-0.1575271190666951,-0.03826723641684132,-0.21654931391089594,-0.2556543158621215,-0.16844381809255785,-0.38067687195571204,-0.06959243421431542,-0.10586952053831933,-0.11102001259371735,-0.14494197707121417,-0.15715211689668585,-0.13842383408389097,-0.12188489275681894,0.08490186316318794,-0.0404036532190006,-0.11415253686666725,-0.246460453105455,-0.20302975164092515,0.1109463517587025,-0.3021931614268038,-0.017416188219352174,-0.07045770162033324
0.06814448202366871,0.4956727327647646,-0.3502017579037288,-0.32910664746919543,0.3724165943183089,0.2622887501913847,-0.14274786289095187,0.5563911618865635,0.20910133507081782,0.5768623553602636,0.40815585688805767,0.7388443651191088,0.5046935806473514,1.0,-0.05455649470110395,0.399881004691116,0.11836380874421058,0.19604456883352883,-0.49489577539697066,-0.21402280880427066,-0.3434421479065818,-0.07324107971075353,-0.57206509978853,-0.3829923393427435,-0.4305850165610574,-0.461849489923017,-0.19461212834589736,-0.20647774881522013,0.28169768381274857,0.49283147978688047,-0.49968450002623555,-0.36917428227891413,0.09742799928481345,0.11679774851112483,-0.07484576385926203,0.233880102359304,0.0013726115084859948,-0.005329671550809141,-0.2464758808658992,-0.0474013875602621,-0.05696668682620768,-0.25688699778464674,-0.3739335696094224,-0.4176919645721545,-0.005920191760076744,0.044101137215010744,-0.28857095395814425,-0.4529740169998081,0.03291710727140526,0.2974938978587274,-0.18200388126584985,0.18406112827321486,-0.07995262156139549,-0.39205599818115316,-0.18658101490281462,-0.20660856675012454,-0.30850773224913314,-0.24737124958932483,0.26560488582751257,0.21586716927787133,0.5174676895354807,0.7385183648814797,0.3803345112814254,0.5164464925608122,0.12722574555277297,0.4655125442592486,-0.22461206999999633,-0.20003415740130906,-0.27005879682344924,0.25683039925821977,-0.41148873918766243,0.015199920422110666,0.06167357310229623,-0.4174122783595203,-0.291331590077969,-0.2291026407798046,-0.08335629850646996,-0.1776006380721209,-0.09343542259201237,-0.11907233385329309,0.029711089495266352,0.04373020238253,-0.039236910127646095,-0.059969245822608735,-0.33991154973151255,-0.1974114440171974,-0.17920441517126437,-0.32789284537129026,0.11453388807823153,0.09826228071657175,0.232794971805468,-0.20497460131887424,-0.0255912439841056,-0.2876331294892647,-0.29520475671293855,0.2591478337138637,-0.3527124745964932,-0.2446444772589682,-0.11430025659469653,-0.17299298524290427,-0.19763777184450704,-0.06896209567683069,0.04681174223746584,0.036008711966340576,0.08246781325070077,0.23528871237292154,0.24283888875940976,0.24701383465195176,-0.15431596686964644,-0.33178672529239833,-0.3718240848270792,-0.1789494450044828,0.29469143609553256,0.06270455248821544,0.023757031254152124,0.26718810820625516
0.19964346990070594,-0.29408551812206635,0.19809410289733984,0.39622114463247077,-0.2030499897161256,0.11467856859974283,0.16576609661548203,-0.02377382306439997,0.4682541058118031,0.09546061793155225,0.5666195041709048,0.16834254089857412,0.46876567441187095,-0.05455649470110395,1.0,0.5878671168361388,-0.14429103852531597,-0.21542945463045673,0.12971828949684666,-0.1651086632597628,0.008873715919394952,0.11049681661012842,0.5492810258698051,0.3270263338120951,0.05513822395217713,0.28631027238901585,0.4175897972719759,0.5967857844147743,0.060515169199215936,-0.27212355436803515,-0.044648996313080905,0.10559801943149441,-0.23795678501197198,-0.27133163233865465,0.2394841450263075,0.02184832876271314,0.11141696739282023,-0.0010114480559517975,0.10764488926388592,0.07452682769065651,-0.14627937916453318,0.15097179684330198,0.018669324612939468,0.0674167174818393,-0.3992756905766549,-0.20952371640614564,-0.012262843581434677,0.011185636385927806,-0.3292671372648912,-0.5540019491916929,0.1934069800458863,0.06365076096754374,-0.38759151237390926,0.14996841752532844,-0.06751690044353359,0.029897640670975275,0.17318326720319002,0.21245593111197408,-0.34485445184987573,-0.46528256710315374,-0.07123505198273201,-0.260971328288754,-0.2805486485249652,-0.41810071361122964,0.5455943828998433,0.2988518969820003,-0.48916969914212005,-0.20458841254085808,-0.13415742385354362,-0.23536868207836287,0.10730069565710244,0.051708862373141457,-0.2781294472343684,0.10142371140623586,0.06894779017356824,0.2543645473500403,0.14176455616603853,-0.02288008756265818,0.03618583705549411,0.18110763875987052,-0.23503185433711787,-0.25775350566959304,0.5287737787131848,-0.09162238359506711,0.5703651129484623,0.23155365141927012,0.26773417169037256,0.36777639523964123,0.2506197644517771,0.17194303331706218,-0.3165766299539935,-0.16335057408218506,0.11392818013719244,0.07224489771922195,-0.0804136086201421,-0.2723831852445035,-0.14489305562468766,-0.09998724978925563,-0.32942025446711887,-0.407255193218091,-0.042724009490001484,-0.28029439478454915,-0.4332505986590996,-0.19577928021444943,-0.3047141843737956,-0.05599685778603643,-0.3519418960430591,-0.1288336503016719,-0.24044457414303777,-0.00977825595444022,0.018581562559664443,-0.04017725361767014,-0.1396734819930428,-0.24073242536775583,0.26466976706346024,-0.06508892762464127
0.24225859917438364,0.2169189936229424,-0.1411949222220292,0.15640990356321952,-0.06595229423626339,0.03371032687112988,-0.16505478294998632,0.25336447365535836,0.24623552275557642,0.29502416164141787,0.5247916015369527,0.5483747704467554,0.4137327182604974,0.399881004691116,0.5878671168361388,1.0,0.12039187377794242,0.13622892630950056,-0.22444863073140106,-0.028269030494849773,-0.14106090071340865,-0.012504577252985651,-0.027480749038039647,-0.022356931294682518,-0.14227051314052347,-0.13159120687620782,0.10803219075451304,0.2214205736856814,0.2348826266637525,0.13498640659961483,-0.4061333002849584,-0.23502875943074633,-0.05883240226221035,-0.21457344724352959,-0.016932338739625265,0.02293968787304921,0.18937990962828805,0.22246948972922043,0.11228871110560608,0.18992960687938087,0.005966945308904736,0.16507402574292854,-0.3012957827707159,-0.26039478355004464,-0.5933342596009773,-0.360417427285959,-0.2296852897431745,-0.2863956341337671,-0.42546027170402767,-0.36651558493320496,-0.11886408271314441,0.02580937240423369,-0.205933958168894,-0.1524370129145979,-0.05900463601987534,-0.06290284388926835,0.048584435141626414,0.09156876724980577,-0.017479879713657553,-0.11116139977885918,0.2411267694538644,0.23363368799774636,0.036372634334654264,0.0030112458891619846,0.1537416728923114,0.4020374320376981,-0.39185826337601015,-0.48049395887665636,-0.0943116183413556,0.0445195379134409,-0.09259263584549875,-0.09070039967545852,-0.09235219965915578,-0.08759176850394136,-0.04823625351376786,0.17766822773206364,0.12841909318445485,-0.053484571794348686,0.16081459464002038,0.2858785389332511,0.056099814687592515,0.03477433877187025,0.3720457580021132,0.220455154223242,0.15399121758416903,0.23501901313909887,0.19645653361094634,0.2724573417964578,0.2894277682644866,0.35921923986632115,-0.03976706612227053,-0.2757325873170422,0.14366195154455663,-0.06774859630922246,-0.1787663196799686,0.1030124269501085,-0.43508624742800356,-0.16210013330013762,-0.23465085560025992,-0.28918168261216437,-0.14560891278241186,-0.06980797353919513,-0.1371801787266794,-0.016682276885077892,0.007478552731463534,0.0970496499061276,-0.05249709753867647,0.07211854418353608,-0.0740941703698072,-0.28120952997615467,-0.2279433994063415,-0.01643764698942111,0.08638492603926129,-0.011742093304675658,0.23219358688212202,-0.04079297908673123
0.035274865877674394,0.5133770786315631,-0.443997818881792,-0.3679130845520791,-0.20186538541462548,-0.517733020922177,-0.45164033877692694,-0.22349531538626746,-0.062263164234835106,-0.1274523073816256,-0.09226323807245439,0.0533550217514784,0.09299934696402597,0.11836380874421058,-0.14429103852531597,0.12039187377794242,1.0,0.7697810932321443,-0.0672582042342246,0.47253965837951406,-0.38523621357166227,-0.42114828432386026,-0.3348707845112089,-0.5068522118927781,0.08027422179959921,-0.43066745693686037,-0.3762271049038787,-0.4602435856167004,0.7535742312153733,0.6297932709338994,-0.04137847181984971,-0.14767342676221204,0.5228451674605257,0.5805095086300327,-0.28333226438273496,-0.2655402117158979,0.48311876488365124,0.0867313132949628,-0.2424235970936431,-0.31914570879083576,0.5712785708145637,0.02041571002044066,-0.3014165589761912,-0.2853402281563746,-0.32954500701150763,-0.4324085361737624,-0.28342728459068844,-0.2864092963226015,-0.36655702073405144,-0.08382159741839587,-0.3556876046390203,-0.45734564269135475,0.25083007371487936,-0.19325247708923327,0.13224154892645745,0.05139498813698947,0.20554257591507746,0.2983233847527239,0.18761068154393326,0.39393902949039983,0.19893642269422046,0.14556738425412252,0.6380660377350539,0.5929007240622228,-0.45316040120579926,-0.2926831672989758,0.3646035367363385,-0.41813391194584926,0.4164010272988676,0.03804248362199523,-0.08944753452728463,-0.015543408342729966,0.703797854673432,0.32000019145059777,0.30918434090089486,0.28712931164548117,0.4782739509019167,0.36510445491536875,0.4451337791552153,0.48536179147066905,0.827462975662988,0.799853355250313,-0.30302511516362624,0.2766069161497609,-0.11980014592514061,-0.07830360688814365,-0.2921772769572917,-0.2430369493835658,-0.1671063099673211,-0.06607527933702519,-0.21606232772753914,-0.6195223289099564,-0.5309470167282453,-0.5028677270273774,-0.421462847617336,-0.11114431970183332,-0.0052331069862778775,-0.2326546052297629,0.26386560188624536,0.0850880634402963,-0.19606108418503718,0.11667359482736141,0.32114028986181803,0.02127059602854419,0.04238807104008829,-0.22042649139354156,-0.07416110082936066,-0.14640233828158206,-0.07510267840637898,-0.3069043987703733,-0.4465706065731874,0.08382935557996218,0.06982887863456518,-0.06621629570464176,-0.07050662059098,-0.05234001954324177
