1.0,0.34635976500943183,0.1670644474039451,-0.10178882044335347,-0.0776931192731546,-0.43836825076012215,0.38406733474955523,-0.03721081730708832,0.20453922537422256,-0.25736874762505024,0.6266700072526824,0.3063773542178695,0.7018597171666707,0.3105293970534106,0.4550829488650575,-0.17802271565790248,0.09158002122842719,-0.2982578021322168,0.21507000166246826,0.20746365836578418,-0.08457308920520636,-0.23278427101597587,-0.07524710668245012,-0.16696428710427597,-0.08727820515136335,-0.14984591715054804,0.16109217732900963,0.0007898972081738641,-0.06111833289088761,-0.1821094342116523,0.08940414641617334,-0.18684796951176313,0.3144472224716767,0.0030423918617483005,-0.3178550706432829,-0.2104207428738304,0.15087140725269904,-0.2940352316505603,-0.4811801678862608,-0.2680046773500733,-0.31644607790506946,-0.27147359192189285,-0.11861384896927439,-0.19337096030497353,-0.21624328554503114,-0.3368806533519802,-0.1805603895345451,-0.19493996286101037,0.14629007785033482,-0.35159363600528115,0.13081405429791948,-0.014365394409895954,0.18853837852517152,-0.12779945193264441,-0.03875412204579254,-0.23184238249122976,-0.1245278683178375,-0.1149422211622049,0.5270078180948855,0.12309090612973074,0.4483318185580312,0.1383568001196685,0.07749494930426888,-0.2299751069164766,0.31180771309975946,0.01951532184073481,0.2102420089837872,0.028794187601399554,0.12342169360724177,0.04657667230199147,0.21783755039048427,0.2198441298162553,-0.14759361403911406,0.16329385516792538,0.29219370828572994,0.14684387664808946,0.36053840313039104,0.10404181160961073,-0.4002825488575946,-0.3625898589126814,-0.4285669766673143,-0.3681559262234982,-0.2801989421658222,-0.3248846593811551,-0.07093635001826544,-0.22502845216035128,0.108491608497811,-0.252847619659517,0.14922842915954485,0.027512835236544592,0.07531866030470341,0.407287231952426,0.12517793584178563,0.4835498036635038,-0.2609272954392769,-0.15366090045929312,-0.0037918575560524064,-0.0405482094700795,-0.1414031840370529,0.30793811639541285,0.24422107941081395,0.40538572354135105,-0.06425897540227209,0.3678603433122163,-0.01898034801259259,-0.02479089954322657,0.03540333757561727,-0.052420403945982984,-0.00926885038557058,-0.023913876552482928,0.08535711098196584,0.2356884206652527,0.20408180755641536,0.27145012774142624,0.03789074013246462,0.10527987356682644
0.34635976500943183,1.0,-0.3834538761186337,0.1355622876578951,0.12851198213341075,0.07392228509943093,-0.22452006013270817,0.1550368374388747,-0.030441772566995953,0.1494626156851391,0.24708130248467391,0.645665203998488,0.4221790538125221,0.600354413453559,0.06971774181791646,0.24197139676481588,0.16780748538544973,0.2190441045194914,0.03390847020066734,0.16301077644484582,-0.004425545785305726,0.06334069023796259,-0.4285510902300904,-0.41391025454190183,-0.2676137583510219,-0.22934650355007333,-0.17624176286634677,-0.14160192348527925,0.1018668171057343,0.23116293001471647,-0.350471087009215,-0.26292864796152043,0.3955614903537385,0.204928299016268,-0.19131747566589036,-0.09372119898361583,0.3094744556025922,0.26567129112454413,-0.14396952265108612,0.00782729490750972,0.26978111546297684,0.1828496999634654,-0.36444200295781365,-0.4864025835409839,-0.44340757607778686,-0.45459268496244293,-0.3552254665855061,-0.4036565965348204,-0.17689637914437642,-0.27558960396415577,-0.20592252805129874,-0.12185283227730605,0.27482207926748636,-0.026532546350618705,0.053985574118468896,-0.31055054733024456,-0.10084300678493699,-0.14700957338604723,0.03310173793982518,-0.06200687599322495,0.3793279604622541,0.601442547504002,0.26725029359005775,0.16113341539108808,0.05406693556485064,0.24381363728996058,-0.1986715856539697,-0.2392207219283267,-0.03958226762562327,-0.20273723549955155,0.11550472389763208,0.18348887033335068,0.15273037023230296,0.19461906273114826,0.31109136725295294,0.33268318068609926,0.3622938529095907,0.26796386972258984,-0.0931597466560859,-0.13598924781053834,-0.12058248419555301,-0.05908489677300467,-0.07335693178905796,0.012991866890859195,-0.41441263557896724,-0.020994767729738528,-0.24509792144344167,0.05798859172001243,-0.09632307169319598,0.2675748489721524,0.22171743422795942,0.09179038926491989,0.11118140732724774,-0.04234436443234878,-0.28629777721660093,-0.11721425435082945,-0.23054168169161846,-0.13582498322392308,0.09844152865749956,0.017080857495638695,-0.019488155539560348,0.08594405695662094,0.07517621711120366,0.1393278251078763,0.1204640620532917,-0.09217673661952344,0.11664899742517544,0.001214232735914886,-0.11691877770780301,0.048755772428235686,-0.11964908728386059,0.006796532856297194,0.24029636433007878,0.13387837764997185,0.16665321137341935,0.04111665896644952
0.1670644474039451,-0.3834538761186337,1.0,0.08226223297440162,0.04506587732215765,-0.1772378981408427,0.6574059575319935,0.06512835121146981,0.27447834148763844,-0.12028192534039951,0.08544152265460137,-0.24743797467060746,-0.06566975249359983,-0.26960711391468084,0.18391270084901815,-0.12171932280931141,-0.21691499780680223,-0.12231064400126294,0.1241992945339736,-0.1420271777935007,0.00161220211267635,0.12930594132474815,0.5511712415228388,0.32679693215901445,0.2707643671003395,0.2474028710172825,0.31345320531891885,0.3819139701013003,0.0033419332100375785,-0.10575742259329467,0.6241295224530012,0.38962131915683246,-0.060740754847010345,0.0927200711509339,-0.013025777709061305,0.022603037001001934,-0.4524705029210649,-0.5310587554330986,-0.49097821736961667,-0.14012612174263447,-0.46975009543848056,-0.4325911592771464,0.24934218738744426,0.2757721251726325,0.2102337487132387,0.16869698410621495,0.0772414976835535,0.1974427147949597,0.05372261217419068,-0.19740484564891267,0.23306692433242346,-0.17802612935770146,-0.11056004322417567,-0.018209079980957023,-0.43572402617573025,-0.15139068652663323,-0.30593079190596545,-0.16107358233780447,0.10315689029609491,-0.17128597167973048,-0.08626261849666642,-0.2349510306736636,-0.2276077677132494,-0.22430609412809133,0.3121164362808196,-0.09166516067916695,-0.0025005245705213286,0.0006237257906390086,-0.059964127124097884,-0.06239833855790579,0.08127005088968962,0.12911075559245433,-0.11791234645861892,0.08643716438502791,-0.010562790429866947,-0.11389524397045152,0.06690396276275719,0.04407918024390313,0.015586260473694819,0.08411786823725682,-0.18674243371817623,-0.17642437534232092,-0.2712044672604561,-0.35056126528468806,0.07928405605437096,-0.31982013897391987,0.07006588257951242,-0.3514553411403204,0.2996460271120069,-0.11743377084152362,0.0009731207845221808,0.15135542608730385,-0.021959343455308776,0.2983464375300912,-0.23871821341775046,-0.10601331690726941,-0.1605564759175739,-0.08431991132871278,-0.14850719486942088,0.10560762587626661,-0.027901737516942304,0.3069689421775687,-0.10068360666059933,0.2305118567263665,0.005574240968300314,0.17259114946648785,-0.09356920312667122,-0.11930302672290423,0.07457990622399693,0.06467885138506219,0.07550053511006431,0.2729095277154118,0.11648573759101093,0.1594202508874976,0.022195420494735746,0.26389090786544195
-0.10178882044335347,0.1355622876578951,0.08226223297440162,1.0,0.14960667540586076,0.3536458030580531,0.06425060410132313,0.6082120967475161,-0.09608604047319398,0.30165939074281645,0.00325773743570423,0.3140177285939247,-0.05109994637729591,0.32134728301843735,-0.31260357097921737,0.30101414763506934,-0.23714995998812494,0.033336947357018754,-0.06237475575674114,-0.07077508209498588,-0.02879723830257547,0.06180169512744197,-0.131726504394963,0.2897167153625026,-0.053485754868590425,0.34342560936297345,-0.2767347188095382,0.13877951703849037,0.04088655805146003,0.1104948962218768,0.07366103870243872,0.41654812450084006,-0.0727133411346002,0.33701424199221164,0.34249416140127115,0.3216422374983435,-0.2095950345764658,-0.08191825571919543,-0.14996919357764762,0.1235148281344988,0.0797578498087087,-0.09113017370341712,-0.2488686036755908,-0.44258961335946284,-0.04371289430290846,-0.051444808780471994,-0.49283314060398203,-0.4396526262245326,-0.11714405005510022,-0.025549514618230653,-0.18391650087807046,-0.28929396345496483,-0.005858624303335596,-0.2176489706278119,-0.10993220450314863,-0.2263335554063722,-0.5846293854264927,-0.5679772604002272,-0.3758667546385615,-0.4726665582189411,-0.05361159488769822,0.05527472591352705,-0.21868460644904805,-0.35719181221997914,0.2469815630264564,0.5729657145655812,-0.5677966231941913,0.07481400212894414,-0.6219642788318196,-0.6827471265732761,-0.06340526786495643,0.0674987403720609,0.018457573687930783,0.017515979778472517,-0.08468498091500114,0.059933276192443694,0.16817836839923014,0.4882520779884231,0.1128087943130223,-0.03942073786807676,-0.3577345390099386,-0.28289703674932243,-0.09817404723263455,-0.14183219554679524,-0.37829107501618997,0.0409386101003782,-0.13137379619430328,0.025600918395976793,0.15868658325733914,0.4649388189811329,0.4871713947890158,0.3475782602573086,0.6042475962344659,0.05335186140758433,-0.1781548294073708,-0.009443802402349566,-0.4851355992662975,-0.44399005008256404,-0.018594197355658013,-0.15200446005638843,0.19035668497991073,-0.07385395388236864,0.26006234547968504,-0.06017041136097686,0.3037790811914255,0.23691669925890774,0.1666176267790216,-0.02699304745552072,0.0820576502368986,-0.056032588881497196,-0.04173209749722758,0.21776602375724965,0.3076776853225682,-0.04383362665622428,0.14946810777482716,0.2691952415775882
-0.0776931192731546,0.12851198213341075,0.04506587732215765,0.14960667540586076,1.0,0.43419960898351573,0.23938441554402462,0.39844625442678167,0.6014387389543343,0.7172359840207421,-0.07885231059609844,0.2411841292419072,0.13817753147320427,0.15429484439007762,0.0800908981658207,0.11391116611161133,-0.07116582978881773,0.1954858429287436,-0.32463394129104484,-0.2641790768944385,0.07022528775811203,-0.1564315572482955,-0.10432153296623374,-0.20315112081232514,0.11111973768763704,-0.001966189400672425,0.286005747928428,0.19534279888555892,-0.09736652615547757,0.07607621000571468,-0.08323414032998303,-0.11124881026406264,-0.16402999433635052,0.015291026395542402,-0.007360859115215502,0.07543371183339383,-0.07607735963910235,-0.09296591090995454,-0.04355638384154596,0.009023070815989402,0.255127748791955,-0.04739272963066434,-0.10804225901073075,-0.03456568663189534,0.23419551938664493,0.182592771378417,-0.16306449478329124,0.05745265196616099,-0.24341237369038254,0.11799670580443794,-0.4205373981803348,-0.21202598575490475,-0.19684171025759326,-0.09993593225659204,-0.26836513271712903,-0.19355847589199,-0.1989887859227728,-0.1765800406992826,-0.23694837329029408,-0.5289919123761508,0.07036073447403338,0.20245406676624086,0.0690854541343097,0.037862423184871055,0.3295261090207733,0.3232654805206301,-0.41121752265610073,-0.2594040705756024,-0.23860531713578959,-0.3703167940259233,0.08286392913215844,-0.02412944893726411,0.0171126528304181,0.10122804501895864,0.043179724761189045,0.10076074765436425,0.01685305753857684,0.0098035383141883,0.14359609679786048,-0.005307468923781719,-0.037965409616806424,0.13935831946576002,0.0766029972776154,0.1335975970442604,-0.31922013033013585,-0.16949487515485157,-0.4895357421705395,-0.1814074306351441,0.30752065131457124,-0.021359364003355495,0.2613742558565381,0.15596778845738168,0.3247763156238392,0.1526603451483023,-0.00323183668122192,0.06679752937932418,-0.2505856196277964,-0.2029811677784024,0.08918690337863669,-0.07291359979655582,0.043345232439200604,-0.21442678281706473,-0.026102602583245392,-0.1396691122790655,0.011071511978163402,0.012252972422051957,-0.04322919700024636,-0.21577366720568186,-0.07592819344883223,0.07676945870966458,-0.21825174709130676,0.3827798628551682,0.2693043218434039,-0.09017639003057538,-0.1687069091853122,-0.021152016591343074
-0.43836825076012215,0.07392228509943093,-0.1772378981408427,0.3536458030580531,0.43419960898351573,1.0,-0.18503798398145715,0.19617034766927097,0.023898352571163663,0.628128995352881,-0.4461746557180885,0.019546540617820306,-0.2649432795094754,0.010184122091335256,-0.1987078044051014,0.357034576951359,0.12598230219902962,0.313287183172529,-0.18986522476229042,0.050771024917052966,0.4807812493333087,0.40262915757299306,-0.04921297208654262,-0.008651752960759816,0.08458388887960794,-0.017741630186532534,-0.11571347227798626,0.19102437234112907,0.08551031165872384,0.22358013748059904,-0.1478159179984145,0.2115724685375374,0.040649547441738744,0.27190889102678584,0.18935826673221512,0.1365136694476747,0.026756979618350094,0.22443379319968967,0.2525478584697425,0.33066123272169595,0.5226504841657477,0.22398849852616332,-0.15127747370043793,-0.19776855584450317,-0.07669136186152753,-0.0671595297906637,-0.0972907967599656,-0.20773567052230485,-0.40040314469963634,0.05787124885252877,-0.37494122230114757,-0.15611561355683073,-0.04502787721468143,0.16139456445877015,0.00979765326918994,-0.017578151369637997,-0.053591869771514374,-0.0859737472700579,-0.4321734316725642,-0.35782872400367816,-0.06498840301335611,0.09287437458297514,0.19047715169267218,0.17080116845376336,-0.06054419895002715,0.12829859740012445,-0.36328444683778555,-0.24331163860395838,-0.2605249970092636,-0.26253375838398485,-0.005296614671029903,-0.13758600498410667,0.3025569348179124,0.018267201679066786,-0.12179230851345153,0.08846780194549844,-0.009002472410261884,0.10563808182738678,0.3261555355790574,0.15764330810523447,0.20678914213267283,0.30214663034283845,0.2515517015046976,0.39559150494424733,-0.28261067401572965,0.173730235773188,-0.2492874598391935,0.2610477505381664,-0.09323101423983865,0.12931077145106284,0.10610024166856419,-0.29371697841087513,0.0021333943761643486,-0.45708263968247415,-0.01274524311240801,0.08564418240962551,-0.350826833121747,-0.20003341976893152,0.09965181027742863,-0.3952739400507098,-0.28446145476867296,-0.5078402995397875,-0.1512678364838108,-0.46679753497852583,-0.2188690437159545,-0.2902212195745694,-0.16973997512895403,-0.34477765977053876,-0.236294219167005,-0.04739826787440504,-0.35791835978112846,-0.006024065957559165,-0.04745914512111687,-0.24265744770270767,-0.1643738088004054,0.06814281443014295
0.38406733474955523,-0.22452006013270817,0.6574059575319935,0.06425060410132313,0.23938441554402462,-0.18503798398145715,1.0,0.28993512431418694,0.40703667617271627,-0.019425262888657355,0.1933463705823118,-0.011313466963917869,0.3221339661196458,0.03784513909613743,0.23818924696576366,-0.07401047683984761,-0.258378873312827,-0.15298630017210696,-0.08279349450444633,-0.08241279191366259,0.050340544119598075,-0.06852063345179887,0.10286893098836501,0.08799022856997984,0.06606140366034369,0.14688204186711468,0.18946005768284585,0.1362504925562319,-0.010520862097177208,0.03812736881312063,0.39565268039618234,0.23152639618495327,-0.03813898535099296,0.12893764262065896,-0.25529929654626615,0.02201578177846797,-0.166439903980631,-0.400374465130997,-0.4936964582685894,-0.24109464903246663,-0.38566004583995916,-0.22322107322075044,0.0011413144233889767,0.04866232274004077,0.1973629168746403,0.042180071557575374,-0.08743587209780002,0.03389306083582264,0.04081226320981878,-0.06634226406501607,0.08559554775352013,-0.1376811031232638,-0.030908995526343713,-0.0751738998050797,-0.3730817682430045,-0.2791399507567157,-0.5150893449877871,-0.4416266117018239,0.05802540553322098,-0.23366875415523705,-0.023196587611870843,-0.16431935455152683,-0.11099203965224276,-0.36136611966620974,0.5661742998717129,0.1347060112763286,-0.13056168570706997,-0.0222720808869991,-0.19477445179394062,-0.2682975388263438,0.1697668453216803,0.35287628987089403,0.0033524686971788593,0.2859568576762691,0.21466467889326712,0.17154877523779127,0.23537471450935732,0.14788184494168538,-0.21472445955752661,-0.23997772865815445,-0.37351284403321816,-0.32024219454559766,-0.24618223525097735,-0.20635690435170098,-0.18238601823514317,-0.3263812759585936,-0.041748790281969296,-0.4993867229198472,0.31074958298455635,-0.06883231012668144,0.21390826156945011,0.43289808192498275,0.21000492024258338,0.4404828648176907,-0.2113261193412555,0.10756969208645215,-0.17971451672170108,-0.07329458584016142,0.025894543246319224,0.24638343331819185,0.16425813257925692,0.2934783952083879,-0.00026887524698484644,0.25092277030683285,0.06317376536480447,0.2601025176150757,-0.0691498054339438,-0.06654405856080114,0.23894958169774808,0.09600105019225498,0.10574989623314898,0.4110056197851229,0.38584895208267483,-0.014468445861425875,0.019895605398032642,0.0509418980783869
-0.03721081730708832,0.1550368374388747,0.06512835121146981,0.6082120967475161,0.39844625442678167,0.19617034766927097,0.28993512431418694,1.0,0.33702263431966534,0.5924304060905039,-0.021993101102389678,0.5389215688381747,0.1934658528911891,0.4898857273606374,-0.15594595494999824,0.15210873681229015,-0.4433027678551204,-0.13978498142101126,-0.20777430460575114,-0.19279724051126118,0.007674096335604812,-0.23264171519508176,-0.3678078018697613,0.09357930024021517,-0.24505630180863458,0.2928460810746565,-0.0960053281182115,0.029616748661508183,-0.3010584238525485,0.05176270050008863,-0.07323364820405488,0.10285301433678132,-0.20776772090233517,0.1701792797693441,0.19604959775697123,0.2950594253207754,-0.1598344088812686,-0.1513260019760981,-0.2589445337525877,-0.13145022656017208,-0.10462779623175726,-0.13707855903951818,-0.204988511177238,-0.3596094874409516,0.08753969107594638,0.014937437139270785,-0.4462432055065206,-0.18817928650375956,-0.15064590589754337,0.07239328718599707,-0.21801745681824536,-0.1595957126108508,-0.07509816368201844,-0.2559631255307405,-0.2231953507048692,-0.3417635941373439,-0.6210580366538104,-0.6113930917306647,-0.28083096744010094,-0.4388220166419629,-0.07997330386505498,0.30860459884105373,-0.2948944726087101,-0.5223837021446298,0.37442985496336645,0.8182581730573386,-0.515937004988415,0.0059451291569723634,-0.3802677707660515,-0.6068948036065931,0.0508110462825071,0.07545271895015328,-0.1625734560874658,0.12896682039702942,0.09300009707092159,0.2277054824671332,0.2136240012809088,0.38528514772610306,-0.23419083120827527,-0.40101139131587465,-0.48733075962438244,-0.4159499487913318,-0.3221933954615671,-0.20529370679269915,-0.42381905973378786,-0.20628212022885659,-0.3755306982991901,-0.2310338201257473,0.35487285258524315,0.4853794842942002,0.5390074634114302,0.514177916497549,0.7569828180876946,0.3816976004838291,-0.1632079099477713,0.0963908632429774,-0.3748433276569619,-0.25842828299140674,-0.016618306815665902,0.02511524209716369,0.4200129095992749,0.14122653948987685,0.26970156922308286,0.10787031937616766,0.43741876829955256,0.33699440900154104,0.18228619745051505,-0.005787626941489969,0.15601214509601233,0.02529446799644722,0.10968615074132315,0.27674776236831206,0.4298874365372655,-0.09944938602765799,0.25468590926334234,-0.10582082071104468
0.20453922537422256,-0.030441772566995953,0.27447834148763844,-0.09608604047319398,0.6014387389543343,0.023898352571163663,0.40703667617271627,0.33702263431966534,1.0,0.43779096863019257,0.09654068894615109,0.08408789188020883,0.46804830803890934,0.1151742636475942,0.5315483611569112,0.047952497635524574,-0.13364007444891096,-0.001199986772112862,-0.47197321457111235,-0.3311621498251418,-0.09865281690151312,-0.29169869078713095,0.05342040244430963,-0.03752150595293405,0.05539587923134418,0.02103474504678016,0.49040472902545235,0.19167641772970237,-0.18535969780087458,-0.07175525502346974,-0.005320804923218258,-0.16430136597564737,-0.20039750914177237,-0.09098285241550037,-0.27439329723972505,-0.027622537160346454,-0.1374938797014758,-0.24754057906885654,-0.3973686557050731,-0.3968165624927175,-0.1856744272201652,-0.1189869002898761,-0.05227096217734951,0.03413043762092592,0.2364414675897865,0.005712556136060903,-0.21578385440687872,0.13076210822408724,-0.09686088102298775,0.004725098138993414,-0.08446804830909571,-0.07082860077451696,0.0009496138452394781,-0.09753362053176247,-0.3594411206009786,-0.30696186830772615,-0.2927241207578509,-0.17508718225856756,0.1964842553843424,-0.3405636560310268,0.2950824793221111,0.1266047143690928,-0.10770585241129503,-0.10359417902890473,0.5935803472271554,0.22646743377973377,-0.22656346457043938,-0.09349320501992134,-0.15074615758976284,-0.17309385779259767,-0.07734139755446043,-0.0009584574273056899,-0.15793172658285565,0.12825521985869398,0.09450206435368544,0.029455771002194098,-0.021957113809259673,-0.15191214068623815,-0.08074582420526687,-0.035022484311116396,-0.21242374384517224,-0.07088817377579719,-0.045592997909654105,-0.03201217020961769,-0.05784042221089036,-0.3306911487591823,-0.2565980931793019,-0.47564379600450474,0.49490366650636786,-0.042692824559097176,0.34022863887022875,0.38223156429390737,0.37387645691891974,0.5792123561762135,-0.16694538929105968,0.0763859801277628,-0.1687897958418384,-0.13187349818895075,-0.12482529694857687,0.2105863869296616,0.14381375403141708,0.18702496857592857,-0.13653640069244588,0.182311172654988,0.022958130362752096,-0.007655416561584556,-0.009951244054663563,-0.1758626938287306,-0.08246770071449089,0.13810349359731808,-0.09054768160699787,0.42819990233468547,0.25203751834160465,0.03964272359625903,0.07216399476289664,0.002469289261369061
-0.25736874762505024,0.1494626156851391,-0.12028192534039951,0.30165939074281645,0.7172359840207421,0.628128995352881,-0.019425262888657355,0.5924304060905039,0.43779096863019257,1.0,-0.17080211973374276,0.40375105755331303,-0.004258153071664779,0.2885198046005267,-0.05710803715398975,0.28769540074986844,-0.13115619024083078,0.1976563465983008,-0.34729576776950766,-0.12424248398666846,0.1807046620102704,-0.009846377046742598,-0.1725936478398992,-0.1365599622643878,-0.022963764511019873,0.10927405481129879,0.015543596637707088,0.20605205318243214,-0.0998090755599607,0.09671769590108638,-0.21095581095284283,-0.014581250508145906,-0.13790002015185096,0.10511608957174379,0.229124295405876,0.10713749323710774,-0.043694331752202525,0.02703098104799974,0.0019237826479428554,0.09498485348017524,0.27503172035293133,0.041808757309961336,-0.22940194832927316,-0.28124723238525295,0.02199445373684316,0.00801374358017317,-0.26723624545138297,-0.12033289112342123,-0.45553892547426655,0.04371644331941932,-0.475577827020785,-0.20498845551062211,-0.29206639831019704,-0.06592610483431027,-0.257192313744375,-0.16974763302407017,-0.21219533815037267,-0.18764117635895822,-0.3945920154450503,-0.5225735356392124,-0.09472466007228833,0.33564107270449467,-0.028139593675149586,-0.06194325384431035,0.21530916246161305,0.49213101488182653,-0.4416107501849976,-0.19226808497824438,-0.22200410031347445,-0.3553392606005248,-0.00333836439965683,-0.1531901832598426,0.021284943858556452,0.04187077008214176,0.011781052986600208,0.12141398422772798,0.031837138875334015,0.08046542317932932,0.15752868356131827,-0.013931038855035294,0.03748410253702019,0.17254879820158275,0.09738512437525913,0.2240717189488303,-0.21496554883241947,-0.0672315642200701,-0.4872897817160347,-0.05131002653591914,0.3355116670416152,0.2076179457253577,0.3249167010988006,0.10095969380129016,0.4196614913890362,0.04391672570220435,-0.07547814252726762,0.015264880497761374,-0.2948252339189154,-0.18071995282157227,-0.1026879444956626,-0.21152228676416485,-0.04321489451431928,-0.32942530412872717,-0.08603518221478419,-0.3388397046459019,-0.027362839198893773,-0.06803485902840928,0.048881008143547504,-0.23829828095943068,-0.18393162017732245,0.052453299679926506,-0.21663882504247403,0.13891866414793672,0.22342343992381705,-0.20915302048445822,-0.08899083096164692,-0.10725506424779505
0.6266700072526824,0.24708130248467391,0.08544152265460137,0.00325773743570423,-0.07885231059609844,-0.4461746557180885,0.1933463705823118,-0.021993101102389678,0.09654068894615109,-0.17080211973374276,1.0,0.34331390405254225,0.5844858438275632,0.35871867543857805,0.47754817591978255,-0.055797346442887905,-0.19710753965095845,-0.2603825047548289,0.21520032459870594,0.10441882134105528,-0.22996042741533324,-0.35395135895536495,0.09879891738682876,0.16030452688712676,-0.01337871543190335,0.04408202550035433,0.12602140475863685,0.11395753488926064,0.0927489250584496,-0.21343843097530463,0.08230531851460708,-0.22485963923133076,-0.08114046476451149,-0.3657757396015689,-0.04931143593306069,-0.0906166466538049,-0.07010983097949099,-0.21638354648658642,-0.36223510136477166,-0.3402386294299883,-0.27579240835842156,-0.2638523045895826,-0.10813750911148055,-0.11580579757506823,-0.11033154075498836,-0.12109373930933481,-0.20139725279870743,-0.25794202337510325,0.189799926948182,-0.16110045817206592,0.23571523005118483,0.13378478065429467,0.17564145605069165,-0.08408067887374843,-0.019994031028185654,-0.10896383172611142,-0.165932756201451,-0.09430921834615175,0.29135873725966394,-0.028391439300457292,0.00767517053014482,-0.010391089670726798,-0.37468570822232333,-0.4602504484123297,0.23913122452925462,0.01765745627530205,0.08861635722758585,0.04052617190023693,-0.002928756278075653,0.01727293165928996,-0.0011029322376256406,-0.003043233314185205,-0.22002713141051283,-0.016991222268384332,0.14823426982675056,-0.05653544486861082,0.08397470773081958,-0.023385049291075006,-0.18381142849262375,-0.19551724725554526,-0.34720175007567067,-0.3426303007506136,-0.11858786639234983,-0.32191967819640466,0.19262502410513843,0.00724273195423792,0.3546530165244417,0.08490672424091605,0.35778708164981043,0.16991990023928008,0.04859524203353191,0.4625831832550713,0.25755452001647494,0.5827679793798821,-0.19980024896188653,-0.28901328668488363,-0.048230136780644334,-0.1344093341151504,-0.3132333762416393,0.05791350550795631,0.28210918227146836,0.2882330654841067,-0.03801691684056399,0.23245823566124868,0.053901776229718354,0.13302592245528336,-0.042248215104418556,-0.12054151629652464,0.08060408082223379,-0.0056047823553805765,0.053920778744199364,0.1405548201812385,0.18486779165982356,0.3005075493823956,0.14651640792372952,0.011783062739167679
0.3063773542178695,0.645665203998488,-0.24743797467060746,0.3140177285939247,0.2411841292419072,0.019546540617820306,-0.011313466963917869,0.5389215688381747,0.08408789188020883,0.40375105755331303,0.34331390405254225,1.0,0.4521576852311407,0.8616944257449987,0.04881046783972368,0.4034289878993767,-0.2151175713134656,0.03698690560258215,0.08825842429335537,0.09594890586522019,-0.09182348140912441,-0.2169088247014853,-0.45895220221805955,-0.09500471902003198,-0.320020587300247,0.04205923931905555,-0.1449864762219646,-0.11587569712932622,-0.054191487765674784,0.20093757907572563,-0.37001495535094614,-0.1840587650875766,0.08431159922948403,0.08353979564023127,-0.059842921689894926,-0.032532218326485556,0.298134549120513,0.1460821301893391,-0.18797087684452868,-0.08483613697075632,0.13217360183469026,-0.010353243398093253,-0.31715525747969636,-0.5015251700759368,-0.3866927087654118,-0.3425163192580009,-0.4712260711357582,-0.3357327553727731,-0.20985645909661474,-0.23752004397408855,-0.2596812840111939,-0.18170522907661926,0.02767390287984979,-0.15416771021734882,-0.09599342405589682,-0.3048017052633211,-0.31843597921583244,-0.34568633609657196,-0.08052107771633069,-0.3163777827591119,0.0980647917899747,0.49541692302095564,-0.1507610386575412,-0.3106306703713829,0.2093169924173819,0.5412379781336636,-0.370975627723657,-0.2497105873797145,-0.18171012074692033,-0.38710241041268745,0.14193694164670648,0.17119872789428375,-0.09505624778240959,0.1185355749389693,0.1771179233199071,0.4092919189311311,0.3780017063946563,0.42490607588495,-0.19388037550342446,-0.3362372141781338,-0.36749983616919574,-0.19886817643598065,-0.22430408642418137,-0.07182019475341081,-0.3301178202249958,-0.018932903961556675,-0.24588861558891403,0.0420844715635531,0.22787011273997915,0.4962491891730598,0.344342353349382,0.41159133581537105,0.4848629647552869,0.25413381832114645,-0.2639893990598189,-0.1655185533896102,-0.21485747146834758,-0.23357109313569563,-0.15293657310686506,-0.05243145352371264,0.11978540925067988,0.046433322872494506,-0.05593692018967647,0.12070521634049455,0.22637540107046386,0.12201974295887856,0.10127176028211379,-0.15380669173088743,-0.09260085253225953,0.1582724422155853,0.06938586175881074,0.1159625482945593,0.37460650663329376,0.12116457302329632,0.24791102387912042,-0.1560802224943536
0.7018597171666707,0.4221790538125221,-0.06566975249359983,-0.05109994637729591,0.13817753147320427,-0.2649432795094754,0.3221339661196458,0.1934658528911891,0.46804830803890934,-0.004258153071664779,0.5844858438275632,0.4521576852311407,1.0,0.594001508281795,0.6362563544423245,0.10819267067613583,-0.03619663871048807,-0.15931721667695492,-0.014590969813576951,0.010071661729935628,-0.06934155194855803,-0.3239321624749695,-0.24056393304107032,-0.13727648438891987,-0.10391572586584165,-0.13819006400406048,0.12570768398857157,-0.06904940282812924,-0.06840688581797633,-0.038696620407004716,-0.0893830391336769,-0.29929527237711734,0.09357971246268248,-0.12152843734931941,-0.3744422733583692,-0.07714273071528936,0.21262326457240394,-0.028872685727864732,-0.4193498889273328,-0.3233377205051789,-0.15734813355776503,-0.07201934957233064,-0.29811358011923267,-0.32134405628051965,-0.19242546908017785,-0.39777865834168247,-0.38489909926976407,-0.26292602195211806,0.10944259652552023,-0.20266436640181712,0.02094089434847546,0.008841114628690291,0.2111961066290028,-0.3502508118688299,-0.008112746322168294,-0.3554562562132276,-0.3495309905733822,-0.35017404309233574,0.33979557823786943,-0.09875618762307838,0.4443215602586132,0.2233614057042554,-0.02596102101057834,-0.310931331770547,0.4548476105021358,0.20264764986823433,-0.04074868318599756,-0.006363534586112928,-0.13013963377187643,-0.21615513972462094,0.08532030221329664,0.21875984108648486,-0.05737956383853758,0.16714707809882692,0.29933396031261955,0.2471618375770411,0.3547841191187646,0.1397948468813043,-0.3753569461539946,-0.3637521513638803,-0.5141485247897758,-0.3858398992089093,-0.20999179776664334,-0.1590056786381313,-0.2537061210931755,-0.11793851200269957,-0.05348304645662927,-0.18025510501952796,0.2628982138032859,0.16983502363104064,0.24097131654924905,0.5143883537475565,0.3776977249892861,0.567176033079212,-0.21169059339696733,-0.018780779276866395,-0.03509957874147779,-0.10376392975643159,-0.18489572948140992,0.2408211295743729,0.335949607753711,0.4365053183237325,-0.017051340577525494,0.38528980682370184,0.11280445371365952,0.03490949430616732,0.01108709325744182,-0.08088893313697822,0.05064083793770413,0.10348126816163414,0.13828071511176654,0.2778590766662392,0.3245095614805489,0.24210084080620126,0.23425973489686422,0.007046672457133483
0.3105293970534106,0.600354413453559,-0.26960711391468084,0.32134728301843735,0.15429484439007762,0.010184122091335256,0.03784513909613743,0.4898857273606374,0.1151742636475942,0.2885198046005267,0.35871867543857805,0.8616944257449987,0.594001508281795,1.0,0.13255328977460518,0.4899353821523819,-0.16773600438505945,0.10151484086152414,0.09292136098154537,0.11070833759150214,-0.04476502731974978,-0.1661535755913772,-0.4889029656161203,-0.036659452193394025,-0.28140245399676733,-0.05890515350866976,-0.21173479629992678,-0.2622498624265645,-0.05679960021372769,0.20403433308666885,-0.3720505522202465,-0.23555754002396292,0.0451702558848774,0.010412729243505383,-0.17343446772961693,-0.02908547792165792,0.3573934866063817,0.24185496795556907,-0.151736681190283,-0.11515687381239284,0.10335409871891224,0.08808889986343937,-0.31493538976215785,-0.4756818100272266,-0.35672644349906424,-0.41692335600121316,-0.47159189688122677,-0.3803454435499684,-0.14466130278514786,-0.24276633233814882,-0.16486739846928236,-0.08711418917462359,0.13482200371864098,-0.26539404716665693,0.0728681343397524,-0.35148308430657405,-0.4688635006183266,-0.5078732560933371,-0.10154040316350178,-0.28925801849492194,0.19880350250360881,0.4911264086361992,-0.05495018324155385,-0.2842367282920072,0.31113634566860626,0.4862819673330069,-0.3861649504566781,-0.21783196280132608,-0.29154504934251,-0.486053877093321,0.1756748498435657,0.2452080653689785,0.01770173769398887,0.1553799253798595,0.1898317702422118,0.33766278523764276,0.4132780576931323,0.4089574001461082,-0.333468770599626,-0.3652799081424704,-0.4685088173685139,-0.3187522129036694,-0.1689944116295561,-0.044547648091659585,-0.3931120002411732,0.06567586507548905,-0.18905307070141383,0.09137347435652152,0.17928102507827803,0.5575429677199456,0.39626661625341775,0.4457698846652785,0.46707310093926113,0.28547553336766907,-0.26966674232408694,-0.02293268585026655,-0.17679548188564662,-0.3155814904415804,-0.145750333151721,-0.006275609130762051,0.1901748941919264,0.16469650150323656,0.06201209221783748,0.1564862862714816,0.20013785856317148,0.06371031810637627,0.09137612502178165,-0.12370419862647412,-0.08425563513451932,-0.06908316328660939,0.10249053022364726,0.13240937219573232,0.4298840309848884,0.1750756170091505,0.26576226948018555,-0.1591834943079013
0.4550829488650575,0.06971774181791646,0.18391270084901815,-0.31260357097921737,0.0800908981658207,-0.1987078044051014,0.23818924696576366,-0.15594595494999824,0.5315483611569112,-0.05710803715398975,0.47754817591978255,0.04881046783972368,0.6362563544423245,0.13255328977460518,1.0,0.11037842272545902,0.08624321565532639,-0.041556701856531986,-0.065910688989626,0.11694017090239953,-0.018478269357804156,-0.13424493754185166,0.2634025561102752,0.131439616192466,0.1918871444457576,-0.03431448791458562,0.4040718618068605,0.2822009057782767,0.16800417894401606,0.04036833184458179,0.2801318424852838,-0.05703508168918603,0.03422266374173128,-0.134703166820054,-0.42554239911177183,-0.31696881614156197,0.05419178751940392,-0.15073081476111955,-0.4065411809442355,-0.28530232391032107,-0.066653823875002,-0.05851644729777049,-0.1801532302974451,-0.0386368959021989,-0.21584912501485473,-0.34062638336508866,-0.2040419975251713,-0.05647335078406057,-0.15205571512067398,-0.28488123653991193,0.024173234673974302,0.007714252308484149,0.1305276852878355,-0.051158134760838754,-0.2821096345762721,-0.2639474214154906,-0.0686259153150255,0.047449551770613295,0.29827566728759514,-0.008591903466277364,0.18363112848747665,-0.005249896393216119,-0.05899913718841805,-0.054345360698906706,0.35782571472189334,-0.22851973857751984,0.1024605462445552,-0.10783010532707846,0.0804028949222748,0.17964454243938224,-0.004365316932704826,0.031144778940446143,0.008526892143979581,0.1131182836962083,0.246171776413566,0.014482926367072546,0.011867107662246598,-0.19268016369016167,-0.0788919146465412,0.02857115684595768,-0.11273409301248567,0.016019894130830097,0.15156778510490254,0.06163936625243273,0.24758781717639136,-0.01457069066900633,0.2413740011636976,-0.09298633825196699,0.3376779744431577,-0.1809155842116501,-0.09769112810612969,0.15225057930359326,0.002564937045548806,0.43901660550620974,-0.17862713612270617,-0.35140611199721683,-0.1369858559061061,-0.06233285131608159,-0.3811590858116278,0.08866908046398142,0.17075205729199205,0.2699137748229279,-0.30154716235487766,0.17734367984118649,-0.3257202096425402,-0.24842292186707127,-0.18981688529078197,-0.3247656962249958,-0.12615562824944543,0.1465691145883448,-0.1836987764790771,0.2065038618649543,0.06705119189391395,0.36137606227371577,-0.024585644739838444,0.034884846795793116
-0.17802271565790248,0.24197139676481588,-0.12171932280931141,0.30101414763506934,0.11391116611161133,0.357034576951359,-0.07401047683984761,0.15210873681229015,0.047952497635524574,0.28769540074986844,-0.055797346442887905,0.4034289878993767,0.10819267067613583,0.4899353821523819,0.11037842272545902,1.0,0.1045600313002216,0.3876138821121752,0.07797317620740928,0.0854629920807075,0.15736369848173096,0.30658875093538324,-0.10375435231665468,0.24862457597442536,0.02236877244962149,0.11103010333931798,-0.29065211414595626,-0.13552930514988212,0.3495411361732983,0.5361583027676197,-0.16357498073518864,0.24503418643209068,0.015569414379539261,0.22616986263983316,-0.20894472336941092,-0.15831728761724773,0.31795163239237073,0.347209364591302,-0.03494514379826718,0.14510861095224417,0.45410997767244227,0.26469339792242214,-0.379357937799941,-0.4342151469067541,-0.4015290774868188,-0.4271928273548249,-0.4127040476944812,-0.5004669650124098,-0.35930538415508645,-0.3161198076319278,-0.24367096390428142,-0.32310721756945154,0.06826753788716464,-0.060328040498474386,-0.08401214958230137,-0.250471927803151,-0.3551509329618532,-0.35280216003871095,-0.22766949764322433,-0.2049285783585581,0.03338441923910721,0.24167533777824096,0.02305295390091079,0.1083542445767645,0.1970714463579474,0.0746757351279038,-0.400274273884011,-0.3206144202756559,-0.3838856479881589,-0.34241451310435755,0.04529413799961306,0.15690705620181047,0.3771931323370725,0.15487703842308978,0.06271565347057043,0.22870136429213056,0.16936223861307212,0.39490207032701213,0.11743470979540283,0.18418275395625464,-0.05194284921361908,0.1459848147652962,0.24565161664913127,0.306578156846493,-0.19050675346396745,0.20916125275716982,0.06960232626210273,0.1979874130347763,0.06142714875268012,0.3431792529889566,0.28421594107711273,0.05798331257764366,0.16799747243480712,-0.16943951484914999,-0.30554452933115606,0.025876101626486514,-0.36637104797898873,-0.5061951539411517,-0.26735479294493947,-0.39841374663601153,-0.2571264159048623,-0.14397466208047627,-0.16492460729446196,-0.033452987250089335,-0.17194818185901,-0.1457461138603314,-0.18160092626357183,-0.291063934584903,-0.2639386046963855,-0.05688220224218688,-0.2650489102940119,-0.004339057268635101,0.15041072415382864,0.19926816819338425,0.08210122954134517,0.11917760659551369
0.09158002122842719,0.16780748538544973,-0.21691499780680223,-0.23714995998812494,-0.07116582978881773,0.12598230219902962,-0.258378873312827,-0.4433027678551204,-0.13364007444891096,-0.13115619024083078,-0.19710753965095845,-0.2151175713134656,-0.03619663871048807,-0.16773600438505945,0.08624321565532639,0.1045600313002216,1.0,0.4824386211523175,0.08041799843943054,0.2570664018607735,0.144150444939219,0.2816327874589097,-0.05685224466802136,-0.33685376308074677,-0.001125957187645025,-0.3281435015360156,-0.3512794805876336,-0.20719116399592774,0.3531044531957351,0.19495405395840712,0.06764991109588689,0.060486241680469226,0.34747077335036325,0.2184147252840878,-0.21753747863773826,-0.27339449422355494,0.28535488342840265,0.0762214844200885,0.10270976618116925,0.1087046098888322,0.2711751124801267,0.13623424011714286,-0.19419220465502818,-0.029675042718466733,-0.2792497380767551,-0.24140117844105627,0.04340082706234512,-0.02163511840803399,-0.15123985074517393,-0.16461339741843536,-0.27036515981353765,-0.2495377751252852,0.08522567384915153,-0.012037830913299827,-0.05055622535866819,-0.08407766167641842,0.4138088562206913,0.31606052137349067,0.1589152268532835,0.2517286204266032,0.36538061769543495,0.060418636360240044,0.6606017233534441,0.6707258271447606,-0.18268752396834922,-0.38281848016244685,0.3084903562737735,-0.08535445497779137,0.31975881001162815,0.35189669309059224,0.16658612819756866,0.006145976134473905,0.4156671647676294,0.0902820949046906,0.272633743645844,0.07928478255290637,0.11349700587808279,-0.11001872395874063,0.2495218521347759,0.3997780599541717,0.48671858992294403,0.48825690382536724,0.32805078570747864,0.160735696477505,-0.11056298661583942,-0.04547505697094137,0.031836509787133954,-0.044270237924738866,-0.4950136707517751,-0.463475649052297,-0.20464000094370435,-0.39718622604728704,-0.5030296047416345,-0.41736219142678055,-0.019690598676291998,-0.043243382603128294,0.015301401787182763,0.09047874459799994,0.10645839497496364,0.020469714531872758,-0.33394471360478006,-0.12733759236331166,-0.15095358483582352,-0.15456471676183972,-0.48224852571829024,-0.4626747040799784,-0.14380245942055317,-0.11974103878838306,-0.2802394600663435,-0.12116418675993665,-0.20192567173378667,-0.05921373244647542,-0.24668265220961366,0.16587602682351416,-0.299751883035259,-0.09777091670965016
