1.0,0.20014193138919956,0.01867929645283,-0.3892145433741784,-0.1581327351521851,-0.27922610989453106,0.3446071660223231,-0.4486304053589383,-0.09823441787024448,-0.4445919399197478,0.3824782710891504,-0.15583027687373527,0.37561835612612876,0.05650500682429807,0.3778460424757451,-0.29930114594248997,0.0780346036389656,-0.357664133310983,0.6498572437158103,0.15228202446930836,-0.23442861940393242,-0.4954571041242506,0.16019985394739328,0.03826309155520637,-0.37156332613690324,-0.4498305129168109,-0.05571663690271332,-0.19947048861626201,-0.04732454757221239,-0.3248449064207806,-0.23279190218910287,-0.44776828708082206,0.14505247961641,-0.06727449485323098,0.0023129650149530637,-0.077647097013851,-0.1642492437513988,0.12834191581659207,-0.13333878616645506,-0.15381197787162304,-0.33159904828872544,-0.10045324476074853,-0.038404753521597654,-0.19131404307585387,0.23897023476380347,-0.022873679623998177,-0.08157087224903765,0.05272503685447473,0.17606813095201637,0.12116647255158898,0.12412983631092174,-0.1384491929609563,0.06459444885661626,0.09444429202451868,0.09374130835647242,0.015316286075591172,0.41717791573690716,0.29699454700956335,0.3737921008200748,-0.05868851669544004,0.316542588743765,-0.12811063335793196,0.035757247854272804,0.05166319157898131,0.38809977581926297,-0.1396271170555504,0.1843895404392838,-0.13535652357418715,0.11201475867430744,0.16028891122349292,-0.0057696293713624,-0.3850829798828962,-0.112683930205588,-0.4336726131094631,-0.05086931949220638,-0.11682458078889876,-0.2790463519405183,-0.4237610773887759,-0.2281673053570074,-0.09527926491739044,-0.19577935110361427,-0.08815856959677407,0.21834152886469055,-0.14897320483761972,0.30422694954614593,0.3688583707605241,0.38638145734681173,0.3060480387482301,0.3806095889502268,0.35697166980741746,-0.03426376870056234,-0.0568383807229577,-0.35430805486406136,-0.23158890395804316,0.1956407317500957,-0.22224279418968088,0.006028848808829885,0.07431759536120476,-0.15803844094041142,0.08910695740824162,0.03868782552417682,-0.05471444186737777,-0.23775933101482005,0.21696254273475668,-0.16662324045995922,-0.3008944647028734,-0.16496904042630628,0.021462702674792108,-0.0350221627411542,-0.04188996067924204,-0.38571250529028656,-0.20938257022162926,-0.017747732722715674,0.08112222262840939,-0.17233272667640548,-0.11607044543379526
0.20014193138919956,1.0,0.17670586822869214,0.03184586319862889,0.11306404647966503,0.0026624707560879693,-0.01980458235255576,0.14223796613273806,0.07008918641895814,0.09489298751217863,0.31849297407914473,0.3632847731122178,0.4159588733099156,0.21311923493983423,-0.0671635761965246,-0.12027595029400459,-0.06262545694573905,-0.11375354205581338,-0.08082309251691372,-0.26262543927164494,-0.18643240403571465,-0.14070979302634654,-0.4144113380576569,-0.3961738099015946,-0.08235144678177017,0.05163333030979416,0.16193947873050663,-0.17201446679012417,-0.24733782897945525,-0.31323400927941136,-0.3507993907454348,-0.38026409444175546,-0.04895651836391333,-0.16868722843121947,-0.10481657886978882,-0.047241633161860176,-0.2242580172240013,0.017948676059776892,-0.258505782015414,0.0023843889840324413,-0.2589384833064911,-0.17547600316189285,-0.08498640240335001,0.0006474607418312993,-0.12557045597639405,-0.015691077563489947,0.11834553261409803,0.28961847321825573,0.23213293148459557,-0.059402939634434826,0.07492154108985595,0.16624851820333558,-0.010440506655766903,-0.08161331915443022,0.025632331197343164,-0.049931502298395804,0.2167535155985309,0.3413977311964573,0.07342112013819055,0.32807764039253995,0.31638482996525,0.48361145400892425,-0.01953971567067605,0.25287864686411843,-0.03248089063572517,0.2018928127688982,0.07591342082519412,0.03795486720616634,0.13600288691563633,0.16253630464244845,-0.1800069583767741,-0.31194101159213344,-0.309904474523978,-0.37715606012747876,-0.3740396218478212,-0.2765576983597464,-0.4830618431768726,-0.16543739639711014,-0.24433830745105964,-0.17170751060914835,-0.08315133038003224,-0.1648060968229109,-0.39086561521207225,-0.2412465729545683,-0.37146142874543236,0.05515236357506713,-0.07479343062351054,0.04563946957277256,-0.005353900876240156,0.3425380020400861,-0.010137254428793758,-0.17745546716328753,0.021304270536306336,0.10963706825705494,0.14489251738395037,0.09722037837436963,0.27385627627777814,0.13548415101332573,-0.12339870363853102,-0.11070293307679678,0.007908832717409067,0.33315581492255264,0.21893039799485367,0.02819526978818897,-0.18127043413956867,-0.13382868389493235,-0.03646135894442417,-0.0022692083886445553,-0.1097474829805283,0.004151151420056108,-0.05675829032923572,-0.004227413687139117,-0.12733393785953082,-0.2900765300011204,-0.19675314337358007,0.009246023192014969
0.01867929645283,0.17670586822869214,1.0,-0.08717518542244151,0.5205132097308024,0.11382915463541234,0.4569374994256798,-0.047977499018574225,0.5084262743444162,-0.1778984929585712,0.3521035023560916,-0.07498091460341512,0.43001653000958484,-0.12041220671575079,-0.09335435884519074,-0.12038264417871139,0.015957992848679877,-0.1409262195173289,0.16840946217330677,-0.4282402903718924,0.1772868301328388,0.04620901960441434,0.050447012890448416,-0.4046445334623331,0.4077551494729472,0.21062181609826794,0.40300542784964216,0.2908810697227701,-0.15323098226999088,-0.3510357971663327,0.1934434971633872,-0.23766966080919094,-0.01915964758922023,0.006593231529704082,-0.06554292005402146,-0.08693934825041334,-0.1717435723926937,0.019224405261199246,0.07757581765916742,0.10576146193089057,-0.337448514183093,-0.24699932006525363,0.21807117315665617,0.28847853376039123,-0.3274071496359406,-0.23635283734738619,-0.10116613307063142,0.07278544032862667,0.47617966996882877,-0.6074992905424499,0.647577386845786,0.16900148492070663,0.1721923180699429,-0.35192122053188124,0.3625648691363634,-0.07673466469075248,-0.2878394744210357,-0.25008425202635287,-0.05769114585843427,0.11768456295003306,0.22848070630010497,0.11309016106339043,0.01361190999300302,-0.006585184941757398,0.1105246738946632,0.0504931107278101,0.5443122470942324,0.23679279331970915,-0.1921217808176879,-0.004976737525123037,-0.09133499380461668,-0.15107884840150015,-0.2689704255998512,-0.3642744689175589,-0.19184910384706513,-0.15319930437031962,0.01615698611156328,-0.1497576139718986,-0.30829724099677147,-0.20505058779453358,-0.3595762283937215,-0.3787178310946664,-0.32585654800719976,-0.44858526619399874,-0.32123575999328563,-0.22570694714090364,0.13980030478974126,-0.06643990183748359,0.09237947915359512,0.06575830697566742,-0.13534516892154452,-0.014668361888325149,-0.08520151056930583,0.26023904122410757,-0.020589999181200382,0.06295199826101333,0.25537194113121536,-0.038257362126539046,-0.25418190234776883,-0.14613715263914567,0.17485968881056352,0.31860672842628174,0.09576021647212594,0.008627194320906466,0.02004198725985718,0.02071928630344871,-0.11451173862250297,-0.20658795080991582,0.062428837585890504,-0.017103876174132462,0.28130136606328837,0.24320856852097772,-0.12417115810424405,-0.1718648738840066,0.0755997472674876,-0.20066162596864484
-0.3892145433741784,0.03184586319862889,-0.08717518542244151,1.0,-0.15851579310513408,0.538456242975435,-0.23756541243384924,0.6979208497966898,-0.1412000430999081,0.6289629780236988,-0.4779202511286348,0.2582370992507911,-0.4013370462949394,0.32004788122006583,-0.49713630478658727,0.3433690790977772,-0.1118283393692306,-0.2123660536900451,-0.22463783502199045,-0.22964357298290197,0.3964475831390544,0.5647749906134651,-0.14402495566033852,0.18013009535369048,0.1792147670597262,0.4805448036011621,-0.12048110738702648,0.3541249532493898,-0.19027541442099963,0.17115685719852122,0.2929186121728458,0.6409161560631075,-0.17270532085820386,0.10483023995013327,0.1991578057719199,0.2562875103938395,-0.12042014153636886,0.012952749837602967,-0.0602622215342543,0.3126998793385307,0.21197379498636262,-0.0959638697313874,0.01881979510387615,0.38800229086488136,-0.19430850760498666,0.15908874970536702,0.016177132120076657,0.07678686247152379,-0.39483798493294314,-0.1582296348318387,-0.14100380618393418,-0.012366457321497947,-0.36971352233433613,-0.2393145377772776,-0.41401594930729685,0.12228823906185915,-0.23692920980509177,-0.34826986002991706,-0.3318080029513512,0.06619942407197407,-0.3587061068083014,-0.01139655577130276,-0.09901314438131334,-0.2546966226895515,-0.19995316512657313,0.4622013504025155,-0.17059752649813043,0.13138330745322446,-0.08438772766762641,-0.3475181607236045,-0.44944371823951007,0.09364654920778331,-0.09187738027910493,0.10535990635470248,-0.1885038677184341,0.2210071997365945,0.06293475234489257,0.35797034483145496,0.07068250395727324,-0.14640219101316565,0.06169807711932826,-0.21261611256992305,-0.19239606665501902,0.044500631416253565,-0.29014898186656674,-0.1359924406298444,-0.3223200374019789,0.010042719138616724,-0.12814637418639083,0.01344426098234143,-0.11493351625919106,-0.24858308721632705,0.3842109574867367,-0.024174149783502387,0.19359232590861047,0.48874853922924877,0.15088150926179494,0.21339216776309378,-0.08604523092601934,0.041347035026250964,-0.4006582444613906,-0.09744969013958628,0.3233464425663228,-0.08231545306833928,0.08856819642827986,-0.08525016218733558,-0.19908788187308832,-0.27298958750719843,0.06107379647849966,0.18115854975676163,0.250235889434931,0.23656720346997231,-0.015591673276446545,0.026214252117909433,-0.037619148935818504,0.10545745891886919
-0.1581327351521851,0.11306404647966503,0.5205132097308024,-0.15851579310513408,1.0,0.29388867782572325,0.43393819328967287,-0.0916356428728356,0.6251320194926974,-0.19377114150480168,0.4588706719910411,-0.05913851763659203,0.44675800264136095,-0.16486816205103325,0.227508027897268,0.12103979064394613,-0.003245373267699072,-0.1529012399850443,-0.0631345535322825,-0.29815865607857095,0.1379580176204639,-0.05482407018430901,0.22190656102236062,-0.1243532460809567,0.5587105908844248,0.2099299464517815,0.6553174193362061,0.23564664363991042,-0.12882124037513826,-0.3121024172010486,-0.048790702696631126,-0.2155973998078847,-0.10832595419037713,-0.025819254723071824,0.11862822316750642,0.16457160542352103,-0.16941979373250987,-0.22967669492894507,0.15166035375292458,-0.035408763862440164,-0.22761416762815745,-0.12010897677377488,-0.0864729431398598,-0.14621445079547235,-0.11141950896734637,-0.10903944176955638,-0.08473393601485167,0.07040202189097534,0.49370826279589813,-0.14676835406196756,0.3545032425959158,0.04566462561164386,0.2860776715639895,-0.12415426708259499,0.37258361906914206,-0.19851544134165555,-0.3089392158292926,-0.20992526381579302,0.1549729364258389,0.1765474151966465,0.4334710233007334,0.12963664255159607,0.19197662686567443,0.14144975780425062,0.10505783237317867,-0.09385200138226131,0.39515930359180695,0.18551332620484406,-0.05090075694690558,0.3002681448831484,-0.2540897274096585,-0.2696356870657356,-0.2916215207072569,-0.359446810179815,-0.2066518311581945,-0.26976277234091756,-0.07538644335041533,-0.2124650868877288,-0.27140106749879245,-0.1340855595354283,-0.3033246709927388,-0.3592753053798676,-0.2740221024624526,-0.254161880695162,-0.3768710408218476,-0.38751177247660457,0.26223951453464306,0.009870830346405676,0.17384048762028614,0.07525963907258182,-0.015388980806477708,-0.04324978143944316,-0.2759413631576622,0.09030296448743327,-0.1627114605832489,-0.04957346153664295,0.12514536133106616,-0.17818121555624247,-0.1419111328667183,-0.37592535287199624,0.21390351169033925,0.11825104054526937,-0.017290244478019624,-0.1956158733574671,-0.0400379775988058,0.033023232085422904,-0.016751087832174806,0.07378091765286181,0.13020047647720695,0.17730101176380544,0.1598693663092901,-0.029073865399426083,-0.09199312701985381,-0.3377443365449951,0.007556703840472761,-0.10113875661913295
-0.27922610989453106,0.0026624707560879693,0.11382915463541234,0.538456242975435,0.29388867782572325,1.0,-0.1013960243883987,0.37371248732267603,0.12362183751088962,0.38594124478858977,-0.1111662485253936,0.27889952649490257,-0.14787533380964873,0.3486147731016017,-0.20029406917399192,0.3638587642776195,-0.17864886114432274,-0.23505421716662325,-0.15291010780346073,-0.24660681450195684,0.5246827099991116,0.6242687657098798,0.10060082531928706,0.187177441343481,0.5134942879367337,0.5447642338422727,0.4463962108943647,0.5078039892381805,-0.20169084959446498,-0.06597843608895794,0.14118349860697776,0.4269793463384912,-0.08623985136450571,0.15969430641933238,0.15514293996193337,0.19157227679446015,-0.09327108489938847,-0.24116939771107504,-0.11089988348804555,0.08462244746823866,0.03782561971734617,-0.23275936802937158,0.16630147907613016,0.16852457406426455,-0.17434211719637732,0.0744597804683158,-0.16258054042775918,-0.07415217186765824,-0.04396895446938608,-0.11072663461176795,-0.016129560860233705,0.15800991596257183,-0.13572889497717178,-0.16799284956003535,-0.27829328043496554,-0.14925001203647043,-0.25894091567577965,-0.31574943756999274,-0.1515017251442012,0.1856181513576726,-0.11692070152987648,0.06159118709723743,0.08234178685173806,-0.11843141421614214,-0.08761666705443566,0.2541444224077505,0.09136416286828546,0.12570528316127286,0.03248270346244576,-0.03605751771172804,-0.5828911731177816,-0.023880897047582516,-0.2376566941476968,-0.012708653698630014,-0.02073819526462151,0.13278129320582638,0.08066315031122652,0.21625347403534367,0.1173385358313725,-0.10714148411649813,-0.04656296279297043,-0.27784069032454217,-0.2144272402150556,-0.19455721229478187,-0.36715001633042504,-0.2926336301912721,-0.07396276225360007,0.2109370184799258,-0.09359514350332099,0.08098800738785589,-0.2776639983616295,-0.2579669734708607,0.19097260660276458,0.015380274451534158,-0.09192702867030132,0.1502030116538278,-0.06949301845231035,-0.15581995337702315,-0.3932637662568316,-0.32232083777965126,-0.3685055893246681,-0.11870669831974065,0.10622580487621552,-0.05169039541689718,0.14349563361740048,0.10601479957631128,0.01844632719641384,0.03478512556304694,0.22675877165107924,0.21655416322521737,0.20682084702996997,-0.0779182645561211,-0.1189646261945002,-0.018139009482832234,0.22689876138465562,0.19381095139372595
0.3446071660223231,-0.01980458235255576,0.4569374994256798,-0.23756541243384924,0.43393819328967287,-0.1013960243883987,1.0,-0.06322553295977909,0.6085291187758047,-0.2695182496619894,0.5721706475314972,-0.00398985534533428,0.6777559166885718,0.006714170243090723,0.4450306503562624,0.04685999833877252,0.22926365078476776,-0.24746861394270286,0.31936679037919563,0.006604075645001474,-0.12005604029943694,-0.3054591602527136,0.14562676695649435,-0.3315875454451779,-0.054756627925391,-0.3937902278547881,0.3341085695878678,-0.13850568188998608,0.2491055288154247,-0.09407120797555855,-0.23424947372867544,-0.43049316887565364,0.09695578926313077,-0.04779601674612259,-0.10254339885087811,-0.14727851708519182,-0.07799917988038448,-0.15377279971320307,-0.1635904559259692,-0.15990857905605044,-0.10313806157958283,-0.05460578174082158,-0.13434848054706972,-0.21996822104445354,-0.15590811973725494,-0.28500906448053404,-0.2959265507467359,-0.2180202343403053,0.3986521791855132,-0.17452475752935256,0.3004582443491545,-0.10672164669278127,0.17161518452849708,-0.1624055733016789,0.2866476815349234,-0.08169967993549478,-0.23663126925035374,-0.24532418667219885,0.2596044113827825,-0.13830325442144395,0.40882775045033015,-0.19730902531639893,0.12454353349851198,-0.06874452836791463,0.5071583625441621,-0.036094793141715195,0.29641879104853786,-0.06485975053670734,-0.13557477788599978,0.07630201465545453,-0.22271889307315218,-0.42567313975155774,-0.016121613383167355,-0.3668349163263095,-0.1368263867135117,-0.12494764271849956,0.04493002864943543,-0.29449699714292665,-0.10884979363949165,0.058092816905189575,-0.07817003187071747,-0.04120026590649013,0.17096055957822678,0.02338590701099143,-0.0874939197313118,-0.17674900489355522,0.2875643001708288,-0.04026006712963723,0.36288082749146694,0.08819441529724602,0.07154309873806071,0.18028049005234484,-0.23632372721198022,0.06891150599357472,-0.04584817973355616,-0.14417808269705354,-0.12206980886146776,-0.007708418532458138,-0.20186101707071408,0.013276741655071771,0.19100997669407732,-0.04779643123415425,0.1000113485501623,-0.01233457314909249,0.08102632429727684,-0.1672713451676333,-0.12600150890545292,0.00530274767109027,-0.14676665884378579,-0.14630393700139185,-0.31396727713607775,-0.025471391130328314,0.11808843577300618,-0.014801935905994826,-0.05473518781401738,-0.30112514614678615
-0.4486304053589383,0.14223796613273806,-0.047977499018574225,0.6979208497966898,-0.0916356428728356,0.37371248732267603,-0.06322553295977909,1.0,0.08353166990939957,0.7694223812375925,-0.1887540967425186,0.5656692835912136,-0.04770976745142115,0.5162541930954011,-0.4710512217980086,0.26825024969842076,0.01037113039676007,-0.026236739733449723,-0.4254716013681386,-0.21218294588973527,0.0817942605053969,0.4317053050559576,-0.4862140878480692,-0.24252219701796363,-0.12820304476386954,0.10383177308962473,-0.16617771908342002,-0.11533436400822498,-0.039365031375660296,0.3107169964804405,0.05817696494313551,0.39850038297698287,-0.0024634654972512313,0.17871318332764227,-0.0341752436285749,0.2610789120583555,-0.11605610507818122,-0.12345421877965303,-0.3538797673151791,0.13528901617574984,0.19720236166671906,-0.16511318012522552,-0.045188569420141884,0.1976492010223877,-0.3657523134164489,-0.09171228691881747,-0.1982517385317983,-0.11411718894221916,-0.2307578535595335,-0.06101854793814421,-0.31246920773652387,0.19791840379201897,-0.16173795688329226,-0.33518345090370755,-0.36453462739519193,-0.05459111771701565,-0.3729284079900804,-0.47725981854577115,-0.10439276139253056,0.2520939026093722,-0.06083986431446182,0.3498045906175667,0.1102141582870372,-0.07832117989823241,-0.15612431153895567,0.564604725612669,-0.1412275029807657,0.12197969272264299,-0.20745635367958637,-0.36378503658111155,-0.3938755409465817,0.050695120897314136,0.07824959217141243,0.18615431736736215,-0.14817597666372825,0.1978416949945236,0.1264155858507096,0.31314017807795713,0.05752259332533969,-0.1086490867603111,0.27865159533958805,-0.08064204348898749,-0.36239196523530487,0.15944697569944793,-0.5107698717784126,-0.4815641293878337,-0.5761458214757037,-0.3723766773314185,-0.3392643956384746,-0.2333726216188109,0.09762832578771351,-0.08058419859086481,0.6358414545005656,0.20773395829786384,0.04834323748355476,0.4602242693410437,-0.14121793382854733,0.18941637265731348,-0.0352789020471931,0.21597796538163952,-0.22628063403019827,-0.0002952717456221573,0.7065529307997239,-0.01627707786683702,0.39263885308110963,0.011763000676528409,-0.0033191682009424913,-0.10533834897909489,-0.02070181150795148,-0.008752974617440679,0.05537785393919489,0.29064062168625954,0.13933395552338873,0.10136670492069712,0.01659356258550064,0.09814916016834854
-0.09823441787024448,0.07008918641895814,0.5084262743444162,-0.1412000430999081,0.6251320194926974,0.12362183751088962,0.6085291187758047,0.08353166990939957,1.0,0.0946857885150044,0.34388859294314067,0.20758218295970315,0.5337501651371175,0.0819974599623693,0.2539025242177866,0.01519595770787444,-0.07433905571143364,-0.055353892648804075,-0.09805189053456356,-0.24997358056198596,-0.12015599651621531,-0.07419121607107065,0.0715798174506164,-0.3749228455610456,0.29370331081227735,-0.022998824879508193,0.41671481786415443,-0.013196253403643912,0.04813600006450542,-0.10838169164596724,-0.15734700398214213,-0.3260761495670992,-0.10734991965039149,-0.07029087888690562,-0.02073785394140305,-0.10434148552293268,-0.11759939069384205,-0.29538091804108135,-0.14085983716639805,-0.22279982189761305,-0.12235802060137205,-0.13949536749766253,-0.04012293221447507,-0.09520895090407484,-0.07631778702597687,-0.11980623744737891,-0.22761043909850306,-0.05465011791042233,0.49388544806623363,-0.2409969235786806,0.44450798126472774,0.05279613641019156,0.040698317049546615,-0.30449913808350887,0.15921220761523294,-0.27260801564256193,-0.38187548560156337,-0.3016840993262158,0.1747245624285309,-0.1176561770994467,0.28164537598513095,0.13614301935240944,-0.042682691305040724,-0.13508386009948048,0.2891002414820821,0.23016172089785064,0.200984675595798,0.20454086688523004,-0.27774741415291904,0.1571156785632266,-0.12307641011964142,-0.21977127791500162,-0.05172955223832996,-0.2649220577725293,-0.0026843529142957447,-0.03914365267312732,0.10180309130026202,-0.18318841064213343,-0.07829174832036635,-0.06453101053558809,-0.18472040624171152,-0.19244559259090815,-0.12727269950506134,-0.23029856972922233,-0.2283661913893872,-0.24595056960669398,0.19556683930488908,-0.21615531730550153,0.23164006110652816,-0.04802438592433589,-0.00021613656002933025,0.16327023230366394,-0.015205010955619052,0.24282671309915235,-0.30783519447547264,-0.0593407593494752,-0.1157897586353935,-0.23296311829164773,-0.20967462613586138,-0.28590319052992386,0.3690748707767839,-0.01224635012016058,0.19558036195209796,-0.09646756798568536,0.15704439979945994,0.1766052338649787,0.01828058304532339,0.0674722616106467,-0.0992243050916602,-0.14401173544072543,-0.06402795187531737,-0.048771878048678594,0.14467355759231829,-0.1462678957471309,0.11428490316266933,-0.14635121269782106
-0.4445919399197478,0.09489298751217863,-0.1778984929585712,0.6289629780236988,-0.19377114150480168,0.38594124478858977,-0.2695182496619894,0.7694223812375925,0.0946857885150044,1.0,-0.4030119424105398,0.6112934122761452,-0.1880116683934749,0.5910509454903514,-0.38917004555530743,0.2596138026801694,-0.21950291896825327,-0.06465016702125971,-0.5389477442741756,-0.30381809432190443,0.14269547518848003,0.42956595599422603,-0.42287084988212903,-0.05284711004086201,-0.04764193032714673,0.27701628203312373,-0.12205945492791363,-0.0403186478471633,-0.24217379265934585,0.17813268119965175,-0.005041737408521683,0.38983256939427025,-0.13026591883296662,0.012167676002003682,0.12920606293493495,0.2440592971719714,-0.171700044571161,-0.10723858607754472,-0.4088439294894641,0.09637537260631333,0.07865688179371538,-0.1590441464413277,-0.043042818531978645,0.19794022706755265,-0.17058392252183946,0.21764964411289686,-0.10945410875189321,0.04210867780338758,-0.14034834003604066,0.04968391846400036,-0.12959841202821648,0.2847539344461905,-0.38276177107947235,-0.26663892186279403,-0.5268458648367726,-0.13840828889881332,-0.33562804972970584,-0.3382107743380387,-0.15376547409515764,-0.0033468666548710866,-0.28831167598495083,0.3695197650158253,-0.19949850597228203,-0.316681373902655,-0.11935921739146989,0.7634576017012379,-0.32186138135025183,0.2619153315844054,-0.2117505827399679,-0.22153893569603605,-0.13118473179993245,0.29010303038298185,-0.018819406167197177,0.20152759087830457,-0.026710417068048595,0.24950059975036548,0.1256738974262716,0.3568681700615706,0.16972893527352909,-0.13285875282132625,0.11607293400158723,-0.15572885537939798,-0.3634987110334555,0.027346564284183895,-0.3360400873573146,-0.21710612696935763,-0.5269779297533609,-0.3398579032788465,-0.2127128866005618,-0.21956884003817054,0.12797763884570473,-0.05234152623961879,0.7387211921497263,0.23390468881434237,-0.005093406438137908,0.32560800797842654,-0.12026663541923673,0.0998103005125338,-0.08851090392744472,-0.08709775619502384,-0.1700837248387106,-0.14700463169754124,0.5496062833006964,0.008074312826334055,0.2972931245072086,0.10960686312051139,0.12221080944203404,0.024634554855519453,0.03725137249998139,-0.09157043517170964,0.1624839228771729,0.076356481657995,0.04608826906614346,0.1590286243554742,0.16171475830785523,0.14718289885179034
0.3824782710891504,0.31849297407914473,0.3521035023560916,-0.4779202511286348,0.4588706719910411,-0.1111662485253936,0.5721706475314972,-0.1887540967425186,0.34388859294314067,-0.4030119424105398,1.0,0.12962991373046345,0.8511524402302908,0.044321569715462236,0.46348699455336767,-0.01948856605363949,0.3866511583572944,0.002486895681388466,0.19618474263308738,-0.1102763915838005,-0.2770306111262385,-0.410929695320117,-0.08238146276838791,-0.394250361116102,-0.10784237241444458,-0.3557997871510767,0.35010044121836315,-0.1955484268456579,0.29413858971885104,-0.19032505106787087,-0.31988543090082733,-0.48269552649968944,0.16080924913864028,0.13826514892021355,-0.376828273920762,-0.2505139420501285,0.1515342446758799,-0.2587058819999596,-0.08258604515989564,-0.39001472350357924,-0.17554423251416695,0.019581466432608267,-0.024178668447517728,-0.2779477467327997,-0.19486924003084763,-0.419497723019998,-0.24390138744983136,-0.24005345564375127,0.5817639033944881,-0.0645332325522248,0.15421103173455097,0.08343485871491547,0.41802628719062446,-0.03351837313939562,0.4176862579091257,-0.3017487343020757,-0.05312840345901886,0.022517025160783397,0.30449529107780154,0.1383330672916806,0.7254683254460207,0.08476790635335275,0.3959276926562294,0.29102749761184266,0.2586587507000241,-0.23948986857300847,0.3141820325150586,-0.1623134377211087,-0.1701862564457162,0.07775180153569158,-0.2022772350577161,-0.4457548383065993,-0.07620581170539123,-0.25318483138956116,-0.007010066258337119,-0.1837807562941689,-0.08365551322804252,-0.29090895299319347,-0.16304525002159717,0.19659459297105947,0.045812366044235976,0.1383158229233219,-0.03953669192952753,-0.07468127961901,-0.22216164668914626,-0.1470439849823808,0.1333714585871219,-0.12145699049551448,0.0649016056485464,0.06608716815738348,0.1845493782487431,-7.030797171999656e-05,-0.31906260388380264,-0.012462187124597759,-0.16700545776963385,-0.27185552605372637,-0.2231362471345334,-0.1893210111878705,-0.10763141266063128,-0.10999262209085947,0.1349109480916791,0.16900913141038232,0.12562870996486378,-0.11882196259173608,0.07456191324136717,-0.2157605266888473,0.0679536589829972,0.12861959945087229,0.07609815020769588,-0.038226763256775285,-0.37178533106830164,-0.05071757707328775,0.0891194976972516,-0.22105508453671002,-0.17923748810857942,-0.11228346968463472
-0.15583027687373527,0.3632847731122178,-0.07498091460341512,0.2582370992507911,-0.05913851763659203,0.27889952649490257,-0.00398985534533428,0.5656692835912136,0.20758218295970315,0.6112934122761452,0.12962991373046345,1.0,0.2628655151820813,0.8005623199850482,-0.11307324591040036,0.3008281839206891,-0.027856006220328165,0.016713787152846857,-0.3991136006034168,-0.12445421021261854,-0.3580806989125536,0.1463312996882352,-0.49178395043008966,-0.18043210927477332,-0.19130252773268028,0.029316979689359098,0.027930395066912337,-0.3336292591788958,0.014050553022322136,0.06434808480554759,-0.19547482890678328,-0.014153867991908257,0.07606798804701932,0.13035066543790957,-0.08487661918251135,0.038250409741730364,-0.0734578087008012,-0.2704445020275317,-0.6323183487489802,-0.3209723790222519,-0.052134687030044896,-0.15420823098450745,-0.09883972258578373,0.007372838097253697,-0.25676504750117873,-0.006094072177553892,-0.31184864167154674,-0.1303204025464799,0.06448110902474685,-0.10750420094632547,-0.03889069183619237,0.18545854846155826,-0.21923108299786695,-0.3705165283125396,-0.38659541764416633,-0.3606039478102952,-0.3357273118165321,-0.18568874556210868,-0.1756592450879576,-0.04872480341291047,0.04854746825006509,0.3957786408099193,0.027658212314732252,-0.1826502070099697,0.17240137754466794,0.5387517891179499,-0.13297286396153732,0.17322102511774998,-0.27342887183258746,-0.0954496398480734,-0.1859348029870317,-0.038508046992700426,-0.07969959669537612,0.017345503057678104,-0.020877296952455847,0.10521894597935562,0.031211852424385175,0.2106887518778743,0.03369511828512487,0.01183925739368402,0.09395460974774275,0.008250623664617653,-0.29180318695047164,0.0973845429026984,-0.29922055766281846,-0.07840558560503996,-0.47529399167994896,-0.41668792793604087,-0.16511667095139956,-0.1088052355169813,0.1806437654293475,-0.023846522962353733,0.5831006332407415,0.2768088097061228,-0.08831319206320735,0.22396001802116083,-0.32471561240735264,-0.16886594338618385,-0.32046275678472136,-0.13434166253953977,-0.1862019353878027,0.08928932039016016,0.46466145492584165,-0.059878632989633994,0.4207907163033099,0.09704449140982602,0.23912808596538282,0.29273592613671356,0.0702217789965,0.00468770245432638,-0.12982618549024763,0.04446090873345156,0.11800750793616632,0.002269907920562667,0.1719692315591696,0.17755241699129795
0.37561835612612876,0.4159588733099156,0.43001653000958484,-0.4013370462949394,0.44675800264136095,-0.14787533380964873,0.6777559166885718,-0.04770976745142115,0.5337501651371175,-0.1880116683934749,0.8511524402302908,0.2628655151820813,1.0,0.1740494125652623,0.3869199563483579,-0.10094417313777046,0.22206549070019493,-0.10166228150766445,0.05598808260300065,-0.24694923355614293,-0.3211088379512816,-0.457174709536047,-0.17444654728859055,-0.49610274696487033,-0.13532828845290176,-0.3844607605624503,0.3573425396559854,-0.24947880339924,0.17809541053063052,-0.26581564523210227,-0.32804651785998373,-0.5667140992831049,0.06019941971805971,-0.009445474435801732,-0.1983621335827287,-0.22201060584865406,-0.03204784063550374,-0.2827311689715533,-0.2780933086527912,-0.36578089646122136,-0.22169393772792279,-0.11384868911831018,-0.0593731385212537,-0.2023858001440175,-0.2143934740761986,-0.31499449109995364,-0.3129765805360742,-0.23698267987896557,0.661124320891077,-0.11997359763387201,0.30836038571446595,0.22368223864492584,0.28070692744471926,-0.14981928134764855,0.35900739390776315,-0.3185937907989908,-0.18488397923282843,-0.09361780034099301,0.35594926164683555,0.04976919018184226,0.697148407860286,0.17528910869456218,0.24341408968186992,0.14471945572104672,0.36040072913180327,0.059378088675529885,0.28217567772605584,0.0013452754409402513,-0.23751271255900677,0.12351746435826641,-0.15447114293056974,-0.3947517476195535,-0.1334895745869244,-0.36559095935613356,-0.15342949628267868,-0.17594031148831585,-0.09450627162745706,-0.30610750221077404,-0.2653483091565638,0.0655236990892745,-0.08080904135958862,-0.013737691139266123,-0.15947035007432855,-0.16708415235197888,-0.2854280756603532,-0.16670956619496236,0.10720363287748184,-0.20841184055161607,0.15605970628996446,0.0830357592691099,0.19562765425409717,0.09779943518061796,-0.1348828331699293,0.1453340868086359,-0.16828140233819314,-0.23425062304473782,-0.2005553626225039,-0.14265688209104077,-0.14064972601377837,-0.136541750300001,0.2662544070371146,0.17381788372504625,0.24948309696716678,-0.0693660029104969,0.1397043623619631,-0.1533864191053852,0.09505578373903503,0.08940330139825982,-0.009526588073829296,-0.14428952985576454,-0.349904578765927,0.08291875519303613,0.19387763335451427,-0.21975768663235887,-0.13330643559652616,-0.10607305132657083
0.05650500682429807,0.21311923493983423,-0.12041220671575079,0.32004788122006583,-0.16486816205103325,0.3486147731016017,0.006714170243090723,0.5162541930954011,0.0819974599623693,0.5910509454903514,0.044321569715462236,0.8005623199850482,0.1740494125652623,1.0,-0.09475766716320438,0.23206334701772652,-0.041286533023432444,-0.2052300346184145,-0.113116103813654,-0.09270536068648826,-0.18385433522171427,0.05376998053430757,-0.3355988074272828,0.014572502546182342,-0.24097424458693487,-0.012928440441420185,-0.0431529553470881,-0.26170846428050504,-0.13571694813940535,-0.11906220231152118,-0.05796581583308488,0.07390583354002457,0.10597598617918938,0.18553122049141535,0.09399792698442556,0.2408676094340231,-0.19463968003384105,-0.27117257875308837,-0.6209752985082988,-0.2336413156252726,-0.15572618345640674,-0.30926289002220386,-0.15354389313131658,0.027497374300929744,-0.09933277143714518,0.10942164795722217,-0.48386749768657245,-0.1810267291743592,-0.021367104462945756,-0.024495713502332404,-0.022888530550937366,0.18925820110623637,-0.28288145633355377,-0.3873465940001712,-0.43140404327845683,-0.41660316510951817,-0.27172403679657925,-0.2895080453020517,-0.04188414560318157,-0.0670116932943377,0.04440241357014799,0.28604292649448393,0.04229851009451775,-0.3321130395680668,0.3062312370262047,0.6344625213147383,-0.031478694962256665,0.2897163906582025,-0.28562373555816234,-0.11753905961110231,-0.2607703848303611,-0.0820612815562632,-0.19123118653341473,-0.08200565549849376,-0.046652394704803,0.14092567696147495,0.02440929357401441,0.14494143795173106,-0.03228142340267612,-0.08583038102562379,-0.028904367550491986,-0.16901668191428076,-0.20855046792747892,0.043702964736721674,-0.1980790641763347,-0.0026455271425072755,-0.3771315325685408,-0.34271689588739446,-0.014000661430904488,-0.091047493904918,0.12455351987763429,-0.08979963571569288,0.5448399650453195,0.22856148724530295,0.03106186914701621,0.2192172798496456,-0.34834706554996064,-0.16310816633359443,-0.3873866560139837,-0.10863951433624644,-0.15067690965337366,0.09651111650292428,0.4102611716947427,0.06877460379194454,0.4030174085263392,-0.03434225092187713,0.16454413960754877,0.27276184369491635,0.06519296299949644,-0.08893587106512932,-0.10525535722782825,-0.07206405481974322,0.04660740381890571,0.12902869728747285,0.13933187233451877,0.22572295587471233
0.3778460424757451,-0.0671635761965246,-0.09335435884519074,-0.49713630478658727,0.227508027897268,-0.20029406917399192,0.4450306503562624,-0.4710512217980086,0.2539025242177866,-0.38917004555530743,0.46348699455336767,-0.11307324591040036,0.3869199563483579,-0.09475766716320438,1.0,-0.05739036114053845,0.20808635330688366,0.005617132982048207,0.3055967186839872,0.23955785840068564,-0.23191629699525038,-0.4091809495686757,0.4150856862980924,0.053800079707261646,-0.12836819754129694,-0.34846789337520095,0.20145725607435128,-0.1114899835061169,0.3439906071099452,0.03759094937605116,-0.3095418682598516,-0.29613761148180245,0.24870549655994365,-0.015923714226925727,0.004444643892844285,-0.16083884137679264,0.03728728144994375,-0.24524015010313036,-0.024904323745323215,-0.44555484532527856,-0.17216685359683126,0.20977706801109106,-0.31481130603247165,-0.45900746244625185,0.23475598924592636,-0.07679664775114069,-0.0838217986338577,-0.1295466129798085,0.18379128680719745,0.09445228518891097,0.1819079718959491,-0.283374814179527,-0.09958357302840068,0.17637397309493266,0.217669485563102,-0.0733933002793062,0.2282463349405662,0.3146354070208956,0.12575782686390138,-0.3752879125405251,0.19223428341503979,-0.29838578437261204,-0.19344717512462176,-0.10653676449751456,0.417324615506443,-0.24187566753112613,-0.17628242715559073,-0.2432634869656301,0.03699120874720284,0.16665713977331723,0.10592750412741146,-0.20855647373293673,0.08645113053856485,-0.04169104033567806,0.18950117790175877,0.01757889742300543,-0.0751894712457004,-0.3290703836532816,0.16355240421266742,0.25530514227674994,0.0020058452250180455,0.19708649844013384,0.5175601058230148,0.1439176134883034,0.45971589574564464,0.24249026472496718,0.509326824975405,0.2105713430563959,0.5581231303972384,0.09970611870962379,-0.07676389108450483,-0.03893025101341594,-0.44309639628481673,-0.08919279747086305,-0.0334631441726945,-0.30931672176796277,-0.2070112768570665,-0.039053504158872064,-0.024203678157781672,-0.2222677099309539,0.013675378776332396,-0.25068567599843855,-0.24310181476662976,-0.32552260021988505,-0.21552288883561016,-0.30281550950081404,-0.1731537498493684,0.11248449398522675,-0.09040750680493279,-0.14373763332398798,-0.3913309807167215,-0.28037199603633045,0.22459432819949296,-0.18001764435316456,-0.1781029237999759,-0.10239960270043166
-0.29930114594248997,-0.12027595029400459,-0.12038264417871139,0.3433690790977772,0.12103979064394613,0.3638587642776195,0.04685999833877252,0.26825024969842076,0.01519595770787444,0.2596138026801694,-0.01948856605363949,0.3008281839206891,-0.10094417313777046,0.23206334701772652,-0.05739036114053845,1.0,0.001564832980859973,0.11140018818755974,-0.23553141981862674,0.11430418029001313,0.17022946223032914,0.40225829204899927,0.01708058797152429,0.18861697617472128,0.18161150848969032,0.1708073868068805,0.11376044904884669,0.09367216898672653,0.19460677751389396,0.2889458826922866,0.03412999494170339,0.3102393902593635,-0.21873199680411687,-0.04087928713285753,-0.21434559187221208,-0.0338730279569503,0.18739953681977856,-0.025288001881119827,0.0937184529836356,0.13110390940019612,0.37577415779248347,0.17966467312939033,-0.18094357023797908,-0.2798166002030231,-0.3553815903929556,-0.16136021646809792,-0.021957097716257788,-0.18553254472394673,-0.19168067260724872,-0.1908558879399236,-0.29866252796719855,-0.188604606582856,0.03129610875672801,-0.1334378928194399,-0.10586503299115371,-0.07894172885627869,-0.1877656350806268,-0.14481520724898264,-0.31160947430331437,-0.2350142322941379,-0.04629098440397198,-0.06086523719788963,0.09259512591628632,-0.015221539788327493,-0.08560058841731005,-0.07936889345013307,-0.2800292216358926,-0.3412354515071661,0.1103841546577462,-0.06470910140527748,-0.22880456391891132,0.0874756140517237,0.01810488878802868,0.2017079334966216,-0.02662038181771841,0.2607193758736291,0.21132310708742078,0.3644347566708683,0.06864634735830678,0.16697002416529844,0.12366708567765243,0.14737732453840846,0.06332801339191155,0.45417965349270867,-0.220344900805384,-0.23226858278410306,-0.24548017314621004,-0.04067184028508308,-0.21142886842490882,-0.03626606674982214,0.3436646902461952,0.11626455510507157,0.2678593334412015,0.057193768932544256,-0.021881799850566156,0.2353277826934501,-0.14414385968154156,-0.052782724672120786,0.10869728706618709,0.06788298304263168,-0.12408237385907878,-0.021097296416043812,0.16577263348209478,-0.11180852447442197,0.1788475047280534,0.022031778350412243,0.07488858135144556,0.13793817256284913,-0.05869354188718552,0.04425573805051082,-0.06936354531757856,-0.07947436584684273,0.09300609835641825,0.2374752275339443,0.09961142224835572,-0.044549422262533805
0.0780346036389656,-0.06262545694573905,0.015957992848679877,-0.1118283393692306,-0.003245373267699072,-0.17864886114432274,0.22926365078476776,0.01037113039676007,-0.07433905571143364,-0.21950291896825327,0.3866511583572944,-0.027856006220328165,0.22206549070019493,-0.041286533023432444,0.20808635330688366,0.001564832980859973,1.0,0.1594711884544766,0.15479595234582894,0.23751678179900354,-0.23977322925996025,-0.18696072721216106,-0.15617097961369344,-0.23018599390757374,-0.32567226449110415,-0.39898037400382785,-0.2951837137389055,-0.25676102583181354,0.5521443222748282,0.4039253276860029,0.03144474389038036,0.04608198120872053,0.2871103155033873,0.29474575198213704,-0.3390950675262699,-0.20970040386864727,0.27373312271036626,-0.09096701454625909,0.0856263786962843,0.0006313304527339567,0.17933927780433348,0.19720654569299542,-0.2103821696371474,-0.35802671024319715,-0.03652777556719181,-0.33071974694068546,0.06888120864440876,-0.35533486526654334,0.0042473901136123055,-0.05259822995442639,-0.12483306192114894,-0.2659131573539712,0.17535291595797242,0.12658556835035895,0.18498758182703537,0.10266387102621126,0.21884893237561875,0.06825186515865024,0.09218454726009884,0.04643354762024005,0.2068685113076108,-0.27355675404792595,0.23136600798814957,0.2778401705166334,0.010789308817139055,-0.32661796847983215,-0.08710166028891958,-0.44444460949764736,0.11657902737837314,-0.297076301395187,0.0043451806473832075,-0.15222893000913112,0.36270102329359005,0.10317749061961459,0.23068538292227314,0.05214567383185184,0.15154248360068362,-0.11257849569378497,0.17019767956084386,0.4969305827835079,0.4991484881260795,0.45562926757806665,0.3666142612133922,0.4137287079183504,-0.020803114411983372,0.03668153505662955,0.0386971556048956,-0.11769442557171779,-0.0633687633502245,-0.19662824117367989,-0.0011767411988764626,-0.2032429095170306,-0.18829956615750282,-0.2264389264470688,0.01682089158692103,-0.06673571032797568,-0.17262482664759715,0.13818814963175502,0.15798803621006155,0.2618342617626564,-0.09005053850758038,0.06124927870653696,0.114006494797581,-0.26515406928168433,-0.25377595331172303,-0.37773801460704753,-0.30494391373552393,-0.26966126185287825,-0.15795430994063003,-0.07626109720639618,-0.4341715382265135,0.039356282186315816,-0.09413998843761101,-0.3212260736834461,-0.23765195184048413,-0.2593918235407827
