1.0,0.5361547057856327,-0.09862644370869846,-0.2613300279057149,-0.1006881059833569,0.1279196818614632,-0.10648473163708996,-0.21927045854416882,0.1144495933816148,-0.0012960304008718649,0.44683071903370813,0.09583056384463941,0.21722853170961534,0.05510386105181548,0.04155024047503449,0.02831477219554605,0.34730024348942024,-0.16403616029839502,0.04688764552022647,-0.2581967259071538,0.17373689274576573,-0.032158737472775145,-0.17337825426062087,-0.31697596197436856,0.08521881475433062,-0.34681586868575803,-0.07928740231709762,-0.03307931349270625,-0.01906108426751255,-0.1947070589050947,-0.34018538363844325,-0.380163662657218,0.24998866953523116,0.07421171914643256,0.007942856102654909,-0.1613231373176058,-0.13528370316759547,-0.08848704457013588,0.31591284339364084,-0.08097231385345223,-0.27288206548572963,-0.22675385389806935,0.3915242810012513,0.3582365806360056,-0.058328036448514566,-0.12791822123561986,0.2218951202888314,0.18910382689701752,0.013348780446081383,-0.11588754049923838,0.1885147024019966,-0.03763402954163805,0.2448623577247621,0.12394188325873579,0.3818661974499916,0.2519492934177905,0.5595791283675495,0.3746232502983152,0.3707030608130561,0.1214624596073044,0.4313667468626117,0.3089145352006119,0.2745555102895559,0.14039402622012018,0.06786817616165298,0.15829616298491034,0.08592450189143293,-0.13619512950137996,0.5153224568151725,0.1660124898677183,0.20815989105299443,-0.09456767082755885,-0.22028993888352488,-0.25581576717796417,-0.23278958231190244,-0.2636254370723781,-0.12192338541308807,-0.25989330853921844,0.07400592980489186,0.096257048760852,0.09159415499308905,-0.14300470151651914,-0.1916435996108266,-0.19611794275808128,0.18071209674718106,0.046713399171911515,-0.039221012993966874,-0.0484666811284865,-0.06370610975112136,0.25233495549933344,-0.48731345576189083,-0.2844071184937525,-0.38188183206256415,-0.2970559825439104,-0.16148894160794697,-0.017134408697626894,0.275733621476519,-0.058075632955799206,0.06831009105855644,-0.053675191810662555,-0.06712318774488672,-0.002037049819831908,-0.22150321953880703,-0.31713411428365784,-0.29949683365053215,-0.3939585334687169,-0.07267628692491267,0.26441961206779596,-0.011119581610911101,-0.02754607625239846,-0.12015383090177012,-0.1921817974575097,-0.23016921637168,-0.25184998778260115,-0.07590433816248099,-0.15149635493990862
0.5361547057856327,1.0,-0.4253154676271383,-0.10882666379906883,-0.13323674214059875,-0.1730279612249572,-0.2858639666746786,-0.22207799286565974,-0.2365641073349723,-0.14128122842062646,0.03184984351565926,0.161229303414168,-0.002105048764248779,0.18736788256910974,-0.20881211615462533,0.12457688343713785,0.5163651649917902,0.1752942968215516,0.0248596849689854,0.18934120465735454,0.06360736801898323,0.01863063817609591,-0.3563441902695073,-0.5556537986071113,-0.09550335348087224,-0.35114525002181124,-0.1594649343667385,-0.18625718071017275,0.21331694391448344,0.19567163088062917,-0.2338928904181944,-0.42393132896898483,0.4775300592378529,0.38060320894626576,-0.2895334383472925,-0.3082766989447478,-0.14448757984481445,-0.06744675445188443,-0.09410290380640209,-0.21534151521842712,-0.32529884843445284,0.0029085346529286217,0.1576488291939811,0.06620774367444975,0.01746158054750511,-0.2246038712732909,0.14517687263399903,-0.039430557092126624,-0.1469290049061119,0.03279171581869514,0.2055798348327855,0.0546219556509146,0.2628179590379013,0.22257345905133744,0.2600026382641706,0.0648939052372758,0.3816820178411847,0.42557998291265114,0.05429341373768072,0.3107948478286647,0.10909234369697261,0.34468178853325604,0.44970392496996114,0.47319820299381865,-0.1878008745670738,-0.06587948886573289,0.005220289041711985,-0.42526712524803245,0.3819888479671402,-0.11924108275632136,0.0562567758114619,-0.004660328220611088,0.21097766327542516,0.07304397016223813,0.06259178387054268,-0.06557411322300424,0.020992235917063323,-0.27857536015208745,0.25823639659699626,0.04063940964724116,0.323889772849376,0.259872804981847,-0.34126468471131755,-0.064936078028741,0.09869971057899973,0.14764850839504134,-0.2834907736494901,-0.17067926044633955,-0.3337853466688256,-0.0004397786195044067,-0.42804368585444724,-0.3816420849900483,-0.3273222054161423,-0.3578441964284305,-0.28162825076667514,-0.06775370192063,-0.017301706665152402,-0.16159900835474988,0.14982174027227477,-0.15067653324150668,0.051240827047904815,-0.10512243099123612,-0.03395705927980139,-0.3329321739933432,0.010545918722179474,-0.44102928722096674,-0.12004626782874993,0.04624602760111183,0.04018167473113887,-0.020201954250579576,-0.31102697641898713,-0.29209034719142923,-0.15102195942835545,-0.05138131550720444,0.08000434418785686,-0.10662328117710229
-0.09862644370869846,-0.4253154676271383,1.0,0.2807132918605955,0.1408194326018881,0.263743175762305,0.43286071514631275,0.053956293567185426,0.21499062687295362,-0.032938852123260774,0.29922835368828177,-0.1507139328442837,0.24735787894786668,-0.1701943904716145,0.1057226400779839,-0.18430732645243514,-0.28609430093400134,-0.2564242210214336,0.5762733860173322,-0.17428088513455428,0.10718195885635044,0.008106418720023338,0.5596735087322746,0.4285568727286533,0.19970452737226946,0.2906177628874622,0.3678619516961132,0.17883153609286045,-0.3503694575299415,-0.46807591825227424,0.24111962734413886,0.23860452502355325,-0.4344209936121824,-0.41437114811674725,0.3468340636440169,-0.020140715453280857,-0.34087304862301393,-0.1350263919512758,-0.05657931224031665,-0.11494900492352055,-0.2933540942968781,-0.46079678329549895,0.13565465088811485,0.19047643241710688,-0.18883636828870662,-0.04385203587217713,-0.045429203774490334,0.08112780584078912,0.3074286342253475,-0.3492647512391159,0.05752280134373613,0.17927110506999366,0.11005037976259019,-0.22093222854936886,-0.1489890695376688,-0.012034698813076655,-0.18163963607999706,-0.3416002244690437,0.1703262637559889,-0.1817967519730017,0.2162586705914144,-0.25817390829876113,-0.35500262423317874,-0.3144099984074711,0.6147829273549041,0.30928171197922344,0.07048048953331436,0.5498748569312625,-0.07985797634893994,0.1564879698204885,0.2789080164562513,0.053454340129588655,-0.4508903310977763,-0.21489798977253372,-0.20448654014501066,-0.1117973714374656,-0.10372178861456241,0.031303585348200026,-0.4610029589507184,-0.13553976747538465,-0.4695204704078316,-0.520552600259397,0.23475249349890567,-0.21733109975129009,0.2253623955184182,0.022474684406003687,0.34671911434004976,0.012650481079165568,0.4400729967632004,0.23458509095602406,0.22754533122582662,0.21125387164243598,0.2545453263699845,0.2978361915220205,0.0686870300387641,-0.03910818162623379,0.36536707430991244,-0.03825194753402744,-0.283640435495938,-0.07398075799438968,0.009973895701667332,0.12714908193063576,-0.06418517950555463,-0.06423585177412054,-0.11074364516859522,0.07004279963929849,-0.045127730485569464,-0.08286574124789893,-0.04673765290313322,-0.008479847577298402,0.2560069243093308,-0.2236001877001176,0.04420368706985744,-0.058417392016710847,0.0815006559382898,-0.08802761345238454
-0.2613300279057149,-0.10882666379906883,0.2807132918605955,1.0,-0.2187689739622474,0.042415286565738244,0.08591198317095047,0.09590755239333151,-0.2689850800212404,-0.24256551490377526,-0.02152236322695231,0.31297855852945633,-0.01716701813297862,0.11049907543611727,-0.17162188102512096,-0.1956195425086936,-0.07570750306585007,-0.19320308453888452,0.302668954941249,0.0670102792540884,-0.10627889448171722,-0.0330031395970938,0.4906199177561602,0.47776676475623625,0.17572427592995993,0.4220325349866173,0.10359980596389246,0.24531511530595052,-0.10748815914493834,-0.07621136431816886,0.2685818332782855,0.2878074353783773,0.020023675061313844,-0.0021971752058345256,0.1383653453392332,0.027416435708110195,0.23383041987687347,0.28039648905571246,-0.12885662503112963,0.09232607170626204,0.09813560584646437,0.2624897245466914,-0.23860928250028232,-0.18166645326123884,-0.23863102732047503,-0.21309137113064344,-0.24847298164913853,-0.1584159627256623,0.008995290764649165,-0.18717147275380117,0.008969534526019684,0.03425810697103494,-0.11490239626398954,-0.08511955044969834,-0.05274903270925005,-0.0257854014739848,-0.4253292835736376,-0.47984590032550617,-0.20708743736185353,-0.11067437582752147,-0.4386463668298636,-0.46040291233291536,-0.00989360808653775,-0.17055168207015062,0.18115028159433688,0.1443604396655651,-0.31685459820463413,0.18569068616975568,-0.3186012576492148,-0.43621668710435724,0.1522209021703398,-0.05950840287716999,0.13444207663512958,0.4032112656008114,0.48728906129418786,0.19932241627672723,0.3967932059653267,0.37518940661705996,-0.36412635891655076,-0.25836972374924355,-0.3416076929931279,-0.17592854231215255,0.06083550336433051,0.04359714644164454,0.00028531306663561026,0.34538826981082743,0.1654739830856996,0.39170497095426327,0.16531975969990645,0.13824979712499977,0.010363567718390863,0.11727637392223464,0.3976376674524173,0.3971837339871777,0.11087090614437631,0.1665485913143636,-0.011670940031995243,0.13481541229090868,-0.1542884739315858,-0.06382968762469317,0.17485010441081572,0.22126788904126718,0.1911032099496361,-0.09939506072907263,-0.05860156549568099,-0.026132109282871286,-0.2340966504013631,-0.300938926482893,0.23197821853961187,0.0993941403532727,0.09880068526462066,-0.025018125878372863,0.21812019134591557,-0.06637109375669709,0.03630515145032363,0.15031124326951156
-0.1006881059833569,-0.13323674214059875,0.1408194326018881,-0.2187689739622474,1.0,0.29314770726965517,0.3439067974012091,0.13232177491380245,0.5463291002179843,0.19074627145592365,-0.07564619045202917,-0.29987465646144595,0.13039127634147082,-0.10501276964651592,0.18468014609052424,-0.013733560663756163,-0.016655912487854408,0.0019239705260614564,0.03255517824373005,0.12437450527667067,0.4411244809267182,0.26467756224923306,-0.10572821999099873,-0.18394131461093582,-0.12255858154789817,-0.12007423927942007,0.20215041564432898,0.13693779556341212,-0.07399984475248295,0.047522923898676045,0.219266194939261,0.07448914045395326,-0.20268607592453394,-0.13071597914145014,0.08743955279018262,0.03019400617596173,-0.12515003442991335,-0.18156960223549246,0.01085798912419664,-0.16046342748944434,-0.09907409996981471,0.009341003596627867,-0.2823815151212575,-0.2970163856503682,-0.008610013239986381,0.019206736283465316,-0.16011783493675602,-0.2512572777858035,0.1330932609587262,0.05548118509864051,0.14734716234628165,-0.0022045743703937295,0.3208397000827636,0.1489885708052119,-0.06093689825288656,-0.37531199552016264,-0.19094002806893018,-0.089801217281904,0.12495730282594579,-0.047149651447667494,0.2035073083084192,-0.2234411367710265,-0.016553439003244512,-0.06191057945836609,0.02831009912994453,-0.15356435311036293,0.03844762823599125,0.08790703523239443,-0.13181649596853526,0.050499029298016355,0.09624242329179744,0.08733973141939581,0.03786881775637207,-0.10050493776091098,-0.18003500072728956,0.09940944932570302,-0.030225418162075704,0.06955837385032279,-0.05719561449782301,-0.06039920984236079,-0.13710129320336253,0.04789407737251827,0.009878814170561172,-0.06616028013539689,-0.13027976667954472,-0.27574288521606416,0.05989316317341139,-0.23362810559892705,-0.11146796622081147,-0.24439963414565974,0.3643697186104795,0.39126169801162486,0.03487301468992543,0.10369247642339824,-0.0856510328025443,-0.019406415565635132,-0.2514416420355301,-0.01441748512899606,0.03619415123170748,0.24041200455777378,0.0930770384503221,-0.10994965968985318,0.149854137585379,0.2650734147752625,0.18389148880517814,0.14329050922344247,0.15706199449256422,0.2641279816244743,-0.19883376970223213,0.10909486190644067,0.07588736625381999,0.24192237181596296,0.44454289353356274,0.24970991115106972,0.08158259816338462,0.1585396087039412
0.1279196818614632,-0.1730279612249572,0.263743175762305,0.042415286565738244,0.29314770726965517,1.0,0.16884373687292373,0.03726627409755069,0.3574650166906729,0.10152005047236544,0.10457333678518864,-0.04802850895005182,0.074908339253829,0.02556087804145798,0.24436331957334803,-0.0022232254898850844,-0.061162811473628245,0.035942127210490823,-0.045617769745931874,-0.26655244517098675,0.4901595194922054,0.23461179649155878,0.09844389997037299,0.3222360755273556,0.3278823752162075,0.2263362355655778,0.552197240643497,0.39556027943836886,-0.1890263834300054,-0.1846478762263952,0.22990384551747461,0.1670609218958365,-0.2934732046171855,-0.18846888172810197,0.3351847346495014,0.28617727198097803,-0.0705241710264891,-0.09872730433041636,0.32292874845773983,0.06437188465824353,0.0295206630563434,-0.09453538908729209,-0.07026495449202971,-0.07823742172783937,-0.18628264469779335,-0.10045799716998544,-0.17723737706929402,-0.11747447941898757,0.029263321251318898,-0.2702216717850713,0.007720738927653985,-0.10277523331608944,0.11290831975047286,-0.12335604006336744,0.09798648575114902,-0.10855231668676546,-0.056205133250080475,-0.18957096023478073,0.22983222495806485,-0.10188882194197899,0.1388861486302503,-0.10331002827657464,-0.07810387907414144,-0.2181771262013981,0.28078897375112405,0.2657068163500655,0.09048302252668755,0.35749662509699637,-0.022528621049802872,-0.012853564883624028,0.31291178655578766,0.05652468219125963,-0.14223671390824025,-0.23248644423951967,-0.16146813667241056,0.009914291225129997,-0.013376133200663625,0.10490969426869645,-0.07454701454265017,-0.08670518719512937,-0.25701389553736237,-0.20722719576925439,0.00597902235690826,-0.14047868857785195,0.009184267819031606,-0.1859024341257341,0.2171435176062587,-0.16864693235683112,0.14835314817228612,-0.05447357406849354,0.05250853006030934,0.12451990607200254,0.13921596033983763,0.28961738056798203,0.08771504178483863,0.13427421545290363,0.18484344951459797,0.06552864583718916,-0.24749363543163297,-0.023935503841133587,-0.06250157741210248,-0.0466213602079599,0.12418142803724982,-0.13684162037288425,-0.06818963236917837,0.10577524102729882,-0.011360155583622161,-0.0756721265290778,0.08300689868384842,0.17812540306763056,0.2248037041132702,0.04452202111848781,0.19287176119448018,0.22230540699687304,0.15623601996877257,0.051041136258472695
-0.10648473163708996,-0.2858639666746786,0.43286071514631275,0.08591198317095047,0.3439067974012091,0.16884373687292373,1.0,0.399598796213887,0.4697309933475389,0.40310612356187164,0.1728296252516501,0.11978652550735595,0.4954440824611303,0.20152204403229818,0.4196907588982976,0.17762700141026966,-0.14102243484751725,-0.07881061558075686,0.4388808935495081,0.16947248566608442,0.08244746469368369,-0.1267549610710205,0.2898122534343811,0.24438975965562823,-0.09948050694730816,0.09707598628106767,-0.02755293432650381,-0.019071499286563095,0.1127991514293623,0.03579208206449132,0.5735057655348796,0.4411105846084965,-0.1473893069172056,0.10528737083946578,0.19715224244965338,0.2317053398555344,0.03566718984005336,-0.07773381735282256,0.0970752134536375,-0.06273692734609985,0.07427748046991418,0.13778070090961608,-0.3277743105592589,-0.37643311120473427,-0.29767995083933,-0.1981200545431323,-0.42915987498134783,-0.5185603841598705,-0.24940447909791183,-0.36865989189676396,-0.10701011558563757,-0.19108140035458418,0.06874789935005053,-0.16612341507047462,-0.16780102912662756,-0.34558353857811347,-0.5910773528357443,-0.5666354532459486,-0.011195844227642701,-0.41112091175265003,0.29370862716929064,-0.09472027715953468,-0.07428215982314383,-0.06004245175980134,0.6327405563625422,0.23418884831927106,-0.22488035048602636,0.14441210625281578,-0.40752211062792276,-0.20756525851739815,0.2051029326753365,0.0852622643566531,0.1573000317496837,0.16517198606012534,0.17213021222313798,0.1625699232228729,0.13364796301417908,0.1576989814684321,-0.4818478479899044,-0.14344107183265148,-0.46372027196272103,-0.19822751453642284,0.14529608816965364,0.10634049740375535,-0.04637581067247858,0.0467729886049925,0.036908348961449434,-0.16149705576146917,0.20475048178496993,0.2009382359937963,0.20501636441718443,0.2683871699606197,0.37180336845653666,0.3402183966136448,-0.12549343550400158,-0.0006814725276083562,-0.08911831169651203,-0.13699763309165824,-0.2930255559014722,0.16209599369311686,0.16930425490599282,0.17410276474130298,-0.20240773235352003,0.1787029428450821,0.009017866514335272,0.14678907047653303,-0.06470768672898554,-0.016112870543146876,-0.12113322757497276,-0.15630723058603876,0.17521889646033478,0.19007708745851237,0.35499330459474854,0.22935392384881637,0.25370124398568095,0.002801762654766385
-0.21927045854416882,-0.22207799286565974,0.053956293567185426,0.09590755239333151,0.13232177491380245,0.03726627409755069,0.399598796213887,1.0,0.19740068200873057,0.6594164256444944,-0.14443648276320212,0.17002000539131998,0.04104041885894192,0.4368112234051643,0.1540221451667691,0.476500772036662,-0.09047041313212946,0.19575746910881178,0.04440969185612648,0.22617688674350503,-0.29154161286205144,-0.10690123643666656,-0.15075276975721158,0.0528212248690145,-0.22118344941208293,0.16561381091009786,-0.2456876802587021,-0.26773519498626064,0.195371842804056,0.39715206105326734,0.29860054259503,0.322657280777294,-0.060644454895494845,0.17368362029307302,-0.04954785783330478,0.07509275922999303,0.12855161348410563,0.024428488944931978,-0.0025068858166363544,-0.014717557939436353,0.1256164559405202,0.24299056454716006,-0.4568448557528156,-0.4344395970722892,-0.3095755607440181,-0.24268499750816652,-0.39605131323996506,-0.36678899639510504,-0.42941709781910864,-0.20739227865734056,-0.25756478429012675,-0.08754730336080575,-0.0365083107582641,-0.15774906427010602,-0.08570119429375334,-0.10452457849810955,-0.4646997910016161,-0.45960161018254514,-0.3281771204032184,-0.14569200423509918,-0.036678343434075146,0.2597872721457504,-0.0300152640718398,0.08953016965521828,0.19556727562916495,0.4695091789015937,-0.5654469588932518,-0.12871370167844073,-0.4034988437839471,-0.32656809333954834,-0.11272499667191249,0.1302561424223697,0.3532273409547023,0.2464938261117078,0.03351151153709101,0.12231471108974971,-0.0815265138819171,0.09179698576679196,-0.0354606127447843,0.06211594696120715,-0.10328687001964884,0.1013210403068292,-0.04731636032680014,0.17289054541324198,-0.06394366971174213,0.0394665544937556,-0.05938968735374865,-0.18419753561255633,0.23762905690012226,0.1539444197257357,0.09017973588397792,0.15404245498867153,0.3634590740073521,0.07563425067995642,-0.1000368370924773,0.08282695348718029,-0.27691324041038223,0.08004086030828242,-0.06410409602225182,0.13674669795871225,0.21072820418971183,-0.09990808986142848,0.21420719512960135,0.09555936244934789,0.06881812399020118,0.27998302762754923,-0.024561376753511492,0.033406891424482305,-0.0055635687557505815,-0.013310325310064899,0.07254947480825392,0.22669091289434315,0.23680942989614964,0.34649788439596163,0.12855865199459743,0.18921752577556852
0.1144495933816148,-0.2365641073349723,0.21499062687295362,-0.2689850800212404,0.5463291002179843,0.3574650166906729,0.4697309933475389,0.19740068200873057,1.0,0.24440057373236038,0.17887147379274115,-0.0919925726066868,0.38275198770764046,0.19245099683801806,0.46661761112541805,0.004658339487846952,-0.10426079476571413,0.03316929458233311,0.007841371580527634,-0.03856392291752148,0.18189182359864092,0.05862880570632744,0.06604519569644532,0.07697705743059798,-0.09318031794811707,-0.09554864001976221,0.151216695140362,0.12073508910520801,-0.12467930195342208,-0.13625856331339414,0.1837932037733625,0.13201606109036854,-0.2894716251070464,-0.23741002146595408,0.24484426451091365,0.2849997438127928,-0.10294211979532955,-0.009272415752621326,0.124675960217001,-0.19287479596868212,0.04173669458591999,0.040252549938801827,-0.09212714795190739,-0.09007865580371865,-0.22504322786564152,0.04044988568727624,-0.23357235849584435,-0.14652749341438606,0.04379526850280645,-0.11689852112879158,-0.05417544591691152,-0.009639904190927267,0.26649185769397765,-0.09170188607017703,-0.10560614558173623,-0.21006461797241485,-0.2420237449356269,-0.21024836908939742,0.2678131698117575,-0.09930994979159949,0.4326294557514447,-0.12206179596909782,-0.1434742006931806,-0.09324141866671821,0.20148729384435024,0.276910149221977,-0.13313459917968196,0.13549038201673783,-0.18082533130742387,0.06891225557745317,0.3467253052309503,0.17565758656319516,-0.18214901716437362,-0.17036464497157652,-0.0792847062746856,0.17702286812665033,0.08082599301827613,0.1532960985101052,-0.12096338640191462,-0.10010284229136376,-0.3592022008363136,-0.2898422432238881,-0.003999411133932882,-0.1040874443356211,-0.19734119103709777,-0.3284516157626241,0.1461466645175664,-0.25568910449226034,0.0920151451688845,-0.06028534576730993,0.3147903517181686,0.3477109109630935,0.21060031941774843,0.35671768307355295,-0.08203115711270831,-0.0014168227904036315,0.03679535623909781,0.030646592369286272,-0.10083901301032468,0.30975243501123595,0.02904888135735764,0.1525329385196301,0.048750841703095245,0.09235570315284466,-0.0494566625963082,0.07508260844990124,0.12577515870095604,0.224799531120451,-0.33238341759403045,0.11062128846491483,0.3384276919608513,0.30783620201823303,0.30962009331543383,0.22499440726963926,0.0938268560315264,-0.06336276533576936
-0.0012960304008718649,-0.14128122842062646,-0.032938852123260774,-0.24256551490377526,0.19074627145592365,0.10152005047236544,0.40310612356187164,0.6594164256444944,0.24440057373236038,1.0,0.037501864581823294,0.1661037195598053,0.2496700483379634,0.29539066693933624,0.3016817037372225,0.7054235739567073,-0.07495269059827553,0.09197104079641193,0.07833873105596222,0.15800776539702147,-0.10307132938898213,-0.0987718923221305,-0.29004460932898296,-0.08503116018670313,-0.2497835258882055,0.026417050101819724,-0.1900298335835798,-0.3380305379461884,0.3005220310834595,0.4012588577179429,0.2585348173212179,0.22237667289959953,0.05506053445335905,0.2809552988421523,-0.2886942855494185,-0.09202116401738852,0.058162958598682875,-0.19068139638244963,0.009327538695908128,-0.15068213520879864,0.0429401786569638,0.06127916634929876,-0.1570171664252341,-0.2147994372483543,-0.18583158796739882,-0.27452753926152806,-0.09007676978299856,-0.26639597025523776,-0.26751971328971047,-0.11150641430155103,-0.032733889556030904,0.03761300960985159,0.028201504016169488,0.10300804271097758,-0.15443519920677828,-0.051840728945405354,-0.2092031111182263,-0.16331196891697095,-0.18043814775350106,-0.2500246943970355,0.16455469423862665,0.49999258790996803,0.03369395508401354,0.18642966993099575,0.12318264119769486,0.22165631542781697,-0.2685291960382294,-0.3038691066735719,-0.14339914166553477,-0.004494771386306273,0.05041765208872759,0.018823360192099042,0.3527352156751083,0.22205421897053368,-0.07406291327799784,0.1728336071099232,-0.06853435397264954,-0.01702411032252088,-0.07479474799030177,0.1318706304773331,-0.07523401601532641,-0.005039356034382492,0.02535492675155963,0.27126780599898476,-0.03666405947260336,-0.08885697370936976,-0.26158287162520866,-0.2859909268026546,0.06222341065825063,0.1797088276047108,-0.013746498411190418,-0.043119757381225234,0.08966828181968833,-0.09325854428243863,-0.17374575243332613,-0.02726594671328431,-0.2516317268971097,-0.13467818209484367,-0.03578175298230138,0.05552587448533917,0.09530144860263923,-0.10022896085102546,-0.06833396789087269,0.06539814339468332,0.0357282607223368,0.12211305583228069,-0.05936654783463825,0.15072366891094588,-0.014076777773407764,-0.13137177341482484,-0.21737379306121302,0.06528731617626266,-0.013049537361913733,0.28291598715495303,0.12486905039893763,0.09273562283254042
0.44683071903370813,0.03184984351565926,0.29922835368828177,-0.02152236322695231,-0.07564619045202917,0.10457333678518864,0.1728296252516501,-0.14443648276320212,0.17887147379274115,0.037501864581823294,1.0,0.33093187428207427,0.3963194521740528,-0.012579666481434,0.2731015471727009,0.009739267552723864,-0.12478709858989198,-0.2161069854819597,0.2738963856780746,-0.06442555406850575,0.03832615721203343,-0.22496812507042535,0.41578206774348314,0.16354565905302948,0.22666847397571754,0.06232574708471182,-0.02859929295351243,0.178571654004144,0.04470415269945206,-0.19974538393236416,0.06358937960839742,0.002753754509044642,-0.0629788392087877,-0.15330048631507523,0.33524342687628844,0.11466081389084443,-0.3084082792388543,-0.1940800350040122,0.10394351164950844,-0.21047546997079208,-0.21410899943840697,-0.3541015932909504,0.18377079980895078,0.229356039538456,-0.012371472029296591,0.006504397759261853,0.019944062709265332,0.0013106435023839532,0.23078207059785902,-0.0001902771903869163,0.22259938604767804,0.1480864037619294,-0.11239412342686707,-0.26297878057404855,-0.013337518742651168,-0.19789484988994913,0.16983022029640915,0.02501058109619911,0.03572471816407374,-0.22503964774242227,0.13309065034201667,0.03974857195583904,-0.279322161115519,-0.19047269585073281,0.4356927728446516,0.412735641101222,-0.15464998477140102,0.14651939305713355,0.003120510965872986,-0.03551916526944896,0.2597391072324724,-0.23703281685026975,-0.38490519542661145,-0.11148734781703085,-0.1565351802279635,-0.13312291453888,-0.0029272793251616603,-0.06363183270870745,-0.14576572017219927,0.22550168150384467,-0.23865574781857934,-0.2636991740923567,0.17705467146459153,-0.03278839209114209,0.5065089512660526,0.3324726312486762,0.21149523585615576,0.1840918936560353,0.3356823617033572,0.3341789412930721,-0.21806911703548734,-0.15586858974077603,-0.029699869893705075,0.10621829765280344,-0.1774736687301294,-0.28226545914847223,0.10709572696840426,-0.18373185221772384,-0.1823106707295052,-0.2589847479706113,-0.21070906048173102,0.20131348629192836,-0.4354463585703692,-0.2906471243167792,-0.21680617998828064,-0.14204645276164965,-0.06858852805331395,0.016219906107786855,-0.0672224865545843,-0.28580137473581785,-0.0062501993725552025,-0.06299873604372055,-0.13569311214728894,-0.1202653719127925,0.15486953484909285,-0.18557716326734144
0.09583056384463941,0.161229303414168,-0.1507139328442837,0.31297855852945633,-0.29987465646144595,-0.04802850895005182,0.11978652550735595,0.17002000539131998,-0.0919925726066868,0.1661037195598053,0.33093187428207427,1.0,0.2183888935604128,0.6128500769000977,0.4374969618719021,0.4288309060520335,0.10300457178281987,0.06702635827585358,0.27373469507741127,0.4163055348383399,-0.3540609783555592,-0.17872319060448744,0.06449392836187724,0.25140880643364377,-0.14381097507558907,0.17426356780133562,-0.1136351590792188,-0.07358401657293091,0.535884384872578,0.3031843365223643,0.1525184602193153,0.21284291009521739,0.10590960323553024,0.1529499195627522,-0.05840018985060246,0.03550426677518997,0.14604751140996242,-0.04447603779475886,0.044767554046107084,-0.12860898947109767,0.14640160657281936,0.21210781484221225,-0.2933979985104007,-0.25935275168731614,-0.30983850960764947,-0.42064154773985973,-0.34330389013178164,-0.3974680711523103,-0.40009614462591303,-0.15708384463337774,-0.2944821759580725,-0.19938229660072057,-0.22605508610507488,-0.23560081993851448,0.04830053676265483,-0.2827431324327709,-0.22569437918970217,-0.30698115425862527,-0.26202566438794156,-0.3381839263340204,-0.19216303123568157,0.13297966728868993,-0.046948037821445014,-0.05283147240347581,0.3061921463616463,0.3550745292789424,-0.6023621838449741,-0.3907322156080446,-0.23269103384644454,-0.3151615133393005,-0.010167264059301897,-0.20709871271156813,0.21894821984721538,0.23157651667937543,0.19223867500365108,0.13387871833031034,0.278827951654336,0.17586843076555006,-0.13211603384004705,0.13078752344763137,-0.03634035651639047,0.03310614284000612,0.3454380948722544,0.5524919336837574,0.28459717373854626,0.5444314399287378,0.009439079869858976,0.20567235915266194,0.4178968132910766,0.2850000241556997,-0.1927080547099968,-0.16646534306410174,0.36191704805551594,0.18106376572458766,-0.053934724481520584,-0.0755599332776071,-0.3148622064508771,0.06851364363755567,-0.26781700834101685,-0.2501095036451326,0.09899499568464644,0.1857084258241068,-0.29501270935078605,-0.1614736727069624,-0.1343869196175242,0.034440515370516504,-0.13249292246884867,-0.11007981961184757,0.08774036920700418,-0.18459638788025426,-0.18585387419627855,0.08512310712704706,0.015463603421016766,0.12684792412813162,0.07552698017235794,-0.013596876672941212
0.21722853170961534,-0.002105048764248779,0.24735787894786668,-0.01716701813297862,0.13039127634147082,0.074908339253829,0.4954440824611303,0.04104041885894192,0.38275198770764046,0.2496700483379634,0.3963194521740528,0.2183888935604128,1.0,0.414388470895818,0.6425536202472353,0.30930588714094676,0.22847089612526286,0.15676479644906113,0.36995120187568786,0.13597759134741172,0.1675403717494369,-0.09887021934200119,0.20738293138251734,0.11750954768887074,-0.11314947855424451,-0.020622890970864196,0.0029800430085549926,-0.04975930052538645,0.3129878049040753,0.19206282909011127,0.3539295000713362,0.268788163157098,-0.029837022351785734,0.04982703547731303,0.00871563724138375,0.10358495652240411,0.07444212976320709,0.09669978290296802,0.1350323503099691,-0.07138090505945739,0.06289464623439653,-0.062080409474578886,-0.1500031424458507,-0.21233036727893934,-0.5203053469024475,-0.43002439486752125,-0.2827684886476517,-0.4577516167717287,-0.23166483674072014,-0.45310653243319987,-0.07459227377095894,-0.2392565791542325,0.20638280191986255,-0.0008474340393624008,0.02785991156798422,-0.2726913438722573,-0.22802906231896503,-0.3131071365126337,0.2650489224171902,-0.16316735075402958,0.5452080493869766,0.10903489087971008,0.2871288580151861,0.3198581792360797,0.360277157580906,0.23963025194474422,-0.06934310721740111,-0.16896173743920653,-0.18191390843041055,0.01981422981979047,0.2407930571714847,0.1429229534794703,0.237282281266492,0.04417944099176947,0.09742957876061387,0.27921355792872515,0.3054369448716486,0.2118578142489004,-0.23109321063424157,0.01740163484015128,-0.19407212005917004,-0.18662035438575275,0.19343971176140562,0.14153535157563282,-0.05256912532840716,-0.1837441316009207,0.09226341374628633,-0.2106602275600327,0.0683894228350258,0.15578296782293144,-0.07237679952479893,-0.0945864385686123,0.06798166063690787,0.07096894199266351,-0.1378060843784202,-0.02171011761962831,-0.06718683364783118,-0.2854574713813534,-0.21961734547232423,-0.018913254370961283,0.10145690690908223,-0.11098831239838924,-0.2588215402821038,-0.06155135995416282,-0.15929565315118385,-0.10091795728945464,-0.045859150426350734,-0.04310684483805962,-0.136056283448434,-0.2020814822971116,-0.12680580233914585,-0.06961140529474973,-0.07219902357303028,0.0326019989363468,0.18647239352029163,-0.05658550513631475
0.05510386105181548,0.18736788256910974,-0.1701943904716145,0.11049907543611727,-0.10501276964651592,0.02556087804145798,0.20152204403229818,0.4368112234051643,0.19245099683801806,0.29539066693933624,-0.012579666481434,0.6128500769000977,0.414388470895818,1.0,0.5106733934452591,0.5810347230483734,0.23010203783905964,0.416868775903352,0.13184455574300302,0.3075848007349922,-0.3065159148436318,0.004365607665734929,-0.05667485535187454,0.12159970373108256,-0.2529345303678838,0.05150197742438919,-0.033360822984299134,-0.15301507836112618,0.42901992562228336,0.35760783702590077,0.06767209431827491,0.159336118432656,0.030502832030821856,0.1341679068816895,-0.11730209405871846,0.06633892803664844,0.30510697252049046,0.23911027220423825,0.05559614901807439,-0.12052675886207022,0.2331259008392068,0.274485749240369,-0.4289611338641349,-0.4504647472027443,-0.5784983120859691,-0.5273672796071385,-0.4369587578440411,-0.5214818214771638,-0.4813828255564331,-0.4280983327620123,-0.4059110388299964,-0.3106913162843114,0.09034364535104457,-0.10556332798856402,0.13165553512471298,-0.18885081648729185,-0.3904583980872775,-0.4431364714760181,0.033571997368948135,0.02720015141789208,0.21334881243631537,0.2519521098471424,0.20330610038615568,0.31863850925506837,0.13360737749391002,0.47818417648129746,-0.4628182772658683,-0.4022292201695232,-0.21831725089728296,-0.23819370636365433,-0.12009932951260369,0.05412488585436739,0.3815992786937868,0.1637036748981412,0.1857207264731717,0.25463520985808635,0.26357373195916844,0.1729535794756426,-0.07690197679491848,0.03616424919706583,-0.038713536987695,0.019576712950169484,0.20742751265910123,0.3692107110183146,-0.0500833628155163,0.08015269783764252,0.0282920534564074,-0.12793943938823352,0.1958103155369882,0.16172310131730971,-0.06147456876481746,-0.050720305972973764,0.3958991161346276,0.15399568462743407,-0.05427293847556411,0.044107704378786215,-0.202203092786915,0.003422372181740768,-0.23881572687512295,-0.0410842248610817,0.277016654817375,-0.06947526149721688,-0.022289960068342773,-0.09963769332495775,-0.11758943176619956,0.11514188271385609,0.031965798891212795,-0.06415034120483512,-0.011176028309429091,-0.07920891282084308,-0.0954560649701439,0.020357250802377765,-0.0879054943664767,0.2208820772286854,0.21298515855731082,0.16327348203386766
0.04155024047503449,-0.20881211615462533,0.1057226400779839,-0.17162188102512096,0.18468014609052424,0.24436331957334803,0.4196907588982976,0.1540221451667691,0.46661761112541805,0.3016817037372225,0.2731015471727009,0.4374969618719021,0.6425536202472353,0.5106733934452591,1.0,0.433213945175662,-0.0198119824662237,0.17109197899185202,0.15529371617805934,0.20525199266449276,0.031395331123312845,0.0815060020672828,0.07039994906721746,0.3037322990512382,-0.10100992798800264,0.08101557638710306,0.06777226018449926,0.060167917201732035,0.42261421328780174,0.19901107904905202,0.28732210473403574,0.3091056133679636,-0.2669888886423933,-0.07800177835611621,0.11738812763034792,0.3728994945146348,0.12276779931501627,-0.004557352168956572,0.29693740585487577,-0.07831421536642541,0.19953213380543564,-0.03785732384283516,-0.3460644949073223,-0.3330135582891142,-0.43270790711460455,-0.2878734594781474,-0.4162186746034273,-0.4265739152879148,-0.3186231574763933,-0.29972009954697415,-0.4150647069231516,-0.46121800575366084,-0.0565138608453365,-0.34094918956844067,-0.05894430062380682,-0.327868723160976,-0.3830640359949989,-0.45930551563675404,0.15253386117353984,-0.27642038848711165,0.32213025579791404,0.11873404219048193,-0.03576505549507602,-0.011973320962864005,0.4489697318842733,0.3165049176120457,-0.2380867107462637,-0.14576707676939094,-0.3982664583273574,0.04967899929355722,0.019774385577987517,0.07880127969948307,0.06894772078603591,-0.20640422309157636,-0.18213192020575533,0.13488061385781006,0.10509507215097243,0.24634577377010194,-0.16896271643202493,0.07338861971884549,-0.17657121468728748,-0.1317744331167811,0.41947372186596565,0.32151725816230914,0.0013993818596596671,-0.13274980565140865,0.144159543708715,-0.1789420446573866,0.3646321929052939,0.11950497782778542,0.20249642598812095,0.09342032175649924,0.40195519930475343,0.23391471636556582,-0.02936540237385133,-0.06156554246724435,-0.27165965608771725,-0.01884721050778926,-0.2933550688744594,0.014043092721744446,0.042656064064810394,-0.043934308571930716,-0.2878421785131128,0.08111917084946216,-0.0020084220970560188,0.288483100616538,-0.017892255517435472,-0.038751884910798236,-0.08681957692809655,-0.22334515097905713,0.029701768766756502,0.17659627188720195,0.045864008931776036,0.33009632168757563,0.14566650379298102,0.04939205690077864
0.02831477219554605,0.12457688343713785,-0.18430732645243514,-0.1956195425086936,-0.013733560663756163,-0.0022232254898850844,0.17762700141026966,0.476500772036662,0.004658339487846952,0.7054235739567073,0.009739267552723864,0.4288309060520335,0.30930588714094676,0.5810347230483734,0.433213945175662,1.0,0.031279287853065975,0.20090745140367222,0.15739659090118216,0.33132298559729184,-0.10701020125758286,0.17266706964232525,-0.2909014558389633,-0.036859573730793294,-0.35970212437398935,-0.0043423549980261015,-0.074073195447978,-0.2538809380518554,0.5825447447849802,0.49785303084124094,0.10011943654146738,0.1451189537050487,0.0771183065444339,0.20858114774172581,-0.33003096458798226,-0.059970642369397704,0.04021357152782394,-0.0725107238332683,-0.061850386272949025,-0.16332586645950375,-0.03391435888581615,0.057488863387143936,-0.2133819829411144,-0.3023415533659482,-0.3285828219825911,-0.4761354095487285,-0.18527602125632275,-0.4154094993644663,-0.43207990540930574,-0.20338867597076019,-0.2366972344557196,-0.050698565426099365,-0.06807628504281472,0.0420553849884794,-0.1450597469721606,-0.13109207314726962,-0.1674132242597741,-0.19031915640963293,-0.13878898778496393,-0.14222016371921695,0.1690213143232402,0.5542698687381199,0.029063321488410496,0.29002126803299777,0.11784930481727642,0.25134692901567846,-0.2393285671679619,-0.5167291894119372,-0.09001709589904877,-0.027204969161033675,-0.02930354053245009,0.05063983184156659,0.41673674647467857,0.21600263642728945,-0.04500779841683979,0.14750472036823828,-0.0472013414455703,-0.06209671222171493,-0.06911016089905614,0.24003264788509568,0.07658166433549812,0.1098857854567888,0.11213221120865467,0.37376673392890036,0.029377150906609768,0.07910425651486579,-0.18680106993950404,-0.3031360037047274,0.11366729765136167,0.1731979353299675,-0.0791525470150287,-0.1581001048736193,0.23438923468459974,-0.059707169579975815,-0.23785958063942464,-0.1241576313620908,-0.3533343274134855,-0.15948614721337112,-0.14221134082892617,-0.11286705939957538,0.12865718795415423,-0.21923327194539438,-0.09552322316855472,-0.1008820578579612,0.05214666509892199,0.17766052416937497,-0.020193897112334974,0.032074969374099295,0.027155631484828184,-0.20908881909736998,-0.30622287000012843,-0.08919539112305061,-0.14025588931968938,0.3128741043126445,0.22709822906233276,0.2374136449689829
0.34730024348942024,0.5163651649917902,-0.28609430093400134,-0.07570750306585007,-0.016655912487854408,-0.061162811473628245,-0.14102243484751725,-0.09047041313212946,-0.10426079476571413,-0.07495269059827553,-0.12478709858989198,0.10300457178281987,0.22847089612526286,0.23010203783905964,-0.0198119824662237,0.031279287853065975,1.0,0.5583044575986078,-0.053352075727104126,0.2263914699704487,0.19375495450203933,-0.03261522995990311,-0.41345194011082315,-0.4068840406319393,-0.34147202321994663,-0.3933575112293203,-0.08736706183509181,-0.30494152008086245,0.2520113215679913,0.3860981044487279,-0.1689568227014828,-0.2146591259431031,0.42777524451459636,0.3975865203989877,-0.49303815599511086,-0.41482044275324986,0.12159198617964942,-0.07789041378365515,0.1416361967540424,-0.022027257639931023,-0.020549550531908364,0.04289342441158929,-0.23726913971231348,-0.22282597453852576,-0.17992191069600041,-0.35131936327124685,-0.12964993097825342,-0.1577636066521675,-0.4564106923753215,-0.1518601211047795,-0.13491459004192083,-0.37849036641969513,0.34793699249318055,0.16441517943872314,0.3568810641623762,-0.030687029437961744,0.2149134764046126,0.18023786230168637,0.12476514481830067,0.19108189303361578,0.2888853457840703,0.27957610669436617,0.7733553700188905,0.6313774793210353,-0.11984228539387261,-0.05943122507446168,-0.10912351423680057,-0.4781008405634671,0.22033226847699985,-0.17847515666400612,-0.07720865956375807,0.06125541733263448,0.431908220171356,-0.11072684016313708,-0.027542638005334196,-0.09082021357267124,-0.006892433097825332,-0.19180213172588798,0.5480760068675703,0.0944134181644068,0.6266594415920024,0.5321404739550208,-0.09462468395520257,0.11682713541296245,0.15857548436916438,0.08899539737517646,-0.07465657086706258,-0.11203021001424192,-0.14318256700377432,0.0734704115449414,-0.37737623213064914,-0.3812507520866566,-0.36697924040931373,-0.4846721872665889,-0.08474174497239306,0.12633602072086,-0.13964459402496898,-0.11360996580613711,0.12757520437495265,-0.024765847008272175,-0.09888824364228362,-0.46514003704788587,-0.030237267504489736,-0.23510047870252004,-0.2747252286597853,-0.3243957305366147,-0.23366216498669054,0.0031096377606338013,-0.06464144272325252,-0.006931189138817332,-0.3762975784458732,-0.10536877313330202,-0.015528305235915998,-0.23659456941358564,-0.07313286223670389,-0.12939890256429903
