1.0,0.4456471815283942,0.00303510373298175,-0.21510386899030368,0.028803489425643234,-0.16615626415752888,0.08605370472912863,-0.2901897864448235,0.20160114829821393,0.00752879283594206,0.43151937464447077,0.1485712397765841,0.25365374053117906,0.1775365931709666,0.3229464757468349,0.11932496471562641,0.20245400840433853,-0.0663893025824739,0.19365142090748155,0.46147020766134167,-0.22857954029333252,-0.3283030380220083,0.16581076260493793,0.058792043318969624,-0.06843055915511999,-0.1744656880412217,-0.0473258414605737,0.05747637304994735,0.021299915051667378,-0.13545468029110647,-0.16020129791499343,-0.16283356509739308,0.15253387790617035,-0.08404372478493811,-0.36045517031925695,-0.4619547316409859,-0.2685514480380178,-0.3361219215939165,-0.06839511553051711,-0.021459788707995954,-0.03167205283730679,-0.21061656472429777,0.22927658961534383,0.3382991055478524,-0.05314235250119336,-0.30717101676427083,0.008389425074009079,0.14090832881186546,0.03295908290278001,-0.016941559389108688,0.09609598263587481,-0.07204108850110975,-0.0018242415718737056,-0.03728102486518034,0.1504782147637855,0.21708145623462394,0.46406998378423986,0.45194388624211734,0.19389484319822878,0.12267477340222592,0.172073649585782,0.24299284935643173,0.14806274552383594,0.21265603170281758,0.07022611927802129,-0.3192420176631785,-0.15304627755039568,-0.401520343466571,0.5201327870714146,0.4431030556144477,-0.295624672867597,-0.4225948466992756,-0.029995168193547653,-0.2570391287398636,-0.008203777265045042,-0.13659469705207247,-0.20800382071601964,-0.3219403448557428,0.17399497962216037,0.1601593326782148,0.11015570697177111,0.18042256698801548,0.1852110785546761,0.0229542069847442,0.27334285516713297,0.039410587152597404,0.09203346182537948,-0.05671698436329213,0.1766694073220718,0.17383887940652523,-0.31182941391549346,-0.09860276894331134,-0.24761056573622278,0.05293255727612947,-0.17176796012531562,-0.10779949841603804,-0.2618291314366993,-0.18698379650301578,-0.20750401995378817,-0.1014742238112109,-0.19432204823727184,-0.021606693787388952,-0.19139721674228982,-0.24690641447254047,-0.2048582349516418,-0.2697427702930454,-0.12048961567008235,-0.18820545306575964,0.06764408527061017,-0.18075356794223485,-0.4154308633119273,-0.19585685669247802,-0.03304339778518789,-0.03847690894635925,-0.061224830157860836,-0.1026303091276754
0.4456471815283942,1.0,-0.18454749855547195,-0.18766671147802463,-0.1710729877649021,-0.21992296230155664,0.1586715774759452,0.12100810108846058,-0.15789361306935923,-0.040468253727263086,0.3622900710876097,0.5729433290654213,0.28088263523665324,0.5794307576100075,-0.2301808678727892,0.2067408118266882,0.09016594619127741,0.19052244670482654,0.012744898707739176,0.38993785932290953,0.06651127477221307,0.008392654999868803,-0.25401229828712313,-0.21243630157242369,-0.31862217258658543,-0.3920439733878415,-0.19347884297506537,-0.14778137438770247,0.10566958033028641,0.17620330775324464,-0.19096649432924423,-0.11193478369668985,0.27801633166452816,0.24189826410687265,-0.4168722806271364,-0.21983257507248066,-0.20211067224882992,-0.021032198209519487,-0.08940545345396934,0.18058199997393173,0.21626540265310215,0.16200447054406533,0.11555903886589082,0.1581497024913829,-0.10280444390267203,-0.05209840634833178,0.08325028359604708,0.09162382759765904,-0.17879734365492608,-0.07017352324515007,-0.29525497530233885,-0.15678505970357717,0.0143733684990303,-0.19668208962863767,-0.010429095918214443,0.19862578409813722,0.33521854139054874,0.2902491721846397,0.2729692387258245,0.18849320272045647,0.22946527176965892,0.6155599200086799,0.23766085136061169,0.2948976409770973,-0.4043972454828439,0.1319160868551116,-0.005773725556892654,-0.3662628382421034,0.4300664030577856,0.2694749771133691,0.10564253444574219,0.08853986090493544,0.13728472043288384,0.12222536642821318,0.04066383728977801,-0.12079274016877398,0.06248580196401189,-0.12830330732555958,0.11853232360619179,0.21801446106360794,0.07844608964908968,0.15121244477129367,-0.04276009206856389,0.1481998655964301,-0.17801930371702981,0.006085173213987881,-0.1628187026466829,-0.2259158256581156,-0.13233727083930005,-0.017014656516037927,-0.14606342607607378,-0.27058242930484605,-0.17036475436948895,-0.30488951097641376,0.09601431500959187,-0.011315691213984225,-0.09339448754943966,0.04284279776180093,0.0057844360004910165,-0.08038575863967835,-0.02808035319416818,-0.3186799854300175,-0.1103045424052926,-0.422564355107787,-0.4558088272771973,-0.3755298789382873,-0.07499566082607066,-0.24702795572758732,-0.07968519181300228,0.09766973598136387,-0.32309180301770773,-0.18732690427329796,0.06839046296002514,-0.13509916408702696,0.05109529402423021,0.03389755747134383
0.00303510373298175,-0.18454749855547195,1.0,0.5998884354164571,0.3173281586340178,0.22667422383283234,0.6240660824765017,0.4033627527113763,0.3046554822756057,0.3170815087807625,-0.05835984000028818,-0.04777166452640154,0.08148724671588653,-0.19456398354650378,0.006371212367897468,-0.08441491430661834,-0.2422751017948233,-0.13127037986739218,0.4361026542667655,-0.10647848709775035,-0.08648516590994614,-0.22977889075522565,0.5802357509565598,0.31410830222135927,-0.009779439609017,0.02692379364763657,0.033951077036391164,0.0374085854790253,-0.35822066929676466,-0.19744172581100164,0.35221298608703433,0.08232815410873501,0.043738835317753806,0.11612687738616007,0.14967932981339951,0.0775637275279713,-0.14305939472950793,-0.20573848958068594,-0.10866853238653526,-0.09910519149572168,-0.3973538754785531,-0.1674354571214535,-0.18650710501603288,-0.15136570746471092,-0.2550333994139472,-0.21051729413107223,-0.1520571895951046,-0.31082159594700615,-0.14941413229613196,-0.1603957441739294,-0.026379644792495063,-0.10359105253795567,-0.26291646989428635,-0.10250082821415403,-0.09571668358530967,-0.15377050513672785,-0.21272314529243777,-0.11061600828470969,-0.21081079633077415,-0.2303115974541009,0.3505959720216914,-0.09388999779251787,-0.31694481307186917,-0.2540590842993938,0.4994011311201138,0.27125697399703197,-0.3012357426126607,0.027286948735078205,0.011383806104878151,0.04932901233814744,0.022035737356232783,0.057169320032449816,-0.2580911013516938,-0.21786610064773773,-0.19258430056101647,-0.02123361108300973,-0.029116214290455255,0.0429064367620433,-0.2942384824500206,-0.09887148450530572,-0.4159930495224202,-0.40665017697065525,-0.009676306048025357,-0.12215492980469216,-0.08130231792516292,-0.07796704485817701,0.02204229930190712,0.245724514716037,0.4665813248481742,0.08840570689991967,0.024433354892724933,0.2252830392301362,0.5350591656406929,0.5153201296909891,0.06506512428778632,0.10110516159020674,-0.3578535285119254,0.011716375678728543,-0.21062212231957148,-0.12214492777686585,0.1182942387089437,0.174851012013151,0.0674096961455682,0.1084701255774286,0.09119876856950382,0.03140553130784136,-0.14016681104834117,-0.13075430497646814,0.05159873796007373,-0.02883161623153176,-0.3757290087394864,-0.007572934318255315,0.11975348264916559,0.2517115892552653,0.17631852685152796,0.07451701433000572
-0.21510386899030368,-0.18766671147802463,0.5998884354164571,1.0,-0.04770268371839031,0.35857885172150245,0.20855618710631785,0.5926750524504393,0.3214902883297849,0.40110666815799867,-0.1377051200572925,0.27118403382012835,-0.26208124762372315,-0.1525082977530637,0.14458302128189598,-0.017010075396237563,-0.24871202816164678,-0.08357064636416267,0.3090633764124391,-0.003788497140544473,-0.11702586131005026,-0.09161571511762986,0.41812287367015405,0.46356624592723855,-0.02689985342915057,0.26929403202736135,-0.04304657616245269,0.18894124669026713,-0.33837964018145533,-0.255534093236069,0.33719326528125027,0.36787914222337287,-0.0873319039699436,0.005748871219885407,0.2294575216217651,0.18792356942997596,-0.06209381138489763,-0.08092651667924337,-0.07959102325932083,-0.11463453320107211,-0.3314417313442191,-0.03909708009240704,-0.25489251972628185,-0.18433069195503737,-0.35214997561308625,-0.12170170717029062,-0.1680885015554812,-0.2856923228432597,-0.33974762205264797,-0.14264622072708927,-0.06408090083145003,-0.19195212764488617,-0.3716699540326484,-0.2771058064646973,-0.26188637555891153,-0.2634540332579192,-0.31560102194678663,-0.22023711431998266,-0.5273258190463173,-0.3618684655003972,-0.05931839878138433,-0.32342207853926264,-0.30634635357746115,-0.3613417052972476,0.5894481967823969,0.3884517405757972,-0.3261288657059282,0.15992633362488817,-0.13532070953717512,-0.008117757035659107,0.16864424667628505,0.23289122129575815,-0.3075492939455396,-0.17739284647041884,-0.19383281105948214,0.11040427255052106,0.004812526798765379,0.24262924779214057,-0.06722302636567253,-0.16163367767763293,-0.2255627505890377,-0.28066455425352693,0.03737499399086156,0.07029543663634827,0.1885560303998548,0.3459045317342294,0.022369529839597602,0.19136218748257014,0.36115330872504,-0.09217442680020964,0.08471645309730254,0.02879655023684434,0.7189246455318863,0.25408676277901127,0.011303539530829153,0.04167689758369751,-0.21388149022878386,-0.007502636094353397,-0.2444620538775105,-0.18105982433498324,0.05807059450822856,-0.04439874590056566,-0.15688851603020412,0.09726439229878166,0.0688483160654196,0.04988015333028715,-0.28884260352157926,-0.13715985161178684,-0.029731526924742967,-0.003171775852106164,-0.19384571062874836,-0.02313821478569125,-0.06004050233991855,0.12140977554572176,0.06756546849434084,0.016672761367274025
0.028803489425643234,-0.1710729877649021,0.3173281586340178,-0.04770268371839031,1.0,0.4451107063984953,0.3217873879883264,0.033529470638467784,0.3112724408262848,0.22301043862174613,0.13640498685518687,-0.23945770236480973,0.1655939337829739,-0.012311363205003225,0.05018774409071181,0.28512186086871066,-0.05951093136599984,0.09331939104234986,0.1794561166203408,-0.12236604118095026,0.016193632902169637,0.1298722878014288,0.07662249892110044,0.024874977987057376,0.237763082547052,0.19031385752953056,0.47849313710720154,0.11670998388444435,-0.030062873823345704,0.11872620668394084,0.3035320989396741,0.03689007545009963,0.06648196953135298,0.2313061965046887,0.02781599533633464,0.03375728989481805,0.032131828748291645,-0.12778024454423997,-0.03537278545695037,-0.07247859090933356,-0.24519857171391776,-0.11092966806721023,-0.30047023703077014,-0.3130964720023708,-0.11344308880084616,-0.1357366797904712,-0.3442145665674696,-0.3897024657151324,0.1573432572532848,-0.13734087718257473,-0.04002423770684493,-0.11935391154561752,-0.14908808573849608,0.11622062071559876,0.02778860665506372,-0.28394277542615637,-0.14513681220274716,-0.15917210392464973,0.07331507994458422,-0.17307110630869585,0.3641103196196402,0.06220706637958429,0.02383171993270088,-0.0890894497507284,0.12422433017801246,0.16024491516540626,-0.12949933881890122,0.023922234303685747,0.0065510722888929744,-0.0552417727199291,0.015757973940070388,-0.18337404694211268,0.15954277977020528,0.0588550314484482,-0.05772687490555822,0.10977416600492533,0.1132029390076529,0.04661599282820014,-0.2718797341748853,-0.1878550908371249,-0.35082327543254704,-0.3427290008170408,0.0068876943975619085,0.049880418051753715,-0.18516090139008073,-0.22080668324513036,0.1137234829268704,-0.005739464357402412,0.18854555645562376,0.10444104044677996,0.01739210643998353,0.09629495946262337,0.18335257349248943,0.32508389955410916,-0.032416679522949444,-0.02900973632901038,-0.23308100291924586,-0.0011504042885687727,-0.24274112883901355,-0.02583066726612741,0.1487100786008344,0.2965729266470181,0.09236948313753857,0.24906741956543885,0.2359410040680707,0.21448234478914727,0.18283152311547204,0.17372880531888577,0.04338661845655073,-0.060470886028105825,-0.06001495246226738,-0.06266389572613248,0.03928273614925996,0.09778465731195378,0.0382074983033627,-0.008223707527908112
-0.16615626415752888,-0.21992296230155664,0.22667422383283234,0.35857885172150245,0.4451107063984953,1.0,-0.06064476825548656,0.17082480685008017,0.06275831969886554,0.28407425061374686,-0.1251785758473956,-0.09430397451346732,-0.22651434825165664,-0.13002574648428225,-0.019849028820650236,-0.00833387907260954,0.004278266958692304,0.15546125644684428,-0.07103518138616319,-0.31879012387005345,-0.056082682219245866,0.3160205541870534,0.10761815639648091,0.2711916056019079,0.45941324310075987,0.6775573814594912,0.5331335004628324,0.4512851546951355,-0.12451144610478056,-0.016664362184435396,0.34310103445557366,0.28048902474223986,0.0592044592798618,0.008103230684624652,0.15868247098080665,0.13661719054971883,0.005018534540125945,-0.15944077371517168,0.07019070890769671,-0.0512878857959542,-0.1949823364365966,-0.1501003718426643,-0.2169955369720847,-0.20191306834786021,-0.2271946409659641,-0.09331283408697504,-0.20583127141943397,-0.3134255177138361,-0.12655993749262923,-0.22155224014367958,0.08268679109903146,-0.15652733566516097,-0.2433018518564476,-0.1574934818608063,0.03847705088257017,-0.3189421617147768,-0.027583453317277393,-0.05153541657236421,-0.17051894017847238,-0.12367432956775724,-0.03248118096415611,-0.1512530033386178,-0.0015023373395690533,-0.06364403871893859,0.20250401438394952,0.3453845903750893,0.007223937079521124,0.3024645550736666,-0.02620457091429418,0.0007526788235077353,-0.046345938438136926,-0.17000331686151363,0.13575725169882188,-0.03865984807347689,-0.24119233095337483,-0.19988373310927496,0.046451304749226055,-0.035269495059791836,0.05815235473260087,-0.056168160079922536,-0.15380337828563864,-0.2097938131820838,-0.13988521116494784,-0.07601118033154923,0.12564981543223436,0.19529381238011911,0.16480156129671208,-0.09701098314524544,0.21655804537636694,0.016140894798454025,-0.19146451176409268,-0.21298373508999718,0.27816681391612874,0.12811330218966938,-0.08748626649313221,-0.09419378016664502,-0.04398249072540618,-0.0839710602151832,-0.3255621371858684,-0.1748548837392203,0.10180023967851308,0.09643060331128171,-0.1458487931192018,0.22568436226274008,0.11996209232611824,0.13646234893755865,0.04585073366127089,0.15927814462470816,-0.2272044120790983,-0.08494368991863244,0.07599803906867175,-0.07260173073491852,-0.044066505859793555,0.0017457531176708688,-0.019383660941493925,-0.03172720802684306
0.08605370472912863,0.1586715774759452,0.6240660824765017,0.20855618710631785,0.3217873879883264,-0.06064476825548656,1.0,0.5195470650500926,0.1318750564391705,0.16945117482119204,0.19153477514210238,0.1479886888295237,0.2557993233936699,0.1445199245411707,-0.11735780369680456,0.13380211014408025,-0.10029517996079541,-0.20173606203207303,0.11023856671346563,-0.08265701368973528,-0.07998794412183814,-0.12576594892092285,0.09003425823696033,-0.034297830550047766,-0.2721481981592918,-0.35318248661538654,-0.17596795117528533,-0.3766127341777422,-0.09842188139208698,0.06487681423455198,0.2999945053612493,0.061905620499955794,0.16452701269924552,0.3581680213112359,0.01455782979536669,0.10791944285568364,-0.09479354178660379,-0.08461440560508192,-0.14380080608611032,-0.002286851445548101,-0.04159850094794667,-0.008989774575518784,-0.15996649435270943,-0.14895150248314085,-0.07621352143663489,-0.04953798802711133,-0.2817878356704316,-0.29739871868719037,-0.15646497792692407,-0.11447806559327077,-0.21429158794784411,-0.13917245792637842,-0.1267548914134262,-0.13763956363890492,-0.05096266862863072,-0.07551346843637044,-0.1755055297093159,-0.17266947320994996,-0.11217733655291422,-0.26266520186234615,0.4155427282652426,0.23522256520172474,-0.07735063313878965,-0.030235960482125106,0.12453186656719617,0.28574423410616745,-0.3213099118688946,-0.12124708505574366,-0.06962022081318656,-0.05381071578000829,0.1750806247534666,0.16145474339173885,-0.013599340891304622,0.13039406932945835,0.038712169021811564,0.09812192204788575,0.11065970274564234,0.0404196380753931,-0.37749796125944146,-0.1393405533952234,-0.42138266258671914,-0.42063212861282107,0.0988314199223677,0.14642893447424177,-0.41339349752378046,-0.21366175997811726,-0.2168797293068314,0.22840998968372547,-0.09446298839647775,-0.029068151934940428,0.19454869457623733,0.2858162541103433,0.28737363366726065,0.23277561775924438,0.16598268924383983,0.2113575579892751,-0.3701109211362191,0.17155260912489614,0.004316211400722867,0.08131932830317941,-0.10855596627198301,-0.028217325108734283,0.03072498186392658,-0.08190612361063365,-0.02680555117783552,-0.05179062840238202,-0.13981931068504028,-0.2597419304782073,0.16374627264866698,0.09180213581671781,-0.4233002356848299,0.026271659397661393,0.1373232947168243,0.12746883012072718,0.1873798380722169,0.20773775031168115
-0.2901897864448235,0.12100810108846058,0.4033627527113763,0.5926750524504393,0.033529470638467784,0.17082480685008017,0.5195470650500926,1.0,0.1152776554500072,0.40191766165265097,0.033358905806817364,0.37117463988412547,-0.09903669372247932,0.2682135593493,-0.3370667485253432,-0.023204422057291788,-0.13776958341767062,0.013930063740031086,-0.06322524123334627,-0.11837348570683957,0.032996049284745296,0.015307122068290421,-0.16578663842505173,-0.06797738242713032,-0.3710089264451977,-0.1809078947585558,-0.21666759158310953,-0.3643858985116839,-0.14898452737938925,-0.01375455693960781,0.2760569798357188,0.31142015429654507,0.09336365862699997,0.3539599327280272,0.0166066099271631,0.32664041681689515,-0.10436233919950591,-0.03229259994487579,-0.21565998515015422,-0.042809433612316775,-0.09815551954753846,0.09965640952718628,-0.3731456314047181,-0.3416865926264481,-0.25602641343850185,0.05787683318927222,-0.33811613981261124,-0.4095483973679506,-0.3114501271694121,-0.13222775683466187,-0.1507334218034298,-0.13955662497953705,-0.16294781481917783,-0.2165797518391575,-0.27783918460632556,-0.2830368411101835,-0.25212003108070075,-0.2627431758021887,-0.23663860169956044,-0.31835398551745125,0.2746999531489029,0.12384775332738028,-0.011549864195678121,0.01446758425165654,0.2161339878290096,0.5912321457963938,-0.23834561246676145,0.132884639719963,-0.3007778504630706,-0.20434476053531078,0.3707760324020921,0.35380584627565237,-0.05568099650807309,0.21954247519519385,0.05660286080474992,0.2524682462703325,0.2061406116633949,0.22224492829470507,-0.21781190692634264,-0.15907723801765977,-0.24218505466843093,-0.29707345024030957,-0.049376700655899955,0.1220720682073467,-0.3579464157558152,0.17662348425880336,-0.33808598249207744,0.12044111749043454,-0.08776777236224606,-0.23014519631674132,0.2620534137873734,0.11034761334849126,0.5599444962574777,0.007532550357470906,0.13764324555221,0.09193813082493345,-0.3279623452243169,0.16297070427801408,-0.0710381213494414,0.010921356887579566,0.043467203453842806,-0.15786875862554467,0.0849911108386245,-0.04480786156543268,-0.043085104132259376,-0.0758960134627659,-0.11175079970371006,-0.14318853968871773,-0.08364181859671935,0.08667874458281835,-0.2915051515017215,0.014923684933272726,0.1341118457021852,0.08752708027952413,0.13067575298836115,0.17532103520267958
0.20160114829821393,-0.15789361306935923,0.3046554822756057,0.3214902883297849,0.3112724408262848,0.06275831969886554,0.1318750564391705,0.1152776554500072,1.0,0.7328306891765408,-0.04342773881829262,-0.040012018974614684,-0.025830418006652024,-0.020645039236141177,0.2339328006624843,-0.001043360296212869,-0.18807557268748926,-0.10373995235645815,0.1982743231078728,0.08334577839987782,-0.09592677126474293,-0.3859845576082295,0.3554852992350808,0.26152574808372914,-0.059093100315272984,0.02243611050950764,-0.13537471453568084,0.06363700039898866,-0.31302394929235244,-0.4848405778465832,0.0011956902783799427,0.01690515426374693,-0.25645651144901854,-0.10355365666293066,-0.1604973705310743,-0.06313090120764653,-0.2246764514500827,-0.20595284902297953,-0.37180063176978484,-0.23305678654106443,-0.5192485832592832,-0.1042743718962646,0.03500899743829698,0.02036084769217088,0.004596884387832038,0.03187704762510857,-0.24398526338415633,-0.0017468875994665746,0.19267742923979203,0.19217324074688544,0.15028262901166883,0.08723948558647876,0.052248506590650216,0.1688117426123251,-0.38238841925615447,-0.180142167597333,-0.0012712652543507268,0.10648424702094493,-0.1115542885329691,-0.043874121710778126,0.2577266082886074,-0.033764047262355504,-0.3606422558685426,-0.297150602636248,0.5716865029966944,0.12640813242732013,-0.40495759677601667,-0.07304507404862948,0.016617275816046287,0.1863989111450465,-0.08783228384933167,-0.1821183507951767,-0.4524467733424911,-0.45445142614160156,-0.004936662428474679,0.14741017992124567,-0.2169639106462786,0.25911805974095264,-0.023381342424609826,-0.12346841111563944,-0.24238943243155867,-0.21014115149615534,-0.06824839428408472,0.018303593948324034,0.10413941337716474,0.004809520014365943,0.023620099540547373,-0.047545103801880526,0.40286228946354263,0.07844813210215155,0.1857842695472174,0.19182934874641666,0.4669403080420153,0.42621765325120714,-0.3390634934764867,-0.12279516241559237,-0.3248712912536263,-0.16512692958443925,-0.30893563179778627,-0.18831816783094452,0.08933799517778215,0.07104385252057091,-0.12793841351208202,0.04543084362310783,0.1360289359988164,-0.02674226978776005,-0.18958277180814373,0.10099068460639538,0.03875226772429431,-0.2213328402719481,-0.09363898069202553,-0.13955553978504592,-0.2992438433059708,-0.08539372164442598,-0.24473081748576714,-0.37956045953605566
0.00752879283594206,-0.040468253727263086,0.3170815087807625,0.40110666815799867,0.22301043862174613,0.28407425061374686,0.16945117482119204,0.40191766165265097,0.7328306891765408,1.0,-0.13981304314340037,0.05340680696516337,-0.08975332917387252,0.11294730872923192,-0.13531864384280048,-0.059365693889659864,-0.10530468035162459,0.05549541338775569,0.016572765159907795,-0.04561859872936977,-0.05525007351853366,-0.34384113418248774,0.16153001721351687,0.10707095010260181,-0.10988138787335562,0.0418163835597988,-0.12104956221987137,-0.06189267677886851,-0.35885495613379825,-0.36472899028859523,-0.02352132559743819,-0.007926359858024616,-0.20414227504382493,-0.027036568829767276,-0.22610251438771495,-0.022997696834311875,-0.3434785286352768,-0.21716524224285766,-0.36555083398759447,-0.12238932490034575,-0.46686141250954527,-0.061143050297850804,-0.014049803136006785,-0.01846765864862463,-0.001863508560046709,0.1348972321026029,-0.225929778951714,-0.0852031612771961,0.14488888389352417,0.24628151983978647,0.1500519744905616,0.15966850301501948,0.08466152881597543,0.08773471627345025,-0.35464596313154045,-0.152483289617773,0.11731723074219969,0.151191128359459,-0.1570682345119046,0.0074683307166537065,0.23073009590665425,0.07284154383508534,-0.2079523481272026,-0.130952181052064,0.41056103164810126,0.2560514227404575,-0.3667709926856114,-0.0017958788184272109,-0.004609528052992242,0.22640917000428443,-0.08032883552806755,-0.1970721038354341,-0.4187501132096085,-0.36682177870311744,-0.15555862395634648,-0.04585959916708313,-0.2767416915603635,0.022331521901784935,0.015812329632209264,-0.04515021462799345,-0.22391924162844082,-0.21122200267927665,-0.21514876286756862,0.020750872216705223,-0.0324002042481716,0.13470031016853443,-0.07209521165822112,0.0013977813618444984,0.28308093600030504,-0.01943224487149109,0.08905301156299192,0.02361627771948932,0.4580624665478156,0.22259655619616286,-0.23527099874433807,-0.06862216452063313,-0.3142222934812416,-0.07834440772862462,-0.3304836142024368,-0.17904167786809866,0.11948063596098676,0.053045327025058944,-0.12650464535714484,0.06608207210115771,0.12652723326217344,-0.011395817509513743,-0.21331221499343755,-0.007636268246614657,-0.12320365363421742,-0.20658085489447964,-0.22398826549000325,-0.15685325886973947,-0.1579388104282589,-0.03685555812186924,-0.16191713598237967,-0.19604920506936616
0.43151937464447077,0.3622900710876097,-0.05835984000028818,-0.1377051200572925,0.13640498685518687,-0.1251785758473956,0.19153477514210238,0.033358905806817364,-0.04342773881829262,-0.13981304314340037,1.0,0.5341474732626774,0.5817309140080819,0.5165321082784177,0.1531056411946139,0.3283052023433657,0.36463339298302083,0.25723509768508396,-0.03024651993903483,0.1730305427274912,-0.3500788690536483,-0.14294805656822399,-0.19954688408531726,-0.18522931726256617,-0.2333962422353078,-0.21590092138241987,-0.20384996966505986,-0.28612374872485163,0.36997727497199834,0.20204842373187112,0.08392798847442152,0.12112600943390914,0.2627786271786311,0.24916182827853028,-0.2599879806562295,-0.1734554846891086,-0.04488933739763567,-0.3476500912259677,-0.1706353118950026,-0.21630125524400645,0.012095943374704838,-0.19772268988388325,-0.14745834497583843,0.035742504797519996,-0.22985674517686625,-0.2471301670751586,-0.08573291266947462,-0.1781230078953173,-0.13330826236160642,-0.21726993780151754,-0.14069071706168568,-0.2626597563252825,-0.2004139818486093,-0.2075660625535342,0.06281765551297243,-0.20411423951663354,0.09049732980246451,0.0383744730335273,0.14290110346726026,-0.1155890683790961,0.37140799082020165,0.284482134026334,0.4245656808115398,0.21241114524218727,0.060007756249824296,0.13763801511360074,-0.1208876828099932,-0.17963024642754225,0.05124685281909806,0.041729897817883256,-0.0673089134989518,-0.1138594557077215,0.20241120432742055,0.13920311171465466,0.09549509988821202,0.08630003836840451,0.1714239121753587,-0.1246989889254102,0.11766824327606083,-0.09766653120110934,0.1839554165609388,0.018161420693474834,0.15839000437837036,0.08668216687324705,0.22441813914304717,0.15712190524749634,-0.18555144609645624,-0.08662415038993487,-0.13174427400531807,0.006944458884727055,-0.1832633100095121,-0.0998542579201265,-0.06936868348422319,-0.07499506111815232,-0.056734736208433396,-0.1324548032652981,-0.1582187193136897,-0.03285012654650476,-0.07589042595505355,-0.04243584222297604,-0.08898592021510202,-0.019511024851363936,-0.045025285865292586,-0.11849711818521584,-0.14543837319103634,-0.11339141576726088,-0.06512701635521524,-0.18153128231066007,0.04847057276234799,-0.23833596461982448,-0.23943875931532047,-0.07269744519262791,0.15985741001248388,0.03550496300629794,0.04734747234936789,0.18257059691533034
0.1485712397765841,0.5729433290654213,-0.04777166452640154,0.27118403382012835,-0.23945770236480973,-0.09430397451346732,0.1479886888295237,0.37117463988412547,-0.040012018974614684,0.05340680696516337,0.5341474732626774,1.0,0.3053733438814672,0.5592491234513622,-0.0457351707135093,0.25533738996791794,0.12578218329895752,0.18421437618432082,-0.0984332281963274,0.15907953151175844,-0.21003727677968964,-0.1488961921166881,-0.1879051715902994,-0.05890602231160054,-0.33544316272094943,-0.212299360796839,-0.3289359358265029,-0.2982302620630799,0.09414748966998032,0.04899302369907055,0.037230407304698496,0.24209476898490837,0.18561113483151587,0.16869194491920309,-0.27477044775635107,-0.10082744230634946,-0.00028399857353145344,-0.19490057466122254,-0.11253188868752262,-0.10399569652823219,0.022405103809277217,-0.027858925239824223,-0.0988864525318922,0.02967345041761709,-0.2404312646169237,-0.05466733480205235,-0.05860977189007561,-0.18515006384254104,-0.2363144328273907,-0.11508327720388316,-0.22115684558859214,-0.2802341644031062,-0.22167437000520052,-0.3303151503099961,-0.07318765338101167,-0.15006950828696763,-0.009807424399318565,-0.03360297684055001,-0.050821884127097795,-0.10047709401363183,0.06572548098722672,0.22265913860241907,0.14893278894101594,0.05507618261306565,-0.01620061707057285,0.3923826789907017,-0.07012263890995558,-0.06753464112898552,0.04732140831679725,0.07614042776974103,0.19458517554022145,0.2011981972921676,-0.06747836323949845,0.1743734455130328,-0.00893375914809662,-0.015884331025645796,0.15254300519872382,-0.03314246929390553,0.1576672097100806,-0.025983899402661163,0.1251789558207597,-0.05294255439978967,-0.08990900515843922,0.1029118759098399,0.10498233341491013,0.27782333193920405,-0.18644231361380761,-0.1479338104463948,-0.12351568537761447,-0.14932750376051546,-0.06257100312767283,-0.15795713307212333,0.26582536082194447,-0.14233401110074326,0.011729194552235133,-0.04325750489903526,-0.1467985366659086,-0.020242689263031015,-0.029908915282313996,-0.0368593926579848,-0.038685378627563896,-0.1671041958318586,-0.16947895607183355,-0.19971997495485766,-0.20629991276400883,-0.17776198651608108,-0.20920945662597326,-0.19404974015215012,-0.09590734389455924,-0.131640908206582,-0.31633274476082374,-0.0844315163389825,0.14733077611631093,0.14986331541851677,0.13902641192139087,0.20796862644180333
0.25365374053117906,0.28088263523665324,0.08148724671588653,-0.26208124762372315,0.1655939337829739,-0.22651434825165664,0.2557993233936699,-0.09903669372247932,-0.025830418006652024,-0.08975332917387252,0.5817309140080819,0.3053733438814672,1.0,0.6460501346810583,-0.13091449222336224,0.2876274279955224,0.32183931800615556,0.15379416846588592,0.06763136947135609,-0.16040348257580714,-0.20985485849651503,-0.23655770158989903,0.011881580517288737,-0.1430807738491532,-0.10230709384386905,-0.23910102050476864,-0.11020721679745975,-0.2770997630530755,0.10539284045305754,0.04468323104824339,-0.06688943598380531,-0.036606307228018636,0.13969360234339911,0.1374514543972076,-0.2559943105683593,-0.16514676445005075,-0.02688050693169359,-0.2597456442505735,-0.21064292822671546,-0.2727748646043472,-0.05145588118495783,-0.21155519097666936,0.028914505282117718,0.11853380746960071,0.0032156735071474886,-0.0773165649587321,-0.0010516851622022526,-0.08615993243693142,0.1416382803251834,0.05575675518041354,0.036259774931900975,-0.06093077457051208,-0.047412350975372025,-0.11741652271146742,0.17739581523113954,-0.08611561365325929,0.10705267206862018,0.052794805812262646,0.22823980933580368,0.0026858160876035288,0.2758842611548562,0.2314167946874566,0.37255894100385056,0.16957034717868374,-0.2348302485863104,0.030340462564841724,-0.05158777640460092,-0.17801373960804467,0.10847847324009313,0.060145782826522394,0.16401175370009075,-0.06814916311141464,0.017972821251161307,0.009320253311291122,0.13225438934221023,-0.004117623326845276,0.11631334377497232,-0.21978363925136635,0.04670243552677828,-0.06456572413898456,0.1549144253527276,0.0035262809050490597,-0.25090285210652524,-0.31574447019222,-0.1374524840985296,-0.3681680048155656,-0.1777793630575964,-0.11798027656989868,-0.12116262796906394,0.0016372534276200897,-0.05948670583082655,0.11875878184002055,-0.03476659995531905,0.11496182324343296,-0.1480725675149518,-0.20419412307916832,0.00284350865875217,-0.09069482471387857,0.12510149064390644,0.08148036473769342,0.050240670316705885,0.12532728389681663,0.04983880435207574,-0.024316942104483433,-0.04365480040742085,-0.08514620433814327,0.010927028187415394,0.038908278336242184,-0.03569214274811162,-0.38679152638600567,-0.1599273976869722,0.009109554817028569,0.20212016850468273,0.22361226193092798,0.1246281060641143,0.23208687882181026
0.1775365931709666,0.5794307576100075,-0.19456398354650378,-0.1525082977530637,-0.012311363205003225,-0.13002574648428225,0.1445199245411707,0.2682135593493,-0.020645039236141177,0.11294730872923192,0.5165321082784177,0.5592491234513622,0.6460501346810583,1.0,-0.2870594901417289,0.33284437505058295,0.2750027469979446,0.33656644059838253,-0.12868559568402246,-0.057283691194363176,-0.026242286066830857,-0.03634081705129602,-0.3224299200670703,-0.334768150475139,-0.3117905294170893,-0.2989286729172676,-0.1267398753685773,-0.3324475901929312,0.14189200325449736,0.10212995818432893,-0.1423016097079709,0.07054620578838953,0.110643026504152,0.15476206349795,-0.39482352624458017,-0.047257499912474576,-0.12401857430068122,-0.19788847646315977,-0.19752139351849357,-0.10964460216674948,0.06282990807958168,4.7528529469721494e-05,-0.09629351598011551,-0.009838523598018909,-0.08748713121226954,0.013525695040537588,-0.14236112962321446,-0.1420184594314546,0.0024256650215162758,0.021637026313129217,0.014525586221331831,-0.09594448369056999,0.03779661815708423,-0.2469946433433594,0.04656486805671414,-0.11831951996536219,0.1582038550873857,0.061360284050880516,0.24918318918342586,0.041187249823239444,0.27928549672568115,0.4990189188801041,0.4755033237745629,0.4042431324255159,-0.27568212460474595,0.2725228881038089,0.03287153739099677,-0.15536379948413728,0.006826550168984076,-0.016413026458985066,0.3204277018290202,0.1040340635764757,0.05726181303023167,0.22330861916063552,0.27461461774838414,0.10220670257068129,0.1792815425789832,-0.1627939453916281,0.14035104324466097,-0.03413236234425534,0.15839226331327852,0.08993004634190803,-0.2432055943530483,-0.12400085604262304,-0.22018443947422614,-0.08552302662986352,-0.20651054288203388,-0.27369684523962945,-0.2327765944502407,-0.04389380972656534,-0.03916549820008761,-0.04850826741259013,0.03131527498126803,-0.14174939027433262,-0.07394175187347006,-0.2197336868630385,-0.1103006146344125,-0.0590081657410595,-0.002170595316186079,0.0053413637787223574,0.07055979043594182,-0.051501080838481046,0.060318462891080386,-0.1763845854769982,-0.19674064211230638,-0.22717321553458378,0.07775653417904563,0.045810596387593876,-0.280017633371526,-0.28662241470731464,-0.20082904639577998,-0.16329656616188543,0.09388799157929338,0.07813508638181779,0.08129088221676624,0.1686887132818224
0.3229464757468349,-0.2301808678727892,0.006371212367897468,0.14458302128189598,0.05018774409071181,-0.019849028820650236,-0.11735780369680456,-0.3370667485253432,0.2339328006624843,-0.13531864384280048,0.1531056411946139,-0.0457351707135093,-0.13091449222336224,-0.2870594901417289,1.0,0.2803395602381471,-0.12760493783047797,-0.24536877390633258,0.2104610763334628,0.34298437885204713,-0.1322337606113117,-0.05066420880261472,0.3857368530952881,0.37074482499818817,0.23833644182052152,0.20803470752238473,0.07556837599987884,0.2326153765868299,0.008304883087603746,-0.0925391705098569,0.18704336431669902,0.1078082518321176,-0.2860959173773255,-0.32722714009652926,0.1852774479082276,-0.17422153372650837,0.18120961153923917,-0.10746922555336073,0.17611280500858328,-0.09205775723968802,-0.1001368578790058,-0.09492339363719417,-0.08522283896158372,0.015629693205774207,-0.24367102349906208,-0.350387881619332,0.009069400592744947,-0.018078216837805923,-0.059516888511280806,-0.09321001062448725,-0.12965154590503947,-0.11515172598774683,-0.21587447656115857,-0.06296427201248322,0.08673456351590987,0.03947925463587407,-0.1396801763169493,-0.05467442979352945,-0.2360491237208587,-0.08604823021383609,-0.17749895139625893,-0.2642563230360696,-0.2254222094689536,-0.2569471279012534,0.4361990959151997,-0.2245340962287625,-0.2371396698627655,-0.07425190720459236,-0.013184590133591863,0.07986088494564104,-0.19346940376593463,-0.0926226034457597,-0.07910697088592657,-0.07010652844488788,-0.02939876137422343,0.14979395273320337,-0.05446307960889041,0.061777099329906195,0.009010143289404218,-0.1575762147787432,-0.05847870599854224,-0.016069123637056967,0.46566157510875134,0.2794547200939844,0.5716862867946295,0.16700493547439677,0.2933008686667263,0.024602398130108852,0.2715692382305067,0.2057482958155355,-0.02143729202246311,0.09389472890461514,0.07695272014693406,0.2486056705157251,-0.10792638158324216,0.05430935994969833,-0.09744829325806377,-0.07805401443679164,-0.04341750986780565,-0.09890454800939975,-0.1454936263447543,0.0300993806143453,-0.233396365765608,-0.009354262384159472,0.04476583083315422,0.08321318533738033,-0.1751067181301504,-0.12442150078257631,0.27770010839894066,-0.030130459274981473,-0.022084575297459334,0.08510594362809563,-0.17991564829020706,-0.02901037102594756,-0.0912136291599819,-0.10205128257541778
0.11932496471562641,0.2067408118266882,-0.08441491430661834,-0.017010075396237563,0.28512186086871066,-0.00833387907260954,0.13380211014408025,-0.023204422057291788,-0.001043360296212869,-0.059365693889659864,0.3283052023433657,0.25533738996791794,0.2876274279955224,0.33284437505058295,0.2803395602381471,1.0,0.0386350027471818,0.09564010319117336,0.07227635825584693,0.12023112399553534,-0.027939143179369474,0.02410605909366621,-0.11318789057861707,0.12279448907327126,0.1627197244430878,0.0974483655823887,0.1366565259154549,-0.0546209728200823,0.3231511651333456,0.3582794054996222,0.3534142985793347,0.12617916768826207,0.052630586238667,0.12092891336425526,-0.13000503547573253,-0.030278776137190284,0.2142482943535163,0.009003917250333882,0.00330388210608195,0.05033779320465939,0.13519764202505896,0.124560385320804,-0.13659233925677614,-0.05422351497107828,-0.08058774770973412,-0.12702521330431665,-0.16963989261167736,-0.13104365357513742,-0.03378084548265978,-0.11072593833114913,-0.17157643305889528,-0.17917178775063727,-0.20282776456698798,-0.08041879136273232,0.05128699218568159,-0.008359843247667911,-0.16213249040337518,-0.21739619235476876,-0.10534557364903858,-0.13920956257155973,-0.04108823323156316,0.03600264752255292,0.15862428257539105,0.04320325638824399,-0.13612328433066037,-0.045375969271302045,-0.1927827747366488,-0.1340560308470744,0.010093285636747508,-0.0029135179236031415,0.21829231820906878,0.1015783822703929,0.27963234428020256,0.4514454164855421,0.12745066395789312,0.1941389867125564,0.2557587842676296,-0.01778658282228367,0.1219472389168281,-0.07396248214304506,0.05910935335868328,0.10544130989864452,0.11261477203902577,0.40766123021899164,0.02428123652157503,0.0017234731249806182,-0.02454106898245903,0.1528022601206698,-0.06419551821272818,0.11685362664047268,0.09590331337697973,0.015348296642765262,0.06036932887385662,-0.04359339460405747,-0.08566461476299474,-0.060281217044441664,-0.03901886980193539,-0.09218322475210065,-0.0047828778705614125,0.06199139346040178,0.02318804921594173,-0.02171506632258708,-0.040696916146337477,-0.1678655969105526,-0.1844531473929933,-0.15303615656107986,0.17930661190897676,-0.016280532729634516,0.0028610635377218185,-0.11697121044219336,-0.04185331713393615,-0.1482456592085548,-0.06874414922861263,0.019907606498128956,0.006071549726946825,0.036503376552136486
0.20245400840433853,0.09016594619127741,-0.2422751017948233,-0.24871202816164678,-0.05951093136599984,0.004278266958692304,-0.10029517996079541,-0.13776958341767062,-0.18807557268748926,-0.10530468035162459,0.36463339298302083,0.12578218329895752,0.32183931800615556,0.2750027469979446,-0.12760493783047797,0.0386350027471818,1.0,0.4980532633162464,-0.3186994962766503,-0.1362642626293416,-0.43323411255827265,-0.0972930720745442,-0.2272295492848383,-0.27795307841276146,-0.006939575855550422,0.048796403409896626,-0.1568936111736013,-0.21408797585346062,0.5179489032905965,0.16829244310157968,-0.015482955391370637,0.14481311663195928,0.31250085115505577,0.09591926357282383,-0.25523524621166005,-0.16174106499192034,-0.033132302732170625,-0.30111774853623857,-0.06840988113026841,-0.26702881709508847,0.04180889253805115,-0.45324148507110756,0.333887385551417,0.411219477097953,0.20039839651727723,-0.030197504761150688,0.4103685710450582,0.24328701501253283,-0.14646695012574523,-0.10530423751804807,0.02725667777460376,-0.1061511410214907,-0.07752338668185353,-0.1727782377137708,0.14818706506489931,0.03086744256622953,0.5849056291350164,0.40967449047664334,0.00839932511783527,-0.18622222499173413,-0.06828990963386994,-0.09753075148902363,0.5156205333279865,0.42804084890394706,-0.22441988917271855,-0.2697864173326476,-0.07126333894783375,-0.19957367636088968,0.22253401085463212,0.2897551335538366,-0.13587309993675686,-0.38864859531622353,0.3636113646969126,-0.033511631342793606,-0.008100306505118641,-0.2773957763807067,0.00804737296446591,-0.31293424432075917,0.6144700943401492,0.41825952468487926,0.7086932941724015,0.6207536404062169,0.03232724858760134,-0.14775072645244464,0.21064255302072077,0.2416973797087338,-0.07387535683961904,-0.07708752541631032,-0.37219093602785897,-0.25568370879031593,-0.4500996256702925,-0.4346843499033262,-0.380158804585837,-0.4409884408576188,-0.3161603391265102,-0.14005239359274085,0.252404414553177,-0.15499803063549172,-0.011477533722275382,-0.03191608481463044,-0.3205355900875625,-0.15657841331867162,-0.1501139914203088,-0.1699013782502314,-0.17089677426765018,-0.08504159947949148,-0.06189557191106182,-0.206611139760238,-0.19167220714198277,-0.35744131492506037,0.014047152660410539,-0.01523917612038521,0.1243724181082303,0.07817863773722258,-0.03382402413683137,0.1932760287248429
