1.0,0.5562313149140773,0.20905547452119894,-0.33519552678064973,0.25647471192052645,-0.27733657378114523,0.26612646002580687,-0.031108523152569654,0.29164386987142493,0.03593102537867378,0.4874292648197724,0.24663627915614014,0.5800178150189581,0.4057195732773149,0.12151134492257985,-0.3674619319408007,0.2847283326832643,0.19787348563655485,0.5209568144952318,-0.1773477745055429,-0.2664837010076764,-0.4105922915494477,-0.21137697265901723,-0.4542783931107099,-0.5532630607869872,-0.6006801622400769,-0.19411206072567433,-0.411431005900854,0.17778536007590898,-0.15440733954788385,-0.36523219063695633,-0.549627619126491,0.06642687789486466,-0.1293577833071345,-0.09012164325897261,-0.17214361945012246,-0.16773975207007932,-0.31288439918843397,-0.09506426210863132,-0.12153756021514836,-0.17866580333704485,-0.1338852969772619,-0.24376468275289392,-0.21108358149499357,-0.3163122943089134,-0.47766082842475355,-0.271904354018059,-0.23457417752050136,0.1791274733382929,-0.20039562951519746,0.08781870039727406,-0.031400494589683664,0.48625998051028824,-0.08000789065452851,0.005264219844283204,-0.1361616157828659,0.24989725329158105,-0.017934263098237736,0.5976323461921543,-0.08188849967063973,0.594204303553116,0.42931373937338047,0.29994955038617616,0.2197167949439297,0.09150842053685121,0.30303034909735294,-0.1474849589701931,-0.4436529934952759,0.24140478584258243,0.0009113186953406181,-0.15653278554393693,0.06564503462508166,-0.00700790791657936,-0.09813188099010746,0.15560028678442683,0.07485476103006394,0.08179629806449802,-0.05820622933227696,0.028334828059154563,0.06788091884155222,-0.06067895502849335,-0.11390657005475731,-0.1735045753240048,-0.16509437533314228,-0.08648224423575833,-0.17363859284030272,-0.16514722814771418,-0.1515436126649805,0.05951231449539893,-0.01582736539179228,0.011528505039229303,0.3586841992305294,0.17056786154526823,0.13084243766539824,0.011304094267491198,-0.06929163282867566,-0.10517934368139319,-0.17166466496324592,-0.06632402479891292,-0.06249053430886341,0.004221050913115845,0.13386860470762094,-0.09010854198031427,0.1014652127881925,0.020463760166548647,0.006865446530141787,0.05337469054217642,0.008003304795018146,-0.06227502349171808,-0.20473895082632917,-0.13661752369797192,-0.1429094373970472,-0.051605413268200936,0.021810248577999587,-0.07024417242874192,-0.10491558034766871
0.5562313149140773,1.0,-0.18136154064683005,-0.4207985805309057,0.07749311572023657,-0.23681596072274208,0.06449687411189951,-0.09960592227056751,-0.0009824460081001584,-0.0458982697462742,0.3380262343136943,0.1505788327216731,0.29382233362967775,0.0996129628558716,-0.09425865266028244,-0.27876826164850826,0.3097608157001343,0.28788774183554483,0.21434943871732237,0.15731397290681318,-0.30816308886099913,-0.3496997871519139,-0.3707939124794466,-0.43858929399729246,-0.368550748558081,-0.45612850049660625,-0.204112642456429,-0.28644868697580234,0.1126570894798039,0.16976740644985153,-0.3331904238357206,-0.43024859131232485,0.16837919061942122,0.16902569688732422,-0.07122234406602403,-0.11959672926253624,-0.10947486914661182,-0.249072020212523,-0.10789132475431165,-0.046522867277027834,-0.04788798659386441,0.06300785658410867,-0.31042850414637735,-0.3917794875943071,-0.19000593696676393,-0.33306387717503416,-0.32260761289804823,-0.30735738173096905,-0.08322902083112886,-0.1632238718990828,-0.20372345711691517,-0.052101024133304204,0.5059572965590184,-0.11300037291271088,0.1155847563500888,-0.16000312377320386,0.33249680586327973,0.47842104662843216,0.3937025620284258,0.19600031434377152,0.3219326462852555,0.4079846456658891,0.49051969704374754,0.4674105924568507,-0.2248227331754385,0.10066965640247641,-0.04574737020671981,-0.32720616467974134,0.35086427377151674,0.23478421277542633,-0.2647581936723136,-0.3134568642840861,0.14959327356865668,-0.0276103782198662,0.09538467473919342,0.017536617258441533,-0.22111412317886597,-0.12290645774889501,0.03705980322452732,0.041210369317855294,0.22581011794732112,0.1826236075549818,-0.22383500588399743,-0.08924805573088032,-0.029964034168430104,-0.11598433445705894,-0.1899879402426108,-0.23570428725620246,-0.12818605057415083,-0.12261490626185848,0.06429436041963361,0.131197216375957,0.02372409453869598,-0.06970526070483776,-0.04985792907329583,0.055042180660156245,-0.17828958890982377,-0.11012131520535563,0.23921642802467352,0.06858751708339589,-0.11881624104752345,0.07780229499013251,0.07178668893000227,-0.0035839756087045157,0.08232107518052656,0.0796014381294998,0.1666078937782858,0.12048606716784539,-0.018886754734492337,0.05751688332809692,-0.23853912310834036,0.1279783268347522,0.04293509158290041,-0.10949835923892833,0.01831272571029632,-0.10880930187399403
0.20905547452119894,-0.18136154064683005,1.0,0.3876583041945814,0.3234120547872415,0.07905316103624342,0.7666428888847651,0.52855792561059,0.31989234410721995,-0.020779139203017646,-0.07986105879410106,-0.044012441934839205,0.11384001532476849,0.29181797812185334,0.2508328322329634,-0.005532462486902134,-0.2449751916831646,-0.17310568614909505,0.4605096211807546,-0.3422001688238482,0.19084704049629556,-0.11364550587537334,0.4862912914035629,0.2736044803903142,-0.16196269691391935,0.03539555766245539,0.24674604891406499,0.08381164876763855,-0.06647051049369816,-0.2067369513315572,-0.0282853809771196,-0.04599034020300028,-0.07276655706194085,-0.17222490925516484,0.08819244919692151,-0.033586535964824235,-0.3041466325147963,-0.3011484652432378,-0.15869278902237216,-0.19807128023835957,-0.13138118195581916,-0.25379229499562306,-0.1734945835326347,-0.0780404018210179,-0.22960229118660122,-0.1953081151216662,-0.13153435613342712,-0.23117223169929974,0.21575209606121087,-0.054799050335023664,0.16369715549091865,-0.12081878332188156,-0.042049711022114196,-0.11719037576427685,0.007009346383168353,-0.16608341748457106,-0.5208063084383643,-0.5997004653669713,0.09118351756975984,-0.2992874912516467,0.3032325551808552,0.011985595747966336,-0.2460860726754638,-0.2772890040715177,0.5430357024502206,0.21789043024104573,-0.11045094205320802,-0.0931041695133623,-0.2985355229706185,-0.3919610645680338,0.0246248054162955,0.2116165010622524,-0.20979145970423835,-0.17153260374982232,-0.14573986678394457,0.02140501942105666,-0.06959367605410335,-0.21318650855357485,-0.2484014425482266,-0.0008316396357487148,-0.5191528735993709,-0.4138023892361511,0.23920216905917116,0.016492161185684886,-0.19622725729361046,0.05300119650502511,0.02382403074136064,0.09366607878958728,0.1777796777722388,0.3138485823183919,0.004261019930692057,0.13521008694701794,0.15641523853878272,0.15477683578263507,0.0010939979739766799,-0.23481937583330373,-0.0354674317019683,-0.15957659048844516,-0.3868923801670113,-0.3499786167092809,-0.14414487748295784,0.16786737314059913,0.050539087312150455,-0.14793530979883207,-0.0752703956036625,-0.26166290112486046,-0.3019848140667519,-0.27175243304137026,-0.22405617260012275,-0.1238848958905299,-0.17003233548069743,-0.12492374219934985,-0.08298162746805891,-0.057872802300899966,-0.2986384628867121,-0.15822173106231197
-0.33519552678064973,-0.4207985805309057,0.3876583041945814,1.0,0.1471600073780075,0.38156850955191607,0.1407011685425091,0.22112461076741446,-0.1602066619865059,-0.24793396963592165,-0.5252796821093919,-0.15876932777690428,-0.36301119493912104,-0.08153164928204087,0.08201508554508721,0.015507090771136697,-0.4371634300981797,-0.3586432065489508,0.023143077372116475,-0.14345080905684893,0.256105365866029,0.2521756845339211,0.7122811857469534,0.70186637240537,0.15632142722121622,0.45408116655387065,0.42845824665594323,0.5124747657463831,-0.3808676918837482,-0.27881887182433823,0.20416927073727356,0.42530870173168106,-0.09988000505908229,-0.2179169131979747,0.04995325184335135,-0.1144420937297173,-0.06479582580311413,0.0278724322142297,0.061045472510933285,0.09386973245628175,-0.018235289657040674,-0.0871854168708172,0.12030685609081729,0.1617555322392079,-0.15313321198854707,0.09199029246328905,0.20295082179374402,0.1176226448961682,0.022917700214738154,-0.14191954447508795,0.17408350576502102,0.07188475690505894,-0.3962835167667449,-0.07713619127043748,-0.05018963826058476,0.25659337860901943,-0.26935628414834,-0.38118188734070946,-0.3672892165817659,-0.19744068798213346,-0.21691480939659774,-0.3638699410962167,-0.5228365610372145,-0.5582413520956979,0.4100366471521228,0.03257277255691312,0.029235121209261455,0.25624758238182077,-0.3098700025794315,-0.24847293534523135,0.17933664230509389,0.3842834516568126,-0.41848752806138656,-0.14438601984317942,-0.2109879121709055,-0.21968853120029286,-0.16558090045567792,-0.02128269758203555,-0.20433800573567307,-0.2009614984702806,-0.5294209765392051,-0.4387124766463703,0.28788764417632046,0.14738894842661807,-0.33754774717029346,0.1838434905746895,0.05698348745412696,0.2119750372756671,0.037712474599001296,0.6036243592600806,-0.12285951176077788,-0.15711459544211184,-0.048657066712780916,-0.039722657047897646,-0.03329432762883807,-0.07747827938586609,0.24221736849376166,-0.036707832129745155,-0.25720154507375786,-0.2812477623196726,-0.05681088617047289,-0.007087563857145384,0.04050180979157661,-0.1571779672108407,-0.14100046435689423,-0.35878003072376724,-0.35094215229225384,-0.20903416530214425,-0.2173865823761154,0.08820878011574572,-0.03843564266803013,-0.13477069451806395,-0.21956941981122083,-0.00985167428369497,-0.3273047329627184,-0.09527670391815964
0.25647471192052645,0.07749311572023657,0.3234120547872415,0.1471600073780075,1.0,0.5617770571790226,0.19234572897763605,0.12955612348934165,0.37162975636789,0.28287397626298316,-0.14593135756972658,-0.14112766388905687,0.07292935366153862,0.27474487616419924,0.35395046337624736,-0.01560062547505552,-0.12553383618657607,-0.15417013952939643,0.3312093121888579,-0.20639593653849111,0.046430664678756485,0.05152227044351478,0.21149817178518868,-0.004042632436313658,-0.0219380123275632,-0.023894735303841737,0.5322214813992446,0.2515065873026418,-0.17438032864110312,-0.11923961541608391,-0.17671181719541532,-0.17543268121792355,-0.10078119757707966,-0.20661592992619554,-0.09071072993014688,-0.04637186914739054,-0.14741096241029633,-0.26112356075921345,-0.22634896619176567,-0.1694812511574145,-0.14573069140803085,-0.16585763725488945,-0.015488047782068316,0.03857635644980741,-0.1257918551153899,-0.0962254477929428,-0.0061577401438052464,-0.17009889492332236,0.17686756220189082,0.02864432184165409,0.11899613029283213,0.10097760084854593,0.19158711322687383,0.03367140869444636,0.12057471595827148,-0.20123172008202783,-0.0557673073895909,-0.29322522714612703,0.3001752994781791,-0.11864750911879392,0.3797329476172191,0.19337892989396777,-0.3371252007916263,-0.2865000697573066,0.22900621963628434,0.21832349032662385,-0.20370196489389725,-0.25613274996440283,-0.03434331831993152,-0.19912087696324599,-0.03177324161439198,0.18112628767875966,-0.2696526208159086,-0.11401595687920209,-0.04541923344370819,0.18436634908351585,0.13018499633869623,-0.19750889402254299,-0.19647806061783255,-0.06312476556827507,-0.3539397518362295,-0.26869236104013,0.2146918812268908,0.1581751247863539,-0.11822827485364314,0.26695223346676095,0.1722249886071554,-0.07759050974999641,0.3288963410151852,0.42061523503946874,0.13387146576902692,0.313405931172834,0.28840125134543004,0.21479673973594043,-0.308713191806452,-0.27448660483749715,-0.17839862649422772,-0.2886042099630051,-0.08416896958993185,-0.16430561095867757,0.08184438506689172,0.1116103839724907,0.01634155705333176,-0.24807648762888668,-0.25336087289731635,-0.2941484119183645,-0.2058309661893315,-0.25415426565768323,-0.35608530452323905,-0.059832854755971734,-0.11716281042810697,-0.10888441063169273,0.0879312984870086,-0.014611101275083698,-0.14224085473241468,-0.15444728040225617
-0.27733657378114523,-0.23681596072274208,0.07905316103624342,0.38156850955191607,0.5617770571790226,1.0,-0.013593908631584077,0.20105132110129523,-0.0178714786398247,0.1936709887051803,-0.4713054263484152,-0.378211612164591,-0.43894871886306325,-0.145396180389389,0.05507444444367106,0.14182762292751233,-0.2972088283424057,-0.27096988296688346,-0.09284317733566357,0.01916879682458535,0.2169048524881679,0.31379925084831606,0.2935112812847654,0.3290187981831156,0.35404548452261153,0.43087955642145137,0.8042937835295653,0.6505448645885545,-0.34733827521160127,-0.10250472096139393,0.0975826054382856,0.26706566144945376,-0.017145872766677357,-0.08124026723715708,-0.12875204771810783,-0.08714175663321444,-0.055935440743236094,0.034199411286022705,-0.28095394216363734,-0.10864238084746865,-0.05580238685947806,-0.047398503818682935,0.18704683578515208,0.2286829109028987,0.0583206366277776,0.18534535080666656,0.18118531502300694,0.07217694739769091,0.06996366646235576,0.16921069706226508,0.0005229573923759892,0.11597746832433974,-0.25192748650753655,0.09129571819719672,0.17763681436007203,-0.05518564354604405,0.05957783408458657,-0.09766818033262428,-0.13489776293486969,0.012923514567952345,-0.1573713514946007,-0.11343279375807891,-0.5282665290644765,-0.40702828257625967,0.03152277564210026,-0.018228989290609,-0.05259157068141908,0.12069534784167445,-0.031109707162113837,-0.09152596539385748,0.025524108480337034,0.2319460990612734,-0.3341969968450947,-0.1339239784372016,-0.21405551112113774,0.0350371298114248,-0.0075114807435198595,-0.061069545852638366,-0.15790405159305523,-0.20287760630961496,-0.32576784555616317,-0.2279201396232699,0.2751274075954665,0.13373424088665256,-0.030941083886117392,0.29167146233032054,0.3089220611246173,0.03989171274244666,0.26489718487304176,0.37046425542436723,-0.024381703459391505,-0.09095635297166134,0.011420359917322931,-0.0577599458976654,-0.3708672744281415,-0.21161312130687207,-0.08092806111463244,-0.26077670176862605,-0.082507235964612,-0.08916456444244776,0.07510023928566575,0.12086977960937087,0.15693964041676248,-0.3048115540959708,-0.2274263411534306,-0.3072923392866193,-0.05718498432484336,-0.13468808137160765,-0.22465662740228717,0.006322785545745921,0.03715900661079907,-0.12089010218216596,-0.0035737743133339005,-0.01575117781738986,-0.18982657008737183,-0.08830668915399723
0.26612646002580687,0.06449687411189951,0.7666428888847651,0.1407011685425091,0.19234572897763605,-0.013593908631584077,1.0,0.6379242115187751,0.165836710656384,-0.06695866294819047,0.010170286604930991,-0.005164281427803842,0.17697523401520288,0.11676720662254145,0.1461183429863087,0.1168877429474486,-0.26771354148064763,-0.1096027316848099,0.18287315497702086,-0.033490546926429145,0.06476282332313572,-0.2092998131285882,0.3125023500947348,0.2671610124351719,-0.311016153095468,-0.1666562217377726,0.12354410291317945,-0.13497351885589895,-0.06378744949473289,-0.15275610823221988,-0.06833634128772181,-0.020916259909930374,-0.03496482590947552,0.1022832821705031,0.09341214734682661,-0.07110400875002514,-0.335502312308187,-0.4269755390866486,-0.3889289001757498,-0.16337206736434925,-0.15069088264923336,-0.15950724968410893,-0.25423187230210037,-0.24395907078334503,-0.15586027166790042,-0.20695383577730306,-0.3063483724199708,-0.2117022249777341,0.08740424742714312,-0.001279404688316831,-0.009679836086304062,-0.2904317093069772,0.04935609076341412,-0.037663384281357924,0.0913002996480995,-0.2701364947023805,-0.4642898265820113,-0.33599669662893444,-0.11126447168348351,-0.28132043227004194,0.10756846942295341,-0.0269541456261707,0.04537414566811671,0.011672435800058743,0.3523061207913174,-0.06733794872306013,-0.20740243256643634,-0.046290209450125824,-0.13323455736167922,-0.22117710488701267,-0.16755010505892784,0.03249801729690622,-0.1441839385150262,-0.08205948913084518,-0.14587815287130138,-0.01091875516307691,-0.19098122445462748,-0.2425562971970054,-0.26843228571535865,0.04288431297605465,-0.31333046832825423,-0.22282331394081775,0.30277029948612777,0.07427039345130355,0.038519876412778306,0.018894727412365805,0.08394179376560167,0.20157637446665916,0.1767186054152702,0.1779951044527932,0.14815868736000867,0.15994140154800268,0.11240870679398823,0.2598367553859613,-0.04393282340172709,-0.13646931908418017,-0.1625741926535685,-0.0003027638086566265,-0.16630738482045107,-0.07845573651075773,-0.23878082205302165,0.12725828719991802,0.1625503827607639,-0.222751986684186,0.022700641848545335,-0.15844306439018363,-0.1634818740826822,-0.24920804635895963,-0.15311721550557886,-0.13633183335661886,-0.11660065566609981,0.1500190883086577,0.052016951250588264,-0.08612098033341375,-0.2405390815081236,-0.08014843741936405
-0.031108523152569654,-0.09960592227056751,0.52855792561059,0.22112461076741446,0.12955612348934165,0.20105132110129523,0.6379242115187751,1.0,0.20624005829419198,0.3640086367581924,-0.21550069359055565,-0.0721420189358889,0.053863990084966305,0.30825666240450983,-0.12876350430537672,0.04227222474830955,-0.42259587713676905,-0.17663028654985347,-0.09220192928192548,-0.2015902127692763,0.07443869844977725,-0.16348618432167727,0.03512578890292107,0.07775618195599356,-0.12749210602308975,-0.09283571947119686,0.11635101284413465,-0.14253995308557052,-0.40675038448543827,-0.24824162267202077,-0.19545855228951126,-0.10952750629964908,-0.046414396786096455,0.05879529865120419,0.05815219522889575,0.14138147916404253,-0.21208037414958647,-0.19012506072243499,-0.549655823282711,-0.2160061324497344,-0.21176619517020584,-0.1407225923489674,-0.16744267086666306,-0.13902106637969425,-0.10066646271441065,0.07410838844039568,-0.14261337528815943,-0.039729129454730554,0.025461526542672877,0.09265892122509416,-0.060219603688593214,-0.12060867255925574,-0.008631294877489603,-0.03798674301902443,0.16220311051207523,-0.33281160195264364,-0.24638683878419432,-0.32348227928424106,0.000842979539070406,0.0067868749936312355,0.12187844107815138,0.3139838999989196,-0.15635888134454004,0.12594564517353113,0.22177354900868984,0.33660476437702147,-0.14377213119481913,0.12736903949453598,-0.16760100566023553,-0.26667672751075794,-0.16818469972044853,-0.03305745824010999,-0.2597928583099644,-0.11987450228674972,-0.21182304036041635,0.00942108011517296,-0.2139767132088299,-0.12612341452566864,-0.3639393802725586,-0.22512404994889088,-0.3182575669891676,-0.3637527099574466,0.031840891760875276,-0.019559349509839098,0.03209197890238295,0.005499653714014653,0.09841504961581667,0.25734681283807687,0.2128478893704487,0.047827530415604884,0.39646613219913135,0.13671091159481627,0.38334133849475016,0.14316126466931967,-0.28326785152380357,-0.12479399991293537,-0.21936071984122413,-0.07646187108852358,-0.19392938950921437,-0.041547223031079536,-0.1896831049787606,0.08298978507724541,0.360558535311281,-0.19933766671515202,-0.049460794401744224,-0.18599390138644237,0.06733259490517327,-0.04792641761180721,-0.11446321532361198,-0.08176861091106014,-0.03887649056124758,-0.09344012837743633,0.03456638149395874,-0.020639269200651074,-0.18128178542147758,-0.08689140032847234
0.29164386987142493,-0.0009824460081001584,0.31989234410721995,-0.1602066619865059,0.37162975636789,-0.0178714786398247,0.165836710656384,0.20624005829419198,1.0,0.6690068687997054,0.03855243881567562,-0.022417636518418632,0.380540932702669,0.570048923715774,0.4399946898719831,0.02107369412654883,-0.07525864170060587,0.041251048839954604,0.5053489410736935,-0.2017122731680825,0.06272489666728809,-0.20561651047749355,-0.18628981702680303,-0.38195873008325937,-0.12837341741245226,-0.24668914724169777,-0.16854884330963465,-0.2754912127994709,0.0008473973103867724,-0.1250096657552491,-0.12199636337156708,-0.4011178615856268,-0.1567393755617891,-0.1934314409404197,0.00955836083134077,0.17224793763582505,-0.06162139559556119,-0.08813782778885636,-0.028266019196888894,-0.1572634717104237,-0.1562623995726656,-0.19282088255997895,-0.12603696220556682,-0.04434069134649082,-0.15999016354893136,-0.14662692606473085,-0.12988594531068662,-0.021468081300560063,0.131772148735033,-0.07078181502991494,0.19864910410206227,0.12134973089695053,0.2381261941300975,0.0657779682448948,-0.17212204105083728,-0.32671044024851664,-0.16554860832579923,-0.2693731627302157,0.4482774532479328,-0.03321908486553106,0.5787890631037088,0.4274041477921583,-0.10049684745741712,-0.0532821087846088,0.3687778398516307,0.3962219116234318,-0.19852993187864568,-0.25184221353631253,-0.012838164096405183,-0.1283762403133428,-0.08290832187295515,-0.015978554724671586,-0.08616164541840454,-0.0005918743277156523,-0.018141807494449214,0.4813014799227926,0.3300355883432208,-0.10238149753171566,-0.15389161547751165,-0.10918237295672663,-0.17384590222108012,-0.2483959409221016,-0.0473209872982901,0.01858473894741878,0.11551009670723053,-0.02244716460095401,0.15322838965758592,-0.16604671587327763,0.3901588051676977,-0.11856310052334364,0.2142540507735115,0.4808918639392064,0.40681821642031574,0.2858153798709241,-0.08076522394269965,-0.18146682819349402,-0.40790023279379445,-0.1698350977319301,-0.2069746142425561,-0.2219686908106745,0.22151413131406258,-0.1588529764038309,-0.14971049298062886,0.022204318331582693,-0.04773701629809309,-0.1591620797926504,-0.0960608760644483,-0.09627551968062238,-0.010628425860881214,-0.2871618997670657,-0.1861975279426122,-0.11028863226498731,-0.06321590412612164,0.15110219170960237,-0.11893375220543213,-0.03905381218353011
0.03593102537867378,-0.0458982697462742,-0.020779139203017646,-0.24793396963592165,0.28287397626298316,0.1936709887051803,-0.06695866294819047,0.3640086367581924,0.6690068687997054,1.0,-0.01764752580995524,-0.10042476138298807,0.2625522744598234,0.5647114610008944,0.21766595742464628,0.03797784564089816,-0.0779251008649852,0.14578800345657117,0.14947419336299073,-0.15171571574940798,0.08222840778442278,-0.1523836109187581,-0.30577481009664764,-0.4036779862426573,0.04738629060126563,-0.118552627441443,-0.04031935827492124,-0.14195195075476794,-0.2343136403275481,-0.16970548318559908,-0.2590336541431584,-0.35259474057009277,-0.19087709222770435,-0.027916077251142143,-0.06758412896077583,0.41386846509236547,-0.03982327729796214,0.006142744274230359,-0.17295395814639078,-0.1335709275653254,-0.12818691863738255,-0.10362468133058145,-0.11569290941522593,-0.029361470031191255,-0.03053268616291011,0.08221007998477955,-0.053452397728636296,0.10794346263170519,-0.018574673254664106,0.08589827873157126,-0.059874097118816604,0.0901151786448027,0.21038181500780667,0.10310117646981695,-0.011529447674628034,-0.4176457706322023,0.037176921802984056,-0.08270966294097104,0.3778057362059688,0.08477515977380953,0.443535629279793,0.5737942852270105,-0.15695276291821383,0.14279189779157317,0.13336922325992873,0.4737857739374165,-0.24107184328769435,-0.14543432374144533,0.09411617363669977,-0.021361262186380667,-0.1825502033784946,-0.11592918637361325,-0.17888854009239713,-0.10510857525515445,-0.15061071906038753,0.292180870258768,0.203157382055526,-0.0007655630404358507,-0.15727303463756584,-0.22051281695101538,0.07285283082198277,-0.0629419480604566,-0.15141125201526,0.06591696209842504,0.2079653428930728,-0.10469970711336125,0.1533685947200212,8.72407357259669e-05,0.36988804107041734,-0.30068080990698576,0.28280226330405106,0.24711494223909666,0.31916709394005655,0.0756969398412294,-0.2954161545386593,-0.13007028442921395,-0.36540933760023175,-0.1535514782951018,-0.19543980950442372,-0.11875700010223866,0.16581598246253532,-0.19248362329737084,-0.06848225682567396,-0.07872148680367297,-0.09329045335891006,-0.07696458778912435,0.04100339581411338,0.11822857888139292,0.031232551351014555,-0.21887383929262022,-0.028572120725519016,-0.2543881986177562,-0.07266146601740402,0.13383170458012025,0.07245562991005101,0.04683665366837492
0.4874292648197724,0.3380262343136943,-0.07986105879410106,-0.5252796821093919,-0.14593135756972658,-0.4713054263484152,0.010170286604930991,-0.21550069359055565,0.03855243881567562,-0.01764752580995524,1.0,0.3926036253699554,0.7328858066504261,0.1947566824536145,-0.12527192802799375,-0.11944926361300012,0.5347595226163048,0.3065274885520166,0.1539693691227542,-0.07701954205506513,-0.10907484902755711,-0.10396881944974014,-0.4217278365724922,-0.525613530847984,-0.18986574476879514,-0.29087388704024747,-0.4628709286932482,-0.3764627109359223,0.4900389159995993,0.27462223021091586,-0.14445231726462895,-0.28445276891144117,0.27734519059262247,0.11697521297172074,-0.04005082215493428,-0.013911231232276581,0.1619953793450254,0.0527167460103791,0.12705123112574962,0.09227685343837284,0.14224163054187935,0.1992095460698806,-0.14439596405435748,-0.18636023645767166,-0.009787369923821208,-0.2965589235227431,-0.18322543163380167,-0.3743412555145915,0.013350944803099615,-0.14047578421769555,-0.04847594594015113,-0.1087333927865902,0.4212908741333014,0.032068517660798074,0.11915482431407744,-0.08283699167884995,0.16121326065827463,0.09151742540262682,0.3066499198670861,-0.1169044775211777,0.2181777033238904,0.19988781509208697,0.5892779770829221,0.4776600034398422,-0.2721804277602069,-0.04052152789213324,-0.053420105251594026,-0.4081489117264692,0.04239268444869119,0.12602359949868447,0.017543733301131396,-0.0935712487396524,0.4805271376373733,0.3271474978964208,0.40205050661591224,0.22722341164674778,0.32426343306411887,0.11739247237185974,0.27411607326677384,0.4751407630187815,0.38480605574227844,0.29384060785728494,-0.4049240728600465,-0.19345285801183926,0.06990252418391825,0.002362674317358742,-0.2581043122499716,-0.028670902638490446,-0.36277704264293503,-0.3849545660384674,-0.2662021381854653,0.013959841313756221,0.004626683444429151,-0.03556135687977237,0.19731936168777012,0.11360267190705978,-0.01658816622724797,0.05039778268183148,-0.13726249367267543,-0.04529892164237809,0.09808044796633643,0.13085718680304154,-0.0908968426500501,0.20736385846678557,0.003406472540194177,0.2560338436112804,0.0033619733951342433,0.015567705086879728,0.22340883354448668,-0.0004912547040540131,-0.1259625681937773,-0.09255987478525936,-0.03614505930583521,0.13336797865062205,0.22829708199040777,0.009189432042607328
0.24663627915614014,0.1505788327216731,-0.044012441934839205,-0.15876932777690428,-0.14112766388905687,-0.378211612164591,-0.005164281427803842,-0.0721420189358889,-0.022417636518418632,-0.10042476138298807,0.3926036253699554,1.0,0.3597489045297052,0.28826600349830506,0.020440098814945053,0.1321435243516585,0.2559525925252848,0.27033497679633556,0.06096275650385544,0.02856601655611777,-0.1634034468662881,0.012694800803236622,-0.1701898583710165,-0.17453451579034548,-0.10834959649062961,-0.11846191622976876,-0.33962194976297616,-0.269669824956755,0.4334042113626762,0.23613689094826415,0.17082367626004116,0.07886327100266607,0.23628410667384728,0.15359488218485653,-0.2248729208615358,-0.2158770260934339,0.17475141059859942,0.12171882332125915,0.09173209448950273,-0.07107733604688739,0.17908624264549397,0.06172920485745422,-0.05336705212854495,-0.0660761011246196,-0.05589773649454639,-0.23244088249325048,-0.11186296070240133,-0.29503632469230096,-0.08780113018162015,-0.20092194053196036,-0.1997502883817832,-0.15934040714918707,0.10900311000725725,-0.08581359739835683,0.0454651083638673,0.12060769162009678,-0.020602560875189142,-0.19659431403076189,0.018236263793735934,-0.24287669091784783,0.17450623887815955,0.058942202722691586,0.23968282377146008,0.1640765082988024,-0.05708142998828429,0.0637123613879,-0.24179614315302494,-0.3073675252656081,-0.12380939668714896,-0.11089573443062509,0.32034739288373687,0.13250118268279384,0.3519647605132734,0.2030750199317439,0.3636474159820272,0.10412103903634266,0.24238091938947234,0.25526345640607495,0.2668475023997612,0.33554251858023104,0.08758872018761779,0.09084417986647891,-0.15037738742699835,0.17832185884627502,-0.2358333817357189,-0.016171677846686522,-0.23249837965146955,-0.051968057131663865,-0.3481867932488038,-0.1209095743089479,-0.2081405961408256,-0.13603969920474418,0.11658964892947697,-0.13646480855643275,0.12346896772100374,-0.05214127716703041,0.0566498327814876,-0.07809597143752946,-0.16282246071032203,-0.05846603841856925,0.22378836865657262,0.034500712804619,-0.05920227919804751,0.07538054410676587,-0.012241753426854652,0.05784442024648228,0.007686384907353267,-0.0009519097253668622,0.0858892135330085,-0.052502158600586636,-0.18668790466958785,-0.12330234457486983,-0.008568969872208256,-0.0907871628343388,0.23393325115534527,0.02743236333115271
0.5800178150189581,0.29382233362967775,0.11384001532476849,-0.36301119493912104,0.07292935366153862,-0.43894871886306325,0.17697523401520288,0.053863990084966305,0.380540932702669,0.2625522744598234,0.7328858066504261,0.3597489045297052,1.0,0.5521593693301732,0.11738270186668626,-0.17330464580144583,0.3985171517236116,0.32931720399967773,0.28871617225797613,-0.2621088599345716,-0.14054430073480415,-0.27960258792560494,-0.3268596717024254,-0.5506090323511252,-0.3195296866783328,-0.4226991472503618,-0.4254318803090838,-0.5095915327447496,0.19151882433803816,-0.0047029373131087775,-0.20823556841868246,-0.4369863573486035,0.1610139423460965,0.11957848446046883,-0.0020745689736982125,0.06554447231660926,0.012386483510585342,-0.13735585767641542,0.09210908236796436,0.10659558687038248,0.004487378504171429,0.12467913458851625,-0.36176017113119263,-0.3359692493795529,-0.2925999356785635,-0.3557368622174491,-0.314100048344444,-0.3233854511822473,-0.04238921098493761,-0.3334311726160623,-0.004302797304133245,-0.1651330359494805,0.3924811689597729,-0.07206612991964571,-0.03460470639042324,-0.20413831119919576,0.1702847013926787,-0.001521257401821306,0.4864417817317817,-0.07716841673057347,0.5661710224100758,0.48346398587649847,0.4712379566258948,0.4459879868203996,0.054077051197001895,0.32379394904491093,-0.17950230839615183,-0.43539247739458187,0.12047355814546373,0.08524372435508233,-0.056728031355190556,-0.053990309722987184,0.19808595388300893,0.15257809917504478,0.2705241598282419,0.24782381382796304,0.3419289257711893,0.1333946857481821,0.16121194244024661,0.2454775392797345,0.18345610345046828,0.07837403267648876,-0.39530649809241675,-0.22092137461265307,0.027871302112861655,-0.21225595031169178,-0.13997872998567873,0.00028671101446819063,-0.07033437250922893,-0.20837614192160178,-0.044862153400372994,0.25142646584224276,0.18220318010611664,0.09903126144107219,0.187349292716753,0.024370060814879194,-0.07067849099504185,0.025161161456775567,-0.22617354595300576,-0.11021602183087945,0.1885710851754237,-0.012562218972062862,-0.07615230394126525,0.11776698013199399,-0.021253567055287147,0.11001797575860402,-0.07687028154839556,-0.01696895958020153,0.16350858254081035,-0.19242757537089428,-0.14463210281007652,-0.17309544400957808,-0.11363174470735837,0.13952849541577345,0.038896339872722945,0.07476238065325652
0.4057195732773149,0.0996129628558716,0.29181797812185334,-0.08153164928204087,0.27474487616419924,-0.145396180389389,0.11676720662254145,0.30825666240450983,0.570048923715774,0.5647114610008944,0.1947566824536145,0.28826600349830506,0.5521593693301732,1.0,0.2908723233928584,-0.16285669499219416,-0.011359566661978494,0.13176373882442066,0.36852489745694106,-0.5093723413201598,-0.043353512624789696,-0.2630165530998132,-0.21831771854627452,-0.4296334217133539,-0.3652076560244403,-0.36556207337257396,-0.2070805041735211,-0.293215752350042,-0.16843568401271578,-0.21186869329358524,-0.4063218401972796,-0.5201798824557304,-0.12185351210482802,-0.15327236492830312,-0.12138447500755842,0.21282518147448531,-0.19648501685945152,-0.2268528476353647,-0.08778431730588182,-0.1670590342370781,-0.21220417206265826,-0.2888958660779307,-0.17708887441565832,-0.052522911163458565,-0.2293070212597725,-0.14846782406493556,-0.15898642489946907,-0.10051915329104863,0.28523536606142136,-0.10143682590786572,0.17740748233565398,0.11034783871797466,0.3755452216098627,-0.10327953471366653,-0.07231095857735642,-0.28026615414107475,-0.060075600299546505,-0.366762048738372,0.5847376689248199,-0.05513728637791536,0.7048333054247284,0.6471770732918621,-0.03332292138474976,0.09123521197790677,0.25364893857977827,0.7294695976803911,-0.24276337141262352,-0.26526981787771986,-0.07293022188253136,-0.27994511418035906,-0.09517181470700038,0.05102762014416795,-0.19721131446608778,-0.29183153311204335,-0.10206137872746214,0.24311427816469922,0.14585121960517286,-0.054920962318206534,-0.2146755151383036,-0.1629191812303867,-0.20052701868672182,-0.25089789753349667,-0.18850964073199422,-0.016636603246531153,-0.07105849360341408,-0.09960047518228211,0.03447002251177846,0.05982836185878077,0.251094296509279,0.016043373254521553,0.22629029012745638,0.35098319890457436,0.5081649927038425,0.08173352806474378,-0.07446950184946917,-0.17754798348001505,-0.09367444146212955,-0.19138979600691833,-0.2625206929272305,-0.16390926974318068,0.2255911876345696,-0.17332498349275882,0.019919240653851006,-0.0535896096446174,-0.05104323652677087,-0.15329208199830155,-0.12693733242222419,0.013912015609301245,0.00779622273970004,-0.2527766921321643,-0.1228546104595246,-0.2629239230183945,0.002847817966307715,0.1780017556342602,0.017218532277607692,0.08215662676235684
0.12151134492257985,-0.09425865266028244,0.2508328322329634,0.08201508554508721,0.35395046337624736,0.05507444444367106,0.1461183429863087,-0.12876350430537672,0.4399946898719831,0.21766595742464628,-0.12527192802799375,0.020440098814945053,0.11738270186668626,0.2908723233928584,1.0,0.3878668821522106,-0.007014983006753552,0.09901005642308185,0.49985125974337224,0.05854979073973712,0.06207225966931522,-0.15163765544720612,0.2966425783276706,0.12400696315185782,-0.21293604227688284,-0.10194820578899828,0.15574598502578293,0.08091616855521896,0.11279210944909995,-0.07816356760332248,0.04196161407400485,-0.06604374684461158,-0.20240705412241913,-0.13486284441176438,-0.30389949018766715,-0.12434483664041204,-0.18516963730022734,-0.1290195018058417,0.05387150378559363,-0.061790890939294914,-0.0484251049188976,-0.28643901080540474,-0.1223611939926089,-0.01825910446671884,-0.2922077806380204,-0.44060865045642184,-0.1697816088657399,-0.01513010707140052,0.08035171551664369,-0.1364554807817994,0.15609103639679758,0.04426874853707788,0.09363458691229756,0.09729333266738235,-0.1397606746341915,-0.17259409143639826,-0.17462082801471618,-0.13288118390256592,0.09988554043734174,-0.17668955495276473,0.3883957140663173,0.048548112877990636,-0.1291317279945201,-0.2729089399713088,0.3414304245827529,-0.0016599844695547082,-0.4182538920100592,-0.3802171833623687,0.0675056129076342,-0.05911191091713924,0.02240226081236418,0.2026812551059938,-0.18395582547758058,-0.10091083859160761,-0.07675968836169943,0.2355917129104165,0.20479582633453594,-0.03938363441575003,-0.0558477399898385,0.03317213163738217,-0.098563374860134,-0.06039077843391155,0.6071376720829125,0.3412893897959043,0.1707806631635152,-0.10093003147886588,0.4640825634001379,0.08807549972381556,0.4876725368049927,0.16357884599380543,0.06579022743648409,0.2079178993662988,0.1364913791055301,0.15602471434932288,-0.1076364519063695,-0.26959583252261815,-0.21749823755032352,-0.22890306783124287,-0.13550250789216617,-0.2120804221082931,0.276168036779845,-0.2048426527707857,-0.31022101717767864,-0.07436911268148116,0.1172241413234578,-0.1762141283659619,-0.24415605985677957,-0.012949569393762489,-0.2049794032685319,-0.33278465318487205,-0.18492170624120735,-0.08303613170406451,-0.0766855985410656,0.09360055107033204,-0.024138752148701762,-0.07458960530948194
-0.3674619319408007,-0.27876826164850826,-0.005532462486902134,0.015507090771136697,-0.01560062547505552,0.14182762292751233,0.1168877429474486,0.04227222474830955,0.02107369412654883,0.03797784564089816,-0.11944926361300012,0.1321435243516585,-0.17330464580144583,-0.16285669499219416,0.3878668821522106,1.0,-0.007579756830932065,0.057075312573243546,-0.050671634392063444,0.42200441260560084,0.0735612238140188,0.10177930045990896,0.10609338237295454,0.2813577901594899,0.25184505604678226,0.2647189750211884,0.11666434137241558,0.10361102629400108,0.2693278620130441,0.38078905895738785,0.48749536372935803,0.4215068315061837,-0.062091116599470746,0.18365355409913478,-0.3125277350649594,-0.13901055847636648,0.015599998611685074,0.11136405042100417,-0.18379546322687568,-0.06101417640616506,0.17397164387226663,-0.011559602020321295,-0.02724372586209807,0.025555895813836393,0.11644062664314174,-0.056916019605369295,-0.15783114954878097,-0.07263235556024385,-0.03953780514903541,0.09613917943387998,-0.019515461475259444,-0.11914933046544404,-0.22720403474080728,0.07784031625358769,0.0519335712646622,-0.11085392843567306,-0.2658959753691316,-0.0020390508469659736,-0.3966741047337323,-0.05178029714831471,-0.273931901717809,-0.2839817435281934,-0.02099041401177215,-0.06079106877523598,-0.023493245949440814,-0.4875248616431711,-0.22329346267610556,-0.009640829863168669,-0.055943924248801374,0.06593911572722311,0.21351878456851395,0.03146047541514855,0.19149505520179796,0.08582644933361772,-0.10355952233273094,0.011225394429108672,0.0365668208299583,0.11166733623055904,-0.04290240247809736,0.22132742408846395,0.08879824973437987,0.13651640182850175,0.5475426922333979,0.5323818040085185,0.1921348604211459,0.02399419970381746,0.47644636167998433,0.34788098356393415,0.1239582562261926,-0.05669757600052432,-0.024606368666711807,-0.2020744548766994,-0.06796020362010458,-0.02267108105910217,-0.2733777379182875,-0.24175165682467784,-0.28455251785079494,-0.17499641861354046,-0.12152124594963165,-0.1919604626067685,0.10550146686276425,-0.13722421023182568,0.0301738596564086,0.03885260197627632,0.22078948011122485,0.08176930670987595,0.1405197341294095,0.1316701302849452,-0.05364380041830751,-0.23528686063230447,-0.03569353373491191,-0.029785782939836986,0.12528573659356496,-0.08328479365348646,0.2255532426220487,-0.13585758367096148
0.2847283326832643,0.3097608157001343,-0.2449751916831646,-0.4371634300981797,-0.12553383618657607,-0.2972088283424057,-0.26771354148064763,-0.42259587713676905,-0.07525864170060587,-0.0779251008649852,0.5347595226163048,0.2559525925252848,0.3985171517236116,-0.011359566661978494,-0.007014983006753552,-0.007579756830932065,1.0,0.5866143753245624,0.15770252444007216,0.06410395578345528,-0.211736594388429,-0.13131034322014995,-0.37503364117762067,-0.5030953364713052,-0.025055209991298514,-0.17706710769366996,-0.28704111727267595,-0.23775152803164679,0.5151419143898738,0.36416339901665595,0.01810920080589559,-0.2076336525662346,0.36764169207397,0.3162781774119075,-0.27988783120964694,-0.15381329371270044,0.22401089004179045,0.17591872025899008,0.15420993881274314,0.05519926085261902,0.1946114426962054,0.21852268401790284,-0.2989016390458491,-0.23159646896404446,-0.08170166341780523,-0.2752730465801982,-0.1528383344573959,-0.29829988006205355,-0.24392148974807082,-0.2008494532852969,-0.2794289644006679,-0.12495941880907792,0.18743602075203475,-0.09775244938232586,0.11633973668803564,-0.016879938236380433,0.4949853842353807,0.37636419603605203,0.2880516026552489,0.04513232865282497,0.25266366969462367,0.2267183357064531,0.4378000727528735,0.4200156196256869,-0.3401685325966261,-0.03253897444268181,0.01268766892487288,-0.4093036247017549,0.2856259348535215,0.31362296841504506,-0.0701515116143099,-0.11465014284853996,0.5362719853278649,0.18307005292098275,0.2319525135033666,-0.01895637559056897,0.28459583099281005,0.2422440574281632,0.533915270996108,0.46970680473136145,0.5634865643642557,0.5494803396243068,-0.22661830837934052,-0.11882381470291198,-0.10071844370814524,-0.14116270026741043,-0.03216933914145772,-0.14877831045012108,-0.20257644585482162,-0.3394951193185949,-0.2734552453113766,-0.19180486066403402,-0.24416545588645272,-0.35815025563242814,0.19656039991557703,0.03700102822946938,0.055081700396191056,-0.05978703942145675,0.0570199214059016,0.12452547778955841,0.21482759608685625,0.034453808984269495,-0.03834680340933078,0.08125121199385209,0.03812500572471581,0.1783643111359802,0.011236662170324504,0.027430748353524933,0.18019738216132272,0.04944398470030225,-0.09858441877208532,-0.03123716216478191,-0.025933567082953867,-0.16167914885779378,0.05716942285963946,-0.021196951233330475
