1.0,0.26342806090560245,0.2558359999547863,-0.04886114813254369,0.24771448246980116,-0.42688467134339103,0.3301072155034107,-0.10955762024208471,0.15264337083953938,-0.2597658710338768,0.46646581050574676,0.3179151905233768,0.3201104932425947,0.23477248739187911,-0.0032241579069471533,-0.005921947804453964,0.45630523504211046,0.3584161396220939,0.2288913913840347,-0.018607192129832296,-0.061639144520430976,-0.08096301596225818,-0.028319844546484625,-0.27302059106678644,-0.14201752586125221,-0.24255753026396498,-0.2695197039311234,-0.18694555154017303,0.24285388031593505,0.3371746938858164,0.20663612755424868,0.2354717692369224,0.3694206450243074,0.17283908459485986,-0.14896524742592349,-0.04892077162642275,0.13226012740998014,-0.01621040093648886,0.03390367618301532,-0.18711387660769369,0.18301634954117407,0.13568245486886654,-0.2428647716237478,-0.07218176804528156,-0.03721483026890812,-0.12358097579137896,-0.12278671317297116,-0.18150604299919434,0.03907566383249887,0.04574831067350889,-0.183186911518019,-0.4274721468439858,0.13649367519681452,-0.24653905238835938,-0.04034434634778495,-0.12236559263795231,0.5710713067922795,0.13123512087291145,0.2729577494685605,-0.32419962287159365,0.5939696976722231,0.12016625658007497,0.29696371830171475,0.20656889246431384,-0.06909129299782074,-0.13784713427456766,-0.3082281314859417,-0.5112056537851155,0.14183434578987417,-0.2948197696192257,0.1475156174888193,0.01677824331723496,0.44981149326477404,0.20053562191498495,0.35619982878180484,0.2335626540424514,0.366705010672306,0.10997230373982304,0.08828535396012742,0.2518846486028464,0.30889709783664615,0.32238626603218523,-0.13756202367555273,-0.03673624286124604,-0.10552225046639642,-0.3064299155736108,-0.08854380665944948,-0.2941291664771116,-0.18997542968132156,-0.4367246047098916,-0.20911750305624055,-0.11089413004211572,-0.3876826228796301,-0.20121697932999372,0.3499186021693408,0.2569219333253563,0.14237436146364463,0.1503501953029259,-0.04084888809763568,0.11055354521037045,-0.17798607129585994,0.2548908145841021,-0.371037807508908,-0.16688726586228114,-0.20282537646419738,-0.16720514475140205,0.08787271249396959,-0.23130956534321057,0.23586830657126992,0.2607932576671364,0.04202202598234261,0.06547637813657331,0.17467056833972286,-0.19619767202713637,-0.09026769940043133,-0.007512317360934413
0.26342806090560245,1.0,-0.5411429793805458,-0.07220989795507068,0.10281478397545105,-0.3034578657614687,-0.07130832288529111,0.22673416731336737,-0.03285237919747308,0.028056264234464154,-0.1534308921980926,0.37729998092342876,0.1189014137524346,0.4890072291024498,-0.2661695784321226,0.1406352135324251,0.5469537885708742,0.4123192113726652,-0.035813190829050476,0.0399958786016224,-0.18422801145711884,-0.1591800338908815,-0.6083555464098723,-0.5252005407277901,-0.5175697393449152,-0.5323194266507902,-0.26790681136565886,-0.43118334101751055,0.3229273699755124,0.5834494098771288,-0.03262136984217891,-0.027412343631503553,0.3570312339819712,0.2759146150714642,-0.34956094591719206,-0.27493414456106,0.09736830797501501,0.08674534188611305,-0.23392074604623833,-0.2114398132838897,-0.1977133366859085,-0.14331727944065725,-0.210109864887147,-0.1485270899673978,-0.2782436724668406,-0.38292622273083105,0.03217254621111564,-0.1332287139946123,0.01560608723678928,0.09522971991337693,-0.26448900995017444,0.14140485419948706,0.3998831392370759,0.1197686650183469,-0.0943406631329912,0.03304517558413116,0.4472063720636761,0.557114901823924,0.1952384165199185,0.4242005802525504,0.36851854879336265,0.44083369927110694,0.5383070292878755,0.6846248882682204,-0.6059071754194965,-0.34601825885099124,-0.06782250239411816,-0.4166807726105254,0.16165999216872773,0.05529473611818495,0.07842465909295847,-0.10745349705714999,0.5367200981398401,0.03501224302761928,0.19188071399695047,0.2113210575931675,0.2112956341567315,-0.16423144706834766,0.40411860120852217,0.16696279830371932,0.19616175590185642,0.5776048107878005,-0.6852167912595603,-0.008005872337244995,-0.3988589302896788,-0.23446806514703014,-0.49172947401758216,-0.3903059763154724,-0.5857492779301756,-0.17283716682000602,0.14217701577264838,0.032293885926905894,-0.09780987575768942,-0.4220545812030808,0.13268994298615377,0.23949743867372214,0.006227195870342116,-0.03383760515677751,0.3221344806996107,0.3277092076841369,0.14590882041156183,0.1654138107497252,0.1802315942437115,0.11533308908514965,0.15326339100774078,0.050658772694131056,-0.01134243864965921,-0.3658620080389183,0.11834633814651709,0.22099748780899447,-0.04985542501578518,0.3019425358027213,0.43670714374068953,-0.14202768771165977,-0.10762440396451803,-0.006745143183444576
0.2558359999547863,-0.5411429793805458,1.0,0.03683624378650253,0.14900915924974706,0.09175672257094085,0.5494974377585256,0.004207080060517909,0.28400939608295095,-0.03421408056408829,0.40371274387093464,-0.16015329952734886,0.32462754251042203,-0.18008312635682067,0.32154630429873804,-0.16894591645893334,-0.2832457752199894,-0.43655804662462555,0.18888549877091065,-0.12445481801088969,0.17555337403402405,0.02835917469278121,0.7210121600120264,0.5310759901858596,0.6197113105199502,0.4868579362101419,0.14664038793439213,0.31618102431137735,-0.13286805154696452,-0.4974021095696673,0.2710319415490863,0.07857840799570376,-0.2373919334881256,-0.16516449189760954,-0.0484474266763268,-0.05729304369420413,-0.3155958987834422,-0.29617622694015355,0.04961214485797364,-0.10455479223860985,0.06510630269149742,-0.12075412264152632,0.1438496217905147,0.15673174973609424,0.4134761200735289,0.4672823976155276,-0.12116048231412806,-0.18698441446003933,0.18193221598667939,0.15295929184154763,0.4041624809493155,-0.07401152779278328,-0.061667452648193136,-0.13066730540037175,0.09593428979567908,-0.054063224246650346,-0.021213774138102225,-0.3459643864461638,0.25904310634800576,-0.4771698790829707,0.11611854510649887,-0.2611322218924265,-0.4532984926268245,-0.4921683842584802,0.6653674544410982,0.6084842622759352,0.0417729185921436,0.06594747190366783,-0.014898672563708472,-0.19616128807671573,-0.2156822201846471,-0.19041515003001203,-0.27995852379413716,-0.18020489950269278,-0.11644994738257088,-0.22299489859243857,-0.28603071412011205,-0.1776302543688932,-0.3450311881876279,-0.23378918052209915,-0.2750095723740009,-0.43096146368717175,0.3457106064262617,-0.3242286251729865,0.2716323329856659,0.009503689246619883,0.36543583499874693,0.15402595156595658,0.584337098927464,0.07002297052372741,-0.1181126570401222,-0.0325992151901076,-0.029105460807898824,0.3890745101358087,0.1532646190704172,0.042283086293164227,0.14024021771861706,0.05393999354858639,-0.334896278229481,-0.3429050309444523,-0.2031512244612211,0.02385279537323844,-0.24066323564586822,-0.11771556372975749,-0.17301874985923613,-0.11172406018609118,0.04906533745659708,0.03971311785605316,0.06777491251342145,-0.08833387944562979,0.0228971645554771,-0.19340223577327847,-0.08740167655133178,0.019859756916763137,0.07989963789563397,0.03394391678648768
-0.04886114813254369,-0.07220989795507068,0.03683624378650253,1.0,0.15185102914192325,0.033367600232966005,0.19634602526788447,0.2181721971898818,0.07760232343478704,0.3239258792521017,-0.05858835756894242,-0.21722218689407813,-0.2292788057648725,-0.2052863879789711,0.038347766701404315,0.11558620684622523,-0.14379649770148864,-0.17868025076911093,0.6202552569488514,0.4378614566982225,-0.3181225909296753,-0.03276173125809162,0.18925685277209175,0.4137402513132658,0.05887874932792942,0.0986970861567917,-0.0942343121520043,-0.2286303370290788,0.23088327737664066,0.13162695165982038,0.32844299389260617,0.3713284379446299,0.011526572977654177,0.17136008153901483,-0.036289754921416756,-0.018578499894053455,-0.3087073111779328,-0.23716224883073628,-0.00023105912159038765,-0.1692092902162489,-0.3509266374995483,-0.2923380273996541,-0.14104775528268176,-0.09539960479335327,0.09662073585852306,0.09106623232870548,0.0066752677678905735,-0.06604301180500384,-0.10136678453065442,-0.10330620403495817,-0.29082431730865094,-0.2505688509481782,-0.25738189177964155,-0.15465840031840922,-0.01567550736991317,-0.2665685883180664,-0.015476371615180467,-0.07052718987885048,-0.10924607402983016,-0.06434807153734783,0.04271187060499841,0.03650984805847259,-0.1631931449320799,-0.021028913979345407,0.2207261513698512,-0.09491407954623121,-0.1522780057351856,-0.1366437770285912,-0.2719007188517326,0.03942607694176831,-0.16916123368188454,-0.0008015139848056436,0.004855051381014221,0.08361676307410476,-0.13744395670735943,0.06851791690054745,-0.11472473516956973,-0.057846699795070324,-0.351311978805158,-0.19113267678732931,-0.2386566558055616,-0.18506618647540393,0.17259256743177692,0.4288241164125964,0.15181526780578006,0.27802782980088214,0.1425626601685884,0.3104058124248064,0.15596706044980282,0.036516313474943524,-0.03333813180035226,-0.07154550202688965,-0.02218503796075194,-0.23569511332696177,-0.047859075704793065,-0.25932465723698633,-0.17834308973062685,-0.3005776810023695,-0.15989614567545613,-0.2886185419508846,-0.357778521119921,-0.06123399986989866,-0.043418076068013185,0.009864292469163554,-0.04542961630216427,-0.061828425147339314,0.05776205222413105,-0.06322677188252056,-0.19355394685702,0.03644665547353729,-0.04749660761009892,-0.06621817940914254,-0.09163634471710091,-0.2851939059468634,-0.20842201732892857,-0.25020798976952746
0.24771448246980116,0.10281478397545105,0.14900915924974706,0.15185102914192325,1.0,0.2758688351682097,0.47554654739077157,-0.11854032201107143,0.255694710066808,0.3236914422208717,0.18780811531775946,0.06925763338753105,0.07032598561871231,-0.03103222579263374,-0.2503751088922209,0.02151106591516469,0.031136945950779288,-0.10852967711233913,0.145620052210049,0.15113705928235316,0.21346572276529113,0.2618455339427362,0.03126211024597702,0.09868782130292623,0.1356221979811706,-0.18216040156373206,0.35124892189402607,-0.200608628545651,0.22834998355454011,-0.03042022288341331,0.16476269811600017,0.1814676498165746,-0.09502644135198851,-0.12798860029628842,-0.1900924863022347,-0.2829581395046622,-0.05020397028198453,-0.1308361122579792,-0.014278999027793211,-0.0056066328304891526,-0.08237718328491331,-0.032069569152944816,-0.398548664845623,-0.4808252231014794,0.12624143903109766,0.11031295108819057,-0.3902149153693824,-0.2910291980036467,0.16930110849614874,0.1740730617792164,-0.16326046602316133,-0.34409617524250646,0.19141261858707398,-0.31781409337230493,-0.08747010983200249,-0.5628877390593326,0.030282664554266675,0.026288049678286383,0.4872629889706649,0.24076788260022267,0.41121476190499834,0.20879417303759037,0.2798428988880029,0.1429114693118476,0.11298803484270152,-0.03875898987775766,0.2739226139546826,-0.05653343478015788,0.1580115365620676,0.15053665147222484,0.011620980364826677,-0.13495052995301773,0.1961893534461324,-0.08562574245187006,-0.10491394811734168,0.04242158420966976,-0.35903128769976167,-0.19441584117148414,-0.04083234356779992,-0.18932806853770287,-0.15234036131436188,-0.007662741523283861,-0.12686527318004284,0.0881934490810235,-0.14806731832372688,-0.18500746051932737,-0.28439908230983607,-0.1719100933395869,-0.13887557592507818,-0.21034065421433076,0.12018591897047241,0.1701365779207295,-0.3009333867584014,-0.05983374261160555,0.010502667368822527,0.07735589654070808,-0.09970783011247249,-0.12254609882591856,-0.3856124059402371,-0.4116602355388261,-0.317847232121798,0.32085637861393645,0.04876851471273745,0.09186466286041693,-0.018535865269502957,-0.026374693357156646,0.13195217574584542,0.07112761294004626,-0.021436533958627612,0.20513748598592166,-0.035625377874201725,-0.21220269649720977,-0.06526475006107461,-0.28662460270348694,0.055746477666697346,-0.028808583411328453
-0.42688467134339103,-0.3034578657614687,0.09175672257094085,0.033367600232966005,0.2758688351682097,1.0,-0.09923113822748157,-0.17729437856573557,-0.144567023947918,0.2898948767770711,-0.27618371331238695,-0.4872737811711457,-0.42265977771744334,-0.4503570605017713,-0.05180611168876832,-0.09071046780321593,-0.5244991988972064,-0.4075082184248673,-0.167843806916751,0.0646013601149939,0.46445082237247964,0.4618629059526971,0.2079559185882964,0.41358381896862667,0.5983706239057434,0.4576847863458092,0.7539724732286565,0.564392878561911,-0.40247887190495946,-0.5407485562418617,-0.2816390252770556,-0.42843078765230014,-0.41745938581657344,-0.3583465042140591,0.3187473540419293,0.12585649715495267,0.06958316482765539,0.31954848920129075,0.30554385605452894,0.5905452814400358,-0.005009791696706856,0.1872018090037924,0.12658089635327366,-0.07448263539173024,0.04748799635512817,0.08897890997751585,0.11092864745349508,0.2383269114928428,-0.027723516076022962,-0.026887542658531192,0.03820640689260968,0.07023399432550544,0.045200913026359084,0.17123786613741576,0.15467513888013315,0.09203114015214017,-0.3867681193284154,-0.08784902399731667,-0.06687444441840444,0.21679220378351827,-0.25622964481586424,-0.2706606680114746,-0.4071218637271397,-0.4089479853036958,0.11582296929600183,0.12775222682882356,0.20432940388037388,0.4139046625774942,-0.019401854462966245,0.545021964485085,-0.32466462449711275,0.19940961677120717,-0.5666975459152473,-0.03920306749176928,-0.3843773915245075,-0.35512392549931576,-0.47103945334325703,0.15631715831495666,-0.3052221992431182,-0.3232995496389275,-0.21577558635340455,-0.40678311793062183,0.11923415577161546,-0.0783133437654917,-0.020291240075578695,0.1704961221931253,-0.14468094514472377,0.3748083194806552,0.2630619133295988,0.5015584162845671,0.1303727716999143,0.06119830063789718,-0.05894636488389552,0.03141127627374974,-0.36523582636320623,-0.39665847577206564,-0.1748592874030697,-0.45731207046250594,-0.2064934774258738,-0.32433711826774564,-0.2656595524708857,-0.02262325414517093,0.02255001073754752,0.17495435807337933,0.06011341351979314,0.14295350870655396,0.045275500013689185,0.1674355464341515,-0.43725853507195755,-0.223307600597466,-0.15677051655384105,-0.30380520460622107,-0.2863550178985675,-0.2465241016325291,-0.16594779312052152,-0.30035949126919637
0.3301072155034107,-0.07130832288529111,0.5494974377585256,0.19634602526788447,0.47554654739077157,-0.09923113822748157,1.0,0.275805069883547,0.21560878061447952,0.2028041172439053,0.35998124335945864,0.26328988999649483,0.3692789701772899,0.15138587169244652,-0.03408880909212102,-0.002241500153737377,-0.07723905213441906,-0.15358158064744232,0.2122103485411404,-0.16867418190113173,-0.025524286578078245,-0.10963857986713675,0.35224945245722383,0.259429334828419,0.1275758576262605,-0.11954646063970925,-0.029106244428578967,-0.283075768918994,0.18138888659205624,0.028835069767060312,0.5429405111304344,0.34898187879701337,-0.09627500725824975,-0.21649213414903656,-0.21994403395500003,-0.24542836620536618,-0.3931307056047094,-0.38263380166938615,-0.1438986087802175,-0.38594340922150705,-0.1476424101018756,-0.23535176489452925,-0.30191310002285265,-0.34912367054814536,0.2258624841679162,0.2637787347376692,-0.384089028753901,-0.42232047136075157,0.10754755684021203,0.22097351140182578,0.13055788618792405,-0.165503185614821,0.08626236485561145,-0.2542185149194604,-0.11328876688845146,-0.4814668020346146,0.0031688719950345025,-0.257297413032885,0.4731044107424452,-0.05292572572626798,0.4267994224143113,0.29776620269852744,0.14671225558860385,0.13924847314365058,0.4424026453129476,0.347735786688411,0.17840993904914373,-0.15466031650333006,-0.12359046140902141,-0.45589690558928975,0.012832500010209868,-0.3294881414275678,0.23848880100485398,0.014372679518334496,0.03173415722329621,0.15996972746217977,-0.1158062685546491,-0.3161575430861202,-0.28992773375173136,-0.09437639233454113,-0.2980224861411086,-0.17057841379088287,0.0142024817942558,-0.054083373969480944,0.1337095059031057,0.017632796898535766,-0.024065948220670427,-0.16962396099888333,0.14909443460713104,-0.14166259661676983,0.20411382801271977,0.3196378806632521,0.08407466527359318,0.21815029920761492,0.28964643052898337,0.37534906880906777,0.14116310715238384,0.2095750228032531,-0.1741214568824225,-0.2061350880526659,-0.18335721279096728,0.2611947848165674,0.1501658924980004,-0.2065445521229036,-0.17396108410791236,-0.26259240503164566,0.04418038047781787,-0.09332377696397794,0.26820924321728923,0.3252309846395518,0.15628491311933365,-0.10190376958999835,-0.13418594298607361,-0.28140628361949727,-0.015272913620329152,0.03529498930039641
-0.10955762024208471,0.22673416731336737,0.004207080060517909,0.2181721971898818,-0.11854032201107143,-0.17729437856573557,0.275805069883547,1.0,0.11703115419690653,0.20990489366725124,-0.09455587314273825,0.38981980730529486,0.33145602875382674,0.47251496369728774,-0.22944738986511157,-0.14196234555302029,-0.029033883856636793,0.00705382789873227,-0.15548713626891958,-0.2507893374789943,-0.37371046812575875,-0.49975831810395316,-0.20168386504635782,-0.07738098741110896,-0.28946803673708743,-0.20811488366074118,-0.36088323863409316,-0.4131048124192632,-0.124431283217958,0.13311127360085181,0.02854739666689349,-0.04749786048638144,-0.0380741004017044,0.13583201378984122,-0.3328478658399766,-0.2539738346258777,-0.4795643167244238,-0.24083727266600227,-0.2689864733610754,-0.4030333435928253,-0.45150748770421156,-0.388160272538527,-0.25716614615973654,-0.15790057552514442,-0.12473324425314286,-0.12228190053010751,-0.05174432627650542,0.0035316315311659198,0.25073429954941495,0.12359549701909327,0.2314670833220413,0.41712513047484506,0.19486577273062572,-0.06911083519567075,0.2063405475346101,0.10658108361849256,0.01564255343547719,0.03763749280921542,0.11327437905832714,0.07775749899299723,0.13368628447812264,0.46651411811513444,0.1794943910736259,0.2745691354493155,-0.19898494691282698,0.4971572242579337,-0.06894850559990394,-0.01569650477589707,-0.23835181351258777,-0.2033255624794028,-0.2334463698906987,-0.33900700670240624,0.20809314206071264,0.04013211182390011,0.02116121721099686,0.14800332592593426,0.07760380311504474,-0.32247363484861535,-0.03809121643586809,0.07614964836059528,-0.1354761475572152,0.030624660946516957,-0.4334065981516353,-0.40125066306111956,-0.23517210950220152,-0.01925598550774526,0.06615579237584422,-0.061774735645958326,-0.19245818609475843,0.16284772265621128,0.32377913968217914,0.246994532673989,0.47945936330968275,0.09624706753058859,0.25185946133353765,0.20151083973176043,0.30040968808100255,0.23069904032520192,0.33655299782280174,0.24552185875463817,0.46036657499859196,0.0799686490212557,0.3220555545526216,-0.13968994430205994,-0.028080793295781524,-0.14938442960355028,-0.024090168809176273,-0.07165931949946684,0.17447365322618222,0.3688575261848873,0.3665138261519947,0.2059678236285649,0.24112394454418976,0.0987128617338592,-0.03265192585162131,0.1915625595992617
0.15264337083953938,-0.03285237919747308,0.28400939608295095,0.07760232343478704,0.255694710066808,-0.144567023947918,0.21560878061447952,0.11703115419690653,1.0,0.34770551002250105,0.28363969799754507,0.11085453914895597,0.3479358865700241,0.12742194098141177,0.2680030488431178,0.18524074857611844,-0.012545621410967506,-0.3769937950658029,0.28744966389293347,0.15568083411090375,-0.2582505350476468,-0.3990984145196706,0.05723382247757788,0.11544687860779977,0.024333816205854075,0.14383212623303965,-0.25550887533255023,-0.2121943374271306,0.22702958128903045,-0.16468825943898102,0.02380988710460741,0.0690521574771452,0.08079637279647432,0.21092279978959452,-0.27766503535472387,-0.28517188799057985,-0.33212542392712724,-0.5626012353778441,-0.3270867039357484,-0.43794152857895613,-0.24338818544978197,-0.3635376627002749,-0.15026952774083396,-0.1180677848460502,0.2583016872411914,0.20039867293257935,-0.10118817974381306,-0.3070997334194964,0.28118793051319874,0.16813786662134866,0.17078857992297097,0.033950087589861885,0.026371001326477683,-0.19237674529628776,-0.20743923499243186,-0.1401702747009015,-0.06579145508613532,-0.17605968399812177,0.28798935232562994,-0.21517205240708995,0.06511921958297337,-0.07029805020398833,-0.14645275747323175,-0.24463871813924862,0.18314130839527293,0.255674831056487,-0.06803341341509832,-0.15615059103153134,0.10915808851544584,0.0040320564025143986,-0.21481723813951584,-0.3126724910070414,0.1389198770005476,-0.45023850167660345,0.09729743664123594,-0.26632259967487115,-0.3014061931290734,-0.5256065605690396,-0.0387576399444212,-0.35864794927003935,-0.1571579264230992,-0.08970019455118544,0.030952815155628245,-0.16083353104740689,0.21170387951610556,0.07293291826457278,0.3360323403749841,0.013829907707659577,0.07112476504468038,-0.28375326928310507,0.04862640998258453,0.2262291314525981,0.14425858941512001,0.3146899583821148,0.08795849185889486,0.0726131099294365,0.0279297521585223,0.1593511577224702,-0.09381202543212004,0.013773822326259883,-0.008006639594632823,0.1924055681833428,-0.1526828789902135,0.007900569729767513,0.12217247284174068,0.1426424944481039,0.1186689669615327,0.17654261933913581,0.10278791530517355,-0.01762292517035881,-0.08745850423719301,0.15677163284574938,0.24177697196428408,0.3528199061873817,0.3025171577483143,0.3303611818050994
-0.2597658710338768,0.028056264234464154,-0.03421408056408829,0.3239258792521017,0.3236914422208717,0.2898948767770711,0.2028041172439053,0.20990489366725124,0.34770551002250105,1.0,-0.20950549168889293,-0.1830645564356663,-0.12028525980658836,0.01610839667719434,-0.09994263084382943,0.2787178686834969,-0.16540791211919084,-0.3659950892090475,0.03418389746200158,0.2649841758332036,-0.08529559144469316,-0.09495239114348797,0.027400429165339784,0.1579082509806884,0.17947960862226986,0.11690192915795879,0.2234657735249,-0.23935949239357124,0.16439089233765894,0.011892927989322129,0.2001172869148094,0.10038066116616993,-0.280493703999676,-0.07608330269572604,-0.21547544533384674,-0.29744510311932776,-0.36874361665643707,-0.28681641304383965,-0.32843715667654966,-0.23088050122711795,-0.3489305684424612,-0.24963981667451046,-0.11905099164265916,-0.3526977924642195,0.3596627838477682,0.26585593229828036,-0.1324627147849511,-0.19889980444330618,0.17890301253005195,0.2434774273662424,-0.003966967987200287,0.05698882413367693,-0.19825319992758242,-0.12027831445389214,-0.2604879299794128,-0.43292029723745956,-0.20197673477589018,-0.045601844693097894,-0.008216771176757414,0.2759638008369333,-0.18649253553105105,0.11321397740221788,-0.011911881215145935,-0.006505882214168128,0.032238785358247264,-0.01097697495107839,0.25109175905824105,0.02700603284897388,-0.056108941799164896,0.24780901334048067,0.022649348203314577,-0.2670073946750046,0.02918533186588392,-0.23252812054447905,-0.20814964349644885,-0.2039449273201993,-0.4139327657889768,-0.3919419420282839,-0.05835916409672044,-0.44520884835802543,-0.27902278537606545,-0.1420252394177899,-0.21418079392128575,0.03518734412487812,-1.7693061727338608e-05,0.11548061622933746,-0.1843239519049145,0.06807006794167814,-0.12306251656016863,0.010113306400544413,0.3757972029076836,0.32372681784202184,0.2471165829292066,0.10310364499153615,0.006869059401402007,-0.09605111718452425,-0.17799049227366337,-0.11512483439162148,0.016081272838006436,-0.11242993313452303,-0.02669276737466276,0.05216651344764811,0.2204316302281981,0.14450592194362136,0.23575553255577145,0.23342476359055556,0.17540163736184164,0.21523723857884366,-0.02286197491831452,0.04710195531221343,-0.11109619569922388,0.14290374692528343,0.1365345140649908,-0.07435407915239076,0.13927706605694476,0.05830418826230952
0.46646581050574676,-0.1534308921980926,0.40371274387093464,-0.05858835756894242,0.18780811531775946,-0.27618371331238695,0.35998124335945864,-0.09455587314273825,0.28363969799754507,-0.20950549168889293,1.0,0.4337285727938552,0.7487111656413112,0.36772170203671234,0.4085448986229025,0.13624418626272752,0.23137318359819814,-0.08516137300175278,0.0959331143978599,-0.13038890420836882,-0.037973746622048936,-0.24298038863042418,0.31750426738477194,0.142828968061301,-0.015786244406451152,-0.07053018560459624,-0.2800657807386766,-0.1640168508835623,0.4037370585219508,-0.017801895850079956,0.13255262606485585,0.21337483795020334,-0.043271270681919737,-0.006962137969367803,-0.3558299957263865,-0.25937833573825636,-0.02388704542685379,-0.2786497133933787,-0.08096490849359375,-0.276695691758537,0.29602455119861226,-0.15349058694076498,-0.04045105101297284,0.004933202034222127,0.17231742687009505,0.12791461731685555,-0.25607991187877216,-0.36430793266457606,0.36696048969553763,0.26047239507156905,0.25245217149144455,-0.22735556451627728,0.22807292592763162,-0.35564676585662536,-0.03861126706874309,-0.2957621855373486,-0.07369922131040084,-0.30949679321380213,0.17568141743203167,-0.577060442282569,0.276027219708461,-0.09878287423629148,0.06449456999818387,-0.10316798287688624,0.287846740195853,0.10112459059785746,-0.377261497826678,-0.35549309288676134,-0.1916695666283507,-0.3572606337355172,0.08024609677993062,-0.2602342938314873,0.23066351419814238,-0.23943104355502234,0.18595742782494284,0.006489498028220399,-0.09649872590026265,-0.24362474350596144,0.08365113498931427,-0.0665172108554944,0.18375983733942172,0.0869009503672407,0.1451337972573552,-0.15972268735639267,0.38708574812879654,0.002251267723182355,0.15952971672968008,-0.23076533429415438,0.014633452255534784,-0.2542422099261596,-0.02678005592636766,0.12005334325367684,-0.0718341166811252,0.24120311839127062,0.4090799645472647,0.23312446164251602,-0.053804821385611254,0.2533647322948311,-0.2790047559042839,-0.17318736399842732,-0.05729644132603965,0.4974957900654284,-0.26807477821178244,-0.15158346468778117,-0.1093044430662774,0.05864123788585841,0.15807953405360892,0.06535064036200411,0.197977489461618,0.07725469816074282,-0.08180469081735908,0.030971104990726438,0.042527675607718064,0.22818585605981845,0.3541234715034533,0.21852187631279946
0.3179151905233768,0.37729998092342876,-0.16015329952734886,-0.21722218689407813,0.06925763338753105,-0.4872737811711457,0.26328988999649483,0.38981980730529486,0.11085453914895597,-0.1830645564356663,0.4337285727938552,1.0,0.6079530358112841,0.8136685307841823,0.04710795420189125,0.20031287007212645,0.2824032894539291,0.405021989293535,-0.1315793852481519,-0.24864452184088506,-0.12649269291996476,-0.2726783927179005,-0.33714507559658174,-0.41409826554515217,-0.5615691812122583,-0.5242259661802255,-0.37677787935498286,-0.45127030717281436,0.22860550560595858,0.4352464102183869,0.10002604622110058,0.1952147562498126,0.24258070697991055,0.23869351296021227,-0.14837369977088963,-0.06611058841952877,0.04750281879505854,-0.12449288995752432,-0.10120101276727078,-0.3297967791635683,0.13361485922981875,-0.060064901231979814,-0.3296661807923457,-0.09562572664526536,-0.28136616339707216,-0.21127288640118086,-0.263787313826465,-0.20680263167286528,0.150071431605945,0.09226413182010525,0.043737356546025875,-0.013808015170124201,0.243332674745207,-0.2982745017476861,0.00630706260590903,-0.04506083325843423,-0.02354610057280828,-0.14651393512883468,0.24993370254681346,-0.08574499433307226,0.3884132195661499,0.3906368920015366,0.5562280336140216,0.4309431940616841,-0.2543332655620803,0.02360762826826275,-0.21956856640325445,-0.23976468687578967,-0.17884416568304254,-0.482615713707722,0.05062589591542993,-0.07525000430233214,0.4836852943583516,0.061073584224085035,0.23574963591723602,0.3232054839013037,0.36743947940059934,-0.018412429480684653,0.11972965111457133,0.33721011393429406,0.22829584236544914,0.3562272416141271,-0.31106781118089133,-0.10078231337613137,-0.1082398980750082,-0.10454195141041973,-0.05532641834516935,-0.33599664715978506,-0.4156244138773183,-0.20933696093592738,-0.003451527925551901,0.09312129682634174,0.052005981857246,-0.0557864375490155,0.178574253976966,0.2648670566739988,0.10434876643563597,0.30885696628391024,0.13397325120004466,0.34875577644304384,0.3295031114419501,0.3478239101820874,0.02047907114241987,-0.4031820417766443,-0.20735625075155387,-0.20402342070977175,0.04198561774364134,-0.12153949056393745,0.1787030263273844,0.17458033789346938,0.11477669502740719,0.049237929031323215,0.07255520554245264,0.10783193630570609,0.15315103557914742,0.19214182507895064
0.3201104932425947,0.1189014137524346,0.32462754251042203,-0.2292788057648725,0.07032598561871231,-0.42265977771744334,0.3692789701772899,0.33145602875382674,0.3479358865700241,-0.12028525980658836,0.7487111656413112,0.6079530358112841,1.0,0.6868585817617862,0.2779542516699412,0.037215181636029875,0.2247196632392803,-0.042417321355320704,-0.1695391182344559,-0.36948753355948827,-0.17863781332504358,-0.4754217672900919,0.0828926179600248,-0.03438145381902048,-0.2502698140305447,-0.29170678839150543,-0.40948892240849005,-0.34618405220566906,0.2376893224936986,0.01293199904615902,0.04475767555721391,0.0397376374097268,-0.10021896277924244,-0.029887995598500347,-0.5458248444865549,-0.44925155275603135,-0.23367549605337293,-0.3052936493092155,-0.2937399521827819,-0.47733878872768554,-0.004797632686856199,-0.3774626638728673,-0.08623248002575384,-0.0722533462218721,0.03894614901069864,-0.016515204911000916,-0.23646655623453566,-0.3648349493241902,0.512047915697408,0.2672699002491249,0.39832236232694035,0.11163778662416379,0.4462717144580605,-0.3134338777060049,0.12547599238720883,-0.12063264807403387,-0.05462316521523369,-0.18148668251878505,0.3534841786083116,-0.35946552738349374,0.3544904560888333,0.2282749428283072,0.21532644888208866,0.1413305889106605,0.0739177352123113,0.33916666193519934,-0.24236317118821646,-0.34267428098535135,-0.08554737130240045,-0.36118918410335693,0.003977618693169783,-0.48371031150265364,0.2911779562859319,-0.33840601394789566,0.11328707474642287,0.02739224473879079,-0.0502554231125869,-0.4756652988828227,0.2107142225258944,0.005354029968873602,-0.01052201198499282,0.10719152724799509,-0.2296249395859044,-0.4822437998144303,0.09401615840612768,-0.18253378732241668,0.14083361446153103,-0.37114214032651993,-0.1520169002863955,-0.11238355399638726,0.20635876113615848,0.26894997931849524,0.2052878916270195,0.35741488520926745,0.5227362071974859,0.5101721176912489,0.21720554214188972,0.4944785563100135,-0.024379889986195842,0.07760743403580193,0.35135871386126355,0.5214873197271855,0.06323836424935447,-0.08758847904445141,0.030983647958433315,0.06303458248863075,0.10212231575333458,0.07892954812354698,0.3584088887035923,0.27648270318649953,0.17038479074622198,0.2232165993364244,0.29610614775766536,0.4048256459885921,0.3870095570362988,0.41810081810564464
0.23477248739187911,0.4890072291024498,-0.18008312635682067,-0.2052863879789711,-0.03103222579263374,-0.4503570605017713,0.15138587169244652,0.47251496369728774,0.12742194098141177,0.01610839667719434,0.36772170203671234,0.8136685307841823,0.6868585817617862,1.0,0.033246283044277625,0.27949954588642556,0.38130785101417736,0.21567511685291596,-0.2926490305196629,-0.2768057402694021,-0.18932207977664317,-0.40660913824920425,-0.335399840737409,-0.34458797054974394,-0.5106980405920609,-0.4889351721460477,-0.4019692984176887,-0.49627468935552654,0.24557591207658677,0.3652422377470487,0.017419859915357945,0.025661271468698066,0.06646825049357187,0.1386296505048961,-0.40175642696434105,-0.31125241576672347,-0.11027741223473385,-0.08388631413379645,-0.33404013912259384,-0.4451985099273455,-0.06504874630125788,-0.2318149982899011,-0.1736812396147759,-0.080417388758001,-0.13071797968764387,-0.1434491574094945,-0.18764696834899028,-0.18970754019599553,0.377912196314727,0.27942938414836255,0.1816958195718771,0.20394032196722914,0.35520184066939764,-0.24286310584456916,0.08453713607082931,0.02209395798630762,0.03242133822478045,-0.037233488882100554,0.1318151555750405,-0.05873470563625292,0.24899796811316044,0.37561614269950705,0.4663525022486094,0.4230796262576759,-0.38597789792745,0.1046286064999736,-0.18648173365823792,-0.288584039805137,-0.16296830672867718,-0.34883578241708435,0.04307763660273572,-0.3580303603466828,0.4666792006515733,-0.08670500626997976,0.17090290891175033,0.25030314534745907,0.20610586742868361,-0.26081185655572336,0.27489138614718567,0.15739259105643377,0.11082682278713896,0.2877621153342071,-0.5404761394723115,-0.3245601592861553,-0.19774841578147415,-0.1482649678153123,-0.1616389733411689,-0.361639199166821,-0.5645242326837141,-0.10958697422190991,0.24074124702083516,0.2705403998186793,0.24871494727309318,0.06912877776787436,0.404875495642761,0.3994509069796817,0.1728551830502886,0.40899406464709986,0.3309244874875381,0.4746789876101685,0.45528406082675144,0.4997491234632181,0.19618057477222015,-0.20910966682351145,-0.049761351614230856,-0.025408494757034956,0.12974007719709724,-0.03376849359037124,0.2776101692754037,0.2797908418429519,0.1660087086003701,0.3103251421787025,0.4219789583363287,0.2641746212556713,0.22161237212077156,0.30597692034632734
-0.0032241579069471533,-0.2661695784321226,0.32154630429873804,0.038347766701404315,-0.2503751088922209,-0.05180611168876832,-0.03408880909212102,-0.22944738986511157,0.2680030488431178,-0.09994263084382943,0.4085448986229025,0.04710795420189125,0.2779542516699412,0.033246283044277625,1.0,0.5743000475371298,-0.2032907772641417,-0.37754707203350063,0.2031267273132076,0.11472350157018724,0.16791989063885152,0.03176057901328772,0.4986896798098415,0.3612182575868353,0.3325228322272536,0.45819326353202855,0.07568868971394975,0.3882763522061069,0.28620629568076456,-0.2691368971879404,0.11818383259708387,0.1951906601583222,-0.03958405359549494,0.2891696555148756,0.08942630959902356,0.057486091230822184,0.05029784518205818,-0.18439685796340888,0.08097389909588003,-0.0008213478917278601,0.2643735910880378,-0.14638784789200657,0.531346110851834,0.5239572687405689,0.17709306253937318,0.14822279801090696,0.07748672510056312,-0.2984450954494976,-0.03414514378263712,-0.13727626014427344,0.3298629675417247,-0.13544933761320516,-0.1475477438173317,-0.11626559138900128,-0.06574740955688502,0.07077841848102014,-0.3736696841989867,-0.6141608517124569,-0.15024842769054716,-0.5337214727985004,-0.22228875368126294,-0.46547377896506115,-0.47009441523734036,-0.5343410952381598,0.48717567666293987,0.05841681039364157,-0.3511717996226679,-0.20903529480172411,-0.36991846309819876,-0.22922843541769247,-0.13926614728061895,0.0776877125411809,-0.27340785154871744,-0.45665304206938695,-0.22116601212786272,-0.4138690734867121,-0.12529163868906731,-0.03843358187305732,-0.07932791327726257,-0.3332016088463016,0.09398796348754568,-0.22756659833715248,0.45794210582246975,0.11316106344198325,0.606612803080877,0.38341873555219597,0.4693724743541484,0.22950910248113057,0.4677935497625602,0.1814784764572648,-0.3931958558969372,-0.2543600789769577,-0.15823559108684107,0.037763269271381295,-0.0827623640439913,-0.2858794476040343,-0.3716791125018131,-0.15763709851358856,-0.32443187366702086,-0.24532011906404944,-0.2162157003051319,0.026645880101467147,-0.37731290968707115,-0.16041210056820857,0.07300948308249629,0.19750965586541816,0.20680723483502472,-0.04014523949111442,-0.26364369847981134,-0.56962875050709,-0.5249092792371167,-0.10722121632586738,0.007654563598578368,0.27738004793289106,0.3433344367632547,0.07001050928596707
-0.005921947804453964,0.1406352135324251,-0.16894591645893334,0.11558620684622523,0.02151106591516469,-0.09071046780321593,-0.002241500153737377,-0.14196234555302029,0.18524074857611844,0.2787178686834969,0.13624418626272752,0.20031287007212645,0.037215181636029875,0.27949954588642556,0.5743000475371298,1.0,0.015286814950455096,-0.25732204898037875,0.11553580035190959,0.3199943254638785,0.2680681552435507,0.2090544818283694,0.11741969565598251,0.05811396808614644,0.03917102872032145,0.0919215660072491,0.16943931667023474,0.03456616481471271,0.47111456131548785,0.08109667067669656,0.20679405539424237,0.34188604405473577,-0.015686958071625543,0.2969249944571076,0.022591503858441917,-0.07035488583438856,0.1393930391351765,-0.14258349485122523,-0.037776380702165505,-0.036951670109848546,0.17203625884031573,-0.009960365759187515,0.1881614667851033,0.13121136619573454,0.17765503224646031,0.16776629023755643,-0.09082829129018045,-0.40996379784529297,-0.1082611241062436,-0.00028343253030248397,0.0027658131098327174,-0.2538846752627312,-0.285108040078228,-0.25030586541456096,-0.29917118112777147,-0.2481207792852848,-0.2786977937370726,-0.45488324923331597,-0.15606661304678904,-0.11474100992919681,-0.29352336421181896,-0.2487183435267852,-0.09564908946782526,-0.2003930273174317,0.0984530129520032,-0.2614015768611098,-0.08629592424113998,-0.20886978776133233,-0.23498390953807857,-0.16081642916181163,0.1395377495504481,-0.012909468270634734,0.020793183497740498,-0.27637993863492577,-0.1285162758597319,-0.19335871298383314,0.009641642618146972,-0.052717850311283676,0.10001837680334331,-0.29282746839805623,0.13118992834236454,-0.04882837134842986,0.15862211248460142,0.38239802500220504,0.3253882834322409,0.4086685038364346,0.07180915379805808,0.1162092741587956,-0.008717326465662974,-0.014752897980455643,-0.14917896351556742,0.017384173403667068,-0.04747345213737027,-0.09025937707679317,-0.10474701891423463,-0.20574586340908735,-0.4722106329555535,-0.1387580769715559,-0.09960241136786535,-0.07292918252224051,-0.22825378817594583,0.24776882860247698,-0.09342133967506343,-0.12488391859835968,0.09809219943822861,0.17092442129213287,0.2288291343746542,-0.09535071388927029,-0.1831137417775066,-0.367034085705416,-0.5069690310938783,-0.0297447818212823,0.13718751566292264,0.07977811146788238,0.37598221295687106,0.16283574273123155
0.45630523504211046,0.5469537885708742,-0.2832457752199894,-0.14379649770148864,0.031136945950779288,-0.5244991988972064,-0.07723905213441906,-0.029033883856636793,-0.012545621410967506,-0.16540791211919084,0.23137318359819814,0.2824032894539291,0.2247196632392803,0.38130785101417736,-0.2032907772641417,0.015286814950455096,1.0,0.4726239228434715,-0.009926206958790207,-0.0673564218451203,-0.18330364942436972,-0.2972481691074567,-0.3655687098354929,-0.40258551044596375,-0.4207590456754214,-0.3964708008630712,-0.45181398660832434,-0.36445259467506924,0.4502519581142554,0.5907458184364949,0.08623837380307751,0.13726677864850817,0.32936629281017993,0.24202873570168418,-0.4258995016724563,-0.23125400461214055,0.2096384709247242,0.06325119877388635,-0.28308730047355235,-0.3073841881209909,0.08524267043222929,0.05145224899482996,-0.10129623140864226,-0.10377095140641507,-0.11493477180337078,-0.21715481984897728,0.18517153282688434,0.025765761375835264,0.012353952383903466,0.1647687284845631,-0.2904733135810877,-0.10790931911744599,0.3141534843325307,0.2306965928008346,-0.07330499054855495,-0.053656027632105696,0.6797826249578451,0.4903526560948602,-0.0751729491825116,-0.08310326732448516,0.2912203532369867,0.2616824578057787,0.5933289364364136,0.5134391980888109,-0.4234621098682557,-0.312223240468061,-0.40720169006476503,-0.5707335027149164,0.14453314324050562,-0.2572522204782525,0.35671858502201537,-0.11772732415205206,0.6600822587077118,0.14861047632927843,0.5046193937247359,0.4095667864996757,0.3056433955080089,-0.10606069829381368,0.6307887626044383,0.31355010407841527,0.4978182019768448,0.7112097688976267,-0.3802108602408427,-0.08078013274107582,-0.200201532532602,-0.2971998262122585,-0.24328125993080352,-0.343720806505098,-0.4395971354621244,-0.3767419689127832,-0.036117189888080284,-0.04889753535599128,-0.21611862310501195,-0.3099410981658133,0.282607530110494,0.3619147234440637,0.10065011287608724,0.23964973389446956,0.30818400373669047,0.3095659441461243,0.0828736639209604,0.13187339369579704,-0.1536540751033293,-0.07126401244098322,-0.09797203808018984,-0.02263936174798122,-0.15340791595022846,-0.26523494275075443,0.3471915812893971,0.29719296038315945,0.149956209343736,0.38449847754237826,0.45032289286547567,0.07895884123431772,0.007830052857307175,0.08699217532743204
