1.0,0.6077902932724826,0.1789034635704376,-0.15445610489277944,-0.051081933496262305,-0.06906963652940065,0.2498668409084458,0.06270732195881783,0.06555109636353561,0.05490072552282411,0.3662933762654632,0.18098354483979143,0.1714661701689919,0.05026257061481328,-0.035691754611369225,-0.023171541140543806,0.6145111137920614,0.4088333042534371,0.44861909045344944,0.11522523669765468,-0.10274080282425954,0.14207026726668323,-0.15303258590440647,-0.37364366704229013,-0.12955213187910694,-0.3503531633960225,-0.00631212955936557,-0.26012613938545487,0.33528835977640337,0.3675867689001661,0.11481809415752925,-0.10395691475408403,0.33639530548951263,0.33629691462315686,0.07536790445716006,0.017439970229684257,0.2974508687237983,0.031633539196943734,0.17763937524581735,0.026639345282880623,0.4018803202716587,0.30988198742505757,-0.22691669231578335,-0.2711002615860323,-0.2770365981785722,-0.43383238364792875,-0.19797317910498988,-0.26870924411521857,-0.27813286489003786,-0.29904524696471524,-0.31939974137058813,-0.2543708240273948,0.08444660543395789,-0.0809132614839081,-0.05488685313246082,-0.12163775242508357,0.5691648341730889,0.5234725902575111,0.04057844535431228,-0.2567631306818135,0.3466939216541757,0.34056920772395405,0.3615572381902191,0.4975420285868376,-0.02311754154393438,-0.23300703144123056,-0.35267568007227734,-0.5532002179555037,0.21802962154962865,-0.27670767220007614,-0.08001590738773556,-0.2088830531123145,0.3957249609384689,0.06736808742458565,0.04508099010520595,0.20867537802768163,0.3334530783400213,-0.011225261215471164,0.4493388969624911,0.09219885430920105,0.47532827485223156,0.33038507150766083,0.07106592841638364,0.30456819658705303,0.15693201372461918,-0.08958499504073111,0.11889937015627401,0.1218236032952932,0.10313757077518103,0.009438799048461358,-0.2871958780024534,-0.38848361574571544,-0.23678320791628168,-0.30911550556359985,-0.20222494015468367,-0.01448338895475536,-0.1638187526443292,-0.0745340294621387,0.02624305813173902,0.09041188242132636,-0.37310296530996107,-0.1302720742625299,-0.12094175490108552,-0.02670728980423249,-0.2538832488059621,-0.23594663067092675,-0.18230193859327576,-0.03487020872650769,0.048493828040834734,0.02335774551388339,-0.1893344589133581,0.0915006128292631,0.1758682462647534,-0.04850194777383505,-0.23698506677688125,-0.18369996382358963
0.6077902932724826,1.0,-0.10784540812546614,-0.2903746679174174,0.02498921766183535,0.04021758264649079,-0.016078595314147993,0.1322062231945065,0.06044587822668832,0.14600788507286863,0.10539219427283023,0.03683091253317394,0.03383439024483221,-0.022074893915339167,-0.07189366750279408,-0.12048820402493114,0.29091391422405616,0.19784445467665368,0.30619573927546767,0.15655744482691475,0.07856348818511304,0.08154760256375504,-0.26428898457379796,-0.3343210851319255,-0.10621472576516952,-0.24033733660865167,0.04436855846851401,-0.1301926656072459,0.03323717271625869,0.05328752252717366,-0.1578037058547617,-0.3582439569828024,0.11758953246703863,0.05198687616972094,0.13759918113580247,-0.1319151561427827,0.07223559065467515,0.10501218696543933,0.04001805150060226,0.14566213528607413,0.15534093861147372,0.1582864396173533,0.025586964834087105,-0.02079330552856205,-0.4245126405945824,-0.2598957779487292,-0.1354972397972472,-0.042209040171587706,-0.33135674334194604,-0.1773067432847574,-0.3954892801922157,-0.23485042737759623,-0.04711813257587717,0.012465810066464602,-0.3245743270648624,-0.1861172046885809,0.3883465784349228,0.6071106890987237,-0.21285620620018234,-0.07348672513328797,0.20623287703258697,0.3525981136130116,0.12870420452964468,0.3092915928839283,-0.049436442224784424,-0.1607321453828276,-0.5414386041189914,-0.37686797800744304,-0.009177998768050168,0.03748065465074128,0.11027502975627493,-0.18849110825028983,0.03464636632986737,-0.11310189937010143,-0.1469461169284786,0.17098951448467317,0.15599139978859872,-0.04623991652192328,0.21436306050245585,0.04184865991893977,0.2099334935605733,0.038307746819094574,-0.03177284667977076,0.06049878457111203,-0.03512728628440681,-0.0743244315563941,-0.06581695473101824,-0.1610819475890701,0.016552699845137207,-0.10526119856189593,0.0836924165440464,0.06350111383597759,0.11312075357565098,0.05352291528672682,0.11392345218783093,0.12043720228091986,-0.03948864297570883,0.05503995149362853,0.16172108633990812,0.27044234180444204,8.684059150730737e-05,0.15952341440278386,0.029030831127734014,0.10437471861563272,0.0281223880924582,0.04976964356067674,-0.013536762580872087,-0.051570298111564335,0.1414806566354916,0.12917006654699434,-0.14080416247744512,0.24501745792114293,0.3803555985230809,0.23768577339780617,0.05944009730121974,0.1303611852513478
0.1789034635704376,-0.10784540812546614,1.0,0.3777031012334431,0.37175174056883914,0.3455541092795042,0.6010626725190031,0.3115198782640327,0.206850297146238,-0.07251250576016399,0.24565101796556962,0.08993228221981905,0.2562072176737247,0.1292939659005842,0.15536154916929248,0.17422292248168209,0.10585185573573559,-0.07164846127120543,0.012372066994979933,-0.17917758117778487,-0.07660225964455403,0.046389918661779966,0.33264656192307046,0.3055476772162198,0.27765483568341587,0.09655022558396249,0.41973008052801725,0.2079603206367226,-0.1419208378528793,-0.1653224588079319,0.03651587296854667,-0.027071871619012648,-0.06742748064260697,-0.042312980789388964,-0.33749826038065467,-0.2109820374760918,-0.1695390761160706,-0.2596366087092559,0.32057475886281744,0.06668326155151087,-0.21772337672338574,-0.0280927641245737,-0.029358554221835757,-0.03703128564007228,-0.15324153155934317,-0.10731348650853911,-0.3042427899906985,-0.33737398349133596,0.23672418554627156,-0.09371291444187954,0.4184967015258907,0.19773533321122083,0.03564643820004244,-0.18501676434657943,0.4749750970468159,0.2330975511771973,0.043434822370402415,-0.026283742186540886,0.2163422192878717,-0.08333222090306071,0.34345817194957184,0.0007117012519029896,0.13234161936839903,-0.06701176382600085,0.310347596324459,0.18434781750589468,0.12238850628890433,0.05974469688882961,0.0054744125375870145,-0.2403066283053894,-0.05517566469936913,-0.06551464798093384,-0.09168533237696258,0.036102659578747975,-0.03546334351548016,0.0877904272969237,-0.0827199904193137,-0.11953745681185325,-0.1309219174577759,-0.0506902979351983,-0.29185834663680965,-0.19050425324854978,0.011917794477501052,-0.06527631761660925,0.0755876342525231,-0.07960083494405994,0.3240118355812777,0.3463601994642846,0.27962059491110464,0.3609108975605912,-0.31275397747669914,-0.31841958203852283,-0.06375614341485034,-0.22984709231624156,-0.3257495907950589,-0.0860363320453607,-0.1747803501449696,-0.034463090573619744,-0.2923996614255825,-0.24436728924539033,-0.09507525078317955,-0.13211944173092127,-0.09699148292047789,-0.0029710775097054353,0.09739694051376939,0.015449686505216978,0.03372121265900172,-0.012343996618857527,-0.0787117708607179,-0.046712200842634465,-0.12170620741330597,-0.1338272240096255,-0.2655080808542535,-0.1283672414026951,0.06409951732562999,-0.08213092010611756
-0.15445610489277944,-0.2903746679174174,0.3777031012334431,1.0,0.20999920315821108,0.6233186789727279,0.4781994718510353,0.3856210385875364,0.1888583983238423,0.2872408002558718,0.1428180806139986,0.22906268076317757,0.12555569379340037,0.542185692485702,0.275322011595782,0.554701007325321,-0.17419667676495487,-0.11783631031326446,-0.1705622039592149,0.02895990261559293,-0.09613266164021204,0.02683410335894297,0.5521826469786174,0.7338885607553853,0.4306865117471735,0.5740233275581539,0.2807243732410964,0.3407667561515589,-0.3111276120236414,-0.18366810681844772,-0.001954077093035732,0.22261794329223775,-0.36586192468763656,-0.17787096112395553,-0.17075075696766215,0.04791014720990685,-0.1773142596999953,-0.17075108066152317,-0.03419596033740439,-0.161257009740873,-0.33211901701396745,-0.3045679081800694,-0.08626505765052751,-0.14291212364618425,-0.001345762334696582,0.005145427868879956,-0.2121810347901984,-0.27134361994059875,-0.18979975235079408,-0.16452765366706193,0.20377965479800114,-0.25353121485458513,-0.09556624352927275,-0.1121319946852902,0.22395311246269928,-0.049387510762689046,-0.17846439880222975,-0.17423049585063502,-0.1268021480331407,-0.3053361809911085,0.00701684390804272,-0.1595571080927178,-0.18976374483628142,-0.30567915855499406,0.42370501399037785,0.5716133229510436,-0.1847326636856113,0.08842382617379019,-0.24499594828062887,-0.09003172071479904,-0.03252351868723943,0.05912601378055246,-0.2802339882921017,-0.04453034872430323,-0.11480260360225363,-0.05362244594948879,-0.24509074232907122,-0.08223440115953468,-0.1750785804896407,-0.0729206899852686,-0.2552027480207258,-0.21426781597598643,-0.038719633863360754,0.10562261056403968,0.5172238450324653,0.6155987867634016,0.3551820657663112,0.6038114489317064,0.2923104670237564,0.536189055131527,-0.049529149968139535,-0.16216770094444116,0.17648103471294338,-0.23929461064449095,-0.3533642558661229,-0.1560865685023896,-0.3482413023879622,-0.24393941638378017,-0.36511490230813815,-0.3873019188818403,-0.17866235209936043,-0.37274429680009685,-0.377824505832695,-0.44487894776644665,-0.23781282995679717,-0.19561956518424187,-0.10271431099690605,0.03235932676616272,-0.1514123941335345,-0.2025080159124175,-0.03743516445825493,-0.24221421781345853,-0.40050637864298344,-0.14736981842915037,-0.038801160801905495,-0.18988566723327513
-0.051081933496262305,0.02498921766183535,0.37175174056883914,0.20999920315821108,1.0,0.27665802194622885,0.4553681895047324,0.4108781050418242,0.5938665026897031,0.6031510888724916,0.13855762694354107,0.07463846742486381,0.3324742050608243,0.2814020948093756,0.3687195424652715,0.33324457914087785,0.09298177479292771,-0.27833613840728044,-0.19432262719649415,0.03939492021817919,-0.015764802142310564,0.004376737897000987,0.06755638944803569,0.17613862478106043,0.35458033935439576,-0.025484393927367566,0.1897146705475906,0.002040835097956321,-0.0850122352574521,-0.12316745186191452,-0.04688267160941194,-0.12368916832205075,-0.09677566955114134,-0.07050282791503173,-0.3430206695795977,-0.5062175957992651,-0.1764082878186053,-0.2799587935715093,0.006552055951048815,0.04125169735256812,-0.11941421216594754,-0.06235066344219528,-0.1080700124472551,-0.18017876070280123,-0.11338698304473395,-0.031540143269017266,-0.25894012166318625,-0.2962722366871258,0.013125367868734075,0.04253734789614981,0.02375309042379125,-0.1338539967948684,0.01840131479179359,-0.07341616359899204,0.1704038486152014,-0.004882510397342475,-0.2070658846550715,-0.09172916261478052,-0.11682908132783397,-0.04228669234565641,0.21457855639003198,0.04437489655130292,0.011151083675122153,0.01123842798130902,0.26461745154732064,0.058190250170938575,-0.18038203004874345,-0.03747825413063024,0.18796745595730754,0.1496177076114055,0.29250686250581753,0.17722150654597402,-0.1428901568128941,0.058269972831690275,-0.13784164982380642,0.16326313377172177,-0.14030143604348227,-0.18741669348362267,-0.17348229206332402,-0.26999505526413464,-0.17055101308513934,-0.24299803034392164,-0.12076787863493711,-0.01029771418098086,0.05095080643100029,0.0419844282726118,0.03348671568396304,-0.07268596435959643,0.31132898569106016,0.18059661446486874,0.07605682202888984,0.1708350139776208,0.3093385593820332,0.1984391047895707,-0.22071006794149375,-0.1433978467426793,-0.4172101199007427,-0.06407925571816232,-0.25978018198665437,-0.057935222038492745,0.06700232561987571,0.19302145111757726,0.11396362583858757,0.09470989163608393,0.06346562368332849,0.08990817755871446,-0.051974192128238,-0.09579545867040659,-0.24116881230996481,-0.06616175228399518,-0.2781631506520158,0.004460827037669571,0.08387503394033181,0.15631309416604883,0.29148784341282197,0.14210024910649055
-0.06906963652940065,0.04021758264649079,0.3455541092795042,0.6233186789727279,0.27665802194622885,1.0,0.21183209440174033,0.36226138643004213,0.19477339217403264,0.25415568626694074,-0.10300409395296467,-0.129350660965479,0.07391488783645264,0.18210676566777656,0.21337079391108704,0.33962790607272253,-0.2128690135276734,-0.25847710338627256,-0.21640392542735468,-0.04516057999413362,0.15537566773453027,0.21376407177524936,0.5210104444526343,0.6455927987199467,0.36727542618091363,0.6140308637283788,0.636035025436255,0.6305728183857878,-0.5548444371454656,-0.5095297035337485,-0.26731186924419614,-0.19147675365891384,-0.4823601080824731,-0.3909509462256388,-0.12889504526104176,-0.22729696265437455,-0.28530588026391585,-0.26971703397575425,0.06416098758986204,-0.037231409968329195,-0.5605802529903031,-0.4501245541134751,-0.05045783625080364,-0.05764225955604702,-0.1506177186974565,0.13958834386882643,-0.3906846852607914,-0.29193392471045326,-0.12314409480406471,-0.00187282892283912,0.1511370061157654,-0.126579499598143,-0.3108790221377218,-0.25108991759746996,0.16923780802804536,0.004653363008113112,-0.015578696738262737,0.06112199447691387,0.007807635571807859,0.011844623720977273,0.025779094577964325,-0.12107980615606476,-0.36374002881887263,-0.4107520506751937,0.4695956876658158,0.5464458870050545,-0.2129228341278862,0.2262812340057202,-0.18399565223196312,0.22707594726505761,0.12137256661007499,-0.09535518866348122,-0.6087196753464138,-0.27605654220875653,-0.3619109506553532,-0.07455972593213589,-0.4192319132740813,-0.34337525143300157,-0.2566301798990957,-0.15177992499697623,-0.37754662047030835,-0.42803133765421253,-0.2474786035285049,-0.18044311556229278,0.2983627537397048,0.2905105529659186,0.4438299639207268,0.40886143683954435,0.5023587260480524,0.5390770657716533,0.07815836517184938,0.09469459316138075,0.4001141476057754,0.060329612073198084,-0.12281371907890977,0.03837594800865902,-0.3804278393056981,-0.10599635369067542,-0.3931502256578169,0.016912906943966053,0.16362102780962612,0.03788797783653922,-0.08709032112100845,0.024757469575071647,0.2351026387716102,0.29227885379657675,0.18303770465659455,0.12002852437616504,0.10437757238434602,-0.08234488136467252,-0.10814181495780513,-0.05653815340141086,-0.0997061523880621,0.08360978173043343,0.203547896784905,0.13333624101322358
0.2498668409084458,-0.016078595314147993,0.6010626725190031,0.4781994718510353,0.4553681895047324,0.21183209440174033,1.0,0.4738920446080968,0.5053019899530865,0.3610968432794576,0.40591133819734515,0.21461228059045126,0.48123552190979285,0.41673664878112576,0.23197312696173475,0.24798906469710502,0.1637690462195155,0.025871197474231642,0.154494767884878,-0.022528755071560845,-0.22711688342321182,-0.18934335926019316,0.29391103048802314,0.2837679932206735,0.27872705584859464,-0.027095057491079287,0.04327987841764697,-0.023422539507209655,-0.044443848508161674,0.027755979824591298,-0.06283502897089181,-0.005061850574020704,0.08583809302839429,0.08433837169571776,-0.31471632806138045,-0.14227838704410667,-0.1480724908304246,-0.025748122262591447,0.08269540330919274,0.010485805950308598,-0.03138736580687455,0.03469897295673208,-0.05570041384790351,-0.25162830534608654,-0.1543328598316355,-0.2758934594987552,-0.13819971436480755,-0.2819397813373108,-0.20710935749307727,-0.2390162395360934,0.09565864092786354,-0.23218101889384102,0.11446612601750965,0.14433817929064424,0.21034943642750228,0.03586414119598645,-0.14798452971452739,-0.013727083970143404,-0.15566576579685595,-0.45956160864032775,0.3607430678426956,0.13335668460771488,0.1297947465321093,0.06261238021298078,0.44825677130997027,0.3030343975204935,-0.3049454684884162,-0.2829503724320859,-0.003915841710152975,-0.32496623116131396,-0.012069842405633194,0.26126920488844074,0.03840063558576255,0.19532586189114146,0.04339337353454164,0.2674439074962814,0.08377044266942205,0.06451440670215056,-0.05690995393655916,-0.06441370114348795,-0.13538445478978403,-0.16032808117567748,-0.09942152275665803,-0.03062099441386554,0.33543920745986877,0.2164838653195527,0.37569412837433,0.35898117656888073,0.3895133422463439,0.3529934675956983,-0.21696809088285143,-0.29581346846190015,0.06667334644638141,-0.2429013479185191,-0.3886378853247393,-0.02688017345435821,-0.3333583536222963,-0.004344724873384247,-0.18958986807527853,-0.20116849430462416,-0.2655155000438404,-0.24607494297306698,-0.34901353869345736,-0.35995409528009653,-0.2578562497841529,-0.1353434431193207,-0.35776011369426103,-0.20823112055803372,-0.003071732829662747,0.055801549818870186,-0.037127088399149855,0.04362379676138149,-0.0559204606522623,0.0952265146431158,0.09272018731328706,-0.08124367596173157
0.06270732195881783,0.1322062231945065,0.3115198782640327,0.3856210385875364,0.4108781050418242,0.36226138643004213,0.4738920446080968,1.0,0.3030221902338473,0.6237286910242034,0.32525395800003504,0.4035140284465142,0.38982193021635986,0.5723879021085062,-0.04667597939081157,0.3296058888677477,-0.025300801017870096,-0.24873657578279296,-0.04307386931917842,-0.04544358946824246,-0.14640789914598748,-0.2830844458207149,-0.2360849937755495,0.04385718796447775,0.07186866387205663,-0.15738969393945643,-0.0491417540493195,-0.22227736382437102,-0.2216330340883073,-0.09355227386580131,-0.07472646306214084,-0.05193713713818208,0.0012829531049382147,0.03244822911201196,-0.2699623477720174,-0.17241734390742164,-0.09165110048377773,-0.11994588933502062,-0.18762362708488411,-0.21474262166665853,-0.1515802679013937,-0.08788682551316991,0.2722327329543557,0.0671473133085237,0.039457012671291695,0.033283062438173486,-0.1152003457111815,-0.2571596061603558,0.060252826051448966,0.04470250740322521,0.22009499173619518,0.044644142524118996,0.19990905621552316,0.051035306510524334,0.08013566209070774,-0.07932609487845016,-0.21745812190311672,-0.1559376479846083,-0.17110662134250887,-0.1899232605712454,0.29237301442648633,0.49128244189038056,0.08117820934030118,0.18254129013071943,0.036312821049468695,0.3487786884089066,-0.3067936771508013,-0.118370934278524,-0.3530184223762036,-0.19621205192534905,0.21174364478708174,-0.0014105174053098957,-0.30072394665513086,-0.016710012272094614,-0.19578243763722655,0.1908726783232954,-0.012101696536331667,-0.07044132389317284,-0.24798348070145987,-0.21367476789684317,-0.3332285470703744,-0.3997880967398042,-0.3352511338021379,-0.07292248230981123,0.18561467236682674,0.4326397573839048,-0.07337908594660156,0.06469197663045172,0.13596318643074312,0.2640142959153321,0.0530522970463533,-0.0479345623554243,0.3806949823469093,0.08491735010044704,-0.5111590359434574,-0.20617758694226057,-0.5182529011837131,-0.20108013465256264,-0.1221497078718991,-0.05909636664151784,0.2754134249338026,0.14327174077935864,0.10826014958979462,-0.10375322736237559,0.003021150738735754,-0.10531248233801314,-0.08396927965759948,-0.0951014550000932,-0.1450786502232953,-0.18517832129866058,-0.3311310223783229,-0.03456655474311285,0.13710622912931197,0.14985953525946746,0.13150988627441887,0.0007038848613673472
0.06555109636353561,0.06044587822668832,0.206850297146238,0.1888583983238423,0.5938665026897031,0.19477339217403264,0.5053019899530865,0.3030221902338473,1.0,0.6141929817376006,0.2822467670958173,0.11836749646617374,0.6042037213414423,0.37622806893123784,0.29341223458386,0.21919055846532695,0.2290066136252425,0.0008730544715206111,-0.10131411431313127,-0.09420881196747763,-0.33688465841463633,-0.16687573505935394,0.2611732624075188,0.16139412674301337,0.411173936162194,0.09381899449097929,0.19326491744762067,0.17984054076893863,-0.08190912220589519,-0.06378943066243029,-0.16975682048184063,-0.07603860725530794,-0.02585026993712358,-0.014646079646951197,-0.24707235647467832,-0.3270158426273272,-0.2303444540587439,-0.07252056891556515,0.03263334509123023,0.07829263563667781,-0.21073824176589195,-0.21865840909842646,-0.09840625611867597,-0.28311851442502456,-0.3134035066611624,-0.3530526236263689,-0.1707125096926777,-0.28806146784139625,-0.3338950815064651,-0.26608202296762834,-0.07721353988750064,-0.3790814371758205,0.2830527300336353,0.19264335505566452,0.17357787581160855,0.013632224028861984,-0.06392054665347012,0.07669833748125002,-0.007084969220503517,-0.3170149748333953,0.5022369603562,0.2146301481068683,-0.06424390905056468,0.04500215497068051,0.4866864464140553,0.22881619555939972,-0.43558749308311057,-0.4139343891350197,0.10031885694394872,-0.033482043098372286,0.08743357609670414,0.24875034081376926,-0.0836098818475214,0.04359325594866986,-0.10885592625171171,0.11362724950989361,-0.0469811141391572,-0.1382812746716004,0.055882296628470794,0.022342295136135188,-0.003609462961154742,-0.0794981464386319,-0.41065456143968326,-0.23583427882582017,0.26334561066685325,0.10450172351519488,0.03920181652135011,-0.01907970597702968,0.4883975959912861,0.2867047161132842,0.03729513636096427,-0.00935828453461787,0.20078336828252993,0.1602465939990829,-0.2921492060077475,0.03375749857385726,-0.3126418246580515,0.09055474995551271,-0.20411014955369916,0.048679349261633066,0.08697593010016706,0.07203077149717538,-0.10700071072974862,-0.2034266278724493,0.005131511808709271,0.0891605593815745,-0.29541230453674144,-0.2626673071994042,0.043849448414604704,0.12133361369556629,-0.11135106255270805,0.13066078530586786,0.2132729456629939,0.25396612135193364,0.3339562170832311,0.18240008152773982
0.05490072552282411,0.14600788507286863,-0.07251250576016399,0.2872408002558718,0.6031510888724916,0.25415568626694074,0.3610968432794576,0.6237286910242034,0.6141929817376006,1.0,0.2667662405928417,0.3494162991653434,0.5035239283216478,0.5580367669397466,0.325271363806536,0.4927849973931838,0.20773768468814918,-0.057827019897038714,-0.10393770778114837,0.07622419269866816,-0.25849683058115586,-0.14853645557537992,-0.05353356247072738,0.06990140084443301,0.27033631529534113,-0.028008317708163647,-0.1557598073271558,-0.16756199451163098,0.03173864337385012,0.10701254826413889,0.000981238979138854,0.06634532027667234,-0.04130326638781246,0.06881857231901148,-0.21293471793529747,-0.2325986664967317,-0.1805832049175121,-0.04119829295442071,-0.30117643370599534,-0.15076594182628267,-0.016422012694312055,-0.10618352291858715,-0.07972757880444976,-0.24528643361726854,-0.08539759708428186,-0.11278435154731882,-0.07516264537915479,-0.15434211383035878,-0.3480527582259151,-0.10020256644064994,-0.2607012119913768,-0.4218143612414639,0.0029640889725197294,0.05497265326639068,-0.10869595261441126,-0.20818859747989307,-0.1952725537715445,-0.032507371064658314,-0.3171797868625911,-0.28703311897947675,0.17656265212976766,0.32618064806730435,-0.004228549744827233,0.2152787826592676,0.12397348531786367,0.15243873319481585,-0.5468495985551484,-0.3430110552231379,-0.003408449117708887,0.03074557594545855,0.1381614616111078,0.14576128616549666,-0.1082144472543334,-0.04405850352626599,-0.2117485345116605,0.10092159556438464,-0.05872499111226046,-0.07178217973906938,-0.049468630899016194,-0.10741347541697524,0.009232610067943077,-0.10253338024986035,-0.18732716452630943,0.19762056033841238,0.2616888042252284,0.371012908514642,-0.11117419467411258,-0.02089485155860386,0.24701309192485413,0.12501556913665632,0.14618771876614142,0.10359411928061206,0.3657392693892246,0.17984956719266187,-0.29740140773866786,-0.10987587776183118,-0.48510452361629597,-0.06694262406158295,-0.1290347934433259,0.044862250445582834,0.0827394071949211,0.08915112651059327,-0.049423427701509225,-0.16954544098364177,-0.14614096077732522,-0.12885111726806933,-0.24887418476389545,-0.15982447476529502,-0.16120261086934545,-0.08407152328684211,-0.20553723408622115,0.11082698997618895,0.26934488251269567,0.22048729926878505,0.11356954250798289,0.005305651183700956
0.3662933762654632,0.10539219427283023,0.24565101796556962,0.1428180806139986,0.13855762694354107,-0.10300409395296467,0.40591133819734515,0.32525395800003504,0.2822467670958173,0.2667662405928417,1.0,0.7423743858357219,0.5551480914389625,0.5558177286099033,0.23920642463118166,0.3077015314746863,0.47904477542000173,0.34137404825639506,0.3623755916924744,0.35030189780584514,-0.25726744187841627,-0.12557667120168725,-0.11657577818593004,-0.09756607709393106,-0.08720683949380878,-0.2300286798326485,-0.07234035441529013,-0.21714702959524806,0.43468870459590236,0.45839559532190965,0.17535837996831305,0.2365808782988435,0.2913004805393074,0.36665840057159627,-0.15472845211471883,0.02888100327757173,0.13048155357919916,0.14141848820106714,-0.04636069884339382,-0.17827150861426647,0.25767808685262134,0.2948159428819423,-0.034144240165512194,-0.2950671954356097,-0.2540029204934718,-0.5590819273383719,-0.06830629901275272,-0.2113156857032075,-0.2798431130519006,-0.5410719455727907,-0.23549697116129742,-0.2885905605224312,0.2908004736504692,-0.1511493602565166,0.15112535775442829,-0.26473171199992046,-0.21995275549802684,-0.06065518391830598,-0.2117150522136201,-0.5233277140203242,0.5397495245209767,0.31238553882531994,0.596201316689142,0.4883719832119493,0.013331755352616203,-0.09303352077461716,-0.3146018651343938,-0.43772562700862433,0.15676262812525044,-0.2721719720843223,0.22713049743989117,0.3114672788655049,0.397229299086596,0.3664073306071319,0.29839014282526716,0.26280273721797476,0.38873921370071474,0.3004383817203127,0.06187806883003201,0.09708972552907603,0.2562207316030538,0.2639304545647798,0.033019535019334176,0.31035176659696967,0.27020933517457685,0.1413939555106943,-0.12688053744723346,0.02861140708180191,-0.05279187687189141,-0.027936278833420418,-0.1986248245377444,-0.39649875416230773,-0.1348594816554612,-0.4327433072546741,-0.5531754420446817,-0.11486029418334705,-0.25296181813228835,-0.1704858496093758,-0.28928696479830757,-0.252175811964811,-0.3583086401182095,-0.4055653213278486,-0.3479774545219902,-0.4495436579503038,-0.3751360530791352,-0.49225359370633165,-0.47990101994540096,-0.3585487439882552,-0.14075414641204176,-0.052877254667721106,-0.017641705251198733,-0.05560988858888476,-0.047578234881974005,-0.06733518998100291,-0.05201986302341108,-0.2197823067598029
0.18098354483979143,0.03683091253317394,0.08993228221981905,0.22906268076317757,0.07463846742486381,-0.129350660965479,0.21461228059045126,0.4035140284465142,0.11836749646617374,0.3494162991653434,0.7423743858357219,1.0,0.51874031551883,0.7453811872059342,0.24003207734743998,0.49923641137784985,0.43123450618991205,0.35409548689289794,0.1987848520540814,0.34001056018189146,-0.2808995367689449,-0.2129289974063726,-0.23986343046366324,-0.16808907432865353,-0.13451620080001503,-0.2536859256109464,-0.175348330461715,-0.3639013132442641,0.5690199823262461,0.6160937280339327,0.4205653100705682,0.4038380043007941,0.25048020706530083,0.42664332754228135,-0.1317191856392097,0.11818119762015727,0.308657165749732,0.26301471092919465,-0.08287557145548093,-0.1494213882059556,0.33344501899751144,0.38097050206823474,0.02396261754829436,-0.17679128564223315,-0.05511471388734201,-0.4419773265470356,0.1502980820349301,-0.06826164572983595,-0.17780591596833967,-0.38228441001979296,-0.21814536706749085,-0.17178119051773008,0.2575900460113408,-0.1373006951650152,0.11319169005542667,-0.16610107446654895,-0.2868423155921478,-0.24814848735827444,-0.2841143788486819,-0.44705173651574015,0.27635993736835146,0.40408602973860924,0.5199511019341191,0.53006293051375,-0.21051203415492217,-0.08984566088614128,-0.3035231321820789,-0.4683744862254775,-0.01765562222660185,-0.3193567179559298,0.0954814062846631,0.273949770548235,0.41632466234627824,0.2423486910811441,0.26670557236011205,0.05280592260258955,0.37013018253575986,0.2636236852889925,0.12482134407243967,0.16404447989874213,0.3006901105045698,0.3561859840149559,0.16628445167574046,0.5083991200935833,0.1835347223504197,0.3140662875191421,-0.3109878831356915,-0.0019709616151444604,-0.3110792564214101,-0.15704330822460766,-0.19172946966191415,-0.4258423160695805,-0.269384902287484,-0.4072559624584675,-0.4417202451922438,-0.3530930673595317,-0.16706882895205574,-0.30730686184133865,-0.21347181043325308,-0.4137981297627665,-0.34401303591749954,-0.43843308418580823,-0.38300021101040965,-0.5069967189874522,-0.47901583794153785,-0.5591372849078724,-0.5165721274279953,-0.3927575743287383,-0.3957179023746664,-0.26880094680822825,-0.11821947558763546,-0.23124957330446425,-0.1453777141035783,-0.249753813102005,-0.2138248146999697,-0.32460804681149125
0.1714661701689919,0.03383439024483221,0.2562072176737247,0.12555569379340037,0.3324742050608243,0.07391488783645264,0.48123552190979285,0.38982193021635986,0.6042037213414423,0.5035239283216478,0.5551480914389625,0.51874031551883,1.0,0.6032581245058347,0.29728597060255385,0.32158481440023967,0.28188625582049476,0.057543613385637536,0.04971419760987318,0.1409468464050819,-0.2714373629828933,-0.14375975848971856,0.09130827233529513,0.019029801587518862,-0.025270683869435987,-0.19204337914248917,0.07954544957939069,-0.09179209943554102,0.18104793682645753,0.19759011821371483,0.022367889627981898,-0.030351807265223244,0.16544921474855095,0.16248937123767146,-0.29595659036139516,-0.38226125652742055,-0.10932057793649248,-0.040555108134035,0.09117035273416318,0.1585561080438492,-0.12173647082974545,0.2204385433133843,-0.1604802484063284,-0.43439479058224423,-0.318232922925844,-0.4653304516696888,-0.03587323878827194,-0.15505728445192296,-0.21896327664205803,-0.32306538263766305,-0.10777888360646862,-0.24053462565447126,0.35385632581746496,0.151378816758835,0.28920786570296947,0.06842368743178287,-0.2225325526261546,-0.1070628789211795,-0.20705489491774912,-0.2580452365907786,0.3844816321754118,0.3835578559427633,0.24543632926347062,0.32441393283607745,0.08145825386993769,-0.05857729596064214,-0.3817745739607972,-0.5011148549238943,0.2462514708578186,-0.06676435588168526,-0.016921982001153274,0.13199382300040927,0.09437721623962265,0.1778360325793839,0.13350737127397416,0.07518678193666217,-0.05195265769484575,-0.21178301042549164,-0.015377927494786756,-0.027146203770587195,0.03378757237234695,0.07425338880856008,-0.21616609541394727,0.08827990908026,0.08707533362568372,0.12457729716786435,-0.020238362739441892,0.04624196539663881,0.1518875178532064,0.24332173929111073,0.03178106889830783,-0.0734312424339235,0.04941149007873668,0.03256205861322896,-0.3148113560996533,-0.017358275067215188,-0.239851411743372,-0.020694969177286426,-0.22324371816762079,-0.036193179994556485,-0.022884551228987353,-0.0984753976289421,-0.17014555946971852,-0.2273272122733014,-0.014226765958056579,-0.06313974083926904,-0.2875472527580429,-0.27789207976592384,-0.05649090041469965,-0.01617142501865117,-0.09599810225463988,-0.0007308045460079464,0.13818048642476216,0.1981030968064524,0.19150046792788303,0.11863082249613464
0.05026257061481328,-0.022074893915339167,0.1292939659005842,0.542185692485702,0.2814020948093756,0.18210676566777656,0.41673664878112576,0.5723879021085062,0.37622806893123784,0.5580367669397466,0.5558177286099033,0.7453811872059342,0.6032581245058347,1.0,0.3941656528580854,0.6825699646227323,0.11435345817989048,0.06996811844648392,0.03564926456545737,0.2276908599700252,-0.22567877797362626,-0.12487810160557555,0.10275164141337068,0.2051666958996886,0.17526342101046183,0.08587332707158736,-0.03791662349041876,-0.1093850438808391,0.18015884787338451,0.26543093695111836,0.19251151717211773,0.3129190757492761,0.04394227809016069,0.2166508990159756,-0.1121662035194793,-0.061370853746231746,0.15926315191057747,0.0841686894904695,-0.034916689103627115,-0.11203446793247557,-0.0018969432251138877,0.14915622882708174,0.0027752581408962466,-0.3133493007261114,-0.09399035317000952,-0.34785833359788626,-0.03595277605832747,-0.29232273818192,-0.29144296864526875,-0.3396659943237075,-0.038986497553079355,-0.31585917806564473,0.264212453852501,-0.037252084324619045,0.2311949107948331,-0.11560916678847687,-0.2805334899085409,-0.1982109755549731,-0.3288946827934554,-0.46345855736945835,0.20813248742479173,0.2266322266141209,0.21713331467644895,0.17783443100972085,0.11852352468327576,0.19916385699159492,-0.406171204041679,-0.3900745506823939,-0.12966201997597504,-0.24458518963668713,0.11854496592187014,0.23314273208334413,0.07860573320895019,0.18167630664177278,0.1310099418783194,0.09455445071915117,0.08998904084025372,0.004112058372754785,0.02455482602757468,0.00020949011160652684,0.1057414951624102,0.09287640619380923,-0.11494458518880109,0.25256486580209825,0.531617835192676,0.6330884392548127,-0.015222080460663952,0.19774963470532553,0.05027711697489284,0.21180070998383174,-0.09023911612613066,-0.29421580776418166,0.021560922992634707,-0.19660407493360824,-0.46952873143771323,-0.3041674323744532,-0.40655375129521115,-0.36723460612038167,-0.35890193426580896,-0.41872935735893624,-0.17835538369413212,-0.33822571152407366,-0.3647750528092151,-0.5491261795514975,-0.3558718004657734,-0.40890596566744686,-0.39987239859532203,-0.27669913730604745,-0.33494320981484527,-0.31316145595752787,-0.2530281129531232,-0.25882190155220236,-0.11655135449514568,-0.07224285699815347,-0.07545357162953746,-0.1987614975138429
-0.035691754611369225,-0.07189366750279408,0.15536154916929248,0.275322011595782,0.3687195424652715,0.21337079391108704,0.23197312696173475,-0.04667597939081157,0.29341223458386,0.325271363806536,0.23920642463118166,0.24003207734743998,0.29728597060255385,0.3941656528580854,1.0,0.6566945702225717,0.13149162570699463,0.1430735380356928,0.041083492539594556,0.12886429599600943,0.08065686112165593,0.1966826224255308,0.48543802006251496,0.4096291623717453,0.2630511926900143,0.3663796746529581,0.3025203826614018,0.31064488436234416,0.22422404306262417,0.12107791845615266,0.24117612314418194,0.2955185724389221,-0.04591757404552548,0.11779096404177714,-0.011929192686413929,-0.10342468270372722,0.025770446368521428,-0.12100633215416201,0.11372333725438012,0.00966426450978631,-0.012566126193897164,0.061851876767587084,-0.18955721684374907,-0.29089551791757695,-0.14001740845394536,-0.2358584866410111,-0.18569102221160877,-0.30344888652127644,-0.398814015342447,-0.3295264876637096,-0.17960242468109383,-0.4363728002432612,-0.20300257956149032,-0.3068296149176083,0.10561191436568021,-0.1743913611814508,-0.12161801190097511,0.010826323322891369,-0.16342525304076808,-0.27713551321421337,0.15408767952312788,-0.11311866165913304,-8.737953563609328e-05,-0.07190414413475932,0.4919791768203812,0.20024295825135993,-0.22471365448892636,-0.17086636325405263,0.18974982543702773,0.033074603824990424,0.10354914141666753,0.1331944883263938,0.10491689451130268,0.03555987335169966,0.03433175070651664,-0.04366388493942256,-0.10138826039665097,-0.17357417332924102,0.11445770866143049,0.09873529403435945,0.16673695360526186,0.20366040516974487,0.2809212607712902,0.3223957820028736,0.4845645025558561,0.2325115322299166,0.15522010644402004,0.06393370328803961,0.40183491590827514,0.04001508120289792,-0.20575362116032164,-0.1480087402025057,-0.06404133828381198,-0.19417324366214758,0.06554051111561246,-0.12178397845927154,-0.337900848886426,-0.19545779160453391,-0.540774008972764,-0.3112983621853483,-0.38789802897853815,-0.3782176703637411,-0.42112173361559396,-0.3511331101223518,-0.1863314874255616,-0.10734371368018913,-0.321537775975363,-0.20067526330602653,-0.15595298002579897,-0.2886186209845083,-0.20338700296639664,-0.284081704948382,-0.175245523334819,-0.055628361209338256,0.058110020012074354,-0.005053107434987222
-0.023171541140543806,-0.12048820402493114,0.17422292248168209,0.554701007325321,0.33324457914087785,0.33962790607272253,0.24798906469710502,0.3296058888677477,0.21919055846532695,0.4927849973931838,0.3077015314746863,0.49923641137784985,0.32158481440023967,0.6825699646227323,0.6566945702225717,1.0,0.22117544651654444,0.05866843176925639,-0.09687250932216142,0.1967920800611778,0.0011805224209336664,0.11413811069943564,0.2650424697932015,0.3220226982783134,0.29682672078827,0.32129224601560885,0.1803708500396377,0.048029129837865975,0.1787033291841111,0.2223223513583169,0.32969061539474565,0.44908347434956974,-0.1734290777243145,0.12221493546383849,-0.15499537801059957,-0.0711842340257708,0.09181941412803796,-0.033213626914021833,-0.16868590574651418,-0.20028884736097044,-0.11561966326302643,0.08578987859335621,-0.043982869015513064,-0.29345353527714285,0.0656512432587384,-0.1564874448934906,-0.055689101536317905,-0.27489663524933683,-0.2553742682776767,-0.24106830781189356,-0.005758367670984412,-0.3131814350477279,-0.053901967752447454,-0.19428897253664615,0.01682447994837747,-0.2888045702303764,-0.14125530948887,-0.05511694870084201,-0.25432000436005386,-0.3102992744000324,0.04972647984435457,0.08009739110534617,0.15661004144388316,0.12079845389626176,0.21325662812904617,0.23587529051072875,-0.235208556866575,-0.13745379871723498,0.02288742197715766,0.0014836823353577948,0.1763890909168472,0.04956246207058378,0.07379606529981182,0.14251176053759568,0.09254322174781124,0.03679312044713751,-0.054466794120002264,-0.10834481501969909,0.009182028374862887,0.04206152983520281,0.12753770725246288,0.15464727067572154,0.08045703755404006,0.43732661338923573,0.47128074224654626,0.43663471776716667,-0.027339397641164057,0.15975255663306825,0.07555351105286297,0.06928623091887866,-0.13440746772565149,-0.23488268615200833,-0.006735357696585968,-0.22426177977016115,-0.2620913969074969,-0.22630407510208958,-0.4864216304533052,-0.36215871967387414,-0.4684806148853238,-0.46335892880716845,-0.2512039418853392,-0.3108553677926463,-0.22709439168381704,-0.38313331769418807,-0.27881181544670885,-0.2883984757570791,-0.322476618972966,-0.1414735649872215,-0.28579628978958116,-0.35957792625248775,-0.2041363657312211,-0.2998456575073081,-0.24631997529440247,-0.15740663113228184,-0.08420929472152974,-0.1504666429839011
0.6145111137920614,0.29091391422405616,0.10585185573573559,-0.17419667676495487,0.09298177479292771,-0.2128690135276734,0.1637690462195155,-0.025300801017870096,0.2290066136252425,0.20773768468814918,0.47904477542000173,0.43123450618991205,0.28188625582049476,0.11435345817989048,0.13149162570699463,0.22117544651654444,1.0,0.5818058367225659,0.2922240311136145,0.1518436712842741,-0.21350760424882298,0.06334347094349282,-0.20338962121265536,-0.450135150451323,-0.05698875416735331,-0.36119186629212297,-0.1011276964290932,-0.34968097265034,0.6621529897542452,0.681404224863971,0.455811921687345,0.33231964087121796,0.30682764427554227,0.4005157895504884,-0.2032328215446399,-0.06946765795849413,0.23352446081983375,0.2627395324404016,-0.01382883809609555,-0.03379060479667359,0.42802743824180683,0.2920716715427744,-0.1879076746759857,-0.39076613281813766,-0.15499560106963312,-0.5124475621247483,0.05593997495498648,-0.10193286792871879,-0.24411229929791356,-0.3871901153548649,-0.38245950714504007,-0.2545008098871106,0.032988464271760186,-0.09708521168879268,0.015468200699378308,-0.16307079466555974,0.2607966801250124,0.31558529440328975,-0.0358111935095375,-0.30532974156214115,0.2380407958586061,0.21737995274238053,0.5416872437285601,0.6723092045283622,-0.15238984022777707,-0.44479328331220275,-0.2657554304416286,-0.5897349740230887,0.2776585189783639,-0.27427787875114773,0.08419634058723921,0.19832255777528737,0.6453578558842107,0.26031677669782166,0.21096094510365782,0.10915884679618662,0.4076447178320297,0.25451460174232227,0.5750190435307555,0.3087754496180178,0.6705157776027136,0.6417055458204873,0.20537554192561866,0.5507531236920442,0.015206820110373307,-0.24887643769254267,-0.10906822939097452,-0.044027900516468446,-0.0999041153258428,-0.29187726355800925,-0.39270495754056395,-0.49464160368047927,-0.46787540752971113,-0.46473160149754217,-0.1726292240291098,0.019082949476285565,-0.022331131236498564,0.06750502629888645,-0.03994279213850758,-0.04284071943980778,-0.4693420011018116,-0.28625517291564545,-0.18242128122666482,-0.18110120451200418,-0.35613597257051394,-0.34948954684535155,-0.36769041201715463,-0.20650602394595333,-0.09305041485121242,0.11191076394897567,0.002706751711791877,0.15856291009224333,0.1054694740331076,-0.24107316059778158,-0.2513609335590893,-0.2112344812487617
