1.0,0.7156405289816838,0.016046335687031076,0.16652770194438737,0.03704681537896175,-0.10712492937773083,-0.05729207068172993,-0.25811683008728886,0.14684339476078725,0.04379011886379889,0.1895709285236399,-0.046113424784679204,-0.13168263476418982,-0.3669754069399012,-0.10413366929739841,-0.13014829819176327,0.6643184898926798,0.5400325371871637,0.5953181644658904,0.44675014044512446,-0.008632518914809935,-0.17681309767977954,-0.2631882063125342,-0.3207363256376973,-0.31105431063508293,-0.499330375980157,-0.026483518151938983,-0.2929238647002399,0.2061615793913707,0.02921544802660667,-0.23648006208858385,-0.43814018197609356,0.26458612802270887,0.11505198966408449,-0.4242230084128372,-0.271662448009716,-0.20180138845524545,-0.21631660069065073,-0.12031249559923882,-0.2580593846336799,0.08022904540650863,-0.035343303075163916,-0.1493555895327157,-0.199092890005672,-0.14900957295824327,-0.29463053040606674,-0.005268236356003704,-0.12280936705341951,0.06387255276130838,0.3562699145471387,-0.1398361773107072,0.17691365249503052,0.0687229532249987,0.29881648274022315,-0.05036060665346694,0.05913562149589704,0.8036211886487331,0.69354939738999,0.011155794341345506,0.2392705155896081,-0.12859460425309943,-0.21123238519193363,0.2253332183579086,0.07886268647537935,-0.2755057185330961,-0.46218422985912494,-0.575591082528954,-0.6200173740146399,0.5160158041232165,0.4910882143746353,0.1342220398055126,-0.20739893473365564,0.21028972581615338,0.10448740925606825,0.21527384498290983,-0.018489381651480622,-0.16493667431381956,-0.40855115457526514,0.4779839379746646,0.47966744890446605,0.54436772405861,0.5945932570760093,0.0161038636791776,-0.15535812173845617,-0.11293073915021253,-0.2631727311042179,0.10406050237080544,0.2015588970998199,-0.033482489972180535,0.17465891754964588,-0.23514959027792898,-0.14146073526717917,-0.4023497894159608,-0.2686203308168988,0.06214124956966791,-0.05310185315303213,-0.2990158700222327,0.1369769334700135,0.24624271990320515,0.25639994895603574,-0.24957919325249206,0.19374486189938597,-0.18221320276226152,-0.27570408862913565,-0.40395773308208693,-0.36619376668103704,-0.11084188721948465,-0.18292157543355803,0.04438424851105753,0.17806148885769688,-0.3638439864659393,-0.020462530954639433,-0.009160690075962373,-0.22407832780956075,-0.19333701422796384,0.053056850923760356
0.7156405289816838,1.0,-0.45707273506350815,0.4065361551344587,-0.2391532417884997,-0.17621520370429664,-0.3269271481581034,-0.19062547756258028,0.05059314346544869,-0.043551147770442784,-0.12563793979462629,0.07649553460002284,-0.23461268538046828,-0.12106718845117621,-0.05259917370883236,-0.20496894336632662,0.5251027122927088,0.46756327267754183,0.6445180293705377,0.6018819252219719,-0.29430668479676575,-0.3635181235893208,-0.10633885780887199,-0.1780749396192582,-0.427421860468998,-0.28280102331458123,-0.1417171571547152,-0.04976050560176443,0.007859445012184375,-0.08221917602969488,-0.1317872446151459,-0.45347105296626466,-0.005497683479074916,0.1848156272758707,-0.30352691445036967,-0.12871093111895388,-0.18306378274394763,-0.16221271318993108,0.017765753200562756,0.09800242366087861,-0.05696589849616996,-0.1623080701259399,-0.019863498280567823,-0.11546424339565703,-0.10401775289828293,-0.2868109108691263,0.2482422938930417,0.10461521069385649,0.017115799052974952,0.4677690459013274,-0.21238547276833553,0.26406066115454924,0.07582619295787034,0.4160665459963579,-0.32976748240022113,0.1956778876748122,0.684346438793289,0.8099976299547186,-0.16502895526312392,0.20887518324443713,-0.4422644769647557,-0.0013655416059397026,-0.12817588489763432,0.01942500964451421,-0.19410907300066624,-0.3308996918456202,-0.6819202323838602,-0.5988041439749845,0.5643523076152793,0.6763532919502615,-0.05137860548151686,-0.05466281003261524,0.035039158806410245,0.1025885989479052,0.13047845484758872,-0.11213661377144381,-0.17118714326728351,-0.3098709906876073,0.5740073064976376,0.5060339273524053,0.5904336793103936,0.5335392463909685,0.11597818900616584,0.012015764667508779,-0.024633752224822756,-0.12381073951854073,0.16542348367767853,0.3337151985595026,0.09885003780141798,0.15996881047406658,-0.2546963610320275,-0.46272073852292733,-0.2715049648598687,-0.2983203764823097,-0.32554281463538925,-0.41046399015927615,-0.4179383547400868,-0.1928371441391784,0.2918039408301107,0.3316273974073428,-0.29654182932219764,0.10789155718356935,-0.38037660354317915,-0.41923148033331087,-0.3152248053933427,-0.09309213450783178,0.1652927324005694,-0.014550752791475613,-0.32063654918980494,0.035936442796156695,-0.32841716792357833,-0.16366981584770707,0.10516370309186789,-0.3652373025301719,-0.18045100985979728,-0.1607262443924597
0.016046335687031076,-0.45707273506350815,1.0,-0.26639228983124136,0.2109049046496422,0.09254719791339641,0.4908510209054419,0.2810091863131612,-0.21299186691812408,-0.07241290747295329,0.33273623627328125,-0.09470989225464307,0.3936575070389644,-0.08057393862053852,-0.35766723134583267,-0.15943875332247937,-0.06531589355664753,-0.2000088765676942,-0.11429605195387617,-0.339886746982428,0.2919471316204956,0.1342419628549859,-0.06429496774711972,-0.2355944997029724,0.20817223958094438,-0.12013056516396876,0.04528827815255045,-0.3318222721621916,0.020558704633223703,-0.07773043265925803,-0.22250141291279937,-0.01553020674504884,0.20804936257340317,-0.0699432321762154,-0.2049920573775464,-0.0905565334777586,-0.10772638738146535,-0.05548878797747053,-0.1930710014128237,-0.2731696207338371,-0.057895383826418324,0.0026694121528408736,-0.04312123651892032,0.002210751684994199,0.035889065490934235,0.08088959446675655,-0.2873404478526518,-0.13661463165269536,0.10300976920828986,-0.28696323275016833,0.2641753782448971,0.062116777667635695,0.19638520554925856,-0.18187842067587784,0.263440817544165,-0.17665367564825363,-0.18026625159789286,-0.40310551478512696,0.3068283434811282,-0.028752928579716494,0.4931252151440791,0.04425391433337981,0.27348938744756246,0.17494090519893432,-0.1470073383978261,0.08624839694719931,0.24543197503916345,0.13723565046173178,-0.29432691541977263,-0.4057327524100135,0.062368042826037036,-0.2861806382651624,0.11364872448073879,0.008628974756461695,0.06802228915841203,0.2179827041066806,0.06175523854605936,-0.05614588691859332,-0.2569237139411526,-0.32445821376192846,-0.3261284257978923,-0.11287317098538287,-0.34132074793851713,-0.22338909422003148,-0.2472343970510563,-0.2044361870946847,-0.26035666802418034,-0.3744473348429362,-0.07010702488139062,0.024009870369195677,0.2435796503519158,0.5008464588115739,0.09365398503784239,0.3223772575058173,0.35599806833214737,0.4054111621855147,0.28930089504515716,0.26867586418338707,0.10126075514841537,0.024942021090451873,0.1871985568200492,0.2195980193744911,0.28170662707062905,0.23122401305034584,0.12658928657988466,-0.19003789680167182,-0.33592913434166893,-0.09914952661394498,0.3120110332628765,0.28683982488903453,0.25455196209950887,0.32413800699233414,-0.005786071145870544,0.28141412139689986,0.12263777709826643,0.20583232706685894
0.16652770194438737,0.4065361551344587,-0.26639228983124136,1.0,-0.03489238124752261,0.17100302928916844,0.0015480979388248456,0.4838783337520615,0.36015637304585457,0.37411614491470524,-0.11676797745799891,0.09363654892653422,-0.30744073714932046,0.25061298345268446,0.22824536017267277,0.05341192641151744,-0.06519005342318152,-0.13121646192404304,0.3518830917130912,0.43788147100266744,-0.1959953105805685,-0.01566260230849358,0.09852372154977761,0.5290170269297615,-0.25741648497072156,0.10602121794841673,-0.1611087346463389,0.1835723583367136,-0.28459708714497967,-0.2821022683843355,-0.041605409197342444,-0.16250830295494798,-0.3306528069807184,0.12245901755823355,0.05665413422648103,0.15668833346853253,-0.29938788459778926,-0.1974709420711807,-0.010409923242856967,0.18126899691824497,-0.3096668542803091,-0.401461214561827,-0.26456116115629874,-0.274984659542672,-0.40608168836140246,-0.33586382414367577,-0.030694992685869085,0.03691118364364676,-0.35056341356930815,0.042920285387632436,-0.17042687172271903,-0.015397982965326712,-0.2036633676408344,0.0015444962885709154,-0.2858310602692532,-0.008150694935286968,0.03158859382031503,0.25416392243732405,-0.18512188301837618,0.2157176787474115,-0.42861834510141505,0.284073745055669,-0.34457660084506414,-0.1529303248062033,0.38542853665146076,0.33633623367127763,-0.359221515563605,0.05729237875983522,0.055711004743957564,0.48428193800633335,-0.1222761882073266,0.24645317126227667,-0.3086388238826803,-0.15202978415351506,-0.274013213465951,-0.15050927123106564,-0.26137559817410677,-0.11112645783070768,-0.022884413365684204,0.02515123353273682,-0.05810676105355172,-0.11023836843771569,0.13973265754735809,0.08527270338233953,0.25899830771962057,0.30944496115199455,0.32399039151898024,0.276077913009531,0.48486316648877986,0.45426280588863194,-0.18481475222465402,-0.33424295783175234,0.13095206937051979,-0.25998617056742473,-0.41742192640493747,-0.3621891979484466,-0.29435533589155527,-0.4437896207791485,-0.2875109793231719,-0.22314082514076994,-0.3882262835254755,-0.06808196264300513,-0.3737605205280691,-0.27577270786086727,-0.09481304282250298,0.04598544971658501,0.0474482159637949,0.16605935515041334,-0.4093945637193782,-0.02103700947789451,-0.09456812162075358,-0.39758562078038306,-0.26563202775936856,-0.38683126738620144,-0.2795387366064148,-0.4797697338510253
0.03704681537896175,-0.2391532417884997,0.2109049046496422,-0.03489238124752261,1.0,0.40023718552792786,0.30157954279916505,0.16908201748195223,0.5355847380383401,0.4260819704714058,0.22344742598800812,-0.1250268904755077,0.07608904305493766,-0.1602621344114342,0.3483163006557289,0.4331219052756731,-0.09860398380990723,-0.2984915623329471,0.12305892670516556,0.1403064423751461,-0.036912856300454835,0.06059598417637295,-0.09204338079907877,0.09132874399823418,0.2569254590581721,-0.22003470827066798,0.3396859788563406,-0.14226716996934335,0.03344970456698662,-0.137172127701751,0.09226275894176439,-0.025334180086430635,-0.15707626452302004,-0.37551136622464326,-0.06999119680638376,-0.1392183495020064,-0.02972822525609947,-0.17987729683442474,-0.11818482378526823,-0.21186414467226225,-0.2710249719599807,-0.2421242376514062,-0.023906620035416458,-0.07151764641047739,-0.02922566722419257,0.012031624465625272,-0.28281816633519846,-0.0166346055278889,-0.029268866722081913,-0.13183552755386987,-0.20401612680194997,-0.19352273735037817,-0.1156167166619556,-0.08742744081455874,0.031048691952047465,-0.33097647290713544,-0.03778389921678851,-0.08671207913895707,0.00032984000889340714,0.17811334010476795,0.21835676854242367,-0.059382517925081334,0.1438932992861959,-0.027858424884041232,0.00623942997640413,-0.10176691451349279,0.17825356065486472,0.004369395838969827,0.06156205357069832,-0.08341874262291145,-0.22131442900087014,-0.31821260623730985,-0.2219927272353152,-0.20459317758045295,-0.02949510495211198,0.045092544864834744,-0.1920275989816402,-0.19539241569467714,-0.30287524387648473,-0.316128296233856,-0.13464703399571967,-0.0528043574440066,0.1376656115519647,0.02330424320229208,-0.23561807592746373,-0.29981142151754897,0.25843121005630715,0.17302527925152897,-0.0556637649017634,0.10293602101188813,0.1530903640521986,0.363682175353419,0.27851915413888007,0.21366448437771485,-0.012955694894264801,0.00804178002417396,-0.1579749720132676,0.03971732623142809,-0.2476415443183626,-0.10350195416896064,0.30211176365866216,0.14680769843490016,0.4357436158257735,0.4814704863804504,0.1844612440193163,-0.04161266478464786,-0.09653347995580107,0.0342939470700204,0.04461749746541007,-0.0018886799894744272,0.07427479175007401,0.07967221849782456,0.12676113565948052,0.17044858243725244,0.0014084170445715215,0.004531175832853996
-0.10712492937773083,-0.17621520370429664,0.09254719791339641,0.17100302928916844,0.40023718552792786,1.0,-0.07892636739138795,0.0983190858316101,0.28621232705412186,0.48167162671308594,-0.0988733764948169,-0.275147908211471,0.07850752483035281,0.06827507383040782,0.015179926710190644,0.10616892942461442,-0.4055383622063267,-0.6452676341540945,-0.14051106060788976,-0.07824338451613003,0.24748258403142562,0.19104737462725066,0.22936666837188852,0.2146837818739772,0.5604203729312144,0.30425515864626257,0.5946399071904949,0.3861742218207272,-0.4502393553134939,-0.6606941827677647,-0.33315081301336547,-0.38188920154597983,-0.5078586789931331,-0.5903408072482706,-0.03162514300239476,-0.05631271360372161,-0.11620061428975105,-0.04072322301878427,0.11421784039252898,0.12094922257305253,-0.36796381269567596,-0.4013113596604395,0.09574857940764284,-0.0609199569800597,0.2916853939125722,0.30162015430536754,-0.04542653350767142,0.05009584428988859,0.3762817821360661,0.16575087959661408,0.36746489592049336,0.2316148435505609,0.11284092355040126,-0.036070464093798514,0.12484135483342058,-0.05992866512488463,-0.1433145125485831,-0.19044352853783308,0.4617898659446403,0.16113376710545133,0.008636020276565926,0.20167914240217952,-0.4258316010312961,-0.37327878694994987,0.2365515559040269,0.39105751378963405,0.1527172365121077,0.352248472788383,0.031214056312446656,0.20235392127123994,-0.19745837046811066,-0.03420787385224306,-0.47006993831702903,-0.5027489681369158,-0.2335526694270208,-0.2641771367089941,-0.426703817006606,-0.14076675131115163,-0.4534701160209986,-0.5249811728890035,-0.5233819816070625,-0.5335045247675393,-0.3097294194376075,-0.44893069926896617,-0.1366423137306193,-0.06974351095144372,-0.04912671026274433,-0.11537720627607183,0.3140530868696566,0.3620645153685509,0.1628381962284435,0.22812403960458152,0.2507431940894468,0.229914612062681,-0.18661920412569422,-0.14396783097540733,-0.0026995158438042647,-0.07503766732863613,-0.2583618166297651,-0.028324621173981997,0.046303746659300274,-0.056130515151424,0.05440139315823513,0.4117750405262856,0.32983930471982487,0.17496892979119674,-0.03589418433489234,0.1608891218554848,-0.08029624109103349,-0.018399548073800943,0.03233590776471623,-0.21381436137224816,-0.0926114913092984,-0.012035513562206616,0.14513177562841761,-0.01473874710591223
-0.05729207068172993,-0.3269271481581034,0.4908510209054419,0.0015480979388248456,0.30157954279916505,-0.07892636739138795,1.0,0.5739469852501342,0.039246549354553774,-0.07277377463725766,0.39340182051145883,0.09981308379931388,0.13733116465245984,-0.11228691732703035,0.21355588699398098,0.09213544038199178,0.09581965329981426,-0.17919591892853726,0.021245958296623183,-0.07979807547393222,0.13047244536009095,0.24876305085442965,0.13539950408241405,0.23411181554643837,-0.15943756762713523,-0.06705190955323978,-0.20558150636950784,-0.4721359316313466,0.3029525149855175,0.2293957878146912,0.3616766192978582,0.42925849308536185,0.2305007405710721,0.004179085940289838,-0.16826388777431248,-0.43233748284996104,-0.1632299313489918,-0.2220529787291133,-0.28088154757776623,-0.46881125374633675,0.13232130514552046,0.07723248198809655,-0.37689836577025393,-0.3481564313237546,-0.21988544602725865,-0.2620047016559148,-0.5188893036678961,-0.44330398446305697,-0.2982717070126063,-0.42271561997061613,-0.17948866355671697,-0.3381102800674156,-0.4724735722947264,-0.3712420279742263,0.019858296939301818,-0.46901880143333885,-0.16454346660290595,-0.22561641011624065,-0.3602167438440161,-0.16422500375155702,0.34372534482987965,-0.12264003410636716,0.4129879854028196,-0.023906757133899826,0.3095377905538735,0.010969447680540463,0.021484729276448407,-0.1662404966420258,-0.4704946612054698,-0.3891730572624456,0.39182310454630565,-0.2350055388994967,0.1492599510460527,0.294438722345674,0.15749474932925728,0.5335554900098134,0.17785135385702738,-0.049555423198096776,-0.21789034676525204,-0.1501951582797459,-0.15529268112707786,0.034676958540631866,0.24320742777315102,0.29083764535009843,-0.05144900361545297,0.08141837100738133,0.08947677198511232,-0.028317513863007703,-0.0562224058199614,0.12591770507314257,-0.015110310077452154,0.3291413918062637,0.14727035067735986,0.14800551742267035,0.40583472950432325,0.3623483759046498,-0.22787276505959492,0.34613970146087975,-0.3446926853165379,-0.37121170044925744,0.1569408770398895,0.2143955453443062,0.2432919899164374,-0.0661996732845578,-0.08982231186365655,-0.17601142133793615,-0.2612334079990197,-0.14709116559934224,0.30000068007997516,0.16242285090018324,0.012817484350344825,0.3437004441869849,0.047027175311859265,0.30722138141203603,0.041062853550501835,0.18464836709556007
-0.25811683008728886,-0.19062547756258028,0.2810091863131612,0.4838783337520615,0.16908201748195223,0.0983190858316101,0.5739469852501342,1.0,0.19694099907039006,0.23477159848676787,0.07741413202554874,0.18022556298256176,0.14085638950059792,0.27758713561317905,0.08158519827952808,-0.03958420078981612,-0.21312471612877049,-0.45720150529029246,-0.06888259523934744,-0.08660217190771587,-0.25808847611134345,-0.0494644596602533,-0.008892020095106019,0.3301191281332609,-0.07263714916995023,-0.032646156660874934,-0.44584183874383165,-0.31813934565040003,-0.1698506948449402,-0.07311270518528777,-0.03811894677962938,0.09928473580308644,-0.09146392523197401,0.007884010036846122,-0.058220091951503024,-0.07644342042983603,-0.19286596432385106,-0.20754689109806979,-0.3654037764760811,-0.18430189518635753,-0.18013625417650211,-0.2865702844611453,-0.12489255879797588,-0.17476868867005144,-0.22967056871353994,-0.16507791960046353,-0.2752851693957477,-0.06747435677541118,-0.23656414585787117,-0.30012595153712435,-0.12403273132040407,-0.12647197842792193,-0.14463333031202877,-0.32186952037628613,-0.21408442499844657,-0.2413357275074904,-0.3230094054237062,-0.26592232947937006,-0.2435277964379054,-0.0018596568654923704,0.10006797741898216,0.38967868903202046,0.007401706976607297,0.15299773292010743,0.22791824587503937,0.476020210639734,-0.028068152386933675,0.16156857873335362,-0.48599460333837957,-0.11783368877817683,-0.05889888707420788,0.0384829279014548,-0.05287475546859483,0.11205683015193563,0.06362330184817289,0.28268319893462085,0.1256758143448668,0.010230526475671645,-0.32095551803039646,-0.3969823473790031,-0.33449540367071984,-0.2917180528316274,-0.043932927907265884,0.08103014508522384,-0.1401171551580962,0.10304970601089239,0.0019098705895626738,-0.14509567881244526,0.1331089662798705,0.20178954095011767,0.13331353417716604,0.22118329968311903,0.5379664512586894,0.15170027078774972,0.07631470692466719,0.16352895627930789,-0.07111915481421241,-0.0006633455982156451,-0.22410263759464538,-0.2121455710655274,0.03627406184144751,0.13803864764604207,0.09341186322818132,0.03463561123085473,0.09671380551051958,-0.13220111960430145,-0.3427534805873113,0.07158658282348031,0.09468772292166401,0.19370302284079075,0.2706354406543914,0.17499823599196435,0.0830333507235827,0.18887721401393637,-0.2135769102413847,-0.1974041162377387
0.14684339476078725,0.05059314346544869,-0.21299186691812408,0.36015637304585457,0.5355847380383401,0.28621232705412186,0.039246549354553774,0.19694099907039006,1.0,0.8033501907998798,-0.015516819927283565,-0.05821914090313104,-0.37739237400997894,-0.07900208367521598,0.7022730852858036,0.6859630677538737,-0.11798060831130841,-0.08964527798087146,0.28613516519857246,0.24629067431137835,-0.21962912363447912,-0.14687717784849874,-0.08097203134577857,0.21046448217484212,0.11501832835859707,-0.26871451925319867,0.0011001500717842682,-0.11466517186296252,0.04897642399031882,-0.05694337522566071,0.10218817875998887,-0.1937466332998651,-0.3236936558578007,-0.356987882656384,0.02692802146752962,-0.13561524422258853,-0.16329632921659207,-0.21019480707780075,-0.06421598752731522,-0.1230883643472056,-0.2635328171807334,-0.43341984172957143,-0.1476561801035966,-0.27537987154065163,-0.16173170826326036,-0.12989724298648042,-0.11778829155071605,-0.09793559899959266,-0.07194799285509154,0.1177238859109443,-0.24611969898963024,-0.13783781645131568,-0.21782318034779713,-0.044785218731567294,0.02201612748142972,-0.1737616756463969,0.12452716408388675,0.22083905696238967,-0.07346789585319909,0.4299846992603296,-0.14373953864958725,0.07339447127777585,0.0001910296620095508,-0.039735089393997454,0.2384755071831373,-0.006014291291433545,0.06804603366426105,-0.03034341750369839,0.10925279084544566,0.3056046965658952,-0.038542732876433956,-0.09697965309389707,-0.10449586418737905,-0.33740163905551845,-0.15476200020902697,-0.20942622662685617,-0.2864168456104595,-0.33706415880170726,-0.07651305834609626,-0.15342251901179138,0.0027020116551970405,-0.07824071919888405,0.3032476781829398,0.12362777654902901,0.08799159576807038,-0.004861574083345908,0.5723048919401297,0.535242870843076,0.29869931583400783,0.27823239479820144,-0.0363932360126446,-0.084795366108087,0.08270676956184757,-0.1032727725350026,-0.213225145589535,-0.1419503270884622,-0.35369226773085144,-0.1495994463940248,-0.26413941087329806,-0.22770233560162814,0.06709836309418021,0.1598508198788471,0.22456332718111716,0.20865461375455405,-0.020028611782065203,-0.10232482942512452,-0.09805903479824847,0.10715059519038907,-0.13596453581029422,0.056048194928887546,-0.0657180899367432,-0.26779240251136005,0.021625027043729147,-0.1694501294439391,-0.3105027601579183,-0.19807987552178966
0.04379011886379889,-0.043551147770442784,-0.07241290747295329,0.37411614491470524,0.4260819704714058,0.48167162671308594,-0.07277377463725766,0.23477159848676787,0.8033501907998798,1.0,0.1120859329197878,0.19905016854735402,-0.09812694757949149,0.3079380430080314,0.49478648360112104,0.6100854533313984,-0.3000557428204825,-0.29194984931051926,0.10426063426090737,0.03717414793783449,-0.17309477919686939,-0.013646820178855918,-0.09011161058944868,0.1729406035193769,0.32310606692369165,-0.1070916232674201,0.059198143547578026,0.07052439735424665,-0.13113951984074007,-0.21144490790525652,-0.09684163719077962,-0.2579441068008935,-0.37530405424701724,-0.36659761308778005,-0.00680762614940993,-0.048440035538559044,-0.16900991218729974,-0.23415570119696144,-0.20652041307984473,-0.0839311208371348,-0.4331966634180995,-0.5801943209185398,-0.10574156501075546,-0.1554042984785537,-0.06158296645873687,0.03370579072212601,-0.049729502069400924,-0.07399416051859665,0.03355062913301323,0.10290044246592421,0.003804981565707443,-0.10128248761072013,0.053858893003290734,-0.06980735268286586,0.1300033569551919,-0.08496876006539114,-0.0338229417435597,-0.01993360610482745,0.25101861249993784,0.3452938926731846,-0.005129610828649645,0.3570084132273994,-0.17070002629864764,-0.019794741770043416,0.28268946461148436,0.34732094293883065,0.05906818765025767,0.18541517510706912,0.023965622904749764,0.2825376348922432,-0.132395289671843,-0.03371643925037194,-0.13850183867738614,-0.39291684606432425,-0.1498281189893329,-0.22525965425999467,-0.3360670715905005,-0.353133204029455,-0.22204509404943676,-0.3732828438398449,-0.24656485117349614,-0.2938808055877973,-0.054543250925393645,-0.12908133678394168,0.15114744500957386,0.09150737619922955,0.2903629493579637,0.3049529951493708,0.42044907730719777,0.38843876365342317,-0.017252713808475165,-0.09043106077217136,0.27641959186954984,-0.02689915705220026,-0.22266149280876843,-0.06487360489811407,-0.06741625715866244,-0.1606518029652394,-0.15165555124274957,-0.11175839170972542,0.01830152906027121,-0.02153980079352352,0.06701344362218371,0.20602419011560952,0.04636467487082778,-0.033357152968721236,-0.10983777449422857,0.16308850680720036,-0.1545292318504526,0.18094654657904966,0.07015671786868119,-0.2827301290990877,-0.005653638901563062,-0.14194874146502107,-0.21736325852050914,-0.2219920706628088
0.1895709285236399,-0.12563793979462629,0.33273623627328125,-0.11676797745799891,0.22344742598800812,-0.0988733764948169,0.39340182051145883,0.07741413202554874,-0.015516819927283565,0.1120859329197878,1.0,0.4111397886374511,0.6148755351348897,0.2989691270844206,0.11099232426266711,0.08658480081731369,0.2924949287338217,0.05922062907134176,0.07154742485783444,-0.0028356954758119233,0.10043960302584326,0.2539590058420554,-0.26190658610572654,-0.1639506036666833,-0.11502104921000945,-0.18234745951672682,-0.0968291067950512,-0.2737899529798307,0.4520880259801429,0.28572656738686003,0.12792438764916492,0.20599943831867804,0.5376775780416422,0.005176046515406967,-0.3088888752333772,-0.2928243710971623,-0.012157253737830949,-0.2796837233950186,-0.27478192106469734,-0.44352651961362016,0.1334389354320824,0.12193283637039383,-0.359942692818605,-0.10202843144155836,-0.19052235470557577,-0.2916809802170827,-0.4374552794472936,-0.4738151340890734,-0.21271850746983414,-0.3140852701986647,-0.07240060169763365,-0.2844317309232261,0.03578234335035518,-0.21726027431061554,0.18527721279188328,-0.203344455817246,-0.013169012225336797,-0.30982739611081567,0.13103803870778896,-0.028197586175668914,0.6616899704702452,0.07911925304931587,0.5117981493542147,0.36429520016275085,0.13589981700015152,0.07465631416813379,-0.17535803050450954,-0.3684043762219818,-0.12098021056452038,-0.31265340084509613,0.337200811973773,-0.43594295211321005,0.4679021180563977,0.40913662951317814,0.43797809043602826,0.47976795527444227,0.3072725914649084,-0.22095314106404726,0.008656922128267876,-0.03227898275600401,0.09224058746654165,0.22978351706320815,0.01715825817394747,-0.0337643372790184,0.11480951206557999,-0.10914862534164647,-0.16238223701105803,-0.18961678356161377,-0.10335933698835822,-0.04093149165652397,-0.1437903805760103,0.12922266225706364,-0.003768297193361868,0.04195630433330422,0.42392116862432333,0.35175284727597295,0.10805796410278307,0.45875200452727105,-0.0743478879836764,0.009853529116275536,0.15558907081475268,-0.0683174819564009,0.11402143044606883,0.005216531700533509,-0.44904963835853423,-0.3899536446494699,-0.08884752968882353,-0.48320270426199713,0.24735104942058275,0.20033234039121145,-0.30711177897806424,0.3373492881965765,0.24732201322067432,0.33814757674514917,0.1981931733114463,0.4634453880455369
-0.046113424784679204,0.07649553460002284,-0.09470989225464307,0.09363654892653422,-0.1250268904755077,-0.275147908211471,0.09981308379931388,0.18022556298256176,-0.05821914090313104,0.19905016854735402,0.4111397886374511,1.0,0.384039909015918,0.7186918550269995,0.07527248154456544,0.09297562664730055,0.16057786469472266,0.12084095487929958,-0.022419956014572192,-0.07979685133083007,-0.2884048662919717,-0.012852830741668075,-0.323941166459758,-0.08244138637156329,-0.2721640142764268,-0.21241767831506825,-0.40860182699886344,-0.16959543056256254,0.27016930288686963,0.2651204606967832,0.14674352404575355,0.32374795127429745,0.30901346765118065,0.31782480644030375,-0.16661092645871026,-0.2053815739715004,-0.014326202263968397,-0.38701290833763186,-0.504473448985228,-0.2813125191029225,-0.045727794910942206,-0.10785104273909278,-0.12127165198560345,0.047160580207881685,-0.13141540417207415,-0.04144800846892041,-0.20362680853494286,-0.2852483785632148,-0.2127913686186035,-0.2180014022961484,-0.08289770300556595,-0.35439793506702166,0.01252324459432334,-0.3391870097200519,-0.1312843829377177,-0.2258449270469022,-0.04743125769977746,-0.230037371218961,-0.02711817154761027,-0.13939748957921222,0.34641646416522714,0.4466979042689498,0.32036699046952777,0.4678618035091249,0.1365091662381495,0.34116615457671784,-0.170495125770125,-0.13058645921175085,-0.16681251447030118,-0.20383702194042305,0.05560114259913764,-0.03581787010707759,0.23971367640133073,0.1562368716324373,0.18930849488217838,0.2873382296942583,0.14177525507435185,-0.18138013343383455,0.22394891259969638,-0.13093368864549756,0.16859204780877243,0.12664526018786537,-0.011761748156714947,0.14302975389339337,0.2724740880360749,0.29195345678398404,-0.19045583796465013,-0.08678933018442045,-0.10285687699315506,-0.17052455766825375,-0.22172375687130977,-0.13666524554613754,0.2975200948179941,-0.055758102335842344,0.24206663794878636,0.15815852394783958,0.019251967384793206,0.26121466102921115,-0.07129948993739958,-0.10751036767964195,0.01375111625382409,-0.34220549744521367,-0.2327605498447651,-0.2899991860549199,-0.21328583207518967,-0.17562065339637106,-0.08408167681384926,-0.24487973131102994,0.12960991903602143,0.23475150840483547,-0.18070701840150066,0.04521151560185018,0.14555670471234897,0.089432749804678,0.018644998515782652,0.1896220309072264
-0.13168263476418982,-0.23461268538046828,0.3936575070389644,-0.30744073714932046,0.07608904305493766,0.07850752483035281,0.13733116465245984,0.14085638950059792,-0.37739237400997894,-0.09812694757949149,0.6148755351348897,0.384039909015918,1.0,0.43819628702204055,-0.34866629049552694,-0.3444584331614815,0.08494305223517208,-0.24118426343851504,-0.26128012938170003,-0.3535352934549643,-0.03085169271018755,0.0040321280182667955,-0.27063365229309794,-0.3612432399531409,0.16369642399632076,-0.06172868827400329,-0.10607074709599411,-0.1848202505437355,0.09676001184450664,0.02334948832967193,-0.2742226467264892,-0.03099906476163504,0.38631769558817775,0.028441753364250835,-0.26088059092525495,-0.17598262470310075,0.16257188199715578,-0.07562150313809338,-0.27579587801574906,-0.26512767401736487,0.054399163468879,0.04603195592695367,0.11559767665470011,0.22369106669595915,0.11463275815593707,0.05123713422309839,-0.1982097554860639,-0.0406467533580538,0.14535652589378298,-0.24737756020048537,0.24261495554228055,0.05213187493711677,0.4268658971765379,-0.13376917429418825,0.2254145301923519,0.03508832809903371,-0.2276845413675372,-0.535159180093076,0.33634136244301516,-0.20229891994814106,0.6576962523918636,0.3003656579557399,0.20716611177085595,0.43334292236972494,-0.14181932760434132,0.23741860371008283,-0.12080596906427558,-0.14073897224277163,-0.177263890665201,-0.387203725386409,-0.01539270812272321,-0.3445459737788677,0.33550971309632655,0.3225438909587573,0.48591189349297204,0.3952810647508169,0.39875063451704834,-0.01890904447241122,-0.1148019924029813,-0.313362217662706,-0.16600438703678866,-0.07159989000101392,-0.4986019175784129,-0.4086909051286258,-0.1388614890801895,-0.24209728354468546,-0.5479767093804473,-0.6280038201118734,-0.19632000901363897,-0.21128743796410468,0.17533228712137883,0.34754720789722743,0.274132423240069,0.2874939503205752,0.36145643876146677,0.39148471575017896,0.3990858932348385,0.4518046313680475,0.167303372800901,0.30844655321932385,0.18075187486811822,-0.18889455566886607,0.11997903803131774,0.23029446989009517,-0.043952751964537566,-0.15128475123911567,-0.06391497882222065,-0.2613774360022301,0.29121352837357267,0.23109112005381438,-0.019708288623153786,0.41218849915659594,0.33072484488637904,0.4572328089480855,0.3790003132441048,0.40424385460217094
-0.3669754069399012,-0.12106718845117621,-0.08057393862053852,0.25061298345268446,-0.1602621344114342,0.06827507383040782,-0.11228691732703035,0.27758713561317905,-0.07900208367521598,0.3079380430080314,0.2989691270844206,0.7186918550269995,0.43819628702204055,1.0,-0.004703593843040846,0.04853463406517517,-0.2131630116819957,-0.28580816599945247,-0.23059174130611923,-0.16868046418042124,-0.19304139722724578,0.09197996621238712,-0.013416382352839875,0.14769313504115744,0.07037783710812409,0.1944239384318629,-0.12347974433557714,0.2310016491291651,-0.1044689179198587,-0.024779475170122713,-0.0023598908497618467,0.2411972646536291,0.011069033868167865,0.09000220760579429,0.07336804170321,0.11915718132621958,0.06090250111255201,-0.2576536558560269,-0.24138216250859684,0.06091959125898929,-0.2157333557686417,-0.18988642288765883,-0.07311316978230745,0.11753516262665632,-0.0772151105732617,0.03992187430521224,-0.12030568810246056,-0.13700411243890281,-0.20544837567877636,-0.30225839521357406,0.09941281060367446,-0.278669892154613,0.20898470443778946,-0.32127604165327783,0.013065466587810302,-0.0322717647399394,-0.43143703349217105,-0.5101503030363906,0.22195193691481932,-0.20609358503224467,0.29829656483544476,0.569362087632378,-0.10965431242917925,0.2358137520058201,0.3396744934109867,0.6735770596625716,-0.0435223100258558,0.23879247981452273,-0.3098908187334413,-0.21646764939642657,-0.12528640191561616,0.07725287121117644,-0.019731806669254393,0.038707819983389194,0.06707039760846266,0.23003516324403278,0.18746495734513122,0.04343939877167577,-0.06309862320991773,-0.3358779204426146,-0.23627356332132826,-0.27144053405193536,-0.1899652702822649,-0.07857576525210168,0.38607483473345927,0.32078426890345096,-0.23613570518599622,-0.23491506252753963,0.15454188709519667,0.01746373002154887,-0.08585407104189656,-0.12972186832655422,0.4631518491936919,0.11078086350961185,-0.011378600420655723,0.02010352651614412,0.20491801145003952,0.0007763986308115722,-0.10297406961264485,-0.03579696459371103,-0.008387880447293591,-0.3926150240797573,-0.2510972547139786,-0.06673661558012264,-0.018299011062701757,0.06598833262775672,0.04462064630640083,-0.06690496587124276,-0.09582781207979751,0.01886318611209756,-0.04283820310102629,-0.018667128657097895,0.06625435989993111,0.16160578691181204,0.13323203562166547,0.024024163564665375
-0.10413366929739841,-0.05259917370883236,-0.35766723134583267,0.22824536017267277,0.3483163006557289,0.015179926710190644,0.21355588699398098,0.08158519827952808,0.7022730852858036,0.49478648360112104,0.11099232426266711,0.07527248154456544,-0.34866629049552694,-0.004703593843040846,1.0,0.8024556054245626,-0.14074375320054552,0.015109432194105533,0.35487160597332695,0.3197104794984336,-0.09438514561917488,-0.002164100902027144,0.10549743384355274,0.3146621092660851,-0.13712718635107818,-0.09021816872867872,-0.0034728363354319396,-0.029893888462866575,0.2699151964894515,0.23946276797909902,0.5556347742428133,0.1802002413959775,-0.22965464413664782,-0.18967409807379365,0.15657776260464287,-0.16986719355704122,0.04789820220261074,-0.10810176294013431,0.1274395522953381,-0.08397196372923353,-0.10214359164756648,-0.16683962607344163,-0.3244400820741738,-0.39856964113462184,-0.33106699141844875,-0.32766508563643537,-0.19086069030498581,-0.23087921910345677,-0.3642619200166018,-0.08006627332742311,-0.4825033452141952,-0.425089345175237,-0.5057487560049664,-0.20858281141650514,0.08858126966979789,-0.2718954928781838,-0.07712481409407276,0.0754882025748844,-0.3164566911840883,0.25399838600205704,-0.16360562739851686,-0.040301816280313894,0.048328560626447,-0.16208702369806946,0.42390873623995673,-0.11818346268087855,0.06614665119608042,-0.12034044652612605,0.06792157251006654,0.10376444611113186,0.23377166567130517,-0.005545438602245274,0.015213293741200605,-0.05938349935293201,-0.08963203186768545,0.00344781040939709,-0.10479327732598008,-0.1321157852919768,-0.0991767537637641,0.012397302416179099,0.091209065406186,0.026292081308315368,0.6695987717532386,0.5203696898917695,0.2867760141765973,0.13066001631065916,0.6702843658894174,0.6601391499149717,0.3543482920816511,0.23580503057789529,-0.13914361235361325,-0.1634856648325565,-0.09537024292259198,-0.1464345005550056,-0.13283846631881396,-0.08319089283959757,-0.4439938804084967,-0.12988233350534267,-0.477299091810933,-0.4599173522814945,0.07900916572375294,0.1340383035674804,0.17386679200869073,-0.049186282774492426,-0.16664006469631104,0.03786997599845072,0.13847054960104865,0.05192819730054496,-0.12712146856579506,-0.15547413062331053,-0.15555994740684756,-0.25883129725277415,-0.10327217579864273,-0.1430312079455776,-0.13996588497910736,-0.06493460250925548
-0.13014829819176327,-0.20496894336632662,-0.15943875332247937,0.05341192641151744,0.4331219052756731,0.10616892942461442,0.09213544038199178,-0.03958420078981612,0.6859630677538737,0.6100854533313984,0.08658480081731369,0.09297562664730055,-0.3444584331614815,0.04853463406517517,0.8024556054245626,1.0,-0.21188723103856227,0.055710423181047276,0.10372259837005675,0.09673218194626163,0.023640539170919687,0.15111872367995843,0.054516467405501534,0.14239364020980594,0.08830648489994135,-0.07530197423046739,0.15115041165660537,0.0606880896196809,0.2594501513586757,0.2526356555016911,0.4385210979706403,0.14436278552050652,-0.24946207782408997,-0.2401250145014457,0.20139313078200885,-0.01274023344066663,0.09165037238377133,-0.10381871075699224,0.05175903427539004,-0.035376945401633345,-0.11415048913692645,-0.18158825913569418,-0.20441328995717986,-0.20612608807731111,-0.06967168665245918,-0.017689470043930636,-0.10395996666036039,-0.185529336935944,-0.20318295707975226,-0.09182791499162352,-0.312432443566946,-0.4423374346852272,-0.3047388087302686,-0.24656882558303217,0.11914199456367937,-0.2883082302244169,-0.07758651871736388,-0.005424976358700364,-0.03888405525084344,0.19689836179305342,-0.02120382240077097,-0.02165777448011928,0.06120712269122534,-0.13087501455013226,0.24500599004089518,-0.007071638477680695,0.40598110191645176,0.11145516710928201,-0.021399526026397494,-0.09949896819790621,0.08059216922533584,-0.007854957048413097,-0.01042108076399558,-0.23692995617256155,-0.19320857522931728,-0.08471756990505697,-0.17495618429152848,-0.139104168886784,-0.03459170219693131,-0.07957505361003164,0.042002460992583514,0.038785741842023866,0.43005366380691085,0.46305469623673395,0.16570667099784256,0.1683476502663875,0.4330640527300002,0.5575047594643167,0.2192844000009021,0.12293150069074182,-0.19977786561292735,-0.25645665706713744,0.01315353074737785,-0.09947427268564699,-0.19038826751462717,-0.16002084496650257,-0.3435321177823289,-0.2051787208146569,-0.35225986438058954,-0.40750640346170863,0.24041383734479488,0.07203341834327232,0.18526415398038346,0.055415501396787456,0.06679587213979583,0.12974799157062816,0.14802033289004704,0.1508625236362611,-0.20778551739293818,-0.12322588107104096,0.0003954467906871088,-0.25797704944680505,-0.095143443883904,-0.151907338032738,-0.16424614320491335,-0.12177661305803447
0.6643184898926798,0.5251027122927088,-0.06531589355664753,-0.06519005342318152,-0.09860398380990723,-0.4055383622063267,0.09581965329981426,-0.21312471612877049,-0.11798060831130841,-0.3000557428204825,0.2924949287338217,0.16057786469472266,0.08494305223517208,-0.2131630116819957,-0.14074375320054552,-0.21188723103856227,1.0,0.6657668994686881,0.3984981580589372,0.3458123403641259,-0.012792396478531214,-0.11597739661600198,-0.36661526557471585,-0.4539656282745592,-0.43222043744765054,-0.4851675582066441,-0.299637897206597,-0.5187044531331979,0.6358768399751961,0.3405140066764388,0.03208296358478865,-0.028195417263619595,0.5790455116712987,0.337003507408624,-0.3513550727392239,-0.4518944378527504,-0.13149481214060432,-0.3200588419846457,-0.3228401828047439,-0.42161214277443143,0.331043445306325,0.18109725737407573,-0.29956354612886743,-0.3397438899048014,-0.22351171700803873,-0.4087265413691298,-0.31287692234090486,-0.41848810392014074,-0.2018580354714523,-0.12880407258887505,-0.34489893309316394,-0.20748974821692892,-0.22166027347227288,-0.10551250331673863,-0.165610435453183,-0.24412464495924024,0.7405500524105205,0.4605194230436521,-0.13375657769190566,0.0370739061545319,0.2250968561190566,-0.24594061967711425,0.5948636817692418,0.2459716117860753,-0.19692578608252423,-0.44438659057005436,-0.4143295440162271,-0.755193361094442,0.41165519216158986,0.11757736394368526,0.3847644451903405,-0.35737147404741104,0.4994319588430225,0.3174057917698854,0.33369028731452277,0.2915835685573395,0.23888107786433602,-0.28508439031200633,0.6867855795099722,0.5500328449661337,0.7446161877864409,0.768606965042813,0.11193320594715318,0.08646398058418368,-0.1668960012053808,-0.21275261095305747,-0.09825847580836389,0.08941884399143939,-0.2538706362374241,-0.16966631139703986,-0.2734775466628494,-0.1326924447269901,-0.41349293888794664,-0.24522694792792968,0.3040778404069211,0.07708999812878509,-0.38694876521889565,0.35359693174497336,0.023921691209313974,0.027339746184848187,-0.1864332742405163,0.04894135809748501,-0.2058100171731641,-0.31174625560409963,-0.30950179056171834,-0.11496871655972961,0.10866215516173706,-0.2340732437392449,0.1134841893525595,0.13391131734896874,-0.5841524207102721,0.21717373295308756,0.08328150689850339,-0.07234866884081055,0.04075868108525341,0.3660644566322144
