1.0,0.6130827092243529,0.13460629110025069,-0.08300680996966901,0.021901505161070374,-0.32379742971301834,0.3780452169137072,-0.08543476663796819,0.12793340820422106,-0.19407425864426545,0.4627441850309188,0.0423957631481892,0.39159355369060517,0.06606771535085117,0.0263124191830119,0.19538400989578808,0.3878665985029619,0.1688587422163078,0.4526894980065364,0.40604251753401327,-0.16750361610487902,-0.22255287006123123,-0.03238897591579345,-0.2903594119937393,-0.5733055015651222,-0.6595954310766031,-0.06382485590561336,-0.2805731699704325,-0.014210369846730037,0.08592029173534106,-0.08272138128148597,-0.49338571388047997,0.17815697671095693,0.25128902446608264,-0.2690941069750206,-0.012177776118801031,0.31868102309040086,0.1493053069308615,0.27143658705610657,-0.2085589685663163,-0.1078885173325267,0.05815020581761378,-0.36983237604377567,-0.5465887980029891,-0.4053442447744446,-0.49994744553576664,-0.33052532789559524,-0.35941488525026716,-0.10528503836704561,-0.19992944850510236,-0.4999664349848079,-0.13787867828041397,0.5100670245553792,-0.013546390755942876,0.3238996704229558,-0.18272680505825276,0.7383439188904766,0.39813900725313583,0.17886787260068604,-0.06148928101444472,0.4088650223763901,0.09617751688843942,0.6071789612563119,0.34639966747061485,-0.32219710471214297,-0.537427065664349,-0.11588395806403344,-0.5226063392817559,0.5408348176776772,-0.04383984906582925,0.025809906206374886,0.13335270053380316,0.3308099873411902,0.21243744855445404,0.29005414178229916,0.25774566499285595,0.2705469083143516,0.338823966137074,-0.07693195437818481,0.2110515064591432,0.3599208186000187,0.0800742043678789,0.08553153650225878,-0.14563139363870017,-0.2951384257856946,-0.39978714797375386,0.05277672250865024,-0.3160676219037351,0.041298396965711394,-0.11881219763889293,0.020263583940146206,0.07254873914046962,-0.2333073840526579,0.1291189262393011,-0.3103677922327011,-0.23376273154153276,-0.1602140936861467,-0.35577143955004825,0.1262423209144424,-0.14061381257137598,-0.2955595116160654,0.4287130035461616,-0.04846442424705636,0.18506288421320333,-0.2315611401083165,-0.20679820609456212,-0.2617329820864305,0.21087234170559668,-0.335776119471757,-0.14776525487535275,-0.46378964853711135,-0.2691093685475538,-0.29252305201386414,-0.35401121002690217,-0.38067391762510433,-0.3629359910613927
0.6130827092243529,1.0,-0.35867418556326014,-0.09774285952099665,-0.010759781624529532,-0.2637581075026119,-0.04275651451440501,-0.2084307064193696,-0.05181782996027345,-0.20841674064905027,0.19923966176988778,0.07006033990292324,0.15654106666507211,-0.0018748304677961242,-0.022087180546537372,0.10821919474048984,0.2152894768987989,0.19508242638564408,0.1614021801585643,0.2581867713210899,-0.08865197657513742,-0.33959707115713156,-0.22307356539815892,-0.4480663091942058,-0.4233336685334813,-0.5170858455915904,-0.17835470041403131,-0.4061297169709151,-0.1241724006915466,0.25922535699649146,0.07015342582848148,-0.3846546852136615,0.1637284523233021,0.32161543804424664,-0.04912780356972367,0.2702567848884806,0.17733324462429212,0.18258918219500425,0.1359471644524446,-0.31133723466235025,0.047158793995485615,0.28804044395268397,-0.20703072244363543,-0.35793312857542586,-0.09138510765127165,-0.31621510644586687,-0.23504607043161205,-0.3270260217260878,0.27681919253735326,0.12471752216925917,-0.28521178592668756,0.14580968976024644,0.5702657679536031,0.12458392561622059,0.13147551181508682,-0.12175126407418596,0.49450900285985333,0.5914374999529867,0.3071979542415538,0.26782739690054813,0.17112154908786295,0.2607702676198148,0.5316920251191674,0.578578910045025,-0.3314183702866068,-0.4242841287380449,0.13599338197681382,-0.37800418969585586,0.4652533504619448,-0.008108042176475372,0.0786726023080353,0.128456100788147,0.29899823515340507,0.4694770318958939,0.2765722058368767,0.2176866487959639,0.27962654010124177,0.30328752135819775,-0.10347533256097355,0.34521894449742563,0.3567623189739374,0.34549410805119846,0.21355663008473527,-0.11413864774913512,-0.3483216888950979,-0.19588749371285352,-0.057878814072025934,-0.2582669354947325,-0.14838552838160227,-0.30007743869969894,-0.3539030264516695,-0.2869755025899305,-0.40441144915540767,-0.24163730120652474,-0.4082878828858848,-0.38204974967593475,-0.3029303321079813,-0.4957259261810433,0.09152423911683516,-0.16718600840819264,-0.14875575484103987,0.14943195828390712,0.09425113365014762,0.028937460337195693,-0.022291704756086727,-0.19070327497161446,-0.0622166602820634,0.27983619559137585,-0.3801810686662188,-0.25325354445389364,-0.48693703962541385,-0.2681069186004362,-0.24819707196053925,-0.42161088158706617,-0.3800880442364276,-0.39981659633309885
0.13460629110025069,-0.35867418556326014,1.0,0.20455996049900865,0.3120610734709111,0.016584613839481514,0.6730206087499804,0.24968944270538676,0.3978101828511108,0.16263780510501938,0.15634504497072682,-0.1867222468004375,0.28752454046198356,-0.02802219111024941,-0.027714478339948653,-0.08888111493933254,0.048999173395405805,-0.23342076192584646,0.1791238700983916,-0.06704773648069187,-0.2234013931461508,-0.037811268559531076,0.5003869041991958,0.2652514354953979,0.026754770282456892,0.05352657241479793,0.1668747418078199,0.14913098202080577,0.08856727954786328,-0.43511797543292324,-0.24671381491957117,-0.053153578879055426,-0.06579562626917075,-0.14600205822785725,-0.10806957619372644,-0.2724663170356149,0.031176127181549634,-0.2635087252928193,0.008510650231973818,-0.1336243918158464,-0.27795402348460757,-0.47695316735826165,-0.03822555448966308,0.0872068134613532,-0.2968779334735119,-0.3273416557717957,-0.0801757276978127,0.07380993189283876,-0.29399226297967657,-0.4824704117243363,0.013254890065906256,-0.3086771147436888,0.05403721303104561,-0.3273662292430824,0.20707951609592465,0.02584535402544019,-0.08463278734007737,-0.33451359581955326,-0.18922179137200323,-0.3959048268598625,0.14746048958269392,-0.366009909605003,0.022357876174260632,-0.38313563808286005,0.3339460000683338,-0.041250454914869845,-0.18315415199189414,-0.11672283172444307,-0.0029796621097479665,-0.05367443860492724,-0.03850040258638759,-0.11447670609001805,-0.10266508164054361,-0.23530798033779612,0.05284889673561379,0.015561949388209031,0.13563878789716063,-0.0628698509470309,-0.026560402214588535,-0.1644492006561201,-0.17152044237678943,-0.2235766624817799,-0.19580644704090688,-0.15961142792638688,0.07324584028689458,-0.19163088521256325,0.1441230468091782,-0.025958709711798034,0.3557616117432162,0.18733844389549031,0.3255112430853765,0.32653700087694887,0.2153432967034223,0.5698498169842482,0.0584148064017456,0.09563019591463902,0.16946763443552051,0.25001626839136065,-0.23461062916384007,0.06391316304525593,-0.243044239845944,0.21953569299636005,-0.12757371669884446,0.16372310903015738,-0.17591988320044777,0.02577406100277807,-0.06604328086195373,-0.09549503571414084,-0.007300075085097536,0.16513624849875122,0.10813196327631105,0.012485905732653565,-0.09191200213664634,0.05872005857275404,0.03689261535333635,0.23679876630333338
-0.08300680996966901,-0.09774285952099665,0.20455996049900865,1.0,0.18516924450426625,0.44484393612561146,0.08941832773329374,0.5956649503993294,0.227555598288588,0.465272462624848,-0.3009488672891505,0.29436930433669684,-0.3007272768365747,0.1140010635330287,0.1549520094874306,0.24239699099352185,-0.414729000674426,-0.44353577521662685,-0.08353873912629643,-0.01628425961573703,-0.15116539674499993,-0.2851048090478867,0.2666224676254108,0.6959539318682436,0.17623090577250897,-0.013443328196351028,0.2637907850961603,0.271118727588629,-0.4574491361923366,-0.4370560528076781,-0.2599988583011181,-0.25530289994257616,-0.3130617452064688,-0.3357691630874435,0.027418929645202317,-0.1400719994359212,-0.044151055127456616,-0.22856445166382808,-0.15103041139738754,-0.1077155361455738,-0.4950027686241133,0.015700796278806516,-0.08098024439368956,-0.16282297988773306,-0.17579482426186005,-0.15225296241820507,-0.10114183703157319,-0.11952254004920478,-0.15792542478336272,-0.13707134381378636,0.22154135228782473,0.11673730150240233,-0.036868972712606016,-0.06185753824517762,-0.028615091913638088,-0.22609263080181846,-0.26298870263804286,-0.2407584228478189,0.033048607173054766,0.10184666966277794,-0.2687718262888071,-0.004379469975302584,-0.2543815188055146,-0.12597777964119938,0.22273640022157679,0.4283189642395078,0.06770741979261566,0.3010778182897506,0.04289500401325003,0.2206782392444709,-0.07070991528624465,-0.10582751482412582,-0.5691552148980774,-0.23343768938459566,-0.42336508915966947,-0.12569580411515174,-0.3370701066638617,-0.15393642841228283,-0.3311783624767961,-0.5112746827331534,-0.3856641134591226,-0.5111874425920853,-0.06053700046109041,0.3180216537162052,0.22478127418497118,0.5007830442095691,0.18627435017561497,0.21636042895545562,0.5470036084982031,0.2914940135991968,0.21193861741521694,-0.0007917606035171597,0.6734351779821082,0.07994757282585298,-0.046032081273947145,-0.23715274941174191,-0.4186042788331416,-0.10125734431256199,-0.4166521296353989,-0.30657819363347305,-0.2034310997873334,-0.23426146007458773,-0.04202214844187934,-0.010611114318878503,-0.1435380046265748,-0.45282893387788714,-0.006518536401583237,-0.25884389909919137,-0.13387174843789665,-0.26732548261717254,-0.02514488606163219,-0.21920606420015032,-0.29622519210562,-0.061520835780834955,-0.15565906692311646,-0.1288316976562589
0.021901505161070374,-0.010759781624529532,0.3120610734709111,0.18516924450426625,1.0,0.4246467224720696,0.47401899542985676,0.39539986623179224,0.471462922262729,0.5396450981765147,0.138605061048902,0.12507389441240185,0.3008541359369768,0.22706678030578015,0.14138353897114644,0.20860982965784716,-0.07313655878927085,0.14299993450615814,-0.08297570320128611,0.14541799936526045,-0.0009893959181650888,0.0552615054747247,0.11514482953227735,0.14211635754642069,0.27466090723114683,-0.06250444036204365,0.3119215531489011,0.019742675132562552,0.21311787843036767,-0.15572542847614287,-0.1397677723306421,0.016720084992410768,-0.1501166325263033,-0.198384975072991,-0.19047447772316456,-0.26746198243078695,0.10311876000926562,-0.45671533980025686,-0.13721566329158902,-0.3081243428829605,0.019226050610265225,-0.2682144325971778,-0.17734412101803138,-0.1249210853069994,-0.1693540854910373,-0.1450472062596518,-0.18765916330174504,-0.19917217847681476,-0.2631305534711149,-0.20184116360766646,-0.1508855559792549,-0.2202342361645993,0.08489763081356505,-0.21446597169736648,0.02424425763452889,-0.26010784059537523,-0.03312818260267649,-0.12238338774278666,-0.06630799113028617,-0.018964168335625642,0.28291664005221867,0.32353772879310355,0.03229654073883449,0.09658864258109812,0.13346415181898746,0.07235447179558167,-0.30688492669025036,-0.2384482931470291,0.04996995104044415,0.22813753364410885,0.1348373958479134,-0.19659395154042478,-0.044722574817927546,-0.07396476741834104,-0.1046410034583336,0.022441326258732176,-0.10792105351326185,-0.2118409954121065,0.07513329631871384,-0.33436995965633015,-0.04744915552847239,0.03311078247008763,-0.023279655961301646,0.26082833681279144,-0.26157676979288025,-0.27947632224364694,0.24232689911608746,-0.09927207174891255,0.33931004997081754,-0.0059084169893447004,0.308871490160259,0.11919580335491187,0.08247486457729915,0.23878945016719605,0.0039085271599870785,0.12358374603938432,-0.30180668799202115,0.16084390274616495,-0.3523905337266487,-0.0007349659699014966,-0.1553500563469736,-0.14031777175510218,-0.1980828998032643,-0.06339778808629819,-0.14233161826345173,-0.25295644166623904,0.09588526915784353,-0.3971784854131662,0.041015617632829744,0.016251568492914523,0.09833305858763887,0.0802055910667874,0.033174808790270294,-0.015232185391108313,0.10268452206251587,0.11115080099636562
-0.32379742971301834,-0.2637581075026119,0.016584613839481514,0.44484393612561146,0.4246467224720696,1.0,-0.09185300907761446,0.3370142898009585,0.08642477352739333,0.3959151272458752,-0.5301618650519628,0.007434022469833091,-0.3994116379081758,-0.0893308127184901,0.00478936841862492,-0.008982223852945804,-0.5047199438512289,-0.17909582198161708,-0.3251560250218635,-0.2904363520713404,0.24324603652799345,0.21635902635204424,0.044775722350397965,0.4168411897184922,0.6158939140062942,0.39163681649022475,0.711584269129298,0.49778503164170146,-0.35843057269252904,-0.2993319119297481,-0.00023820176699405337,-0.03933867440555625,-0.34848666100707565,-0.5238421143088772,-0.16166207263434326,-0.11345731735347621,-0.005465463497161815,-0.08623557197764625,-0.1719174837897465,0.13387429054373082,-0.06462433735589665,-0.06491367726427684,0.012390212332065975,0.07205487214345442,0.0959734367318172,0.20642001904218002,-0.0011726875263517714,0.172118502073241,-0.0876347986995559,0.030517080316600977,0.2621545231263062,0.1325030819752198,-0.2768451870019538,0.0003648807192205872,-0.2306428016501863,0.03350278926140219,-0.40519390218615536,-0.12506125549511202,0.11082737074098588,0.17801098722030523,-0.28611594077890357,0.005068285281523815,-0.2977469868778566,0.0015402123768085234,0.015747006271148337,0.32593120697843747,0.03339507824225233,0.3502162107921679,-0.12033096058892424,0.3361206498722898,0.13318341681332804,0.04867799508384723,-0.5451355464084772,-0.07420397441649736,-0.5086542769044292,-0.11391293336669535,-0.45020308028702916,-0.10240624458196523,-0.1433056230474366,-0.3683578711722814,-0.3335745204242671,-0.19799589081429272,-0.29291150795434434,0.07124524683548826,-0.08282806679302991,0.3258653563277887,0.302218681615904,0.09739426598036763,0.36227684824092304,0.08985342022755066,0.09480036706773291,-0.08351510985167375,0.2661015581246337,0.1419891947250052,0.3213387689026627,0.20383617752813185,-0.20302868842122604,0.3146828034448144,-0.5003824921327976,-0.03481975891198941,-0.098717600152973,-0.5517943667768875,-0.1135209659525448,-0.05208978267329125,0.10406488850416717,-0.3761590894761957,0.08348788369674472,-0.34771016690456125,0.1821604613333422,0.012996534029269416,0.34649487840797516,0.027521653263809044,-0.03075712276819464,0.09337549377529929,-0.050520957404085694,-0.021572462588502303
0.3780452169137072,-0.04275651451440501,0.6730206087499804,0.08941832773329374,0.47401899542985676,-0.09185300907761446,1.0,0.4689156183640891,0.5060181892180545,0.4336394839047862,0.482907829248738,0.12640883437412556,0.6589890894670338,0.386568630603573,0.03990905382951016,0.14203184976843303,0.19335758681744764,0.15242767775671365,0.13625468743362282,0.18616052554388826,-0.336193604705286,-0.1409308181912622,0.1937363458286047,0.012260925095611067,-0.31692682316446913,-0.3737219433053921,-0.04075743593187115,-0.24604440120361767,0.3099590957219194,-0.055075096212316516,-0.17830334534428097,-0.09897196996612388,0.17412181576099006,0.13650684847416583,-0.27393666935049854,-0.21914538507022482,0.05027910079230584,-0.35816648561772774,-0.04627541646860528,-0.44011170480051426,-0.21850572149073555,-0.3755306950695245,-0.18390164007716206,-0.20045240314745327,-0.40289231133117653,-0.5022976226414436,-0.08356507833160177,-0.21842362545467492,-0.29655325550284384,-0.4588655469563783,-0.4328662972930147,-0.2722113133708657,0.3086409978267256,-0.022412582037612403,0.2248897951619472,-0.06586183219655038,0.16804863697854852,-0.23003621747251957,-0.263148769206335,-0.30089929800912807,0.4259914976806458,0.15509185736312775,0.2521673133499509,0.013244665384306447,-0.054418100777755156,-0.1611891499160494,-0.390542683798855,-0.5305823339366849,0.0626918862352034,-0.11499094074485161,-0.00650841952225166,-0.0050058023523444,0.2529097941366266,-0.042863166867581536,0.040020322879579275,0.09192109798199699,0.11817843750637344,0.03673298974405982,-0.05760904253101024,-0.04270563964073492,0.14817443163134483,-0.02311121020014526,-0.10700558654817068,0.07303391456231259,-0.31496642766615063,-0.47223786601291745,-0.026805143669116686,-0.3451406188216926,0.10364983195370375,0.036385284086481506,0.34436851995649753,0.3180284866686298,0.03251087823535738,0.30528912488802035,-0.1646351022954145,-0.10478213942762986,-0.10645807708589461,-0.015640965633349102,-0.1685380911821993,-0.037319264276214986,-0.15872140875860638,0.23316072469199636,-0.28612630202848083,0.0510254169936441,-0.4610427003614865,-0.09694309689296722,-0.09169062437042418,-0.0699543686362453,-0.1555457667067799,0.027550437218626055,-0.18006564175579054,0.007985297920050255,-0.058232708611496604,-0.1678112135510193,0.02196862985676508,-0.04461788909515224
-0.08543476663796819,-0.2084307064193696,0.24968944270538676,0.5956649503993294,0.39539986623179224,0.3370142898009585,0.4689156183640891,1.0,0.3521777818649883,0.7009195390760393,0.01474891769605426,0.42802092316521984,0.17551357220940875,0.45829148929361524,0.13140721868226712,0.29899433793142743,-0.26676747169184856,-0.04165428692117768,-0.3586012182911284,-0.030714178529853472,-0.2661204724983523,-0.22068026705193017,0.12071806326286004,0.29457440158211545,0.008738092956600637,-0.11609683472719666,0.034085820322753174,-0.04863233103084329,-0.07673046664012721,-0.0815921457739009,-0.2754364031496382,-0.07489451851073524,-0.04171496163377024,-0.05495389646617049,0.02226380761814845,-0.055681786547461934,-0.05101587947591617,-0.35868825052771974,-0.35233333042925796,-0.3793140230994712,-0.33031443673117983,-0.18443303410898435,-0.05761946833901044,-0.18294806188610097,-0.1842897268124789,-0.19800978386417695,0.07619111178901851,-0.16985107371754007,-0.2633661531899784,-0.2121140711986013,-0.05951028294799523,-0.07925685855023808,0.0023369540872049976,0.03166299860863183,0.15595060152955048,-0.14034312099497326,-0.3197661137486697,-0.4156021845660156,-0.30587810508429886,-0.04117562557162038,-0.049844470021258386,0.35602962094481355,-0.1827213456036256,-0.08248987006807744,0.01851259428120879,0.5443035214468248,-0.2964945013093149,-0.07807939541440624,-0.3072547522679852,-0.01766745490589677,-0.031546480073475366,0.06815616389017956,-0.19732215167964517,-0.0808393543792227,-0.32398273355218654,-0.16559472997624244,-0.21830993066163654,-0.19769352003374407,-0.18986292738734006,-0.38537251576362863,-0.16204210984274636,-0.1851777331829296,-0.030162927152816488,0.1793221203927041,-0.05649266099904519,0.09217955782048312,0.14674732258691994,-0.015530045975390127,0.32626475460725507,0.2290688781442632,0.1586466423904434,-0.01861284108780601,0.37833735154015447,-0.07629490959492362,-0.08802668610942761,-0.2002334674349055,-0.34747838688691823,-0.11694457401073231,-0.25623424040189036,-0.14076673324964284,-0.04559731885535347,-0.19561330185025871,-0.2740190657967552,-0.2749174915873236,-0.18729130669236957,-0.2500439521811787,0.05158798062075391,-0.3170838886306379,-0.1774458895214163,-0.18120442089762223,-0.18966956332316273,-0.21022225893072177,-0.10686972006592223,-0.03498256794460014,-0.051355449824995965,-0.04814296629384243
0.12793340820422106,-0.05181782996027345,0.3978101828511108,0.227555598288588,0.471462922262729,0.08642477352739333,0.5060181892180545,0.3521777818649883,1.0,0.6301749288018299,0.36868690460247244,0.1632617890352823,0.4885641426469336,0.47455203714333033,0.6126614906287255,0.42188086671860925,-0.0109402649243661,0.015624655327195284,-0.09584779043261814,0.20110382243589686,-0.3629638243845053,-0.17029938814242743,0.10855219293605763,0.2113216955352746,-0.07979925582558191,-0.20926208265513874,0.1354544976207942,-0.023303361013143696,0.31375343425189767,-0.23856780120493493,-0.05027089237151017,-0.09225143158937395,0.020803462511152997,-0.02548127910611693,-0.26495084817566633,-0.34247456487848027,0.17496191859673937,-0.4684058471059987,-0.08824164660072908,-0.4555214966226184,-0.10773649128342276,-0.32648528441843006,-0.20940167057577352,-0.12663887690956657,-0.42959717217466775,-0.4857570072087578,-0.07818682223044354,-0.23783527826315373,-0.43744609574012777,-0.4085399406146645,-0.06998581943957588,-0.20265300354678073,0.1775124381688764,0.017017532878678923,-0.019704983227367412,-0.3178734920683661,0.022629746554014566,-0.16107990513282114,-0.0632312146491965,-0.12736874527414857,0.19779651929439887,0.3329580431790872,-0.10425209397133856,-0.17560701975125478,0.06434493110420783,0.16997053059475953,-0.45049799044000416,-0.4417479813358986,0.05634846816934984,-0.009759155846625511,-0.1800571038055566,-0.17265768087072883,0.05247252766081368,0.07913846707189211,-0.024637106071284595,0.17441152367566556,-0.1542189596576444,-0.1478342425969674,-0.11366026639542966,-0.2645519104052645,0.008805758479513535,-0.07399762641948535,0.211048919405906,0.16639460269345843,-0.032457766680345494,-0.31780340247194905,-0.040788468889841695,-0.2028511132697367,0.19174133131740448,0.051582184696195826,0.432716863506321,0.42803720711056403,0.16653154860615008,0.36820055764146803,-0.047477154968524,-0.08837952448121483,-0.31833445648400616,0.01764291120931233,-0.18427910655921462,0.05181394895126084,-0.1491219786538481,0.10427219881742424,-0.0892282277436991,-0.05230178437442327,-0.16026096221200453,-0.07059335690427357,-0.06194099548858697,-0.09559097121528255,-0.17076591304504476,-0.10499479074487705,-0.15934037093383316,-0.07531832043627437,0.10139012743833781,-0.023563219266050064,0.15263323098881149,0.11139435880269251
-0.19407425864426545,-0.20841674064905027,0.16263780510501938,0.465272462624848,0.5396450981765147,0.3959151272458752,0.4336394839047862,0.7009195390760393,0.6301749288018299,1.0,0.0961221007036353,0.4814072572107254,0.20940771396917982,0.47231503307680617,0.27545372901427356,0.47215060381798624,-0.2042919029400872,0.09099620320174061,-0.25357707066267726,0.09324831438599622,-0.27386177246617227,-0.2397186501375345,-0.03452360257474774,0.33523780749074766,0.05099834165680558,-0.13388316791194207,0.04501894087729741,-0.041843916078005035,0.09375931482022147,-0.06877416372166542,-0.06255692444619058,-0.004116967677592087,0.05573599739275958,-0.07958206709551224,-0.22157770259622336,-0.197076379456351,0.023775097448968403,-0.42185507681033346,-0.36499647553643405,-0.4828088158596225,-0.20066560496858976,-0.2223772562501103,-0.20880291369714712,-0.17988792495738803,-0.21458609789406655,-0.24980791278086487,-0.02279928006305204,-0.240121784796675,-0.22246107828752204,-0.2744814469292262,-0.08778962348840375,-0.04313408519754239,-0.0091373231392687,0.12458153755739855,-0.1784494551661149,-0.41486578664098656,-0.275886502421641,-0.4279820013552941,-0.15030445395334563,0.025127191264851616,0.07097390250907826,0.468031776192803,-0.15189193061790027,-0.07418478200167425,0.0761843693437513,0.4218995162597618,-0.27899545107853807,-0.14725383914528184,-0.11516641309434239,0.15154073823470116,-0.0804718437631814,-0.009193831696290535,-0.1285880219009906,-0.03686446435984472,-0.3754857296741375,-0.11435029208347217,-0.3241541923111346,-0.13758929835551856,-0.06666936384588908,-0.2818726094822467,-0.08792868799008752,-0.16587025961453544,-0.058821279937216496,0.4089143288995539,-0.18063939334537718,-0.07550338184348647,-0.0912028570484452,-0.23537201968161406,0.11663670290765805,0.04313648740795506,0.3376595743164499,0.2533270919909927,0.3444541299304646,0.10315037876176092,-0.11370380188424442,-0.10779609854309588,-0.3897220186906019,0.020177695592066097,-0.37992920776744776,-0.10711754342516276,-0.057580801434957474,-0.3007202197914581,-0.25143541950913195,-0.17867264246843115,-0.3413585077813321,-0.2799375283997657,-0.04740118556706459,-0.2769902848762731,-0.12915894240037407,-0.11800412985902302,-0.08109340980891742,-0.06978217640072457,-0.06703780431721522,-0.11727649869556703,0.14769683401628145,-0.054492096104713
0.4627441850309188,0.19923966176988778,0.15634504497072682,-0.3009488672891505,0.138605061048902,-0.5301618650519628,0.482907829248738,0.01474891769605426,0.36868690460247244,0.0961221007036353,1.0,0.3179990027197575,0.8832069502758247,0.5219675669684517,0.36437633919615536,0.43992026958901054,0.5184215816605108,0.571783853087745,0.2646414109160411,0.5603375868865019,-0.33387583996320097,-0.14643611833849868,0.08865479193605548,-0.1500573230413485,-0.6031448300955505,-0.5891915976884032,-0.321298496511844,-0.41713513890063064,0.554687494940009,0.23408958948322517,-0.06323866710142781,-0.05748438414378638,0.13551070444960395,0.22715927515969989,-0.045998690658681674,-0.21402809449432655,0.17410686130075645,0.009947433901675502,0.23565174329175909,-0.3915825689389667,0.015143458931775232,-0.1008393289076886,-0.13429617934660992,-0.2621691537409011,-0.5067610761194962,-0.46069297016722643,-0.17001874743682363,-0.20384248650212863,-0.23361298747798376,-0.40176191987690557,-0.5510793766615341,-0.3551998462415563,0.36759980340065057,-0.05342242838836836,0.4016999685718506,-0.18942962860689677,0.4148778162167648,-0.0020218064140351114,-0.21354022739835876,-0.24169895116968265,0.5519279421026578,0.4115920203796576,0.34151723089325303,0.015331146131245187,-0.1501180048510203,-0.20086226826472423,-0.5381324445968022,-0.6465544814758306,0.1047503612674663,-0.05884394664038685,-0.06807526009053802,-0.1107065095542266,0.5432475108811724,0.0008427108631057724,0.43078834582421727,0.08669216269215223,0.33641529350831395,0.13863707334358946,0.11376369257970077,0.05828505252992043,0.3324675418288899,0.045478918297106874,0.1170313751768666,0.03694472039711722,-0.1410389562980802,-0.7064385487798939,-0.14908357641451095,-0.3192581928022812,-0.11851004863026579,-0.11849846375429637,0.2142543158983713,0.3783999479932262,-0.27026588524159967,0.08454055590522397,-0.3132556721332656,-0.2679633062600053,-0.024010882325269167,-0.15476419018664606,0.12756396813882181,0.12105822708180652,0.027059793122433784,0.3497626458643216,-0.23252853362086087,-0.12761204886748834,-0.40572504038922386,0.07697787396833478,-0.15683690550017726,-0.03902852480551493,-0.261495195530045,-0.0005484996528410479,-0.20596721337779664,0.011692394874096661,0.15855666102184457,-0.136685564545761,0.013789937688932297,-0.1185330017776264
0.0423957631481892,0.07006033990292324,-0.1867222468004375,0.29436930433669684,0.12507389441240185,0.007434022469833091,0.12640883437412556,0.42802092316521984,0.1632617890352823,0.4814072572107254,0.3179990027197575,1.0,0.2536041428111955,0.7059320567945485,0.23159248701376414,0.591465428050867,-0.18058033814217175,0.20835123104403291,-0.23026404681753135,0.1058711468627463,-0.3317745824720177,-0.3123846718001803,0.003556126695645837,0.22537243218372519,-0.22970725396015096,-0.22267935191395988,-0.2104880788178678,-0.09546777380011234,-0.013571523112900852,0.21900326834901482,-0.1074753003647699,-0.0776220022571406,0.07484279284308454,0.08983082178536453,0.05738980563858519,0.08892155584942887,-0.030640498086236527,0.04593026353079523,-0.11028881026191847,-0.44761115930998824,-0.15046333828059769,0.05295908894951964,0.013891194728764012,-0.04642549193559855,-0.17362394433823813,-0.05248962581972217,0.05886651950305767,-0.08108462809668088,-0.18722883954804426,-0.2550485440569314,-0.10577120246317742,-0.23704339579735828,-0.10922591400395743,-0.004217234706506887,0.08332723547718128,-0.25474819439224716,-0.11272351023744727,-0.4097981303189068,-0.3734056323562867,-0.1663171655322229,0.02456379771816955,0.44831826177676654,-0.1058407838036309,-0.16432225661965225,0.06541329929674226,0.4104072001417441,-0.34896880414300896,-0.07662356161833117,-0.17430304582265224,-0.055359659613026246,-0.14138027368678002,0.15079825138025324,0.04063630975639628,-0.022317550607932904,-0.1485758786506543,-0.09419408379616956,-0.0491801106073433,0.10831583986742388,-0.17401976088169668,-0.21092686165640698,-0.11411357382011633,-0.3070004715850104,0.10234663884544283,0.44621191707124597,0.015242542884883413,0.13829390167802333,-0.02584831655240461,-0.01530284014526881,-0.04729368650757692,-0.07534090894622954,0.05134440045277172,-0.07585673029966007,0.2939297894719742,-0.32200121993382746,-0.3540629306762365,-0.3021566111115532,-0.12272763951625731,-0.23205931883775538,-0.12021584971680531,-0.11931904452007736,-0.059627008302946136,-0.39438541659351806,-0.43914340382524686,-0.5316704360430826,-0.3844157802462111,-0.12839263122820208,-0.1297824735237507,-0.2664673544373524,-0.23879282291607556,-0.059008157996944886,-0.015114619504592157,-0.03136374622376725,-0.06235635171088514,-0.16196397605249713,-0.0404024257283971,-0.2029332113867414
0.39159355369060517,0.15654106666507211,0.28752454046198356,-0.3007272768365747,0.3008541359369768,-0.3994116379081758,0.6589890894670338,0.17551357220940875,0.4885641426469336,0.20940771396917982,0.8832069502758247,0.2536041428111955,1.0,0.6147700161296932,0.3462783853320562,0.31279647173718345,0.37450976908136335,0.5342227454779535,-0.0002451024552698922,0.30422621036356023,-0.3916206143211848,-0.1423675400206837,0.13416939963659738,-0.25099724666686124,-0.5098501472958418,-0.4927999099007929,-0.2620608577756741,-0.44266331452073304,0.5610146002166256,0.20366804093879304,0.010143395114354343,-0.007425816249617438,0.17788960114582378,0.26430207442208214,-0.0616301814606226,-0.1395152223923928,0.11689147128295099,-0.051462960271938626,0.08840943499782057,-0.4934051289226562,0.0004103363065067259,-0.16122240759380155,0.0014354742054361555,-0.08867867658214468,-0.46451544570493614,-0.4823526722998012,-0.05313991094709359,-0.10182320750249435,-0.2674300974913758,-0.39993376087979815,-0.45903017218542685,-0.36655488487701976,0.3450936409948336,-0.0028920769964958177,0.3513610629362989,-0.07776060258390215,0.27518030307616126,-0.07912310941963958,-0.28810764189462534,-0.2902267638604972,0.5641606220748916,0.44139150824238815,0.2502546560672303,0.013170038006503322,-0.16667343751289543,-0.10882135043077218,-0.6189193616014166,-0.7254394077212587,-0.06148059385630086,-0.2173470399591661,-0.007999137489815743,0.019598460541768902,0.49284756086993453,0.1384173690460648,0.3974769055025475,0.21001120973739104,0.36798737864568376,0.18339912324050023,0.012531293616710312,0.09165698070212704,0.2736695333373597,0.09700044102443854,0.10189312292178794,-0.057653589617463794,-0.2558210160345667,-0.7207565742300277,-0.08117397785340175,-0.295922038673344,-0.19465194040591208,-0.12483215410266484,0.14783512453563577,0.2919412132496852,-0.2560185231420677,0.0797045405697264,-0.2816963988831339,-0.22080589456246227,-0.027483801609663266,-0.10291020782936612,0.09873547832959567,0.15816121075612083,0.07172644715840426,0.3262859779883895,-0.2728880958168177,-0.13941249945369275,-0.3326610960946074,0.1127536439231077,-0.1019307200746628,0.0007190075827819997,-0.3123934295742466,0.031773271620267426,-0.2186041806233117,-0.003557778905587053,0.2551893646431873,-0.1450464460984029,0.005483134611762702,-0.060480035087059424
0.06606771535085117,-0.0018748304677961242,-0.02802219111024941,0.1140010635330287,0.22706678030578015,-0.0893308127184901,0.386568630603573,0.45829148929361524,0.47455203714333033,0.47231503307680617,0.5219675669684517,0.7059320567945485,0.6147700161296932,1.0,0.4695680736511511,0.4904608097931619,-0.02214087223047518,0.2983375045152011,-0.3173978401840918,0.10098384786029937,-0.4194755211777095,-0.20669661928643154,0.011528248391222493,0.11850130224776478,-0.3585285735131621,-0.2810442841073134,-0.17325888601345307,-0.2330317938336035,0.32096420388824803,0.19004056625414678,0.06768300468426988,0.07290009059543462,0.13200946172372396,0.13656316526728465,0.06891024278091991,-0.039432200402256354,0.0005865338819121464,-0.07003904326699885,-0.0711916725158261,-0.4516185927817385,-0.0672406111177364,-0.029394109289355597,0.04046085084880618,-0.01567923038506148,-0.3720217350360631,-0.28155993714095595,-0.0010516528191676716,-0.11411564828092031,-0.27464748161532004,-0.38563684653834174,-0.19685951593964235,-0.2651782769800062,0.03546285808545055,0.1597391690261465,0.09464466627632787,-0.15402163667304006,-0.015745600835630022,-0.33054773347593386,-0.34439643983123125,-0.1390645633807688,0.22650991884663274,0.615504687069718,-0.14118382642635838,-0.10517450089686103,-0.08712001104252949,0.3867015243942316,-0.5307921605528718,-0.36829740866022753,-0.23332173186403696,-0.29333584370072957,-0.0908452520651903,0.058897874865175066,0.2112600042321438,-0.043393898273893776,-0.015082064321282061,0.03345310902397694,0.0788947327506637,0.0922850424347979,-0.1985434379334417,-0.17773508431925836,-0.0308040192004921,-0.2095409621687173,0.21512417203321046,0.3804898796703464,-0.09081771738242819,-0.20095368627723295,0.03496040535447828,-0.05291781904494957,-0.15119806129334154,-0.10649663877014838,0.07052139020090256,0.05278619872894657,0.18311708654344327,-0.22021432029238677,-0.2695052073294413,-0.2548831577777006,-0.20092467000038908,-0.18395639997906324,-0.0873360957613,-0.012053709302107482,0.17063263222603076,-0.17399643516902516,-0.2898830168315375,-0.3924187428148077,-0.3021839980716999,-0.051184322799419715,-0.05288932284289537,-0.19316550788341316,-0.23653803866717155,-0.019038264720213503,-0.13418626156783475,-0.015367260545632734,0.1914085913238974,-0.03431449537893963,-0.013752783112065119,-0.1412479164026451
0.0263124191830119,-0.022087180546537372,-0.027714478339948653,0.1549520094874306,0.14138353897114644,0.00478936841862492,0.03990905382951016,0.13140721868226712,0.6126614906287255,0.27545372901427356,0.36437633919615536,0.23159248701376414,0.3462783853320562,0.4695680736511511,1.0,0.37455544443793265,-0.04990939237362132,0.13139192592554946,-0.20413807709586532,0.14486025831086932,-0.2476230550050877,0.059083922985667774,0.37919908084889586,0.2998069477992986,-0.05454291089364824,-0.11827411552039513,0.16368708916202576,0.13485316895185434,0.23641338866634734,-0.0877777552974049,0.0964341676712567,-0.040554429895112855,-0.10920585321277994,-0.05450701984271534,-0.02452835962613916,-0.1629565480330837,0.06707571797048162,-0.025806044948816446,0.26650943949583594,-0.1187427794955874,0.05092940934624662,0.15044324507816642,-0.013181330198379049,-0.07319692868942768,-0.2853753735130674,-0.32334068115291237,0.05120932601923857,-0.04060680135788018,-0.35295347126914023,-0.24343433377107934,0.03437847755657798,-0.17123971277843397,-0.048311883313075704,0.0748614266880541,0.16971665313860626,-0.039399210482596564,0.04180647033748568,0.060782282691834236,-0.15721491540873228,-0.12367741481607851,0.022882681658112212,0.32757423413202985,-0.3478263206094534,-0.18391304213985155,0.20551295384808005,0.2022801680998652,-0.48316453760236505,-0.32352267250239836,-0.03269318677016027,-0.029643225589858973,0.015818852472414886,-0.1240651848737847,-0.04127481914886656,0.062875186840843,0.15096077855202897,0.09693701741821045,-0.19958670639081807,-0.13227713578397832,-0.1743532251597577,-0.264163067066667,-0.03812200307523001,-0.19778863198268662,0.6107602230519893,0.19349289757757349,0.4211925716399578,-0.14027145449309705,0.26634081668509574,0.16603978624407645,0.26277102386254686,0.13415715842045825,0.2055433146359871,0.14191796759591585,0.11898417183612928,-0.002409592321522967,0.07403327640382575,-0.28446565431922716,-0.22931480904254475,-0.09182730170003806,-0.007993855313670186,0.007969725531853987,-0.08186687421837789,0.07806272074146481,-0.10866583917336387,-0.2961180388087048,0.032010590307968816,-0.11152866483579581,-0.06450165161979035,-0.1651746638197063,-0.33394457674762845,-0.17760017997907823,-0.02363130647658775,-0.1288177003207845,0.172310793951009,-0.049942837178541886,-0.05991496192923214,-0.062073894612091084
0.19538400989578808,0.10821919474048984,-0.08888111493933254,0.24239699099352185,0.20860982965784716,-0.008982223852945804,0.14203184976843303,0.29899433793142743,0.42188086671860925,0.47215060381798624,0.43992026958901054,0.591465428050867,0.31279647173718345,0.4904608097931619,0.37455544443793265,1.0,0.07888868722426626,0.2741659250837995,-0.04064922136529059,0.5290850025877019,-0.30174202554964547,-0.26854076721700554,-0.00639835540198682,0.266850257058683,-0.30582831732558763,-0.44180290850521553,0.021552994016758028,0.0069286563435912475,0.208228011334872,0.15309409679635808,-0.16103509160772497,-0.12920631404998634,0.004700751482892344,0.15503750725512924,-0.027486463752926966,-0.045248953557696335,0.1583697503247826,-0.0665882038862389,0.07158148929395547,-0.4128493362566564,-0.05472096195845755,-0.001532604397577372,-0.20528347619704632,-0.35768945192418916,-0.42422394557705684,-0.3729308286476682,-0.18211044638820303,-0.4013138690570827,-0.38201522031191465,-0.3339518129192927,-0.31389425124212694,-0.30361247345542514,2.3816651505583434e-05,0.009648317376649293,0.1945163718974929,-0.3887477181971458,0.1326716535050781,-0.25281018264247346,-0.10936061845507139,-0.14918490444733568,0.1515958716449688,0.40258002739058707,0.03566296835725277,-0.14030879302226454,-0.14148866809140254,0.15113618571368664,-0.3689048291163774,-0.27794917553362364,0.08985335236442082,0.12784212992840718,-0.3749761840628741,-0.08803280517126667,0.17957989209237407,-0.020391356912882252,0.020715566573431834,-0.2879357198741339,0.014936976217110588,0.0823158696760526,-0.05288186657505757,-0.1170107604548778,0.04768981925598907,-0.209547936664395,0.06396950568748305,0.40095137799616326,-0.1170367560291806,-0.18892781379935097,-0.03989149550235099,-0.34823850691553976,0.06998697835384869,0.2817430072879663,0.27112952556244446,0.16788100086288663,0.18285329696359784,0.005765577916170808,-0.42026690419624513,-0.444450451664917,-0.42614871749369937,-0.36350406918955236,-0.1388307720065798,-0.165138037545112,-0.24972323467469182,-0.10307275064234885,-0.34582654076367064,-0.32807035855786953,-0.38825562720420215,-0.2445302918416861,-0.29829451710936905,-0.24215750618327037,-0.2898604249568774,-0.28166729087369075,-0.26854895944439766,-0.1617469188752526,-0.10299765749100778,-0.04853344963934607,-0.05820939217112693,-0.2766666445848621
0.3878665985029619,0.2152894768987989,0.048999173395405805,-0.414729000674426,-0.07313655878927085,-0.5047199438512289,0.19335758681744764,-0.26676747169184856,-0.0109402649243661,-0.2042919029400872,0.5184215816605108,-0.18058033814217175,0.37450976908136335,-0.02214087223047518,-0.04990939237362132,0.07888868722426626,1.0,0.47152886338863814,0.4585029175604015,0.3745325320192022,0.020385548857385333,-0.001495255005832101,-0.18755664702149283,-0.376926455105214,-0.3752404401887861,-0.3646701182233415,-0.23557094123576316,-0.31642572503615757,0.5190491765719787,0.25027757938906436,-0.00800728208039548,-0.03223208482944361,0.27385671704380843,0.25844486295298613,-0.15010408568496275,-0.25587584008862785,0.43872137961878505,-0.0053969030172193455,0.4078873660361481,-0.048949438996883726,0.22298064996043,-0.04639757507725295,-0.38759614108405904,-0.3880192341940939,-0.42685983767825086,-0.41500137681525806,-0.35171364438087016,-0.46214913928294604,0.0005591715675465429,-0.25183590839605363,-0.36504642032517726,-0.13647728673255363,0.3674593304556644,-0.11621478032793994,0.27166606551985,-0.1521482497757457,0.5347731928147794,0.3349337817211975,0.1563332192739698,-0.022067671656451356,0.43132691088018543,0.01160375558467905,0.5837098957489721,0.3001796226933716,-0.18850951441954525,-0.4893086996743156,-0.008094295064088737,-0.4481922179703206,0.39527738554012926,-0.035253912047435707,-0.037962859958446574,-0.19093999283611543,0.5845665784229915,0.025995838056070537,0.4636360582326974,0.046096650828916265,0.46835287126884617,0.04611731315999687,0.4679341575747791,0.45765162979867474,0.7074016314605692,0.4386226242933477,0.10819953779258787,-0.1342688547122757,-0.10627145384283336,-0.4784169439655498,-0.09669293686010703,-0.31675938875409126,-0.09759061417353815,-0.09221318604659035,-0.06969467824272213,0.13376995325024427,-0.35051683574709364,-0.015914854869707083,0.020889557183369944,-0.0007691734892635078,0.027725548740004748,-0.13060652870476325,0.16948094805901498,0.04400258756001792,0.06792845197075446,0.4377909929608528,0.1338735138404978,0.08411963416331562,-0.09687878909834331,0.18714847641321475,-0.12800779104919457,0.10214525708827273,0.05653526668441304,0.08784664058910381,-0.38522886421547936,-0.09081256555873861,0.0660503711836943,0.061766434788659216,0.07783973571558879,0.028024653205637327
