1.0,0.5255910079220829,-0.1417264425580665,-0.26131717138802674,-0.2715887037629528,-0.23925656104396248,0.1339247967794728,-0.17037172791471838,-0.23545614107213297,-0.14959915468369153,0.07321160110090463,0.0025959930923118114,0.09962207961160893,0.1766594467777326,-0.09086606110640201,-0.04785906151206657,0.4308658427794277,0.23521470727157143,0.33380854499852314,0.13149431924063812,-0.1716625708995455,-0.10044535163991812,-0.300266861235224,-0.4114139336442863,-0.36405756406518563,-0.42012003807309084,-0.21790165935409603,-0.3332655649790014,0.23509831115435756,0.10789987624651927,-0.18763060690593114,-0.21908972452745606,0.3055248129449674,0.1612270984382939,-0.38040824128346035,-0.2939174488159169,0.0935433616536539,-0.009012195823478527,-0.1736390381262895,-0.09416773589216139,0.17949126317359804,-0.01955016893159222,0.039124501298155194,-0.12328765378742328,-0.13696256974762283,-0.24350480719704018,-0.00025114504276158305,-0.1899622590298688,-0.10903398768840136,0.0015970291568880612,-0.2799190424701718,-0.1247616759392922,0.2185190313890151,-0.07951555996446821,-0.01784134839273027,-0.01884841798824473,0.6793170144822394,0.3068043053599605,0.2384916117549078,0.17517582118582345,0.4995319206272694,0.2936854879475155,0.5163822280692418,0.3907644729290065,-0.06785558078639534,-0.03662011120142763,0.15394681462941978,-0.5081065063379749,0.2314482004336539,-0.04269985130915587,-0.11936259398007588,-0.25373406280654465,0.20219256737639554,-0.08458244677632742,0.1057949504809928,0.11392407016010676,0.04020796972490731,-0.015697752297489702,-0.06027356866337803,0.008552728494105296,0.14886019231444764,0.11280272831896558,0.06334040372871276,-0.009050199081803632,-0.09270637293615064,-0.07390475499111863,-0.08325484393941031,-0.11358545671219385,-0.0877398118034242,0.2051764103834194,0.05343782935034241,-0.07546781509658264,-0.20627716403467555,-0.03342038103270344,-0.0835231069107482,0.07662407585959286,-0.037918536268929784,0.07393979074302409,0.22641979717284944,0.3110900431956118,-0.03821939807652516,0.21654897409863194,0.09786556830453132,-0.07935298295015988,-0.013100824580002933,-0.12877468805127526,0.10156337397283488,0.004917739227571012,-0.01986406098247714,0.01491241787192609,-0.34255898921678024,0.12445102509018792,0.14345006025151794,0.27416315774694416,-0.07200722115316338,-0.21261049294935105
0.5255910079220829,1.0,-0.33993302378179746,0.06260333412685871,-0.3909751024157195,-0.3137959114078774,-0.10643621494307051,0.01842769266814247,-0.2214846893128981,-0.0725796623915846,0.09140337643645184,0.30388363812429103,0.10923199185739058,0.44637519237838824,-0.045345763636477354,0.1394975503886095,0.3678211555229182,0.33246259365941805,0.12334090396015215,0.2088917495527029,-0.2841544040212329,-0.2372319251102247,-0.31564595622098746,-0.2630635214805274,-0.4087522012051087,-0.45271229292749426,-0.26124036355732655,-0.347587566909992,0.2559175788517738,0.2701821702983422,-0.23455474430262555,-0.24378402687403017,0.3180225488700941,0.3568266733181419,-0.29167895524080717,-0.3172228575068932,0.110834470758042,-0.05430272201798434,-0.06783002076772231,-0.0730432419824549,0.22703422724333738,0.14546072724710474,-0.12182946816273893,-0.1814633815169012,-0.3345354152684678,-0.34833172543024554,-0.03680852437190568,-0.21343205679737215,-0.14037656598625625,-0.0052904977896993085,-0.22005255477336969,-0.08369356868507596,0.23047659370870602,-0.04166925692119094,-0.10450560241838203,-0.12269450379637901,0.377820553087428,0.41708627978382357,0.1562154635138347,0.32286905808969135,0.3230361797055707,0.6098026741673339,0.42025358757171266,0.5354099455256575,-0.18620642220524286,0.16079742413723083,-0.05937242360385608,-0.40225932861541613,0.18995226146194147,0.032818500561622575,-0.18287725306847452,-0.1418939640042384,0.2354495577552164,0.01841784268138161,0.20350182513251577,0.10592839418025195,0.13991605268505455,0.10569136289636687,-0.053547801621220255,-0.0036149519317909243,0.22516526872446185,0.17046941942517682,0.04177786136918392,0.1680939291195114,-0.053462855812022494,-0.007037238164491496,-0.14467717212989092,-0.19860055145207073,-0.16354280396171064,0.03756339569596364,-0.06978426473786037,-0.2849541187305906,-0.28018208559323055,-0.2145681141614831,-0.031220185648052807,-0.009049608819851418,-0.07626000374552418,-0.0702517679415905,0.15030407061774503,0.09229955774588046,-0.034699679095346825,-0.0412483185466578,0.05004837571885647,-0.2643144609607333,-0.10241186109210021,-0.2022834249424901,-0.01232535074678257,-0.07728028427371093,-0.000582075658192672,0.028159369000498497,-0.41290257923634016,-0.022452497606145556,-0.017833428164534065,0.10543384915009027,-0.06198940085140651,-0.08879248344699009
-0.1417264425580665,-0.33993302378179746,1.0,0.2792293104972897,0.4549199774415092,0.442406789680003,0.6083774720359566,0.43068542622891837,0.39184711994886534,0.09733093773666525,0.24624519279653523,0.10512745634331928,0.2911683180310877,-0.27995041492829004,0.4115102472285997,-0.07461121765831323,-0.49991681137825844,-0.42131175143220584,0.22543471674623675,-0.20772268860740825,-0.043822901077482,0.13270945523645108,0.5971513830682303,0.37638719449946667,0.48934771662323523,0.37732502271591306,0.404470505105522,0.4540143284274,-0.1735389055836324,-0.3583856561718109,0.18873651586557005,0.28303571674673816,0.046883279948174775,0.015329749948892525,0.3887689051198103,0.20181195917570835,-0.10870403318808924,-0.34142741050840447,0.008292401235769518,-0.19409130011950393,-0.12051220032214847,-0.16192289642259478,-0.09577416809415608,0.03176676648795472,-0.0658486550251575,0.04948923772992228,-0.14562015738646705,-0.08098426474648084,0.13116230932115422,-0.19778203596622876,0.46342497648207326,-0.01413675704546893,0.022037903668272223,0.06048644665746446,0.09339831347966836,-0.13809880032185629,-0.35318302215035785,-0.40801786885135505,-0.13681276970972228,-0.3855732554921618,-0.03243829302878099,-0.3766447546821441,-0.36337121412436535,-0.5034267894000308,0.4973800125167107,0.0020717777025420847,0.10676273371935056,0.1006898007529651,-0.3637694225558898,-0.15097529365946882,-0.13547108922786497,-0.09150015862258234,-0.34388799078569987,-0.061801622786637866,-0.12332643447386783,0.03346285741069115,-0.14939241268187792,-0.2824470794486146,-0.14265637588744182,-0.12109697255193085,-0.4276352339357866,-0.3381474211129513,0.1293236696516082,0.08732409026550886,0.3205469610284257,0.0262203713850361,0.2753167040017804,0.14270846875501467,0.47679163134128905,0.006350660903547156,-0.034842305974725735,0.06328016121329261,0.1439912842326525,0.3024375762554923,-0.03702027654997266,-0.24616052886616477,-0.18405070304346835,-0.3043142543454891,-0.3213744601563921,-0.25133030191705785,0.15727556560934228,0.12115802070538531,0.07792860105285256,0.1131089109518461,0.037164224780612584,-0.31429098035867775,0.04009755966933822,0.06643499070680554,0.027938318513602796,-0.22097824338703795,-0.01834390922094636,-0.3313762818010284,-0.02242500583375112,-0.04762364840923925,-0.19153490426188796,-0.28394352290486885
-0.26131717138802674,0.06260333412685871,0.2792293104972897,1.0,-0.15214656435925455,0.3694257523923484,-0.11902413418416043,0.6094107190835849,0.04869945206955333,0.3092376126216563,0.13723294002435882,0.5294257704498064,-0.08273901790374906,-0.14034544390044104,0.2928232480119472,0.026299696618803374,-0.18592547386237404,-0.08107768338065557,-0.17148207936859566,-0.3155714215000247,0.07130103247491691,0.35494704181088804,0.4668536315674568,0.5846169502945615,0.2712897196172501,0.5046794505852626,0.13607985037942166,0.420649940355507,-0.2065651259696308,-0.13050517931761657,0.20585707623824953,0.38087336495234136,-0.20032340831865628,0.11921732546845755,0.36808227725331943,0.32143001355641143,-0.09204792795652261,0.0016166936773511539,0.1521221459998157,0.07936229776440201,-0.07820310451799636,0.01799070721758089,-0.06652338262441641,0.05683816125022238,-0.324558467535552,-0.015335028875357926,-0.1618851514984915,-0.07377264629124967,-0.0013530988868983966,-0.3408967497139177,0.49009036046002075,-0.04438563222143803,-0.008347506655542358,-0.14997394209976786,-0.013966380704403264,-0.11297816473364183,-0.3337431564397614,-0.370544535725917,-0.3933340476242899,-0.28101519867781155,-0.27921986509418445,-0.1858084696495375,-0.22196063718741862,-0.2856216481302016,0.42733217062502904,0.41583531523293915,-0.12948722700812712,0.23392745426877587,-0.49590927209527774,-0.3780216970940861,-0.049136504778521134,0.26083252804253343,-0.33028377938391845,-0.009532366137447445,0.0001543195305858153,0.1452283535473391,-0.3061899884568082,-0.1706692093785624,0.025842412811843078,0.05004550864594467,-0.16018079158997248,-0.20945691555378576,0.1622677212859194,0.31711091281799497,0.3566874171139424,0.40981427749368565,0.3822031664636695,0.3329440345036933,0.34782292877661736,0.14143261759458825,-0.36909640635081803,-0.41053869926033876,0.2089581170647489,0.032124232952214185,0.05435919486751457,-0.1429897179761796,-0.13511093030978724,-0.25504933747160374,-0.37980459089549046,-0.47262365226307035,0.05017977083083012,-0.09216090469126634,-0.11735963656224124,-0.28412271039641107,-0.013226970374632614,-0.37148408534989413,0.0044622498473100665,-0.31531651051571963,-0.07153032443890876,-0.10057966451283869,-0.11815706718283267,-0.4765705034055522,-0.16856414191105668,-0.05750001088032474,-0.3330801504907348,-0.13775215888733006
-0.2715887037629528,-0.3909751024157195,0.4549199774415092,-0.15214656435925455,1.0,0.347585865347403,0.5372812721542628,0.16697552806066726,0.560075382192474,0.2285435600410908,-0.046719814271054025,-0.2581927407876253,0.1211496383627695,-0.018421029486681204,0.21150291073558786,0.11319913110276426,-0.386142247609077,-0.31920824945230225,0.019128209040150425,0.11915324212311795,0.12146439031213947,-0.10932741125487377,0.2385664736159677,0.12995271304869968,0.3015171550426248,0.17408038287922067,0.4452138922795739,0.14908333789499179,-0.09151603704783816,-0.2700313579162724,0.10254603536647956,0.028832200592716028,0.026939616705388726,-0.09240366233466414,-0.044375783998559036,0.11709665492481426,-0.1259962618918501,-0.4468260984578731,-0.1467598946009332,-0.3349488218556801,-0.17223979771986478,-0.2629005640962066,-0.2960698843793958,-0.17289989157067312,0.18019677397582132,0.2040409928389253,-0.23221296012256504,-0.22323420818213663,-0.04639861289335882,0.11347779099442605,-0.033392023236836786,0.03281498764749812,-0.06654733504453686,0.10514228050345546,0.058737041078227505,-0.29220733768652796,-0.2746329663750453,-0.22029699114784615,0.11057448052130363,-0.09734659546354568,0.06453981438848289,-0.06300430810417174,-0.23757052844664747,-0.2965519005505086,0.20837369514962004,-0.05012053290033528,-0.10187211241522595,0.17502681440757978,-0.11497470610979502,0.02720117748149872,0.1470505911541046,-0.08425127560592702,-0.19273165397432407,0.010946583864638962,-0.15561304614825452,-0.137681941860299,0.0038257886297482628,-0.14478136066884884,-0.12732254094803436,-0.11599008229491739,-0.18461995125878844,-0.14900407600295834,0.0031877241294996426,0.021644479066230887,0.08976265203707844,-0.26552745560678204,-0.07122797026116996,-0.206291618279677,0.28650031064719644,-0.11386548488565312,0.2844560064299089,0.3375608992396913,0.14851761504224734,0.22507520840801945,-0.1715422534420836,-0.33538244979976306,-0.39534845907471144,-0.34335105556896395,-0.1784491074449601,-0.07749193018888083,0.03425590689130377,0.012611880705438188,0.033452713945306696,0.1866203013170763,-0.012784432015307691,0.19036676394108548,0.0678471723124671,0.08946042510495919,-0.11769739369830882,-0.2954039286385648,-0.05133682913663577,-0.16269477366673815,-0.0879287072823966,-0.057308897694280374,0.198858499272965,0.04400622117179343
-0.23925656104396248,-0.3137959114078774,0.442406789680003,0.3694257523923484,0.347585865347403,1.0,0.1749171016438982,0.3053718587356489,0.06956525345371763,0.35912571208546035,0.013049277218415712,0.008060867599496948,-0.08254815971873358,-0.26408595635534254,0.22414331598355428,-0.14398845438017696,-0.340899744440082,-0.33974234981705825,-0.20624459870779369,-0.31149972602144543,0.19709783137721795,0.31556150183870524,0.4143101915916999,0.37852574841080894,0.4166945960685137,0.5427277506995826,0.7005403639331629,0.7496249850182998,-0.4749946671174566,-0.4584788576323059,0.09816312914797676,0.15414219639889018,-0.3061348050887948,-0.2922013374390277,0.1836260125656961,0.36885968100405675,-0.2798935042562226,-0.08477845538883297,0.08957283456920039,-0.035424671970439914,-0.3685760154199044,-0.2031556255561281,-0.11131751616729002,0.03263929104833067,-0.005144206225104536,0.2711511552136576,-0.002389019388119832,-0.051524320426192,0.22651808529676545,-0.10846590783297386,0.45667202169951476,0.1438814289831771,0.11411530685729149,0.10746111006713083,0.23950021388178738,-0.09920642385506148,-0.31719647354427893,-0.443078244444958,-0.046560752922250495,-0.10000073582120621,-0.12622558066448447,-0.24627797730071957,-0.31213679882471157,-0.3866312250392658,0.3047356158770716,0.19768372475899917,0.04055726913319414,0.36238762189212415,-0.3685379456986679,-0.3291273010924728,0.06505949102016882,0.15486332037428388,-0.5057029784258821,-0.26173319473322254,-0.24408337498167887,-0.12073133332504113,-0.36859742149829827,-0.35520203967932773,-0.25999001919214965,-0.1171789433108306,-0.3592098146194433,-0.352463328418338,0.024939448091441906,0.1426242211982363,0.3322847663958205,0.27314161976553647,0.38883046359673146,0.23243751071950072,0.6667187464107551,0.3463613319790181,-0.07206042136968704,-0.029482212806242532,0.20571813332054645,0.05651451020781605,-0.275091796555607,-0.2125618220922353,-0.19660923033738856,-0.21553266370830118,-0.3008047038499123,-0.4810350622795231,0.07181376774692715,-0.12974464853732773,-0.12281958296583834,-0.07836779936032573,0.11414646320621277,-0.03511843329558046,-0.031593845742416506,-0.04150383580975669,-0.13833929129555456,-0.2144219270563337,0.09274575682119272,-0.40175486304295654,-0.275710702230652,-0.22600743863372022,-0.09782748833939486,-0.09193969163782074
0.1339247967794728,-0.10643621494307051,0.6083774720359566,-0.11902413418416043,0.5372812721542628,0.1749171016438982,1.0,0.3668272554056057,0.47063031403462546,0.27696032713621077,0.2999634508325622,0.09057617178637573,0.5717869313113121,0.264040345699193,0.24019625073991102,0.27746151043299544,-0.3375102640571626,-0.1169074106621374,0.3301977313038043,0.017318623582001286,-0.029703130861671475,-0.113114148929962,0.10816134760984306,-0.0909449260216169,0.03163711659987188,-0.0816450290198409,0.2266948487426825,-0.030526950551574727,0.10278723902079326,-0.02434029312272231,-0.020052022938510657,0.007064478492634743,0.2730693372019076,0.133209750202734,-0.2109859816995421,-0.1024063289345754,-0.0018272389616622781,-0.24513835708823728,-0.14614028898564435,-0.2526686978877491,-0.06449539950704744,-0.07049698749739612,-0.1292877453858267,-0.06209342577112818,0.04974789609233511,0.06147241231883192,-0.17469036558303652,-0.19090999863292657,-0.17359651343809573,-0.03404976792193938,-0.09579228794123328,-0.13874054880515344,-0.08839193755912478,0.01639918099826514,-0.02727229004117135,-0.21725933241201276,-0.14802020857023368,-0.2864028891451987,0.09266773684520908,-0.25748332358185017,0.4252931700591845,0.06369223892505803,-0.058034692588709726,-0.20165389930121555,0.27676717609866885,0.08743222773580296,-0.04790615912615646,-0.15625178308062365,-0.13978935663518038,-0.1162113830358091,-0.0962944559448822,-0.27443903651793855,-0.050997850340040986,-0.035204813252447835,-0.07644874249430807,0.08121106607122633,0.011729141964158283,-0.24225940623048678,-0.2043799214335414,-0.08284197654932597,-0.19930328112191062,-0.10585461295657442,0.03464029856180261,0.2813326348857829,0.04554205124806972,-0.06629165894134709,0.0037910450925468233,-0.14582582045969503,0.2418296648984954,0.00013826340068589328,0.16310757013016436,0.13026353687029385,0.09163390377500316,0.18538209801886935,-0.09914385371685305,-0.22385261034351012,-0.2959600914040773,-0.3335915827205816,-0.14162496019767112,-0.011574438363758014,0.0688210533492461,0.2666338697588083,0.11206177566869498,0.0523813573404096,-0.004027842223869046,-0.23915795281027277,0.22480062344932192,0.06131929878892987,0.017086684992152643,-0.18223816724428502,-0.23393884497822573,-0.08372246899421583,0.09525829234081634,0.06819075752556049,-0.09779456238878047,-0.3075657346339438
-0.17037172791471838,0.01842769266814247,0.43068542622891837,0.6094107190835849,0.16697552806066726,0.3053718587356489,0.3668272554056057,1.0,0.08118529867954302,0.5243662643410077,0.08003077875204023,0.48972802850433994,0.16455427879284928,0.2609689282479226,0.1526752325721369,0.2232183077861685,-0.22803296934146017,-0.09013152768605721,-0.15019865042879868,-0.2534448730186504,0.16728257386151257,0.18551811767828735,0.15946605597134692,0.2815695039196568,0.19711994203502886,0.33796824289621136,0.06901955058938376,0.1503003528592952,-0.12806825514532444,-0.04784672672222984,0.2073700242120503,0.2929660557686541,-0.05246258418811851,0.2205103754805812,0.10291778667741462,0.15731584573090718,-0.12754850096540396,-0.1875223745307215,-0.12512365046793147,-0.11652455797346564,-0.10328390689045719,-0.07584406484433696,-0.06396227296246983,0.1125534953070712,-0.1796445819258397,0.09451538598807369,-0.2844437162593843,-0.16272096405607553,-0.20773893850257796,-0.3346509101657359,0.26592995595858265,-0.28671615487274515,-0.2748608050512604,-0.28749657258071876,-0.24731657517909916,-0.2886338013693203,-0.224846334375453,-0.43021878154462523,-0.39304186216330167,-0.390058723954123,-0.01999720466402168,-0.09537867229615853,-0.17844557787972426,-0.3180605059234505,0.3663961225896896,0.5330389408706532,-0.22303948574718077,0.20896886159473618,-0.4439680504819509,-0.2894799309036958,-0.025454969024728862,0.10647772214257019,-0.18274340600295375,-0.024710079897578584,-0.04115831782917345,0.2140901932290135,-0.23613826483223696,-0.17776935860731363,-0.003576827448606611,-0.001255520807598859,-0.10537562212289629,-0.1162523336781458,-0.04273526515138158,0.26388261483723746,0.269438952044047,0.34827889837948894,0.2148276568211465,0.15620528069347678,0.1816685160226442,0.01755872115230696,-0.19008973167788534,-0.2777851644024419,0.3188928836859564,0.043778199426673076,0.06850160170343322,-0.26099767460658957,-0.3436383225762335,-0.3340470179617314,-0.43284197079317466,-0.36979893629713506,0.07574757588216421,0.04130992252454451,-0.1047625827923673,-0.17224115777098026,-0.139835070958751,-0.280210702886522,0.21828006604580244,-0.20420639619194522,0.010933372521383536,-0.16485993606737762,-0.20870495608633563,-0.36277580676517784,-0.09200974300961372,-0.035980733086682294,-0.1795322710219869,-0.1495731454266308
-0.23545614107213297,-0.2214846893128981,0.39184711994886534,0.04869945206955333,0.560075382192474,0.06956525345371763,0.47063031403462546,0.08118529867954302,1.0,0.22861948588265912,0.29496343022911464,0.029998531220566026,0.407489313458248,0.07013501322030005,0.5651056411147078,0.3652568686307983,-0.3070324249090377,-0.06359451404667295,0.20743345967447827,0.18286720040286497,-0.11133649507563445,-0.2045673068285716,0.3777361525495909,0.33022347931588003,0.1531726201848304,-0.002189328865820742,0.11612116848097838,-0.07059849618027873,0.14272749974560187,-0.10811466981716478,0.010844830348896781,0.015450739017266134,-0.03949638592233631,-0.023755688710485594,-0.10410633091612485,-0.04363240090005346,0.04699347170282592,-0.3467180518784667,-0.00987123334216537,-0.2416425309173917,-0.03677550414194006,-0.11457237807473425,-0.30814470558956214,-0.22862554700326249,0.0005067253948822953,-0.060402951345686226,-0.2647365784769299,-0.24039220540841177,0.03088420418567056,0.15277907245952937,0.030663071359086667,0.0444790291092357,7.24278322137275e-05,0.1153723465912959,0.12200184928926056,-0.12566860720910086,-0.4062468810414989,-0.16622417003418274,0.11231455112981288,-0.2599672932876014,0.16097154709797573,0.08633206273550309,-0.18597271134510354,-0.18919067451272678,0.39928586427194085,-0.0070517786823480625,-0.19989750682059512,0.00176670238236919,-0.23763843261642825,0.02132190499925232,-0.040558174454310286,-0.16571392100506646,-0.1327559803310924,0.055239613554636344,-0.07617049592034877,-0.10191491575391053,0.054167833609489985,-0.16691666360743218,-0.18005019685367935,-0.16746377047900807,-0.29543197107211455,-0.24890859442519578,0.20364802816707972,0.20774259586577018,0.007752738295135273,-0.2796156218602881,0.011190699830115766,-0.1263580103886267,0.2014421517322871,-0.04881178391222579,0.2515388723168363,0.30598866527696156,0.15305218649372482,0.33355633403999074,0.018686565170679653,-0.15958036284915633,-0.3359487405431005,-0.3212220500649746,-0.16757037893921947,-0.06028686187187058,-0.1138009227014078,0.14366310509234476,-0.11786044161050828,0.08545096714861093,-0.12097180516853677,-0.029541418687764522,0.010649574561553318,-0.06981012613083369,-0.016938294379653336,-0.1825595201002111,-0.20526879247110813,-0.14125292250253155,-0.12569387801591408,-0.10447472995205634,0.013018566926348346,-0.05780531009152425
-0.14959915468369153,-0.0725796623915846,0.09733093773666525,0.3092376126216563,0.2285435600410908,0.35912571208546035,0.27696032713621077,0.5243662643410077,0.22861948588265912,1.0,0.12661120045896973,0.39202977531704525,0.13156793733776007,0.30253703534025,0.10848743405818861,0.3365450442815789,-0.06416960828352274,0.1444520331486335,-0.22487971997215403,-0.15300486308379813,0.19414648060725948,0.3086834056043512,0.06764366111763213,0.21355570646950306,0.22478930884465087,0.3786574376098161,0.11615978252565001,0.06045901405033969,-0.12709489531900253,0.08835740806693955,0.1799888832480184,0.205971836007091,-0.2366993345051148,-0.01668184254027697,-0.21241241993560048,-0.030688830151307224,-0.1341549843313673,0.010062763222487227,-0.11543883019290704,-0.014406466813917041,-0.31493808587221106,-0.1521504307852551,-0.18648620492411172,-0.06407462825986814,-0.05212890364480568,0.164775341022587,-0.2885694054777744,-0.26148680407712266,-0.08214856952381751,-0.09550729267127869,0.16210325957263289,-0.009655462452443885,-0.16190385601906487,-0.0044597219699028185,-0.17404860877184625,-0.1405240185927552,-0.24031449070265234,-0.4216725302819662,-0.09728561814246206,-0.2909087446275326,0.13717147677311847,0.07092286174895589,-0.11496134295851569,-0.1747541519016794,0.3544865354341993,0.5619283259424146,-0.35843273451463376,0.1039194314359349,-0.4097011838723432,-0.3186652589302645,0.04516437402981592,0.15366038759407236,-0.21009712987474422,-0.16720032973818724,-0.13301595385029902,0.03628721442415754,-0.4025946085720908,-0.33604895971312077,-0.020343298499890694,0.09547633569482877,-0.021652863491276177,-0.022642829964991056,-0.12945426714595215,0.3779204121648825,0.2502375391035323,0.33922071730428865,0.19116958727642658,0.24740267283539008,0.1958566045508663,0.27823261759032475,-0.0489651880206542,-0.04271251521043601,0.33338713853009916,-0.04587711564189004,-0.09100535877845235,-0.08809932525392476,-0.37055504263025185,-0.2135923920847742,-0.28398518081567475,-0.2590108206505445,0.004589641299922318,-0.01116523368439332,-0.2023898878279509,-0.08377079393372058,-0.03448301051224679,-0.15737025277304312,0.12063026500959716,-0.2771837366936447,-0.11761543584491059,-0.16050820549475958,-0.19656498611971626,-0.20384923401028238,-0.08798145784523857,-0.04230813716063742,-0.17158191610881626,-0.17765200502030104
0.07321160110090463,0.09140337643645184,0.24624519279653523,0.13723294002435882,-0.046719814271054025,0.013049277218415712,0.2999634508325622,0.08003077875204023,0.29496343022911464,0.12661120045896973,1.0,0.5105571882660046,0.6771073423785078,0.1400787630039055,0.5407418694066387,0.31811553972021794,-0.03734075828071889,-0.03227971297959866,0.3379164642415913,0.01882623931850209,-0.2647649411500997,-0.07844947118073815,0.2421392287101955,0.14493997502688738,-0.01768084800280739,-0.04142381750603768,-0.007247683159628191,0.04755185580964845,0.39001554935553634,0.14201947326314424,0.11648611382467043,0.14133638279994404,0.17516139267139813,0.18310791518578137,0.09012442864588051,-0.19378178413998862,0.14155609850906464,-0.09512106693822346,0.06045132361555926,-0.13408458727375772,0.05103211358299162,0.09589882841970428,-0.12451684975047772,-0.1548883926226229,-0.33802713586815314,-0.2763583327351385,-0.14481662759101635,-0.15974185354705153,-0.045388677314440545,-0.09185460494247338,0.182416719840054,-0.02767457109008433,0.04903004834771562,0.09241312293210271,0.06640602492720522,0.017592161051499557,-0.2535044213136598,-0.2743084795342722,-0.11948621759182894,-0.3673674878854976,0.24876575593411912,0.05327309127965719,0.02319837421024034,-0.17638774502178126,0.3770118635075757,0.12326210893873503,-0.19562348700035848,-0.26844117775061616,-0.34866560256797713,-0.1998650262252063,-0.2706801759330737,-0.1272105646533106,0.1094056335188623,-0.014807151352950639,0.22027170006037347,-0.002510312885513037,0.03103946796570935,-0.21196630683144332,-0.10441936725015839,-0.08115775067534226,-0.30249010448974445,-0.15162000710945106,0.29744288236743316,0.39414699357045246,0.29741718785995463,0.1242129101112342,0.2856132575511543,0.16402537044156065,0.14977505697283813,0.09380976553266196,-0.13145661156600955,-0.2038324966076174,-0.16265913202076215,-0.09605978351171815,-0.04656956549208669,-0.11965663907998852,-0.04425714201726713,-0.22253874201421936,-0.17644623198697953,-0.22061705081279678,-0.17930773355929902,0.003930377511669087,-0.09383808916276508,-0.1228351436323571,0.07041903800833306,-0.3013680833032689,-0.03488581323941653,0.10639785219734743,0.008736676224284846,0.03365581175904444,-0.23565826330468637,-0.1928468933344048,-0.09802824290487817,-0.10760188215581126,-0.1743518072802689,-0.2062944421716918
0.0025959930923118114,0.30388363812429103,0.10512745634331928,0.5294257704498064,-0.2581927407876253,0.008060867599496948,0.09057617178637573,0.48972802850433994,0.029998531220566026,0.39202977531704525,0.5105571882660046,1.0,0.39817978854449493,0.2982314369099138,0.33761395414200107,0.40402920142661514,0.034185866059551734,0.13730200695404096,0.02112707136850955,-0.2662634244776575,-0.13095361543139888,0.13847200544574909,0.126768592046188,0.12758875243442871,0.02019038680000315,0.12596228893461933,-0.11987038588479461,0.04131269767244031,0.28212776424371017,0.3759153137148109,0.22721334734217033,0.2621036878085344,0.1665547979111135,0.339840517150171,0.1312123953623857,-0.10526748416782639,0.18681295434851514,0.13165280706567276,0.09383918863086715,0.024729806564726724,0.19317574552399933,0.17622700354221052,0.12433021035264924,0.082409480954347,-0.2495099700376041,-0.1773409754172287,-0.0917577342348347,-0.08923019170568859,-0.09087601181296262,-0.2015776501137219,0.313223605506312,-0.10407036645699622,-0.047837229032737606,-0.11778825891408976,-0.1463131785135775,0.03535925322897095,-0.2259499202730337,-0.3328397908381667,-0.3823118099836299,-0.3720103326484514,0.004387418874736158,0.04285109584351395,-0.013599959617270656,-0.19053974254743664,0.3274994013318608,0.4883746225553943,-0.1958591213660498,-0.22651512777553753,-0.3623741787496032,-0.38706393854689314,-0.2271321433786965,-0.05055486113619225,0.08654107218950594,-0.05681381934844764,0.23816169142253632,0.16397455176085396,-0.1593487860717399,-0.2095131984306235,0.018004496075262052,0.10512903887115035,-0.10492915377230741,-0.10252125631678262,0.1111168220277332,0.5146365869690254,0.3629025413174777,0.4448749840633305,0.2705797317543839,0.235087059922172,0.007834904907018155,0.040877169256932425,-0.38413656680256536,-0.5534252809141815,-0.08303028947464189,-0.19084680186974945,0.04739317501619166,-0.06064993681988283,-0.038464149217898966,-0.16599180749858142,-0.25932470258553286,-0.30211478871787556,-0.024611635772168117,-0.12198534876029501,0.03543461907657763,-0.2703500710900041,0.11405060134037634,-0.5224901026010391,-0.04601073339164673,-0.0017305109357697464,0.028786290169307588,0.036668992332330126,-0.31761361200118754,-0.33742920913038443,0.02773112629473906,0.022728851385297837,-0.4014865350440713,-0.3096004846073732
0.09962207961160893,0.10923199185739058,0.2911683180310877,-0.08273901790374906,0.1211496383627695,-0.08254815971873358,0.5717869313113121,0.16455427879284928,0.407489313458248,0.13156793733776007,0.6771073423785078,0.39817978854449493,1.0,0.4713657721523224,0.41269553150211735,0.539317761061731,-0.024612752139744145,0.03846182880553549,0.3016547996724649,-0.11050691862052248,-0.20197380463368628,-0.1944120171836847,0.03570848156087709,-0.16496175712472663,-0.16327657923917377,-0.26463690930969797,0.01017446168793031,-0.06850799120174665,0.33341466395383623,0.14732929955223753,-0.04706711723849314,-0.08573782217343849,0.2704063821584282,0.20809734994466733,-0.08289179355373183,-0.248338049012558,0.15734668492061757,-0.0858200716086082,0.07354695315377306,-0.1177240548161896,0.10155196430679705,0.11893347565865454,-0.025813130778995635,-0.12115317449743258,-0.12707820475714138,-0.23634422132979863,-0.11527170198846484,-0.1557632885162383,-0.03479309310195417,-0.044059627442154414,0.053060083120415526,-0.1488948500536771,0.0034740815584932056,0.05696448834362701,0.06845534010244965,-0.0007470842025974899,-0.16718736591000996,-0.14287589109586113,0.03203113730540647,-0.22983901125067266,0.5300133785714621,0.20455970002282559,0.13871404887825645,-0.07240444936335279,0.2367141532572233,0.19909315041414774,-0.01658085953349941,-0.3449339761829308,-0.17620477510326338,-0.12100700503004992,-0.256904284150733,-0.31329788990339236,0.1977744318668785,-0.06966152427105939,0.10728139090844989,0.05799753612163159,0.07269866740161895,-0.330236194838646,-0.14074558402666856,-0.12593376605069517,-0.22677827150632704,-0.16458816876496535,0.014552624825801974,0.27034981124055013,0.05071546546795582,-0.07255792745122921,0.05087047585676089,-0.0715626298919909,0.07634192119175169,-0.008714115985039919,-0.03100112802689326,-0.14733699706176112,-0.09339808697677646,0.023379425666428515,0.04170346519326884,-0.06066744563046037,-0.018514492973687405,-0.16217847639018843,-0.1286976286749455,-0.06417937300609983,-0.06468342058637931,0.12829919953252775,0.10146381564147913,-0.06554482167953192,0.054113396363902694,-0.2833858998035796,-0.0895668218766,0.20508022583658544,0.16601437576915173,0.08966772757551816,-0.22113685594610108,-0.07907403936880254,-0.062124981832986446,-0.13828660458978106,-0.17904602895415175,-0.22566247980834778
0.1766594467777326,0.44637519237838824,-0.27995041492829004,-0.14034544390044104,-0.018421029486681204,-0.26408595635534254,0.264040345699193,0.2609689282479226,0.07013501322030005,0.30253703534025,0.1400787630039055,0.2982314369099138,0.4713657721523224,1.0,-0.12623515755836914,0.5439778831599545,0.22146443512360192,0.4833248193575102,-0.022040041117030312,-0.01517289119605651,0.01039904822923561,-0.17186325931071061,-0.44781703357334207,-0.4029557270362775,-0.4325408883582038,-0.4015056054816226,-0.22380519982602018,-0.4381648954841656,0.23409293473349255,0.41198921766988245,-0.19466040281417613,-0.2417221693336147,0.174182127852585,0.22166124988975344,-0.4866093763817362,-0.26113599832313483,0.05843004705080225,-0.004922712230441447,-0.047035857999504015,-0.0064852721668112595,0.05388421547096931,0.15031271058248424,0.007517852922551268,-0.01727945733561801,-0.026069921106248777,-0.029816498368846363,-0.11522217814694466,-0.16600348521970992,-0.21833069592021326,0.07454245550013086,-0.2753387538395809,-0.07626335840473514,-0.06599087934313644,-0.05855656363995421,-0.2110699785737628,-0.05415453349565639,0.09538162472727528,0.07759387200909451,0.12016203603143132,0.06523696679710676,0.46765322188642816,0.6198593568093339,0.35898689926778427,0.42279484961403563,-0.18022656981925972,0.4770110827036457,-0.23630111802726175,-0.27413425095443206,0.03454940970866252,-0.05164745280270873,-0.0025774326329121204,-0.07676211423500491,0.281065862379791,0.005879802623706616,0.05112335198680154,0.2191305828767107,0.047587096532113154,-0.15418788405853404,-0.06314627129835905,-0.011391212590389655,0.21426501487631192,0.15068563749851654,-0.25253049191757837,0.1432946639846235,-0.17899618630292308,-0.004725937461115846,-0.21446265548481586,-0.1825511873630376,-0.2654219286593466,0.006202832631308284,-0.019634054633926205,-0.14989529814888936,-0.07768261564884298,-0.21716038714648056,-0.007754732655679372,0.012510132317761376,-0.15880870320177926,-0.13468962515906113,0.06863128787340708,0.12394076987223937,-0.1121476712631936,0.0772946604965573,0.01206894128558514,-0.2172569206019991,-0.12812384795183224,-0.11090657247866338,-0.033686855852215994,-0.12761726124032605,0.04807909082119003,-0.06786558894677068,-0.3754640534466002,0.03955069643100691,0.057812790582207285,-0.07702197711599089,-0.002922413636889248,-0.035435037789757325
-0.09086606110640201,-0.045345763636477354,0.4115102472285997,0.2928232480119472,0.21150291073558786,0.22414331598355428,0.24019625073991102,0.1526752325721369,0.5651056411147078,0.10848743405818861,0.5407418694066387,0.33761395414200107,0.41269553150211735,-0.12623515755836914,1.0,0.4103247803241185,-0.3341679513351042,-0.18530028341581747,0.08326073709896913,-0.00893733549399169,-0.2934238863751789,-0.017590314719701766,0.60559849068664,0.5676714646558355,0.3463842624416063,0.2205072583498054,0.18853042024025754,0.28034052818714933,0.1435420583737584,-0.194719055545877,0.14148414308367532,0.2607886656555624,-0.0739809587219746,0.032768312592390575,0.23072834661449554,0.058475778661480904,0.11152089024195154,-0.27732044712095877,0.10890963239240528,-0.2580582849516808,0.08465960057140243,-0.13985424160792753,-0.29619443394337314,-0.22696725021860084,-0.3473074269602533,-0.30963557192531227,-0.2554040628547815,-0.27309255326058485,0.09686469257060837,-0.20077695100686888,0.38781806156532544,-0.05282626225978072,0.17442630230736605,0.07247594849110994,0.22987354939507587,-0.18152269507466523,-0.3635920311066935,-0.2729099697846121,-0.04092075256026939,-0.28837779517024087,0.06467167103318126,-0.1298500050549939,-0.1880021501061642,-0.3744305573622974,0.5834371006177412,0.00989326166114774,-0.05450973254477406,-8.654733048735872e-05,-0.4610958959265858,-0.17171333215723517,-0.17719365337202,-0.11072198378942191,-0.1998907595307574,-0.09266483629622443,-0.007021652872739703,-0.1744064751750162,-0.013905640290567869,-0.15136192937812726,-0.2483664363052578,-0.14111250915999712,-0.3987623164626522,-0.34816932716554877,0.5224659535251946,0.38597531920217826,0.4564853757538279,0.03594686082922166,0.2920872660428347,0.14124096128173033,0.4152437844456639,0.05255364506823229,0.015288711483650137,-0.05351234358972817,0.05160393010643107,0.23995948523399221,0.014325513131362053,-0.24749981808854535,-0.21857646715962656,-0.32963525341262545,-0.3723124084909668,-0.3059500635653133,-0.1871709835624943,-0.0033081343788256244,-0.09441111270618728,0.023105140968729433,-0.023872316103835976,-0.27323069432072494,0.07888523954699837,0.024779937776608457,-0.03337985862517502,-0.072510397019466,-0.1373761183508112,-0.3756847664010138,-0.2579668882738871,-0.05507791502530911,-0.13860994226649437,-0.21849084152693588
-0.04785906151206657,0.1394975503886095,-0.07461121765831323,0.026299696618803374,0.11319913110276426,-0.14398845438017696,0.27746151043299544,0.2232183077861685,0.3652568686307983,0.3365450442815789,0.31811553972021794,0.40402920142661514,0.539317761061731,0.5439778831599545,0.4103247803241185,1.0,-0.08520050168115138,0.2542944252716024,0.0013892129260856631,0.021377575974306017,-0.14502069218367913,-0.11836716306895025,-0.050767460272683536,-0.0298897050495799,-0.18124744604368578,-0.19755108741069327,-0.038841775315703354,-0.19668308228115522,0.30749865601028964,0.3391489701778105,-0.0677793006538012,-0.07639133207446255,0.05335920439944669,0.1314749108208052,-0.2432335790142345,-0.2777509432035417,0.1866870716155451,0.05217087218382853,0.11888636613162035,-0.02281056577607886,0.21733784875521522,0.19286316400215103,-0.11377588968626522,-0.18371080393120146,-0.18076125850150646,-0.2748910594599387,-0.18478365586831022,-0.26446021060750674,-0.10681964278467877,-0.057374915883287594,-0.10134972790061755,-0.18049375331536255,-0.035361161758706315,-0.036188747083951756,-0.01593484874386493,-0.07814257392048174,-0.21297531871255534,-0.13519152337850682,0.052576537925902916,-0.09561240488938144,0.3323527512970815,0.3311619910945876,0.13320271873116327,0.006707272925524505,0.03988284706614155,0.26929911027886155,-0.15165033843663087,-0.1794703134519375,-0.11945710235838734,-0.06427480189954428,-0.10518417367715768,-0.18737367108024702,0.20906466599208595,0.0663628681344723,0.07250617769288181,0.05364506713133442,0.07399709787445247,-0.12900724494013344,-0.12211292826881447,-0.017327417898441885,-0.0530167909750984,-0.041195473357338495,0.09299548458728919,0.4444929363916188,-0.0032106686549893786,0.05175296672387724,-0.06368955727343122,-0.09102162400742572,-0.06067334089114172,0.027433961427983985,0.027663698936564375,-0.05917916647836045,0.10718236033450922,-0.03190474391148002,0.07731367758722285,-0.09529502288803428,-0.17776803201343505,-0.19036090920723736,-0.1406958885985425,-0.04870192476492094,-0.12299444529844666,0.0721117776525666,0.033216091133532154,-0.020160889556279087,-0.04618315103243698,-0.1886684553847314,0.10717685657624978,-0.10127427134254262,0.04412398516401346,0.011190480612970663,-0.25010865091994294,-0.11450550569325474,-0.06810518983148968,-0.034318508131375144,-0.18394290203174757,-0.11866797937413287
0.4308658427794277,0.3678211555229182,-0.49991681137825844,-0.18592547386237404,-0.386142247609077,-0.340899744440082,-0.3375102640571626,-0.22803296934146017,-0.3070324249090377,-0.06416960828352274,-0.03734075828071889,0.034185866059551734,-0.024612752139744145,0.22146443512360192,-0.3341679513351042,-0.08520050168115138,1.0,0.5348308503861791,0.06763531453364313,-0.09425240154465504,0.05192837055887617,0.05344096095399728,-0.40483817454802984,-0.4240651275647739,-0.33321573619124534,-0.26267497522258987,-0.31215227093283776,-0.3473313535258908,0.3660350345120874,0.41192338107668997,0.05426435298933975,-0.11900655690918249,0.19814414127224425,0.16586035665553123,-0.2814764198519514,-0.2749017933235473,0.14551573370667364,0.15718309539417846,0.028806956239269387,0.16188004333797992,0.21858614319209502,0.07202378892278515,0.1159049329680696,-0.05471326392972018,-0.06798524408744848,-0.22859560708729393,0.1472032107592192,-0.048969779596034706,-0.05258164550918017,0.02531032104164051,-0.1998819355800115,-0.0648871540530242,0.01866516507490425,-0.1177948844136891,-0.11187896110580972,0.18612989038465194,0.5541404105664856,0.3669658928602702,-0.03285344421269857,0.11035033583479406,0.26548464048892906,0.1882126215746498,0.5555339818327812,0.49207375321940355,-0.14908854315483297,0.0944574194730653,-0.0538898957481786,-0.5478273037837798,0.14110487162637808,-0.11290566098501806,0.1493080902597541,0.14468559409877374,0.5870565674320658,0.049961476781988305,0.3488110865784562,0.14928433032971866,-0.017311241401381437,-0.06882123144248146,0.32668775580369785,0.3100809989045059,0.5206487621597282,0.36279514710594385,-0.27136248554451026,-0.17121089863456188,-0.11650954218510039,-0.07700747008350887,-0.10651604819339705,-0.08388391286043169,-0.35204229617290617,0.000800138569756121,-0.2017031801188181,-0.32911777337812104,-0.32059311271909263,-0.2202136135656824,0.021078895659969402,0.2027976573186933,0.1998820178358532,0.2729464866816989,0.15025028766941254,0.2844955162289246,-0.04080067217156432,-0.030807111752891424,0.018095007152630013,-0.16855781044182883,-0.05685193562166639,0.018016443596974296,-0.20496771064576563,-0.006399033957777933,0.03508462598483071,0.07464626559362283,-0.2448783875866553,0.11757194360267799,0.14497929217742322,0.05183993015543518,-0.01594954998851711,0.03655522642857675
