1.0,0.6259417083129388,-0.03069977418246994,-0.056013392188211386,-0.13615019241659293,-0.13743110540780407,0.06494441876624542,-0.09432426099979076,-0.14577389354346573,-0.29833088995590695,0.37582203922078405,0.1311541143235676,0.2565100620371819,0.17723833438535505,-0.14904367141867575,-0.16970069150966904,0.042362574259680305,-0.1783376023998227,0.4785807765640513,0.4089767288274539,-0.44214884206111216,-0.36632285286905364,-0.08264857964033649,-0.21460229678591192,-0.3778740420478527,-0.3270746428014189,-0.2646657721711997,-0.005836737935832022,-0.30970025036639703,-0.29468551845741,-0.1748992197830409,-0.24554436976656352,0.22348748818344594,-0.02474921266805586,-0.028669681873334973,-0.2965638194741066,-0.25959618911784116,-0.22852848668970246,-0.2489632797427195,-0.2254801304972537,-0.3035806361011692,-0.2659894331106765,0.046767851887157125,0.08500953224041453,-0.21842928359998642,-0.200584750213922,0.09078575391871671,-0.00820537129502573,-0.03491916830242109,-0.05379580912329419,-0.11056271249276664,-0.01083777122929896,-0.018740475497080872,-0.1396066422142017,0.04669536198229515,-0.15823554455121322,0.5742567911484369,0.5326881977232961,0.2833043197364776,0.11460308061927153,0.31645136096635,0.16568366977973908,0.03604024148231255,0.022423565691090518,-0.1380433140017583,-0.0029749583867668622,0.18452212205522414,-0.23287469112224454,0.3789510794849408,0.30478835299362345,-0.24462653807729573,-0.1930938142534213,-0.17916105685571335,-0.15288440893331984,-0.24064313759234168,-0.1638129062180747,0.023829291030728457,-0.0824780023432485,-0.1595949579885916,-0.299559795725674,-0.14656419138690302,-0.23729304164794582,-0.26263935594436294,-0.21038676594294267,-0.20229608434781482,-0.15627042891364107,-0.17423997964860719,-0.28482470817436584,-0.04013319710781375,0.07620457676430331,-0.06494749009736332,-0.0428679813451146,0.007210019542267435,-0.023937692137172804,-0.11583285405378446,0.09998822585220597,-0.08123220960207483,0.06305480686517148,-0.07185332235216192,0.13740041423272567,-0.008701012324093186,-0.033343829534246534,-0.06466953361017971,-0.09264311267079241,-0.023491797220805726,-0.1577973227592154,-0.030692179732696615,0.05025541793570953,-0.05004784376182048,-0.006480428808911364,-0.19788585692410884,-0.04000983361197164,0.13301715700226563,0.05113480047596798,-0.1406863269419284,-0.05881077254043779
0.6259417083129388,1.0,-0.037997742462574424,0.028385548676186697,-0.2087897044318024,-0.1683418044478844,0.035142123411874816,-0.033271553025353874,-0.22380691673317543,-0.1359134867101564,0.24458475791469814,0.1993788818806506,-0.028228900081114602,0.04199847366504993,-0.16520217374168314,-0.25983860242420087,0.22123192417522092,0.028328440507555976,0.3903647632883735,0.6277206781736869,-0.5098815829979283,-0.41120263123885525,-0.22054326426507173,-0.20276950187187726,-0.1937450373640088,-0.2972924813878904,-0.28605944427325497,-0.15504647634687083,-0.09466063655610035,-0.2637146638852135,-0.25094247237624284,-0.35911256733272895,0.3764303328114587,0.0885768390568687,-0.2944130413846012,-0.33990359405343545,-0.262304673560601,-0.3928768480623989,-0.25778037580934343,-0.3654297241383129,-0.2091797976578805,-0.39597061048460086,-0.00836490487513458,0.05866964898767279,-0.22239810423407555,-0.09192304027332565,0.073424868258425,-0.07903802089755695,0.010636001246454998,0.01285276421657752,-0.0596468480997092,-0.020144379943236555,0.06045005059330998,-0.08898234098230234,-0.09069733410581378,-0.1288622822421439,0.45124901439926085,0.7461184240459052,0.30810815665285873,0.23415500104934298,0.34249253038928945,0.31443129116969654,0.1771035572998436,0.25239875035768156,-0.17809150657571443,-0.12162773369894389,0.1873264309809755,-0.1779613332860975,0.5607426683394715,0.486209511354157,-0.36672013886114885,-0.3642721964345039,-0.16499222541286396,-0.3277773744479551,-0.21416621614073947,-0.28211858646980525,-0.2168429558603087,-0.2584607078519817,-0.002569925902311058,-0.011417168944512026,0.08995277153247994,-0.07777876791868299,-0.031289335576942245,-0.16686859951947716,-0.06612701374438751,-0.2406172528676646,-0.017769477305969214,-0.17518798747685732,-0.10579638460691572,-0.004797674602159909,-0.07646848381300607,-0.2520859666939138,-0.07992143433513761,-0.20258953150319567,-0.1966078938102684,-0.11635432498346872,-0.13434153007327085,-0.13142202359189156,-0.10495451557462487,-0.12055621563391955,0.07591729089453793,-0.18471322406375837,-0.17077374940690715,-0.23025852045909587,-0.1674069903873903,-0.19799437459718214,-0.013035638742820677,0.1137158061325984,-0.12465798316964662,-0.13456737031404073,-0.3657970474076947,-0.2142025419010978,0.06825079227930003,-0.04363229692144341,-0.13399170475434513,-0.00644913100951665
-0.03069977418246994,-0.037997742462574424,1.0,0.3145731972813917,0.20109562458111202,-0.0640818111876899,0.4716025650189752,0.609209145334884,0.1716011858683314,-0.042262794545933985,-0.11744464992229647,-0.3159093029082121,0.25418737908219097,-0.09991220429290176,-0.205662089143274,-0.2821793651143637,-0.21412934597628897,-0.11374563867048604,0.22118820813599108,-0.1505688937913059,0.03131525574790746,0.1399715902323133,0.5517424202688337,0.12843042604509328,0.055507902036337944,0.1485894187284018,0.051926728111760787,-0.012582021212237575,-0.23625168687446507,-0.24897725068546497,0.21862892461746847,0.1544468326173579,0.11016211562616386,0.21189437769251832,-0.002389621865528787,0.1911127556958051,-0.29449897883283443,-0.194226431830292,-0.09491237644738576,0.06604663423989361,-0.3237549470280613,-0.07233443692378677,-0.1944189328029462,-0.1495668404772206,0.13525355963979666,-0.08381340910995087,-0.23245751616371718,-0.12373738734708765,0.10636102620667796,-0.10233249031217109,-0.005509748821594765,-0.1147737031746777,-0.13770494800628674,-0.23750563119185716,-0.04092925983467747,-0.07468734913422269,-0.07696481337381324,0.02700708174434769,-0.017264273393530597,-0.03767293513515875,0.06375350477275678,0.11375097118335148,-0.1617995288181911,-0.21588659684839448,0.3095806459411329,0.19501976839906363,0.17112222066589175,0.19952451511933544,-0.16360660917866465,-0.10772080616761999,-0.03732579032399701,-0.016033952745388578,-0.253274001226532,-0.005181364433359181,0.0216983692427154,0.013553358272458252,-0.07840911464832073,-0.024066221589207196,-0.20507051148682187,-0.12670759828485187,-0.2060619828649805,-0.2922356225808055,-0.13939179566958923,-0.4074628645505032,-0.12762421655802633,-0.2690462293684721,-0.07614861963351546,0.035992694652596934,0.0580958894215029,0.0649298420334193,-0.03024009594829601,0.07755471420093715,0.04119165280425659,0.003458668232286283,-0.04885005237445961,0.07262138099470658,-0.1740953674259621,0.02719707517945494,-0.1456079412919672,-0.049510822358123444,-0.13220779951550637,0.03473734840006481,0.13063711119375973,0.02990952523277871,0.016789259282508323,-0.05500490342912625,0.1375488006822977,-0.01057502045387802,0.017055819923817994,-0.05605785700020976,-0.10524764899695892,-0.18548379586679808,-0.19851789982169948,-0.044144911808091956,0.06275867398211225,0.13704247464565886
-0.056013392188211386,0.028385548676186697,0.3145731972813917,1.0,0.11580947735987342,0.2338046696368795,0.07571263607028164,0.2925304061276367,0.1939539995177476,0.2528432183094797,-0.04386888401019358,-0.11466378152428881,-0.09182623341687823,-0.22595221726851944,0.1700785460725645,0.05569362105758513,-0.015825123301659794,-0.17017137965079432,0.2633394797166065,0.063743956069363,0.08902586150082299,0.04172080611149673,0.46710930372469733,0.5574351276138536,0.310419763037612,0.39270937121261484,0.19660324642316043,0.15897487762376436,-0.08006446548046861,-0.21510817070228913,0.039520785330908095,0.1867525019659856,0.13787371008977975,0.033975224440869096,-0.026386174621043677,0.10893152729441859,-0.29213055371018437,-0.1645040692514136,-0.1430427968681351,-0.11696145585552736,-0.19418960669907162,-0.07255148849233786,-0.07742296021777902,0.019537461342989556,-0.014682604290030498,-0.07621007496007068,-0.0017350349610789286,-0.11247188046769538,-0.05813124152740894,0.08467063892504134,0.22517334500005518,0.02337811977303434,-0.027273572226055098,-0.005520773657904406,-0.16993196513652606,0.019150190934887682,-0.19486622088750624,0.0404762311341328,-0.048609613607476856,-0.1169230094748813,-0.24779022945250737,-0.22553932759352918,-0.15519580287203283,-0.18125848090231514,0.1844135647476259,0.05913573947779189,0.14529972439442837,0.1081245894869425,0.05542304016227031,0.187646851122562,-0.14169559566791515,-0.016985185748068017,-0.36771163552614694,-0.03569178490812545,-0.14517617185791298,0.043201306649840295,-0.21126036673852638,-0.1278485395161042,-0.3196858835778409,-0.03624549214754095,0.020892684437379627,-0.16165321229738905,0.16098461863173477,0.009434619355166521,0.137297140143134,0.1308259529358602,0.1588431286551939,0.11049250753437952,0.13581245274824097,0.037312961713051915,-0.24658080111999317,-0.286194533870266,0.1399602403131267,-0.24781603305951427,-0.10743647694180918,-0.07809883622473798,-0.3033161459300948,-0.2011264584301806,-0.266213290304034,-0.46158216641990635,-0.1809299140584983,-0.12883425280378635,-0.20792733491250726,-0.10525192104159033,-0.2857294216528434,-0.08681226527776172,-0.03945748012117017,0.05978022551880948,-0.27250918087346765,-0.11183874851870623,-0.18179938395398595,-0.35197892629623,-0.42200649165408505,-0.26246882988145465,0.05286567403896973,-0.03837236753413471
-0.13615019241659293,-0.2087897044318024,0.20109562458111202,0.11580947735987342,1.0,0.539098605803723,0.26337840046078037,0.09354665433578863,0.7208560509107576,0.42251884325840006,-0.016133506375793014,-0.14020037100171992,0.12712562920481862,0.029750679086235538,0.26747252781553965,0.4642182800560061,-0.13876965798496996,-0.21330827448714237,-0.07195021908507274,-0.17705158785475206,0.3730095296896702,0.26940816667391765,0.28883719663380436,0.23294259485681332,0.3894688006723731,-0.040350070616010925,0.6934647441615549,0.4894758132224123,-0.06067447990571851,-0.11742359909803253,0.06472534347917457,-0.031216307452214105,-0.17012987953564424,-0.10625952759478759,0.10525369368800078,0.06263089246905522,-0.056858522704146035,-0.05659766953958849,0.03901637324499936,0.017397203671444435,-0.11481779597831483,0.050728970043241006,-0.2518297663365121,-0.20572692928488673,-0.09616748311821215,-0.13991999572751743,-0.11282813133933779,-0.20413447268389193,0.07885550190871797,-0.06608285288762776,0.08255441547672053,-0.10052866649963488,-0.07989499971908962,-0.11229756208703437,0.101785657781939,-0.04672080604207784,-0.11961608490055611,-0.14004979429839254,0.029544606350531476,-0.09890861385848235,0.02222627820623523,-0.11777514428176247,-0.024682975473813717,-0.03813206176343564,0.2770894636976265,0.05220261880066389,-0.06250082743535607,-0.07906762518581488,-0.05707348482542043,-0.06096407852233052,0.2367892245162978,0.07736909898442139,-0.08476637356512147,0.12045424702455645,0.05505294497502025,0.1274130945955812,-0.08782600265710414,-0.1861616317825578,-0.11631806246479919,-0.18759773543072158,-0.05966325009219441,-0.06914745935264408,0.06641416532115983,0.17494433369037918,0.13016496139730468,0.04291916780522925,0.022331703651633186,0.006925100516221952,0.3356882284226328,0.22024271499389333,-0.016098202695879412,0.056137339620138026,0.023719412231204152,0.09438597423019689,-0.21604796969968817,-0.06513134310488514,-0.14474564186886807,-0.20080334458565363,-0.09766280337752847,-0.1735352005924745,-0.0533181636906392,-0.1105517834618508,-0.17818633013533483,-0.038547243753877546,-0.06264428187546302,0.08408845530565455,-0.06278502300771907,0.1570235906443387,-0.07395858972510272,-0.20138662951680422,-0.10520015793825681,-0.1610496993063257,-0.3587294671221817,0.03255208361664259,-0.06583014194410887,0.011489884845925226
-0.13743110540780407,-0.1683418044478844,-0.0640818111876899,0.2338046696368795,0.539098605803723,1.0,-0.28495977029140457,-0.09162580829750477,0.3418591879414124,0.4901203076221907,-0.22966851386662052,-0.23980152066325214,-0.11110120912589531,-0.04259684901349526,0.15788747785364246,0.3773311074615821,-0.2644689206017428,-0.3326805734907719,-0.3230455791233298,-0.3265900071280946,0.11071362006155669,0.15764313936654953,0.11000811998169013,0.11680886218989203,0.31192480868740097,0.1772569950563042,0.6503052411749235,0.7735852045707806,-0.17873039142922306,-0.35435062987079685,-0.22160581364102844,-0.2658579600212241,-0.21363661675112813,-0.3354383495454901,0.19225575750603244,0.004876540285677885,-0.10770376120968593,-0.10990201133095769,-0.005197012624569727,-0.1286412028782444,-0.09529239532950447,-0.17845783450710703,0.04046427613035066,0.17719348296492124,0.16802021812446566,0.23045027859883674,0.20238904411807163,0.15722444723649187,0.32023392945816237,0.21995889617908795,0.45380456215931453,0.25234909359083607,0.1904707849008598,0.20667275308668376,0.25972705498692883,0.15037862074105665,-0.010345462941742326,-0.11845246108535791,0.21238935517684335,0.13127135551670716,-0.08333454879873031,-0.13209396992639796,-0.260941635865995,-0.28938139213878217,0.036853975739741654,0.25057829384758745,0.14047327346476157,0.23874965995679748,0.09933864688352535,0.08896975505723806,-0.12534842264917492,-0.2583272629226876,-0.3025063901284642,-0.2407551633368922,-0.19535110152419513,-0.16406852410557543,-0.3239631937496943,-0.3647646661807726,-0.15345924221165008,-0.12212215651058617,-0.07772164538386035,-0.10856597874294521,0.08351506541452336,0.05615100341223613,0.2893728573205417,0.24453034111190808,0.15327570629997836,0.03112082517077801,0.4250979403466098,0.22392549388501862,0.01871199239371986,0.028026524375209926,-0.009212283314039518,0.22768863343391554,-0.16946640573042118,-0.2580485382793294,0.18378050806383311,-0.2808782152398917,0.09512106822160116,-0.2704098932569196,-0.1048741832540554,0.025661949286975388,-0.22117952202568864,-0.022547401395252454,-0.018448197661822673,0.04340585963274798,-0.17172575605661614,0.0350818259281206,0.0016915677889190667,-0.10069593357583771,0.12478788642084904,-0.10389617215246238,-0.13286982398518113,0.11064799197758214,0.033129719874394,-0.02209730375171143
0.06494441876624542,0.035142123411874816,0.4716025650189752,0.07571263607028164,0.26337840046078037,-0.28495977029140457,1.0,0.5988721587429074,0.32126567696960834,0.012762085319534,0.32662188562154115,0.2866058343976318,0.4347393084822309,0.2085991380810617,-0.07539711256970442,0.05776888905798154,0.009848264837328717,-0.09775882462839469,0.32298274356363543,0.1401702815252374,0.07556517807077968,-0.009386017696413524,0.30280585558714584,0.21115684585795105,-0.13866567109184016,-0.29011673677216754,-0.09246390669177437,-0.30146885085456987,-0.06929703017357074,0.0722703850953782,0.3936600667289814,0.31633865431142555,0.23975515038584874,0.45030403565711813,0.0270182625295625,0.2103486779734031,-0.04018254549844145,-0.1219005032466603,-0.010375640504974182,0.06230356880284727,-0.19709591335162666,0.1939605822078741,-0.2712336658965104,-0.4131236907887563,-0.18435499846591732,-0.3118874476629315,-0.4325626019805824,-0.4188040083644474,-0.2774900322855833,-0.3545669928650421,-0.3627455835128575,-0.48423861637341636,-0.4000308708078086,-0.4065064293702765,-0.23173587208658794,-0.3283593919289439,-0.3007782104341713,-0.23246435398412665,-0.1865513058577752,-0.3092167469720991,0.26443491636603367,0.18754070167528242,0.20112731269899076,0.20502727437527601,0.4265808141317178,-0.04039809785267043,-0.2043123707595572,-0.2863021655923267,-0.24072069656290068,-0.1645822789246513,0.21742166236467808,0.2223108955968446,0.03374735056802258,0.33284908757437104,0.215457582158262,0.3544888043706968,0.29737873396133996,0.24221233364847233,-0.21540148133180917,-0.36542015714147685,-0.22576616177968153,-0.3053104714022648,-0.10815934826340104,0.12426661550129345,-0.2746877056029478,-0.3384909147769513,-0.15174324778566203,-0.17232594270478477,0.038950039182731565,0.006086376429227262,0.09931211965669749,0.16256373287037884,0.3409250677468989,0.03137725074609044,-0.04018935758843045,0.21385709907383188,-0.41621879324146993,0.13955053334162162,-0.21398449915477757,0.08303625929171976,0.07117844881911436,-0.06030601124064704,0.2193766536240478,0.12848034999627198,0.06711653704678944,-0.009021378396812158,0.09559183537202569,0.02030512119610717,0.024369243494938117,-0.07555376325095157,-0.22348294861612694,-0.06768740406328583,-0.05656076963302917,-0.04948675489878301,0.023041222403827142,0.19762235590246913
-0.09432426099979076,-0.033271553025353874,0.609209145334884,0.2925304061276367,0.09354665433578863,-0.09162580829750477,0.5988721587429074,1.0,0.17667732955844273,0.17602564313487384,-0.014471454157065662,0.019085647537376137,0.2374256586185357,0.14264233529396755,-0.3096464264072896,-0.0939230483501493,-0.26291911334230517,-0.23011764790029168,0.1435290548308913,-0.09976383711324152,-0.01816983540523734,-0.004168493999209458,0.2098279201393992,0.09167460358802991,-0.11217051648650006,-0.08269891425868303,-0.12965688361527178,-0.1429736413544044,-0.3025373606542333,-0.13196945003807795,0.2588141457857689,0.1872827005830469,0.10556032223873002,0.38023799914207085,0.023761302102022416,0.34921687919111993,-0.2051705300936264,0.0027793055381930866,-0.16458591161564204,0.016391938023151496,-0.28876485584445216,0.009825125326530348,-0.16282188801927233,-0.21566159856672626,0.04058113606852724,-0.14464164509295735,-0.2658649856778171,-0.15605313709032137,-0.09118345262238883,-0.2836530801643118,-0.10934825077023286,-0.1860061742292525,-0.1871882917276379,-0.206762596624015,-0.1053723564569072,-0.20395486412832292,-0.3234754169071917,-0.2912747759823987,-0.11377915230658579,-0.03583280752004463,0.0745158367762681,0.4652544484414484,-0.1300697258634438,-0.0014659588784161326,0.2942267551124945,0.35731880491601126,0.0668984681696663,0.11961559067403155,-0.29176702171656965,-0.15459003605590307,0.08516420181859609,0.16345352383491177,-0.18235869907106098,0.1342387559829732,-0.03234358713924075,0.20866965607567645,0.08862388871287208,0.18160984699500604,-0.39208190630748446,-0.3347186706672445,-0.3263041695103462,-0.4503781503934444,-0.26883330420890666,-0.2743075233087602,-0.23643845641884745,-0.2990965783721582,-0.2467975441654934,-0.3199568550157162,0.05537662054783013,0.025465536034466076,0.21352086225047814,0.2039449552283808,0.42920107022052467,0.09177405963392014,-0.03508270836793068,0.18584789734860263,-0.26158598896010615,0.08686865955665911,-0.11712765487448934,-0.013414832870355315,0.07742450957791686,0.034997453871450514,0.3553507388304345,0.1427702633116274,0.1688870136454926,0.08179597852489835,0.11971123482088289,-0.006436331144920885,0.030308341487768144,0.07900457348549039,0.010038116103182079,-0.02720258026614499,0.13516478625010117,0.008194244310817807,0.07748102887945046,0.143654464330623
-0.14577389354346573,-0.22380691673317543,0.1716011858683314,0.1939539995177476,0.7208560509107576,0.3418591879414124,0.32126567696960834,0.17667732955844273,1.0,0.4790689553950901,0.17189010116429734,-0.04749181119477968,0.31849565390830115,0.13544707242308865,0.3166899328546036,0.421672226215959,-0.028726836180991866,-0.05669315803870449,0.006554627226531518,-0.1638434551495055,0.24632497678839918,0.16143076204054396,0.1983319661034283,0.28964224987913406,0.3324440367275613,0.04434290082513435,0.41352703914447375,0.23513077387438136,0.0026602545639475505,-0.035122590325778996,0.08581787792251344,0.05680729919850605,-0.09831824234622598,0.009591173708698084,0.17355062727174977,0.11263234528863021,-0.1934810727217886,-0.12499434296106321,-0.07888098661319408,-0.044785066338689714,-0.22668828087089737,-0.011146885567988268,-0.2060552694514909,-0.22712350767152575,-0.08083170876629887,-0.18113830222193014,-0.17176485725969753,-0.27470130644496077,0.03250168536660327,-0.06637018465253257,0.014119892121463903,-0.12430824494972903,-0.22902999832686394,-0.1604886195143038,-0.10048449011542289,-0.14801143169353512,-0.27899420857775936,-0.21451335420715223,-0.06031769356065889,-0.18507791552948907,0.07289845978671662,0.010623424520379374,-0.09539389542097793,0.01068848299550469,0.5149874663965419,0.2194247512917703,-0.05269857656539216,-0.1081387627131493,-0.12580148317473827,-0.06256055952330575,0.17327074387340938,0.20142689417311105,-0.07900396960387453,0.06506921675034073,-0.0700696009719041,0.09036520019673855,-0.12652440549519844,-0.19941130898598303,-0.15923614156129964,-0.1594845264238762,-0.01017495221303491,-0.04766530989132957,0.08124558321598246,0.015362304681410819,0.16376183216224316,-0.03418560793272789,0.03144829812379483,-0.10902198031455457,0.25354806023077553,0.121535592920269,-0.0799652786218914,0.06405610911687121,0.0973491402400912,0.04638801816397803,-0.1983008952871953,-0.07003634736274891,-0.213501979116853,-0.1419908441393694,-0.21929549294206743,-0.2411654385047849,0.09279497347511245,-0.05772523750132116,-0.021929385035069585,0.0414423363977936,-0.010689219523939893,0.11822810460246197,0.04769279528316324,0.20010587394845777,-0.09393642234625561,-0.2252762516617838,-0.07714435956146647,-0.17166212589045537,-0.29823802567497376,0.024882515507169647,0.05788507655470372,0.054541898460613844
-0.29833088995590695,-0.1359134867101564,-0.042262794545933985,0.2528432183094797,0.42251884325840006,0.4901203076221907,0.012762085319534,0.17602564313487384,0.4790689553950901,1.0,0.01832026644630665,-0.13132663280069112,-0.07507321289848555,-0.06609901328474155,0.3621802811007913,0.3136432008732557,0.129160282713384,0.03248283757962137,-0.14423950083833795,-0.22744615789298955,0.12307305156351715,-0.02690491951323481,-0.0254517469404005,0.2213559177630864,0.2118870779847322,0.16560280790739734,0.2348902913635507,0.17855688074156406,0.25919077402362417,0.029095680748199668,-0.24672943473240042,-0.13250594434477853,-0.2265444303016669,-0.09561821152112898,-0.010555484611815468,0.23353532316144138,-0.10310169655817733,-0.11149503886972645,-0.12672862132132576,-0.1335811927983209,-0.09962615731862133,-0.16335865578964082,-0.13319561657241402,-0.14823001278984607,-0.10731418212995954,-0.1143077223662842,-0.07626305945165582,-0.19813546354685765,0.1146665104055528,-0.04931229449096511,0.025838573014699346,0.0540400298595346,-0.02676554433341493,0.018334259042806816,-0.09580723015661873,0.02754574179457997,-0.32170359306067303,-0.2278284267845915,0.07954883343396467,0.022848544350182094,0.11506331173179993,0.16081977537001377,-0.030873979261369394,0.13131110868068,0.3156979727576201,0.20957675167473158,-0.08140396930038347,0.017451334912199395,0.032615033760320884,0.08035296220953184,0.008886093104508355,-0.05755982125837561,-0.08969922033067118,-0.12056742499362079,-0.12224565471930554,0.015482941472094612,-0.13155961976199637,-0.22301212874532172,0.08409639958849616,0.170178610390779,0.34188710496847313,0.2632935577730094,0.4106280878303725,0.14006289785029047,0.2368426507535271,0.07324954759736249,0.20204981615843198,-0.13860769478559168,0.2365896097393175,0.12712916845538536,0.02287093894493385,-0.00487984241093539,0.18658835344850846,0.023035714631972563,-0.13439245858277665,-0.21888408989424415,-0.17644459330143078,-0.18308134847059246,-0.198096409816697,-0.311429304876564,0.010060695151301011,-0.27180106134669624,-0.24314627998239766,-0.1487196880393229,-0.18375633064789199,-0.03908165678522193,-0.1471052314449678,0.07973428991248029,-0.1285758052669211,-0.1435847121752638,0.0515003101911068,-0.2154389333967213,-0.15380843270423797,-0.14539288231827188,0.02420081837064586,-0.05582149294310889
0.37582203922078405,0.24458475791469814,-0.11744464992229647,-0.04386888401019358,-0.016133506375793014,-0.22966851386662052,0.32662188562154115,-0.014471454157065662,0.17189010116429734,0.01832026644630665,1.0,0.5376070889682579,0.620959606211933,0.5652699153770188,0.269257809619605,0.3470912350350869,0.38524204726211037,-0.02757329674925925,0.3991027919105833,0.2970529863489199,-0.10498409364700732,-0.11142886226380024,-0.11846679938200719,-0.025241540952260343,-0.5028617261824584,-0.2779945720146615,-0.3526391588110638,-0.31664036208173646,0.14104066647274793,0.18746998774946783,0.1769891190655818,0.22264780979641008,0.23352060497051197,0.21209323941997815,-0.1929508441966623,0.02517698615394895,-0.20557792368077485,-0.24942250681018935,-0.2104708911340198,-0.09882284683680426,-0.2540513637515595,0.1312081669468615,-0.24590655164669475,-0.3537094723394357,-0.48729672496102877,-0.47241529006105665,-0.3643101603226502,-0.5219867953765951,-0.29086705538636315,-0.35863547006915486,-0.3802958647035454,-0.4018859219090463,-0.2739713872424264,-0.3678892685981839,-0.10640557645980205,-0.39395668472209017,-0.12388885224097637,-0.004070255915556437,0.03221888477088773,-0.22603886640629484,0.5511534735153485,0.20668064038582162,0.4625777786834178,0.43326412987359625,0.1998665000424284,-0.061474041078568985,-0.21303907081612666,-0.3923058250727132,-0.02856848139926575,0.09587598751672162,-0.005066225574127265,0.21796995368705413,0.10908140833738493,0.2673300330127263,-0.02196949177818157,0.16805886638523715,0.1754841895093151,0.08879090719078465,-0.035085269371434684,-0.24979509627660842,0.16521085457849286,-0.027061236223423376,0.05194054110774977,0.1420446235357923,-0.23624146947790156,-0.1530600889775538,0.10331181544240735,-0.15361743519626328,0.0913905010845409,0.14383670593056946,-0.20655742506453223,-0.026762965357492324,0.2560055362521875,-0.11784648605645962,-0.014800378682276428,0.20569021610767374,-0.4667777573434688,0.1641010538840359,-0.5130223702037566,-0.01013013867694301,0.049607079986749465,-0.2682113727763188,0.011115390372060397,0.03140068452264021,-0.04448367201436792,-0.00122529608173383,-0.08424250467899597,0.10310281495381375,-0.17793581393786578,-0.11092229013209176,-0.20235778417404163,-0.16730454996645883,-0.004027317245525468,-0.09931583065553436,-0.027660539336193675,0.13198571867546313
0.1311541143235676,0.1993788818806506,-0.3159093029082121,-0.11466378152428881,-0.14020037100171992,-0.23980152066325214,0.2866058343976318,0.019085647537376137,-0.04749181119477968,-0.13132663280069112,0.5376070889682579,1.0,0.26739373665538707,0.6618361876358265,0.11332537467722438,0.42876646114163736,0.1237930564443836,0.11950542961676441,0.09450460995295404,0.23130172448790834,-0.040261950371045394,-0.034162478153649936,-0.23930622721987765,-0.030523990118330305,-0.38864472773798436,-0.3819574105769647,-0.25212562019058854,-0.35755195705168036,0.09442285146579076,0.37316684065465927,0.39594049793638403,0.35429841743591495,0.3555396435127592,0.3792935138799169,-0.1339277835870644,-0.054337004942341664,0.19943023594892656,-0.008117248693705986,0.011139301044706708,0.03947205591471959,0.14865721107404423,0.290414868145247,-0.0740660264987939,-0.18664398028437376,-0.35689337495665385,-0.22164492131270577,-0.24150663191475324,-0.3805734848896703,-0.4432197377175627,-0.27702684223198343,-0.4001461302586458,-0.4172905267384765,-0.28069187965782155,-0.28698170095472136,-0.07932115952893827,-0.33956054276903974,-0.20426943804468356,-0.162830271977363,-0.18085700811038738,-0.2946047265728093,0.3419710903657379,0.14520715934960704,0.44122383015078775,0.45915499713140834,0.036188933492299964,-0.17649288649470038,-0.2891149710575189,-0.42637181277108877,-0.13700717302350607,-0.13330336657286748,0.1631791820017488,0.19486684126862822,0.3742813710886999,0.3093584828567534,0.18488703490416167,0.30998357496636963,0.3133946794135173,0.24522742077643203,-0.0010878441601844453,-0.22909909268633763,-0.10201934795919308,-0.077375363611858,-0.1032838318919254,0.4245095125442026,-0.20757427892087343,-0.1113213873996782,0.019904008712038408,-0.10626124777027579,-0.05400958943789768,-0.11483384535139321,-0.05769281722744263,-0.12340664581880774,0.2813915159188619,-0.0926122443103034,0.016553804276095683,0.30902987973747253,-0.27529499555595033,0.11216564890335498,-0.22174792667630477,-0.04478826789217376,0.1692521933397431,-0.039348214426844795,0.09108392328681111,0.10121395811623875,0.13851761891998277,0.034531063228435466,-0.1525561018541324,-0.029647769034270036,0.04038981917815009,-0.014837423312834731,-0.22547852579661282,-0.07962867693852872,0.16191096609373198,0.06051170386919465,0.04581746345858336,0.20070350178607524
0.2565100620371819,-0.028228900081114602,0.25418737908219097,-0.09182623341687823,0.12712562920481862,-0.11110120912589531,0.4347393084822309,0.2374256586185357,0.31849565390830115,-0.07507321289848555,0.620959606211933,0.26739373665538707,1.0,0.6589226880356726,0.050845427970243266,0.2312081211330626,-0.05131061084510244,-0.10663244365057481,0.14801620662959758,-0.11595050318428618,-0.10574897060509088,-0.015125759821353795,0.17791452555233325,-0.03733096133214214,-0.2867122481477293,-0.18214354609661104,-0.19969460888932664,-0.14425871542279833,-0.22026171572643596,-0.003904022987112493,0.23200770013288546,0.16941013085061404,0.11320978445888781,0.15399048430227147,0.2081186390168279,0.15759353150711058,-0.2987298325306553,-0.22010758956583057,-0.24481288544925747,-0.08153660311778137,-0.3478898020238471,0.07631232447283116,-0.09174231276235348,-0.20008854295276982,-0.2335362601309949,-0.3546150182989573,-0.23658043220272892,-0.3309475668605526,0.002886116987942334,-0.24482910131100247,-0.09500164554036117,-0.19146455555375663,-0.16299034922966152,-0.20526619139559268,0.0114231886349933,-0.3477888858673329,-0.07875595201099644,-0.1373707312068362,0.10204929298481531,-0.22913019806151125,0.42534065094458146,0.28683545182337156,0.028352291546097495,0.14008786770015155,0.47519329795130577,0.4075597322568616,-0.14309784651641053,-0.23873104099328366,-0.25908202803860986,-0.09484402121778573,0.06168201493163375,0.18551691299364634,-0.008033566322000975,0.21249498836822162,-0.02733519394228844,0.14485717123976402,0.18707861184927654,0.11684203377397992,-0.26266360389419763,-0.3943711022530872,-0.2513213588793389,-0.3427538795757511,-0.280115857149588,-0.30615983898544746,-0.10345545577662779,-0.27568468853510875,-0.060675709773970105,-0.2631625944806984,0.27154872208570685,0.10951180370193196,0.016608210092846545,0.27056803589864,0.24548268354949151,0.16587812148150327,-0.044481766816352346,0.17517436314570514,-0.3174355162060953,0.15014169125165094,-0.2619486475331033,0.12486307125568925,0.07499098953530989,0.013638576189838771,0.28557452451255816,0.2203874347462603,0.1501719415967798,-0.005423256668637125,0.005572084806516762,0.027137225036293296,-0.022022112691865037,-0.09753102863979174,-0.026202040012448975,0.0032740202522826027,0.11568894438153061,0.14748360349922368,0.17004961472913152,0.23301243202847474
0.17723833438535505,0.04199847366504993,-0.09991220429290176,-0.22595221726851944,0.029750679086235538,-0.04259684901349526,0.2085991380810617,0.14264233529396755,0.13544707242308865,-0.06609901328474155,0.5652699153770188,0.6618361876358265,0.6589226880356726,1.0,0.02228186057314422,0.45249845321572524,-0.14298001513562442,-0.08147838113101048,0.02404724926008689,-0.03763906319061993,-0.06625229200549257,0.09473529939682218,-0.16774511127226926,-0.21529742689412543,-0.4770421255194903,-0.28027845005818075,-0.15885073365615132,-0.14128544125552367,-0.22508971903443634,0.12901724207579282,0.3481021252586405,0.24638413399417938,0.14884141283739527,0.2434074911467012,0.11334334676299289,0.04049243462369807,-0.022528332347883134,-0.0347618306527371,-0.07714613455760122,0.13682366054304013,-0.09639512011450359,0.23641910747600367,-0.06514720419570454,-0.17857715608276922,-0.3348393878859141,-0.27846779632005075,-0.22939014532303503,-0.28833920474094504,-0.20173431138240863,-0.3658055699040928,-0.21865191004355744,-0.27392988152566844,-0.16379635812359986,-0.18828641695831674,0.22187649699626447,-0.331362687601763,-0.09206993784229846,-0.17519709880942128,-0.0689460776046297,-0.2357428328653095,0.3685562668918947,0.30981205579483256,0.09174741188943629,0.21045684876182755,0.1581591954589492,0.2797194576874176,-0.2816778961531054,-0.2946839286482521,-0.19241673345031127,-0.12475528421360262,0.12575118352201348,0.21739799375261953,0.16714581655802535,0.266999378448972,0.06581105040269382,0.17266526753956568,0.19828914702065129,0.14722403379148666,-0.1729329544450652,-0.3969050369053717,-0.3610485574692952,-0.30663852416465,-0.38257016249650283,-0.05627492024323195,-0.22720590059844545,-0.2547939639179155,-0.1112749417065119,-0.20538608401133843,0.17452232748347427,0.0799592581088129,0.14085367114442265,0.22226643388523884,0.34745161306952815,0.2193018402360621,0.11151607894497385,0.31595179421989206,-0.18733444189674606,0.2419668203192122,-0.14542344991329123,0.16647294599947834,0.16716687275558162,0.027994859941246227,0.27217311177756687,0.24753228442183975,0.33660777116046486,0.12008886525650758,-0.13029448964525311,-0.0547156733691272,0.11053657648722615,0.03845104512777909,0.03587437536937037,0.13068572230962033,0.28569953626479927,0.26159705405801126,0.1113192105805519,0.2576782976912059
-0.14904367141867575,-0.16520217374168314,-0.205662089143274,0.1700785460725645,0.26747252781553965,0.15788747785364246,-0.07539711256970442,-0.3096464264072896,0.3166899328546036,0.3621802811007913,0.269257809619605,0.11332537467722438,0.050845427970243266,0.02228186057314422,1.0,0.5012057856070055,0.2546626293673294,0.22620002938600217,-0.021499714444881853,-0.17632741774293864,0.13730683412881292,-0.05716202949466936,0.14658338674324395,0.155827660889255,0.13146032439926406,0.1689740918969219,0.17265365031414406,-0.004256782458730484,0.5635990062544943,0.2710830471390846,-0.14767462351850616,0.025697289398665474,-0.24654686990858485,-0.3485080326052455,-0.035634902124181994,-0.1588495720502997,0.2606479087401567,-0.0071402689089431984,0.25952479498085773,-4.476464245906468e-05,0.3141766406036812,0.018460600793462685,-0.12251377530018696,-0.09778661478044652,-0.3379440554217197,-0.2680274237097573,-0.04224321002354617,-0.27302018863577115,-0.07862676157856448,-0.055269185307784914,-0.003992437529079115,0.02443682302141421,-0.09479964635066815,-0.0034006860167418006,0.004360031928782359,0.00705558496399237,-0.33899401555747355,-0.15338894824228055,-0.03335906681151186,-0.31403862212597944,0.08061031467210268,-0.31023767884141396,0.04093606828998563,0.05444607970901857,0.31417417560092614,-0.15907829609198704,-0.34714205343672216,-0.314661361731574,0.13643214448109156,0.06579142808990235,0.009652999519093779,-0.039782280829344895,0.21447292221171124,0.02962087342486285,0.11795668378954617,-0.06695352732391345,0.06357271117887679,-0.1808721674707941,0.14818189746883184,0.2760639925553366,0.39992169362604796,0.4490820696389705,0.6643528667952742,0.36698872276395406,0.45606560735238827,0.39238356683443565,0.4617498087864211,0.32697786234884557,0.2722064665300877,0.16174320171260972,-0.3206490933178333,-0.3440307152218273,-0.002378072301226475,-0.16174563363409097,-0.007209140441237498,-0.10502871095751964,-0.11181066064844024,-0.11973930806914498,-0.329028020375844,-0.31271624456741776,-0.10260214504648238,-0.2380604682921341,-0.4111889938959264,-0.31380213767315085,-0.39776611251167854,-0.36087072825937266,-0.20350005769319265,-0.14654919260694524,-0.162388699621324,-0.17892240034042353,0.03120117701437107,-0.2821120926015182,-0.356724255385224,-0.11438994828897635,-0.1384252198832662,-0.12753795264787784
-0.16970069150966904,-0.25983860242420087,-0.2821793651143637,0.05569362105758513,0.4642182800560061,0.3773311074615821,0.05776888905798154,-0.0939230483501493,0.421672226215959,0.3136432008732557,0.3470912350350869,0.42876646114163736,0.2312081211330626,0.45249845321572524,0.5012057856070055,1.0,-0.008642834164429724,-0.11089420474745616,-0.17405728818693292,-0.2326141729265115,0.33915907332768735,0.23270661061598852,0.011340595423424001,0.13928166911187873,-0.020136846971189917,-0.04027058381870767,0.3140866598599782,0.2161134450843773,0.09133901942205942,0.2555633732449881,0.15007705645511032,0.19828315114767314,-0.1984081533289006,-0.09739344798711573,0.042215937971677886,0.02575328575748197,0.18297949571267158,0.1531993146917156,0.23369005475919297,0.15661522330106728,0.1076493867164511,0.2837638224552596,-0.11593664967829138,-0.13511092863005206,-0.3058910579739323,-0.20986140913529794,-0.10023912640656234,-0.2958542989129155,-0.19451642671356068,-0.20213107918436873,-0.019529070420334898,-0.19155483456533975,-0.09785328843880824,-0.05928074479739634,0.2141754470269244,-0.09454615914287164,-0.3360982942705748,-0.38874340373493316,-0.20018401961989457,-0.3581296844356245,0.11382211903117927,-0.14809370194794544,0.1071190057175436,0.07967783104843193,0.23307879443767907,-0.011769205857509032,-0.4369119788384361,-0.4549979784021649,-0.18912555289223285,-0.19749020543785523,0.1524796675345965,0.20296016405990305,0.16632579653088145,0.2637638270015651,0.08580281000419356,0.20205233646195156,0.10485651906174398,0.023943977199908564,-0.12723385270654822,-0.15318019701077057,-0.02235724513593475,0.025858632674801624,0.10581784416164745,0.4591683503091787,0.11943204306754104,0.25395347635235527,0.18992453507265486,0.09615176992054097,0.41394992692127314,0.25257915934017716,-0.01672487160655338,-0.0017081630879044617,0.24115579977738918,0.06206155235153184,-0.10861800354901016,0.045971192560284375,-0.13153712255403716,-0.06864315440623982,-0.1619488009190199,-0.0977910473391972,0.08664426110532499,-0.14733239144935537,-0.030132312892366873,0.10566714344229966,0.06825153496253188,0.10421347059525683,-0.2307630275774279,0.029437581311824976,-0.1310722218753723,-0.14975319139940002,0.057147961271952444,-0.050249452519614664,-0.10559120303248337,0.08824423236529357,0.07102236697950101,0.08153377569578589
0.042362574259680305,0.22123192417522092,-0.21412934597628897,-0.015825123301659794,-0.13876965798496996,-0.2644689206017428,0.009848264837328717,-0.26291911334230517,-0.028726836180991866,0.129160282713384,0.38524204726211037,0.1237930564443836,-0.05131061084510244,-0.14298001513562442,0.2546626293673294,-0.008642834164429724,1.0,0.6126660256020754,0.21933233772753136,0.41157572733556835,-0.05437738420456241,-0.12456502846248689,-0.20174836630152493,0.07040584257061185,-0.0681969378383831,-0.016392813633515513,-0.2494804277661133,-0.3396434973889113,0.7310070371569578,0.47130930345068955,-0.12077531563435334,-0.0026791629976190144,0.16362422134716653,0.11096292505172926,-0.126072123092076,-0.074723163069731,-0.027389078696112526,-0.2889362053585531,-0.16959310447723763,-0.2640339168253596,0.012500274980822608,0.05798004494883153,-0.30378635365044643,-0.34891829961027576,-0.3373944701341168,-0.3155454591371727,-0.3296724470719404,-0.4976205019666814,-0.15195177119418565,-0.17945078557176286,-0.29771023866656465,-0.23919419790572755,-0.17140392312768732,-0.36645561587372844,-0.39336745880702034,-0.30587305671174575,-0.026617729195832957,0.20787637837784664,0.0689217633994693,-0.07259246654817336,0.255663900519358,0.07007280310390333,0.6078313549203485,0.5691156164914316,0.07473486444235959,-0.21128279038674572,0.04364776544552525,-0.1936364983572336,0.10412822288331296,0.09868885614366482,0.0754672654360307,0.19474940377068442,0.41064579931354095,0.14286482781646806,0.2588871687469146,-0.03070535098547532,0.11933420008581468,-0.048973817761114105,0.5247617583458497,0.47164454822874446,0.7484952463975165,0.5533251842247537,0.49530856240769094,0.18874583649283713,0.11185074014334694,0.011013348025247146,0.2200042432839015,-0.005495815541128873,-0.19645816073539574,-0.10532726468643606,-0.4516566618270867,-0.3657155204437056,-0.1525537841859624,-0.4511783854684474,-0.17160187373214442,-0.23785288017908443,-0.42588620842622454,-0.22254160344236049,-0.46532043456723393,-0.28883976895502117,-0.21927409983204316,-0.5123348952743588,-0.37801347610579816,-0.2841924692098145,-0.4868751017999687,-0.1469627309982802,-0.09814529933527959,0.1318127942344768,-0.3324718918389025,-0.34791735880381724,-0.3458215989492589,-0.3277022911376837,-0.2457702104173648,-0.48336195347740546,-0.20166644609613574,-0.199351039854429
