1.0,0.483920557883607,0.06553962955819195,-0.08492572711269529,-0.19627658145051416,-0.26867802427823906,0.022134284701982705,-0.09227446436258646,-0.0695802561923731,-0.08472860816464707,0.4215790667987379,0.45796645340664466,0.08845824495615275,0.3434469300882374,0.3282746896472042,-0.06646038199613903,0.5117804974296818,0.20974710801609833,0.26100400298434245,-0.08390161576360189,-0.07837843245402083,-0.18754147082786024,-0.03430507340480316,-0.35305275095680444,-0.2075310691181835,-0.18833598864625953,-0.10893917462001854,-0.09153654538501416,0.1270689327947124,0.0514796555993987,-0.24430046084084583,-0.338608464141541,0.3296839096801243,0.18994944085874935,-0.28241107597624554,-0.02032927065565931,0.09189659795019858,-0.13253011846752938,-0.3395220275732492,-0.2865478195199605,-0.12578809487243636,-0.2598984188203026,-0.25772814408854655,-0.2703297917472257,-0.38901079570002717,-0.381405976477603,-0.305058632322535,-0.1681949617224012,0.01134563012163093,-0.29690790457866023,-0.09477398989848901,0.07230299907105621,0.24567989379434105,0.1878571443706861,-0.08505991380634727,-0.11515006758766008,0.37307674517194567,0.41429224575066975,0.4064358923126729,0.0270780334256569,0.31143646271502934,0.40071900327802373,0.1274888391744864,0.4588628451336922,-0.1098767112730009,0.22370129848927,-0.22908565131814526,-0.5004527079231225,0.2681093944717618,0.03923655531651334,-0.033837819287474626,-0.13515333362048945,0.18842061830610743,0.01577486221915275,0.10292257358352211,0.07377337182476489,0.0006439887688078158,-0.1525998580713236,0.14604359778790668,0.09139053178248001,0.3521225199214584,-0.01242512667928266,-0.06005847206066181,-0.18597160592636292,0.22719807794588293,0.20086275368025303,0.02284399971270186,0.14413839068376147,0.019303599116562986,0.01387759528233071,-0.42530152914699204,-0.21102227561460413,-0.4294930029438945,-0.3445777968612429,-0.1721007813752209,0.04859499195699832,-0.20587377300012163,-0.015989910246955442,-0.22897005473732127,0.1951350244448371,-0.31071777847730975,-0.09670561877564933,-0.42307719267591815,-0.15917448833739503,-0.24166143977531282,-0.2821884935632668,0.019836593843706913,-0.0542243701624353,0.13495604217480411,-0.08624981982397108,-0.37697772172268224,-0.006470738103260655,-0.015182139864279723,0.07628786050666893,0.03134161946172113,0.05726344390862736
0.483920557883607,1.0,-0.3024226475256222,-0.25075426959295416,-0.06120202266464829,-0.23033695107491778,0.01511185705090039,-0.06752523427614311,0.010133863483090364,0.16306647531180704,0.32596615353598013,0.37970666268070735,0.41778319132964126,0.44735966817700873,0.20621928019869992,0.09586522618358682,0.20079866073253894,0.28168406920173683,-0.09493743515770184,0.2039934635015172,-0.1875598775843662,-0.1911979590397262,-0.20867219531802672,-0.3096169924547837,-0.2392135587496154,-0.2612964301194478,-0.10905894303606682,-0.2553032273524422,0.04170453122901884,0.22726337184103262,-0.3013772111703728,-0.2923184732038568,0.08776667453123435,0.10299336288904118,0.07084671794356141,-0.14027665582068927,-0.05068811065972471,-0.2322701331282252,-0.2947499899072846,-0.21734150349770914,-0.1451693535377502,-0.3617125178915372,-0.25222932283406496,-0.25548726220434015,-0.21912593825901644,-0.1747615925785877,-0.23288804913181257,-0.1714472174581004,-0.0014693929736092149,-0.08915388989970668,-0.12105724588653127,-0.032140036478082716,-0.011467406402879028,-0.09135778011183246,-0.290645826019271,-0.3417047304081297,0.2729638272976337,0.3513623971112883,0.4734463993286469,0.20535737590861347,0.5540862732357769,0.4417814776275647,0.362114119540338,0.4578820219826577,0.11768458697591591,0.11040084798075839,0.017307103507422466,-0.44126029891417745,0.11731760349490193,0.09005506262858967,-0.02914039443383862,-0.2580551968163427,0.004821248120972788,-0.09511959541910257,0.09032775774078497,0.14816404951004275,-0.010511977279643548,-0.11712149191151609,-0.011535796896541944,0.08438381381493013,0.1886368448513668,0.18454567538194402,0.12813554813071942,0.16469999489784848,0.31788483726476513,0.2487332068583128,-0.04176564681093643,-0.003782410206309666,-0.04784020195650274,0.01143101044212789,-0.19640789222820362,-0.15272030466325598,-0.17548386403862312,-0.18793345081010124,-0.2735686291521859,-0.056408708736696345,-0.4375320053736925,-0.2912969504757078,-0.208738671766577,-0.027733979019227976,-0.04540378298222512,-0.20496669365513348,-0.20752873939800773,-0.2257413105302011,-0.18891730877874635,-0.3068694930380317,0.10008595424344344,-0.051677932162121874,0.020733546352047483,-0.12383463284758302,-0.4499080031487381,-0.13203110838690976,-0.01102578270122493,-0.2216854630726626,-0.1959669232283433,0.015819647343699488
0.06553962955819195,-0.3024226475256222,1.0,0.20648277451328145,-0.14417072102229825,-0.07608398370013106,0.39901569227906336,0.19290004843479064,0.046336040530474895,-0.2025228364479844,0.09758885682503622,0.07064345618211107,0.04240291650516392,-0.18015479522771116,0.5080841942407602,-0.05448108568869517,-0.020269378295350186,-0.22685620676790505,0.29538902045665294,-0.2247855011610373,0.16445507165719667,0.042991080909739694,0.4457642868103671,0.11449433113017085,0.19931625380869694,0.23825392648259291,0.30041073276581853,0.43592223595865615,0.007118844150448522,-0.2890492286621476,0.2867280015578449,0.2442812697210464,0.07961112916913689,-0.028392877565346086,-0.031325262462711084,0.10891161363206725,-0.022782628223398646,-0.006034987816660431,0.11673666917497323,-0.015903341541545404,0.030950266804468926,0.025670022101261313,-0.051637237310915005,-0.19538195053163723,-0.3571326426982605,-0.32378384827738055,-0.18796124064823308,-0.2778679781518611,0.03219917444413943,-0.4307273315150792,0.19168938198653823,-0.08551304724958367,0.039341338174302395,-0.046418244886554445,0.15457166962527152,-0.09922697645024155,-0.16680593199173646,-0.0029964872756371164,-0.1952076330374075,-0.24948291214876478,0.03554061088758514,-0.2196586545208046,-0.2016986412129083,-0.19807243775090586,0.03471075387481165,-0.09739949655061773,-0.13425710534240612,0.006719652039144199,-0.15397706354575144,-0.21065058285469254,0.16531040874777214,0.18306996474192375,0.011322499116248146,0.24874468936206998,0.03656333594791049,0.10661398253934287,0.1507129186943217,0.15497511227049243,-0.09184523271768698,-0.09271569346247005,-0.06385056234365626,-0.2261972673340863,0.14865306283475443,-0.26177062725461364,-0.16123257978986782,-0.15459442447235108,0.056355813796781715,-0.005416267496820037,0.21043715923742248,-0.16437549573725987,-0.10163346376328834,0.05797631255923315,-0.0044902686819157265,0.2612662763096127,0.023452180988684367,-0.060145285558017444,0.10399323657408206,0.11692431341428054,-0.23463699620339692,-0.1646868521436759,-0.1321988542587912,0.1883553022486408,-0.02753550987924702,0.15822970324420332,0.014965724982602867,0.200188096415659,-0.15686755873722608,0.23164751050139334,-0.04092622449115279,0.021020303635006173,-0.05262457554138662,-0.17582048356435667,-0.04862960041194517,0.1068704459949358,0.09368755524038469,0.10244399922171951
-0.08492572711269529,-0.25075426959295416,0.20648277451328145,1.0,-0.14499988104812436,0.03486015654682001,0.20322816611554925,0.3869875326718159,-0.0659184445898097,0.025335099251599498,0.076690587788392,0.20172401846713,-0.017794154492540872,-0.15111406667075986,0.24962783494555937,0.20891427293262477,-0.05657863388311537,-0.22948139843154103,0.12944320994051728,-0.08394792099002399,-0.031705759325442624,0.19019134715572375,0.5375317653555937,0.5722769260837213,0.32343988387800926,0.4783753943707649,0.1334753774273503,0.3479107776390435,0.02685629535287321,-0.24257033323505905,0.2435500381651273,0.4004777322716256,-0.37734684956030773,-0.08943626200295976,0.1302345076914093,0.013698865304059574,-0.03984105464415735,-0.05625166037158905,0.20692513775422994,0.11146770977925588,-0.038505673885871367,-0.00034890047630320843,-0.1160292609242341,-0.33441749350104444,-0.32998843788991955,-0.24596412993763098,-0.178106859829781,-0.33132938927238015,-0.34848205344092836,-0.5022191019708623,-0.08579756192637149,-0.3071396617917386,-0.11244242583309587,-0.08235237946386983,-0.03327320944986481,-0.24775397897688883,-0.3101768192092077,-0.27504609179569056,-0.3276698191624792,-0.21412448983003177,-0.16598269152218528,-0.10330184032413842,0.06651291453247851,-0.1250835294893649,0.3302821084210418,0.08398016720518446,-0.32959549928785,0.03578328096772543,-0.2540021231622064,-0.06428930638744401,0.053795164525495646,0.24423668504563525,-0.14273192851410466,0.008681674195664546,-0.02595870272762863,0.09171329853440849,0.020279249789916354,0.08976061992952264,-0.17357295041245122,-0.25692136364926976,-0.06871554755224575,-0.21435643784034467,0.3181051068813656,0.32906844501726185,0.0946927015378834,-0.032651630530928996,0.02660660455100918,0.17862219404860283,0.2281324271750154,0.13935990177706234,0.07847180675072457,0.0907995467422554,0.32155893089309473,0.23186745305031412,0.19144484622421973,0.13393585630905247,0.0685463216482779,0.015390828124708485,-0.16645104499468377,-0.24078664320296858,0.09881398159674713,-0.10078454851376575,-0.053174426046847086,0.18559829610672957,0.10737046279610289,0.2816261698394098,0.03505811922553635,0.10178927145404358,0.06136671192777903,0.02999330429436437,0.07028992294229455,-0.03540248972545599,-0.15791690269375594,0.20996578429618945,0.16797965232044249,-0.13211655466818006
-0.19627658145051416,-0.06120202266464829,-0.14417072102229825,-0.14499988104812436,1.0,0.376542676254408,0.054938261820185075,0.11362975982993499,0.31959341659002954,0.2590637238729547,-0.21706316222692384,-0.22093503101730702,-0.04646456735304092,-0.04782833494210547,-0.18419247990331636,-0.041356923258817305,-0.39144168144523855,0.025749277855952917,0.008587358708873616,0.1230374831414067,0.04220812905267856,0.14243639457325036,-0.21593346586121837,0.13637509525249902,0.2117238994102585,0.001369777406894637,0.3278453469591798,-0.1639886086518635,-0.27232379745741686,0.11231250046677163,0.05032292557268173,0.13149208386012418,-0.13463460348698814,-0.002599385575011815,0.07025056247654198,0.04110253822629245,-0.13176422156393933,-0.1812308758393927,0.048335690909713895,-0.036055204302973855,-0.060701363561465514,-0.06247936555315317,0.09590256362978299,0.0687972028986734,0.24194257977114217,0.25805775381735435,0.10875520077966291,0.2095128733501118,0.10892178085016753,0.2385771401002579,-0.028560449378959542,0.0433777535585159,-0.18334084549697605,-0.05988286203744192,-0.14236735361752684,-0.02618944702007038,-0.2875612488453988,-0.26880485353905836,-0.18828836718892356,0.04493131975878564,-0.14345909222543132,0.018287274945937675,-0.17984313452710962,-0.12360202720939166,-0.10822912812616255,-0.1286269379648814,0.02667060084814346,0.21731249842765266,-0.10073789791491974,0.17655087305190514,-0.04029850326737469,0.22691160613227468,-0.12094849260708637,0.17680712860401404,0.20548196305053112,-0.09544858773446585,0.04768772528955309,0.25275668966608855,-0.14954917770457693,-0.11897325843724935,-0.22956094006140831,-0.14536360086490058,-0.13406622531572723,0.1560072744325616,-0.21774537361008064,-0.22302391878531969,-0.1815868242368242,-0.40121388894769683,-0.12079308191307518,-0.14691169350776495,0.24101710172997817,0.19840809317152003,0.1550176678771767,0.08376635584537262,-0.011241425452883412,0.005448925120090573,-0.04321012245607431,0.27525559285829077,0.1535280413013316,0.02006903545798564,0.2719721893293782,-0.06399460459359507,0.263880890355204,0.1908317759492235,0.17184730115715513,-0.02741607564400741,0.24840675083227254,-0.0162293945128133,0.12320132667556762,0.24845333772843547,0.3040902435247097,0.30219050671933734,0.02086777811253877,0.18293820651476264,-0.022485049055606585,-0.051521132981503924
-0.26867802427823906,-0.23033695107491778,-0.07608398370013106,0.03486015654682001,0.376542676254408,1.0,-0.17821534571751932,0.08544186849734757,0.11708844255283357,0.2961363866514868,-0.32357147513881196,-0.10298220247060876,-0.3304171959458999,-0.3586752501141099,-0.008608035044876377,-0.1629799917875942,-0.2688646610925625,-0.2584148646099797,-0.10481105273989674,0.0382392153420268,0.04464733167330331,0.1427738193369094,-0.01181945593730572,0.29015819665481163,0.3174157702188626,0.45250176594787184,0.4162942300431035,0.4040794401964031,-0.24463338590499256,-0.30572907725088333,0.06805252314854353,0.15425002969669263,-0.007454748380334563,-0.15371259414097507,0.08223733052575728,0.16953044015340107,-0.20545799171697626,-0.20212400845243622,-0.03740871252747134,0.1553679438742731,-0.07880562548023515,0.005865388241523699,0.11480476624456892,0.18443610448894984,0.11972416409190957,0.19580323241211442,0.20287310752354543,0.07435087803013914,-0.05553030428627996,0.24435037512376762,0.08717512213579702,0.13100117392552116,0.03988003701653487,0.14171901655686028,-0.11414687360979706,-0.0767526590005575,-0.06174026962476276,-0.1803654069581295,-0.13573516690124582,0.21522996948671685,-0.28741666820392414,-0.1880502275497452,-0.242513253624267,-0.3856456720256102,-0.03949437907075387,-0.03171390862184734,0.053326644266454955,0.2669472485900639,0.02788886755413374,0.3440247903002051,0.21749530447150636,0.12027025378496846,0.03972590733227447,0.007681558484313034,-0.12505384592645882,-0.16891997886589652,-0.11185094909546311,-0.006511728295852855,-0.06810593356555898,-0.05851429652095749,-0.1905926054964354,-0.09645982798664765,0.09274002197711784,0.12067596981232219,-0.15140751446494122,-0.25187284732222254,-0.1567682863542186,-0.3825871571549705,-0.1237061629938165,-0.13864699670049802,0.39068620391247627,0.3272549687928849,0.27823914131356314,0.1355520681477187,0.03471061536303826,-0.197125222581988,-0.07772258541387686,0.11199118485959687,0.17825033490636474,-0.19362271682517715,0.2308516350390056,-0.13575380305791934,0.35334031978536556,0.04365256219248748,0.13847526457978968,-0.07640831654088942,0.3562986065352049,-0.057167279729564056,0.0832816116513315,0.09451447449835657,0.21666695152567456,-0.07741488067134039,-0.02070880355447244,-0.186229223369583,-0.2259627963585707,-0.16481942184868997
0.022134284701982705,0.01511185705090039,0.39901569227906336,0.20322816611554925,0.054938261820185075,-0.17821534571751932,1.0,0.4473013414626242,0.3473245396636649,0.042275630834821526,0.18193660727506014,0.06187450370969809,0.5495619705970505,0.018742008958612225,0.2782339912411193,0.053708945109780665,-0.14155818970033374,-0.1967698608756809,0.29751140235388474,-0.08173980426518689,-0.1051440533245804,0.037487697024612264,0.35291672641738336,0.22945487332850328,0.3395974365312838,0.17770108372725413,0.022958319187623175,-0.01530485451219136,0.09004499994026546,-0.17628294527927563,0.3449010512628391,0.19801611167336547,-0.1509465470334173,-0.03749002832779022,0.025214978122506622,0.049657723152986735,-0.21885101460461967,-0.3976382726017875,0.12450576134566106,-0.42985904895501004,-0.2959176019204394,-0.27960973151702895,-0.04317068108942006,-0.20235387742174182,-0.16837288674036535,-0.11436632577626789,-0.1590426688030213,-0.1239942640992896,-0.17517379129846428,-0.34052954744699754,-0.1590655167868541,-0.24859985962980746,-0.1288648031387063,-0.12909249029882008,-0.14994884478800316,-0.22417561046090403,-0.3346673954039171,-0.0827125301646855,-0.3416740353250687,-0.42309783754395736,0.17041452825275494,-0.03796248494229423,-0.016157760051990464,-0.06922874663382247,0.45501440941624555,-0.12415459550536441,-0.33753594188849667,-0.14742487630542403,-0.32532576700407206,0.006092444153514937,0.09953188626962657,0.07808980932074128,-0.010641157600263268,-0.10769898033592971,0.08618357253375189,0.10573323491483884,0.19080973666129603,0.09415419199085777,-0.11432955373675108,-0.41369751478176314,-0.08965247746481848,-0.35360448958295243,0.2059935889907063,0.10386709880315438,0.07563688605009987,-0.1297004091948764,-0.053583632689364225,-0.08704487238602937,0.08017699082659123,-0.13274492129799603,0.10692566598651737,0.13973680411168296,0.2463712764460913,0.23702100067951115,-0.034858977514292275,-0.052190997989599884,-0.1617818106606903,-0.04628001554366725,-0.28869679059105796,-0.21800397197631063,0.13826061713775933,0.05875595945743627,0.1751129918012498,0.1570083405994674,0.1862424656389005,0.2117073162496694,0.04386293469513924,0.2874443539059938,-0.2034881694203905,0.08615934044591467,0.026576176260245735,-0.17595442345574228,0.12268189394263193,0.11011178664383765,0.19832996977482684,-0.011849422562345557
-0.09227446436258646,-0.06752523427614311,0.19290004843479064,0.3869875326718159,0.11362975982993499,0.08544186849734757,0.4473013414626242,1.0,0.24627985980696743,0.5108798925115677,0.0922485725204308,0.19214333737521147,0.27527727607765917,0.24049863450658043,0.046393974791345396,0.01954827469768921,-0.18962299154389853,-0.08435844594855438,0.10667104281265292,-0.11783340393031978,0.0045651620934697955,0.23435750540883837,0.0354933339132163,0.2505033986857823,0.13189579128373244,0.20005118033921795,0.008725856191764261,-0.015530203354536488,-0.19827449718867732,-0.23808245948541262,0.15591307621204134,0.49992290405654016,-0.16799152925796676,0.20396571458053858,0.17622195276388586,0.13573896959865092,-0.10669142069627603,-0.16950416832335402,0.09157853605118822,-0.08886818410463217,-0.2409268858546664,-0.02953807785661696,-0.09548726851763777,-0.18105723574191182,-0.12454410264253223,0.09311327691325634,-0.11178404802186469,-0.11460614700517564,-0.28527892427488877,-0.30173866124723075,-0.12865274364294396,-0.2314983300202619,-0.2373523721208255,-0.2884950594698328,-0.1649267230411654,-0.26848166070480894,-0.4703537407534892,-0.3978967809200876,-0.3962517912823751,-0.49887542869368773,-0.0372612929304536,0.25870267203598696,-0.021393973134193795,-0.19448454897489478,0.4400040912899887,0.45566452033966515,-0.4212744302886982,0.06142770102256427,-0.38032582093495526,-0.2625696613578454,0.05792505929123537,0.2490900789407829,-0.19867914989426136,-0.03780260768680547,0.22972529275938322,0.2577888831037292,0.36889374279932446,0.2926069340594354,0.014957867241685125,-0.3326066124476151,-0.3766097293115637,-0.361677156041502,0.12872401444274534,0.21206805861061956,-0.04280232785574975,-0.23512515378527413,-0.06581059767622918,-0.06766042895369874,0.06536894409905095,-0.11602053725143315,0.17899247895346765,0.08192887460034201,0.5453682326008226,0.25972788701119787,0.12278432258241044,-0.11407521520353305,-0.08990359387070379,-0.10575453184800043,-0.3523068050886171,-0.23086850270006853,0.32177537262932426,0.055303896188348266,0.30650522175707023,0.29874273319533007,0.17487762017961073,0.33977269247069486,0.06422697057080919,0.04957161970980145,0.0056166653299322385,-0.00885415311816998,0.11949846683020698,-0.04323584100111628,0.07516527008227075,0.09832237972852892,0.2228576821175394,0.030517154751523046
-0.0695802561923731,0.010133863483090364,0.046336040530474895,-0.0659184445898097,0.31959341659002954,0.11708844255283357,0.3473245396636649,0.24627985980696743,1.0,0.27528107878512037,0.2008577886074505,-0.011407724507022541,0.2802311161122683,0.15360021972275814,0.1792897009941411,-0.035909362242452475,-0.20825430691385563,0.0005918314034697587,0.02467233743702666,-0.0037567421591112077,0.028536778607842855,-0.11913180131962539,0.06712345208653775,-0.015597181427397563,0.07532522762619445,-0.08275193279374225,-0.0017831997405057336,-0.21129816924449984,-0.17860713768210115,-0.06038314781888662,-0.026425503709057597,-0.03940181597333425,0.05941068344757403,0.06925315592602002,0.07366644671520467,0.061743606991803465,-0.13815938241230846,-0.19200411204613876,-0.012777515963071,-0.2808454427629251,-0.03552287502671346,-0.15560790801303565,-0.09977525147828113,-0.054119051141503366,0.08574388106330663,0.19352466232800472,-0.08544780903422262,0.057512433176634924,-0.13624565466270258,-0.019352386792191787,-0.10063387628769378,-0.2127556856285411,-0.0976305372134603,-0.2603408501534002,-0.2682869934849968,-0.01715044963183572,-0.280368041481434,-0.08189204722132443,-0.20680084083478212,-0.06093164107572779,0.05404683908450904,0.07566550700166703,-0.054671279651991714,0.02929915719979342,0.1732503930819086,0.13172826660874148,-0.12170997732510347,0.0702465424657051,-0.269024685994534,0.022979537573108555,-0.09578316330128396,-0.0626318007661628,-0.18373248369580983,-0.06994731925881499,0.12669864341622505,0.02840031479230274,0.10558563522435029,0.07172663497242701,0.027348485414734638,-0.1627933308572511,-0.037454008145452584,-0.08455275747636451,0.21630176409202376,0.13170938413206085,0.12106242363117019,-0.10935996040566112,0.1155275518703817,-0.04396821676427189,-0.011192197116909105,-0.02011333408459913,0.08514393766086982,-0.0578806387256739,0.06355144377002767,-0.003576338916517307,-0.009730134314245633,-0.12971135210648457,-0.20117989926604074,0.03215272697082683,-0.06441580549757162,-0.3146887031010713,0.17434675542181124,-0.005100977734664716,0.19853640420556204,0.11568838208043285,-0.006727101263599077,0.08093077412307698,0.13154160149745586,0.0927913835134945,-0.13490668039778056,0.06627420747220905,0.036031480404778146,0.0031457604926907667,-0.143224634979183,-0.08007683020743954,-0.14245761542649144,-0.03472515612035643
-0.08472860816464707,0.16306647531180704,-0.2025228364479844,0.025335099251599498,0.2590637238729547,0.2961363866514868,0.042275630834821526,0.5108798925115677,0.27528107878512037,1.0,-0.014122821358271155,0.16726805698162117,0.2552272344387421,0.3217129808014832,-0.04236404002161379,0.2130813416215277,-0.3030982254654066,-0.03648354718032382,-0.22266850853941317,0.06276236070228353,0.0036547535781092516,-0.06347052701356767,-0.13605191446056644,0.00995226358044646,-0.0735683126240051,-0.12146786299151177,-0.002396873240685511,-0.18564490503859973,-0.26566903000945247,-0.08683316670696845,-0.22854687626099865,-0.026736559433711008,-0.04268290215121634,0.07006696267322632,0.2955499214258001,0.21729144408851664,-0.1748604188304881,-0.2112793128088556,0.020326092709403675,-0.07319554691962665,-0.16853441590046958,-0.035190990172942846,-0.1445340053046005,-0.1430381042958691,0.03202069561299553,0.2608822598870738,-0.029910070090633085,-0.009206741901681439,-0.23011902466152864,0.18553534103446453,-0.20600292200118214,-0.11582001220342608,-0.2033257971776155,-0.21576089284072628,-0.27778075198850327,-0.19684189386032724,-0.25357613499668413,-0.2198739781723123,-0.010011819776325122,0.046226690364045815,-0.005287605593905693,0.25838150299507506,0.1950502446833529,-0.10759829117330379,0.17445185425661572,0.3926699318971423,-0.08033380266279531,-0.02128267655184479,-0.2968181001502566,-0.07850069697263752,-0.017364451911362187,-0.03652459951174113,-0.22122482710207228,-0.11089595384191793,0.1164467058336288,0.015526406459533439,0.1864766057142423,0.0902983365326486,-0.2145667569180721,-0.08427900312721046,-0.31438168736751426,-0.08257258621940912,0.1338006690061368,0.15539315746511623,0.06761364935315797,-0.1872917534988528,-0.03062416213982559,-0.02893261284323522,0.1330903334146021,-0.04308009862816642,0.27634180607989367,0.14121359900258634,0.49100596683097186,0.2439958463720373,0.0042817282012756145,-0.34294029918443686,-0.20694610342932016,-0.16598011374021707,-0.09147531152657279,-0.10541730712472269,0.5252550746579093,-0.017703312867016374,0.3288222791020873,0.11599428133802565,0.048510339170082815,-0.0339660804898667,0.08416899325300599,-0.006904529803521137,-0.006852676171008479,0.01771671383385875,0.06565557817220623,0.0011964937925774554,-0.06341973279606411,-0.03968915313481055,-0.020499888231638157,-0.17083776084699534
0.4215790667987379,0.32596615353598013,0.09758885682503622,0.076690587788392,-0.21706316222692384,-0.32357147513881196,0.18193660727506014,0.0922485725204308,0.2008577886074505,-0.014122821358271155,1.0,0.41909054510979804,0.33494827777206315,0.2693541788917583,0.49792181344683745,0.1171259060375593,0.3102426466072799,0.21876642669791174,0.06846358740403395,-0.16535425217105196,0.07515199144826323,0.05283770106663786,0.21253003085834707,-0.2924505545509391,-0.18063051450353976,-0.18642508437726893,-0.037912720364237415,-0.05979848594493553,0.05854896077870011,-0.03031458545552067,-0.2804598408088452,-0.16295365004189893,0.2284024455973308,0.14146906883788418,0.09170342880008353,-0.026205184480530087,-0.10862013808590894,-0.13494857506203684,-0.028038786916144167,-0.25996826739625123,0.1176193776377191,-0.0695758941773412,-0.18226673612533378,-0.30871067481735975,-0.3230254864434316,-0.2598616694958155,-0.2658734015348328,-0.2633990986029816,-0.10362268451289684,-0.3922499772604094,-0.01135447492713656,-0.12402314051754437,0.07097971552124058,-0.1159621360932081,-0.012592783644794742,-0.21801721312751085,-0.01990490948045691,0.1526182840273837,0.26533059978808243,-0.029584630594867115,0.353809699841256,0.3668968726137828,0.20513548392874095,0.3780945520181408,0.314398487914773,0.3872802029965707,-0.29488494793535047,-0.3063226537091936,-0.10219789236315717,-0.2180368304474167,-0.08972619697594379,-0.2203381499074118,-0.06029041752225638,-0.0896225547004606,0.2076744473697616,0.2727581939931824,0.06814311804793058,-0.15650626677036059,-0.007825528972249392,0.04219312267603768,0.14228266872642772,0.054261764591157606,0.4426847664607024,0.12060910117104436,0.49488164377269905,0.3338342801060794,0.3029452825426974,0.2629903493802793,0.217500817215272,0.3038988979210162,-0.42761654458134324,-0.3989728625870634,-0.19634427552221773,-0.35263454348500034,0.0695584776830991,-0.030194523440744643,-0.061218946740473644,-0.1450393860150716,-0.2771024525438635,-0.2265043379467806,-0.2942475460926395,-0.2377882236941549,-0.34402425290256433,-0.26474827220000385,-0.3355675000408996,-0.010642802626872342,-0.13420151363187013,-0.06724744795384979,0.05057882939420269,-0.05604113981658702,-0.3899494941029044,-0.13326893316147959,-0.2303534382580919,-0.17688376031184885,0.1430528128527885,0.18696561353026897
0.45796645340664466,0.37970666268070735,0.07064345618211107,0.20172401846713,-0.22093503101730702,-0.10298220247060876,0.06187450370969809,0.19214333737521147,-0.011407724507022541,0.16726805698162117,0.41909054510979804,1.0,0.20528224565090586,0.38720798987165145,0.43354623691401684,0.27044548748868696,0.22744309784838512,0.24713679483277196,0.11704539625652528,-0.23037646338931334,0.01943075053861844,0.09893920849530122,0.17863284813271146,-0.13015592549849522,-0.04507644275000631,0.016418237734917303,-0.01937587660081201,-0.01835152792284305,-0.012413398580134896,0.11759538400304033,-0.21252928800133672,0.006584763739792173,-0.07706907755223874,0.03633112113822347,0.01474261886930257,-0.0007095784901872687,0.15994842134644152,-0.10757351124047934,-0.06302798430409465,-0.10287035081087031,0.036695872051890205,-0.3243726371030253,-0.3031862947720957,-0.346140928530791,-0.33470742637020057,-0.2959174623158278,-0.3166267043056975,-0.2672858420641494,0.02610544971625244,-0.30488900611671654,0.05515523928448385,0.0005400368503843086,0.011546184381569196,-0.11316175815050944,-0.09022711272456646,-0.16563702291169813,0.03913197567552907,0.08839574136922161,0.12981003361963392,-0.18490828080983587,0.18562735851430037,0.3025805995776877,0.08357140913018886,0.27887794131282034,0.09323507592467355,0.44450787856101065,-0.2619986846609004,-0.42999404040193134,-0.13135003381236993,-0.20279412804174685,-0.1704412969643571,-0.183450762531135,-0.07406684322221338,-0.07106266410619523,0.15358978566219825,0.23475589185296367,0.18613703721905994,-0.03237206357048226,-0.1487145073639776,-0.006599709077278522,0.13662091965564274,-0.06622581576594777,0.13449632681446513,0.1847217178570786,0.22578634474966994,0.23414158278437625,0.010795939258791274,0.21058663743180095,0.133746737641958,0.052949672202629,-0.3704923328129402,-0.2603233726643863,-0.14975437290421909,-0.21815738737874663,-0.11360308992028001,0.029835742551074018,0.019985385515111944,-0.08172102503808966,-0.30438459553256925,-0.007890860828239003,-0.15004938127177805,-0.2660966354652969,-0.29557533427808724,-0.1297887023021879,-0.2379234632947788,-0.16879746416396346,0.053258656182621475,-0.022066424291879497,0.0776058811404882,-0.16739350688447222,-0.2844811463410795,-0.056669558907483764,0.09388781676291531,0.0329253098922181,0.06345543681017492,-0.009881166933454756
0.08845824495615275,0.41778319132964126,0.04240291650516392,-0.017794154492540872,-0.04646456735304092,-0.3304171959458999,0.5495619705970505,0.27527727607765917,0.2802311161122683,0.2552272344387421,0.33494827777206315,0.20528224565090586,1.0,0.3915714484386472,0.26912285167671984,0.2548291472499827,0.008433670221889936,0.11694829332802187,0.1424649837670971,0.02343267927610186,0.03393980339841543,0.025353151190934627,0.042365275543262734,-0.14220376313977723,0.018497877867990897,-0.16592628222215172,-0.03174677980635921,-0.16958942102121843,0.15474667597500702,-0.05016751526821603,-0.02057764824682081,0.005905193404032531,-0.042746200548869163,0.22891546383089303,0.25464118229836213,0.0359733063378881,-0.1345710415292688,-0.21087976779113843,0.040883558016280866,-0.3285142336061681,-0.07039870450570127,-0.13409098224409882,-0.15782379383516595,-0.278375080187975,-0.18113585958263095,-0.009338382331932035,-0.3106820986432453,-0.20999748759589423,-0.2196546823060132,-0.24253917337878117,-0.22197392082447334,-0.38529057095815095,-0.27463404997653196,-0.32671171296128426,-0.37050336089513003,-0.38947621851030884,-0.12072086056098291,-0.016966445324872813,0.04786026251109459,-0.2595792717916189,0.5561682197069865,0.2451551724855157,0.4061502916649027,0.18525451644974714,0.4304344298361863,0.10962129188275958,-0.20834000278096493,-0.32579015879137707,-0.17502607265309691,-0.16241864629614824,0.049019551443288095,-0.21687618638303027,-0.023388145154077365,-0.03718737819342602,0.14865343413935383,0.1960922214998083,0.1527075797603889,0.025603135670446215,-0.058978294742715376,-0.13554456315312952,0.10546761683259877,0.04923885609881275,0.3068256443779385,0.17477846131989283,0.24785901176765515,0.060805343817924046,0.09428353727804505,-0.001816649678555127,0.1732682327763345,-0.01940070957095687,-0.15127981961077602,-0.119200869772018,0.06639578521642941,0.038342224704542745,0.010597915238579272,-0.09739599714709637,-0.3080074138825784,-0.19488324671267107,-0.3927238093753739,-0.20250412720464903,0.10650787775465995,-0.015520743938570895,-0.08656821872302531,-0.01214676081216699,-0.10150651426777711,0.03464018426450297,-0.04910407700889787,0.18081595228756914,-0.1624506932981562,-0.06635698865571306,-0.27102735612558176,-0.2538804289377199,-0.05879429292684056,-0.048479033578167,0.1329281110982643,-0.010635951007858585
0.3434469300882374,0.44735966817700873,-0.18015479522771116,-0.15111406667075986,-0.04782833494210547,-0.3586752501141099,0.018742008958612225,0.24049863450658043,0.15360021972275814,0.3217129808014832,0.2693541788917583,0.38720798987165145,0.3915714484386472,1.0,0.04138315460084585,0.34400775909964054,0.11636802311424896,0.40108315865100924,0.02147810366270431,0.04222093995256865,-0.09406040134885092,-0.03879997245246481,-0.22427323146855987,-0.2748003636106235,-0.39822704199327374,-0.5159219479004687,-0.42965726691058254,-0.5619873895448937,0.07991785820265868,0.2560265290121773,-0.20040767546679455,-0.08697251000813272,-0.1663394153039574,0.30105991519234904,0.02491385957310561,-0.23285316119545005,0.09522545489048939,-0.07248693628746274,-0.16525901925000896,-0.18073983809402921,0.05872393440373826,-0.16106510507190533,-0.2311637597926246,-0.23525964191761367,-0.10023587839189134,-0.03638873875010769,-0.22020577076861106,-0.12973838134725954,0.016192811476165404,-0.02124643468985201,-0.09023260551319512,0.022293264439610404,-0.05278402355926549,-0.19919061856907694,-0.16595263683757672,-0.16911005701816081,-0.06050380627914002,-0.1552644569106995,0.16249157051928817,-0.11651472761493926,0.35266151800497014,0.6229338253445784,0.213798927536104,0.46520037761270167,0.026037554486291973,0.44531606746729335,-0.16697156103356456,-0.3433914715165576,-0.19275438470494188,-0.2954086759177183,-0.16287032188911912,-0.19950103356682167,-0.023988090058379867,-0.17898039704661875,0.10209530579768618,0.11092181339568831,0.09876923381120171,0.09522742862066033,-0.10715822570934432,0.03379621637170925,0.07120472193729681,-0.02501500222233312,-0.04927636511050444,0.16718531848462603,0.11381395528595571,0.18026720172095248,-0.10295743766629942,0.1191007291891053,0.06696599379359934,0.044408205212500634,-0.1606599126706981,-0.20181468937075725,-0.010748331400842782,-0.15901443475429214,-0.17161259719078778,-0.06420862672463824,-0.23004402113435293,-0.16664268448405253,-0.2885638067194455,0.11849367517008252,-0.043465422128117485,-0.08406977123378763,-0.15807761008941343,-0.1313439592485728,-0.19731606973161508,-0.0568322413271652,-0.07868507847244346,-0.046049473188507585,-0.12659949518097405,-0.10602694067341595,-0.31309127105615675,0.021139906542669958,0.0109153138288227,0.049512710853033035,0.0815735408635433,0.11063245119766901
0.3282746896472042,0.20621928019869992,0.5080841942407602,0.24962783494555937,-0.18419247990331636,-0.008608035044876377,0.2782339912411193,0.046393974791345396,0.1792897009941411,-0.04236404002161379,0.49792181344683745,0.43354623691401684,0.26912285167671984,0.04138315460084585,1.0,0.2760516574851824,0.24139513288578687,0.05623577183027529,0.19315156080118406,-0.12205934010270769,-0.0012557191514879888,-0.06493161124532333,0.5382241095995295,-0.030429640494474164,0.10640156308446667,0.1909987382187139,0.24458352217593704,0.2916467835566702,0.11120464057262586,-0.1311323869530046,-0.004751342381933811,-0.04024479837832214,0.09342162548064702,-0.04846873803788852,0.016866524095424332,-0.032403078530885296,-0.016432821284495223,-0.18463782733248846,0.01910205332686734,-0.12881720855867917,0.009572512308421101,-0.149532241223474,-0.19795277379622198,-0.37027698778832957,-0.5122364435560272,-0.48514805195502736,-0.32639051100049776,-0.42581908443295624,-0.06599716647002485,-0.4456323558561766,-0.012571952528888073,-0.12553017691271043,0.036623961509882265,-0.07099323854323218,-0.08964359884807013,-0.28811305594712977,0.022759641862450185,0.1644599736453408,0.12959072452520673,-0.054595675656965666,0.3048569999183529,0.06761172814767505,0.02054469383300708,0.05815504518197236,0.14441491166253134,0.08653323466167072,-0.25142483782964187,-0.3575387986609987,-0.09970011505859845,-0.0016187624010270381,0.08876473749287382,-0.12424279422622556,-0.0045972767185938675,0.07589447597911994,0.03613935290741918,0.17523106256095078,-0.02453719458400187,-0.09485771809826544,-0.03386971864892213,-0.05389979202131399,0.21392206722805807,-0.0016487522029467907,0.5322540458790413,0.12897115065695866,0.23441077705273292,0.11031654868150004,0.15738829999481643,0.11240215623115873,0.18621910633964953,0.13640925810694712,-0.23427725116218082,-0.07469664305964904,-0.08902602262892427,0.022917535334078566,-0.007864111056327415,-0.031187948641802476,-0.2175221725669951,-0.08223960797158751,-0.28056949650582397,-0.2615079696292678,-0.2557300963541641,-0.16480191520247595,-0.21974398364515957,-0.18788751689358674,-0.3193341233401172,-0.15923130834087462,-0.08030783102990659,0.17278282884877333,-0.014397302661172584,-0.02715760283029095,-0.38732290614814424,-0.1235532202688475,-0.22878341102467234,-0.11053378958955043,0.0530590020301256,0.05710739973830941
-0.06646038199613903,0.09586522618358682,-0.05448108568869517,0.20891427293262477,-0.041356923258817305,-0.1629799917875942,0.053708945109780665,0.01954827469768921,-0.035909362242452475,0.2130813416215277,0.1171259060375593,0.27044548748868696,0.2548291472499827,0.34400775909964054,0.2760516574851824,1.0,-0.012100652262758919,0.11581733133411205,0.19759158163797125,0.15854409375520725,-0.14444422558487346,0.14116320708619595,0.3219384423820561,0.14808900644166245,-0.02060865240278447,-0.1170829535329087,-0.1712344830542909,-0.1623348560917146,0.3889984296503086,0.3472526907257236,0.038431115628543996,0.1011397272957184,-0.34376597637234585,-0.0678525167090309,0.04591711902443651,-0.1390794519142546,0.21130477428202882,0.14445823308398423,0.22420020494886211,0.07041367631240487,0.155312485600154,0.047450549257361606,-0.19683790297719858,-0.2867187874173907,-0.1655732769621958,-0.16549849886357584,-0.18419761784139485,-0.25644657474020294,-0.11020566355198022,-0.07112280922850334,-0.20627117525647196,-0.1916925403848888,-0.24063016515517108,-0.22948788410230647,-0.0735633735204105,-0.1276544326705996,-0.32695742101414554,-0.3420912373624442,-0.12531237875937867,-0.079435997653954,0.009080086598336416,0.17939426932317357,0.11431274205294266,0.13372689651175712,0.07002743602056988,0.08648934614249014,-0.141913503046949,-0.22306727811703211,-0.28361353286735075,-0.11681045221946233,-0.06370332687355088,-0.07968940992830352,-0.00027341971766938345,-0.1328054619405581,-0.10709868112529908,-0.09031890279014783,-0.0447457583440412,0.006897080125718216,-0.3161365816707777,-0.04037226605713096,0.12323021319952025,0.016330569050645168,0.3331388856017738,0.5417604729278401,0.003262242440308539,0.1276643462197558,0.001965216371092139,0.09539750987076649,0.1979922817154217,0.13374098654449568,0.0910386229271506,0.03378931869276704,0.2033267552159171,0.07428676268170482,-0.09014749635126856,-0.022022729794434686,-0.22229136921825968,-0.11911391195313134,-0.22952338034877812,-0.07875319839573386,0.06267621157845123,-0.17266714336577246,-0.06977199435739578,-0.10104799353191181,-0.02116864056037865,-0.030889167085522484,-0.1321815691519012,0.05474111912218633,-0.23590470387551088,-0.03038448715098188,-0.2368048238630274,-0.06901773117717357,-0.05796875504178091,0.10943453600224884,0.09799250926459983,-0.08343485466559655
0.5117804974296818,0.20079866073253894,-0.020269378295350186,-0.05657863388311537,-0.39144168144523855,-0.2688646610925625,-0.14155818970033374,-0.18962299154389853,-0.20825430691385563,-0.3030982254654066,0.3102426466072799,0.22744309784838512,0.008433670221889936,0.11636802311424896,0.24139513288578687,-0.012100652262758919,1.0,0.38688010290218783,0.07502083708893557,0.02885012509595884,-0.17260435893253032,-0.1042536538649172,-0.029063303338143477,-0.2735916656705954,-0.35166276572394706,-0.17948455586073675,-0.16005198340185792,0.05559435741417466,0.40679281684542506,0.19616983092759024,-0.12897123505988162,-0.25299245132854936,0.24972322096776348,0.2178860801974389,-0.26147313865563504,-0.08133418933605899,0.30009613771668764,0.18229024815339312,-0.19161652134631105,0.04358237391664664,0.1638946128621388,0.0816388719042431,-0.24251325480542985,-0.21197816466246228,-0.22865359920325287,-0.2818414691752178,-0.30996861484534544,-0.17869686474045135,-0.15079958765755486,-0.2835709940883945,-0.2600839093714421,-0.15331938474855153,0.11007323706465236,-0.06701245868145347,-0.03572598627242899,-0.049221542857891404,0.5708048236062867,0.4500282062048641,0.3711007940806766,-0.0380987733167026,0.2430107541321327,0.08836491844573754,0.10092436784727482,0.2871105586594829,-0.2420875258402218,0.08222805382044093,-0.14916007463938594,-0.3197145025030882,0.33413990219520623,-0.04120160225459765,0.02954067571741524,-0.10879489894405166,0.35180629576959543,0.004280411845118872,-0.1707061696888277,0.07153168074852571,-0.1133693350431987,-0.1842344140581022,0.4141081160563295,0.27383310900728436,0.5289326635949816,0.36185579400537643,-0.030429124945940963,-0.10997425399484684,0.17167396491864625,0.2500687638582429,-0.0025257556033712503,0.17794675650970485,0.06598008021940222,0.1289080722786997,-0.42286747413263126,-0.3554794077980833,-0.35348076267297684,-0.3282554250166109,-0.09002150801140624,0.07722430329046767,-0.16714768563840174,-0.1573878927347602,-0.14769960146713385,0.13427397494354518,-0.33857973130382607,-0.10780756146339561,-0.45530377123421556,-0.2915535543901838,-0.22347326206059923,-0.2567180052999378,-0.21426307183194693,-0.08798400693397337,-0.00473785852759232,-0.20413432728381653,-0.3639749759336637,0.0963658096998909,0.05554501982047769,-0.08398850596460883,-0.04323148956464861,0.1210083885801322
