1.0,0.6411046194912241,0.006455949350463099,-0.10214546553543097,0.013819947663040002,0.1212715320925718,0.037979745425006324,0.13535154618071085,0.09902045809681427,0.08166639046968631,0.5214092054203125,0.48418860818116943,0.5362083883587763,0.4470959512172047,0.3845396487004854,0.2954257483443552,0.46487708641381414,0.449585559597756,0.09471874662126611,-0.1239225068394305,0.13918621114840665,0.07557554298190261,-0.15745661757715226,-0.4769737141470822,-0.2668843002293335,-0.2204215494106491,0.1853864854854741,0.022432295262682322,0.3615014323071116,0.21494527767244384,-0.08082107627582803,-0.23035712597066776,0.1969994117621249,0.3627954010112059,0.24238853096956248,0.02966207898097874,0.1518445943283942,-0.07997492318663249,-0.019973952481209582,-0.3097654383482028,0.12657882829534728,-0.162223604914067,-0.44724187707257007,-0.21936686722214307,-0.04454537730675975,-0.06660532723069633,-0.43318806684703987,-0.333860608817261,-0.01761184961161868,0.10353035076721068,-0.334530352440416,-0.3102126262151091,-0.5180311375274774,-0.39869691129115303,-0.24741177787872104,-0.25865126490932405,0.6603920660470204,0.5140388719016742,0.4724340317082618,-0.01890063230476819,0.6949923269354183,0.47861485539277354,0.5354745410850217,0.5355526872005105,0.3830454712328352,0.06676390141292628,0.0442839333023654,-0.29638671401578515,0.10000777128865618,-0.169622147328171,-0.09816949292712464,-0.16152697953707315,0.26747398783637943,-0.16470918322888528,0.04012297068689218,-0.12381837012234838,-0.2338384140826115,-0.20164299549637427,0.15691560663131288,0.13983278583503334,0.29585043061906213,0.32287406331119906,0.32674401639318496,0.22664216400808804,0.3157118630590658,0.17721720546207068,0.1609224292577856,0.05741155000556453,0.26333404982161984,-0.1746835801130471,-0.6656582227874088,-0.608948532940573,-0.32585199293999423,-0.5521739216531572,-0.2689202818898575,-0.26447149836257106,-0.30221190667092473,-0.16078028760067295,-0.3284094159108055,-0.34386171760234746,-0.22152990174622894,-0.48827412355622773,-0.39151254179130074,-0.5098995107080072,-0.3891519199441834,-0.32530740458152,0.1556068026950168,0.020247857249746582,-0.3025786542983046,0.012754367447436594,-0.18367316874765638,-0.27893795191787557,-0.13948341758411173,-0.07373210280821808,0.06929185680000621,-0.05391689857700996
0.6411046194912241,1.0,-0.0004929049790776321,-0.06292549608226829,0.06042339301018772,0.21206478514062166,-0.11936788335617086,0.19172552784924374,0.05987934080463633,0.11511362950732174,0.36154428595709176,0.5513303252552818,0.2990718238445929,0.4512360494350914,0.28702738545096473,0.1469956126234144,0.36442754887261763,0.5174452300234519,0.12061918507938309,0.03346549684052582,0.05679644858567618,-0.16347609789443296,-0.10191531637413342,-0.4224035256381844,-0.05371086964705814,-0.04112306006063263,0.22646025858834365,0.1124543469276676,0.09901678063520249,-0.021448353470976747,-0.15055808640619878,-0.2683677944520313,0.25612286037409926,0.4792897692802438,0.28813278873539266,0.24355212305864088,-0.14172665620912786,-0.31563011372444577,-0.23002242324772298,-0.312522999540534,-0.1401088192212155,-0.25293361283202914,-0.3684303553782213,-0.1854140400175965,0.16778615919571385,0.1705183717855444,-0.3720369538329813,-0.2329602670417741,0.02983086953149635,0.19047134975062088,-0.2579859513224421,-0.2517122963709028,-0.5591982140082782,-0.4912858808342273,-0.3603131018025913,-0.355988373985132,0.6345531833791969,0.7370548641674779,0.5317896746781524,0.13338424919449274,0.4947214928766474,0.574222298759176,0.31205508463889137,0.4804777448407154,0.15244422281709402,0.05070350997329219,0.09441449688546359,-0.040995362161946866,0.2901736464246117,0.22698368264941052,-0.1607572208268553,-0.05621667858082731,0.040056493194973085,-0.33638302724501956,-0.13333690246996294,-0.22245515441840505,-0.4733228000490908,-0.34574209159446645,0.07224730896590488,0.08870169171422633,0.2798399631379575,0.36279874759480013,0.2420109414588011,0.1219099564915966,0.4444316181602113,0.19496216727733334,0.17022039139499573,0.022574185612104985,0.32600576094848505,-0.2787720881934944,-0.5767939123934522,-0.5974144306514395,-0.27539390233204897,-0.4846377629718066,-0.43789210470312995,-0.35640090670984614,-0.2605393062712075,-0.2967356900554064,-0.2520246691000022,-0.4306879266804203,-0.2403270056808455,-0.28374291246136585,-0.3561750064534601,-0.5208519015144174,-0.5342816261848516,-0.5571865075511544,0.12300394583999434,-0.06205308465946722,-0.2852881233983292,-0.08348504225753693,-0.10432923706452074,-0.26083721704071694,-0.03264417743448147,-0.04803388369328089,-0.08218652909763668,-0.1740028796056684
0.006455949350463099,-0.0004929049790776321,1.0,0.37210398568110103,0.32131483687368073,0.4114992052661341,0.21009971115197895,0.2343691909836852,0.20595427301575076,0.28605069476096573,-0.0030321697457730765,-0.16229655734655254,-0.10979557895748591,-0.030889511621986297,0.07413631168678636,0.19124895100255904,-0.1043403418287917,-0.1933938417604575,0.3774910596157732,0.12380873258345283,0.14742284746073112,0.28441929512889547,0.5941695483143321,-0.021648821690224175,0.4124738615983831,0.3625586970096068,0.40206151047750627,0.3761534890447849,0.049280363443982546,-0.11053540928284943,0.291887380087739,0.17721308711187878,0.1245999157437518,0.18677253002426647,-0.06670770364771786,-0.16140236083003642,0.10455405847806211,-0.3753247790602036,0.19175322581885212,0.00449363333183461,0.05609245603672602,-0.36693142783379107,0.2177358444923205,0.1723569091429439,-0.07804885487211305,-0.20998917732517935,0.13393513933145454,0.1649931949589371,-0.17366304646287994,-0.2774607488336253,-0.1366723359362133,0.03701948661892021,-0.032863434769996355,0.10330837905581441,-0.15778653194523132,-0.22425539797023133,-0.08404534467046046,-0.13527919867733068,-0.17164170750919708,-0.3109970548464395,0.0018319991417842273,-0.17400908306556967,-0.04803889069592909,0.046384583117111425,-0.29154988586261943,-0.19271087411639767,0.10268284505445632,0.03456662030080049,-0.0684011802584569,0.05357503638232263,0.33192249486681835,0.1656059892276298,-0.12031994982049515,-0.005013462973257113,-0.12824652865935168,0.010472460194634933,-0.031533638324240665,-0.0013729814056522903,-0.08067974200619621,-0.03435124537400667,0.002856682276795108,-0.024129095794292555,0.2313971658908771,0.02217262425996226,0.15425609527198722,-0.22944300007589,-0.262995896387636,-0.20415210626536393,0.17095495285363216,-0.2839034757858333,-0.20714420803253772,-0.058203335801842115,-0.30046169462741734,-0.10923283268696088,0.06741692343060181,-0.04987387034067464,0.02626820384306925,0.04885524878404546,0.00248872232815398,0.0006117356593021935,-0.23034569559774204,-0.20278912752212588,-0.3736551204099615,-0.09754060912111555,-0.08607571292114323,-0.01089652294738813,0.0432413587205301,0.19487053888929695,0.05523222831721176,0.05182518471536217,0.030537522317697158,0.1689729564049762,0.06093436868191148,-0.1378132196242796,0.09772092571763143,0.038350294252655896
-0.10214546553543097,-0.06292549608226829,0.37210398568110103,1.0,0.2603787023538294,0.20396057328678213,-0.0674575487532283,0.4772781780779793,0.16497335084255954,0.23823632992369997,0.13769280139706114,0.0834804080440836,-0.044821362448598696,0.08045779016469103,0.060512603867109216,0.3475063065852991,-0.12188975351723143,-0.09720829074437397,0.4033362202200693,0.12761229016486983,0.049399063981953914,0.16191149107184857,0.5807701190419416,0.5005536438685778,0.2846092155547908,0.521476379196388,0.18619495815981676,0.3075972381310847,0.0636691098315644,-0.06393072173286407,0.39075974335948505,0.5587801751202119,-0.2891827864029177,0.026742236062494616,-0.19222363307001455,-0.288975148005626,-0.11309253424576589,-0.0710436512326951,0.08107824830069232,0.07553481829121542,0.03177529289095625,-0.10447776436766648,0.11293045566796842,-0.07180079856634476,-0.25632611326785826,-0.23093102662869433,-0.20421524476963987,-0.1818334642841509,-0.2686393254330281,-0.4078684246473537,-0.014653253532573145,-0.06710674875404339,0.09512738283416564,0.10269550145338724,-0.0449762000725279,-0.19328531648540004,-0.224866828482898,-0.2816865277757658,-0.3282164238392939,-0.29663036701002987,-0.14139369880461516,-0.14315088573585405,-0.055662486892412336,-0.25666996142451964,-0.00798874700825963,0.11916681077228264,-0.19925641472450945,-0.040491495531917596,-0.08950039586643814,-0.06915309344619432,0.4007307339101751,0.20286298389828988,-0.14454093768555631,0.021149180251682307,-0.042803340416822544,0.21930560195870177,0.11326769564914778,0.2604188990207958,-0.2226098897182271,-0.1576807516132255,-0.06645421040875729,-0.24408957673379889,0.25882711792561214,0.1597867186725883,0.006371194007894485,-0.1829575612605662,-0.08489999812496037,-0.15891789831152892,0.037205643519644255,-0.09286793800946706,0.014351148893487225,0.07683415461494116,0.04563395753131645,-0.05036076568624766,0.011666373143809208,0.017269630420526146,-0.13328449881519136,-0.20188244260925808,-0.2296017643774031,-0.08050318289376662,-0.07962712445409023,-0.0675992089821821,-0.17671906253146952,0.001548737303162188,-0.03532994515514952,0.005984015064143541,-0.15536732726590685,0.0008322740126763666,0.037491085551177264,-0.033072431017980894,-0.0697588551294697,-0.12099240721443619,-0.2678131282642517,-0.12355905439703804,-0.009624294780028814,0.06653427964847292
0.013819947663040002,0.06042339301018772,0.32131483687368073,0.2603787023538294,1.0,0.7351083694943262,0.18957316341331956,0.16669189507703636,0.6658743891261801,0.7850100199936465,0.2636628803133247,0.07523215848436678,0.16918874633459774,0.3461441631178051,0.4287020566696642,0.5907064383140265,0.135898709225422,0.027321447201537875,0.33017296734328483,0.20863564772831805,0.2851878290012539,0.3296579436532783,0.3553533633531381,0.03752012623175225,0.4945509984524828,0.39852436786184686,0.7396302243825608,0.6012450668137806,0.2540662486494534,-0.09193522614519369,0.041848016126894164,0.1887506676305864,0.24104760349373394,0.22385599400445086,0.010462235459026163,-0.12541437969134286,0.06706702199081549,-0.38261381303922926,0.08465993030922773,-0.060695562254740404,-0.0004575441387559393,-0.41573303564513914,0.09106475015001513,-0.029464081783434428,-0.15054560221357818,-0.21622567870600806,-0.08431761204502727,-0.05501028995730374,-0.32891255484984705,-0.39978487514886585,-0.26523913559617873,-0.061238178752162815,-0.03936831085586145,-0.009484761794422033,-0.28847970814614293,-0.4831388995235812,0.09230617290343938,-0.10122125657609037,-0.04064807625231273,-0.34011275298079047,0.25507367644878726,0.16942919952833504,0.2959042614508386,0.1860161308160177,-0.011571905957966672,-0.08113676810682142,0.06851345499450627,-0.11785353755794999,-0.13170918256980144,0.15229317656620914,0.079406954060568,-0.05121150224336605,-0.0024846973567054487,-0.2827887405739852,-0.2313303129792864,-0.06645449754047601,-0.11055200596717366,-0.26033959270631274,-0.02713910184856434,-0.10005104031846829,0.2107906106540432,-0.050909983094199404,0.4306772824654569,0.40852145657263217,0.06628797277359767,-0.22619093295868026,-0.4672645995011892,-0.29489173674915947,0.18845503883307893,-0.46263203207310044,-0.14600683377394608,-0.20729336075389598,-0.12286183360284146,-0.3635033498657083,-0.11350228327274937,-0.2018448803053113,-0.011318560606867475,-0.2637234150703855,-0.017116736239381765,-0.2627932278376838,-0.26463421153925076,-0.3665264617747814,-0.46010988147400655,-0.3552498209460168,-0.15037548699591002,-0.04785777883672643,0.03874459506698962,0.10689353417938574,-0.06163104564472141,0.06306375767493845,-0.08455442578038395,-0.030940476656796632,-0.3001848353475969,-0.2229287132780751,-0.13330955282464685,-0.06773001459314189
0.1212715320925718,0.21206478514062166,0.4114992052661341,0.20396057328678213,0.7351083694943262,1.0,0.13463272418318326,0.12124935350495465,0.5606385948012635,0.6783563275716015,0.22707595270025513,0.027145957809314353,0.08071409690049121,0.16912021411134093,0.4285946443788365,0.48718044085966794,0.13664689426461513,0.05853030703744644,0.26967809325537284,0.3256429267561766,0.3546846143843853,0.4043217814241056,0.393645074568282,0.0021367350664951877,0.5483841714197644,0.533990792966781,0.8015562106344699,0.7874781811341062,0.1647900107191388,-0.19558653865864978,0.08046947640785215,0.1507332437532339,0.281129289214125,0.4312007581546736,0.019668563153353052,-0.05254464719907351,0.08187821239343955,-0.5277462626674937,0.055224158647479746,-0.09247487312209678,-0.03662972826321231,-0.43749798822766167,0.02960900483195595,-0.023866239312839245,0.04303171297917028,0.016925336808883775,-0.014901911646440997,-0.02840656467581738,-0.3653019543669401,-0.2921617795962038,-0.2672157647316842,-0.2057647789718276,-0.22460809173647678,-0.14185164001013692,-0.37052201023699044,-0.558575526889301,0.2815380030729871,0.1380012997187812,0.047809386009369036,-0.2632683758110167,0.31200513784845013,0.13556523680849858,0.2409897168799955,0.29335093079457203,-0.11321578468202957,-0.1440865748550827,0.18893253519961023,0.10039754812258792,-0.005716331555663216,0.2772462891994855,0.0869626826096799,-0.0031702697015721626,-0.09801714750164651,-0.3565846948974862,-0.3341691789807364,-0.15480301003588465,-0.3202674018066789,-0.33031441293704755,0.05083622009886917,-0.020040922253319174,0.36326297174124506,0.09777657121255762,0.43780602603721797,0.39749492358787025,0.29971649662749017,-0.1424586348937039,-0.3388368669904997,-0.2554199248241248,0.3158498584480234,-0.41263635389583236,-0.24834998720050916,-0.35172484567346934,-0.2570346764477998,-0.43481888879405917,-0.22658513013790849,-0.3646785674516566,-0.1439157660456439,-0.3471337505866677,0.039175954321509526,-0.36350663892326923,-0.36627185568351056,-0.3993654758703322,-0.5162515225485536,-0.5110977875585113,-0.2801443801617861,-0.31282261086596735,0.1663462014834658,0.003549392865094344,-0.14771262538357888,-0.06956196628151941,-0.1780639804697255,-0.09055922106702788,-0.19265007543667712,-0.3423898934931543,-0.151517562954529,-0.1713923235610618
0.037979745425006324,-0.11936788335617086,0.21009971115197895,-0.0674575487532283,0.18957316341331956,0.13463272418318326,1.0,0.17178287381997992,0.4108738864040998,0.23424299039883184,-0.10988980269112895,-0.08704441836332165,0.13991123205732361,0.11735077335478802,0.12318779095924205,0.20676285842918654,-0.16336593110007272,-0.1820852195190994,0.03130245524400739,-0.0061870253195282915,0.10538218983654705,0.09233308590643421,0.1320402988357921,-0.07280890099836856,0.12613017196472212,0.041055620716434205,0.19250663694350933,0.14550538389780238,0.09469566795739623,0.07409371851180262,0.029739585074088852,-0.015321831617140262,0.34864425785411113,0.10345276946393112,-0.0901139697110385,-0.09515428730537437,0.32560085201798855,-0.12341338050741728,0.23733989223863036,0.053722726948300575,0.16610378102170598,0.06645033197155076,-0.08534267227681193,-0.07266064213612022,-0.08436937963857154,-0.2557629599269652,-0.10070927477202286,-0.19823101738471494,0.10687701737727429,-0.08988947896255309,0.18033779181325335,0.08617486457767871,0.12520901761938766,-0.08597917738206966,0.026212280438577845,-0.19160490513919773,-0.22401626448298503,-0.23173321753295498,0.2624949390975139,-0.11102341735521024,0.21602526091759838,0.08105317398452472,-0.029581400752054544,0.019951234986943307,0.1506854185868826,0.03980445463413683,0.15279370734169226,-0.09945322541000078,-0.12423518588816929,-0.027899424990941307,0.14167983166248965,0.027402656789132392,0.14497827988317097,0.15731826838298082,0.1760189389682311,0.17009255614836086,0.09495770326335332,-0.17259819383574107,0.011409219666648231,0.006971475013737087,-0.046483680592917465,-0.015900763519224596,-0.0649374531263383,0.05931311680411011,0.06563566023607893,-0.17675236263270286,-0.27213337234469476,0.02616817530312429,0.21728669868128644,-0.09441910071860408,-0.12207185754598485,-0.0944119318531635,-0.049380553521565035,-0.04788775270040843,-0.2091999673788192,-0.26850916340977016,-0.01949633676914446,-0.16054360010593158,0.02605922876667414,-0.16267020050076447,-0.1852326590170454,-0.21007613129287453,-0.15266014963678204,-0.1864281959445534,-0.05891568923699154,-0.036329989842883076,-0.0703469750463535,0.03705548733904599,-0.041032728224887155,-0.1703700574647426,-0.2619571923483341,-0.09798107085903579,-0.1479154487686335,-0.03782740506444336,-0.1026149360127517,-0.07545448297718606
0.13535154618071085,0.19172552784924374,0.2343691909836852,0.4772781780779793,0.16669189507703636,0.12124935350495465,0.17178287381997992,1.0,0.13486046298254178,0.39545448009245204,0.13743131121939917,0.21904688216290014,0.030816325494490572,0.33997707841464336,0.06799323593575206,0.36450809342358703,-0.122505882389693,-0.1136181080657662,0.2702485233667614,-0.009757108415659639,-0.006042938351061382,-0.1029571751720528,0.31127420012513346,0.14762747319320926,0.2183732584487588,0.335887995402531,0.17919147521675943,0.0355286946255434,-0.04641775767856907,-0.03145560235087642,0.2306604514106947,0.22715184029727095,-0.16860957624758713,0.06056305054243944,-0.06288200792063198,-0.2082633679324081,-0.02541705339460084,-0.1429795031460198,0.02063614085809952,-0.11463264347362523,0.15965837842314834,-0.04355665714226359,-0.0403711966489999,-0.040886146747380316,-0.1059523008066439,-0.10812567943313076,-0.23909702543651018,-0.24671305446960615,0.010337666026107079,-0.0032242231162242273,0.07193836031607559,0.07902664144919105,-0.07382087585860021,-0.06463632393754304,-0.09578195805215486,-0.23986032576568314,-0.11837379729474458,-0.12442847835969949,0.07240382568738296,-0.06131566299399165,0.027096511386421773,0.20630645908774115,0.026872738299686658,-0.12610704352593913,0.008261775022458666,0.1432798994809644,-0.13131858727297446,-0.09836533262323334,-0.13111556609568162,0.03711507100507391,0.16378758477504973,0.1715708279171562,-0.08313917846422282,0.06529407721449484,0.010677718491107048,0.1100037707287491,0.0112084016604045,0.04273291230433736,-0.25973654031883375,-0.23148386533225185,-0.09490125620659715,-0.1905635472368415,0.1239490633652341,0.06604973853678867,0.03393487709158283,-0.027217368766465983,-0.11309240093781574,-0.11575142061975224,0.011695643232703789,-0.2587651091361042,-0.12295238206942569,-0.14545329666456208,-0.00526104761275552,-0.23326886059617108,-0.12776974145224004,-0.08321980162426078,-0.13153081716785195,-0.12304688873377236,-0.19928364295936096,-0.1709996915174914,-0.022366502793306268,-0.15763259081906325,-0.11428561774776268,-0.13038734299155777,-0.09722641812453617,-0.06254939357034034,0.05671276848935913,0.05396326161715938,-0.03667992920384035,-0.1269415322970376,-0.1839004257107378,-0.13902944170508494,-0.23234365677947122,-0.05452786646596182,-0.10056271075530827,-0.09136919004619916
0.09902045809681427,0.05987934080463633,0.20595427301575076,0.16497335084255954,0.6658743891261801,0.5606385948012635,0.4108738864040998,0.13486046298254178,1.0,0.6102980907918354,0.3906570712418543,0.0938401024811072,0.33037274059415866,0.2942552899970338,0.6446283584529465,0.42048521010501605,0.29544243339891507,0.07718355636799785,0.2540314231583618,0.25581174537843776,0.19898604350016497,0.2940728648574512,0.4101501775701046,0.084156633210143,0.2922417448833236,0.3285075009734203,0.5908383552407134,0.4984470121764957,0.3278807217561069,-0.07710824092283175,-0.1217161622409988,0.12570307360153707,0.20150206913603108,0.11223370082079978,4.221315097036143e-05,-0.2568918646226371,0.14464257474312406,-0.22667332323680478,0.1768979248394124,-0.042018907745622815,0.010393183318794274,-0.29169851454090967,-0.09079812513477327,-0.1436767024556826,-0.2727698980341004,-0.2922013599746827,-0.2663792894972633,-0.2043714558338358,-0.3333716372210357,-0.38078527825718606,-0.1100544211134208,-0.1917212500020665,-0.0811693063683,-0.07604125334260083,-0.2295502762835783,-0.44002477832308023,0.13127335829736408,-0.06767862992116282,0.011684778765874213,-0.3453510537299451,0.3075459312011126,0.06795232262347436,0.3396899381494566,0.17743066593121326,0.2741220611694769,-0.06068346137429577,-0.007990324028997835,-0.2460199758652701,-0.0934605443050605,0.05002422454373998,-0.010789841159399018,-0.20000910513227244,0.1037687302779147,-0.1662294509064444,-0.11052097525124802,-0.0007859811489588199,-0.07851561077139715,-0.20049359217064325,0.08416895150871535,-0.028007332118151814,0.3282358189251475,-0.00958175225973502,0.5045077942050311,0.3051019560388927,0.19722623361834613,-0.234357009505628,-0.19746576094074372,-0.1319918616121081,0.3084776023971234,-0.3483942108993214,-0.16639431231539215,-0.15062860126368235,-0.04980648253633063,-0.23088340694727155,-0.16508771152078355,-0.3108143188234594,-0.1299919125241809,-0.23635138910799325,-0.11747510516154247,-0.2225908779907062,-0.23579601654388813,-0.23663091629893307,-0.39804785673434,-0.3371095744306386,-0.07454630850786988,-0.04161329146688565,-0.08092605072375557,0.08260943372535336,-0.08497771529922049,-0.08595825678703417,-0.1882048971334469,-0.030397892864136765,-0.2508389834313143,-0.19226112459724898,-0.1842621929713755,0.020685678576311418
0.08166639046968631,0.11511362950732174,0.28605069476096573,0.23823632992369997,0.7850100199936465,0.6783563275716015,0.23424299039883184,0.39545448009245204,0.6102980907918354,1.0,0.24796993922430105,0.03847451319586906,0.16489996990604028,0.38979734360618346,0.37212481507924333,0.5334780587114875,0.1100739839940642,-0.013763406853085193,0.39440820711608354,0.15274718816403418,0.25581565514953775,0.26333925876117764,0.3712097191255829,-0.004719287425177374,0.5014933849274923,0.41058410746907137,0.7084184238460972,0.489093075535156,0.1787013061612703,-0.18391694660322672,0.07014441970712702,0.09117529885490536,0.2437174134874908,0.16629487268973975,0.13121105055816848,-0.06627021197145379,0.030315298807377586,-0.37652425301182824,0.1617284965884954,-0.11921496545624563,0.001156265720779497,-0.4299667044863544,-0.046959723664192474,-0.19247651127123802,-0.17036205347965136,-0.22597854748917245,-0.19556209568182406,-0.19780562626129486,-0.32932595232623657,-0.31925657588555995,-0.2817746690096079,-0.06882857339244647,-0.12561228119923337,-0.10007638250963623,-0.34040497206669074,-0.5796471184386549,0.10729160012623921,-0.0539219086579427,0.0816735972690241,-0.21169411696865287,0.2905128418301298,0.29454546482567406,0.2238197921661272,0.20262720199768605,-0.05706492815168151,-0.0759476205345932,0.04506434692823727,-0.08486406020962088,-0.07987810184030399,0.23500778272864997,-0.056354627185113325,0.004874567683375186,-0.17394423077450571,-0.31238953920340734,-0.3752021285076811,-0.19619920004452038,-0.23881244020036013,-0.354816575239183,-0.07182804706565848,-0.1792924205207927,0.14120914599891007,-0.09646067646104928,0.40266827134458477,0.3115267985505817,0.029365563376964096,-0.11643815839031169,-0.46476986003497056,-0.2365775154014169,0.25992308193465763,-0.4430346926080582,-0.044181493102538424,-0.1538100754492785,-0.03461846477293464,-0.2867691028185784,-0.15828181100335698,-0.20179477948326327,-0.07678513829571998,-0.21214167837168896,-0.06234071499252099,-0.22349274524225388,-0.18564292916690797,-0.2947862801009301,-0.40888145803885745,-0.3030195622819213,-0.03901871618654069,-0.021813294140865084,0.15949060220695338,0.1251782014453493,-0.025005969543206125,0.0043252482091064946,-0.054114755589956084,0.0060874948147230865,-0.2269536932916486,-0.16325825359622162,-0.18638492683201377,-0.09548091966927615
0.5214092054203125,0.36154428595709176,-0.0030321697457730765,0.13769280139706114,0.2636628803133247,0.22707595270025513,-0.10988980269112895,0.13743131121939917,0.3906570712418543,0.24796993922430105,1.0,0.5017342497102998,0.6569300421134362,0.4744320439859753,0.7675727725357099,0.32986261794606336,0.6833490661347169,0.49138065636727174,0.16858847882678824,0.033914175166180394,0.1537688977704481,0.21257381483093638,0.15308388707147255,-0.16352312396047802,-0.05237297381758839,0.15869018803452353,0.3202659647305533,0.2212714314547648,0.5674958799302005,0.1356084052457597,-0.10571032064089052,0.12615173744197639,-0.0581476566110801,0.16986169421864078,0.05132687262203832,-0.24382815742356118,0.2485607477487703,0.051967189833195475,0.04410350481838783,-0.21342849664712274,0.20204466684123915,-0.08567248034657328,-0.3023466363871308,-0.3038513397985096,-0.3490870729890625,-0.2922953080861752,-0.4305984387949715,-0.3684672573065774,-0.2720518735941967,-0.2640720739657646,-0.2547278469616243,-0.26608682981090775,-0.24770784206267726,-0.1271330744067858,-0.17292877177994787,-0.21819735014298527,0.47035230632141456,0.17008705146023415,-0.001782232019032667,-0.3386171921893661,0.44173776715363017,0.15902040227553343,0.6980162778525211,0.3183454253878319,0.5194758438315574,-0.05573146551256206,-0.24730489788389753,-0.44409406193244855,-0.02009623762914087,-0.20861533506402186,-0.017616944436755943,-0.158049970278294,0.3470587261145476,-0.08570246849561862,0.0008816266458816049,-0.04671942607933875,0.009829365407102357,-0.09842856382999826,0.29278452093153917,-0.06629915284058227,0.4960976485766742,0.024235557264952207,0.6872616103527303,0.36296044310522435,0.1850859397493237,-0.04638549663761829,0.30079743423608063,-0.02616601075991189,0.11606838347240923,-0.10571452680789789,-0.41285357245054166,-0.3254908675739867,-0.2598137715713382,-0.4346461187296429,-0.06178159531054397,-0.19209596565471007,-0.3364317720544646,-0.13316199727618866,-0.38539126483034114,-0.16918689657889663,-0.040825436441959156,-0.21457686118975278,-0.3783180305882476,-0.26806018451728836,-0.20795664024639793,-0.11703310198114239,0.0909086873254483,0.191707901196326,-0.14346029843217317,-0.015474324644228113,-0.24368846343426961,-0.21907722123952172,-0.2936008815296089,-0.035453635162731645,0.028814476192251744,0.17768192281524178
0.48418860818116943,0.5513303252552818,-0.16229655734655254,0.0834804080440836,0.07523215848436678,0.027145957809314353,-0.08704441836332165,0.21904688216290014,0.0938401024811072,0.03847451319586906,0.5017342497102998,1.0,0.41719210182310434,0.5729823650752862,0.4092756572571497,0.343972756645749,0.4285241405059937,0.5700967307163328,0.05017535953034147,-0.2547342940480483,0.13205850844230704,-0.0670000196815284,-0.0490578316795249,-0.24124848414286815,-0.1986270035938945,0.03951475988499379,0.12119201202704279,0.052755603842119046,0.3405371072104339,0.27061509547555485,-0.05757767315919988,0.026529622206358888,0.004104411582672305,0.20021319945463684,0.169351866563658,0.12534488388748868,0.02650832087457347,-0.01441498284821704,-0.18704347831304996,-0.4168455729169032,0.04726667493332327,-0.07997261286371037,-0.42387478024421743,-0.17251036990087343,-0.13587243979419408,-0.037015306133899195,-0.5332193521975269,-0.4048516670459019,-0.07596764065565664,-0.0016769500077231123,-0.2155606222313837,-0.17500483356092333,-0.43718415254983883,-0.3341214992611122,-0.14914883956256594,-0.241001330607606,0.35962724680093383,0.3803918657805165,0.3083532427820413,-0.13832571567061047,0.42791168723443956,0.4350737759326475,0.41289143011516954,0.3384452769296701,0.46780364033714916,0.3747104690967701,-0.13980788198148786,-0.24150185916148306,-0.036013490046871204,-0.19068052346518669,-0.1902319222725595,-0.1675296985136127,0.31540715265902586,-0.05518115371537862,0.2142463937226506,-0.02782065485315101,-0.02796896004890197,-0.08751590978865596,0.13746438787608212,0.255272194739729,0.21548332881074972,0.1871126942956546,0.24572357096674927,0.2720603136315158,0.2538794152103809,0.07537789807623428,0.14432639584050147,-0.08431670827985271,0.1339382013501672,-0.08088693747887923,-0.5885602292252458,-0.5358730675369467,-0.20031012284597555,-0.4379054621270698,-0.3446592095785771,-0.18244409462455533,-0.2425681312875564,-0.23350693589762125,-0.49922935790035455,-0.33926111717277635,-0.07928816206077802,-0.23675882073923524,-0.2936293184991118,-0.28542269645424484,-0.3934716722764347,-0.24956304731532417,-0.04596590722828464,0.04469241490490112,-0.20478907265842733,-0.0692165407374231,-0.23930466304089584,-0.30989328276372957,-0.32076991670381194,0.023884879879191676,-0.11900057971144676,-0.15602422698202728
0.5362083883587763,0.2990718238445929,-0.10979557895748591,-0.044821362448598696,0.16918874633459774,0.08071409690049121,0.13991123205732361,0.030816325494490572,0.33037274059415866,0.16489996990604028,0.6569300421134362,0.41719210182310434,1.0,0.5174084253430019,0.6386805702153734,0.3774130334616943,0.5518139458413878,0.47287332724794356,0.11789436229206143,0.0615337946672886,0.03320357619164079,0.19858944610557266,-0.05894276479120346,-0.23976678218572542,-0.09532411849716729,-0.06509155474255744,0.087609856074317,0.03250312915180127,0.5947938400239174,0.29748883559703926,-0.05526147555381016,0.08781287119901764,0.11704380559530725,0.3793136361837199,0.04424157251894359,-0.08193503138488135,0.33042867589345415,0.08988306524325934,-0.0026961669498463624,-0.29391410835735216,0.10996610799266522,-0.03547002596630211,-0.3381667557961154,-0.3021424288074257,-0.39167134512515633,-0.3685964008193643,-0.4923385215014912,-0.40179841468864014,-0.22490768508219278,-0.27813253836509644,-0.40107907278542615,-0.3868012914293293,-0.2798490475380147,-0.19511272003895502,-0.15814083270965204,-0.2393629222193607,0.42674617192663417,0.2306480720052592,0.19111386179645184,-0.119299050217169,0.6482574855914653,0.3796651343463393,0.7315216354758122,0.45357446166138277,0.5212156472936245,-0.05481752194113161,-0.02123449468255543,-0.3808836404849297,-0.05757281399315695,-0.13653615780918343,-0.026514183109040315,-0.17390205302528153,0.366704384341365,-0.041225686945725655,0.054156396718665,0.03591833393893307,0.045330380971734446,-0.06046214913509453,0.18731241623685924,0.18170639623440699,0.5217366475357715,0.18749096604276827,0.5186355910479115,0.32948080123684925,0.12166420776451413,-0.10611563237744323,0.2719160756046279,-0.012981996529850336,0.16656201014231845,-0.0711830154222867,-0.44932049005303354,-0.4109505104406692,-0.2764254520772335,-0.47309341867270355,-0.11690692435603371,-0.17569070672889694,-0.23661955398687687,-0.17169020266140236,-0.5229841852374163,-0.2767769716567814,-0.1846035766523517,-0.342412264246564,-0.33167053335050506,-0.33571459444607044,-0.17802069344321164,-0.1417567048999718,-0.09499604550973775,0.09205782374919008,-0.1099992452907415,-0.018982124270384523,-0.24563596960838321,-0.3102254426655987,-0.33217648231873864,-0.07765588775259372,-0.003885652241137168,0.023902544719790177
0.4470959512172047,0.4512360494350914,-0.030889511621986297,0.08045779016469103,0.3461441631178051,0.16912021411134093,0.11735077335478802,0.33997707841464336,0.2942552899970338,0.38979734360618346,0.4744320439859753,0.5729823650752862,0.5174084253430019,1.0,0.47200915476638566,0.6441050412638819,0.4875588133433821,0.4499076393287436,0.1369471620175545,-0.1667109595618941,0.10899742356182254,-0.028779919725240546,0.026996810150820845,-0.2507743228954769,0.05556603275352548,0.08805113599327045,0.25101557851806494,0.09677882378111667,0.5715423766399969,0.2624340982739861,-0.017430826489068848,0.08033895533494528,0.09047834604217762,0.22669752979905985,0.10881024585200266,-0.06994827000935658,0.18931368157225517,-0.07899793619279204,-0.02390735559675614,-0.2596169920793135,0.13830331159991957,-0.14244999450174897,-0.443420179800601,-0.4072768693364232,-0.17557413802695213,-0.30844514897105785,-0.5400690620401107,-0.503346747712847,-0.08482093516201043,-0.138916666350795,-0.3272831788972012,-0.23864312757527087,-0.4043448402913329,-0.4342763177010379,-0.3376872082681678,-0.4889019191873897,0.37295503026025767,0.255102430273664,0.36308466971537123,-0.06566956669542129,0.5903362065323026,0.6012922577281079,0.5441771685820763,0.47979803951902744,0.35144619124845,0.1996365708857301,-0.006471053000799886,-0.294624250420568,-0.11709076837173946,-0.08884832054455698,-0.14795346686848612,-0.17034246298289402,0.31015149590584307,-0.2589623499966398,-0.043978807648618584,-0.15532928422512293,-0.10911619864703036,-0.23059308336344475,0.015121852016761719,0.05598660518360672,0.367258534537538,0.17609034510342014,0.4600706792596528,0.45453633723406356,0.1529154808859221,0.026414455537431,-0.07103849843295665,-0.09394637076063886,0.1441456461077572,-0.3832862375915751,-0.45814313061715534,-0.534866052882157,-0.22071349344518007,-0.5434479419645729,-0.30861260632294585,-0.2329571145388785,-0.28674975431470445,-0.24186390113378484,-0.4523043717065242,-0.37855922065204894,-0.20644011928091902,-0.32587686603018146,-0.353878139308251,-0.3295282547724079,-0.23207372653159597,-0.14689861192412113,0.1030338046974663,0.1656458768435179,-0.23786214443671985,-0.02014163965156493,-0.21383080677194585,-0.4191325311856527,-0.38453603519757634,-0.11541597464233386,-0.20432262514060634,-0.10656834187983324
0.3845396487004854,0.28702738545096473,0.07413631168678636,0.060512603867109216,0.4287020566696642,0.4285946443788365,0.12318779095924205,0.06799323593575206,0.6446283584529465,0.37212481507924333,0.7675727725357099,0.4092756572571497,0.6386805702153734,0.47200915476638566,1.0,0.39220322455922596,0.5741351505720856,0.36589046338658693,0.13252809590803932,0.17464890148624995,0.3282842109491208,0.2839876067929127,0.2783868831278351,-0.08628756489289936,0.0957596453864777,0.25665078939465047,0.45866297827189284,0.4537118328132112,0.5493819839694264,0.052044166473487204,-0.1321107576374336,0.09754336583306462,0.10194699449510716,0.26173255116269034,0.11693289911395141,-0.11500622594838107,0.2599971467361682,-0.11776694799856836,0.10301123548914208,-0.15733270133019972,0.07330824245079949,-0.1912326656639369,-0.3343696259169503,-0.2980046521736525,-0.27509254784304277,-0.27579088542279784,-0.35923511236736855,-0.36933384066362596,-0.3622968029968611,-0.33038533796877645,-0.24624222676087673,-0.35673679896345384,-0.2990675623485851,-0.24632934694425473,-0.27157832917861485,-0.353801511615086,0.3841569323115512,0.15083203569616532,0.07736727465177241,-0.33415836686483674,0.4840596947520861,0.1765503282771415,0.5787666060487552,0.3306748427708371,0.4868480687871387,-0.07596559782613709,-0.10302060441883709,-0.33401116304540546,-0.0234703840402366,-0.05343641667198798,-0.11172452044527406,-0.2924726410229412,0.24743999442346343,-0.2709562229173888,-0.10567597577170773,-0.0818754056518812,-0.11546988290502568,-0.22065486637977663,0.25132955333886225,0.0079697992951666,0.5314339843398992,0.10082636192185586,0.7055630344891699,0.48077482426111834,0.24029985361098213,-0.10428739678359972,0.11580003252183599,-0.06192534993864396,0.2372102054916418,-0.1335531117892913,-0.42296012619782314,-0.38332065179500807,-0.23986219224435845,-0.4602449183881554,-0.2097532974761731,-0.3072610938718014,-0.2205611424152504,-0.22186352137662343,-0.3404352861827873,-0.34295891655578176,-0.25780690386556926,-0.35116159692117943,-0.4447168501081087,-0.37163230196749214,-0.20390288235280996,-0.11087392204143237,0.024109418840552024,0.06530752736287648,-0.10340909653912456,-0.04777062930231848,-0.2500914830227595,-0.27720941342685046,-0.35473281136015083,-0.13992762951603802,-0.017958752727679175,0.06771335645698048
0.2954257483443552,0.1469956126234144,0.19124895100255904,0.3475063065852991,0.5907064383140265,0.48718044085966794,0.20676285842918654,0.36450809342358703,0.42048521010501605,0.5334780587114875,0.32986261794606336,0.343972756645749,0.3774130334616943,0.6441050412638819,0.39220322455922596,1.0,0.3302639413580183,0.2573999239728857,0.2410174016162485,-0.07174999021397394,0.11938934834967319,0.17619322696856932,0.16338906707903705,-0.04358819269132046,0.21434829297491123,0.3480410540822597,0.4507013134052448,0.41365307465024553,0.5342465734062196,0.3257190057631184,0.03802910632764767,0.35549928574359857,0.06802220405023666,0.23083329467120553,-0.029877577823825073,-0.2630365393753749,0.2922658559602707,-0.15214637296710967,0.11221621205438992,-0.2593509337541092,0.18097317127817442,-0.1831125791046757,-0.19040181842441123,-0.23573985442842882,-0.3186246630872779,-0.39798715918400546,-0.42909506675120235,-0.38732639262436785,-0.360559279092383,-0.42623722402060266,-0.42003194849590936,-0.30332855869225855,-0.2028710352711266,-0.18204700993234796,-0.2553017957876426,-0.5858900579458873,0.23881699165581913,-0.01585704497797968,0.0731840931177623,-0.2920195027500088,0.48410294031171286,0.42819671159953543,0.44607354781799136,0.35203448441898555,0.142506365426438,0.22681794272029102,-0.07055796451034274,-0.2950056460044646,-0.21676034536319838,-0.20047844050042482,0.10008563196595802,-0.024751118584747333,0.24769805793513308,-0.17115882111570463,-0.04050523977377882,0.010758625480139113,0.04948358241461107,-0.11776968763917908,0.02301864405915374,0.1144026498085006,0.33947948334721073,0.05547536572359433,0.4366644586720929,0.6298621444594693,0.16064188189183218,-0.1656821921517441,-0.26629003135465806,-0.31294468373369344,0.10626933761918393,-0.509358165502124,-0.3048637010702382,-0.35535005573809697,-0.18589430633878665,-0.5080478068500272,-0.17900749437363267,-0.1977714306764767,-0.29457442737156386,-0.35450543020085373,-0.3421700568325772,-0.29332739420124343,-0.286680894373498,-0.4630732368976256,-0.4348696973724941,-0.3319719794025228,-0.14752096778735216,-0.007723415119436705,0.09034590767033795,0.19903525950380135,-0.21533296610761016,-0.05015868498087653,-0.3124412092710623,-0.32924584360242404,-0.40312569644134766,-0.23683485243005095,-0.21639604652409325,-0.1076895145390273
0.46487708641381414,0.36442754887261763,-0.1043403418287917,-0.12188975351723143,0.135898709225422,0.13664689426461513,-0.16336593110007272,-0.122505882389693,0.29544243339891507,0.1100739839940642,0.6833490661347169,0.4285241405059937,0.5518139458413878,0.4875588133433821,0.5741351505720856,0.3302639413580183,1.0,0.6667044211468591,0.09328288717191979,-0.0897606253225394,0.1041479447374833,0.035123099095886186,-0.051123190683000204,-0.4215814981182782,-0.1374821368503208,-0.02606452705346269,0.15871407753416522,0.047395644461362775,0.6479773688145005,0.3326929192311141,-0.24560288242332753,-0.0903607582637828,0.15839177722713113,0.1660341235328612,0.1552804276406968,-0.18900905515752991,0.23026275832618237,0.11040296137818569,0.12722708002183158,-0.2377714590938832,0.2468415869490277,-0.03207252040671322,-0.4155951671771003,-0.33009730200492743,-0.34171033421588143,-0.27522473084495247,-0.4311436703713088,-0.35665996118649446,-0.28358054827299284,-0.21175744367961075,-0.4844511973153938,-0.4035462478343615,-0.40161160173865207,-0.24334888424907916,-0.10615054319737034,-0.19273063101243337,0.6151530614969938,0.4174475828015816,0.020554806851119635,-0.2737082352056381,0.5062002588202333,0.3005321900488983,0.6776553232371478,0.6089329066632321,0.3681442798710154,-0.013982662572697716,-0.20874088596343665,-0.45636039630647024,0.008897468693854535,-0.27714206425290416,-0.2160897244291978,-0.16000823670176545,0.5087963695063026,-0.13837625577915438,0.03356006694912146,-0.052059932186454536,-0.07675703076368312,-0.08012476403154534,0.5436297819483885,0.32930687539813897,0.6345587048006475,0.3908927955216858,0.48339331055942686,0.4240119405478437,0.18044282862896188,0.06188885121651327,0.20717710099575481,0.0643509046580631,0.08270935377435552,-0.21902807206632668,-0.44381829522658844,-0.39925371061517323,-0.3346903663392015,-0.39801890559695613,-0.1865732834985018,-0.28612483731569494,-0.30077979647358377,-0.1600367997623017,-0.32507470469654126,-0.06930700726398731,-0.09639288081101184,-0.14239858590910487,-0.3393147529216976,-0.23747953383123482,-0.28459388254422485,-0.13440871307675745,0.03762277269480715,0.21778777497550944,-0.29796907290079877,-0.07862255626023129,-0.15604493011486567,-0.1623192147906233,-0.05524369740401893,-0.1464054354760026,0.014233617833103418,-0.05437875613402263
