1.0,0.3697147669411091,-0.16905132839533052,-0.3752149659783881,-0.22070233421178903,-0.34578545220691065,-0.22206312121211597,-0.28586316094550795,-0.24932289138072947,-0.36658800347362364,0.6208565060050237,0.012722189411432105,0.28239026370815556,0.07246892918863984,0.1720114983868495,-0.10223083178653143,0.2314044178578098,0.21372599140770776,0.41124612118339104,0.4692765246102013,-0.040901712874577945,-0.09302342528634563,-0.20308937300772498,-0.14335943737028398,-0.1939007515024135,-0.19244219902479395,0.05325484458102711,0.187417892272729,0.04546089058256825,-0.07789186154839334,-0.13989702794507516,-0.20894040334596709,0.2550388002884388,0.10540611451702935,-0.14358385860057285,-0.20508375774852042,0.05906061810535467,-0.08510924699219644,-0.021600463408473096,-0.03847461254407022,0.11701186488946295,-0.04190519794214943,-0.19455128180615883,-0.1385690873094909,-0.15941618216970235,-0.3468341094271807,-0.28592364343306087,-0.18028477731854645,-0.15543455838528192,-0.24431576757599116,-0.19852859972813633,-0.2583826739696005,-0.1815594395116312,-0.22360044300013354,-0.14308128603460418,-0.18904678535556216,0.49236864764356125,0.4233659976869944,0.30796229389356244,0.18445518369863131,0.1715181661182862,-0.03930046091845398,0.11981027817041587,0.18002624324346084,-0.06745163783880678,-0.2534789705218081,0.10838800920716213,-0.10259680192544224,0.34313715096219916,0.28196817724693796,0.0021602415115129217,0.0022830839439847775,0.14815245446876824,-0.033144128844651115,-0.1349269930431953,0.17657542873794382,0.05192427750828483,0.07971503065561812,0.11793389041304442,0.037541500090365346,0.42408665840484716,0.25235371612094,0.1474473361243529,-0.15581229603566676,0.105857284390468,-0.09161942432205308,-0.07509219056968269,0.2348054124442528,0.11269100041900201,-0.06363137629380414,-0.11652985667939118,0.00260938546696718,-0.3483042789315957,0.06561205711014283,0.18072439574231625,0.05177130360681933,0.11939048391442879,-0.16917349993492492,-0.08094163552646966,-0.09932858774087217,-0.24589583725803668,-0.07934149134637558,0.08171798672999835,-0.08615933872585764,0.0620675773515149,-0.011538648496402215,-0.03974313959953921,0.040204749187397484,-0.25578849015333854,-0.03368615814902661,0.16011537207455598,-0.05749504151711342,-0.3031449258401509,-0.1179232072792647,-0.06368346042889347,-0.16038901794725957
0.3697147669411091,1.0,-0.5145498953509202,-0.24334765544207962,-0.3972795532977012,-0.1913976221834373,-0.12181027949075396,0.00220703521449013,-0.30477468710783917,-0.14144137174827615,0.04750867124466425,-0.010825462591529725,0.0450284090139481,0.3461784422738557,0.003086910629599406,0.19695141543269123,0.28579059979469407,0.4077976840800741,0.17990119159697565,0.4012691161647198,-0.08994723507358866,-0.08386794632738985,-0.5955575762411738,-0.42972486013682376,-0.4419034211918611,-0.3469264390995091,-0.3028400760507758,-0.2558346207040505,0.2820806502076474,0.39370753099023725,-0.1442009661984736,-0.20197280710245455,0.443709186626486,0.3605459657281821,-0.010576798527805508,-0.11540890952196599,0.18129715360388698,-0.16790786148148346,-0.23873538468182948,-0.12290591300528414,0.21628784534754827,0.08151165764685954,-0.02648286087049869,0.07206776574359589,0.028324439786715477,-0.20976884746329066,0.06778165127442544,0.05734682754502133,-0.05658119488593421,0.058251400119708724,-0.4349500269938629,-0.0395905086389516,0.037247990431694675,0.12385118300551315,-0.11336881627661255,-0.08622918460753508,0.3492909565787111,0.3227852502589231,0.1297962608053599,0.3176774404359838,0.21474344849937252,0.4297907032289823,0.2022321186254056,0.47769506066336564,-0.24415015473209967,-0.1515905205155255,-0.008797115931808227,-0.4135022574923602,0.3044324001811197,0.25801017842019075,-0.042363779429639585,0.01764243610149059,0.4260991731022086,-0.006351112749482824,0.003006249895914936,0.12454396395979149,0.07209005420309034,0.07443114036070768,0.31809555097856823,0.11645441043414978,0.3114580563820284,0.4175822747540679,-0.14041617174180798,0.2757073618531181,-0.13531917196708432,-0.07942312328543506,-0.3062443275650862,-0.10607335927688755,-0.16209614833085945,-0.06465258141374854,-0.1318820162015976,-0.23430882223731836,-0.21544790940184122,-0.310870828070377,0.026299307845739615,-0.16862997735613347,0.10212145490095498,-0.16194021460355973,0.1991647903602367,-0.002001502254038997,0.07219775796222133,-0.11160647209679997,-0.03368390235568571,-0.10535386702505302,0.051287201534870715,-0.18945809185747609,-0.10779863515312808,-0.23538145873829314,-0.20126727651561513,-0.06299979586099436,0.03125913740121377,0.04859960461910308,0.05989125254390552,-0.07064192494250791,0.18754050435656938,0.05018875844980428
-0.16905132839533052,-0.5145498953509202,1.0,0.42751500830525246,0.3192776333948672,0.15041284909733044,0.5036323556191629,0.32602072275313587,0.12714318778681077,0.02378524599416064,-0.02773596513709011,0.11313076100243685,-0.1260874170311534,-0.35803536037117106,-0.08501614387852638,-0.31819337936087183,-0.5054427190654187,-0.5885952739546302,0.023648403391787226,-0.11793015764459652,0.25449345858646233,0.1392425894207984,0.6379046887512838,0.5707986605368083,0.4603845871017385,0.49185447577248637,0.4375512554784525,0.4072024999079022,-0.3937685514022398,-0.44846729762878906,0.4740219123416153,0.4776366007083735,-0.25422034705302593,-0.062469477894324284,0.1952648513830335,0.4109120122487297,-0.22440592111888627,0.02860124750363754,0.20106147951631662,0.19967386804397472,0.0817928736222709,-0.047220200119642855,-0.2563524198354234,-0.2227686654229871,-0.14814101567211566,0.08340744885768164,-0.24644117330856125,-0.221244957235426,-0.13419079563777012,-0.25023435349061807,0.23842156074085633,-0.20556929147200925,-0.2802929175594126,-0.40260673446891093,-0.032658182119989686,-0.14047195942196383,-0.35757156019290176,-0.28802381021152507,-0.21287958351190242,-0.5213181980833143,-0.28962953147099224,-0.2938201775860406,-0.3610478353383736,-0.5970238008247754,0.39427415304545727,0.26054560499847834,-0.06858296633107337,0.45173236493939084,-0.2663564689466719,-0.29313312597620816,0.06658660223083657,0.051033485637880266,-0.44663235002104207,-0.026553123838470694,-0.04622800371438306,-0.03885901340401551,-0.09152743981318974,0.03136554486802387,-0.33762765160365515,-0.15468560652056074,-0.39661019562227406,-0.4844144496948844,0.22479223443411583,-0.17951114363486018,0.1419153182350943,0.05458751546517515,0.12635664945372785,0.20548021828635823,0.2486389597966424,-0.11706100117591907,0.007924205067404523,0.018366709928938848,0.11566828971411248,0.11785710222056085,0.1848322805784988,0.08279528716099782,-0.03162863353870975,0.1307682046112807,-0.3655275682279025,-0.33747268035307343,-0.15875221303983325,-0.14093285592972535,-0.20998432414177023,-0.07777980353287701,-0.12329671590799267,0.2333370608082208,0.004151286911628858,0.26780008597557364,0.2757492327500856,0.16176836831275346,-0.018319073457449955,-0.19001677059736427,-0.3132557501969096,-0.07538386259788975,-0.06779108253983154,-0.08790056762421875
-0.3752149659783881,-0.24334765544207962,0.42751500830525246,1.0,0.2201992499513254,0.4399268501169309,0.27821117333155637,0.6526631345308708,0.27161226331576116,0.4781255585096134,-0.16419192267409288,0.32410160837664287,-0.1971850686179109,-0.03792486306967452,0.12057290283602608,0.3168727249164096,-0.2599796809291116,-0.5248288034469574,0.11693232687246173,0.03398678256565982,0.17695344440225574,0.2259552562967163,0.4168335780706299,0.6672097188108713,0.21270603774418748,0.4958069182943989,0.2756332285467814,0.25046339598568246,-0.19536522130804504,-0.3038741629047264,0.37635809190232467,0.5064981271559557,-0.3868325921002217,0.0009163821438255481,0.17361027319185124,0.24016431209256836,-0.09143973826765982,-0.17195829750753686,0.03771891639676311,0.050553210749292005,-0.0038857243515660112,-0.0866720271689644,-0.3711248625576739,-0.4719105191022691,-0.3863307721694492,-0.13129166806100473,-0.3569935308959216,-0.40084259468286254,-0.3464049849422234,-0.36885238695654177,0.06427921514592154,-0.27314706338826866,-0.21870162404620802,-0.18976429263355254,-0.08920762308849313,-0.30223337438662495,-0.4291600557370591,-0.4830081803003377,-0.35379173818072984,-0.4743250292469226,-0.18425255146651257,-0.0005862656044334509,-0.09288479685312816,-0.4915355844522426,0.5256807429120783,0.4650107021698667,-0.206493475872446,0.24373847353963982,-0.19118687389192818,-0.27747418231573934,0.014177004061557726,0.14793848367689388,-0.41288283639565654,-0.06117321073524521,0.0630687956984297,-0.0280881065071024,-0.13181576668985764,-0.03508592692477042,-0.18697628516887668,-0.2976965702738535,-0.21246287702016625,-0.3797028449864704,0.3811382753453549,0.23417888497082154,0.35328817357747827,0.29103147846483496,0.09809777783967173,0.27819658110770207,0.34374339329753917,0.24971740604774365,0.06394214800150658,-0.18562309706492328,0.4788569149286649,-0.11001309650259752,-0.05453673067685578,-0.06964696534694545,-0.471463510952902,0.02611958362244229,-0.40807471234933534,-0.3701688144324486,-0.1489411530453922,-0.2136221598120379,-0.1950725259542484,-0.1927114675458859,-0.26496161963966125,0.006261933801292541,0.06507632981756774,-0.03144050859903306,0.19961851843224918,0.05082432304288226,-0.1867837911732375,-0.2276344057113871,-0.20342220328159696,0.07612150477383164,0.06012691575467879,-0.05249716236184826
-0.22070233421178903,-0.3972795532977012,0.3192776333948672,0.2201992499513254,1.0,0.5744564652907597,0.3812383627128645,0.01526585506717211,0.7754122041036097,0.5123169865802858,0.019363107497345298,0.17413919032798122,0.2202100799793632,0.05393361561189705,-0.01584301105852244,-0.046756734721998226,-0.28662696872378357,-0.1560521255249181,-0.3089427912907648,-0.17167883411457718,-0.28959164626095424,-0.3546770455448232,0.352304462046122,0.11033043288367098,0.5969680580799593,-0.06246071212282275,0.24122608981919466,-0.09552733211034933,-0.17139846605443437,-0.10961176486084752,-0.39569292490709046,-0.3327464813484547,-0.3430909944259813,-0.37276169283651195,0.1634932105006456,0.07101624196144304,-0.34313004449996715,-0.13660534651234646,-0.2828965094339129,-0.2379813439432913,-0.12141755813881804,-0.15984901365177756,-0.037151771607415965,0.03545995249382185,0.19823038262080642,0.3105952996935686,0.11734718303248397,0.09941868766723416,0.20238300564792547,0.2891312407467496,0.24822156692662622,0.18879274827805115,0.17849420774839111,-0.0842726920079921,-0.32538931482946426,-0.14625989947779983,-0.25907667261498835,-0.24321872044617882,0.15507015182905914,-0.03208774291026596,0.06286474135521214,0.00863826554294385,-0.17236925372389247,-0.1937257080662632,0.22940108845175672,0.21870803261263205,0.132548458726246,0.20231831286441235,-0.36953639105041475,-0.11635444115657399,-0.2124314690576022,-0.2573750491055284,-0.21458123546499958,-0.4036839290491659,-0.27689383686121743,-0.21519768520775942,-0.21190449748691692,0.06863457067117848,-0.26210048215120785,-0.28636049730471125,-0.2483180667615581,-0.17933778636569767,-0.09010942711532095,0.14985572057829957,-0.08811615078985953,-0.0006941834368763066,0.007334778417750622,-0.032650873381412836,-0.20021357775385268,-0.17545538270651426,0.22215478767937727,0.16948434543185906,0.18414225134848247,0.16055558561348632,-0.15814667634740573,-0.19969913430728878,-0.18468576935217407,-0.07487082569004691,-0.0888267684552437,-0.13331698362843866,-0.032991113718485295,-0.05433030555827799,0.20882261059378382,0.05305901640225719,0.07279261675769241,-0.04587325776322676,0.05611395831083441,0.15947421037424692,-0.04784969521217847,-0.10387955510045259,-0.019980530120999,-0.17057642577104612,-0.31943945627152254,-0.1518970309244778,-0.3720903372024261,-0.22345843406171853
-0.34578545220691065,-0.1913976221834373,0.15041284909733044,0.4399268501169309,0.5744564652907597,1.0,0.4336229936726811,0.376510588168843,0.6605308669346984,0.8128071168912929,-0.10057061566139724,0.17916776202454135,0.16464447315170033,0.27430287146299503,0.031057944139113173,0.2927146042433081,-0.24868619943381062,-0.1960510310798985,-0.1406964933368901,-0.021496814983875977,-0.11100913126891698,-0.23835381299070885,0.2292766745238848,0.17787089532341885,0.31921336222992375,-0.041425180259375145,0.11843220549360566,-0.17478578820276233,-0.03910367829761134,0.10099708618395868,-0.2584442044777153,-0.1733311648014509,-0.3531061898927165,-0.21807881207922683,0.27196072136416116,0.07701493358482008,-0.18065358744836751,-0.13994519847031428,-0.18987466478644918,-0.12216152602185883,-0.08154710978597389,-0.10462824954689086,-0.08164257170494038,-0.13683445246787268,-0.05803904132130759,0.005671017712674541,0.025834789943242165,-0.0517237754398828,-0.013365108900528892,0.05509161923730388,0.004354891026905506,0.06186248468869244,0.2350100511948001,0.028929290541301632,-0.17913213632337394,-0.21398268539474097,-0.33712099465788564,-0.387138742665742,0.04361882594374456,-0.05575561071739925,0.14619444518841848,0.29527478547670355,-0.08441783466545744,-0.09004658140914099,0.21429460404679668,0.29781079626289036,-0.11668269353162801,-0.0848224634473697,-0.3348869677977935,-0.372049091964511,-0.1976415170046848,0.02175839808808337,-0.12403251931258942,-0.252886338716711,-0.1320952786948053,-0.009220322048030376,-0.3095640401627315,-0.07693939171949382,-0.11754251724046548,-0.2680555402128021,-0.18788469456757995,-0.03513786418700382,-0.06355781310313917,0.33889975049741633,-0.07904380274549094,0.03294004578032217,-0.012062690023606982,-0.11883970890852569,0.018236263078395643,0.17636546234607914,0.28454654602536267,0.08839328090304502,0.2714688792760276,0.003940378513023699,-0.16779337897209806,-0.14002150943529093,-0.3228425310591679,-0.0639593099347048,-0.21027725731325222,-0.2919789374279623,0.013611922890264411,-0.18255069572000265,-0.07112306597401295,-0.19833872710215558,-0.2933869360179112,-0.09792156070390234,0.10106823590730325,0.0026616473022877322,0.06742504789418115,-0.1341512583978784,-0.16435404709390194,-0.14485562095304577,-0.11580628391211194,-0.14980396351300707,0.023344720680818287,0.015227497342646903
-0.22206312121211597,-0.12181027949075396,0.5036323556191629,0.27821117333155637,0.3812383627128645,0.4336229936726811,1.0,0.5111987730869314,0.3858411424044222,0.43154825076998815,0.004602535127769688,0.31686855838227856,0.307120269903801,0.11110539065424804,0.0448622706572236,-3.19863463284556e-05,-0.25950500970582135,-0.22804303580210636,-0.016339303415726036,0.015380779768309096,0.07247209836649406,-0.09357005490163775,0.1490885966862112,0.04310694010951579,0.09220815394530428,-0.09667544522510543,-0.016000366659836743,-0.23309675680549713,-0.0012955556449760798,0.013476478201453207,-0.012265936073333011,-0.01935965738903882,-0.19577254673152467,-0.042469390633555364,0.2450481895408135,0.2542489184859691,-0.1978392384582976,-0.1251302875874307,-0.1589568599269169,-0.15929330831637295,0.013544368409163171,-0.17503698866742606,-0.1585998311564231,-0.05618336267212106,-0.005786881432977331,-0.004302529974095837,0.03512816581749145,-0.0024467218807211373,-0.025464729606967437,-0.011060337050358582,-0.08791363236333956,-0.0464048344372714,0.15515702541291831,-0.06338806529421477,-0.1595532401857592,-0.2319526841620649,-0.410080611155598,-0.377576723990404,0.09930352527082634,-0.32753466674432735,0.20178021330839932,0.23582945153257195,-0.10354529567452013,-0.0954834410379632,0.4276188735421705,0.3311776715179987,-0.23775460701477152,-0.10797020399479448,-0.46290762035442207,-0.420333739986354,-0.03816650138689796,-0.133801865514357,-0.01934118730635347,-0.13205159635636954,0.006432567904175936,0.05344851114938941,-0.131660258221303,-0.06364963256213242,-0.08270670922850615,-0.17851761930759563,-0.27784877914573197,-0.2952911062285513,-0.06948697655728481,0.20136257252309012,-0.10363380637472204,0.02757288862428505,-0.1959190736931601,-0.09919396942503769,0.05874739571389434,-0.05149411592086721,0.11334922452519605,-0.00796109768445317,0.13060015071411143,0.004856484844184608,-0.027289176037220454,-0.18888948186891535,-0.19388133311827407,-0.01149253405295165,-0.17696834981133408,-0.19833855415295046,0.0862716927543616,-0.06144522210752487,-0.19185670913270392,-0.2089716517913078,-0.25196520663074523,-0.03838893446375583,-0.08601198074351364,0.06940286857733541,0.09285576749209588,-0.04300712785473375,-0.24578479218817595,-0.035986244088340294,-0.1666318211062113,-0.23852115540354152,-0.050227803108691155,-0.02163730195915214
-0.28586316094550795,0.00220703521449013,0.32602072275313587,0.6526631345308708,0.01526585506717211,0.376510588168843,0.5111987730869314,1.0,0.050277645023553676,0.5061992069026515,-0.1310241930861867,0.4263753449471248,-0.1299657204570728,0.2872898167745346,-0.07452332352099296,0.33092925305152765,-0.30460125737783056,-0.4226260812758136,-0.11203131600355976,0.1255105494772056,0.24229058789765576,0.16572340530569205,0.009142221309500289,0.3559322347762835,-0.06061309391278965,0.24899571599558604,-0.02444782978493024,-0.08540194810742055,-0.017536746084708704,0.04037269022067251,0.358623005602923,0.442597994050782,-0.15950759361437558,0.17744943404458596,0.23293424507916066,0.35868268437099127,-0.16032729788599662,-0.24329294508759824,-0.13831955568514312,-0.07289058743700536,0.04844593995886944,-0.19140500293179838,-0.29147808113835966,-0.3213223137818344,-0.24114224041476415,-0.09133039751398793,-0.21747921596866518,-0.22492451380496797,-0.28644230023579603,-0.28561586061128325,-0.1655948988159312,-0.23530112657524038,-0.16162887433387224,-0.15813923439005817,-0.1573880146887602,-0.3475851242912717,-0.39432771062549665,-0.5109364442873088,-0.22176651825863555,-0.3242902423900634,-0.0179136649642865,0.35018411265804267,-0.018313826201799624,-0.18668130708705105,0.4308123568389848,0.5422327018139299,-0.24676047419318256,0.02215694418627258,-0.23517080701117835,-0.3335250936233472,-0.12849892087702955,0.07889140815920916,-0.1613554251296836,-0.04238388679118779,0.041867386376429075,0.11513648307456524,-0.155640898173439,-0.16044335377735797,-0.039928155681772486,-0.260321677583774,-0.2066260644395735,-0.30354526190197517,0.12809911304039795,0.31899252161489705,0.08205008849018378,0.17857791356308828,-0.12448593139139184,0.12007964977635344,0.2035852171928414,0.05868941686426475,0.005836237040801652,-0.20759060681692365,0.3715636515335533,-0.09918635326934361,-0.07447387115417871,-0.054755524610101566,-0.32171568750214136,0.1235640979102517,-0.3657444576957962,-0.2348660358195723,0.03234810125459232,-0.18201921100489418,-0.254688371205625,-0.2541398536856394,-0.321091239839751,-0.0012587503197211889,-0.0839255617688002,-0.0368128610670997,0.26586962743997017,0.10736247053010274,-0.18463273163916996,-0.0009106719781962801,-0.10381464696662719,0.026643191460873582,0.22247594598610054,0.10710074224906833
-0.24932289138072947,-0.30477468710783917,0.12714318778681077,0.27161226331576116,0.7754122041036097,0.6605308669346984,0.3858411424044222,0.050277645023553676,1.0,0.6343967989365658,0.0611655816439677,0.20624493511366934,0.3283404117721564,0.05518739799366005,0.24265080798955332,0.1560364954878409,-0.14278691073996952,-0.11657141210292313,-0.0851096279697217,-0.038786853493801544,-0.2786658377023259,-0.3715451996235731,0.3647496840828236,0.13525409562021454,0.434939539773224,-0.09891147637336373,0.14770605974585777,-0.1272239061815085,-0.13953893434892417,-0.08309417926197399,-0.4434284282648357,-0.37863254803234603,-0.38515587288834763,-0.3823673376187017,0.2936553842340374,0.07066166952611706,-0.23716133215044796,-0.13812301888145376,-0.24236888567713857,-0.29894696894261535,-0.10362971308523564,-0.18614282992385114,-0.08733671088328554,-0.0856345512834824,-0.005965996504444383,-0.0001681723231886435,0.10161497777407882,0.06521731713130281,0.011626161683845969,0.15967578040702926,0.12572665999628646,0.1270670448970526,0.22024074898219545,0.10768471821304718,-0.2567206619887942,-0.2007735212882069,-0.26183895108860833,-0.24955269226370985,0.0984678112401575,-0.04814037118588853,0.11396555807426209,0.06038741253501826,-0.12544924470250257,-0.080645810973597,0.31759824796065594,0.22122379257150437,-0.1070525678449452,-0.007495838667528011,-0.25664250086998225,-0.14385585454484778,-0.2814403289069301,-0.15784313355207447,-0.14435389377556124,-0.3842701016750472,-0.24102134152243304,-0.1339671213654602,-0.2778236391817212,-0.014410208979109133,-0.23184141263046093,-0.19473435805909411,-0.17137496569017727,-0.07675494017018065,-0.045808946059151,0.2069140726795539,-0.09445032441937325,0.007836627896248394,0.06856443332037782,-0.08121622306402927,0.013649200628204992,0.020637983343142884,0.27799693786771695,0.16228403332142582,0.24396242650703714,0.20313703980468165,-0.14006806110923814,-0.18009233176386044,-0.21753772680582692,-0.1183572438028885,-0.12618611100841837,-0.10217997695259899,-0.07322533619552142,-0.10805922779428359,0.10054103940774681,-0.026564347785834493,-0.13120573046324668,-0.14757172135179286,0.10399807268242299,0.03037787034367855,-0.02328972682270684,-0.16500028863486468,-0.0844918885074571,-0.046043975575446934,-0.1371314500654272,-0.09472087847549769,-0.2159786359081866,-0.1385885794814244
-0.36658800347362364,-0.14144137174827615,0.02378524599416064,0.4781255585096134,0.5123169865802858,0.8128071168912929,0.43154825076998815,0.5061992069026515,0.6343967989365658,1.0,-0.06645569314567623,0.2526957351322439,0.16369544493296517,0.3864842827876503,0.147312692458052,0.49755230305503123,-0.1482894617767492,-0.2574659579270429,-0.12369893327820179,0.06404823020282428,-0.10177217246640823,-0.09973515001474054,0.13169911614071106,0.15615559494755743,0.17302488840025576,-0.06400989374172601,0.0019783645273624435,-0.27195392957011955,0.04447559784131453,0.12593635500245104,-0.244014590987965,-0.17079860246704798,-0.40296158544316,-0.25220338614476595,0.2553909439006146,0.07619690599919152,-0.24557609856960014,-0.26003183956174014,-0.22950339873045186,-0.21717851599671248,-0.1346857401632797,-0.2408405269077586,-0.1845992280811399,-0.21833695949076862,-0.1265790497692481,-0.10939236406316646,-0.03972857676197482,-0.024796065002541667,-0.10732030084530178,-0.002895344298872281,-0.1614002727633716,-0.03987394459411103,0.21479689485723397,0.02702828973663785,-0.3330224476521479,-0.34701522759866843,-0.3251313509517767,-0.4049224628502318,0.027565496120226518,-0.04838355517426407,0.15603533830631908,0.3703208322483692,-0.037875283316199874,-0.0537146367808751,0.2786617583014418,0.3019804688545731,-0.194212528502822,-0.18352767996246752,-0.28387107961575975,-0.2424862468601627,-0.22812736237797407,-0.03316039293276313,-0.13494739225603183,-0.320380622259609,-0.2036801313881375,-0.08230340861141255,-0.31333309314309843,-0.1335234244087444,-0.12002333167244579,-0.2246688087034545,-0.13934062552685933,-0.029462239757764772,0.015371544338269164,0.38443361803484644,-0.09994890766618372,0.0037384309348100116,-0.04541073498210944,-0.17549950794261213,0.00856083924123151,0.19140111615033623,0.27207057327151957,0.13922772234138397,0.4360760113158867,0.1990201620872796,-0.13259528750865285,-0.11881833240376574,-0.4068674131627424,0.0631270660037103,-0.1972178849837934,-0.15321838186010797,0.18766890495757882,-0.013361072965586326,0.06020817775445865,-0.062219509639369334,-0.20029779660143165,-0.04255969628344642,0.11387069759853925,0.005178529143684237,0.05798224491874433,-0.06995524653150427,-0.14001828990004359,-0.08070167409816559,-0.11620758656683165,-0.027058278303997017,0.08324140531361883,0.09474084801103884
0.6208565060050237,0.04750867124466425,-0.02773596513709011,-0.16419192267409288,0.019363107497345298,-0.10057061566139724,0.004602535127769688,-0.1310241930861867,0.0611655816439677,-0.06645569314567623,1.0,0.2701545587649961,0.5479622193044229,0.12897795054072933,0.48555330503770394,0.09123960598597701,0.16655274940453782,-0.042929032012220876,0.33034553216909374,0.22483007788212567,0.05090809117143039,-0.044748028134372606,0.2170375601628241,0.12872829354280782,0.06665337133816797,0.02438504274054771,0.3618113003783784,0.2895194506547466,-0.04347022652778844,-0.1656700272649443,-0.046057703241740945,-0.06628334922642837,-0.0666676762675036,-0.11939244031705551,0.0938970156954221,-0.0855863252184328,-0.04943293841049585,0.0764290205648375,0.13982596978159112,-0.05390842652884674,0.036133170069165534,-0.1366987481693643,-0.210322367125517,-0.22866129119174095,-0.2996065790681192,-0.3870497973267267,-0.2999634788883168,-0.1688946466855693,-0.3066563070391848,-0.36521505440105834,-0.07170459058599571,-0.32657337326221536,-0.2096155727172528,-0.2586383655964847,-0.24718937786558443,-0.3207668324195361,0.10727330839176002,0.19451340363562727,-0.0006292479546671965,-0.1594764061613617,0.00800619553909861,-0.17774901396827364,-0.10129976287483909,-0.10428839540760572,0.33871772414679613,-0.06748087152572646,-0.20092429178601062,-0.0884602912832799,0.16734146627831548,0.140351385276361,-0.011897758240767045,0.09888864438116357,-0.11461914114433032,-0.18802269946759004,-0.001291439702499589,0.20642278054185756,0.11030469554884349,0.24293533762339506,-0.07571329811106711,-0.07683032785649153,0.23125657265206054,0.059807960495971466,0.3476509906996446,-0.1526353923499658,0.28653144187213386,0.07790140167780339,0.21993058875689606,0.18550113375232233,0.35163429979945887,-0.05984042769979841,-0.12760431581185958,0.07576665337057781,-0.15366922613331524,0.2754807608993097,0.052931027262557474,0.18141181326354752,0.07042034982297478,-0.060634515675434826,-0.27322678362255565,-0.14622749224292086,-0.26752957989502824,-0.045933444939594205,-0.03929186938099506,-0.14980103555532456,-0.06445075298555263,-0.13365844799901289,-0.15034968214787986,-0.03743588936141719,-0.1569538059672737,0.10572026490367369,0.1121678964300669,-0.009521817303640736,-0.27491605192189456,0.023156329191480075,-0.028042474522173594,-0.16519693958722328
0.012722189411432105,-0.010825462591529725,0.11313076100243685,0.32410160837664287,0.17413919032798122,0.17916776202454135,0.31686855838227856,0.4263753449471248,0.20624493511366934,0.2526957351322439,0.2701545587649961,1.0,0.16957210408835632,0.4131489248079834,0.13639397018254293,0.3438520771125885,-0.17226988448597172,-0.26609717871534716,-0.024508277652126657,0.176987882058136,0.11264488252277594,0.12061954958180891,0.09038171941628385,0.23656887936056042,0.14165084386857033,0.12588041756394974,0.08525050800792441,0.003356479603567483,-0.19805085153791516,0.05391271418739305,0.07391859463764239,0.06383039670972948,-0.4116987998344868,-0.22431565240061704,0.17214658100930239,0.1211777623741734,-0.12059060463732521,-0.10314430633085252,-0.1791976515729094,-0.06524611946317321,-0.2318032730356922,-0.2550276786717357,-0.26353493112845805,-0.2775838207824799,-0.2560786471304281,-0.05548950114610278,-0.21315190989950786,-0.03085188536784815,-0.15945345197596772,-0.1951199632125576,0.023944758949832477,-0.09732497456076945,-0.03903495861717659,-0.0862845924700919,-0.22863843783872956,-0.25411137178408855,-0.33064668551080056,-0.346663625727124,-0.12214686311793069,-0.26483333652937385,-0.0631487620226671,0.10310346810757877,-0.038164362242929135,-0.14721434261633498,0.36573942776122825,0.26871162748763094,-0.25959759068732663,0.040085766884909516,-0.20070655229096418,-0.14114150919902382,-0.07158528760869924,0.002335268516972738,-0.14704215401652282,-0.0963379547628291,0.028063871288643735,0.05979842590978309,0.11173907499239957,0.14893446647281552,-0.15690198379019216,-0.22863239505981814,-0.00435919324425072,-0.16050390503457568,0.149805138366016,0.2619944621722882,0.23922805294732635,0.25188789253855076,-0.14354512794178453,0.25834113771596046,0.09587753863722628,-0.0988968568045975,-0.082140297688694,-0.06094888442102939,0.2744204052936263,6.880490793467388e-05,-0.029333332047646345,0.07636680173441392,-0.08402593128231128,0.19600645835651673,-0.2684547921693936,-0.033593975874673415,0.003993697239388666,-0.056337736854258975,-0.17492163785928197,-0.1531318009945507,-0.3386815493102697,-0.24341079063382318,-0.05009626334567392,-0.13691492639062883,0.12050575045661781,0.21978141032390638,0.21688168069489935,-0.055146555989423376,-0.16457537557836158,-0.020175270483984816,-0.0785513061576526,-0.11103898963245831
0.28239026370815556,0.0450284090139481,-0.1260874170311534,-0.1971850686179109,0.2202100799793632,0.16464447315170033,0.307120269903801,-0.1299657204570728,0.3283404117721564,0.16369544493296517,0.5479622193044229,0.16957210408835632,1.0,0.3068736566453856,0.4954433066699082,0.10904943797656184,0.11645928115396839,0.12802873463570014,0.1649714500166309,-0.006544931131388977,-0.0969303552388347,-0.2378963185043188,0.09275582754423346,-0.18598241559579753,-0.03369636856496074,-0.28169717858442905,0.042481926176117256,-0.05751814451052644,-0.03498741499321916,-0.10050449405580356,-0.33714471718840455,-0.3999921289724237,-0.16186675224685448,-0.1187431225924879,0.15459073733059261,0.018780435313825696,-0.03455971586837018,0.05787582369977818,-0.03931201982789039,-0.09811959827085553,-0.06199684466650453,-0.2709040511138543,-0.179257702212322,-0.061483359639194365,-0.21343416081602076,-0.1980481722486401,-0.13056867906904593,-0.04689968350701956,-0.058539589889764786,-0.12799114273081455,-0.10655411575627435,-0.07466503935757203,0.22862131244806164,-0.1736909800851127,-0.0977940348935335,-0.2868779167813387,0.0038318486101149973,0.10160622026983003,0.384841180008494,-0.07564423313543872,0.43905770329007604,0.1769329523610317,-0.09696471434588845,0.034146894874331084,0.23941088659334353,0.07311553970242413,-0.19413232741657105,-0.2091898780487511,-0.002933658592667983,-0.09107031229822578,-0.09880426511697661,-0.18512940765867864,0.013832083461416384,-0.2872423929150796,-0.11297920187790951,0.009315147018880358,0.029352594107692694,0.02354176965045371,0.0918943822471104,0.020740233939007504,0.08413398719372323,0.1343193365706428,-0.07382249961263537,-0.06786417257397268,-0.012345998995377815,0.030746579267438297,-0.008962170396285838,-0.09639229846280839,0.19272489985929517,0.03157233752960465,0.019088224732156673,-0.015469711635034371,-0.060806118179990626,0.20652988972328082,0.18314976127937324,-0.012121156074822123,0.07080283753308811,-0.055282252770066195,-0.16960563122242453,-0.14348698133673599,-0.17416473147764677,0.06392372483906077,-0.06459240338213823,-0.0879187105121849,-0.07259823663271904,-0.08528463728301869,0.008232750746269947,0.015203124731422052,-0.1386067177622328,-0.004679100242215731,-0.04890890655718095,-0.046636298728718155,-0.18804713418016367,-0.21662100775459692,0.015819566484360198,-0.24042873445271196
0.07246892918863984,0.3461784422738557,-0.35803536037117106,-0.03792486306967452,0.05393361561189705,0.27430287146299503,0.11110539065424804,0.2872898167745346,0.05518739799366005,0.3864842827876503,0.12897795054072933,0.4131489248079834,0.3068736566453856,1.0,0.1035511438366182,0.49421669800899776,0.01516256212600219,0.061801484706116815,-0.10753464843479231,0.19314254653902552,-0.16734276854072636,-0.15034392762281806,-0.34700776568911806,-0.2287333921566598,-0.1367577316668708,-0.3106910172256831,-0.18938398514020974,-0.3620152893384464,0.07541461438659389,0.34234990213648764,-0.30738840889995195,-0.33949184422785117,-0.08074348336289502,-0.1843412831423129,0.05365947043365884,-0.1469710591046419,-0.0786620024648999,-0.11430870804085794,-0.24064510631640995,-0.10990961850201145,-0.20950306604764077,-0.20847241866187552,-0.0664831694342166,-0.00392998347591583,-0.09713885484087312,-0.030725408694703204,0.0016832678548328562,0.08486357679989015,0.16025963090245932,0.04719245783081205,-0.18276780144379473,0.1399491725392004,0.3704584051662383,-0.03153118593174385,-0.09136902332142274,-0.16367931259133525,-0.1395589414757497,-0.1569238913480482,0.31322246917423047,0.27788372667899686,0.3303827407860588,0.5847245005226579,-0.028066001020268672,0.1763309183860508,-0.1430540754358234,0.1414858932185862,-0.042083104829664826,-0.30785304589609824,-0.039224656186939336,-0.11326353802945459,-0.004329616382570348,0.07193213662919598,0.16264879445156957,-0.08849401836426059,-0.06921523011623339,0.1240581353204029,0.11959068143911696,0.0633032382729313,0.023386127962945254,-0.20937347718829685,0.017508973288890443,0.06867202268573484,-0.26882827634600165,0.224091107748125,-0.32316012335641825,-0.07642644854245688,-0.33539290918830755,-0.17528374576307432,-0.2043367466439546,-0.015856583528249518,0.10904254871977413,-0.014363991203199158,0.2133298368755849,0.05024987343144873,-0.04221839805031304,-0.06535489447249634,-0.06205078599181324,0.10307924987166378,-0.02125684607185702,-0.05868558031849029,0.20194714162621866,0.11296331590639505,0.01928873487816687,-0.04102698381294205,-0.08017708359089833,-0.20780243813160001,-0.12074237107365846,-0.1881101476891564,-0.12829375855869637,0.04560811023900332,0.09965671676430335,-0.09718016564321316,-0.014592349534798212,-0.010153310171174167,0.14840220446441804,0.030981936349545363
0.1720114983868495,0.003086910629599406,-0.08501614387852638,0.12057290283602608,-0.01584301105852244,0.031057944139113173,0.0448622706572236,-0.07452332352099296,0.24265080798955332,0.147312692458052,0.48555330503770394,0.13639397018254293,0.4954433066699082,0.1035511438366182,1.0,0.3667613163653595,0.1695838936951371,-0.16828755609535387,0.4826302417721253,0.1899852793736015,-0.012720989611083769,0.031814393524697976,0.3337716567286093,0.22377014528164693,-0.08648555803640091,0.11934273371979495,0.2998459857471735,0.2778896647602766,-0.16004066143188236,-0.30136462153760774,-0.006524107020955931,-0.03258955961304346,-0.3094202193981022,-0.2631348114595459,0.16070072291063067,-0.06089600111770434,0.07642074197021667,-0.06258069341879109,0.21844321740238054,0.054447413613485034,0.000303253303487964,-0.11945366725289333,-0.2355792498172781,-0.30841628338419597,-0.49181985070315326,-0.5259985573896911,-0.23835078963770925,-0.1811403689892036,-0.2692213200761017,-0.378236868612651,-0.14214442708797576,-0.30385708960323027,0.021309285484026132,-0.11370674422125922,-0.04098439166187595,-0.21753356842022173,-0.052789178158201694,0.09903566618041343,-0.013142438608922564,-0.18559426611192767,-0.059419629264650276,-0.14776098884139202,-0.23397862672878783,-0.26061636540066635,0.3376206596455747,-0.08844012800924933,-0.3240195185860435,-0.28014356076822716,0.07228251803498265,0.14039685512861033,0.042587731384618494,0.23883375770691892,-0.2752186609866638,-0.10407906651489954,-0.11975085000268744,0.04307466817663947,0.02597563188812711,0.08393892103989882,-0.0562590002379392,-0.1457192038899228,0.0020164928453844148,-0.021752721632264375,0.44290852796909036,-0.04392634453330232,0.1330335752867258,-0.1325058668718063,0.1883873195997701,0.0035311760587071303,0.4950561057927091,0.18024312700058287,0.1306838816644324,0.18079826738049035,0.04991259939811448,0.2690790284763862,0.22329635622292748,0.048833864785220074,0.04963029907637435,0.15198754241130064,-0.11607614505899416,-0.13367470092146527,-0.18585041789489387,0.1700817626087229,-0.016319069729016155,0.09215331619312862,-0.021749815261167833,-0.007630077968426613,0.0879955508963191,0.029479543469185215,-0.04487862941095269,0.23301131869540773,-0.06684698020860497,-0.0501620060489406,-0.12202885167737197,0.12270655919418953,0.10342497790777862,-0.13811508401974834
-0.10223083178653143,0.19695141543269123,-0.31819337936087183,0.3168727249164096,-0.046756734721998226,0.2927146042433081,-3.19863463284556e-05,0.33092925305152765,0.1560364954878409,0.49755230305503123,0.09123960598597701,0.3438520771125885,0.10904943797656184,0.49421669800899776,0.3667613163653595,1.0,0.09612607455962163,-0.1298680638933817,0.0434248298674979,0.23309208485358668,0.07188280242564818,0.11398310306046017,-0.12190805834662831,0.08696553444285161,-0.2388752765241174,-0.04735711637908142,-0.054277260194344715,-0.13476681571598548,0.08474654150408226,0.16121877059671683,-0.07791061987040396,-0.06400192733422447,-0.2609678208129402,-0.12636109971354711,0.027366295587185247,-0.20319607792493133,-0.0132737296141927,-0.09611855401333547,-0.10171118956976859,-0.02228178841304612,-0.14060796418828309,-0.10592775789378289,-0.07733432113984227,-0.20221569791359545,-0.2871603189778024,-0.24246242014294395,-0.11080296315219938,-0.023956566265661783,-0.1746362123186578,-0.15782634672989207,-0.2218356207286433,-0.10520711093923388,0.12959490283886857,-0.011630927419029742,-0.12890543981183053,-0.19552751998128515,-0.17009677884794625,-0.26441273265961274,-0.03359923755379097,-0.06308512136550448,0.007850113123620843,0.23663362824481185,0.10818526786440764,0.020865364859821663,0.07861791297463575,0.0119700882183021,-0.23481478970255548,-0.3201927698359421,-0.11527056077546863,0.008091843353488396,0.06999388744105647,0.27523467084702746,-0.0865289038087999,-0.11255761987584485,-0.15231045174219893,0.0030220293299660396,-0.034995828488691955,-0.01569199423852664,0.03867541360665513,-0.1913116178173265,0.12228429772524486,0.012560735087844346,0.1482317167015362,0.46662487431327676,0.034695766097618416,0.02163128787365429,-0.10068880853617032,-0.027931232879773633,0.029261481359925574,0.13778099414853967,0.21337472490579365,0.08369215135320926,0.2473942206588568,-0.07810293487667955,-0.04101756067043499,0.048449673648402726,-0.20057273965632622,0.11243441514579926,0.051077522449017726,-0.014685529594816726,0.13014378634615506,0.019404011387896842,0.15852182142481808,0.03069567178430497,-0.17112976092801327,-0.1900702531623902,-0.0864907289452569,-0.19641138914610018,-0.00343571130066708,0.19251836181359078,-0.014823545837262182,-0.03297499490914991,0.008240599000890938,-0.018160768573100467,0.17948738693902969,-0.016648560300505783
0.2314044178578098,0.28579059979469407,-0.5054427190654187,-0.2599796809291116,-0.28662696872378357,-0.24868619943381062,-0.25950500970582135,-0.30460125737783056,-0.14278691073996952,-0.1482894617767492,0.16655274940453782,-0.17226988448597172,0.11645928115396839,0.01516256212600219,0.1695838936951371,0.09612607455962163,1.0,0.579034785909175,0.29211346382294423,0.3178213436460037,-0.10602693670811009,-0.11003581221525,-0.27518334308068304,-0.2603750202457416,-0.40560967611340876,-0.3299373071078961,-0.18900142482973598,-0.21388146213372,0.5183314928942557,0.21378129423590292,-0.17112920501982892,-0.2226564964252747,0.2754956163720397,0.2729207391752612,-0.2742545719683117,-0.35666143703680375,0.18892475077826326,-0.08089906248449708,-0.026193337997341495,-0.24604018460993224,0.02520641710043154,0.06452803537681974,0.07758052837017146,0.09531555856367584,0.12128537260098006,-0.22874009282909158,0.14780664325591758,0.043408024476788626,-0.15671144590235947,0.04779823333359091,-0.23315942326481232,-0.09572255396793727,-0.03917991168203706,0.25654170522852393,-0.009480807858579226,0.04582601488296313,0.4346875865058512,0.3582388924885514,-0.015033776402841212,0.1701589086929989,0.1976463002242279,0.08553556478338877,0.46883895411737014,0.4714946389446522,-0.11698382382379649,-0.28904193399595796,-0.1469435064914983,-0.5543184402284548,0.3487509277129249,0.25106519586345954,-0.03206216531507573,-0.0688128395892168,0.46212660050944215,0.07230155317053458,0.2452324523822365,0.1630751388278387,0.1178553239905633,0.0439161276344578,0.5126069620019003,0.2552908708258248,0.5474431922215216,0.4494795700384787,0.0907063435495602,-0.05682678279829836,0.0014538080628243137,-0.1392726344618946,0.06666375239094936,-0.23388227763398528,-0.032506585142461124,0.17263555092288344,-0.1782109054162136,-0.18056726340911472,-0.1896476446891883,-0.14127973146741402,-0.10670086035996694,0.010758844235313581,-0.08635059969179275,-0.1598682628872702,0.18507426783431935,0.34360335545778364,0.03970334869241952,0.18739277857671216,0.028629654132936055,-0.07458995490101487,-0.05123821256447656,-0.13343279166607236,-0.07088372575480727,-0.1211347091474848,-0.31199140525136276,-0.14902347497436066,-0.1629375913780664,0.18223694670818905,0.252643975328726,0.08135507933044721,-0.12696135613821782,-0.11754275670225649
