1.0,0.6587183805248562,-0.2701213583078093,-0.359001785381851,-0.3000272563409386,-0.3751979755613914,-0.011280141362033043,-0.2939035666394052,-0.11469056379393644,-0.12537929930349276,0.39395593994844225,0.022165490861539138,0.08251812546793053,0.09420497430034101,0.15976886707741472,-0.13401645258693443,0.34527437226912344,0.11468753394560903,0.3696666724550988,0.5348394161260307,-0.20752413706018177,-0.4841853322307388,-0.2811603529172595,-0.47390547542994355,-0.3807873097517305,-0.47378427236667925,-0.37942034613700304,-0.37247734819077644,-0.10820656060252333,0.36588428253611693,-0.2061671013762796,-0.33140074315656093,0.20340777032766494,0.18598762884938033,0.041224900685127644,-0.08412042457449978,-0.05228307024456617,0.085901239200225,-0.00629927431398993,-0.07997094326878422,-0.26086275167372497,-0.12083598212331315,-0.18648699222075793,-0.1905876181498952,-0.23738745388850582,-0.45502643708094187,-0.19899875550298,0.12915022675445764,-0.1679831133698781,-0.1463342335970008,-0.4738463135810778,-0.164821552835948,0.018842229506498546,0.09772759677155474,0.022947544693360633,0.06143550822788079,0.6348625506160964,0.6083307624951102,0.26451808375665925,0.017476469766740638,0.2900929993995622,0.10073524398097476,0.07465443116722208,0.1761967383366261,-0.2070292038553281,-0.41466908899211924,0.10773607598219444,-0.5172859310362299,0.38339362203642324,0.290442612340368,-0.2266002198040341,-0.011008733716097901,0.3139258737378845,0.12172515953665977,0.2843041454310619,0.1413301068662278,0.33195848667256755,0.27245287759319914,-0.28828537815656763,0.005212879596526596,-0.1928453019268524,-0.05424648637407214,-0.0017430026165082362,-0.1388676776431085,0.08346646141099182,-0.25932415221219035,0.07485935356289462,-0.03575044806855699,-0.026560133683032627,-0.037785983817982094,-0.3093743564261092,-0.0015161279524916525,-0.2871714409179371,-0.09147308390854038,-0.19823373579109846,0.22308992615627007,0.2546810542711519,0.22448702795469944,-0.03159608286251217,0.42916978712622705,-0.05963757675914996,0.0568229509405616,0.056321260546058745,0.12854673383400583,0.05259897751204515,-0.03739694981903802,0.1480894622321669,0.027042438812742507,0.2988844932192389,0.2987612518268191,-0.055122139540294664,0.19957021366649974,0.09790403996942762,0.06658140191625168,0.17427142140722043,0.1122182509167431
0.6587183805248562,1.0,-0.4189246659186461,-0.28391393795685355,-0.034864153951225926,-0.33001168526178987,-0.2327791315245804,-0.37065911664858103,0.00943044390889926,-0.2539679031090588,0.1711081203100879,-0.038236659489733725,0.01663826959677847,-0.017834884425320746,0.06307190630175272,-0.1734871690959644,0.29613018901840565,0.13223706040811167,0.2900565048926752,0.6083573194483698,-0.1688261357741427,-0.32445413528197187,-0.24692819702560784,-0.4891225526478789,-0.32462109736937644,-0.4366868617321947,-0.16183339661514354,-0.36180966262596165,-0.08642966006883124,0.3269406490292481,-0.08768111517430277,-0.2715974105714,0.18821665527853562,0.15215206766250722,-0.08251294141426037,-0.0908047364252365,-0.00215615018680767,-0.0035079919903278464,0.2793116628722511,0.014661549304574216,-0.062437850729328316,-0.058300471767767384,-0.0030854573527417987,-0.07043730055799635,0.015090949415832685,-0.18763399781635318,-0.23811573700094832,-0.0012079426048042657,-0.2211619803520374,0.04717615182818314,-0.44433559452076754,-0.17829390995940073,-0.11422409509289375,0.15663141077476803,-0.040998132027810864,0.04121046863766454,0.6367526370642245,0.6975876757453499,0.10155448070154534,0.027421594979514862,0.18682266577585022,0.16777992399449823,0.1815972325634222,0.3975835668027029,-0.20185899455074405,-0.38469015428671605,-0.12218306969699595,-0.5178926088318688,0.48379304059260086,0.46096824727631086,-0.2452364545720987,-0.07172251822151973,0.21059087277486335,-0.13064857584893058,0.03533633528870072,0.03270910865750154,0.05981321750408222,0.12949316071884912,-0.102887802681376,0.15581867219304008,-0.06968140128498237,0.16826424531163628,0.1999269140843004,0.05737856264881117,0.10080862933567658,-0.13464848557986858,0.12880055616866284,0.07115927632331633,0.04831526554207853,0.029873855522994642,-0.4350546777582126,-0.1979528731651757,-0.4248569852855087,-0.07127461440738131,-0.06285104307374619,0.013207156030528506,0.10137993162796637,0.09067773016589073,-0.08711920006237796,0.3279448501729082,-0.06496370935997735,0.05294415272943895,0.0016314505436779607,0.03583887134251403,-0.011583705582703996,-0.025681049280548325,0.10040797371969172,0.18288135919218027,0.06350370034809798,0.005619151133007948,-0.16427564007656495,0.11091294986193542,-0.0245123555574747,0.0200030535432436,0.08773149535600532,0.0548843817122521
-0.2701213583078093,-0.4189246659186461,1.0,0.3078119225086186,0.254950543383315,0.10144725815649006,0.5849966395182795,0.2591342922964382,0.2784271186948542,0.09548704572274717,-0.2919463288811922,-0.008135968921116206,-0.13909596151125941,-0.20515341518079075,-0.02067314864218431,0.053293761025088066,-0.4092152213360021,-0.30716031961749546,-0.04875599254177656,-0.43331237181205773,0.4215830565544525,0.2405625011172419,0.3185011722285543,0.24675126438375652,0.2836424465557662,0.23057681392121238,0.10905182161147761,0.2433390168442543,-0.10796176181367084,-0.225174645748108,0.36479474434491777,0.11531514461507744,0.10616564705514979,-0.014741037967894959,0.30357351790869436,0.11077127726051654,-0.18217966424404777,0.08642119053029716,-0.26993896501603964,-0.011814766679106924,-0.0567605747984494,0.10918444291010893,-0.09967739425320182,-0.0382155083879112,-0.18068849118525512,-0.10665948554606208,0.09782255362529822,-0.022277475301937247,0.07667691973561498,-0.30303382755739455,0.19052546733002523,0.11936934856321359,0.03240194976092819,0.08289955999448717,-0.05787949536160453,0.044435329795580625,-0.4370822746392291,-0.45125285420228445,-0.12766131920268883,-0.18358686803071012,-0.04272442318938937,-0.2169176219683284,-0.40288294641537,-0.2803868217550669,0.2728767813218263,0.19181091503672437,0.298375929380768,0.22693363436216332,-0.3541114797347068,-0.37807583373674664,0.11797820546722103,0.006452442056716638,-0.18729162964008364,0.29141499622731576,0.0934170035412539,0.09360971104979923,0.0794292107927613,0.051468087781898465,-0.07532444591156695,-0.26587031208528905,-0.33355053137468943,-0.3626997376490243,-0.36583607629764436,-0.12489780481471091,-0.07313722974352938,0.04112681782075819,-0.2757628867755801,-0.18839693193451043,-0.011602393810247738,0.05149394114135677,0.11686313762871181,0.22156265751298196,0.09406439910723045,0.029383396921502533,0.06658678819577807,0.1411894440746397,0.024220617899265835,0.08699351538600236,-0.03264889808940381,-0.24135625907080352,-0.2111322640466919,0.07718817608280228,-0.1365190361435608,-0.06834134426314893,-0.22855144328257473,-0.11052071681838652,-0.049586667994020714,-0.15410548488617506,0.044202570527845375,-0.011091383961056722,0.11954605941372735,-0.028556706716658588,-0.1508316892948647,-0.013018145272122403,0.0052494473162265735,0.05969378135413389
-0.359001785381851,-0.28391393795685355,0.3078119225086186,1.0,0.11757179898124424,0.18619320815506296,-0.007340088373689827,0.3917224758932994,0.18521794243883608,0.30289150407746607,-0.314529201859852,0.027749888289213084,-0.2677626704130952,-0.17259310353065727,-0.018680305847235873,0.15826304781447925,-0.2869951647291255,-0.08813845605235227,-0.01759134629237944,-0.13859895849672202,0.13963806345064694,0.2778699188329065,0.43682861803874135,0.6066583610816528,0.11486843036420166,0.26230499626170006,0.13103625979229605,0.18774708875087398,-0.13056755846781526,-0.1781667604620641,0.40965375393506087,0.39757343676145446,-0.13638405335710302,-0.005075925360442486,0.06990651535705426,-0.12964683183396064,-0.04154301605518364,0.13668999178360358,-0.025151299964865786,0.2491082537378029,0.08157895934915235,0.040105804593926916,-0.11119191086002084,-0.20844549389613498,-0.2890118793828903,-0.12258656637845841,-0.24025426591952317,-0.33038035489743683,-0.22782627733892166,-0.3829281925694313,0.21689670448415554,-0.0575173015854998,-0.09569920293641115,-0.05196828326193533,-0.16003103229075472,-0.18368721821780318,-0.3776743693661888,-0.33689941731362555,-0.34026876174746506,-0.3698997604519547,-0.10903580395052595,-0.11527633810920707,-0.21226277459097043,-0.12208925032633877,0.5068749775262404,0.3346025644804108,-0.16746789244358198,0.07462079499563569,0.006633242329801988,-0.039795371483568154,0.12510133423400452,0.046254064631806834,-0.3229487163839286,0.003763859143160161,0.0430206079577042,-0.14715337854147836,-0.26675707462522374,-0.2618848870000509,0.24118663369637444,-0.007614655195500967,-0.11408090109068231,-0.1511761053516391,-0.037004381317631396,0.19595382321999,0.3810533989204436,0.5174420972586421,0.1311099505313276,0.3225150002519302,0.4302434207664637,0.216127064250345,0.27102136797144666,0.05936930798050173,0.21593191209757429,-0.0508423175923212,0.2189314343942852,-0.15739077375017002,-0.18429198053444287,-0.04720771022347033,-0.2527718812866778,-0.3188948348948173,0.05662191487571242,-0.09169828606285393,-0.07818100660366081,-0.3041985050835929,-0.31323591103990217,-0.1020039501668105,-0.06935083570441564,0.052813891708879145,0.011931229514393694,-0.18234833844924492,-0.13092438962592326,-0.2815227499576048,-0.22274496199020685,-0.2122983805523079,-0.11373766682217377,-0.15160968350796591
-0.3000272563409386,-0.034864153951225926,0.254950543383315,0.11757179898124424,1.0,0.3907009525388227,0.33055356214406345,0.17425612361612167,0.4703033660556077,0.18790805208087022,-0.19535298823573977,-0.08998998127011262,-0.22467682802393601,-0.10082743405080645,-0.05616903113560705,0.19787919645476862,-0.23706174200945548,-0.19442425284483544,0.07567387565729919,0.0756285633605147,0.1033096905303433,0.1548576419506675,-0.16806224025663652,-0.11893155089813315,0.029248128031278634,-0.1390960051836976,0.4681602089555483,0.0067157409237487255,0.15163826348528595,-0.12932074949133837,0.10195235526367916,-0.0716847585156984,0.12503858225814682,0.1146417534364966,-0.04052702518454258,0.060464317293445535,-0.06407907260630498,-0.179546554802281,-0.11304197943589339,-0.012397105099082418,0.0777372848582084,0.1805868970563702,0.055206081350385156,-0.08549503567286308,0.10615915277248139,0.1623438513947615,-0.029066709214498353,-0.21973325310359795,-0.04919548963282202,0.06953189538477307,-0.06177138921741564,-0.029030363109923872,-0.24882574460770815,0.09329971280173056,-0.1773425916151645,-0.07309387218402294,-0.2226654922857629,-0.2567481033216066,-0.03946561305825568,-0.03748839199777882,0.11034734450771387,0.07087065216303665,0.048032931527847975,0.011308831617602771,-0.061934239700769014,0.03380451630238024,-0.05460656151416822,0.14573209816431332,-0.2256804168127782,-0.01844334062080408,0.14815094016519023,-0.09867965775442365,-0.011411931995236957,-0.018788603170846237,-0.14002053187776578,0.016609889039894875,-0.26762299254423005,-0.1453712899709586,0.062123059039084286,-0.10148770887251651,0.04057570583627299,0.054811970563980184,0.037099872913513104,0.17228058696939372,-0.2191504019004342,0.02052195179888067,-0.031922426698739625,-0.0711039216206011,-0.06582476987233105,0.1076743998283743,0.13465789305878495,0.20830211719799252,-0.008285978155458605,0.02629391277102366,0.16426437141576988,-0.15642136435223872,-0.16571756373926785,-0.07732456354619201,-0.021776940200747753,-0.1522676644390035,-0.053672893988558186,0.24875918077512607,-0.0013909828946569707,0.10176468769125441,0.00014716154868812915,0.004633670286611781,0.10597430852962143,0.0357454875604078,-0.22350814831298557,-0.2574170747830817,-0.22692969946003533,-0.13264921357090945,0.05863429188886015,-0.13639730367030872,-0.08518334049559585,0.07616904884501174
-0.3751979755613914,-0.33001168526178987,0.10144725815649006,0.18619320815506296,0.3907009525388227,1.0,0.08353570666471229,0.4134566189640668,0.2157080206541717,0.4972314298927402,-0.12835706436260377,0.021371327231006865,-0.0736538976525503,0.029859296415913287,0.12828313436825253,0.4038965839345445,-0.17259283045958349,-0.0696857145457357,-0.07981496996154291,-0.12385480723591588,0.049748764790717076,0.3307284121511087,-0.12862896936055637,0.06354447835790361,0.04049933158279995,0.18364401925544732,0.4460754720367014,0.3287698094933283,0.11379514371250773,-0.23391489309895475,0.015131798492426324,0.0458579670531173,-0.1628622760491249,-0.03953875114047866,-0.23650283158020172,-0.07192557365822755,0.010090572993486877,-0.23085754192717903,-0.10186092980832573,0.0616866022554248,0.1282133351588052,0.15044059565133952,0.020928094844812138,-0.12057977830210004,0.0015973133912332805,0.02750503920253497,-0.028290274738429468,-0.3175239375072351,0.19774878827800205,0.04669369015294165,0.3561817501234751,0.1341910534592616,0.16746099866934833,0.0013596051574729317,-0.04348557091792618,0.004286919419860586,-0.27756113666489063,-0.30054101728695165,0.09656273341734235,0.14440177012792238,0.0810591704402606,0.22497554953063648,0.030673442507173146,-0.16042415751096947,-0.08393861531283991,0.2096757058875804,-0.11931220125957955,0.17861709906975434,-0.21019527318803116,-0.10612598968101572,0.2304202279891683,0.15271639851549218,-0.18995998620669519,-0.06649126269746124,-0.021450014949675734,-0.10969760187645833,-0.317898884062364,-0.349264393492659,0.24949112943035648,-0.09502994282568383,0.20562096290625925,0.01861472187017172,-0.002895884929535542,0.1824967609178377,-0.16277743920343257,0.0019443270883967429,-0.09558601422364373,-0.02308332282169348,0.05711188258706445,0.14628918057011675,0.41555832796437764,0.03988094820709901,0.3319834937389891,0.047123425032773836,0.11022991714827954,-0.28385320928717683,-0.25888023201202354,-0.27605677839247417,-0.15885475688390116,-0.24354280186374916,0.09601326951984028,0.11004115898902334,0.1528429705735089,0.10997118811694981,0.09040771375528461,0.15426063180787283,0.007504867559318568,-0.061340225735705994,-0.2289464650478453,-0.2186307814992197,-0.24668464872606882,-0.41104265591473743,-0.0344534403300833,-0.09115691712077945,-0.12695587517529747,-0.020760852361231073
-0.011280141362033043,-0.2327791315245804,0.5849966395182795,-0.007340088373689827,0.33055356214406345,0.08353570666471229,1.0,0.2934067671009549,0.46796345444031634,0.2626655599766444,0.042764302632902186,0.14244812921450478,0.17616485577635163,0.19581933545098382,0.10173696920034479,0.20414881813109864,-0.16330189456407052,-0.14343729091772703,-0.004668671429816519,-0.11535440134971232,0.1184233594720837,-0.16256253179097013,-0.11081114468749728,-0.19117162639042204,-0.10428099805543294,-0.1877777614141163,-0.18945764468333026,-0.1500568061820405,-0.08194964885473423,-0.015141239638444713,-0.03277060356625358,-0.3200508322888408,0.18285530984961676,0.13846550071240926,-0.010555855654827596,0.014675367838208055,-0.08416286739782772,-0.023282261251076197,-0.4280990378439512,-0.2983693217021079,-0.2269681460777796,0.04574254052863564,-0.17718282971399243,-0.13871390064038042,-0.1131113825335767,-0.16663895434388806,-0.005083797511000137,0.025458004275131754,0.2261173266900966,-0.1389079754770144,-0.04458829197365282,0.08840640707577122,0.16385885792904537,-0.029722934110527365,-0.033385815626356126,-0.03777967210667588,-0.15877092090717396,-0.3360877986422051,0.1919262402789325,0.0770198855268606,0.3395681699298086,0.08061828790589284,-0.11248604417854247,-0.1573713307155667,-0.11204111817808943,0.1539011638238094,0.17648580515302253,0.07333879179785055,-0.3357091866101333,-0.23327206279946933,0.08861374146056,-0.06297086290679063,0.12943572244159576,0.40771322666498494,0.27330830710861326,0.1724610124189017,0.2545761731518581,0.07076585165598527,-0.19228456081598017,-0.39173833252776596,-0.2937716544300849,-0.373143143716914,-0.3227211388914349,-0.24163664475116045,-0.2967182165262383,-0.14844211585604383,-0.25709563506569355,-0.39787552275692106,-0.05681980776391686,-0.010123322787605128,0.21161701718596113,0.25798645000182824,0.06433000993767744,0.18324521752961115,-0.1611905547927956,0.22254477299322317,-0.00410255357090329,-0.006625519176806445,0.01746448727069406,-0.0348445093426524,-0.04792044656168482,0.1095369796221506,0.05470582469561085,0.11945668521008118,-0.04553931810473815,0.03033632687867503,0.019147058613914886,-0.010513211800398816,0.11823506647749418,0.1098053863563183,-0.044800104382952496,0.14210533743145234,0.05256317851286768,0.09720019375387504,0.05243266530225461,0.06436802080300094
-0.2939035666394052,-0.37065911664858103,0.2591342922964382,0.3917224758932994,0.17425612361612167,0.4134566189640668,0.2934067671009549,1.0,0.2785565308989324,0.6443886411767544,-0.042508024441908744,0.3664022091632321,0.12014843763402962,0.2772675441231861,0.03941777808945466,0.4224486282798492,-0.019866039159796928,-0.027316615647475683,-0.2953164686020089,-0.24255134599352746,0.012036676839186314,0.08459373892372193,-0.10441402967908539,0.10380003105315308,-0.01473868922860995,0.1309357391683791,-0.03855729490818801,-0.09539447093587118,-0.03320402972348461,-0.0603817317772268,0.11202792702656603,0.09978442405989936,-0.1367236829096802,0.05832377295726574,-0.04974141569470173,-0.0014460849633565135,-0.07673710729007607,-0.13360243363534216,-0.4400784668723861,-0.16389165175139875,-0.11173926013270953,-0.007947772971860731,-0.20063407072654152,-0.2060918867027977,-0.06685638766183162,-0.02523593002638362,-0.11718394086296878,-0.18461662136286905,0.08182876663233317,-0.10299074970212355,0.18113367295224037,0.03805250091571595,0.03598690598957247,-0.25906220146093917,-0.22995961698170186,-0.34905958907181445,-0.2708961056753657,-0.3787437045063118,0.014119320779471308,-0.011654854270300677,0.2741174518421935,0.487228249681446,0.05038838074156576,-0.06870894746065852,0.20504640111999412,0.5012645853519199,-0.1114076270557249,0.15053198516317234,-0.2521628430590043,-0.27146247612532987,0.12684244853619359,0.10794760794262762,-0.06577956620616386,0.053567194994599006,0.05324281280755715,0.13409432206559319,-0.07339492689158958,-0.1107897542636036,0.07239670220840122,-0.283139502256764,0.09144909114650461,-0.14388391145671042,-0.2638988812988886,0.09324090928754299,-0.07672252872851354,0.02779143230989457,-0.23698747032309814,-0.2066619392309204,0.10720930179855828,0.030111356872596542,0.22540740000866324,-0.07769100912740588,0.430367321721025,0.022432272503002684,-0.09588109616912052,0.0686601092338444,-0.23188026476167875,-0.09285677292978423,-0.14046472035259747,-0.16219139405891478,0.32719151819911707,0.07093917587989099,0.1395550439118233,-0.1508363285287613,-0.0842543645671258,0.0004449774298524782,-0.08485286686044596,-0.09637364107465839,0.10377469520396837,-0.005030555313383681,-0.173777951540062,-0.09684253591244274,-0.028915345932599142,0.06559454735261148,0.03853677124849179,-0.09230687915195035
-0.11469056379393644,0.00943044390889926,0.2784271186948542,0.18521794243883608,0.4703033660556077,0.2157080206541717,0.46796345444031634,0.2785565308989324,1.0,0.39412715803207304,0.0452842074136983,0.12759760222906488,0.10619370583331175,0.14448026847225542,0.21123363026695602,0.22181156877135128,-0.03759948752509138,-0.03849912654598066,0.0922433944767717,0.13597971215018134,-0.15883913342925238,-0.08431974255573656,-0.05781736877381167,-0.026787194303168206,-0.21001037237068734,-0.29123729930658027,-0.07624457016240437,-0.21975748140763707,0.13392390941991517,-0.009169908985475572,0.1333025403375046,-0.06809769464682468,-0.08542263234087104,0.05111481366979821,-0.1599660245788643,-0.24413294534994323,0.013031883006840836,-0.15590424578954762,-0.26248570480158195,-0.1584168978751675,0.06054301640486065,0.14916160253704264,-0.07443211706472014,-0.20327283914002273,-0.013365102904850963,-0.04417372193214227,-0.18624096276277374,-0.2409501575648441,-0.0016628227306194215,-0.05951199047548407,-0.05765328285644812,-0.09738994472130565,-0.09234191723607071,-0.09248441932371879,-0.20105020089444722,-0.09600008654817406,-0.05383353600511757,-0.07254937581987697,0.014626802114606433,-0.01615883839510868,0.3003058433357597,0.19286985865597442,0.014864518033137038,0.05483703318988414,0.1241126072249149,0.11083145448184832,-0.0728135098144354,0.005495269554718238,0.0071785466858622915,0.16482730549181165,0.05139130969837936,0.0017407858044908096,0.013083470949624481,0.0698702205787369,0.08808264825067469,-0.018153095540489005,-0.12351844858482823,-0.19796329169620575,0.06313546896197636,-0.0077390418094369015,-0.06156791082559461,-0.0690489540333648,0.0312874625754031,0.14094360865672806,-0.04465872793945588,0.09966683400471889,-0.058172042003839054,-0.2089379728424459,0.030318983895983802,0.13121620351729932,0.11722619240372223,0.041955777411334945,0.036193272355997855,0.308832107350597,0.01381556279651617,-0.21305065667932985,-0.33121679357940126,-0.09349112807104594,-0.2973395681017704,-0.34407102237270915,0.03229723416710471,0.020661504827983446,0.04061631780656586,-0.03660140982322751,-0.20654138569144415,-0.1263616850251886,-0.02244330942245689,0.03423708501485416,-0.15674540757630684,-0.2326053711928179,-0.30596100955222805,-0.26049977449193257,-0.2379776291909596,-0.25479381039053356,-0.20208066855726192,-0.1874849563883912
-0.12537929930349276,-0.2539679031090588,0.09548704572274717,0.30289150407746607,0.18790805208087022,0.4972314298927402,0.2626655599766444,0.6443886411767544,0.39412715803207304,1.0,0.21623007622932108,0.4519847158495204,0.24018573359013148,0.19485566179422917,0.2569610252329456,0.3777959153836393,-0.019398517720049944,-0.06420901681548695,-0.07971324478359025,0.006904212564929232,-0.19427110803747014,-0.0888414737564067,-0.13371181187832248,0.04088271466813111,-0.35117436842058924,-0.2079911582712203,-0.09889963856217916,-0.07245923234956388,0.032176870656288964,-0.02885400402717588,-0.15230838710725808,-0.24686628446455322,-0.2265402860936777,-0.08395633893996607,-0.1800997558199355,-0.18575059470462282,0.09207326344153526,-0.14470004195260866,-0.336059526211993,-0.13693866983935954,-0.1465347881414985,-0.06458558103276713,-0.2826402196495077,-0.2710521991907315,-0.20949431320413703,-0.15545839137298126,-0.19751341865283403,-0.23767906788817394,0.05441426195085943,-0.09534103051665654,0.13652450560527146,0.128116815965916,0.15602149417780575,-0.08799822531709621,-0.08999063783392543,-0.10278332526507951,-0.20941843961908407,-0.2401318420592848,0.15994304069991638,-0.010131216419987663,0.31799289134606495,0.44573053662395884,-0.02492721847246842,-0.12887298686831877,0.20720690787716564,0.475248569533858,-0.14034382753373142,0.045226851590987514,-0.12682975178919584,-0.02598493386215105,0.05897568346993358,0.0662140849627427,-0.0629110766038097,0.03432026442386446,0.2125939624793897,0.042963772239761736,-0.00984168621882298,-0.15929395353375406,0.08554683260385192,-0.1994477753699681,-0.05978982559423025,-0.16661984073120306,-0.08591367550143694,0.10542356771454962,-0.006295028578190105,-0.04269119260244535,-0.03168686528352634,-0.04763213709160225,0.27151734050056997,0.12217968508647963,0.2678641432003013,0.006054837421532165,0.4220314838015192,0.11296192858658818,-0.14093170255800166,0.08430522878060305,-0.24820275735387323,-0.1941373916949519,-0.2759193357359831,-0.23040425438154444,0.07533859295281001,-0.02170742429364911,0.08998243982489633,-0.05547776443490994,-0.0658704509868186,-0.05125450065516015,-0.04269647174990982,-0.09585183976150867,0.09301749982774538,-0.0747765526776536,-0.23111304607027208,-0.3162901525177997,-0.14403362157514116,-0.04344613105028364,-0.09780190500485678,-0.17407351644635752
0.39395593994844225,0.1711081203100879,-0.2919463288811922,-0.314529201859852,-0.19535298823573977,-0.12835706436260377,0.042764302632902186,-0.042508024441908744,0.0452842074136983,0.21623007622932108,1.0,0.3542658787490753,0.6812113580906474,0.5533262463710866,0.3302171331187138,0.17938865945806845,0.34001965150032015,0.2502062723478814,0.051349478110305144,0.30341674232753346,-0.2278698979893454,-0.5076426037822654,-0.14355616053865208,-0.17070187261025768,-0.3206155569865233,-0.3756946726688721,-0.2872549658766767,-0.2518866831842821,0.19698864153728432,0.19919380504473136,-0.1475728075164713,-0.19962909235092927,-0.15619047104211545,0.050810123015904304,-0.3169232842197984,-0.1450959093361479,0.044578254009517586,-0.22595582015154214,-0.2617244096156768,-0.35230356334908697,-0.11349587378783746,-0.11905990250567214,-0.20110570366930156,-0.1196935685043604,-0.15855596152083784,-0.14785156454884993,-0.14544090603919832,0.11928695948212285,-0.05859369490471365,-0.08519847094043045,-0.2308083202790208,-0.07153490231886407,0.08824152057204117,-0.08853319917365701,0.04461403106224994,-0.10320271412267114,0.3304617480499396,0.22139148791572386,0.20811114926896998,0.030221223700235222,0.28484644570124723,0.18175064186089665,0.2460587410713479,0.11755486872873831,-0.14106704694278482,-0.02892491229331812,-0.27430424718055135,-0.17347357720732903,0.08987836358748755,0.14127080530472097,0.008481919642544212,-0.09831724029452267,0.41023256060775903,0.037005517393345545,0.22830106192667196,0.27432768372434013,0.1904615694551846,0.03313860996964484,-0.2636840133055581,-0.015411273163049567,-0.02459852955941279,-0.029102211466506225,0.07565861730368037,-0.10568372898166922,0.07668141945226817,-0.21761794128559336,-0.049086839966546426,-0.15416022473254248,-0.0339948848379939,-0.16476599177156287,-0.16131699107154365,-0.16276018204105938,0.08131788791173862,0.09246507295942169,-0.19610625236463466,0.13784958311868556,-0.08063429239442427,-0.09867077216114105,-0.15639480815851764,0.06476326512913354,0.12819444572431035,-0.041662020161205696,0.12813825665661802,0.12368144007109852,0.12070109450023167,-0.007113589986981129,-0.136423594495717,-0.007608160778751768,0.14350966581533914,0.06335338443197189,-0.08640879177020208,-0.04298910158788451,0.008506831959896695,-0.032130383905069206,-0.07140904002645841,-0.1435147792451597
0.022165490861539138,-0.038236659489733725,-0.008135968921116206,0.027749888289213084,-0.08998998127011262,0.021371327231006865,0.14244812921450478,0.3664022091632321,0.12759760222906488,0.4519847158495204,0.3542658787490753,1.0,0.48536153435990964,0.5593176752478659,0.22855901725380065,0.3145452582076652,0.16036443238989823,0.20643878080605157,-0.16259058139351606,-0.07994106797931894,0.052600308806407654,-0.2646028371407484,-0.1677470194053111,-0.05755717010910938,-0.27390516970538636,-0.18657654045804076,-0.26840733589038024,-0.2071596001990144,0.03961399971214791,0.15837010790098324,-0.18266801422544465,-0.22278305512631955,-0.23683266457861876,-0.01849006214373862,-0.17438450192460175,-0.15132444859993846,0.05694330119659263,0.035056073921503846,-0.2644377804716673,-0.15656567288632858,-0.22911543035143206,-0.14464143220240455,-0.28969665334902855,-0.1466700803804975,-0.15679326899899698,-0.14349463072149857,-0.06618280690234053,0.002096156159047931,0.05509583004715696,-0.18137220267480647,-0.053705325823439815,0.06647794180908319,0.26560701150418997,-0.2699575969733515,0.07057526684190624,-0.044109404889601335,0.0064187160575762785,-0.15173290675651555,0.12328174004707958,-0.021377978105558075,0.352791761943707,0.3529386456996384,0.22283216947852785,0.12064727217044742,0.1524507576498658,0.40152701162949267,-0.20437737361074773,-0.09362732866897985,-0.24271156860893314,-0.2747358906212172,-0.05344470980638509,-0.0270934730633155,0.13909989238552087,0.09787935966227215,0.11166826687969013,0.15476550782813137,0.23750485908903157,0.10021550736512516,-0.06289097522864644,-0.17903282748413896,-0.14381982252793868,-0.17029086063447035,-0.12444011902865262,0.037682321474168085,-0.01742641872318808,-0.03864880440496732,-0.027677660984970393,-0.09285891459675441,0.16587537560033028,0.2536169563456661,-0.06711435577811711,-0.22175007108782724,0.16727540412131514,-0.0002763667889731453,-0.24925123750674247,0.19768845191209913,-0.07806622270845115,-0.17185837935486512,-0.0769337362152318,0.008167515705933721,0.20860927824499648,-0.12764752606280852,-0.007568996893009004,-0.15939160336891767,-0.0077204695669940175,0.0477273720918202,0.012373075848591675,0.03736082896493545,0.17173800325838975,-0.07133229311498775,0.005053472025326983,-0.21046954464170042,-0.06063691196944703,0.08564240695161679,0.045430940359886075,-0.06400286528496664
0.08251812546793053,0.01663826959677847,-0.13909596151125941,-0.2677626704130952,-0.22467682802393601,-0.0736538976525503,0.17616485577635163,0.12014843763402962,0.10619370583331175,0.24018573359013148,0.6812113580906474,0.48536153435990964,1.0,0.6376935343332256,0.33055930642951914,0.2588450171484349,0.3391753976374169,0.25817860471652326,-0.20401718020308124,0.14150324611572665,-0.07153716612690147,-0.4438046522864916,0.009262611855060918,-0.069252312076613,-0.16213625760857991,-0.15318042636080753,-0.327559004395716,-0.0754733614852779,0.14364150354494015,0.13184592892295358,-0.11975513941318672,-0.225805050245491,-0.24290086575036857,0.00010107409446507281,-0.45256738949019887,-0.1762345537994416,0.10115159916476035,-0.12695369736144305,-0.21353420748975208,-0.3071726011027172,-0.07909479054054434,-0.18238228819142052,-0.38667069964634826,-0.28477275320365186,-0.23870048537498373,-0.18618232257564682,-0.2698854771245646,-0.03759561683599233,0.057584888854410626,-0.10159412949752732,-0.0342852610265879,0.007903944240137031,0.2420833887862981,-0.15589743735735254,0.07072829790419712,-0.21796090211681682,0.26784653080785464,0.1893393981377279,0.2517518883525532,0.12122407919201564,0.3053338172879786,0.2215373778488269,0.2104873468866532,0.027538199973338832,-0.1693746097413279,0.1717061627987167,-0.2718494357995152,-0.12994190600487907,0.03924746821789077,0.08178932863153418,-0.03647387869799694,-0.13368982154967432,0.253150797671481,0.02618929570679004,0.17363942963830875,0.2069889467081395,0.15492791422559868,-0.046731500824839976,-0.14118175226055218,0.08267665675503487,0.0930725244080487,0.11719523979872278,0.005260815341968856,-0.11297513749162633,0.01934313266466093,-0.21748908558465313,-0.1474337166200353,-0.26082673340684026,0.0485952650673983,-0.03180417056945189,-0.089913704998719,-0.20429819746602446,0.1623628168825443,0.3035443789970639,-0.3123365265259205,0.11623643924159915,-0.26287566146638386,-0.2746674729627996,-0.21878196851383638,-0.04637136331844009,0.22713657340818683,-0.07909672157093545,0.13129569386212483,0.10955032859479102,0.1559760016500767,0.10305521550657669,-0.1860891549702919,0.027441086786343948,0.055793751155022,-0.08150241010070548,-0.09061557562957717,-0.07909123638948864,-0.16001766775648868,-0.0024582274837080067,-0.10901511761729031,-0.16623817533676694
0.09420497430034101,-0.017834884425320746,-0.20515341518079075,-0.17259310353065727,-0.10082743405080645,0.029859296415913287,0.19581933545098382,0.2772675441231861,0.14448026847225542,0.19485566179422917,0.5533262463710866,0.5593176752478659,0.6376935343332256,1.0,0.3035335728858388,0.5666978568463795,0.4339945162175545,0.4013776948294894,-0.016488464683220475,0.19087525136848973,-0.18312750071232173,-0.4191079215713069,-0.27027472797576046,-0.11897044033321037,-0.26863443805975185,-0.22608930956839043,-0.26654571389003645,-0.35661381406138737,0.34642380358594926,0.4368117532969743,-0.024917281819851787,-0.020562299481602216,-0.004503965622101742,0.18228290852204052,-0.5176219118691288,-0.3827850946331971,0.2515334088214159,-0.19580303510292962,-0.274154614478373,-0.37610483171070236,0.02335079594816731,0.013781438513865537,-0.1496694927996609,-0.21321053316433214,-0.12163254083651422,-0.173955850494029,-0.21588482520719066,-0.1531829367211119,-0.01838268333373523,-0.08273019365132162,-0.10407122358283548,-0.17793741938614646,0.13528512040804008,-0.3173475922087118,0.10343182371319065,-0.1991361220397087,0.22142966856284327,-0.025080407103392644,0.21052221827591194,0.1442453863664798,0.35773159480895866,0.3487980873475016,0.5359510271546282,0.30006014840549994,-0.25190751163218505,0.06281600041662803,-0.34016296054770173,-0.2907902511047209,-0.11205270435491319,-0.11859592852690241,0.06446018753719124,-0.05351808134842263,0.5264040104256325,0.1420586470977081,0.29495880811059216,0.2428778953554254,0.03370329746278792,-0.15911598923712914,0.013865304964893738,-0.06170272820520879,0.19406469153916645,-0.00023498048852747935,0.0476239970578251,0.17535723078663024,-0.11430522260625245,-0.021259911460751884,0.016882314948453662,-0.22846294386622165,0.07740546661176904,0.20461803740998705,-0.05341003909245,-0.26990927417611704,0.056823654440449886,0.047474257370780606,-0.14892254014276377,-0.04286851008282137,-0.30040963048650526,-0.2326526960707127,-0.06453703509237217,0.04060654429688618,0.35782416924540233,-0.07572396255999402,0.16213135842262316,0.06210611157837861,0.1834280901390113,0.13739391817402652,-0.09061474734562674,0.10517526117843985,0.03607695909849454,-0.0010008165703207807,-0.28084908357784,-0.05479390535201356,0.06216320419966365,0.04299562247845698,-0.017524834995958007,-0.15713463798363161
0.15976886707741472,0.06307190630175272,-0.02067314864218431,-0.018680305847235873,-0.05616903113560705,0.12828313436825253,0.10173696920034479,0.03941777808945466,0.21123363026695602,0.2569610252329456,0.3302171331187138,0.22855901725380065,0.33055930642951914,0.3035335728858388,1.0,0.4345891594690522,0.11112267571377188,0.13436658400037368,0.14776178180684008,0.23331925548149338,-0.1595511649315109,-0.13162078375858927,0.23741353721877795,0.09931148820453052,-0.11567134676378332,-0.19259545536276879,-0.12367043557369702,-0.07998740692782166,0.16421779722783206,0.006828332161465759,0.10238279759095696,-0.08492280425984398,-0.1605224598513851,-0.004963707442184108,-0.22571351887727042,-0.2684517082847527,0.07180360972795527,-0.0771940797460313,-0.006424370861434073,0.09929016299438116,-0.004737847130532579,0.14341990755537662,-0.24094140055290098,-0.22545836555980878,-0.462934525703789,-0.4350436396364861,-0.1926678298855805,-0.22326184864932888,-0.15796628156518738,-0.3668069469370063,-0.06565408002303429,-0.1529600347790298,0.2896143874623791,-0.07828129311114149,0.007251767706582907,0.04210907818454697,0.02479652126856744,0.04964476091216881,0.048848962267578774,-0.0823394930039232,0.1351589783739314,0.09211139447326255,0.046444311474557604,-0.04936215365252313,-0.04000226741486827,-0.04916656491980963,-0.2704609021853061,-0.3280843951345187,0.14942139865773862,0.17453377219124844,0.010015991878291006,-0.11137603839363523,0.07580954241348364,0.050830983553314515,0.19126882390922714,0.011162160352306147,0.02498096737561619,-0.06432081975662493,0.07393211900487809,0.07579122955139252,-0.09186717182138379,-0.1440692799781058,0.3088613822165797,0.3922439034889448,0.12455977053341132,-0.1376277599181024,0.2315210716094354,0.2329540535114384,0.25238662822343,0.1486303202544014,0.08547813218181806,0.029497661012687564,0.07652092216292225,0.19135622900313035,-0.10963405336381545,-0.10421491750078302,-0.1239557081272498,-0.21310263911042102,-0.2667917897426759,-0.15078245517278058,0.07208862976388311,-0.010880412043684746,-0.07715511993478776,0.09376914276039433,0.001936389665770903,-0.013780706949945994,-0.06284613624323157,0.03813142452651183,-0.08168096523300446,-0.029494921825904043,-0.09992208107440094,-0.20520841488722336,-0.1428834448597681,-0.03600848489016811,-0.07755843557552676,-0.0968158224997133
-0.13401645258693443,-0.1734871690959644,0.053293761025088066,0.15826304781447925,0.19787919645476862,0.4038965839345445,0.20414881813109864,0.4224486282798492,0.22181156877135128,0.3777959153836393,0.17938865945806845,0.3145452582076652,0.2588450171484349,0.5666978568463795,0.4345891594690522,1.0,0.16018723416061828,0.25708327213009546,-0.021346263014388068,0.16959772836886894,-0.18570952460226414,0.08423310963458587,-0.07218791045834427,0.12368313277305988,-0.1382931144309546,0.025513603883332937,0.0589790957486917,-0.029974953012352316,0.4771154667220004,0.2467873723650968,0.2427443260877303,0.18079983228247853,0.004644177797845842,0.173787519029599,-0.5167015646551758,-0.40494698235192583,0.19571149484161035,-0.1832504657502638,-0.1444612969270958,-0.1836444000159208,0.16531993893900174,0.2501258672350521,-0.07546940333959581,-0.2016070447376702,-0.18682787673538898,-0.19935107488195658,-0.2677158135011732,-0.5608137076694079,-0.07409014282665735,-0.20003852491422613,0.04486288315822076,-0.16783645209509698,0.12917668405588514,-0.24796317733090983,-0.09895226491682407,-0.24283559777867397,-0.03980715071939282,-0.18201979612660968,0.14540265257831786,0.07945495405435386,0.26319905548701567,0.27702692544644997,0.3217736024196629,0.07582964299009289,-0.10855418384987242,0.10726358955627503,-0.3706201769137193,-0.2958413957871007,-0.12555395215811696,-0.10232007245433555,0.08029852894823737,-0.06847539838954567,0.1760040977604558,0.12281528860429528,0.196471630310987,0.15739882480636308,-0.29060190356460136,-0.4459116075168029,0.27958842074346496,-0.011588635615038567,0.2837655632449316,0.006888842675385335,0.18332607876708504,0.5231099678784961,-0.022820187514484155,0.14069693005451464,0.14878282592176498,0.001799149608651446,0.2662366717861018,0.35879099423182154,0.198149300040123,-0.1643049583646658,0.18880261073460833,0.02746626315062454,0.12344481023327246,-0.29783777562258223,-0.4826644329266984,-0.24892073176978352,-0.12027967457169028,-0.25127907640256314,0.3303142886834915,0.01101582096170025,0.15337365683563323,0.11344507478792457,0.12154439612598261,0.15668128046823226,-0.018663274478426525,0.14250891608692182,-0.17926136024276165,-0.14813124229860708,-0.470734845778119,-0.29750798829799613,0.0600147977715367,-0.08171479176756274,-0.20809453871760222,-0.026424741474686066
0.34527437226912344,0.29613018901840565,-0.4092152213360021,-0.2869951647291255,-0.23706174200945548,-0.17259283045958349,-0.16330189456407052,-0.019866039159796928,-0.03759948752509138,-0.019398517720049944,0.34001965150032015,0.16036443238989823,0.3391753976374169,0.4339945162175545,0.11112267571377188,0.16018723416061828,1.0,0.39181728229256746,0.02847569443865947,0.40586086992143006,-0.2079148101928984,-0.27552283030369945,-0.3095793616613356,-0.14913014405416125,-0.2756104577392085,-0.255570699999672,-0.4265595059846354,-0.42946172763617724,0.36456266731571246,0.4334769448428266,-0.0744581446462486,-0.03194234025561845,0.02740309936263625,0.09450460951056093,-0.36745021918874393,-0.29114664520451783,0.1375662329372224,-0.20174696720991747,-0.13708381005072234,-0.2991623321676779,-0.12963100693736285,-0.03625918095972668,-0.019373622529784494,-0.03956466597371762,-0.007762705780617536,-0.0868661187055597,-0.18014147288641585,-0.004077732310348693,-0.09082742014057398,0.11675847228479266,-0.32263259179737264,-0.2639250250876837,-0.007788103814104788,-0.14556224990855213,-0.26617594335487144,-0.2957741682274392,0.5835333544604644,0.45139353079402306,0.19838596346429357,0.07319144213589572,0.2331047710478312,0.15776437892313838,0.45361206783489055,0.2789355876340638,-0.2826369728237915,-0.2456712770475915,-0.34215434901520725,-0.4469602490866156,0.314816441475424,0.32214673455519205,-0.1062105458058033,0.11767523511596122,0.35999363487501035,-0.07329241116429397,0.12016472929266114,0.10911622789107396,0.029981697437308902,-0.01067799921879156,0.2558989782315483,0.28718980869187233,0.46370137015544716,0.42077513340131856,0.15955995596662612,0.12072441070641611,-0.050087255060429534,-0.12429706437385299,0.09251085192862614,-0.12273019688000326,-0.0885552808932655,-0.07379475820918178,-0.15202662155552582,-0.20995360280054676,-0.12306876872487836,-0.025111130890657727,-0.20137056749110416,-0.015655721738765237,-0.21546055174486953,-0.0436128280636149,-0.01974830201793883,0.15997960036217296,0.2449382393686964,-0.03371894974235573,0.23269089625540998,0.13531763520391915,0.1347723811170071,0.03934852926509044,-0.07300011030270144,-0.03325297343302576,-0.022098023349800457,-0.024859475920582758,-0.2918690397227659,0.007250735604475331,-0.020945182776066322,0.06826023002117321,0.1044176040871361,-0.05128758207677011
