1.0,0.5350733566013338,-0.14171984063588505,-0.10072617591477993,0.06015980074783894,-0.13467320819775513,-0.0745616639283848,-0.133330015640439,0.12676858605111677,0.06688809237505275,0.25362685732899526,0.31363599936265846,0.23903570703101196,0.19470888349303267,-0.06381602098189972,0.2716030424678688,0.3016246920268086,0.19189396684835774,0.13021313284635774,0.31226363436965726,-0.04211921470365881,-0.33118739176540135,-0.35484472008699036,-0.31883723286753485,-0.37797916941286175,-0.36863667548460793,-0.08582510788891486,-0.23200008281618265,0.1896772077121001,0.23840503716299632,-0.26350768836876215,-0.36955933547346337,0.2538229562395931,0.2886411317209286,-0.21305729388463518,-0.2675502608622721,0.20578165401291723,0.06514683794317232,0.00754577683461358,0.17175831182690032,0.06823942160677353,0.07885916765774516,-0.3251557843923397,-0.27178396260825777,-0.1646789139015346,-0.23884973349885852,-0.18735164570030968,-0.14497413849345614,-0.12148100623172478,0.05735826494295715,-0.31529277217967483,-0.17806649856668774,0.09082347434341984,-0.19151278327871848,0.09184104834539335,-0.010307104230721847,0.43406779738525536,0.2805883776330781,0.3899471993103278,-0.005132921408731476,0.24693710076240732,0.20540753231373407,0.1930493063194477,0.22885387818942557,-0.3179453674692671,-0.07594669638149312,-0.05284626917485033,-0.3328042632415893,0.40181234093499757,0.2018159302726092,-0.0010455765872042638,-0.07317097748269544,0.23266845918356271,0.20599640915834255,0.1743951540621946,0.10449744303047169,0.05593659766724527,0.07237642105484554,0.05230530311412652,0.09788387742432719,0.17842708291797657,0.06878178200732349,0.0012709869802571784,0.06823321356048784,-0.3308220814539732,-0.3327952871428047,-0.28336460455793433,-0.13549207959715873,-0.13014368524963196,0.19708249659192795,0.0027227815034806925,0.11386062703455506,-0.23422082753126652,-0.06416980125634952,0.028245958864705493,0.03883393630528825,0.07264295992017844,0.058021029704405036,0.06428527813946218,0.21193612348543503,-0.09533125691032915,-0.0490337708043914,-0.07269381639618626,0.1106804617345123,0.05286544045867125,0.09607466040790182,0.056260604804100355,0.051254861257331516,0.009005119024454679,-0.02780234778636766,0.037697007140044494,0.04138495496458211,0.08719696468830417,-0.060106159094982556,0.0010422419680399353,0.11935998455905013
0.5350733566013338,1.0,-0.3054658335092626,0.11627096800528366,-0.07670651579651776,-0.12782947924360458,-0.016676434167973878,-0.12063304592510138,0.1133243776442614,0.12325603073791738,0.1771511209281796,0.28024472615063234,0.08445666405902014,0.29413997433255545,0.14977406914730296,0.2768743062348307,0.3152899963626627,0.39728886618063985,0.3267805961625402,0.4829221258867374,-0.13892902299933244,-0.3678252515507195,-0.2683396221088047,-0.17294675565376305,-0.18214263821614676,-0.3052493089399591,-0.1492229281213386,-0.1979635528899527,0.33353886331424515,0.40246508183825347,-0.15786498284425682,-0.20837259687442464,0.20567067821646856,0.3991060812381963,-0.18588831018523774,-0.20713794971700036,0.2978456380315705,0.11924604217302512,0.17070906204104566,0.22587102715128307,0.2019200104673871,0.2969737886759381,-0.3762521412824926,-0.4830007538325899,-0.3128643185601371,-0.3315756804058563,-0.14298959468065028,-0.2979792119048001,-0.38510881236470995,0.0012384643941324375,-0.4105288284750896,-0.2720773880938279,0.04803989571208563,-0.14846622672689896,0.07968864496589019,-0.1194129302317521,0.2735728948587822,0.4702088871364292,0.08521621343317387,-0.0256221660265736,0.04631639122826118,0.28860785351293383,0.14860237692699468,0.3697714155300503,-0.21542317290329058,-0.184846537586394,-0.1685986931475764,-0.4938362128788476,0.48334272588173943,0.2405436467805043,-0.027401213070254726,-0.18396529692991093,0.2701755652702998,0.2529978412260767,0.31464303033926405,0.1119775078473259,0.0234207270613806,-0.018700839554778036,0.15576842347646072,0.1470638823581001,0.18809745003645742,0.1964752040481254,0.16667534264442319,0.27242829501732574,-0.15203876703209063,-0.22378903486195548,0.05115816183006808,-0.102093134731006,-0.047853906883746036,0.16322501451843222,-0.11016602699755645,-0.09178673510793978,-0.12020820667897286,-0.07971714778980857,-0.08836418322653015,0.04478778825510293,-0.09403980702783248,-0.07288060329472228,-0.013112680847235512,-0.02739209434531211,0.11462613367748649,-0.09567441657528122,0.09459036302568348,-0.10945307092616671,-0.11024109389162629,-0.07385552088825481,-0.028417107181061864,-0.04328628723645761,0.003044288326686597,-0.04412408862331377,-0.1358300904321187,0.007592266008826843,-0.020426032919992957,-0.28685766933944773,-0.02392837980819954,-0.024189290342088512
-0.14171984063588505,-0.3054658335092626,1.0,-0.15883394888689084,0.40904050124501473,0.008538925941389592,0.40752577055007805,0.05622199389519057,0.39174619190676957,-0.09417750746949488,0.2051127004723025,-0.18635843053076967,0.25080517463122537,-0.12552857217122654,-0.04569766673198963,-0.11675712301425248,-0.4119467391920183,-0.4546442704507424,-0.0007164336712398485,-0.30515089059037764,0.18389304445196553,0.016873453839380145,0.39329088460825956,0.05806982352894559,0.2503918062470096,0.22548073871666324,0.11312951385624816,0.20081881485506212,-0.2678222331407481,-0.34180554646790695,0.1440299147774308,0.053492027054337685,-0.34891292170343335,-0.2775884935101641,0.1705579955966719,0.10843605504419884,-0.22448005925382236,-0.047086495685504555,-0.17524903128667296,-0.0479460522893172,-0.10035466046135823,-0.29748031594159646,0.05708921629841694,0.07459424539154547,-0.021888655484529524,-0.08985310928023649,-0.13188907843193087,-0.012833187328785132,0.32380056944690844,-0.19438188450308086,0.5389437594623908,0.0981130807518766,0.07621309761084834,0.11886093337086388,-0.1031184439600301,-0.0007934791354760445,-0.36126902378226594,-0.3502652107594359,0.09688126390288994,-0.2485224392589503,0.28972647972141713,-0.3699154530023679,-0.18306145840574015,-0.35838155161492025,0.2310344325741261,0.009558290288576162,-0.03368036800733473,0.24787653180341174,-0.3136024972775533,-0.25157501734862614,0.1854077651470755,0.1467200536933439,-0.1054755632038287,-0.18843528447685193,-0.23156057832490218,0.17164083532695515,-0.07366801010158759,-0.18438365106009263,-0.36588545499766345,-0.14568167957354236,-0.3244225842264078,-0.3253411085541138,-0.1597166080767498,-0.3000252821318,0.03532737960952959,-0.08202580199633974,-0.08009278020563364,0.11443326886301076,0.36834462035281396,-0.005497601534202812,0.22186697434341782,0.3717934652175208,0.006948645685385324,0.42451269606384906,-0.20808122463743461,-0.005997361813995413,-0.11336467214853285,0.0046706672999426045,-0.12883335876095972,-0.032612972945499676,0.0717398837946579,0.1089598980893719,0.07540672314038359,0.1521988111473596,0.02738766628693385,0.018267928161037315,0.07346271156077229,-0.22556284483010508,-0.015503219176058075,-0.007752632237426839,-0.12881548336333515,0.00922764009083987,0.05380521735168171,0.05153546866740459,0.00986907627260663,0.054911530220703615
-0.10072617591477993,0.11627096800528366,-0.15883394888689084,1.0,-0.019326312425628645,0.13397680802607015,0.158412084657933,0.5648685731597174,0.26384528601398455,0.5131166449505409,0.05738354961986814,0.13657598653090053,-0.02254540065175072,0.043975518872425165,0.25036447795213695,0.28442530686645695,-0.1389512987651146,-0.0718598317363407,0.015757707152831778,0.20262054893523812,-0.3179819681582237,-0.025664815580180345,0.16603582890949428,0.4110807939008344,0.011771286352519823,-0.04428047590977744,-0.1695591338389194,0.0225578135633426,-0.14627922333730856,-0.08737333847962644,-0.12042058472841433,0.016884665132443223,-0.11866480477785223,0.08571024838335696,-0.10350157739443708,-0.018936145358021576,-0.06360376447900495,-0.25958837266235146,-0.23307940259671361,-0.013111237304038553,0.018438837152801348,-0.05537607045129724,-0.296174769079517,-0.2601771170513757,-0.334936834198879,-0.06433761623900489,-0.22889515981527678,-0.06537582023354786,-0.12408555377103907,-0.11945373324238572,0.09423454623284809,-0.06181836662292691,-0.2161775648977297,0.0003842664694548554,-0.2741640786328573,-0.12718863206656786,-0.1304096942579204,-0.2216947283518163,-0.27974524036426685,-0.15552160271821258,-0.0422617949887648,0.18105597686071243,-0.3178744848599854,0.011296872981468796,0.32497787129346495,0.36810984884194214,-0.17677108165553523,-0.10041741737283744,-0.06392209108373482,0.054513327000153024,-0.14190260924570097,-0.11554932791489131,-0.15834746552908505,-0.0910240699143305,-0.027658428439250603,0.058152618803458976,-0.12529273055773552,-0.12313177319211067,-0.04177469155627446,-0.17067147519238365,-0.1564774156792673,-0.11859567308658159,0.19776337963752935,0.24545930285919018,0.25682300842950107,0.15110403568864894,0.11498281179544748,-0.011116154945686591,0.34680884777169657,0.4268633222039913,0.002816361130886548,0.01650703286677557,0.3906238103069884,0.1124693168928694,-0.05922926586740648,0.05284147839155356,-0.3658030014870568,-0.1851925847495942,-0.19605290337213255,-0.2622221282580484,0.031936531309346455,-0.11540883585549022,0.0339584730631191,-0.2520380927907059,-0.20632424440552455,-0.313788435276502,-0.09229345828982209,-0.13377131724203983,-0.10342381551579462,-0.03254197061143008,-0.18018266569385955,-0.3213202814966831,-0.10778297525415934,-0.18780100132936692,-0.1327380600962958,-0.18943667036864842
0.06015980074783894,-0.07670651579651776,0.40904050124501473,-0.019326312425628645,1.0,0.1940192339882218,0.39617037647230857,0.058997203761433345,0.5572256715600479,0.30773666001031624,0.30736394958521607,0.18254084279572635,0.4289160825470137,0.2908276989317813,0.3183780515889377,0.3937152687454128,-0.08692506784547792,-0.25114769931241515,0.03907641045899194,-0.07409268583117547,0.2743694321610084,-0.05024554889211532,0.07924624170831364,-0.03120036542876697,0.08985843513041393,-0.11664591725149719,0.28091049066865387,0.007904195240157789,-0.030311781321670325,-0.14024227169664347,-0.0536095059755356,-0.13310892102152996,-0.13409020251536302,-0.004844471820989891,-0.10795799447016124,0.006816480861691499,-0.12849801627023874,-0.1128194966634667,-0.08016940074760077,-0.003276511327040286,0.008393635119722664,-0.0765244097486014,-0.1065885695160317,-0.18748480268320228,-0.16784149954394423,-0.08911969394911669,-0.28792479949220595,-0.27545623374642586,0.05894343361302087,-0.16325156948479944,0.051035140740383955,-0.22000082818154937,0.05735276721814124,-0.17644602364958115,-0.04057665454099118,-0.33930607885543246,-0.11214951062105033,-0.00873660748341791,0.15437034817335618,-0.278699278587881,0.39862344250088555,0.053841052004528094,-0.04264857973044058,-0.03389956990108021,0.0693779813072557,0.027088111309381508,-0.022620706759601147,-0.03564835041106593,-0.032207085849711325,-0.008679409011069303,0.17678324666918593,0.10288654390361739,0.02027308807098421,0.06434472474724556,-0.007297759597194888,0.14546269950871965,0.04381048969902158,-0.09873071923554926,-0.057608538397170166,0.12281423450853139,0.004016996414753375,-0.0637822817661415,0.20035714011398098,0.06249378889394149,-0.05058642791672813,-0.24723528052336508,0.017981806743301326,-0.0712150176826777,0.20057764270134257,0.01502220971716103,0.2176933422346963,0.2637337650535606,0.04730890432219094,0.24051896870746842,-0.25632644782515224,-0.11315417918448735,-0.2012321208820226,-0.16069777658124143,-0.4306435542065241,-0.3236392398951241,-0.06867800050767581,-0.0261330605435802,0.09529206256581949,0.10879739321226735,0.03343238574116248,0.02444008117412118,0.11299938451275592,-0.1436497458326392,-0.20110291511441417,-0.04937459780681264,-0.18831683558533296,-0.29678413953131616,0.041041051764900305,0.009734402339550443,-0.22274916193342217,-0.02426691776988364
-0.13467320819775513,-0.12782947924360458,0.008538925941389592,0.13397680802607015,0.1940192339882218,1.0,-0.2604006195618915,0.10134917574620976,-0.014310179749396091,0.048993069763216525,-0.3364248269288718,-0.3474609056253128,-0.24727254321845796,-0.3364569922953892,-0.03826795602005848,0.018766474186915964,0.02100467305361154,0.028321327539100872,-0.26335742778797006,-0.08286791577718765,0.260052328542197,0.45106831616129106,0.1445694222098958,0.11699264198488674,0.45018305170751294,0.4353777785716221,0.5518810908674794,0.5230143632524273,-0.1765771001670253,-0.22208418738712565,-0.1078689586981634,0.19163375751634676,-0.14077270952921542,-0.057093978533295724,-0.12214598618986204,-0.08551372511419622,-0.07263438252586207,-0.1017389686326388,0.27583296410953184,0.35551449860989875,0.34372122201435856,0.07713659317442158,0.2086034937848008,0.18991876745956346,-0.11841029306143122,0.059035117160798865,0.011482670671008112,0.10495234411848263,-0.10511557046211244,-0.03514011777458772,0.10505688104858489,0.16166404986824573,0.06410814007899944,0.05909488743316269,-0.012933172051949618,0.12036775957004726,0.2853891131693128,0.17734005484343113,-0.208433843887508,0.005416227677852802,-0.18653813801101576,-0.09282940543770045,-0.22821538087512547,-0.18419836288688043,0.0016880350047063977,0.020847010081626312,-0.040141478691664255,0.0789863721799448,0.15321510968787724,0.073140897182388,-0.0984572600118922,0.19826940948601257,-0.26874685673633963,-0.17466092274156594,-0.22529156030081543,-0.18077043523587608,-0.2437886076455315,-0.24074338651990168,0.11111584004479971,0.09595890987549857,0.00023467565908260186,-0.10094392687233233,-0.0280232837194463,0.007956235465753244,-0.047665147583535926,0.17368983682531167,0.22828388612070843,0.30919611622101684,0.058966878954143,0.0939215117065951,-0.13650749469803158,-0.14167184308007075,-0.06270349253121134,-0.2328471918605311,0.1556777119771327,-0.11911033549101166,0.04317249075553266,0.03640525149861102,-0.3556652403936982,-0.1369017539063447,-0.14927500433565719,-0.06394788530620765,-0.1625882941674802,-0.12374717463043167,0.06532070582867916,0.03638950492815228,-0.15125955381444167,-0.15113040788112633,-0.021671973857234277,-0.08191716572019506,-0.02245020668601885,-0.18122044475120314,0.07775602255728377,0.08166895978085013,0.04003366393264301,0.09435392079927508
-0.0745616639283848,-0.016676434167973878,0.40752577055007805,0.158412084657933,0.39617037647230857,-0.2604006195618915,1.0,0.4460191720394248,0.54796487295042,0.32347786248355825,0.5373407463995952,0.44967294383330797,0.4520286852087535,0.5077073599150302,0.43326764796299577,0.2756370123170158,-0.21355369794954648,-0.1453367009573985,0.2436166504607132,-0.09296582590243214,-0.09703490124916841,-0.23821508193879906,0.011374848345192857,0.03280626821637164,-0.21078055650049377,-0.23956149751936998,-0.2615157288025494,-0.33620654286210605,0.05906977316937799,-0.0305929113044086,0.15413499600326908,-0.01041505611146449,-0.25428782555450363,-0.10875680582378933,-0.21580634229928888,0.04820913754098016,-0.14082000952228568,-0.27584393420231074,-0.38598026770936733,-0.27040792700924865,-0.17057782462169577,-0.23879763549074673,-0.3690683651226453,-0.3702223182086178,-0.1193978406856852,-0.15448615278592057,-0.40705569128970237,-0.3384646116693783,0.03594946991468307,-0.21321496864993195,-0.012688444557916647,-0.1870372759424425,0.13053355572432468,0.06610635951880187,-0.26711671326472325,-0.34820895694092313,-0.4312346747323747,-0.38530783733263313,0.18621190907440222,-0.37439463096952136,0.5456535690578928,0.1041887191423357,0.10628613033668113,0.22613265251463074,0.542561444302003,0.25524117776818767,-0.3217032978758877,-0.18593670530612022,-0.29860188018528916,-0.27901354887249724,0.09842066534263307,-0.151222444009535,0.09741467057524564,0.04881836315201851,-0.0035605764567350614,0.2627036821730984,-0.052715437181894455,-0.10525243011881055,-0.23935377669932892,-0.21824969697477906,-0.11456869075807263,-0.1563319918403975,0.20952817804506793,0.24771928895631126,0.24732743875997262,-0.06576058317100338,-0.21231596693412588,-0.05478286154387748,0.2535819338106693,0.043786792685462546,0.17136815074576225,0.21511108821546074,0.17518573114916608,0.4358198891759938,-0.2885517395728278,0.006136979598642471,-0.4897552636866087,-0.17516716169484403,-0.1812967057154871,-0.1254508250592382,0.13680658561397824,0.3173435016516376,0.2438893605881607,0.08255891925382894,-0.10223148022862387,-0.14472114961973653,0.11588178157530979,-0.15193762120277346,-0.11212569001400062,-0.11144951638460997,-0.26276767071917306,-0.04729772251233016,-0.041324822230134055,-0.07527171632569127,-0.12955387855348852,-0.17787290004623266
-0.133330015640439,-0.12063304592510138,0.05622199389519057,0.5648685731597174,0.058997203761433345,0.10134917574620976,0.4460191720394248,1.0,0.396095965685076,0.6461179969605462,0.23007548977068662,0.39371316787621674,0.2525941952836493,0.31934381310843596,0.1910288088582165,0.3527558733758881,-0.3174092904274631,-0.20519210722244927,-0.16609450862698572,-0.19100924746746725,-0.2312528285641796,0.002608349904763158,-0.14531525036232357,0.06112306858680303,-0.278649527053251,-0.05416783871455291,-0.38078656044280434,-0.23021560593372292,-0.22330826349717403,-0.05589339828133068,-0.1321148032614176,0.011103095723580127,-0.1093448661840088,-0.026043343736798837,-0.24292321649132537,-0.023033068127902945,-0.13544228734832428,-0.31767589848268235,-0.3423750895790433,-0.136275496767939,-0.12576500438411847,-0.27433861969628975,-0.24144043087841727,-0.200635989329747,-0.25183588230660436,-0.07452519648748697,-0.25078448581621254,-0.033878072600559764,-0.0808365269331927,-0.22152631093670327,-0.0390579913053573,-0.06837539245698482,-0.060463622018405126,0.07507641096995829,-0.17332643074202425,-0.10801182099552764,-0.26839043388222,-0.3921374151258782,-0.05961133315135094,-0.19515969388323534,0.29660601163403205,0.347383315058471,-0.13813556629003543,0.06819799966049024,0.4175011377747619,0.6155922980349726,-0.2625409548345727,-0.003411225834902173,-0.2809285054434725,-0.11745724828735232,0.0947439821439094,0.015141484524493919,0.008241313599427808,-0.017335590944588548,-0.11698954435321511,0.20476473167441145,-0.08675340852251225,0.0721415648212645,-0.2823121202370071,-0.3270370200726996,-0.21891621850714638,-0.358778901565438,-0.007929149853467696,0.11781622870107725,0.07859565115186046,0.036534087035914625,-0.34236063475297557,-0.0873594834488197,0.15084777753924347,0.2927912591062232,0.08365949295872348,0.005819761156005037,0.41860685496507516,0.13461401989179114,0.12503501121312852,0.0669180229890237,-0.30312745605114766,0.04509560267106522,-0.056898318934035665,0.0011086106964343265,0.08393014325854371,0.07888090347992387,0.1302216690179637,-0.10800842118374211,-0.1776575071865589,-0.2670124897375293,-0.10921719512667909,-0.1297145472861855,0.04923017148851494,0.03232477371290566,-0.08185905285979299,-0.05701192728552996,-0.0885726643114959,0.011358452076411304,-0.01092563889971864,-0.12445900186350196
0.12676858605111677,0.1133243776442614,0.39174619190676957,0.26384528601398455,0.5572256715600479,-0.014310179749396091,0.54796487295042,0.396095965685076,1.0,0.5321847479116137,0.5058194869539874,0.39233565703216394,0.6777667123123908,0.5157050546500053,0.49436384443611114,0.5836039216292295,-0.19308155152619455,-0.2413857209141178,-0.07219120754188352,-0.11180994172920851,-0.1841782721926774,-0.31057112608383847,-0.004090928901240889,-0.14774481711166704,-0.13211678489992856,-0.30467704120459294,-0.12329892118375671,-0.22551693803336179,-0.07267935433803242,-0.02937840905475685,-0.159939634138266,-0.21426750306213896,-0.19081090538332837,0.0013239632523698033,-0.27096048194576916,-0.040495255392042205,-0.03898945846664495,-0.17395599914860396,-0.3067485171446114,-0.1026376689542396,-0.1607656288633747,-0.19528984990122786,-0.241794513002861,-0.26433393067863814,-0.28153763456700354,-0.08838604542841469,-0.41532348745996656,-0.29340968018621216,0.09053445931428682,-0.12774371651567476,0.028211762466149207,-0.2658651505653386,0.10046424189648775,-0.1564438977976502,-0.08237573977540609,-0.33835600183764036,-0.252972233123632,-0.14783751670802192,0.24172141957736495,-0.3206167866810961,0.6001986126415049,0.19518618155830533,-0.002248590823098909,0.10787300442984117,0.19999311204601997,0.282975221892445,-0.27755088051796356,-0.13149254538678135,-0.18999734956491848,-0.16209415835818414,0.12511511117174204,-0.07258248810950509,0.14423843198176506,0.06862936757761527,-0.009081963078482861,0.23526390977838424,0.06689821677177259,-0.025756884698195766,-0.2283091399227556,-0.08781668833458578,-0.17702761576045492,-0.2482590960948312,0.22254239925448513,0.12544300239880107,-0.05994367554119269,-0.3410249204423397,-0.18183394923079033,-0.18635810546207338,0.3920084231360804,0.19447143360098765,0.23046571243671865,0.27301763765737386,0.244950332148578,0.4187195444625649,-0.2652675208992854,-0.05037417678092356,-0.3432877618231596,-0.23226969860014363,-0.26368371917109223,-0.1859598558784008,0.02456364204184593,0.09168338935268774,0.2715731620743688,0.08212666610599578,-0.08668208095530107,-0.15461144234997584,0.12051826216413918,-0.2358930619731887,-0.24362814054566764,-0.03204082982528493,-0.21520701446485316,-0.24263445241431633,-0.08767803621883033,-0.1726741789498502,-0.262599043414087,0.012425698957670536
0.06688809237505275,0.12325603073791738,-0.09417750746949488,0.5131166449505409,0.30773666001031624,0.048993069763216525,0.32347786248355825,0.6461179969605462,0.5321847479116137,1.0,0.27350294382294915,0.46539085903141525,0.3409535903389631,0.4906372555580498,0.28374276553678257,0.6354145135145781,-0.10118372001243593,-0.09186805329109629,-0.0072765027923811084,0.07790825340837416,-0.2175162161835884,-0.26304980779328996,-0.22598124026517166,0.012031508577112706,-0.27038676291049973,-0.2664124310380215,-0.3511880682403858,-0.3505365700063935,0.030943887297630535,0.05568490882322032,-0.14260496194198463,-0.04841617541764825,0.07288675257929934,0.19982208104415763,-0.22264025131456844,-0.08163843210137602,-0.1466155173159766,-0.22495605853707473,-0.32417492565533246,-0.15451466469797756,-0.04061939238179786,-0.11110155779736626,-0.29601507424780266,-0.3017657711395093,-0.306501968524898,-0.05066661591020289,-0.2656056752027162,-0.2936666631915786,-0.1274893525852541,-0.11543215293381517,-0.2538404701788248,-0.26334816620027407,-0.06408303940406114,-0.2015079065818714,-0.18610305896183843,-0.3721866577511029,-0.1074339510166751,-0.1108299813081354,0.10770366979613838,-0.15453205438694328,0.3507597750822776,0.467457598195125,-0.059752116847989735,0.1559713102142589,0.2420134512352103,0.5961227514830184,-0.1790695493938511,-0.15648284180529617,-0.05080967964519391,-0.0005644403868657181,0.11417506510583582,-0.17550414673916118,0.1443254917028729,0.057869117517184196,0.038926345337714094,0.22618226511790826,0.019664055814780836,0.0019184304461171715,0.023075363860307434,0.02852535361079827,-0.009968088106268992,-0.09814471035079361,0.22789453776417462,0.17015644998618204,0.01029352500340705,-0.14877666896024197,-0.2918193754794173,-0.37824491148613815,0.21986180886811107,0.3233367883247132,0.12327923487652406,0.011760921794580562,0.4538387057871279,0.15957806316413511,-0.13210238053924578,-0.1670037442282536,-0.40185361731341546,-0.31450776424103083,-0.2315135838509477,-0.1475138284882265,-0.03486645128530226,-0.13061012655387258,0.1280658414108319,-0.11293434157833193,-0.1468285748591992,-0.24449694545448475,-0.04347776762520602,-0.22436157117644076,-0.117462898627519,-0.13201661765530628,-0.24359286325187088,-0.1954223384903657,-0.046681368767110876,-0.1431245949663315,-0.23506830248427693,-0.15394488131602277
0.25362685732899526,0.1771511209281796,0.2051127004723025,0.05738354961986814,0.30736394958521607,-0.3364248269288718,0.5373407463995952,0.23007548977068662,0.5058194869539874,0.27350294382294915,1.0,0.560548973196558,0.7260882864416188,0.5418228937159424,0.5314000592725968,0.535108017751985,-0.007875307936192556,0.01620521793116189,0.2131839047504455,-0.04606128763562767,-0.08324431550818963,-0.365220698723584,-0.011271703800762093,-0.0758027873477404,-0.3858295954210429,-0.3245743417345579,-0.2302224612381178,-0.21960058633645807,0.17982845245696952,0.1959603125236761,-0.1066458438557891,-0.23756870786070994,0.06988936009904063,0.1533088284563856,-0.17043555596980633,0.025096436896066828,0.06803633137995485,-0.11357887992827098,-0.086221169826563,-0.14983400101545932,-0.09905656871573856,-0.03441673192952256,-0.32363379764865385,-0.31743060097769155,-0.3704887903017029,-0.4192099135089697,-0.4115855344060404,-0.23975015198737437,-0.04722857000209192,-0.35593984703672765,-0.07865762831463145,-0.2880203157897916,-0.06907767580628477,-0.07559443940535623,0.01933663754333204,-0.39631412127187754,-0.2825026653835278,-0.22180322432502805,0.20800611934686966,-0.4227771956871148,0.6367629501079781,0.0933056527636017,0.28424656535580545,0.17943302967528849,0.24875183060768988,0.1139103353373476,-0.3561527932194115,-0.29978206454053424,-0.18371109146271233,-0.20178316928218856,0.09890567279669961,-0.06874534837816285,0.28347708400659655,0.22574447719056598,0.2551834700659222,0.30303938918279544,0.0762898410123137,0.11198169379937319,-0.18873980627011205,0.0024012689227268344,-0.0493884515801749,-0.0857118110230313,0.28685355283592573,0.1880976926291077,0.11906430868537286,-0.22521418361225293,-0.13552837065849724,-0.12413133574719763,0.14391268523146508,0.0010952077457564318,0.08653788360127454,0.10228852386020477,0.03817484255683178,0.2284570507995377,-0.16279953213887804,-0.0004478600218745278,-0.278101243073651,-0.11038493795984952,-0.18883566082364148,-0.18599252407013983,-0.14807329977598976,0.07608958788864006,0.11095667643663436,0.0008204442649480073,-0.2160872773968651,-0.13919649465426678,-0.07185463122039602,-0.07806469457845604,-0.10317456708976089,-0.11339283376611346,-0.13175911196021567,-0.09786577311656228,0.038892811760860374,-0.0926242395147585,0.008433161421895112,-0.1096690337855272
0.31363599936265846,0.28024472615063234,-0.18635843053076967,0.13657598653090053,0.18254084279572635,-0.3474609056253128,0.44967294383330797,0.39371316787621674,0.39233565703216394,0.46539085903141525,0.560548973196558,1.0,0.546777017031912,0.7511441367216921,0.33874614756957516,0.5664541412107479,0.01021005781057445,0.1206826979937968,0.11329501907057621,0.058527105400843146,-0.19917024934485142,-0.31632793635492534,-0.37625686537773445,-0.16361855148931642,-0.6042400732107136,-0.46295061086611033,-0.3935430529248031,-0.4944416597309177,0.17937151258015963,0.30926138638942813,-0.12209204923916483,-0.19014237772510448,0.12829756591605646,0.3375869142985261,-0.25224855860011924,0.04081071299289993,0.05090561580530421,-0.15437475243342164,-0.1221700318884653,-0.19661989475599922,-0.16255241261210507,-0.018780486271535897,-0.4623075150186369,-0.4649112285215536,-0.12917158685745395,-0.19180513231207988,-0.29360740974125815,-0.3683256521493125,-0.04286837710648567,-0.1770115086972206,-0.34904516075687664,-0.32014144870374084,-0.006681260672570284,-0.15349779999768276,0.022782876383120314,-0.3856661099143552,-0.18863329408069957,-0.20779775248186186,0.26760295322031497,-0.27606832382647734,0.542853410514981,0.41650609359387997,0.25109333635755965,0.37528328715369186,0.23024342449855278,0.3712135715668724,-0.1597924623921847,-0.27290100312712245,-0.0222190458953947,0.005463595967345832,0.21544656930029116,-0.12090572971274652,0.3123691288410553,0.27588947656637325,0.16853298467174008,0.2818521096899835,0.12795391702285658,0.2652186456502859,-0.20222653834723675,-0.11775583034533141,-0.02990926440897963,-0.06029143251466978,0.23078692211489577,0.3046767600719711,-0.033650631094616835,-0.22416438485664464,-0.29723127150907247,-0.24885994157986333,0.026825125967909424,0.060223473219676533,0.0510040043767135,-0.019722403117310834,0.1514086195623011,0.06221383206472635,-0.044779467936563365,0.04175841646632343,-0.2535347742061947,-0.15318406333490792,-0.09124922023654379,-0.09109842645136815,-0.002388003689491558,-0.029272316556965185,0.10931696053989921,0.029802810761561972,-0.20565948060887781,-0.20156583727039523,0.001675478926941795,-0.0858838625512709,-0.10963797485249793,-0.07315240794480107,-0.12729626038936476,-0.10030904833688586,-0.2005734624798986,-0.16835318134586275,-0.11559925045532679,-0.09627122420900415
0.23903570703101196,0.08445666405902014,0.25080517463122537,-0.02254540065175072,0.4289160825470137,-0.24727254321845796,0.4520286852087535,0.2525941952836493,0.6777667123123908,0.3409535903389631,0.7260882864416188,0.546777017031912,1.0,0.6320962868552842,0.5513399232865577,0.5788796699984716,-0.1600020387263564,-0.15030492580085064,-0.07857869308470254,-0.27110243636284137,-0.09863382766222184,-0.29822458730556406,-0.024629860814903065,-0.2691787720715519,-0.3779580598276066,-0.34653390307186244,-0.2579647401654207,-0.22145857608363895,-0.013290988126826584,0.07509369517006123,-0.16435294828254332,-0.30504865186032554,0.00018484401768471291,0.10526381600317851,-0.20263193598046406,0.04039471944744393,0.042117508703826315,-0.039505905688994675,-0.001349824811137958,-0.17290004768681083,-0.20954560050365065,-0.12150031065765593,-0.1518343891535097,-0.13140802988300518,-0.21142388829764774,-0.22880257638180113,-0.25486441584395664,-0.1731119252710562,0.0024236735383457242,-0.29468531523806657,-0.00745590325860738,-0.30307700271906574,0.041558317538942034,-0.1666131202315637,0.20772247326212326,-0.31442177081139977,-0.2863676613772655,-0.20490074293458313,0.2615425945887678,-0.37317004981669805,0.7277766825315788,0.12365444536482595,0.3067822699594871,0.09055139157659815,0.19279017789174074,0.18798590789869057,-0.23657452439632098,-0.17934820114720748,-0.2590432624862714,-0.20430358233149032,0.15753553246274032,-0.05967413533015437,0.30588250059903904,0.19633448110012838,0.19726600368535338,0.2745454539384745,0.19042799667645433,0.21469385466233468,-0.2755860455582241,-0.08425518271976844,-0.18735383345138915,-0.21219334525300956,0.14394326298872198,-0.0115117201427067,-0.14886239724577144,-0.3184025501791947,-0.2734212786396416,-0.17766358781810082,0.21326460682058565,-0.016448448228385232,0.10041318705627927,0.10478832537093755,0.06616452859960051,0.23265304098440434,-0.14157655688352005,0.051287932909853055,-0.059564653952646984,-0.06076003647675507,-0.12589293245246702,-0.14187330440729676,-0.11022238821914823,0.06906864701023553,0.21766558316843537,0.0278114867010371,-0.22968447807246944,-0.1882615017732222,0.027954621502571424,-0.11146098757865557,-0.17653805707025746,0.008403370945432318,-0.057267786345513855,-0.1409165852167194,-0.010406601487405544,-0.03626344009984637,-0.09221666737657383,-0.10407532007539759
0.19470888349303267,0.29413997433255545,-0.12552857217122654,0.043975518872425165,0.2908276989317813,-0.3364569922953892,0.5077073599150302,0.31934381310843596,0.5157050546500053,0.4906372555580498,0.5418228937159424,0.7511441367216921,0.6320962868552842,1.0,0.479963804299517,0.6037224133833041,0.08966182661356135,0.16559668026628382,0.14305948367475993,0.05882980992980549,-0.09471508747698369,-0.32803941452368346,-0.4568335059273439,-0.41468810094298864,-0.4872510728448075,-0.3569112016449308,-0.38068078527913024,-0.559170109016317,0.39117569483123144,0.4509590540416827,-0.042282018180400345,-0.03449922429742218,0.2365870420982296,0.4167777520107324,-0.27457035568702576,-0.1088016310437623,0.11140469953667555,-0.05353897046117737,-0.03166365777128872,-0.13837578617618773,-0.0653453596106453,0.12696480156592405,-0.3790505958996066,-0.48907605628827044,-0.22418938368984878,-0.19166251146924793,-0.38455569051739547,-0.48488403923716483,-0.21274189275047328,-0.22082158342668964,-0.4938692518837007,-0.5231137993015984,0.032139743842034406,-0.2634797183092583,0.03514750120746337,-0.48187757044026197,-0.1940835772982569,-0.06078080909555224,0.3055315933623085,-0.26696404972250265,0.6751849991147989,0.4724128491489148,0.431634091240008,0.544892204105848,0.20314906422212994,0.18317785859053376,-0.18761987634369176,-0.3710042670573617,-0.050551487099833654,-0.12442403835923672,0.1653474189938755,-0.17069583263404875,0.5200614330859389,0.3780419259007411,0.32636197118348104,0.31083823639399916,0.12305904181802312,0.217264843677572,0.022192282431798813,0.09326071389453487,0.18012832091375366,0.1616356415862358,0.2790813786455877,0.3864921045937129,-0.10454925610163218,-0.2709486090206905,-0.2496494805587551,-0.28774929475707633,-0.026317663075751046,-0.04081838808530003,-0.02984961843803966,-0.10575173995174676,0.036720289008274426,0.017573740502742165,-0.22494519031740792,-0.1867292924470828,-0.33038988132488495,-0.3065154576997688,-0.20082138183937634,-0.17710358791211867,-0.0546777511461219,-0.012462351759905965,0.23452975777037477,-0.04557815807149881,-0.3052929787767851,-0.24297937548670542,0.09644723903592133,-0.20525601124202855,-0.23694314373432915,-0.1662950250128706,-0.2747273082751057,-0.17863080486590965,-0.13487855589112874,-0.13215288818740575,-0.2176370868523631,-0.2293419463888876
-0.06381602098189972,0.14977406914730296,-0.04569766673198963,0.25036447795213695,0.3183780515889377,-0.03826795602005848,0.43326764796299577,0.1910288088582165,0.49436384443611114,0.28374276553678257,0.5314000592725968,0.33874614756957516,0.5513399232865577,0.479963804299517,1.0,0.5757755126931386,-0.18327645252007949,-0.05822499408145786,0.10959055879506112,0.04496079184179228,-0.17319535110512496,-0.1946239764126915,0.19583807552478547,0.1857154191707424,-0.0945190611873369,-0.2662619828644938,-0.07458227626530087,-0.005999534826393359,0.16019447038808637,0.02812741554281973,0.07364460593509546,-0.08796669036588634,-0.08885365220577401,0.0026490411402655062,-0.25046444902625614,0.014496113981136042,-0.037111855707590964,-0.09668193050524491,0.011998609248254235,-0.047725453380537755,0.016443895201411228,0.03979177962046101,-0.15931973863328588,-0.24208789802971198,-0.30264472126533476,-0.25058781000291,-0.2614235713429758,-0.29050264390480357,-0.08422900596311007,-0.15813114815438853,-0.09786739076111245,-0.12655821772589007,0.1284622086427476,0.0799504529469606,0.10994548407270388,-0.2737877924388046,-0.3214152652816796,-0.1391891571403403,-0.04073812904921868,-0.30989404483295274,0.30019707487829894,0.0014410034626563572,0.16813651972037422,0.11202449431656784,0.1956489835853455,-0.06859434674318556,-0.43073886278177465,-0.3033159725819681,-0.12517568058375086,-0.11978952496833466,0.06480113745892083,-0.10615085361964395,0.10301534309885745,0.028144485821879086,0.147896808494675,0.10122426885600533,0.008635390682109483,-0.03315754732955483,-0.16049778391786582,-0.11643451111617485,-0.15562515423717702,-0.1238204167968846,0.6461553342308588,0.43851264433051107,0.3274877310600248,0.05921738006267325,0.27911742776720544,0.11094757612434065,0.2234568587816641,0.0954131882730466,0.05368540972368899,-0.0018333555892952184,0.15102782267047085,0.18038063879219798,-0.2699279304649674,-0.15990732568942861,-0.3319408136683063,-0.3842174202448247,-0.20604260212553513,-0.23890566416570755,-0.05571744333212081,0.02447260559029875,0.0876333200646465,-0.2085271233142105,-0.3215916067063254,-0.3294834309262419,-0.1068112270180168,-0.25999191382304626,-0.3351586231002335,-0.21210615427016802,-0.29552981984544574,-0.3057686377457874,-0.015053415683514221,-0.22136068540380968,-0.2532226891809648,-0.32967835225035524
0.2716030424678688,0.2768743062348307,-0.11675712301425248,0.28442530686645695,0.3937152687454128,0.018766474186915964,0.2756370123170158,0.3527558733758881,0.5836039216292295,0.6354145135145781,0.535108017751985,0.5664541412107479,0.5788796699984716,0.6037224133833041,0.5757755126931386,1.0,-0.0337539302754893,-0.027794213227930915,-0.0006978220214862873,0.09843822723114812,-0.1336167938162176,-0.25234712289549566,-0.12673787901531533,-0.07890667456403636,-0.2107922718927874,-0.3117533058605677,-0.14412019910713925,-0.18164587988511371,0.1965418848219072,0.18123916761471315,-0.1787326907524198,-0.17075481003484666,0.10862727673025638,0.25196236615927986,-0.36780075137815815,-0.17714842588468924,0.005623685935103962,-0.17810007609904735,-0.06182170939501312,0.014208216796632011,0.10110500443022152,0.07947564615085993,-0.26590442613608184,-0.3559285996994282,-0.39972439643998714,-0.26005336261949247,-0.3014015062881802,-0.36886372966734526,-0.18180378999665314,-0.15320498915479622,-0.25191585818270346,-0.2630168069618969,0.0030934487279140974,-0.12025787320879593,0.14083122187212402,-0.35818384382537555,-0.023319699730583586,-0.08847688918183336,0.059243400455368585,-0.24159293328844142,0.38819254783856383,0.33387709591725623,0.02235261598251677,0.11466818639944563,0.02654439046798639,0.31341530919900795,-0.3524179696095065,-0.33715048690115784,0.027132301008782955,-0.04182063096298551,0.016045228150626912,-0.06975960476999014,0.25863616274704415,0.20311818197740966,0.16168689725314964,0.13868913110366524,-0.05012670369380111,-0.005071801279468553,-0.03214546264363903,0.007723161312341951,0.06742856060799741,-0.061556377806430695,0.40883365292202356,0.29912347382764126,-0.0034125120392971852,-0.21448774069185303,-0.030539939788116064,-0.21614950216595658,0.18127161212314855,0.2645755107764748,0.03415233837668274,-0.028970528293559256,0.12051588485765233,0.041821100288325565,-0.043321134910113746,-0.1287183298010082,-0.2716750365701798,-0.2817522701336625,-0.32249584233860656,-0.18194173302034797,-0.15709429104355518,-0.15692083308753146,-0.016781404629269053,-0.15732960507034427,-0.2336313161611625,-0.18628734215348683,-0.09821422654854206,-0.18085294144550726,-0.23235528372276204,-0.16305759536785025,-0.30108593516221527,-0.26215779450458704,0.002469779701959432,-0.2643366765285692,-0.24511954420716997,-0.11212743821820467
0.3016246920268086,0.3152899963626627,-0.4119467391920183,-0.1389512987651146,-0.08692506784547792,0.02100467305361154,-0.21355369794954648,-0.3174092904274631,-0.19308155152619455,-0.10118372001243593,-0.007875307936192556,0.01021005781057445,-0.1600020387263564,0.08966182661356135,-0.18327645252007949,-0.0337539302754893,1.0,0.6811898381572477,0.21078411884437379,0.2941177512420986,0.12147311802661456,-0.029975773280769297,-0.4192093614932303,-0.37466014815984255,-0.059210128373449834,-0.08013345722776527,0.12484576578534727,-0.22462726020071386,0.5555551425232303,0.5080952509590613,-0.07415140733891967,0.07344403830217147,0.27157984910090444,0.23737260551473532,-0.16892808160597841,-0.44350507692973035,0.2904284207739564,0.17075147540979954,0.2637767160034068,0.18234138552567616,0.21511702696498536,0.40659997102353884,-0.08700944056044263,-0.1754670320233244,-0.16752385031436234,-0.24312454530764827,-0.059234011697134194,-0.18662242371008797,-0.33806778717398556,0.03344977407558173,-0.48843280176222853,-0.22557404119112132,-0.025758760681684405,-0.2554846915981393,0.03211487143537072,-0.1657840310972015,0.5621408455997458,0.5377635944464512,0.1548207095328387,0.1664689528352919,-0.06359563599407354,0.2479031946213227,0.3768733627768784,0.47817108863365626,-0.2654017212136805,-0.3150816659950754,0.09021705110296449,-0.38797077186090045,0.36419252598836777,-0.0070697960632345345,-0.07169690440812115,-0.15093673369463467,0.4013956650385372,0.45880459282842007,0.35223309322793545,0.0050236245326042255,0.00169674966804839,-0.057167070699298723,0.5447078221595472,0.5023954557146527,0.6780861324144366,0.637720674303119,0.025202185588725994,0.25755464054982347,-0.22841483427138573,-0.08761533598207973,-0.09132946766321082,-0.17557900917715585,-0.4111059506632385,-0.19125958146152536,-0.3162310416068317,-0.3155635035314304,-0.3551738640430656,-0.42663962520308457,-0.014518343248833842,-0.11494541476471996,0.018314904638388835,-0.007081519414781833,-0.05795023972742727,-0.06183020097060047,-0.1433141767753784,-0.028615704707613283,-0.06331836261902546,0.03502981039678016,0.048093264354652714,0.13991193755330783,-0.017703104481514412,0.09331853219156223,-0.08883825971705975,-0.13984723539510308,-0.0348543897241083,-0.10872666232656358,-0.014284142396249422,-0.0022549211286347925,0.0659120874246309,0.16305714821625772
