1.0,0.2317935654138911,0.01252897130008067,-0.11472606120652713,0.003082155612371742,-0.05119550594328534,0.14945597485082066,-0.2253347587497027,0.11763944359230039,-0.1579107369192301,0.4982824154770891,-0.1631296914934184,0.2696067363506721,-0.20661940716337346,0.30746278426608753,0.10596594766080054,0.19080456811641142,-0.2914524624647855,0.18397751402870668,0.21934373074192726,-0.04120652023826023,-0.0914866684661937,0.2378715680308797,-0.15144598212909474,-0.09619398452729194,-0.31736183819542196,0.19067005052466574,0.23225162699985294,0.21610479252415438,-0.15991620508146362,-0.34528625298831556,-0.3458468406319859,0.1553374000090737,-0.1152889326061587,0.05710108174431377,-0.2524713999703116,0.16860312197218408,-0.17918305545038243,0.2240340243658063,-0.06840198082096108,0.010533861931082345,-0.15230815081512733,-0.33125874449368364,-0.29353661150130267,-0.2643834337324335,-0.23951099690324967,-0.25193261745146034,-0.3352421015719954,0.009441117498985564,-0.0646541314489535,-0.08942463903825269,0.1850633516177997,0.16026138924957697,-0.1315834206323817,0.23054311764759827,-0.13443758839214132,0.3461210586528884,0.21882896598375354,0.21752423436227833,0.014086702388288288,-0.13436477458224835,-0.014291735940900477,0.005877629129300463,0.04430684243517856,-0.16593732850467374,-0.07729202709804171,0.10702881230794237,-0.2398638367076586,0.1914442680300307,0.1281878383073095,-0.2232694201192982,-0.16962144933001475,-0.23579073406298456,-0.3444464113106785,-0.12928949874547893,0.008222667526680733,0.2530552105909768,-0.09353735450679508,-0.12132374104651197,-0.185997810606119,0.2530126202615659,-0.15212676677508358,0.3102813986273937,0.14475473069279404,0.27830281901713566,0.013025369077047561,0.09295132240195317,0.08004156056940546,0.23010147004559356,0.18989058388769886,-0.2525625794662831,0.049599359790609664,-0.20317223572226462,0.25547817637373643,-0.033035409358096214,0.09980282265981977,-0.29336470342050336,0.023139910259802762,-0.013470167654896018,-0.03338753992498365,0.17582024116796277,0.17051722699310698,0.003323255722507895,0.13924064939478303,-0.07986040987861524,0.22683051872114143,0.08001118277970343,0.19109037551636734,-0.00358429728959025,-0.006806272382116127,-0.37415934883266094,-0.017624905290026,-0.012942379362442732,-0.05630177113555881,0.06475514229064573,0.03630016776504026
0.2317935654138911,1.0,-0.2535337695240452,0.04560424581688414,-0.19422812275641207,-0.35144713417001405,-0.2771268892310218,-0.26294928550304497,-0.13772429580671128,-0.3834964283630998,0.07824124338409436,0.13381845298318717,-0.2347038090537187,-0.1591311615945298,-0.002639000083465034,0.2502416379694348,0.34779556150590846,0.28173591486278987,0.24315892035530345,0.5148575142684679,0.0750822993016115,-0.046680171416012314,0.2012990603592803,-0.06483806192787986,-0.3084822157162643,-0.42936955403934113,0.20299496270324852,0.22294275105647773,0.40300264580963213,0.20702735287921917,-0.38067627647116914,-0.41837581677245417,0.3200880845835729,-0.017242414320238316,0.03041713491860959,-0.3441049149150711,0.19288886739582145,-0.24206862249206546,0.1487905574220178,-0.20451396791596455,0.13098857224782764,-0.28467280483156004,-0.3472455912911461,-0.29976589875947823,-0.21198034505763658,-0.46124205669593654,-0.2727476786954773,-0.3280961004518651,-0.2735782154786145,-0.2895872531730102,-0.1903171220741146,-0.37856523098138306,-0.07429135414045729,-0.09927311379496695,0.09693784470224616,-0.3645937215013757,0.5783870400246952,0.737335676735298,0.08885128847360883,0.215010250137718,0.1167433458490421,-0.20466942597114102,0.4039461021959128,0.2805371860820329,-0.2765356966566542,-0.5410102086167565,0.11702135092370188,-0.45157256978487204,0.331991603223951,0.3471187781872183,-0.07079150588197773,-0.21504755144757967,0.1402281669943575,-0.05973894709657703,-0.039274890023211724,-0.03769078721423248,-0.08165379978908832,0.09223282603303247,-0.048446867062193914,0.047725345914237605,0.3430401474271167,0.2427921617739757,0.29706865597099696,0.36788109825872295,0.19699481888087947,-0.3096228871705678,-0.10010295669781458,0.18445445348378936,0.038955832921619526,-0.1196623332190102,-0.32024418007288613,0.10155258360251773,-0.2314531760305647,0.0354307373823091,-0.010337074613208283,0.1264534285470113,-0.3991877925882782,-0.049021845852419796,-0.11283939797356163,0.11069182484708324,-0.07096348766536387,0.1893817599960577,-0.073482688452525,0.3496994666535066,0.2434016907862215,0.2512580101560234,-0.11088029016222709,0.2538795866941722,0.16351405867812313,0.11472925722549623,-0.24057427783672258,0.08310620545861144,0.07382103467696585,-0.23292753018613607,0.14718936544160674,0.1500392481493874
0.01252897130008067,-0.2535337695240452,1.0,-0.03313325900301618,0.3489847209246721,0.12222942652168438,0.5909669216562706,0.3276059454985766,0.3927049611631627,0.4296978656622474,0.08750095341607464,0.13830018615428624,0.2843010239607693,0.2307520028751185,0.2614859989242789,-0.2254617886171384,-0.1980066377358414,-0.22418267583462595,0.21525807190358764,-0.36606654871905075,0.006299213634951832,0.035941106739412705,0.05785910889340535,0.034314328954816,0.2673396621269947,0.15541497796275153,-0.06495791152331196,-0.12038927229062045,-0.21826615322015888,-0.10750888129969649,0.37701005366477114,0.08369656924296708,-0.03988962679823737,0.2626412502395045,0.04025366430692039,0.19425578726888876,-0.16648727464555632,-0.004176352252222171,-0.09568322056419161,-0.11474637901619211,-0.10531331179800112,-0.10635755940407939,-0.012325297114410891,-0.052408210414488086,0.09085510057877413,-0.037194023313666086,-0.07037791010064295,0.003177602135637045,0.2300136344184688,-0.06259451416759726,0.18989592267923242,0.23052801898495315,0.013466120408882606,0.11493423255397608,-0.09042126662457156,-0.023221402338780235,-0.3454767548272878,-0.39587998534799784,0.18821976488635028,-0.34994544242049275,0.4821375055119012,0.17409336760531563,-0.1927931553058135,-0.34690089249997047,0.46419925278610835,0.3825088585112481,-0.005948248630540251,0.297104253797319,-0.06585547625220906,-0.1447406308162801,0.29853916786222895,-0.14750546388166494,0.10621318573842668,0.048959681588388586,0.3382698183292327,0.2520132994503774,0.11967722571571775,0.1366580484360309,-0.2837813080306047,-0.21183149833512593,-0.3639398873877982,-0.47387410468202384,-0.03261958234985765,-0.49671800764932567,-0.16726361534007286,-0.20861570110807712,0.11204278784807514,-0.10918207698741945,0.1011722458622725,-0.13151630426629957,-0.11003993703408237,-0.05461375939435436,-0.054698903626434,0.06671958448049539,-0.17531707499569923,0.1526178560884528,0.005292963339887113,0.001078252297693297,-0.22107846890185695,-0.048291932032069586,-0.05258050490290226,-0.01623705558375376,-0.22378127643913862,-0.14544348020836434,-0.15909346161003468,-0.12036338409480553,0.0006631902616566558,-0.11949169481680504,0.11034560012755061,0.09867490221095244,0.09822437101783753,-0.3299069109761861,-0.26819083564485324,-0.039823051230805866,0.0795244455030317,0.006513907773636183
-0.11472606120652713,0.04560424581688414,-0.03313325900301618,1.0,0.17742707239800531,0.3424553937824445,-0.2947766837306072,0.32387105394687765,-0.18620779613151547,0.026978388151755486,-0.4007641001977157,0.27983831405639253,-0.3499624132309087,-0.10930225470911169,0.023839014573540023,0.29746711632665784,0.023808670130450127,0.09260408734677804,0.10315710373158483,0.21091861540820744,0.16143910277086287,0.0768336670099431,0.2495277716315965,0.6102756364361392,0.04669863760264832,0.2901993086591334,0.18026608990774773,0.18630757220485708,0.010684271574810873,0.039465292209643274,0.22275893089933288,0.35332975656429294,0.0390140117027561,0.2286325305142372,-0.09997144537908546,-0.05773853780585339,-0.07593455753591671,-0.20201897468025673,0.011900278308734517,-0.032443650775124795,-0.08327235750687646,-0.04595758347901416,-0.17854578175351704,-0.19796707352074544,-0.35297324203528563,-0.2070824222797026,-0.12530624847683675,-0.25302947728872266,-0.4291822904512753,-0.3986401012179732,-0.17844460306598225,-0.3228787138901504,-0.1368872856805331,-0.08901808884242138,-0.061327119967229,-0.2988191757662749,0.009993014324787027,-0.010838679670900679,-0.22426154606308177,-0.02865170868673733,0.09805528449587037,0.04480708093271819,0.2191159065978945,-0.008601255650420624,0.3464620319767085,0.14144029566315763,-0.17921262615160624,0.0639479248260505,0.08189584929218019,-0.010223030312893134,0.017882306152920184,0.03546686237567294,0.07678702709275481,-0.030174546392438356,0.017229517712035923,0.11838736720625176,-0.11472441988976681,0.0028495883044022453,-0.012430099917399413,0.14243651700163343,-0.14895865776680128,0.007158110903693106,0.007022423917428916,0.21769991060570806,-0.09692043162570463,0.23635979974450955,-0.02224145503478682,0.3995401555442347,-0.10413727813304528,0.18144698792978917,0.002667853941255992,-0.02709309526357083,0.383103077963734,-0.05456173940247671,-0.04517610418512088,-0.1013381016623832,-0.12830879825899316,-0.287213630291925,-0.39918716556407063,-0.3155725358796078,-0.03666202995618736,-0.23092931658417415,-0.016948651124113416,-0.19892321146880027,-0.09530995335000268,-0.11867408200461511,-0.17918361342107206,-0.2077265235187842,-0.09114440572500888,0.12090377924948903,-0.13826101782537448,-0.08628941019015406,-0.09531232586446317,0.06494793108426374,0.12390947410891164,-0.011509292341019743
0.003082155612371742,-0.19422812275641207,0.3489847209246721,0.17742707239800531,1.0,0.4571444819462363,0.34981879822126244,0.3968130524920849,0.33420775602928116,0.4583352860179847,0.006341142493146503,0.03715402608713409,0.27956891484208984,0.25575564845343884,0.15329623870785875,-0.06692708684787761,-0.2548731524513704,-0.23147902693772915,-0.05583638492860099,-0.04680354386402759,0.01403923148721823,0.05326347549672665,-0.15024327543867635,0.186266353202901,0.08633321587303096,0.13281102506103457,0.1637890679020925,-0.18238188551202592,-0.16713299897434059,-0.04453923524031189,0.21874466110121388,0.27502732820667014,0.05877642501018463,0.4581013603383353,0.08937982000489685,0.3117542407769402,-0.11297892722365976,-0.22338299453216448,-0.09291822802631138,0.062934696260484,-0.2627335374388081,0.035935012736064455,-0.15182294778710306,-0.0429843907321522,-0.006227953789377339,0.1883147433638164,-0.3157352983929781,-0.042142897969831825,-0.030856642828943067,-0.035119705446534574,-0.2629152209137913,0.13415089596946628,-0.20070883357338948,-0.2486055029326421,-0.38706014034014946,-0.1411143547830886,-0.28001735357619245,-0.30711869957159493,-0.11308136591485395,-0.17952682394878897,0.12985804101473758,0.3544483252753348,-0.031016943289207656,-0.13222735971199023,0.18147603255615663,0.5028175979189984,0.05437433039977942,0.3957076071621321,-0.11967889492956925,0.14870273334298176,0.20062225383851234,0.11132511274276918,0.19697118595100582,-0.07213186963912135,0.11190961559685211,0.2479328177453341,0.077082544385288,-0.09260593625307091,-0.059617249164671156,-0.11551627860871234,-0.2422662747116636,-0.29404671187511794,-0.2269595764021001,-0.21487665824368818,-0.27650677283590575,-0.18455829791362544,0.04305777533373432,-0.08968106613367662,-0.08106383633127154,-0.034887393198388544,0.08076670770347186,-0.06572721462254813,0.22255886778823597,0.07894708155398224,-0.16742112463173614,0.21431685818163582,-0.08935636183625988,-0.007823815927934588,-0.40143444203003,-0.21917208357335016,0.1548232450664741,-0.12288017429145794,0.07359299480160447,-0.09207383089300342,0.01833517029486496,-0.04766712641459315,0.10814199230751136,0.04899900222362296,-0.0504406741230987,-0.013480131143398364,0.02458601247156388,-0.3218796535076961,-0.2825629196739398,-0.056450525532829136,0.04793740889411043,0.0680560225991557
-0.05119550594328534,-0.35144713417001405,0.12222942652168438,0.3424553937824445,0.4571444819462363,1.0,0.07644700332789536,0.4393303229155761,0.14669683349321702,0.40741048660442614,-0.22791812122007046,-0.025589873661868892,0.14147118208361967,0.1314475312492377,-0.007390178267687368,-0.06947543582952856,-0.3193405810094821,-0.29524557897953296,-0.20041202737088182,-0.10473418920252088,0.16784128868312106,0.060522353209791095,-0.20396183184106814,0.21289390125226143,0.11671776606233718,0.3975090693544771,0.16553340279682754,-0.10434430518938294,-0.30974898481196206,-0.08551257143738757,0.21982951854043178,0.4013154802365728,-0.039026561767303077,0.32618848161067304,0.10426772852149609,0.33534743444498505,-0.1346025461230284,-0.15012386418420412,-0.054455620901976885,0.12179954666266395,-0.28605484622209004,0.1882259385289602,-0.011712382025525827,-0.0155761803235424,-0.055100307711879785,0.20805980830626475,-0.12402961140040233,-0.07191652575506674,-0.11524550058927008,-0.08373361794251567,-0.2001003494152298,0.12191590977283787,-0.0956432529453247,-0.17620342858644947,-0.2923521661820036,-0.13931583339732997,-0.2393044627880359,-0.2853018939237662,-0.19600363422035078,-0.2489016880139988,-0.0024462123195100774,0.27200024153992053,-0.12941525603904772,-0.26048384029562327,0.2617189388781994,0.5350689946468398,-0.04480144358015246,0.46218706671232085,-0.0955604938328877,0.08485714233733858,0.06144313680593362,0.376967235606833,-0.10145261051865384,0.010258877774800466,-0.018390710260099898,0.07575606589476881,-0.04421516007722066,-0.0755751661930586,-0.021822407261113404,-0.11149384470704034,-0.3492354328126667,-0.19671890098715974,-0.2619145975763628,-0.11401175536017596,-0.27347219300611264,0.08132713802348174,0.022867057517808508,0.001585351185144879,0.0292308266005419,0.046428393182278344,0.24493243679562204,-0.06518546267726569,0.34561395291540153,-0.027623193541000093,0.12275034404092015,-0.13888185131832906,-0.01808568089871613,-0.21146702657264752,-0.3601122956513058,-0.33271486848307014,0.11159416455134447,-0.3361941469050641,0.12269820951524696,-0.19927255477509814,0.040322184366414666,-0.09450210020373348,0.10479828783826482,-0.0531428461277897,-0.17287693105553772,-0.041598793955612806,0.10016374461332544,-0.12264461419714902,-0.16606583768971042,0.15784706472526874,0.10188219776020355,0.08635135278690459
0.14945597485082066,-0.2771268892310218,0.5909669216562706,-0.2947766837306072,0.34981879822126244,0.07644700332789536,1.0,0.206929097750046,0.4938152561784521,0.25440347458502816,0.1511694988534444,-0.12541539698350546,0.5897606756796991,0.2343153033117635,0.31411638998204017,-0.16754797004424118,-0.2433444521179006,-0.24556080519682832,-0.020247074030828496,-0.1732336792872988,-0.09100219869973937,-0.1717537410980511,-0.15669424275224733,-0.14324246548619432,0.22767139584746315,0.02917238179589342,-0.11524672271864418,-0.32667733510494573,-0.04032003537704642,-0.08543147374296112,0.2238993499624181,-0.011779955735890033,-0.02282497349322657,0.2311386231951463,0.15417369040220144,0.24659384610874532,-0.03666325624791012,-0.056331271247342836,-0.14416326609993294,0.015770122843130382,-0.02545527336167064,0.036201782927614744,0.034465047523126714,0.08110876388879006,0.14554820236130298,0.18047380502646357,-0.10678892881401036,0.05749829218733858,0.1967163725055023,0.15007489594517393,-0.005151286636124275,0.28038563834819963,0.05300386855921432,-0.05277420356870871,-0.09203577561112808,0.028792084763056947,-0.34951941679803705,-0.4528835598167694,0.0268913338407706,-0.16576208688139724,0.10996250227425383,0.25344728810172157,-0.045932232942581704,0.06279720038737477,0.2111656924932509,0.27805213389255967,0.10070447395077511,0.32316924948155795,-0.09475822862680341,0.009381728390873374,0.0765804972391353,0.018543425101829405,0.028847799241782292,-0.04150382430357934,0.24591988877952173,0.019834191119972727,0.17724983897661586,-0.14025420120954238,-0.12217190007264421,-0.31784835318481325,-0.09853455379452553,-0.3778281132481886,-0.11760497679413554,-0.3220451179480007,-0.1999284007108865,-0.2519607262884211,0.04542546539756931,-0.4140977408929011,0.07648877395718241,-0.15050717994888285,0.034850978421938565,-0.07166978796941582,0.031452981233634436,0.11599309413103508,-0.17267949798716906,0.041808442582312345,0.037786007110116974,-0.039805568998010826,0.006359410440625633,-0.11218569028999657,0.13615165162193762,0.1140620600048799,0.07669464733978898,-0.1204022835031418,-0.13998318986845334,-0.1760503421728527,0.06280699042984514,0.019254710352010037,0.02077054627150449,-0.1344707261568203,-0.0013958774708223549,-0.1835860534903292,-0.12870741117607318,-0.08423407609135361,-0.025359575871243135,-0.05589076386766504
-0.2253347587497027,-0.26294928550304497,0.3276059454985766,0.32387105394687765,0.3968130524920849,0.4393303229155761,0.206929097750046,1.0,0.12170148363420057,0.7325798912472075,-0.18595012214239837,0.5948772891949585,0.06684247708482083,0.6786346550925646,-0.059132002703433446,-0.11187345138695733,-0.3254632558507812,0.040096527583352456,-0.14261778975007652,-0.22972714868165897,0.13106541837338526,0.0020220832842660023,-0.5514564498652884,-0.039710575284581565,-0.08002735680835255,0.10710453155881418,-0.28115834865789013,-0.5541963317415867,-0.20952476377180393,0.3720719140424868,0.26520746241781373,0.19066484199865227,-0.1931939002191174,0.3853111145033901,-0.17966792565178166,0.2699246268888635,-0.41205064365353844,-0.2611875269732015,-0.39146598274198086,-0.22982814644268124,-0.24534609470885277,-0.053097775403803026,-0.12676562216593465,-0.09973392636687543,-0.08442689070925025,0.21576945005887813,-0.13076980552577927,-0.00968049342714808,-0.027417105501740556,0.017950227796239292,-0.15761570867130917,0.09413694106891853,-0.17196472190331713,0.025392953837182583,-0.31085572161856856,-0.27912803025721544,-0.44747616537517887,-0.45706099820332374,0.0045762875655774,-0.3924687431362557,0.45672263238086597,0.5763544364691702,-0.13438497921243342,-0.1263174488620521,0.4150656656851565,0.7426629750115635,-0.21639876651446657,0.30131514165405715,-0.19668589805288553,-0.08113782752456225,0.25315845951202837,0.10262337576561156,0.25256003592864285,0.1031123118624809,0.3565512543180292,0.11541603823051391,0.03845879477208055,-0.021537582411035625,-0.2069443441030351,-0.05832628428690152,-0.46893525434803773,-0.30975197390936404,-0.39520946529192125,-0.29319792694669117,-0.4926274319725348,-0.12910152742587755,-0.2787970837963222,-0.17791821471442365,-0.18181427822810364,-0.12133719737471237,0.27671623156230596,-0.042800586017903375,0.6474008524027335,-0.022077319939092722,-0.004759258724562728,0.03653933216783426,0.02659020051101753,-0.22852227432550765,-0.2131716274532829,-0.264274334880475,0.3372944034059497,-0.16227200458592247,0.27783585131699196,-0.19476809966841135,-0.006456845823219442,-0.2793890680526928,0.03765109664447568,-0.1741103473536453,0.001716063263243599,0.12919558389746322,0.10259451905111687,-0.28207186359217445,-0.17525964338751787,0.22538669049969964,0.05147088702637159,-0.022844741804020432
0.11763944359230039,-0.13772429580671128,0.3927049611631627,-0.18620779613151547,0.33420775602928116,0.14669683349321702,0.4938152561784521,0.12170148363420057,1.0,0.19807230735882375,0.26765817574532164,-0.16258623050630402,0.5544431691092384,0.23784296906253288,0.287669903471319,0.15217997960596932,-0.13089560409775808,-0.4129004020933449,0.05337390568577733,-0.004242134823666339,-0.06469477508849764,-0.09654705370076382,0.023218655463886757,0.08302946436393478,0.18712784291329837,-0.010903208142353713,-0.0656044834653025,-0.08837392547090446,-0.06431044071577387,-0.3408650516203599,0.01264720118675674,0.05221608406002481,-0.17034722982428108,0.08937643872224327,0.08053809914585992,0.1421515389165496,0.07461081310148744,0.04582545940033415,0.04448855314610839,0.16109403778533699,0.019857792262848124,0.22283611218525537,-0.014288448947202319,-0.06294231370173155,0.04800704641139745,-0.05020723233193317,-0.21136575044490408,-0.08546752647681109,0.30820660485825435,0.0008737885360529345,0.1260846246871493,0.21242620790766087,0.2787936441244653,-0.1558904961035395,-0.09509007560061468,-0.05037078946132032,-0.2814004595445804,-0.3490040298770058,0.1139056009074278,-0.1304989253571871,0.06146801768059828,0.052615278243180075,-0.06794823720933552,-0.2077657286598814,0.04712527605788117,0.15526322745081478,-0.040902923697579995,0.1885626325271042,-0.12866608260504295,0.16304518667357534,0.17338740310483394,0.08520872895661509,-0.27914606112598717,0.045795691817438366,0.10531279914577107,0.1281393976878995,0.10430113624856949,-0.10701434504761727,-0.024002397066037705,-0.3851549024267371,0.06999032841791569,-0.5120474440871083,0.2202400147194869,-0.0896513012336518,-0.0690087841384417,-0.18709172206442376,0.0765921111792842,-0.2587941727164861,0.3000543906059621,0.16990440164005075,0.25259655341131587,0.04135637669108294,0.16063950380427164,0.11147305782733714,0.01951685589471863,0.0396830048739047,-0.16108489321970193,-0.16033857494753123,-0.2746230664712817,-0.18442481430279933,-0.0278472757951663,0.13125087734591775,0.03562130892191103,-0.10427886120517513,-0.01863874861275997,-0.15061829306218766,0.06715765803164601,0.028202641413624257,-0.02360790543283095,-0.16249126032003844,-0.06796260386759181,-0.18816186773861238,-0.13492685435284982,-0.12678630851059125,-0.05194643385835407,0.01042051944751445
-0.1579107369192301,-0.3834964283630998,0.4296978656622474,0.026978388151755486,0.4583352860179847,0.40741048660442614,0.25440347458502816,0.7325798912472075,0.19807230735882375,1.0,0.01700125063687929,0.46711373548859497,0.22276369217036895,0.6952066529585492,0.0270449462886831,-0.2240788319276571,-0.3907232635957839,-0.08975990601980798,-0.08524030895676411,-0.3251944560354879,0.005269017405776629,0.12466995756129615,-0.4999397704862235,-0.18710415937444672,0.0344454503437615,0.08875204283072911,-0.33033733844050905,-0.5011971011325683,-0.3072285354619625,0.20825201525174877,0.20521782927122506,0.09525342636996263,-0.10151512319507616,0.3426370966363802,-0.08074894120848188,0.3997102983468847,-0.43354027950489704,-0.10293872838723567,-0.3633238978041252,-0.2351180215824882,-0.23124619233628513,-0.13814080125525985,-0.10275455922841772,-0.1396522861222495,0.01736922668742947,0.22126436944913724,-0.18842865732843095,0.0021331306165971904,0.10402873123928655,0.07092155059586361,-0.1164326932223922,0.2324223245760302,-0.1892072145325185,-0.038756299089956564,-0.465666501590684,-0.1736247120662646,-0.482587747341381,-0.4772375372828823,0.16300332551264113,-0.41501036612132974,0.3973893151169643,0.4747252062320526,-0.2973776812007323,-0.23436739516478594,0.35157329826905465,0.7362491167496632,0.0032055670080220863,0.36064158211712966,-0.21049129014297221,-0.026333214956750665,0.24911113227695583,0.06057609136505812,0.17439688012857502,0.14789636423375765,0.288772144800038,0.18611449445285216,0.06667363109366979,0.13692377522474403,-0.3187100974949508,0.04763455696494671,-0.4694770230978579,-0.3042900246701151,-0.29705189219370204,-0.40599357957771487,-0.43829486754959507,-0.20846146230178209,-0.13814693812212134,-0.18151387216485154,-0.12645305450867309,-0.23416363345514193,0.1823756628684199,0.04711814911516712,0.3756134701268209,0.0977390289029106,-0.05762967317438171,0.08991580236665259,-0.018674674067643893,0.02620536028895348,-0.23109849190524118,-0.07534107298614047,0.259965404700196,-0.06796743775867706,0.19463821487091953,-0.005476069841021609,0.12752369394982857,-0.12955556387757092,0.22358223190033158,0.019261857553125882,0.03469841989466267,0.19234004178615757,0.09297618689471766,-0.20578068389419904,-0.22813811301354603,0.14396102379093265,0.026384583936601477,0.08604602780340968
0.4982824154770891,0.07824124338409436,0.08750095341607464,-0.4007641001977157,0.006341142493146503,-0.22791812122007046,0.1511694988534444,-0.18595012214239837,0.26765817574532164,0.01700125063687929,1.0,-0.15359786862746233,0.4795095758582175,0.0438761594497955,0.2040726445426831,0.10519376990811974,0.4425303750085331,-0.3418430049122818,0.1523742222672634,-0.002007960421477782,-0.12369700122208782,-0.09212673282086192,0.10448286087539012,-0.2379327184866724,-0.06254247055630008,-0.2764612993222218,0.1244105611392998,0.1425801477260136,0.29826382220736897,-0.22110493338186607,-0.292960984429132,-0.2794287791855532,0.030097156756177478,-0.10031160017132587,-0.022365538149504684,-0.1919138176628348,0.22087457576972622,0.14543788402782684,0.26665601516975196,0.09157879586179432,0.11355095958370898,-0.030279626895850793,-0.10669425482948507,-0.17752677220303845,-0.14648550874140046,-0.1516823577618306,-0.1860919484708388,-0.14025600394525392,0.18192477977495292,0.003797276574608718,0.06670786478533787,0.24717903549383224,0.270100117625587,0.017466589299610077,0.14471443277152124,0.13574734558222418,0.13205977998077037,-0.01764535720671326,0.3036069584861433,-0.034430296627642354,-0.12030544890013092,0.06229284819837896,-0.1686160494799844,-0.08611176614202261,-0.374278787515252,0.03118275707676,-0.0034659437794225,-0.3391636737397139,-0.07104782499333451,-0.01744059636656255,-0.03604965575667807,-0.00400615690942641,-0.18178003329993433,0.04030518743241746,0.007257168205753148,0.15323566239799466,0.36449101837979647,0.05336531229355738,-0.03365758023125143,-0.23329056904596784,0.355529485143697,-0.2791106881370335,0.4162914866647535,0.0465106599484846,0.42369902944170984,-0.02252518024422869,0.17936680395915044,-0.007338184018555524,0.3475137831121512,0.33074972252498663,-0.12464147073962695,-0.10498747783486218,-0.20745907851105233,0.12768925291194366,-0.11680448706269524,0.07970122694928622,-0.21730303942651125,0.029665751450095708,0.08770399016266073,0.050832214239816424,-0.12427249451073766,0.03488308222985603,-0.13481121334395507,-0.02925684587235423,-0.09242655014528221,-0.014308034054421786,0.04912402313355293,-0.0350942354674642,0.07926460609759435,-0.02136113281131067,-0.22308577441783567,-0.1463848069751262,0.113976237305746,-0.132416322049667,-0.08983040451659616,-0.0894571563837131
-0.1631296914934184,0.13381845298318717,0.13830018615428624,0.27983831405639253,0.03715402608713409,-0.025589873661868892,-0.12541539698350546,0.5948772891949585,-0.16258623050630402,0.46711373548859497,-0.15359786862746233,1.0,-0.2508907915821231,0.5625187905924808,0.0486758928573457,0.03511598215753747,-0.20146504521414374,0.5488807215187071,0.20652354601320105,0.007666730557623905,-0.05217328630244339,-0.031925388814974115,-0.26118977379807246,-0.15212358336030646,-0.3019980438716589,-0.3120803525434052,-0.23875568131617933,-0.4201653666365705,-0.12075045978680707,0.5273239694269697,-0.044909173410944865,-0.17471952866012988,-0.06973491043229611,0.13594098277723032,-0.2972713837415148,-0.02465314170420482,-0.5193163612750767,-0.237629848789421,-0.4417598753146987,-0.5259983789519203,-0.2851870210896181,-0.4142712280326371,-0.23517263770851077,-0.31641742882030705,-0.05247844143107768,-0.08478834397993884,-0.15400245539413807,-0.15119337751890927,0.019550214310823377,-0.0820279024497886,-0.005326265451646176,-0.20287545179655317,-0.2233635217247207,0.10910805396487819,-0.09962665737312314,-0.3372684508988762,-0.25080306895704935,-0.07406706782810918,0.2885557863854728,-0.2639967430527171,0.6364584561959221,0.34354576306610557,0.00606666292185239,0.045145068367715466,0.39043591683779905,0.295835305515393,-0.1957640336968015,-0.12550591587074642,-0.0003829255875188123,-0.05763105532555359,0.12770984343183525,-0.335225103104803,0.297537138298486,0.10010080377310099,0.12730507663101456,0.20397839804280854,-0.1452647943353314,0.05236259914997213,-0.4132787036636322,0.17381671161692056,-0.44159782572898804,-0.010383589828877405,-0.07712879868633746,-0.10558602476679882,-0.16325720557200082,-0.16099923093241836,-0.2749967607042269,0.020753661501597524,-0.19641410914521526,-0.2873047367630399,0.02098266949419325,0.05953527166816356,0.30270712609022615,0.05014936926076946,0.00035198106085496854,0.23254152809720796,-0.11544653439701752,-0.00271573010309482,-0.03708323368345475,-0.019035700970891477,0.21311747545973864,-0.009295387624815335,0.07339286695321307,-0.010757730517624358,0.20734589281782415,-0.06619012373423394,0.07235532315813543,-0.009789512399320431,0.3205589289982639,0.36271749338372444,-0.018007028975297438,-0.09773737972235447,-0.14479730304289834,0.1918627647109625,0.15212405102501037,0.017860613134673423
0.2696067363506721,-0.2347038090537187,0.2843010239607693,-0.3499624132309087,0.27956891484208984,0.14147118208361967,0.5897606756796991,0.06684247708482083,0.5544431691092384,0.22276369217036895,0.4795095758582175,-0.2508907915821231,1.0,0.29849572596019586,0.2971912856222135,0.004455968705829407,-0.032532418950373454,-0.4491002402936421,0.000986706932429978,-0.07847369816945908,-0.1072010605976723,0.00017237550218751765,-0.16432665079354017,-0.0974728275180078,0.2952859089500721,0.01033919347552142,-0.11999046256913974,-0.21576495140618032,0.11858647615279175,-0.170295443737073,0.10078983321632602,0.12157758155323686,0.02432476865702024,0.21137331260987108,0.21106361714749178,0.25238050566972503,0.08900424059781038,0.056406990338295805,0.10765184481237376,0.15050045535082404,0.07735762405365418,0.2631197264342171,-0.03728452895712388,-0.03324810768886432,0.03417059889813604,0.045645320103099324,-0.21475141125853306,-0.026304682292971844,0.2448861432106231,0.09662513430989401,-0.020991016764064407,0.3977299425245272,0.10238734868696674,-0.101495662230383,-0.09646602085733942,0.15161255529476406,-0.2861757012789415,-0.43006126278059137,0.2072878161573455,0.03733942146234551,-0.060865561189681144,0.1237017215432537,-0.01939970541769732,-0.016362648174604522,-0.09285367192786001,0.22752209281132912,0.2202366664354353,0.20249827545125132,-0.19093486856655006,0.008825417859457623,0.187022295318263,0.3093703250507276,-0.059997262354593274,0.16828727406533148,0.25251602495547526,0.07500258835506785,0.32351090798850757,-0.06606617019599274,0.022841770144395597,-0.4336375651302547,0.10347762500132814,-0.43798237629446013,0.1342458090310616,-0.14589432861517868,-0.030845672848886174,-0.19215657035350012,0.12998992082728691,-0.33558768418046087,0.06436670404347643,0.11355090168555186,0.022707550067985367,-0.1543105557281188,-0.036258684612797576,-0.01287481849853787,0.06032392996957681,-0.004681309468115428,-0.10607365592423142,0.005468852148178429,-0.08768261923138285,-0.11423075659585356,0.044916737863869016,0.01312903771418298,0.003959981889758145,-0.08805541871355294,-0.05441525139396416,-0.17063393967502052,0.06905096421947955,-0.11351922033566719,-0.08134679676976513,-0.0026738656198075405,-0.08781242034249587,-0.31525149388523194,-0.07863661515416678,-0.026095343929946883,0.022501845202506632,-0.06401369009959132
-0.20661940716337346,-0.1591311615945298,0.2307520028751185,-0.10930225470911169,0.25575564845343884,0.1314475312492377,0.2343153033117635,0.6786346550925646,0.23784296906253288,0.6952066529585492,0.0438761594497955,0.5625187905924808,0.29849572596019586,1.0,-0.005416023147374377,-0.022275639773770135,-0.3494514002646195,0.18548471503434927,-0.06132424813333393,-0.15153694407745563,-0.054228887899660023,-0.03792672437440285,-0.6048153887097625,-0.3322616780919648,-0.11815789628678658,-0.19667091555774233,-0.39811726531644676,-0.6658535444618208,-0.1753513275069371,0.3717931917502941,0.07676254885282095,-0.0972892601118887,-0.15601027955003668,0.26835862479083566,-0.21629332841200558,0.20564440023982006,-0.3730869433643699,-0.1402124592954666,-0.4027807858386683,-0.25933932230745216,-0.11177682822906886,-0.04627248501052734,-0.1373333502539341,-0.15946704090200658,0.0673137696686197,0.1310505413124557,-0.1459185499434062,0.035555757953874556,0.21249145262752112,0.07550036738654287,-0.08510689439566614,0.08492505074680314,-0.08084951801116372,0.09080671829829824,-0.37796428689628425,-0.1684465742349305,-0.46352177316742255,-0.39249043100343867,0.2982853487074507,-0.26068537483931914,0.5517836728592964,0.6215755500252507,-0.15150978346160476,0.07698110421490924,0.1438272031145189,0.5460679145404952,-0.14017726275165246,0.11537216223961613,-0.24122217924568737,-0.05373547931355813,0.26149386082670495,-0.033364308018220185,0.24428031313937873,0.2732260263883636,0.2515550158303804,0.14575129684463367,0.026099327141380715,-0.03492390966472463,-0.2779650864627861,-0.1322137078674147,-0.3975702866850963,-0.25438205943676184,-0.24284936052339962,-0.20285461778451305,-0.4063575429711568,-0.3069068918229411,-0.2967461730983136,-0.37111716361981706,-0.18336934353954118,-0.17945378511176527,0.2999218815907275,0.0004860861895768498,0.4422429526010642,-0.0016275556301539051,0.07323540491698623,0.1593516088968873,0.04106434356672664,0.04305651200603719,-0.14774999616168388,-0.06854411158795291,0.37263243399413765,0.10735573990930995,0.32425967153310575,0.052486639855876815,0.11800412078474305,-0.15257984053906834,0.12201070099664914,-0.012199142057395272,0.12650173508477966,0.2565018360386629,0.04825525099489134,-0.1905708498776365,-0.154822952547335,0.2537727993941432,0.00920253462272326,-0.02079524667025011
0.30746278426608753,-0.002639000083465034,0.2614859989242789,0.023839014573540023,0.15329623870785875,-0.007390178267687368,0.31411638998204017,-0.059132002703433446,0.287669903471319,0.0270449462886831,0.2040726445426831,0.0486758928573457,0.2971912856222135,-0.005416023147374377,1.0,0.15708525546649993,-0.22271111240716973,-0.16352079726529134,0.2823882180161233,0.09113706759836067,-0.058299325317567444,0.05023756403721872,0.399874580963791,0.1950306586658305,-0.015198154913440435,-0.08045737160791387,0.1434232355925207,0.15201734110620224,-0.09608774785506087,-0.1772379397193277,-0.06355642915302227,0.04490038205126792,-0.08470695712919762,0.08142346175439198,-0.04974478244865044,0.02976012320020948,-0.17317320815847573,-0.16310579001409017,0.1197387890803054,-0.006154385044401677,-0.12574448092347365,-0.052149882469890205,-0.03583450159966718,-0.19007678270859163,-0.034363653413094615,-0.20440193458303618,-0.06141805499124566,-0.13767437473543973,0.14351715081481287,-0.14675550090431547,0.13526477351616148,0.03998019518197432,0.16263422246457424,0.07116120009994675,0.06558809014936397,-0.1259259666650003,-0.16415732144203488,-0.11580832712532403,0.11738317000354016,-0.14375875660959964,0.18693870514256355,-0.10891658276256475,0.32612229179288654,-0.12848193417654677,0.25970012115798696,-0.02548057978419476,-0.01954280853176683,-0.08683924833462955,0.07070826274751864,0.18527573267764186,0.1277050879688686,-0.27653066685103367,-0.15722950592466517,-0.19480087035683702,0.057021517968036686,0.09876379878499648,0.12461032846749186,-0.2672451063514943,-0.2944845730525202,-0.23570571735415277,-0.14694465814412275,-0.17327582448925974,0.42222285009121574,0.09133507860596521,0.15640990952054534,-0.0131448949775541,0.11663788532026395,0.19664920775976033,0.13134202160358424,0.0217310635921714,-0.013755056352423078,-0.03796601697096563,-0.0890690488943858,0.22422074778350345,-0.15333840069021792,0.041034264749575465,-0.20710720453220843,-0.07035111900173159,0.0281359632037483,-0.19549286084306106,0.02025916224066176,0.10265419404259611,-0.11088477817071044,-0.12899953762929728,-0.12484331622550023,0.023938760892395904,-0.05602316026190249,-0.07353405254558702,0.09090062284555316,-0.0606244840338313,-0.16631635448228116,-0.1770582726765603,-0.139580524732577,-0.10826703946354588,0.1716121546326634,-0.05100534916470573
0.10596594766080054,0.2502416379694348,-0.2254617886171384,0.29746711632665784,-0.06692708684787761,-0.06947543582952856,-0.16754797004424118,-0.11187345138695733,0.15217997960596932,-0.2240788319276571,0.10519376990811974,0.03511598215753747,0.004455968705829407,-0.022275639773770135,0.15708525546649993,1.0,0.2584943911315522,0.13550868961534107,0.15944292010275554,0.34505508627347986,-0.07769996790471584,-0.03156678861691419,0.2969219142941321,0.24183347807172065,-0.05781169040466366,-0.1702187575220597,0.32197511979624466,0.14656515085117663,0.247674397629341,0.08360056985216072,-0.1027274125917989,0.0393689385812298,0.04726202264670258,-0.024620677068006965,-0.0964514850871585,-0.2597319961618012,0.1970749243129056,0.05353769551207141,0.18507745971984946,0.08382591305200253,0.20730951408186907,0.22807707208232422,-0.08059409907654387,-0.1371783356670821,-0.27121393144800443,-0.2925593823343836,-0.09129825537998605,-0.23435959894672245,-0.2302999776804656,-0.2780521287122419,-0.1130233440255258,-0.32905091526977076,0.1273567088684269,-0.1244051347286659,-0.05644308530244882,-0.09646012173035003,0.21007370700613565,0.1175818088696055,-0.16774647897940406,-0.006055570189642546,-0.14897815542375162,-0.02316758463296433,0.20351603831963033,0.2903320782152196,-0.23309310156591703,-0.21945516123618722,-0.34345066259673607,-0.39725784314507484,0.046264689400952526,0.027208013241026525,-0.1747976088756773,0.10444393939761946,-0.17449926176036837,0.16060092618630056,-0.1133328481280433,0.2246066966821376,-0.022228731027575593,-0.06794486316832132,0.22971649475873046,-0.0490940846068681,0.31204797874547374,0.15718993135944295,0.410710506548707,0.5758441095369229,0.22622748559641875,0.2537034168435192,-0.1390129572164861,0.07641637575708861,0.10822981252041308,0.25027211817922246,0.016197834710173355,-0.10128455977602867,0.07859657934630392,-0.06523225652608451,-0.022850661874725012,0.09114577755780733,-0.18354883022053003,-0.1506780312560948,-0.09248850002973436,-0.18583308900693735,-0.11085658064768705,0.017363588803967538,-0.07962371349192708,-0.13793558515900076,-0.17289939871680274,-0.10752911845161647,-0.15969150347543193,-0.04654573688075783,0.004272630019844667,-0.02887423657649683,-0.19942759842455052,-0.10152515667583317,-0.08944943825948494,-0.1085643617547707,0.0431168484768313,-0.15812129980286468
0.19080456811641142,0.34779556150590846,-0.1980066377358414,0.023808670130450127,-0.2548731524513704,-0.3193405810094821,-0.2433444521179006,-0.3254632558507812,-0.13089560409775808,-0.3907232635957839,0.4425303750085331,-0.20146504521414374,-0.032532418950373454,-0.3494514002646195,-0.22271111240716973,0.2584943911315522,1.0,0.002651132591639666,0.15141288779728423,0.11076390680488254,-0.01653659430254803,-0.08145444093875251,0.26824503990754406,-0.01029735994835511,-0.0438012634308986,-0.11225749228366125,0.27792242296706005,0.2816736636267805,0.5999594934908259,-0.057140122937407285,-0.09646390429925955,-0.17307504353499872,0.27180827737014457,-0.05708522293448112,-0.0794916323827375,-0.3122910474080489,0.3772537770833896,0.21348175186481289,0.39113087672715985,0.16965078004059875,0.3115037472905063,0.008102497681449055,-0.048015882221245566,0.007272360687841287,-0.22965803195781812,-0.22457001665251553,-0.04197045499505514,-0.12076383621464062,-0.21714783319623232,-0.15783573021934064,0.022031425059834447,-0.12859758618661568,0.03449142985932077,0.010047048309714231,0.20929465275676926,0.16922175784774188,0.5216998587975898,0.3696910457825595,-0.08122720839768545,0.10791166875432445,-0.24657014215250436,-0.18669706507140343,-0.04098221876444219,0.02608440733142815,-0.4153771324160369,-0.32448535825941904,-0.14950845107874816,-0.4952601415459904,0.13989231695887935,-0.15565711331770926,-0.060925958707904286,0.18222434172321927,0.04405703226833297,0.09529969117795545,0.06399620190205112,0.13847738073896684,0.2507475714598997,0.3074034116227023,0.28208224153008815,0.06526071593186168,0.5690441265092412,0.032677293148615255,0.33729076520066775,0.1860817275148988,0.3958230554326139,0.12219159544736262,0.15978910489534282,0.18964461920767145,0.19521992440580102,0.36485349519024335,-0.29220540020974695,-0.11870254693995294,-0.21358042018824003,-0.06926853744948457,-0.05247795624130688,-0.011225504863226344,-0.10421496858933385,-0.0783879170623547,-0.004445524003840368,0.11481400979769349,-0.22689814570214958,0.017694076424382407,-0.21371590637497942,-0.10351855571390031,-0.3148372094250192,-0.10976317826629638,-0.20112633160935098,-0.1808974410713572,-0.06541209766508879,0.013178341676849248,-0.1275405321138031,0.011261712367380503,0.1973413291815305,-0.3708285925695344,-0.11216825815763151,-0.23810315375724908
