1.0,0.48283936442105,0.06784923160183168,-0.001434006408853196,0.06422405026852733,0.03186724702357282,-0.032769955136132366,-0.06422220110160527,0.09475644846077956,-0.11169658717584587,0.5792426502792396,0.26735027686361423,0.4020011620506258,0.26737399292676367,0.4754694345117157,0.04404022706180431,0.14458526489429407,0.06326920282612428,0.42617083260409677,0.14574638589343022,-0.11826539369900178,-0.07923170680100258,0.22437363212495157,0.0803481532564192,-0.048054837183629066,-0.004489501782067701,0.03772078959078404,0.07766295683074714,0.3422334803201626,0.10467703421868925,0.04734986425189734,-0.21687235722832207,0.11815353239465154,-0.08495967143106317,-0.2140860160006816,-0.27226719355076395,-0.24322697909200458,-0.2865263727408697,-0.08886885063968095,-0.20128297420505464,-0.10885682909190834,-0.3834340347732302,-0.11664309948505584,0.026803822588630986,-0.07539045793993682,-0.19169529408302993,-0.31288941280343396,-0.22263971861004803,0.09000905717667369,0.18817245332106977,0.03272819127827975,0.05347349035385751,0.015556583976651902,-0.025464973517523685,0.016118123304239645,-0.1402298989850103,0.5121478590077431,0.5848083301414444,0.1650308121937459,0.2416010764691473,0.346485640428118,0.20227872702274274,0.10781789865460743,0.0518880522036424,0.048624081476327984,-0.1926331854419941,-0.07781827726756553,-0.3112893540373229,0.2738675616028608,0.24469383492032737,-0.10624174163136439,-0.021546145103927737,0.10157392010016289,-0.17731159857974524,-0.10153964350411844,-0.23540846891933598,-0.14799407102107548,-0.4658452902677599,-0.08480781502718374,-0.0005682731598760511,-0.023540831399105937,-0.175778409021659,0.2608299451814206,-0.05138675883658004,0.15346492863507424,-0.23017233325396255,-0.07270192819671152,-0.1241970463132704,-0.04968962802079006,-0.17825070619935124,-0.3329900743772551,-0.31287177990450643,-0.3821373388515414,-0.3053450717578264,-0.4309721869425037,-0.12410694447851897,-0.19764954007254446,-0.12436155966222548,-0.32241270861677296,-0.23824467345294398,0.043409933626242535,0.10318169174156842,-0.11258816803614026,-0.19851884004548895,-0.195085101860787,-0.2506424289510179,0.0916494203600555,-0.17892676518852116,-0.04967569407360921,-0.09598140118545757,-0.31250197052362133,-0.09700269247944364,-0.12417630528024674,-0.13017078476400476,-0.06715424812206283,-0.030712502221306982
0.48283936442105,1.0,-0.17231197739892704,0.17857095952703617,-0.165348639160266,-0.23716726400386476,-0.17372702917680274,0.16011565553533294,0.036175465464481894,-0.08493889363452345,0.17209315324762103,0.3968960851892576,0.11119086902637355,0.2451820675419767,0.04945140787213986,0.23468024936406015,0.2518397055558303,0.14179351971547752,0.2816182299521064,0.3007999055840263,-0.1591927621350532,-0.34997463201652423,-0.2917198137722748,-0.20916322455932831,-0.2920175180195824,-0.300970685203004,-0.2570483761683468,-0.3198264543567299,0.308819022825273,0.22907493673150348,-0.11160251658784213,-0.2254998711789564,0.20943524585991455,0.12913217593765577,-0.29568255555370315,-0.19429680293883328,0.02138682810107333,-0.17222200109574184,-0.15878454878964324,-0.2624048605201435,-0.09637502740740175,-0.2134734829376053,-0.029860342326155767,0.061021429944051166,0.034999792360773156,0.07638225156298674,-0.26577265053816995,-0.1356341035594054,0.0357324556432752,0.24904948344198843,-0.009404215945188798,0.28038610412855636,0.07193815259467587,0.18867410970414916,-0.056671352629482356,-0.23154883419931335,0.41499511385329757,0.505797141177618,-0.13031722166848927,0.049061664442165455,0.012569781147973606,0.12135397246579602,0.2580555442781867,0.2942643821493012,-0.20502858017687356,-0.20480646300905764,-0.06691653725706226,-0.21489646738313925,0.012010702860050555,0.15801514303001188,-0.08439475417313824,0.007011113284934972,0.22221478358166544,-0.03981129292733757,-0.0321170573990833,-0.20048161936651984,-0.13195743771917223,-0.25543765800467044,0.0973849324217881,-0.06333854098443994,0.24802969238820466,0.1357844368915444,0.06352364107647665,0.26252993539887665,-0.07913744001723853,0.03634876235303477,-0.20055153964395092,-0.029990336643091947,-0.26783695312874584,-0.3156151577603489,-0.07368969601942879,-0.24667149829019952,-0.12207772371245781,-0.2603301299410082,-0.3786207344791061,-0.11047264958237972,-0.2938403836807065,-0.24873276820633933,-0.17166369531362527,-0.2615351051425312,0.25170328248780655,0.04085727767258926,0.20085132820111423,-0.02474301339695753,-0.0345378726256381,-0.1268897808376415,-0.029325711035592963,-0.1254013089729502,-0.220187019799843,-0.14939150850443425,-0.3274086535928641,-0.014757112468369084,-0.04303156329714583,0.14015742153614488,-0.11415737279444564,-0.13841049389434115
0.06784923160183168,-0.17231197739892704,1.0,0.328118010913372,0.03799096030811375,0.12965950076661203,0.6769794144874887,0.237293066349329,-0.0183783950311522,0.0015431166634045134,0.06291509309949392,-0.13961925905042902,0.10926640126525296,-0.15033231333325806,0.043508468243550404,-0.3144041015321253,-0.3846178443678654,-0.3734095310341489,0.1208779894561522,-0.025759154854322425,-0.03944925461869244,-0.0015423389464588174,0.37504224413598575,0.37117113546852365,0.40102233669400555,0.19680805462794654,0.0487136079436217,0.19352570632766206,-0.33263020257732673,-0.2913932151451426,0.06425293941336599,0.04132416578436876,-0.09788451804332925,-0.0694512297500743,0.030813304662096662,0.09412267428433253,-0.3201666041787091,-0.06027675612341571,-0.00566172554824389,-0.044430423465659646,-0.11694521675938417,-0.029688111762367634,-0.25912315383312196,-0.25295617131140236,-0.033054567328759187,-0.0961638015785053,-0.2059812165794126,-0.1988352772144155,0.14823644265019884,-0.16736310544457178,0.1847788067768732,-0.05278833856347505,0.06940595254555637,-0.09861812715404879,-0.10760250751224452,-0.037590878317855375,-0.24017556442678145,-0.18977291522333584,0.3642770436348687,0.27152615648686423,0.04915609982189202,0.05627994395478135,-0.13228843491463887,-0.2711757370409648,0.18256229981707953,0.21800980967761735,0.17775753209882378,0.2877975512740187,0.09458535150589537,0.008406036101200907,0.05869072034949472,-0.11075306553719762,-0.4429041375013624,-0.012101838273095477,-0.16690595479183984,0.20690574043064344,-0.010307963738986877,-0.0010813728711732836,-0.3370064852966067,-0.2452733742430566,-0.337147126356487,-0.4384681118098627,-0.132062178627262,-0.28123633360763567,-0.14546846383370535,-0.23063058535385134,0.11601482394934554,-0.20717898946930688,0.1248644347624256,-0.03978612856679496,0.05394718112163996,0.0043465372741629225,-0.18437529165110547,0.09163422255201646,-0.08066304706547717,-0.04819861591719814,-0.0790418198772904,0.20051674697119204,-0.2415087027052569,-0.13857082441668933,-0.23478898554408134,-0.10679113107834991,-0.2630686147476898,-0.09265724019827533,-0.06702168812864796,0.037302483480239394,0.11918708596090681,0.11995616906945869,0.10163886685893928,0.037138263246963725,0.03206786744867266,-0.16269002313388498,-0.08547605275466633,-0.21085253640696902,-0.16982290337325368,0.12568893045455007
-0.001434006408853196,0.17857095952703617,0.328118010913372,1.0,-0.0026922156633228454,0.12878923955617377,0.30914952898631287,0.48176884447560586,0.05713246086080948,0.26175173941401364,-0.03209783681464684,0.204469086104094,-0.02951507928392413,0.18570989604875007,-0.02429344211676333,0.1174449232252264,-0.29405771321211727,-0.3717428475125353,-0.05967373460272377,0.3136547259533164,0.19395892062811118,0.07043168055655742,0.2035129635566584,0.467921958285424,0.22045348744930765,0.2331140050531318,0.12702008827534217,0.04357594270893539,-0.22702983513292593,-0.17265031346818835,0.0024650545258101974,0.27878162352021213,-0.18418381582904136,0.09580528860060013,-0.13165835893208536,0.2331725046253543,-0.24445925932888277,-0.13703202776590376,-0.13699230948451321,-0.09793145492504599,-0.18775180555976642,-0.052264152685743616,-0.4408739421566355,-0.3731061672632893,-0.16386931621735923,-0.04327735284170616,-0.39603901863270985,-0.36790279165385914,-0.001053829460564396,-0.13382881698980736,-0.1527309938434696,-0.12226312498321172,-0.18591536101419623,-0.2059508214058737,-0.238161464466018,-0.4335313018908483,-0.26259738427823065,-0.2065128794983187,0.032105372132261674,-0.018300358408885654,-0.022951305129173268,0.17402755798243302,-0.15412237285686264,-0.016653801264453216,0.22261861676064035,0.4042045019385328,-0.06102709424100277,0.13836145825679955,0.029851374293082353,0.10026257269796619,0.17415680421720114,0.062647242291188,-0.3335927264578334,-0.00217910694872733,-0.21903563094944267,0.07148004118909639,-0.05534892810917112,0.13269705986537803,-0.3178503006411246,-0.3472838098201858,-0.34298449089951133,-0.4018776821848002,0.07018164506144008,0.13458564904121811,-0.09684640750767519,-0.048482279179265265,-0.021212316649427104,0.14669488231757025,0.19534715932174399,0.02315473587720924,0.16644984202795352,-0.16033603709125274,0.15082477475873174,0.05140733689273559,-0.08836713500357843,-0.3319236461221991,-0.3691616819748262,-0.09412114726156312,-0.3711172492822496,-0.3342885384668449,-0.041841187511868605,-0.10461930984754844,-0.11752217634722133,-0.1525660794162827,0.06028993462218763,0.011462714191839894,0.14322708223950883,0.20181120333293998,0.036836378429907043,-0.23799624489374335,-0.02492329851651945,-0.10296674050205284,-0.20541449381578902,0.060234450042259,-0.22290600633326663,0.05040905958624705
0.06422405026852733,-0.165348639160266,0.03799096030811375,-0.0026922156633228454,1.0,0.3304520964403839,0.14356983168837992,-0.038153417746252874,0.508930725247422,0.24915769894269657,0.21415761326222074,-0.00512369527375393,0.011605167239937824,0.14986156166158324,0.507948936767539,-0.04450596286198975,-0.22812525963501099,-0.3159954554994559,-0.16481319206732245,-0.10043803063061517,0.47428127085712574,0.17446036598984938,0.3248420185896789,0.23630301584620625,0.29287009284311116,0.1219868503971501,0.4859824323454842,0.31253476562169724,-0.3137764838953885,-0.4403421836726016,-0.31305676639764196,-0.37103844908111555,-0.21095097919142988,-0.44068180224061254,0.30489448823643367,0.07023725568575898,-0.02286840215462507,-0.013327332931575618,0.16376824800986461,0.1285429152360538,-0.05888319476371673,-0.2514882585129439,-0.30398893482719297,-0.2677122203409547,-0.10335468065253797,-0.07074534484506405,-0.19654224329610923,-0.18145771184623977,-0.06453613762078343,-0.1313051765269189,-0.12264644567757452,-0.2383078872470558,-0.019535650532331958,-0.12461747224866224,0.1927708106365429,0.13576592211280292,-0.07842116151070601,0.034075123409701195,0.2669251324061744,-0.004924418165245182,0.3258925049036493,0.13966273804061585,-0.015714759561476933,-0.200382584856944,0.4098790613273551,0.27033423618475794,0.023099862968299197,0.21961862823307507,-0.0019019017286429827,0.2007750137161426,-0.015412246500304995,-0.13800281356294763,-0.36028337485859807,-0.3035203797496613,-0.2622478453111,-0.2244442036054596,-0.28575281492294174,-0.17805996130791618,-0.49465662557094087,-0.12768484904244695,-0.35272270764155295,-0.32759913897517634,0.2485172647741473,-0.13598897596783535,0.3018936007023742,-0.1453147869352415,-0.04436253581475412,0.3321513778199629,0.5791728521779277,0.47098239542660963,0.1098944303110231,0.16258168722503924,0.10199102636216523,0.18151780278674817,0.008437777001053592,-0.07641699658781798,0.144182356602072,-0.032372476619014864,-0.0295477931868433,0.03133601029827958,0.0960359916606954,-0.05451010094446659,-0.1761967145111293,-0.13559175366024298,-0.07209689177038106,-0.012096242450246776,0.23874197943456585,0.1260734911362961,0.19760619693472833,-0.09362081610739892,0.058000320266723575,-0.026268782293366145,-0.23739359422674308,-0.06253315691977582,0.16960003196852888,0.04915273454681591
0.03186724702357282,-0.23716726400386476,0.12965950076661203,0.12878923955617377,0.3304520964403839,1.0,0.00025127704961730267,0.00035998054775600834,-0.18936504196834925,0.3099712878886931,-0.016632988176883547,-0.1468909673262324,-0.16522294135203658,-0.006645785610485198,0.08568006916435669,-0.0905829115593807,-0.18914775258179617,-0.2906888409358841,-0.28810769218094917,-0.29167863029799307,0.22797146781826977,0.36838832842256275,0.008216512013137651,0.1859671754268194,0.23562715799171802,0.2360505417302743,0.5717181143987617,0.4472799901141177,-0.30414678210377977,-0.372753888708181,-0.2395278598848621,-0.17452371752140414,-0.16651406660363527,-0.30211746926019717,0.029035293426952862,0.02565854041725246,-0.054863342059774486,-0.1538341221391661,0.13232734404239935,-0.0699604153891953,-0.06483682777684222,-0.1142276211827773,0.07379437975175819,0.15768674325760643,0.2274662878475877,0.22453624902572758,0.2203001599669904,0.16233814940011337,0.3165937355202875,0.24553422725206103,0.06457270909223779,0.10462305679615165,-0.08422885450691184,-0.05076887696239909,-0.038195343095539666,0.04671681461281211,-0.1209035563888956,-0.05576100154616963,0.10205179608886718,0.23739014488671142,0.07994613593976997,0.025732090186393032,-0.03529504819725406,-0.13906934413391203,0.03136073299734725,0.2854445293642233,0.19701898300460818,0.3262890258781585,-0.026756239910380068,-0.07052570514327014,-0.1512043446579002,-0.10440034803698194,-0.469177394115597,-0.17979285081306584,-0.19726230930779717,-0.09921146642777356,-0.16862777320020444,-0.2497985418439169,-0.24715811540333174,-0.23213391808499748,-0.2284778577793112,-0.24897208248804764,-0.11750998627112329,-0.14363188049267894,0.1467002450005367,0.06157296791040417,0.14671841201939018,0.10649305744953673,0.15886034956939882,0.17187115443068884,-0.07740955538279463,-0.10798046081939293,-0.07808539987612283,-0.05814171420185412,-0.17160151318068437,0.08829199639842714,-0.009534198990140123,0.09603367364171853,-0.13738506541205014,-0.010242267158516075,0.031542222314517566,-0.1295375548249812,-0.15685832357771495,-0.04258863504016293,-0.01931912957995039,-0.11494601313775596,0.24726865824699845,0.0006040567826934896,0.2867613885996873,0.056103442106337345,0.24466895778624576,0.09687117773512982,-0.057985123917449505,-0.018334251560669004,-0.032446078822099905,0.13224825491855682
-0.032769955136132366,-0.17372702917680274,0.6769794144874887,0.30914952898631287,0.14356983168837992,0.00025127704961730267,1.0,0.5041402340573645,0.21695395766929707,0.22906339202192277,0.08878056090682138,0.06393113563029312,0.22962174748438768,0.0032742646352712113,0.04935244834103226,-0.22472630106447172,-0.34759205214731265,-0.3659924722951592,0.10162814346052004,-0.022523643338040588,0.10713926545202314,-0.019092646030915504,0.35600077071829983,0.10730407884933858,0.2942871185714752,0.08600633148329488,0.02214083871430431,0.10232392551938416,-0.37329011447327465,-0.28167682088668955,0.10013963588149004,-0.00664996069892479,-0.13833679799899837,-0.08083891658092358,0.052617749416924486,0.2822502159377141,-0.2795700646301391,0.0696833208484152,0.03702784016727367,0.1420818598607625,-0.20252522108119608,0.06576527121549573,-0.3179218557999535,-0.3356403802385306,-0.16452590496389174,-0.21755415374383383,-0.26045671829435124,-0.30770296237290556,0.07133770943267488,-0.26390487499010923,0.1055807089998169,-0.135705432664308,-0.002131117206512384,-0.10658378446708645,-0.09501459810039944,-0.01521718745984281,-0.261200706979056,-0.2963997292836257,0.2585541719447852,-0.06397906248264619,0.22556080308395607,0.21084465884508666,-0.23219611566190404,-0.15900313658051574,0.36018997212618437,0.30047935866837217,-0.08901713131033198,0.12111169783477083,-0.004033914638736846,-0.12070669010549907,0.1088739867340174,0.09077282488826624,-0.3398633590934294,-0.015454378086490233,-0.07369399953909793,0.22097224461777432,0.06246730220507743,0.14389776713021832,-0.3900461899016095,-0.20152621263306417,-0.4233904821397121,-0.4617113252881449,-0.09689638609862584,-0.15082366354618784,-0.11783976577192116,-0.21248323146244652,-0.0117208815785953,-0.03726719795124357,0.24913623914529756,0.12622660059386975,0.014008532070868383,0.06436614829444093,0.08141253142761583,0.21205143928673312,0.08585651878501341,-0.04324021340839478,-0.031326314080511584,0.08996311351103173,-0.12509470285062335,-0.15293271456698668,-0.18690338414624805,0.03345366803258039,-0.20676774303619808,-0.15357603500212832,-0.07345540072299733,-0.07583475638643897,0.06287443743464809,-0.01205815894015581,0.05958299588033962,-0.0038769293423621043,-0.09954225144211587,-0.14982945094290817,-0.1623759699697427,-0.10161946352626415,-0.01260433400843889,-0.026433054324933414
-0.06422220110160527,0.16011565553533294,0.237293066349329,0.48176884447560586,-0.038153417746252874,0.00035998054775600834,0.5041402340573645,1.0,0.19778112849342963,0.5483723808783609,0.0013715854860307198,0.5516136853901316,0.09064868194601143,0.46113154947940416,-0.13552951245419143,0.09874071239820673,-0.295026894475391,-0.41376678234836506,-0.05222797981194628,0.26324374069286177,0.056406429632786165,-0.011027344531349622,-0.06493478785842881,0.1215625347785337,0.08937071136831298,-0.10489833618634185,-0.15293972519923762,-0.1387885733941788,-0.14350910494228092,-0.12947988727608822,-0.13778547525637205,-0.018240351573030295,-0.16696179345371573,0.10882125958032328,-0.08087489677634807,0.24852054002232882,-0.3702384829028931,-0.12834530998399646,-0.2158589819667087,0.07493723989647044,-0.09697896585627734,0.10711149118203468,-0.376446293234284,-0.31295502510537376,-0.15590484850263484,-0.10698595389731187,-0.29578236618576415,-0.270595084260808,0.09386567146383751,-0.11310746516253095,-0.08344069328220441,-0.05817683754870869,0.020045052131556176,-0.08384114118330896,-0.12056541036351738,-0.2322258556702075,-0.35516942591874534,-0.31237155550442747,0.18457095786994063,-0.08212264570174728,0.16587794844572265,0.5242652579342763,-0.13215164662054862,0.2463657310673235,0.1290742536774854,0.47472056704849613,-0.2243872356243959,-0.04020875527161838,-0.20303701545052258,-0.14967403261495282,0.07631644943075781,0.08797963123647297,-0.272382222026844,-0.08160064783799663,-0.08866893205182472,0.07897310287232988,0.021799133143706684,0.16409874622528905,-0.27232284743507373,-0.367674309665493,-0.2711152904856099,-0.3594380928090896,-0.07374946328955242,0.30622174999512924,-0.17255192036422765,-0.09721279105973069,0.050546542828364086,0.10692048823656246,0.09861943720559832,0.22386384345496174,0.2782021235160181,0.04703468243840866,0.31486213385516126,0.07263486253063892,-0.003744275683150069,-0.2695800059713918,-0.26289328092669095,-0.2787151867022277,-0.1846566286781659,-0.3455016447478615,-0.03144609910184942,0.04154269889849449,-0.0651362225758085,-0.051527842367033484,-0.10604647309000896,-0.17243624030613286,-0.14932095527620948,-0.16880591057656447,-0.2605619389645356,-0.30235735467452884,-0.17310814537148744,-0.1091418232291316,-0.12421965804425573,0.0003548539059573075,-0.12710356641234574,-0.28448575899378736
0.09475644846077956,0.036175465464481894,-0.0183783950311522,0.05713246086080948,0.508930725247422,-0.18936504196834925,0.21695395766929707,0.19778112849342963,1.0,0.4428613377863809,0.25131679367744636,0.23528685578850336,0.251830145590308,0.32082856157750395,0.433374280420584,0.24793508219794053,-0.030045137267622354,-0.02723305687070542,0.0501892851747312,0.18324915163681255,0.19917919814639098,-0.06790250795881324,0.11165201904756297,0.12909777911952477,-0.010841556516980164,-0.08865790953736735,-0.0418134665542298,-0.17548400145432397,0.038891012411451376,-0.09193127038608459,-0.12176500835169138,-0.10446012330774222,-0.20635305064191503,-0.243031456950576,-0.07604625381886666,-0.22288520113230306,-0.09288447515233832,-0.0054990079142800555,-0.06654518880180672,0.10087412479890552,0.02215385445303828,-0.10406085734505006,-0.36569573539870287,-0.3679047396810051,-0.34941449258423307,-0.3590170377933008,-0.37854311543109553,-0.4292583169837556,-0.24970856891202575,-0.2014163803675512,-0.3103937606242875,-0.261618320024091,0.06430906266430392,-0.09049352879937413,0.15999094288722868,-0.007640037166575729,-0.04391878218756849,0.059158444775325864,0.17407073872689502,-0.07045243738187477,0.31056949970479364,0.33591876121773934,0.06363934827459684,0.11330521260901985,0.1915090476974281,0.04008370642987843,-0.24228142629875385,-0.2820923273620954,-0.0863263456934909,0.0763525868207545,0.12565496388005115,-0.03650624279818495,-0.05174951798702975,-0.21250078492695584,-0.03140634083760762,-0.07654021805802487,-0.16474983540695493,-0.12548960073584262,-0.30182363236859966,-0.07533654558370867,-0.041353424173264486,-0.14015646751038896,0.5176545888512376,0.22908551984063996,0.16516354050023957,-0.17807479343110733,-0.0020080619954596923,0.34928299539067964,0.40312853560741707,0.3772029182412942,0.21756459633758676,0.23100663962436963,0.16327494819219773,0.1688082429737912,0.10447310062444963,-0.12652578000441117,-0.07662773065130257,-0.08325038985295707,-0.010540088228483296,0.07895412128928718,0.13976387341929836,0.1328509709183021,-0.14389108980059834,-0.08594172547308773,-0.11352249010840629,0.06540685236069435,-0.007400430431708058,0.025426097586723005,-0.0686967274218238,-0.04830078445894005,-0.25828679304317315,-0.047383797861732475,-0.07529231333916502,0.11189544723691049,0.16855755955233165,-0.08445771289436042
-0.11169658717584587,-0.08493889363452345,0.0015431166634045134,0.26175173941401364,0.24915769894269657,0.3099712878886931,0.22906339202192277,0.5483723808783609,0.4428613377863809,1.0,-0.009360822736613478,0.319639309323171,0.046710415795858946,0.35038555570551905,0.021408582966983287,0.1690961756293823,-0.21279868667753066,-0.19736032037342352,-0.19706242105615793,0.019575838801985535,0.0943921322140958,-0.007769684378680252,-0.14341125105261737,0.07978489904059517,-0.030312434371872823,-0.08795516644038724,-0.028010111329157858,-0.18087733208252973,-0.11331619289991786,-0.14679071545911473,-0.20459543510961686,0.0629160361139062,-0.2631257967944257,-0.17474879865747503,-0.13491036724484168,0.0984040344097545,-0.17516663614626288,-0.14249904330441548,-0.14217856594469222,0.061080601876478756,-0.023462968094554688,0.05451455936576956,-0.19910525320581055,-0.18872146425321318,-0.10541546898062737,-0.07186831498558723,-0.10336611678744245,-0.19209930601272185,0.0005173192344922205,0.05120941297153945,-0.22756684541586047,-0.13667603407959095,-0.03133308863431371,-0.13075592636976166,0.02168027045941527,-0.10840872596097474,-0.31487153830156145,-0.18100806612409842,0.14946374670148044,0.02786349425332769,0.2908908826449773,0.522845080179328,-0.05355133547472119,0.2906828494117649,0.11401643337502929,0.3875242765907789,-0.22160069040321373,-0.13025176753589135,-0.20782525668080912,-0.14595313691302192,-0.0071028303355179035,-0.1603164511958006,-0.2883505558417063,-0.17222921673847733,-0.050016168954364705,-0.0527071283714412,-0.011865933457782628,0.05502670818395972,-0.285538035922047,-0.23069861949167123,-0.1172117893733613,-0.19163434374863955,0.2204103608268587,0.34307515713093045,0.12349358151216884,0.029986620306854644,0.14494273961298537,0.43819558860682084,0.32864944354945663,0.40974344908014787,0.17475480671168442,0.0786142906754471,0.30841144749706007,0.06292313651429965,0.017468774926646807,-0.18263275702628673,-0.14389455901549997,-0.21747201762014978,-0.0713371287437405,-0.05134428510499001,0.0632520545166911,0.043334646616367406,-0.14647595559041268,-0.10065234106261457,-0.16561689316582287,-0.24501428134572653,-0.13797914068668704,-0.09241270466962863,-0.01686019629605553,-0.17867822853937973,-0.13863359038205764,0.024951790056774847,-0.033113992101772245,0.14358834781739827,-0.15856652424060205,-0.1404430553461264
0.5792426502792396,0.17209315324762103,0.06291509309949392,-0.03209783681464684,0.21415761326222074,-0.016632988176883547,0.08878056090682138,0.0013715854860307198,0.25131679367744636,-0.009360822736613478,1.0,0.3210590468994465,0.7817368793201301,0.49090439999375124,0.6980230500382826,0.14580812746154903,0.010355205213227166,0.012143958770275833,0.2822727984688958,-0.046441261585027614,-0.2538475587803201,-0.26107914946299393,0.48890058854904356,0.16566757533971746,0.06553214141836665,-0.021652469826338908,-0.034186998643090605,-0.020870990964021622,0.32230226614463675,0.01197818704259166,0.08116495338342605,-0.10777908690541743,-0.12298143421429462,-0.320696379747116,-0.07247836408347176,-0.18630859583358045,-0.1381136366473782,-0.03150788783727248,-0.007018312313802018,-0.18019618003971358,-0.13325529738822814,-0.3868358506902327,-0.3557367267217289,-0.22594297746335315,-0.3069146323704939,-0.29563059005879644,-0.4131198005977076,-0.2931678583646691,-0.06064067508302518,-0.021601626916779918,-0.13569613762824198,-0.1173532901495507,0.010307515868303028,-0.052797651421639454,0.09831794015925854,-0.21720261336717733,0.08088312078483353,0.16783699895189635,0.2952852281341358,0.0020622994750251447,0.4645813224988254,0.4020025828681144,-0.060583901771512634,-0.0035007504212940382,0.3301767488422787,0.17945362353212685,-0.22019812536581246,-0.29029835590767267,0.03586497403234488,0.05620760553750475,-0.11342697181906254,-0.06385156532916293,-0.0008391460283384045,-0.09414918458858058,-0.10090351031178309,-0.1473789374257687,0.08345592041799826,-0.1431826516561891,-0.22071342932352592,-0.024963725056659822,-0.20273602668576354,-0.3893738353753789,0.22608279571670853,-0.11911524938832664,0.19830864272291604,-0.4306130037927674,-0.05504070579173432,-0.009669007143422764,0.18984279404352272,-0.022443001817854278,-0.1476639133296404,0.04553864474925142,-0.07288128333366876,0.0861703341755315,-0.24836277311267085,-0.07771632950957376,-0.04204684330354725,0.027520429798566406,-0.1895472540869128,-0.09557943101631516,-0.021184892971416496,0.09186231919309508,-0.06772889394744036,-0.11960114297922755,-0.24557896426035494,-0.06834183730933052,0.0746339835210789,-0.003962609295272553,-0.10402307581508091,-0.12945420611012357,-0.28662882139025064,-0.0430620911895144,0.11859455365530888,-0.009975381697130104,0.10406852842551896,-0.0070834208596255435
0.26735027686361423,0.3968960851892576,-0.13961925905042902,0.204469086104094,-0.00512369527375393,-0.1468909673262324,0.06393113563029312,0.5516136853901316,0.23528685578850336,0.319639309323171,0.3210590468994465,1.0,0.2702378800686393,0.7718685777216461,0.08124918084551291,0.4150289040556595,0.045401348944668296,0.029609460608463256,0.11115509469848092,0.18067363678329498,-0.02530385526289138,-0.19497355562672347,-0.07127854048338876,-0.0443561176908758,-0.07465323023954233,-0.15912319958211363,-0.1427195255836474,-0.1749069711379007,0.23972799057108032,0.1375723496704505,-0.058709927658682944,-0.12205068790650467,-0.1099929539041173,0.0029477478607704876,-0.21278162606319487,-0.02190194992595118,-0.2534552915109727,-0.07706064343123073,-0.20007951990025344,-0.09830260521659333,0.04305854757983298,-0.12133361380162828,-0.2883390773731322,-0.19289417252713112,-0.3614257446157739,-0.23605821842806293,-0.34138154577524177,-0.24545385375181264,-0.1073308239548758,-0.079194277176478,-0.18635320226820068,-0.11874387716525389,0.07463859579284042,-0.12418073619039453,-0.05407294294845114,-0.21113759849989183,-0.09530398332874457,-0.029153310916349668,-0.03173689904913621,-0.20791205226286003,0.28948551671057743,0.5398692751520294,0.06448258829598613,0.47218091102768744,0.12060247608615725,0.2516964510737525,-0.3646318886106192,-0.3662670802483516,-0.13078734781106469,-0.1211013105079985,0.011152052559764277,0.042228554457000134,0.1649192927064817,-0.029400837990344656,0.0563760176081651,-0.09468777713886393,0.042369857221171876,0.015806908297576767,-0.05991045874767655,-0.04122397251256873,-0.007747258566084951,-0.13658873236593017,0.10877295032321223,0.38805497337473593,0.05471051943216407,-0.08221863369245051,-0.07238919348279038,0.1513397296907715,-0.0022779648436020697,0.1332414344669338,0.1276178036219486,-0.0033964098336216673,0.20298320574395035,-0.13901787775479377,-0.1498231985712709,-0.27326556669585855,-0.2859780544140877,-0.30169464034418103,-0.03686427274026325,-0.23174446276029093,0.05915673991343681,-0.006533192076978773,0.05157720126435637,-0.07714804389674831,-0.15501035155614043,-0.18563434011253577,-0.07891237491507745,-0.1862753553068517,-0.33203597037011207,-0.2696245301557149,-0.2238978734980568,0.04716975278096825,-0.0801018444769333,0.08062523187434209,-0.032621353875780607,-0.2094141230901041
0.4020011620506258,0.11119086902637355,0.10926640126525296,-0.02951507928392413,0.011605167239937824,-0.16522294135203658,0.22962174748438768,0.09064868194601143,0.251830145590308,0.046710415795858946,0.7817368793201301,0.2702378800686393,1.0,0.35936888735765604,0.5147820503089277,0.03799696722928632,0.03092250185768611,0.052880935099053374,0.19861521531940282,-0.03433219039075677,-0.40003637763036864,-0.2929465414120687,0.3580375545465812,0.005521735968188156,-0.11386037698871398,-0.24292846739074597,-0.3057181628358779,-0.3018804655054566,0.2976046642191402,0.03077154132843679,0.11953016597775026,-0.06587352852914374,-0.13822780115498826,-0.23915241822107433,-0.11478308740117613,-0.1749820625623752,-0.21687840975875536,-0.06308825794635901,0.04262483331535559,-0.0582922613381499,-0.15626734215426702,-0.24134772921181516,-0.32162269844445995,-0.2623613537870944,-0.2687140978518768,-0.315108782012665,-0.3506435245226186,-0.3007397504567181,-0.040223979508982384,-0.007728021092788834,-0.07711403841245625,-0.09624877416562856,0.1271076029078435,0.015163109472625455,0.27324339261766284,-0.10342479947440128,0.01526376055598298,0.07030619954216574,0.33578513031162344,0.052988541740049265,0.4939991336784997,0.40596335552847657,-0.06634703260433131,0.12095262543557982,0.23453972560002131,0.07796773522160037,-0.24217520688437966,-0.3807736865260589,-0.002021601600696743,-0.003804968356179985,-0.1089385949585394,0.004153728146788292,-0.009665087153362952,-0.06160313068540565,-0.04168601759120142,-0.03038919054105883,0.09611689749237451,-0.09161606554559776,-0.1708104367745313,-0.11655400779312809,-0.1836050349374971,-0.3250096799391463,0.1552932707176813,-0.1736043445527297,0.07663172787970139,-0.37939908808001593,0.025147149521554207,-0.0978540214993361,0.12558484470752157,-0.012101172000191219,-0.03403745024237004,0.09788516920130641,-0.06203022689253565,0.25277345282838376,-0.06550455861508102,-0.03957103452177456,-0.01949350031356746,0.013114575331880473,-0.03636779013112002,-0.022091111727369498,-0.0972117295319851,0.13323798323101657,-0.025848457257509318,-0.15615099287377218,-0.28857139770443274,-0.030712535586475912,-0.16693871706472416,0.008765849458785934,-0.13619858084364664,-0.12140611560192445,-0.38873054696270654,-0.05296649334582359,0.17873550380200534,0.054320582682621354,0.0734579903376155,-0.033404489302219766
0.26737399292676367,0.2451820675419767,-0.15033231333325806,0.18570989604875007,0.14986156166158324,-0.006645785610485198,0.0032742646352712113,0.46113154947940416,0.32082856157750395,0.35038555570551905,0.49090439999375124,0.7718685777216461,0.35936888735765604,1.0,0.38416481386086165,0.5085496479668561,-0.06629522941744043,-0.052133133046096035,0.0165448207547822,0.11528016543589288,0.0746565851942617,-0.10068216439405475,0.04241770502413852,0.08371624035650535,-0.0820512984154639,-0.175983410222584,-0.0643337496053677,-0.1467198677976,0.279035814151353,0.09430808851487626,-0.11941817595195164,-0.09902216238853098,-0.14451588406044544,-0.10323198127671511,-0.13486669734550158,-0.054226604533127075,-0.14581628061451712,-0.1706860838625736,-0.20426086264518942,-0.1459321036777245,-0.022283055458754822,-0.14444240216726054,-0.38133926380774524,-0.21880428735552498,-0.3700037428203899,-0.24874536511332662,-0.34519273757119145,-0.3109311017009128,-0.06530297170096994,-0.042050584359139595,-0.23254343004057823,-0.20087904627421102,0.05025102418841392,-0.19952783897261842,0.04070394582602331,-0.17064502124065828,-0.12136429119448641,0.04063728397515767,0.0888373041056046,-0.20900069678494587,0.37024558304773203,0.5947381991149495,0.005676201786054547,0.3569368459157439,0.19968288811523716,0.3317193944222042,-0.3315394024341321,-0.39966780460883794,-0.05166001689431679,-0.03911182669471723,-0.00537828621427361,0.04876443002077727,0.11301413946731233,-0.08592650358478945,0.019343521811819964,-0.1621522333364017,0.05810950466903277,-0.03343796428884577,-0.14136187839561135,-0.05295562698709219,-0.12320117722665072,-0.2512433053289926,0.24804776428255726,0.3815043189921626,0.06881154578181672,-0.20729334458956386,-0.042602216034330495,0.1919273775537733,0.16884609356631386,0.24931706948716525,0.0314472755469828,-0.03263269872412114,0.12186745267814897,-0.06940964355772147,-0.21191688184100047,-0.23234915418055008,-0.24647959084789176,-0.1422335603600322,-0.07431173986604606,-0.16832133592488016,-0.05563873468613445,-0.010029160917464182,-0.014422823361714368,0.008015695615857774,-0.11909580231923518,-0.055189364007326554,-0.026133065925111342,-0.014513112672953401,-0.2012042232698078,-0.3232090843229005,-0.2600064575485743,0.05916750774431749,0.03914163477924829,-0.017244789408777057,-0.013043611931221529,-0.10368635290527989
0.4754694345117157,0.04945140787213986,0.043508468243550404,-0.02429344211676333,0.507948936767539,0.08568006916435669,0.04935244834103226,-0.13552951245419143,0.433374280420584,0.021408582966983287,0.6980230500382826,0.08124918084551291,0.5147820503089277,0.38416481386086165,1.0,0.16106570478165896,-0.16495665450727745,-0.08357443145983266,0.2172938686463284,-0.012359052789519638,0.09600194661739091,0.04599459137259431,0.5574647237259954,0.2940397683687094,0.1649573973776072,0.09905149836689221,0.16346410200462996,0.1425213991715395,0.152116524411445,-0.1321617807672112,0.07133466947426627,-0.08873458663870333,-0.1754900764713973,-0.31168303469677155,0.08314783289454883,-0.19990850975432534,-0.06890969969649269,-0.08112751459646501,0.09264565065118228,-0.031066947564184374,0.021688625040179394,-0.4357397451688381,-0.23060714539935812,-0.08050524342562392,-0.328361471786647,-0.29611815825308124,-0.2673136867094223,-0.23931207060552817,-0.12593597568130832,-0.12550054520755896,-0.13028834372014209,-0.21054430569647606,-0.047559203888302724,-0.09545072000758019,0.13918580787869156,-0.049391258431052104,0.060804396647826164,0.25225423833167154,0.14517376993071957,-0.1324806682492596,0.3469790801875377,0.10009924923330682,-0.17445202501909385,-0.23910188342504093,0.44433343964707384,0.1205159257067297,-0.24132963886833494,-0.25664934218390417,0.108923286720273,0.18901703461450262,-0.0736277971176049,-0.01141105385341333,-0.06728858864699971,-0.2119519169752037,-0.1939026375343406,-0.20209175265801646,-0.15766305513732987,-0.22508082237984944,-0.22975208354288323,0.027141506138818938,-0.2448525483294581,-0.34853899686407025,0.47626772779075705,-0.027906786259353358,0.3082643108162728,-0.3900795140417972,-0.04161222792864276,0.15037628871264005,0.43237455016227894,0.16860629584209585,-0.16342582792006624,-0.04813878323545966,-0.09867685842247148,-0.020981442952920787,-0.11914919388457693,-0.17111963673983588,0.03863717379868531,-0.05448578594373235,-0.2514180015188066,-0.16464848411649535,-0.05724951737907774,-0.0043680534726811965,-0.11683136825401963,-0.13187417443497815,-0.10631207938809775,0.017435621540050617,0.11449898209268022,0.018658814453928703,-0.031465152485550846,-0.14424669041818378,-0.1740398644452597,-0.1377453692192243,-0.012023491206445214,-0.08620701819976137,0.20761817461374552,0.033419182524577574
0.04404022706180431,0.23468024936406015,-0.3144041015321253,0.1174449232252264,-0.04450596286198975,-0.0905829115593807,-0.22472630106447172,0.09874071239820673,0.24793508219794053,0.1690961756293823,0.14580812746154903,0.4150289040556595,0.03799696722928632,0.5085496479668561,0.16106570478165896,1.0,0.0731680020126505,0.21164162773376397,-0.09327375379945814,0.11287791401163305,0.11958790082360496,-0.00232934050135477,-0.17266939907928006,-0.03114691447381539,-0.2368516616095816,-0.0408074298866901,0.00996703496786101,-0.06190006056819998,0.23882214924013617,0.4128109256274326,0.06619140541803441,0.23702103371248492,0.03926048730817198,0.1481814517946695,-0.30694293304397174,-0.3061833655115696,-0.00548973556781571,-0.10776917928766885,-0.11992021227013716,-0.22475051063014567,0.06972018478805778,-0.0005877579647965119,-0.04261073985514118,0.06719423186250136,-0.39896324048795706,-0.2594301743888464,-0.08592105649218852,-0.1271595174599463,-0.2401925115104596,-0.14565953338594426,-0.3108495419531749,-0.1607910364939284,-0.07993510282996873,-0.04477222590649465,-0.1022887247325917,-0.20949839055256114,0.03915033039389456,0.04160786787536239,-0.23181377531537298,-0.234819144008129,0.14053656263254452,0.15802375328547494,0.2072247527369217,0.3594995024780859,-0.12594947650994243,-0.01793528168722646,-0.14035288018931422,-0.38405189700603226,-0.18061567479220253,-0.2166952771819409,0.03835781216513706,0.01221623038027108,0.27618467350506143,0.16038499503707437,0.15671514861329428,-0.02200499285159248,-0.01906481864415922,0.004973469033551756,0.01428985704460162,0.14463200820863453,0.22354479140627584,0.14889958161528788,0.22084771584328117,0.595269421137939,0.06635355085904941,0.10425558895021157,0.04554861484334348,0.2224540044957867,0.04722336429607361,0.028342859099355754,-0.02262367370111359,-0.12730625979801063,0.0318717340089138,-0.3309621081436198,-0.04726589456497016,-0.05917567851496182,-0.22588165684459566,-0.08428364140031176,-0.014734376488679084,-0.06589641089693093,0.13343909716242675,0.09866384004018874,0.04432967801360783,0.05227053918941576,0.03805367085348918,0.02494367850356535,0.006526949248056691,-0.03623994357190838,-0.1546474119273034,-0.14288798474413045,-0.09526228229347626,0.08039493751764511,0.07191657503908995,0.1510323241448802,0.017707360680100964,0.0489069166676033
